algorithm,graph,timeout,interrupted,seed,k,epsilon,imbalance,totalPartitionTime,objective,km1,cut,failed
rKaHyPar,192bit.mtx.hgr,no,no,0,128,0.03,0.0186916,8.71461,cut,98582,13676,no
rKaHyPar,192bit.mtx.hgr,no,no,1,128,0.03,0.00934579,8.61838,cut,99568,13673,no
rKaHyPar,192bit.mtx.hgr,no,no,2,128,0.03,0.0280374,8.68242,cut,96410,13674,no
rKaHyPar,192bit.mtx.hgr,no,no,3,128,0.03,0.0186916,8.54698,cut,95691,13672,no
rKaHyPar,192bit.mtx.hgr,no,no,5,128,0.03,0.00934579,8.73434,cut,98983,13673,no
rKaHyPar,192bit.mtx.hgr,no,no,6,128,0.03,0.0186916,11.3238,cut,103211,13674,no
rKaHyPar,192bit.mtx.hgr,no,no,7,128,0.03,0.0186916,8.67359,cut,99180,13675,no
rKaHyPar,192bit.mtx.hgr,no,no,8,128,0.03,0.0186916,9.07806,cut,101391,13674,no
rKaHyPar,192bit.mtx.hgr,no,no,9,128,0.03,0.0280374,8.88969,cut,104703,13671,no
rKaHyPar,192bit.mtx.hgr,no,no,0,16,0.03,0.0280374,10.1283,cut,55054,13476,no
rKaHyPar,192bit.mtx.hgr,no,no,1,16,0.03,0.0292056,6.90804,cut,55418,13481,no
rKaHyPar,192bit.mtx.hgr,no,no,2,16,0.03,0.0292056,7.05347,cut,55836,13471,no
rKaHyPar,192bit.mtx.hgr,no,no,3,16,0.03,0.0280374,9.71148,cut,55820,13490,no
rKaHyPar,192bit.mtx.hgr,no,no,4,16,0.03,0.0245327,9.96901,cut,55792,13482,no
rKaHyPar,192bit.mtx.hgr,no,no,5,16,0.03,0.0268692,10.0025,cut,55701,13473,no
rKaHyPar,192bit.mtx.hgr,no,no,6,16,0.03,0.0257009,9.45476,cut,56177,13472,no
rKaHyPar,192bit.mtx.hgr,no,no,7,16,0.03,0.0268692,9.99975,cut,56039,13484,no
rKaHyPar,192bit.mtx.hgr,no,no,8,16,0.03,0.0292056,7.00949,cut,55471,13478,no
rKaHyPar,192bit.mtx.hgr,no,no,9,16,0.03,0.0292056,6.99885,cut,55986,13484,no
rKaHyPar,192bit.mtx.hgr,no,no,0,2,0.03,0.0299664,20.7389,cut,9020,9020,no
rKaHyPar,192bit.mtx.hgr,no,no,1,2,0.03,0.0299664,15.7062,cut,9134,9134,no
rKaHyPar,192bit.mtx.hgr,no,no,2,2,0.03,0.0299664,20.5976,cut,9030,9030,no
rKaHyPar,192bit.mtx.hgr,no,no,3,2,0.03,0.0299664,15.3962,cut,9083,9083,no
rKaHyPar,192bit.mtx.hgr,no,no,4,2,0.03,0.0299664,22.6112,cut,9081,9081,no
rKaHyPar,192bit.mtx.hgr,no,no,5,2,0.03,0.0299664,26.1987,cut,9004,9004,no
rKaHyPar,192bit.mtx.hgr,no,no,6,2,0.03,0.0299664,15.8927,cut,9024,9024,no
rKaHyPar,192bit.mtx.hgr,no,no,7,2,0.03,0.0299664,21.4932,cut,9112,9112,no
rKaHyPar,192bit.mtx.hgr,no,no,8,2,0.03,0.0299664,24.9935,cut,9081,9081,no
rKaHyPar,192bit.mtx.hgr,no,no,9,2,0.03,0.0299664,15.8518,cut,9110,9110,no
rKaHyPar,192bit.mtx.hgr,no,no,0,32,0.03,0.0257009,6.812,cut,70958,13615,no
rKaHyPar,192bit.mtx.hgr,no,no,1,32,0.03,0.021028,6.94436,cut,72866,13616,no
rKaHyPar,192bit.mtx.hgr,no,no,2,32,0.03,0.021028,7.09189,cut,71474,13608,no
rKaHyPar,192bit.mtx.hgr,no,no,3,32,0.03,0.021028,6.80275,cut,71366,13608,no
rKaHyPar,192bit.mtx.hgr,no,no,4,32,0.03,0.0257009,9.8136,cut,74215,13606,no
rKaHyPar,192bit.mtx.hgr,no,no,5,32,0.03,0.021028,10.0196,cut,71359,13614,no
rKaHyPar,192bit.mtx.hgr,no,no,6,32,0.03,0.0233645,6.85051,cut,71289,13614,no
rKaHyPar,192bit.mtx.hgr,no,no,7,32,0.03,0.021028,6.98611,cut,72090,13610,no
rKaHyPar,192bit.mtx.hgr,no,no,8,32,0.03,0.0233645,9.85498,cut,71881,13609,no
rKaHyPar,192bit.mtx.hgr,no,no,9,32,0.03,0.0186916,9.98702,cut,71995,13609,no
rKaHyPar,192bit.mtx.hgr,no,no,0,4,0.03,0.0298158,11.7652,cut,23175,12121,no
rKaHyPar,192bit.mtx.hgr,no,no,1,4,0.03,0.0298158,7.8429,cut,23291,12119,no
rKaHyPar,192bit.mtx.hgr,no,no,2,4,0.03,0.0298158,7.8815,cut,23157,12097,no
rKaHyPar,192bit.mtx.hgr,no,no,3,4,0.03,0.0298158,11.2543,cut,23354,12123,no
rKaHyPar,192bit.mtx.hgr,no,no,4,4,0.03,0.0298158,11.0323,cut,23118,12071,no
rKaHyPar,192bit.mtx.hgr,no,no,5,4,0.03,0.0298158,8.0845,cut,23097,12049,no
rKaHyPar,192bit.mtx.hgr,no,no,6,4,0.03,0.0298158,7.61399,cut,23082,12066,no
rKaHyPar,192bit.mtx.hgr,no,no,7,4,0.03,0.0298158,11.4076,cut,23110,12081,no
rKaHyPar,192bit.mtx.hgr,no,no,8,4,0.03,0.0295235,11.9604,cut,23255,12149,no
rKaHyPar,192bit.mtx.hgr,no,no,9,4,0.03,0.0295235,11.173,cut,22968,12091,no
rKaHyPar,192bit.mtx.hgr,no,no,0,64,0.03,0.0140187,7.38438,cut,86055,13656,no
rKaHyPar,192bit.mtx.hgr,no,no,1,64,0.03,0.0186916,7.12404,cut,84344,13660,no
rKaHyPar,192bit.mtx.hgr,no,no,2,64,0.03,0.0186916,10.4859,cut,84430,13660,no
rKaHyPar,192bit.mtx.hgr,no,no,3,64,0.03,0.0186916,7.6561,cut,84610,13655,no
rKaHyPar,192bit.mtx.hgr,no,no,4,64,0.03,0.0186916,7.22099,cut,84528,13658,no
rKaHyPar,192bit.mtx.hgr,no,no,5,64,0.03,0.0186916,10.4294,cut,84334,13659,no
rKaHyPar,192bit.mtx.hgr,no,no,6,64,0.03,0.0186916,9.90457,cut,83793,13657,no
rKaHyPar,192bit.mtx.hgr,no,no,7,64,0.03,0.0280374,10.4346,cut,87146,13660,no
rKaHyPar,192bit.mtx.hgr,no,no,8,64,0.03,0.0186916,7.40358,cut,87307,13661,no
rKaHyPar,192bit.mtx.hgr,no,no,9,64,0.03,0.0140187,7.34671,cut,85216,13655,no
rKaHyPar,192bit.mtx.hgr,no,no,0,8,0.03,0.0292227,10.0089,cut,39511,13156,no
rKaHyPar,192bit.mtx.hgr,no,no,1,8,0.03,0.0292227,10.0057,cut,39374,13114,no
rKaHyPar,192bit.mtx.hgr,no,no,2,8,0.03,0.0274693,10.2187,cut,39660,13154,no
rKaHyPar,192bit.mtx.hgr,no,no,3,8,0.03,0.0298071,6.95636,cut,39358,13103,no
rKaHyPar,192bit.mtx.hgr,no,no,4,8,0.03,0.0298071,7.19473,cut,39744,13160,no
rKaHyPar,192bit.mtx.hgr,no,no,5,8,0.03,0.0292227,7.0422,cut,39149,13094,no
rKaHyPar,192bit.mtx.hgr,no,no,6,8,0.03,0.0292227,10.0546,cut,39482,13118,no
rKaHyPar,192bit.mtx.hgr,no,no,7,8,0.03,0.0298071,10.1471,cut,39911,13161,no
rKaHyPar,192bit.mtx.hgr,no,no,8,8,0.03,0.0292227,6.98412,cut,39810,13154,no
rKaHyPar,192bit.mtx.hgr,no,no,9,8,0.03,0.0298071,10.0217,cut,39788,13153,no
rKaHyPar,2cubes_sphere.mtx.hgr,no,no,0,128,0.03,0.0290038,55.341,cut,124492,52368,no
rKaHyPar,2cubes_sphere.mtx.hgr,no,no,1,128,0.03,0.0290038,40.3412,cut,128278,52549,no
rKaHyPar,2cubes_sphere.mtx.hgr,no,no,2,128,0.03,0.0290038,40.4269,cut,126819,52294,no
rKaHyPar,2cubes_sphere.mtx.hgr,no,no,3,128,0.03,0.0290038,39.8449,cut,124266,52405,no
rKaHyPar,2cubes_sphere.mtx.hgr,no,no,5,128,0.03,0.0290038,39.8468,cut,126585,52599,no
rKaHyPar,2cubes_sphere.mtx.hgr,no,no,6,128,0.03,0.0290038,55.5807,cut,124585,52187,no
rKaHyPar,2cubes_sphere.mtx.hgr,no,no,7,128,0.03,0.0290038,40.108,cut,123542,52285,no
rKaHyPar,2cubes_sphere.mtx.hgr,no,no,8,128,0.03,0.0290038,40.2378,cut,126818,52130,no
rKaHyPar,2cubes_sphere.mtx.hgr,no,no,9,128,0.03,0.0290038,55.5916,cut,128230,52428,no
rKaHyPar,2cubes_sphere.mtx.hgr,no,no,0,16,0.03,0.0296343,46.4275,cut,40873,24821,no
rKaHyPar,2cubes_sphere.mtx.hgr,no,no,1,16,0.03,0.0299496,36.2928,cut,41682,24786,no
rKaHyPar,2cubes_sphere.mtx.hgr,no,no,2,16,0.03,0.0294767,34.4817,cut,40424,25149,no
rKaHyPar,2cubes_sphere.mtx.hgr,no,no,3,16,0.03,0.0299496,30.6835,cut,41778,24936,no
rKaHyPar,2cubes_sphere.mtx.hgr,no,no,4,16,0.03,0.0285309,40.438,cut,41027,24763,no
rKaHyPar,2cubes_sphere.mtx.hgr,no,no,5,16,0.03,0.0291614,43.4588,cut,39875,24937,no
rKaHyPar,2cubes_sphere.mtx.hgr,no,no,6,16,0.03,0.0299496,33.4981,cut,38124,24767,no
rKaHyPar,2cubes_sphere.mtx.hgr,no,no,7,16,0.03,0.0299496,41.1832,cut,43727,24867,no
rKaHyPar,2cubes_sphere.mtx.hgr,no,no,8,16,0.03,0.0294767,36.3888,cut,39821,25115,no
rKaHyPar,2cubes_sphere.mtx.hgr,no,no,9,16,0.03,0.0283733,48.7876,cut,41828,24972,no
rKaHyPar,2cubes_sphere.mtx.hgr,no,no,0,2,0.03,0.0299728,107.941,cut,3862,3862,no
rKaHyPar,2cubes_sphere.mtx.hgr,no,no,1,2,0.03,0.029894,76.2293,cut,3868,3868,no
rKaHyPar,2cubes_sphere.mtx.hgr,no,no,2,2,0.03,0.0299137,96.7869,cut,3879,3879,no
rKaHyPar,2cubes_sphere.mtx.hgr,no,no,3,2,0.03,0.0299137,63.4238,cut,3874,3874,no
rKaHyPar,2cubes_sphere.mtx.hgr,no,no,4,2,0.03,0.0299728,65.5535,cut,3866,3866,no
rKaHyPar,2cubes_sphere.mtx.hgr,no,no,5,2,0.03,0.0299137,83.693,cut,3881,3881,no
rKaHyPar,2cubes_sphere.mtx.hgr,no,no,6,2,0.03,0.0298743,70.8647,cut,3868,3868,no
rKaHyPar,2cubes_sphere.mtx.hgr,no,no,7,2,0.03,0.0299925,77.8444,cut,3874,3874,no
rKaHyPar,2cubes_sphere.mtx.hgr,no,no,8,2,0.03,0.0293619,98.6122,cut,3880,3880,no
rKaHyPar,2cubes_sphere.mtx.hgr,no,no,9,2,0.03,0.0284949,120.442,cut,3889,3889,no
rKaHyPar,2cubes_sphere.mtx.hgr,no,no,0,32,0.03,0.0296343,34.7209,cut,62661,32806,no
rKaHyPar,2cubes_sphere.mtx.hgr,no,no,1,32,0.03,0.0299496,32.3765,cut,60033,32807,no
rKaHyPar,2cubes_sphere.mtx.hgr,no,no,2,32,0.03,0.0296343,46.7171,cut,62706,33192,no
rKaHyPar,2cubes_sphere.mtx.hgr,no,no,3,32,0.03,0.0299496,35.8437,cut,61197,33256,no
rKaHyPar,2cubes_sphere.mtx.hgr,no,no,4,32,0.03,0.0296343,44.8299,cut,61557,33439,no
rKaHyPar,2cubes_sphere.mtx.hgr,no,no,5,32,0.03,0.029319,31.7978,cut,60685,32985,no
rKaHyPar,2cubes_sphere.mtx.hgr,no,no,6,32,0.03,0.029319,34.9069,cut,62956,32968,no
rKaHyPar,2cubes_sphere.mtx.hgr,no,no,7,32,0.03,0.0299496,34.627,cut,63051,33009,no
rKaHyPar,2cubes_sphere.mtx.hgr,no,no,8,32,0.03,0.0299496,45.2966,cut,61710,33294,no
rKaHyPar,2cubes_sphere.mtx.hgr,no,no,9,32,0.03,0.0299496,50.1214,cut,62485,32824,no
rKaHyPar,2cubes_sphere.mtx.hgr,no,no,0,4,0.03,0.0298743,47.6652,cut,14074,10690,no
rKaHyPar,2cubes_sphere.mtx.hgr,no,no,1,4,0.03,0.0298743,35.53,cut,14068,10651,no
rKaHyPar,2cubes_sphere.mtx.hgr,no,no,2,4,0.03,0.0295984,49.8245,cut,14164,10802,no
rKaHyPar,2cubes_sphere.mtx.hgr,no,no,3,4,0.03,0.0299925,47.3356,cut,13947,10528,no
rKaHyPar,2cubes_sphere.mtx.hgr,no,no,4,4,0.03,0.0299137,47.648,cut,13962,10682,no
rKaHyPar,2cubes_sphere.mtx.hgr,no,no,5,4,0.03,0.0299531,34.3742,cut,14061,10648,no
rKaHyPar,2cubes_sphere.mtx.hgr,no,no,6,4,0.03,0.0294013,36.3749,cut,10955,10554,no
rKaHyPar,2cubes_sphere.mtx.hgr,no,no,7,4,0.03,0.0299137,43.6814,cut,13942,10582,no
rKaHyPar,2cubes_sphere.mtx.hgr,no,no,8,4,0.03,0.0296378,51.4471,cut,14117,10641,no
rKaHyPar,2cubes_sphere.mtx.hgr,no,no,9,4,0.03,0.0299925,49.1637,cut,14014,10550,no
rKaHyPar,2cubes_sphere.mtx.hgr,no,no,0,64,0.03,0.0296343,34.7999,cut,89003,41903,no
rKaHyPar,2cubes_sphere.mtx.hgr,no,no,1,64,0.03,0.0296343,48.6619,cut,91180,42232,no
rKaHyPar,2cubes_sphere.mtx.hgr,no,no,2,64,0.03,0.0296343,47.8946,cut,88554,42498,no
rKaHyPar,2cubes_sphere.mtx.hgr,no,no,3,64,0.03,0.0296343,34.7409,cut,88676,42025,no
rKaHyPar,2cubes_sphere.mtx.hgr,no,no,4,64,0.03,0.0296343,36.3993,cut,85295,42384,no
rKaHyPar,2cubes_sphere.mtx.hgr,no,no,5,64,0.03,0.0296343,49.1662,cut,91234,42311,no
rKaHyPar,2cubes_sphere.mtx.hgr,no,no,6,64,0.03,0.0296343,49.5311,cut,87965,42328,no
rKaHyPar,2cubes_sphere.mtx.hgr,no,no,7,64,0.03,0.0296343,50.277,cut,88593,42368,no
rKaHyPar,2cubes_sphere.mtx.hgr,no,no,8,64,0.03,0.0296343,36.3309,cut,88151,42088,no
rKaHyPar,2cubes_sphere.mtx.hgr,no,no,9,64,0.03,0.0296343,35.8273,cut,93215,42439,no
rKaHyPar,2cubes_sphere.mtx.hgr,no,no,0,8,0.03,0.0292425,52.889,cut,25633,17650,no
rKaHyPar,2cubes_sphere.mtx.hgr,no,no,1,8,0.03,0.0275873,57.4195,cut,24625,17557,no
rKaHyPar,2cubes_sphere.mtx.hgr,no,no,2,8,0.03,0.0299519,73.7646,cut,25384,17391,no
rKaHyPar,2cubes_sphere.mtx.hgr,no,no,3,8,0.03,0.0288484,61.0498,cut,25267,17700,no
rKaHyPar,2cubes_sphere.mtx.hgr,no,no,4,8,0.03,0.0298731,86.3764,cut,23714,17614,no
rKaHyPar,2cubes_sphere.mtx.hgr,no,no,5,8,0.03,0.0298731,66.9063,cut,27604,17617,no
rKaHyPar,2cubes_sphere.mtx.hgr,no,no,6,8,0.03,0.0295578,82.2592,cut,24236,17935,no
rKaHyPar,2cubes_sphere.mtx.hgr,no,no,7,8,0.03,0.0299519,61.2192,cut,25291,17651,no
rKaHyPar,2cubes_sphere.mtx.hgr,no,no,8,8,0.03,0.0299519,53.826,cut,25836,17518,no
rKaHyPar,2cubes_sphere.mtx.hgr,no,no,9,8,0.03,0.0288484,76.9398,cut,23097,17577,no
rKaHyPar,2D_54019_highK.mtx.hgr,no,no,0,128,0.03,0.0283688,15.519,cut,16735,14277,no
rKaHyPar,2D_54019_highK.mtx.hgr,no,no,1,128,0.03,0.0283688,11.0928,cut,17113,14405,no
rKaHyPar,2D_54019_highK.mtx.hgr,no,no,2,128,0.03,0.0283688,11.1337,cut,16955,14349,no
rKaHyPar,2D_54019_highK.mtx.hgr,no,no,3,128,0.03,0.0283688,10.9984,cut,17010,14510,no
rKaHyPar,2D_54019_highK.mtx.hgr,no,no,5,128,0.03,0.0283688,11.1392,cut,16936,14290,no
rKaHyPar,2D_54019_highK.mtx.hgr,no,no,6,128,0.03,0.0283688,15.52,cut,16901,14364,no
rKaHyPar,2D_54019_highK.mtx.hgr,no,no,7,128,0.03,0.0283688,11.2707,cut,16681,14274,no
rKaHyPar,2D_54019_highK.mtx.hgr,no,no,8,128,0.03,0.0283688,11.11,cut,16939,14343,no
rKaHyPar,2D_54019_highK.mtx.hgr,no,no,9,128,0.03,0.0283688,15.5227,cut,17214,14365,no
rKaHyPar,2D_54019_highK.mtx.hgr,no,no,0,16,0.03,0.0290198,7.73144,cut,4737,4580,no
rKaHyPar,2D_54019_highK.mtx.hgr,no,no,1,16,0.03,0.0290198,5.41588,cut,4606,4449,no
rKaHyPar,2D_54019_highK.mtx.hgr,no,no,2,16,0.03,0.0216168,5.40424,cut,4623,4439,no
rKaHyPar,2D_54019_highK.mtx.hgr,no,no,3,16,0.03,0.0260586,5.44235,cut,4576,4407,no
rKaHyPar,2D_54019_highK.mtx.hgr,no,no,4,16,0.03,0.0189517,7.62786,cut,4573,4425,no
rKaHyPar,2D_54019_highK.mtx.hgr,no,no,5,16,0.03,0.0290198,7.65092,cut,4580,4417,no
rKaHyPar,2D_54019_highK.mtx.hgr,no,no,6,16,0.03,0.0162866,7.60927,cut,4536,4379,no
rKaHyPar,2D_54019_highK.mtx.hgr,no,no,7,16,0.03,0.0290198,7.63505,cut,4611,4451,no
rKaHyPar,2D_54019_highK.mtx.hgr,no,no,8,16,0.03,0.0290198,5.3987,cut,4676,4507,no
rKaHyPar,2D_54019_highK.mtx.hgr,no,no,9,16,0.03,0.0251703,7.42806,cut,4549,4386,no
rKaHyPar,2D_54019_highK.mtx.hgr,no,no,0,2,0.03,0.0228064,3.19606,cut,460,460,no
rKaHyPar,2D_54019_highK.mtx.hgr,no,no,1,2,0.03,0.0228064,2.02981,cut,460,460,no
rKaHyPar,2D_54019_highK.mtx.hgr,no,no,2,2,0.03,0.0228064,3.08378,cut,460,460,no
rKaHyPar,2D_54019_highK.mtx.hgr,no,no,3,2,0.03,0.0228064,1.87856,cut,460,460,no
rKaHyPar,2D_54019_highK.mtx.hgr,no,no,4,2,0.03,0.0228064,2.91663,cut,460,460,no
rKaHyPar,2D_54019_highK.mtx.hgr,no,no,5,2,0.03,0.0228064,2.74303,cut,460,460,no
rKaHyPar,2D_54019_highK.mtx.hgr,no,no,6,2,0.03,0.0228064,1.84749,cut,460,460,no
rKaHyPar,2D_54019_highK.mtx.hgr,no,no,7,2,0.03,0.0228064,2.92981,cut,460,460,no
rKaHyPar,2D_54019_highK.mtx.hgr,no,no,8,2,0.03,0.0228064,2.45017,cut,460,460,no
rKaHyPar,2D_54019_highK.mtx.hgr,no,no,9,2,0.03,0.0228064,2.62837,cut,460,460,no
rKaHyPar,2D_54019_highK.mtx.hgr,no,no,0,32,0.03,0.0284192,6.76816,cut,7282,6865,no
rKaHyPar,2D_54019_highK.mtx.hgr,no,no,1,32,0.03,0.0290112,6.82484,cut,7380,6877,no
rKaHyPar,2D_54019_highK.mtx.hgr,no,no,2,32,0.03,0.0284192,9.56764,cut,7392,6921,no
rKaHyPar,2D_54019_highK.mtx.hgr,no,no,3,32,0.03,0.0284192,6.80469,cut,7322,6849,no
rKaHyPar,2D_54019_highK.mtx.hgr,no,no,4,32,0.03,0.0284192,9.57464,cut,7309,6841,no
rKaHyPar,2D_54019_highK.mtx.hgr,no,no,5,32,0.03,0.0290112,6.67972,cut,7306,6871,no
rKaHyPar,2D_54019_highK.mtx.hgr,no,no,6,32,0.03,0.0290112,6.73669,cut,7247,6823,no
rKaHyPar,2D_54019_highK.mtx.hgr,no,no,7,32,0.03,0.0230906,6.92668,cut,7221,6786,no
rKaHyPar,2D_54019_highK.mtx.hgr,no,no,8,32,0.03,0.0290112,9.62786,cut,7223,6848,no
rKaHyPar,2D_54019_highK.mtx.hgr,no,no,9,32,0.03,0.0284192,9.34223,cut,7182,6779,no
rKaHyPar,2D_54019_highK.mtx.hgr,no,no,0,4,0.03,0.0119956,4.59926,cut,1242,1224,no
rKaHyPar,2D_54019_highK.mtx.hgr,no,no,1,4,0.03,0.0119956,3.04954,cut,1242,1224,no
rKaHyPar,2D_54019_highK.mtx.hgr,no,no,2,4,0.03,0.0119956,4.62605,cut,1242,1224,no
rKaHyPar,2D_54019_highK.mtx.hgr,no,no,3,4,0.03,0.0119956,4.16373,cut,1242,1224,no
rKaHyPar,2D_54019_highK.mtx.hgr,no,no,4,4,0.03,0.0119956,4.24189,cut,1242,1224,no
rKaHyPar,2D_54019_highK.mtx.hgr,no,no,5,4,0.03,0.0119956,2.98574,cut,1242,1224,no
rKaHyPar,2D_54019_highK.mtx.hgr,no,no,6,4,0.03,0.0119956,3.00795,cut,1242,1224,no
rKaHyPar,2D_54019_highK.mtx.hgr,no,no,7,4,0.03,0.0119956,4.09635,cut,1242,1224,no
rKaHyPar,2D_54019_highK.mtx.hgr,no,no,8,4,0.03,0.0119956,4.38042,cut,1242,1224,no
rKaHyPar,2D_54019_highK.mtx.hgr,no,no,9,4,0.03,0.0119956,4.49559,cut,1242,1224,no
rKaHyPar,2D_54019_highK.mtx.hgr,no,no,0,64,0.03,0.0295858,8.68551,cut,11130,10056,no
rKaHyPar,2D_54019_highK.mtx.hgr,no,no,1,64,0.03,0.0295858,12.2346,cut,11076,10028,no
rKaHyPar,2D_54019_highK.mtx.hgr,no,no,2,64,0.03,0.0295858,11.9927,cut,11106,9993,no
rKaHyPar,2D_54019_highK.mtx.hgr,no,no,3,64,0.03,0.0295858,8.66509,cut,10985,9910,no
rKaHyPar,2D_54019_highK.mtx.hgr,no,no,4,64,0.03,0.0295858,8.45424,cut,10932,10024,no
rKaHyPar,2D_54019_highK.mtx.hgr,no,no,5,64,0.03,0.0272189,11.9544,cut,11132,10062,no
rKaHyPar,2D_54019_highK.mtx.hgr,no,no,6,64,0.03,0.0260355,12.0094,cut,11218,10055,no
rKaHyPar,2D_54019_highK.mtx.hgr,no,no,7,64,0.03,0.0284024,11.9417,cut,11206,10127,no
rKaHyPar,2D_54019_highK.mtx.hgr,no,no,8,64,0.03,0.0260355,8.69253,cut,11044,9950,no
rKaHyPar,2D_54019_highK.mtx.hgr,no,no,9,64,0.03,0.0295858,8.58162,cut,11026,9999,no
rKaHyPar,2D_54019_highK.mtx.hgr,no,no,0,8,0.03,0.0188065,6.24238,cut,2592,2537,no
rKaHyPar,2D_54019_highK.mtx.hgr,no,no,1,8,0.03,0.019695,4.45069,cut,2602,2547,no
rKaHyPar,2D_54019_highK.mtx.hgr,no,no,2,8,0.03,0.019695,6.31037,cut,2602,2547,no
rKaHyPar,2D_54019_highK.mtx.hgr,no,no,3,8,0.03,0.0285799,4.31919,cut,2603,2548,no
rKaHyPar,2D_54019_highK.mtx.hgr,no,no,4,8,0.03,0.019695,4.4325,cut,2605,2550,no
rKaHyPar,2D_54019_highK.mtx.hgr,no,no,5,8,0.03,0.019695,4.43482,cut,2605,2550,no
rKaHyPar,2D_54019_highK.mtx.hgr,no,no,6,8,0.03,0.0285799,6.37858,cut,2606,2551,no
rKaHyPar,2D_54019_highK.mtx.hgr,no,no,7,8,0.03,0.0188065,4.42554,cut,2606,2551,no
rKaHyPar,2D_54019_highK.mtx.hgr,no,no,8,8,0.03,0.0188065,4.37616,cut,2605,2550,no
rKaHyPar,2D_54019_highK.mtx.hgr,no,no,9,8,0.03,0.0188065,6.51342,cut,2609,2554,no
rKaHyPar,3Dspectralwave2.mtx.hgr,no,no,0,128,0.03,0.0297984,353.6,cut,367988,146562,no
rKaHyPar,3Dspectralwave2.mtx.hgr,no,no,1,128,0.03,0.0297984,256.906,cut,354142,147878,no
rKaHyPar,3Dspectralwave2.mtx.hgr,no,no,2,128,0.03,0.0297984,262.79,cut,361289,146281,no
rKaHyPar,3Dspectralwave2.mtx.hgr,no,no,3,128,0.03,0.0297984,256.608,cut,356528,147693,no
rKaHyPar,3Dspectralwave2.mtx.hgr,no,no,5,128,0.03,0.0297984,259.072,cut,352906,146848,no
rKaHyPar,3Dspectralwave2.mtx.hgr,no,no,6,128,0.03,0.0297984,367.597,cut,367525,147482,no
rKaHyPar,3Dspectralwave2.mtx.hgr,no,no,7,128,0.03,0.0297984,269.507,cut,348585,145940,no
rKaHyPar,3Dspectralwave2.mtx.hgr,no,no,8,128,0.03,0.0297984,261.173,cut,353470,147579,no
rKaHyPar,3Dspectralwave2.mtx.hgr,no,no,9,128,0.03,0.0297984,354.046,cut,350154,146614,no
rKaHyPar,3Dspectralwave2.mtx.hgr,no,no,0,16,0.03,0.0299162,297.887,cut,83149,61655,no
rKaHyPar,3Dspectralwave2.mtx.hgr,no,no,1,16,0.03,0.0252041,197.245,cut,84833,61395,no
rKaHyPar,3Dspectralwave2.mtx.hgr,no,no,2,16,0.03,0.0287655,289.321,cut,79635,60793,no
rKaHyPar,3Dspectralwave2.mtx.hgr,no,no,3,16,0.03,0.0299162,221.173,cut,85196,61066,no
rKaHyPar,3Dspectralwave2.mtx.hgr,no,no,4,16,0.03,0.0299162,384.751,cut,82341,60657,no
rKaHyPar,3Dspectralwave2.mtx.hgr,no,no,5,16,0.03,0.029971,268.755,cut,83840,61492,no
rKaHyPar,3Dspectralwave2.mtx.hgr,no,no,6,16,0.03,0.0299162,253.793,cut,84170,60900,no
rKaHyPar,3Dspectralwave2.mtx.hgr,no,no,7,16,0.03,0.029971,411.311,cut,82272,60820,no
rKaHyPar,3Dspectralwave2.mtx.hgr,no,no,8,16,0.03,0.029971,286.516,cut,86184,61911,no
rKaHyPar,3Dspectralwave2.mtx.hgr,no,no,9,16,0.03,0.029971,369.377,cut,87279,61772,no
rKaHyPar,3Dspectralwave2.mtx.hgr,no,no,0,2,0.03,0.0299992,130.685,cut,7209,7209,no
rKaHyPar,3Dspectralwave2.mtx.hgr,no,no,1,2,0.03,0.0188967,72.1589,cut,7268,7268,no
rKaHyPar,3Dspectralwave2.mtx.hgr,no,no,2,2,0.03,0.0291088,104.118,cut,6998,6998,no
rKaHyPar,3Dspectralwave2.mtx.hgr,no,no,3,2,0.03,0.0299855,92.846,cut,7059,7059,no
rKaHyPar,3Dspectralwave2.mtx.hgr,no,no,4,2,0.03,0.0299992,123.685,cut,7224,7224,no
rKaHyPar,3Dspectralwave2.mtx.hgr,no,no,5,2,0.03,0.00504096,72.3729,cut,7268,7268,no
rKaHyPar,3Dspectralwave2.mtx.hgr,no,no,6,2,0.03,0.029691,95.4836,cut,6969,6969,no
rKaHyPar,3Dspectralwave2.mtx.hgr,no,no,7,2,0.03,0.0292458,108.853,cut,6967,6967,no
rKaHyPar,3Dspectralwave2.mtx.hgr,no,no,8,2,0.03,0.0299992,101.833,cut,7265,7265,no
rKaHyPar,3Dspectralwave2.mtx.hgr,no,no,9,2,0.03,0.0299992,118.774,cut,7065,7065,no
rKaHyPar,3Dspectralwave2.mtx.hgr,no,no,0,32,0.03,0.0299145,224.451,cut,151602,85231,no
rKaHyPar,3Dspectralwave2.mtx.hgr,no,no,1,32,0.03,0.0299145,218.716,cut,151585,85127,no
rKaHyPar,3Dspectralwave2.mtx.hgr,no,no,2,32,0.03,0.0299145,317.108,cut,147611,86595,no
rKaHyPar,3Dspectralwave2.mtx.hgr,no,no,3,32,0.03,0.0299145,246.747,cut,144979,87121,no
rKaHyPar,3Dspectralwave2.mtx.hgr,no,no,4,32,0.03,0.0299145,309.14,cut,144792,86947,no
rKaHyPar,3Dspectralwave2.mtx.hgr,no,no,5,32,0.03,0.0299145,216.636,cut,147638,87423,no
rKaHyPar,3Dspectralwave2.mtx.hgr,no,no,6,32,0.03,0.0299145,233.084,cut,151972,85281,no
rKaHyPar,3Dspectralwave2.mtx.hgr,no,no,7,32,0.03,0.0299145,309.745,cut,145849,85486,no
rKaHyPar,3Dspectralwave2.mtx.hgr,no,no,8,32,0.03,0.0299145,302.111,cut,148788,86485,no
rKaHyPar,3Dspectralwave2.mtx.hgr,no,no,9,32,0.03,0.0299145,287.828,cut,142323,85111,no
rKaHyPar,3Dspectralwave2.mtx.hgr,no,no,0,4,0.03,0.0299992,224.068,cut,22742,22742,no
rKaHyPar,3Dspectralwave2.mtx.hgr,no,no,1,4,0.03,0.0299992,140.463,cut,21779,21779,no
rKaHyPar,3Dspectralwave2.mtx.hgr,no,no,2,4,0.03,0.0299992,209.894,cut,22758,21654,no
rKaHyPar,3Dspectralwave2.mtx.hgr,no,no,3,4,0.03,0.0299992,275.113,cut,23704,22292,no
rKaHyPar,3Dspectralwave2.mtx.hgr,no,no,4,4,0.03,0.0299992,153.862,cut,22903,21853,no
rKaHyPar,3Dspectralwave2.mtx.hgr,no,no,5,4,0.03,0.0299992,142.208,cut,21840,21840,no
rKaHyPar,3Dspectralwave2.mtx.hgr,no,no,6,4,0.03,0.0299992,204.795,cut,22983,22620,no
rKaHyPar,3Dspectralwave2.mtx.hgr,no,no,7,4,0.03,0.0299992,204.023,cut,21597,21597,no
rKaHyPar,3Dspectralwave2.mtx.hgr,no,no,8,4,0.03,0.0299992,232.842,cut,22187,22187,no
rKaHyPar,3Dspectralwave2.mtx.hgr,no,no,9,4,0.03,0.0299992,177.002,cut,21804,21804,no
rKaHyPar,3Dspectralwave2.mtx.hgr,no,no,0,64,0.03,0.029805,332.781,cut,238779,115043,no
rKaHyPar,3Dspectralwave2.mtx.hgr,no,no,1,64,0.03,0.029805,333.326,cut,240211,115636,no
rKaHyPar,3Dspectralwave2.mtx.hgr,no,no,2,64,0.03,0.029805,345.774,cut,223724,115384,no
rKaHyPar,3Dspectralwave2.mtx.hgr,no,no,3,64,0.03,0.0295858,343.129,cut,229364,114574,no
rKaHyPar,3Dspectralwave2.mtx.hgr,no,no,4,64,0.03,0.029805,245.98,cut,229711,116648,no
rKaHyPar,3Dspectralwave2.mtx.hgr,no,no,5,64,0.03,0.029805,341.136,cut,228049,117091,no
rKaHyPar,3Dspectralwave2.mtx.hgr,no,no,6,64,0.03,0.029805,243.989,cut,235649,116440,no
rKaHyPar,3Dspectralwave2.mtx.hgr,no,no,7,64,0.03,0.029805,335.754,cut,232610,115886,no
rKaHyPar,3Dspectralwave2.mtx.hgr,no,no,8,64,0.03,0.029805,247.113,cut,237378,116297,no
rKaHyPar,3Dspectralwave2.mtx.hgr,no,no,9,64,0.03,0.029805,244.28,cut,238354,117173,no
rKaHyPar,3Dspectralwave2.mtx.hgr,no,no,0,8,0.03,0.0283828,338.067,cut,46096,40083,no
rKaHyPar,3Dspectralwave2.mtx.hgr,no,no,1,8,0.03,0.029917,230.546,cut,43573,38974,no
rKaHyPar,3Dspectralwave2.mtx.hgr,no,no,2,8,0.03,0.0257527,275.141,cut,44562,39101,no
rKaHyPar,3Dspectralwave2.mtx.hgr,no,no,3,8,0.03,0.0212597,290.791,cut,42969,39071,no
rKaHyPar,3Dspectralwave2.mtx.hgr,no,no,4,8,0.03,0.0294786,280.718,cut,42911,39317,no
rKaHyPar,3Dspectralwave2.mtx.hgr,no,no,5,8,0.03,0.0299992,195.527,cut,43205,38945,no
rKaHyPar,3Dspectralwave2.mtx.hgr,no,no,6,8,0.03,0.0284102,299.02,cut,44317,39307,no
rKaHyPar,3Dspectralwave2.mtx.hgr,no,no,7,8,0.03,0.0233144,196.683,cut,44561,39688,no
rKaHyPar,3Dspectralwave2.mtx.hgr,no,no,8,8,0.03,0.0246843,271.542,cut,47121,41634,no
rKaHyPar,3Dspectralwave2.mtx.hgr,no,no,9,8,0.03,0.0299444,271.832,cut,49712,40699,no
rKaHyPar,ABACUS_shell_hd.mtx.hgr,no,no,0,128,0.03,0.0273224,11.0912,cut,7078,6181,no
rKaHyPar,ABACUS_shell_hd.mtx.hgr,no,no,1,128,0.03,0.0273224,8.22429,cut,7094,6157,no
rKaHyPar,ABACUS_shell_hd.mtx.hgr,no,no,2,128,0.03,0.0273224,8.03101,cut,7104,6193,no
rKaHyPar,ABACUS_shell_hd.mtx.hgr,no,no,3,128,0.03,0.0273224,8.056,cut,7099,6165,no
rKaHyPar,ABACUS_shell_hd.mtx.hgr,no,no,5,128,0.03,0.0273224,8.05601,cut,7092,6194,no
rKaHyPar,ABACUS_shell_hd.mtx.hgr,no,no,6,128,0.03,0.0273224,11.3003,cut,7027,6119,no
rKaHyPar,ABACUS_shell_hd.mtx.hgr,no,no,7,128,0.03,0.0273224,8.04905,cut,7128,6248,no
rKaHyPar,ABACUS_shell_hd.mtx.hgr,no,no,8,128,0.03,0.0273224,11.2994,cut,7070,6162,no
rKaHyPar,ABACUS_shell_hd.mtx.hgr,no,no,9,128,0.03,0.0273224,11.1791,cut,7077,6190,no
rKaHyPar,ABACUS_shell_hd.mtx.hgr,no,no,0,16,0.03,0.0293716,3.45872,cut,1854,1785,no
rKaHyPar,ABACUS_shell_hd.mtx.hgr,no,no,1,16,0.03,0.0280055,2.69661,cut,1876,1811,no
rKaHyPar,ABACUS_shell_hd.mtx.hgr,no,no,2,16,0.03,0.0293716,3.47121,cut,1874,1810,no
rKaHyPar,ABACUS_shell_hd.mtx.hgr,no,no,3,16,0.03,0.0293716,2.62909,cut,1890,1824,no
rKaHyPar,ABACUS_shell_hd.mtx.hgr,no,no,4,16,0.03,0.0286885,3.54001,cut,1866,1802,no
rKaHyPar,ABACUS_shell_hd.mtx.hgr,no,no,5,16,0.03,0.023224,2.48229,cut,1874,1808,no
rKaHyPar,ABACUS_shell_hd.mtx.hgr,no,no,6,16,0.03,0.0273224,3.36653,cut,1866,1797,no
rKaHyPar,ABACUS_shell_hd.mtx.hgr,no,no,7,16,0.03,0.023224,3.61311,cut,1874,1810,no
rKaHyPar,ABACUS_shell_hd.mtx.hgr,no,no,8,16,0.03,0.0170765,2.66374,cut,1874,1810,no
rKaHyPar,ABACUS_shell_hd.mtx.hgr,no,no,9,16,0.03,0.0273224,3.53424,cut,1872,1808,no
rKaHyPar,ABACUS_shell_hd.mtx.hgr,no,no,0,2,0.03,0.00350248,1.02543,cut,210,210,no
rKaHyPar,ABACUS_shell_hd.mtx.hgr,no,no,1,2,0.03,0.00350248,0.74549,cut,210,210,no
rKaHyPar,ABACUS_shell_hd.mtx.hgr,no,no,2,2,0.03,0.00350248,0.813181,cut,210,210,no
rKaHyPar,ABACUS_shell_hd.mtx.hgr,no,no,3,2,0.03,0.00350248,0.764095,cut,210,210,no
rKaHyPar,ABACUS_shell_hd.mtx.hgr,no,no,4,2,0.03,0.00350248,1.06698,cut,210,210,no
rKaHyPar,ABACUS_shell_hd.mtx.hgr,no,no,5,2,0.03,0.00350248,0.847249,cut,210,210,no
rKaHyPar,ABACUS_shell_hd.mtx.hgr,no,no,6,2,0.03,0.00350248,0.876672,cut,210,210,no
rKaHyPar,ABACUS_shell_hd.mtx.hgr,no,no,7,2,0.03,0.00350248,1.03061,cut,210,210,no
rKaHyPar,ABACUS_shell_hd.mtx.hgr,no,no,8,2,0.03,0.00350248,0.760719,cut,210,210,no
rKaHyPar,ABACUS_shell_hd.mtx.hgr,no,no,9,2,0.03,0.00350248,0.980199,cut,210,210,no
rKaHyPar,ABACUS_shell_hd.mtx.hgr,no,no,0,32,0.03,0.0218579,3.74158,cut,3010,2837,no
rKaHyPar,ABACUS_shell_hd.mtx.hgr,no,no,1,32,0.03,0.0245902,3.7572,cut,2984,2820,no
rKaHyPar,ABACUS_shell_hd.mtx.hgr,no,no,2,32,0.03,0.0286885,5.04339,cut,3054,2877,no
rKaHyPar,ABACUS_shell_hd.mtx.hgr,no,no,3,32,0.03,0.0286885,3.75747,cut,3008,2846,no
rKaHyPar,ABACUS_shell_hd.mtx.hgr,no,no,4,32,0.03,0.0286885,5.07751,cut,3008,2838,no
rKaHyPar,ABACUS_shell_hd.mtx.hgr,no,no,5,32,0.03,0.023224,3.79797,cut,2970,2802,no
rKaHyPar,ABACUS_shell_hd.mtx.hgr,no,no,6,32,0.03,0.0259563,3.8131,cut,3048,2869,no
rKaHyPar,ABACUS_shell_hd.mtx.hgr,no,no,7,32,0.03,0.0273224,5.29357,cut,2988,2835,no
rKaHyPar,ABACUS_shell_hd.mtx.hgr,no,no,8,32,0.03,0.0218579,5.08809,cut,3014,2838,no
rKaHyPar,ABACUS_shell_hd.mtx.hgr,no,no,9,32,0.03,0.0273224,5.09159,cut,3022,2846,no
rKaHyPar,ABACUS_shell_hd.mtx.hgr,no,no,0,4,0.03,0.0281907,1.98849,cut,652,644,no
rKaHyPar,ABACUS_shell_hd.mtx.hgr,no,no,1,4,0.03,0.0251153,1.49223,cut,652,644,no
rKaHyPar,ABACUS_shell_hd.mtx.hgr,no,no,2,4,0.03,0.0275073,1.84465,cut,648,644,no
rKaHyPar,ABACUS_shell_hd.mtx.hgr,no,no,3,4,0.03,0.0193063,1.95108,cut,664,656,no
rKaHyPar,ABACUS_shell_hd.mtx.hgr,no,no,4,4,0.03,0.0261404,1.90854,cut,650,646,no
rKaHyPar,ABACUS_shell_hd.mtx.hgr,no,no,5,4,0.03,0.0251153,1.31958,cut,650,646,no
rKaHyPar,ABACUS_shell_hd.mtx.hgr,no,no,6,4,0.03,0.0297283,1.5308,cut,646,646,no
rKaHyPar,ABACUS_shell_hd.mtx.hgr,no,no,7,4,0.03,0.0281907,2.13161,cut,650,646,no
rKaHyPar,ABACUS_shell_hd.mtx.hgr,no,no,8,4,0.03,0.0276781,1.81229,cut,648,644,no
rKaHyPar,ABACUS_shell_hd.mtx.hgr,no,no,9,4,0.03,0.0297283,1.75564,cut,648,644,no
rKaHyPar,ABACUS_shell_hd.mtx.hgr,no,no,0,64,0.03,0.0245902,7.55807,cut,4610,4204,no
rKaHyPar,ABACUS_shell_hd.mtx.hgr,no,no,1,64,0.03,0.0273224,7.6295,cut,4650,4227,no
rKaHyPar,ABACUS_shell_hd.mtx.hgr,no,no,2,64,0.03,0.0245902,7.49564,cut,4590,4198,no
rKaHyPar,ABACUS_shell_hd.mtx.hgr,no,no,3,64,0.03,0.0273224,7.62832,cut,4618,4196,no
rKaHyPar,ABACUS_shell_hd.mtx.hgr,no,no,4,64,0.03,0.0273224,5.48076,cut,4590,4184,no
rKaHyPar,ABACUS_shell_hd.mtx.hgr,no,no,5,64,0.03,0.0245902,7.4927,cut,4626,4214,no
rKaHyPar,ABACUS_shell_hd.mtx.hgr,no,no,6,64,0.03,0.0245902,5.58655,cut,4606,4205,no
rKaHyPar,ABACUS_shell_hd.mtx.hgr,no,no,7,64,0.03,0.0273224,7.72236,cut,4560,4161,no
rKaHyPar,ABACUS_shell_hd.mtx.hgr,no,no,8,64,0.03,0.0273224,5.4466,cut,4638,4215,no
rKaHyPar,ABACUS_shell_hd.mtx.hgr,no,no,9,64,0.03,0.0273224,5.51151,cut,4601,4174,no
rKaHyPar,ABACUS_shell_hd.mtx.hgr,no,no,0,8,0.03,0.0153741,2.28615,cut,1156,1132,no
rKaHyPar,ABACUS_shell_hd.mtx.hgr,no,no,1,8,0.03,0.0245986,1.77035,cut,1134,1110,no
rKaHyPar,ABACUS_shell_hd.mtx.hgr,no,no,2,8,0.03,0.028015,2.3689,cut,1154,1130,no
rKaHyPar,ABACUS_shell_hd.mtx.hgr,no,no,3,8,0.03,0.0297233,2.32958,cut,1144,1118,no
rKaHyPar,ABACUS_shell_hd.mtx.hgr,no,no,4,8,0.03,0.0146908,1.80775,cut,1126,1101,no
rKaHyPar,ABACUS_shell_hd.mtx.hgr,no,no,5,8,0.03,0.0218654,1.73794,cut,1124,1100,no
rKaHyPar,ABACUS_shell_hd.mtx.hgr,no,no,6,8,0.03,0.0242569,2.51041,cut,1160,1136,no
rKaHyPar,ABACUS_shell_hd.mtx.hgr,no,no,7,8,0.03,0.0266484,1.82905,cut,1172,1148,no
rKaHyPar,ABACUS_shell_hd.mtx.hgr,no,no,8,8,0.03,0.023232,1.75312,cut,1164,1139,no
rKaHyPar,ABACUS_shell_hd.mtx.hgr,no,no,9,8,0.03,0.0235736,2.38223,cut,1128,1104,no
rKaHyPar,af23560.mtx.hgr,no,no,0,128,0.03,0.027027,12.6705,cut,25940,15748,no
rKaHyPar,af23560.mtx.hgr,no,no,1,128,0.03,0.027027,8.73778,cut,26661,16003,no
rKaHyPar,af23560.mtx.hgr,no,no,2,128,0.03,0.027027,8.82692,cut,26401,15903,no
rKaHyPar,af23560.mtx.hgr,no,no,3,128,0.03,0.027027,8.7679,cut,26057,15941,no
rKaHyPar,af23560.mtx.hgr,no,no,5,128,0.03,0.027027,8.7977,cut,25145,15725,no
rKaHyPar,af23560.mtx.hgr,no,no,6,128,0.03,0.027027,12.5545,cut,26454,15951,no
rKaHyPar,af23560.mtx.hgr,no,no,7,128,0.03,0.027027,12.5096,cut,25718,15727,no
rKaHyPar,af23560.mtx.hgr,no,no,8,128,0.03,0.027027,8.68093,cut,24802,15581,no
rKaHyPar,af23560.mtx.hgr,no,no,9,128,0.03,0.027027,12.4486,cut,28715,16332,no
rKaHyPar,af23560.mtx.hgr,no,no,0,16,0.03,0.0278344,5.3555,cut,6663,5862,no
rKaHyPar,af23560.mtx.hgr,no,no,1,16,0.03,0.0291921,5.25553,cut,6535,5855,no
rKaHyPar,af23560.mtx.hgr,no,no,2,16,0.03,0.0278344,5.30532,cut,6449,5838,no
rKaHyPar,af23560.mtx.hgr,no,no,3,16,0.03,0.0264766,4.04008,cut,6703,5928,no
rKaHyPar,af23560.mtx.hgr,no,no,4,16,0.03,0.0291921,5.52548,cut,6545,5898,no
rKaHyPar,af23560.mtx.hgr,no,no,5,16,0.03,0.0278344,3.81231,cut,6581,5795,no
rKaHyPar,af23560.mtx.hgr,no,no,6,16,0.03,0.0278344,3.72533,cut,6396,5780,no
rKaHyPar,af23560.mtx.hgr,no,no,7,16,0.03,0.0285132,3.81447,cut,6374,5718,no
rKaHyPar,af23560.mtx.hgr,no,no,8,16,0.03,0.0285132,3.72499,cut,6618,5851,no
rKaHyPar,af23560.mtx.hgr,no,no,9,16,0.03,0.029871,5.36953,cut,6614,5796,no
rKaHyPar,af23560.mtx.hgr,no,no,0,2,0.03,0,1.41469,cut,608,608,no
rKaHyPar,af23560.mtx.hgr,no,no,1,2,0.03,0,1.44337,cut,608,608,no
rKaHyPar,af23560.mtx.hgr,no,no,2,2,0.03,0,1.07407,cut,608,608,no
rKaHyPar,af23560.mtx.hgr,no,no,3,2,0.03,0,1.01528,cut,608,608,no
rKaHyPar,af23560.mtx.hgr,no,no,4,2,0.03,0,0.997444,cut,608,608,no
rKaHyPar,af23560.mtx.hgr,no,no,5,2,0.03,0,1.0658,cut,608,608,no
rKaHyPar,af23560.mtx.hgr,no,no,6,2,0.03,0,1.06562,cut,608,608,no
rKaHyPar,af23560.mtx.hgr,no,no,7,2,0.03,0,1.4883,cut,608,608,no
rKaHyPar,af23560.mtx.hgr,no,no,8,2,0.03,0,0.999101,cut,608,608,no
rKaHyPar,af23560.mtx.hgr,no,no,9,2,0.03,0,1.47594,cut,608,608,no
rKaHyPar,af23560.mtx.hgr,no,no,0,32,0.03,0.027137,4.72647,cut,10355,8521,no
rKaHyPar,af23560.mtx.hgr,no,no,1,32,0.03,0.0298507,4.97334,cut,10799,8804,no
rKaHyPar,af23560.mtx.hgr,no,no,2,32,0.03,0.0298507,6.92208,cut,10562,8566,no
rKaHyPar,af23560.mtx.hgr,no,no,3,32,0.03,0.0298507,4.93081,cut,10569,8605,no
rKaHyPar,af23560.mtx.hgr,no,no,4,32,0.03,0.0298507,6.92172,cut,10941,8836,no
rKaHyPar,af23560.mtx.hgr,no,no,5,32,0.03,0.0298507,4.77827,cut,10985,8915,no
rKaHyPar,af23560.mtx.hgr,no,no,6,32,0.03,0.0298507,4.97432,cut,10532,8756,no
rKaHyPar,af23560.mtx.hgr,no,no,7,32,0.03,0.0298507,6.79056,cut,10465,8625,no
rKaHyPar,af23560.mtx.hgr,no,no,8,32,0.03,0.0298507,7.19569,cut,10483,8714,no
rKaHyPar,af23560.mtx.hgr,no,no,9,32,0.03,0.0284939,7.00447,cut,10736,8658,no
rKaHyPar,af23560.mtx.hgr,no,no,0,4,0.03,0,2.64998,cut,1824,1824,no
rKaHyPar,af23560.mtx.hgr,no,no,1,4,0.03,0,1.94024,cut,1824,1824,no
rKaHyPar,af23560.mtx.hgr,no,no,2,4,0.03,0,2.72316,cut,1824,1824,no
rKaHyPar,af23560.mtx.hgr,no,no,3,4,0.03,0,1.93983,cut,1824,1824,no
rKaHyPar,af23560.mtx.hgr,no,no,4,4,0.03,0,1.93128,cut,1824,1824,no
rKaHyPar,af23560.mtx.hgr,no,no,5,4,0.03,0,1.89233,cut,1824,1824,no
rKaHyPar,af23560.mtx.hgr,no,no,6,4,0.03,0,1.83895,cut,1824,1824,no
rKaHyPar,af23560.mtx.hgr,no,no,7,4,0.03,0,2.70063,cut,1824,1824,no
rKaHyPar,af23560.mtx.hgr,no,no,8,4,0.03,0,2.78738,cut,1824,1824,no
rKaHyPar,af23560.mtx.hgr,no,no,9,4,0.03,0,1.85668,cut,1824,1824,no
rKaHyPar,af23560.mtx.hgr,no,no,0,64,0.03,0.0298103,9.15603,cut,16551,11910,no
rKaHyPar,af23560.mtx.hgr,no,no,1,64,0.03,0.0298103,9.03853,cut,16364,11897,no
rKaHyPar,af23560.mtx.hgr,no,no,2,64,0.03,0.0298103,6.34937,cut,15721,11727,no
rKaHyPar,af23560.mtx.hgr,no,no,3,64,0.03,0.0298103,9.13625,cut,16877,12065,no
rKaHyPar,af23560.mtx.hgr,no,no,4,64,0.03,0.0298103,6.47194,cut,16084,11856,no
rKaHyPar,af23560.mtx.hgr,no,no,5,64,0.03,0.0298103,9.05144,cut,16427,11917,no
rKaHyPar,af23560.mtx.hgr,no,no,6,64,0.03,0.0298103,6.42055,cut,16124,11748,no
rKaHyPar,af23560.mtx.hgr,no,no,7,64,0.03,0.0298103,8.9269,cut,16006,11727,no
rKaHyPar,af23560.mtx.hgr,no,no,8,64,0.03,0.0298103,6.32692,cut,15805,11823,no
rKaHyPar,af23560.mtx.hgr,no,no,9,64,0.03,0.0298103,6.36705,cut,15685,11757,no
rKaHyPar,af23560.mtx.hgr,no,no,0,8,0.03,0.0298812,3.07998,cut,3756,3548,no
rKaHyPar,af23560.mtx.hgr,no,no,1,8,0.03,0.0295416,3.09604,cut,3982,3746,no
rKaHyPar,af23560.mtx.hgr,no,no,2,8,0.03,0.0295416,4.4173,cut,3998,3764,no
rKaHyPar,af23560.mtx.hgr,no,no,3,8,0.03,0.0288625,4.81245,cut,3969,3739,no
rKaHyPar,af23560.mtx.hgr,no,no,4,8,0.03,0.0281834,4.27095,cut,3908,3688,no
rKaHyPar,af23560.mtx.hgr,no,no,5,8,0.03,0.0268251,2.97114,cut,3816,3576,no
rKaHyPar,af23560.mtx.hgr,no,no,6,8,0.03,0.0295416,4.3521,cut,4170,3906,no
rKaHyPar,af23560.mtx.hgr,no,no,7,8,0.03,0.0295416,2.93804,cut,4044,3782,no
rKaHyPar,af23560.mtx.hgr,no,no,8,8,0.03,0.0281834,3.13901,cut,4031,3800,no
rKaHyPar,af23560.mtx.hgr,no,no,9,8,0.03,0.029202,4.28698,cut,4109,3885,no
rKaHyPar,af_4_k101.mtx.hgr,no,no,0,128,0.03,0.0292249,23.7911,cut,68830,64905,no
rKaHyPar,af_4_k101.mtx.hgr,no,no,1,128,0.03,0.0241423,17.4139,cut,69910,65675,no
rKaHyPar,af_4_k101.mtx.hgr,no,no,2,128,0.03,0.0292249,17.4915,cut,69425,65235,no
rKaHyPar,af_4_k101.mtx.hgr,no,no,3,128,0.03,0.0292249,17.5586,cut,69165,65005,no
rKaHyPar,af_4_k101.mtx.hgr,no,no,5,128,0.03,0.0266836,17.5306,cut,69430,65455,no
rKaHyPar,af_4_k101.mtx.hgr,no,no,6,128,0.03,0.0279543,23.9517,cut,69555,65330,no
rKaHyPar,af_4_k101.mtx.hgr,no,no,7,128,0.03,0.0279543,23.9399,cut,69725,65495,no
rKaHyPar,af_4_k101.mtx.hgr,no,no,8,128,0.03,0.0241423,24.0261,cut,69515,65280,no
rKaHyPar,af_4_k101.mtx.hgr,no,no,9,128,0.03,0.025413,23.9667,cut,69730,65495,no
rKaHyPar,af_4_k101.mtx.hgr,no,no,0,16,0.03,0.0294818,11.0173,cut,17865,17655,no
rKaHyPar,af_4_k101.mtx.hgr,no,no,1,16,0.03,0.0186803,11.3278,cut,17920,17675,no
rKaHyPar,af_4_k101.mtx.hgr,no,no,2,16,0.03,0.0221749,11.1163,cut,17905,17665,no
rKaHyPar,af_4_k101.mtx.hgr,no,no,3,16,0.03,0.0256695,8.11229,cut,17885,17670,no
rKaHyPar,af_4_k101.mtx.hgr,no,no,4,16,0.03,0.0264638,11.3659,cut,17850,17635,no
rKaHyPar,af_4_k101.mtx.hgr,no,no,5,16,0.03,0.0282111,8.40708,cut,17900,17675,no
rKaHyPar,af_4_k101.mtx.hgr,no,no,6,16,0.03,0.0216984,11.6345,cut,17960,17690,no
rKaHyPar,af_4_k101.mtx.hgr,no,no,7,16,0.03,0.0294818,8.29862,cut,17895,17680,no
rKaHyPar,af_4_k101.mtx.hgr,no,no,8,16,0.03,0.00851415,8.18466,cut,18025,17735,no
rKaHyPar,af_4_k101.mtx.hgr,no,no,9,16,0.03,0.014868,11.0859,cut,17940,17675,no
rKaHyPar,af_4_k101.mtx.hgr,no,no,0,2,0.03,7.9424e-06,5.97234,cut,1700,1700,no
rKaHyPar,af_4_k101.mtx.hgr,no,no,1,2,0.03,7.9424e-06,6.48953,cut,1700,1700,no
rKaHyPar,af_4_k101.mtx.hgr,no,no,2,2,0.03,7.9424e-06,4.4978,cut,1700,1700,no
rKaHyPar,af_4_k101.mtx.hgr,no,no,3,2,0.03,7.9424e-06,4.89701,cut,1700,1700,no
rKaHyPar,af_4_k101.mtx.hgr,no,no,4,2,0.03,7.9424e-06,4.96944,cut,1700,1700,no
rKaHyPar,af_4_k101.mtx.hgr,no,no,5,2,0.03,7.9424e-06,4.34448,cut,1700,1700,no
rKaHyPar,af_4_k101.mtx.hgr,no,no,6,2,0.03,7.9424e-06,4.3874,cut,1700,1700,no
rKaHyPar,af_4_k101.mtx.hgr,no,no,7,2,0.03,7.9424e-06,5.96137,cut,1700,1700,no
rKaHyPar,af_4_k101.mtx.hgr,no,no,8,2,0.03,7.9424e-06,4.37969,cut,1700,1700,no
rKaHyPar,af_4_k101.mtx.hgr,no,no,9,2,0.03,7.9424e-06,6.55017,cut,1700,1700,no
rKaHyPar,af_4_k101.mtx.hgr,no,no,0,32,0.03,0.0251604,9.9397,cut,30400,29730,no
rKaHyPar,af_4_k101.mtx.hgr,no,no,1,32,0.03,0.0264312,9.91647,cut,30430,29610,no
rKaHyPar,af_4_k101.mtx.hgr,no,no,2,32,0.03,0.0264312,13.567,cut,30445,29745,no
rKaHyPar,af_4_k101.mtx.hgr,no,no,3,32,0.03,0.0267488,10.0478,cut,30465,29720,no
rKaHyPar,af_4_k101.mtx.hgr,no,no,4,32,0.03,0.0223013,13.6537,cut,30580,29845,no
rKaHyPar,af_4_k101.mtx.hgr,no,no,5,32,0.03,0.0283373,10.2372,cut,30135,29400,no
rKaHyPar,af_4_k101.mtx.hgr,no,no,6,32,0.03,0.0292903,10.1166,cut,30290,29525,no
rKaHyPar,af_4_k101.mtx.hgr,no,no,7,32,0.03,0.0223013,13.4788,cut,30380,29660,no
rKaHyPar,af_4_k101.mtx.hgr,no,no,8,32,0.03,0.0273842,13.7396,cut,30420,29665,no
rKaHyPar,af_4_k101.mtx.hgr,no,no,9,32,0.03,0.0248427,13.5393,cut,30585,29840,no
rKaHyPar,af_4_k101.mtx.hgr,no,no,0,4,0.03,2.38271e-05,7.93493,cut,5100,5100,no
rKaHyPar,af_4_k101.mtx.hgr,no,no,1,4,0.03,2.38271e-05,5.76497,cut,5100,5100,no
rKaHyPar,af_4_k101.mtx.hgr,no,no,2,4,0.03,2.38271e-05,7.59661,cut,5100,5100,no
rKaHyPar,af_4_k101.mtx.hgr,no,no,3,4,0.03,2.38271e-05,5.70447,cut,5100,5100,no
rKaHyPar,af_4_k101.mtx.hgr,no,no,4,4,0.03,2.38271e-05,7.96705,cut,5100,5100,no
rKaHyPar,af_4_k101.mtx.hgr,no,no,5,4,0.03,2.38271e-05,5.78808,cut,5100,5100,no
rKaHyPar,af_4_k101.mtx.hgr,no,no,6,4,0.03,2.38271e-05,5.74937,cut,5100,5100,no
rKaHyPar,af_4_k101.mtx.hgr,no,no,7,4,0.03,2.38271e-05,7.70854,cut,5100,5100,no
rKaHyPar,af_4_k101.mtx.hgr,no,no,8,4,0.03,2.38271e-05,8.39865,cut,5100,5100,no
rKaHyPar,af_4_k101.mtx.hgr,no,no,9,4,0.03,2.38271e-05,5.93524,cut,5100,5100,no
rKaHyPar,af_4_k101.mtx.hgr,no,no,0,64,0.03,0.0273189,17.3324,cut,44280,42485,no
rKaHyPar,af_4_k101.mtx.hgr,no,no,1,64,0.03,0.0247776,17.1148,cut,44220,42415,no
rKaHyPar,af_4_k101.mtx.hgr,no,no,2,64,0.03,0.0260483,12.7629,cut,44225,42405,no
rKaHyPar,af_4_k101.mtx.hgr,no,no,3,64,0.03,0.0177891,17.3764,cut,44225,42375,no
rKaHyPar,af_4_k101.mtx.hgr,no,no,4,64,0.03,0.0298602,12.7014,cut,44290,42445,no
rKaHyPar,af_4_k101.mtx.hgr,no,no,5,64,0.03,0.0298602,17.6176,cut,44250,42565,no
rKaHyPar,af_4_k101.mtx.hgr,no,no,6,64,0.03,0.0298602,12.7301,cut,44245,42435,no
rKaHyPar,af_4_k101.mtx.hgr,no,no,7,64,0.03,0.0298602,17.2802,cut,44500,42435,no
rKaHyPar,af_4_k101.mtx.hgr,no,no,8,64,0.03,0.0158831,12.8376,cut,44255,42445,no
rKaHyPar,af_4_k101.mtx.hgr,no,no,9,64,0.03,0.0292249,12.6562,cut,44185,42495,no
rKaHyPar,af_4_k101.mtx.hgr,no,no,0,8,0.03,0.0170124,10.1387,cut,11240,11160,no
rKaHyPar,af_4_k101.mtx.hgr,no,no,1,8,0.03,0.0205865,6.87469,cut,11670,11655,no
rKaHyPar,af_4_k101.mtx.hgr,no,no,2,8,0.03,0.0190774,9.68425,cut,11475,11430,no
rKaHyPar,af_4_k101.mtx.hgr,no,no,3,8,0.03,0.00239858,9.78233,cut,11445,11400,no
rKaHyPar,af_4_k101.mtx.hgr,no,no,4,8,0.03,0.011294,7.36316,cut,11225,11140,no
rKaHyPar,af_4_k101.mtx.hgr,no,no,5,8,0.03,0.0112145,7.57668,cut,11225,11160,no
rKaHyPar,af_4_k101.mtx.hgr,no,no,6,8,0.03,0.023684,9.84334,cut,11215,11150,no
rKaHyPar,af_4_k101.mtx.hgr,no,no,7,8,0.03,0.0262255,7.19241,cut,11230,11165,no
rKaHyPar,af_4_k101.mtx.hgr,no,no,8,8,0.03,0.023128,7.54083,cut,11045,10955,no
rKaHyPar,af_4_k101.mtx.hgr,no,no,9,8,0.03,0.0265432,9.95663,cut,11245,11170,no
rKaHyPar,af_shell1.mtx.hgr,no,no,0,128,0.03,0.0291508,24.2977,cut,66190,62305,no
rKaHyPar,af_shell1.mtx.hgr,no,no,1,128,0.03,0.0291508,17.9528,cut,66310,62505,no
rKaHyPar,af_shell1.mtx.hgr,no,no,2,128,0.03,0.0278834,17.9648,cut,66405,62485,no
rKaHyPar,af_shell1.mtx.hgr,no,no,3,128,0.03,0.0291508,17.9741,cut,66785,62695,no
rKaHyPar,af_shell1.mtx.hgr,no,no,5,128,0.03,0.0291508,18.0671,cut,66800,62580,no
rKaHyPar,af_shell1.mtx.hgr,no,no,6,128,0.03,0.026616,24.5453,cut,66425,62330,no
rKaHyPar,af_shell1.mtx.hgr,no,no,7,128,0.03,0.0253485,24.5513,cut,66875,62725,no
rKaHyPar,af_shell1.mtx.hgr,no,no,8,128,0.03,0.0291508,17.9442,cut,66560,62440,no
rKaHyPar,af_shell1.mtx.hgr,no,no,9,128,0.03,0.0278834,17.9383,cut,66875,62780,no
rKaHyPar,af_shell1.mtx.hgr,no,no,0,16,0.03,0.0291881,9.50522,cut,16420,16215,no
rKaHyPar,af_shell1.mtx.hgr,no,no,1,16,0.03,0.0244343,12.6304,cut,16395,16205,no
rKaHyPar,af_shell1.mtx.hgr,no,no,2,16,0.03,0.0291881,12.7238,cut,16445,16210,no
rKaHyPar,af_shell1.mtx.hgr,no,no,3,16,0.03,0.029505,9.50246,cut,16385,16195,no
rKaHyPar,af_shell1.mtx.hgr,no,no,4,16,0.03,0.0291881,12.9733,cut,16420,16210,no
rKaHyPar,af_shell1.mtx.hgr,no,no,5,16,0.03,0.0234836,9.68921,cut,16450,16215,no
rKaHyPar,af_shell1.mtx.hgr,no,no,6,16,0.03,0.0291881,9.69795,cut,16370,16205,no
rKaHyPar,af_shell1.mtx.hgr,no,no,7,16,0.03,0.0291881,9.40467,cut,16440,16210,no
rKaHyPar,af_shell1.mtx.hgr,no,no,8,16,0.03,0.0291881,9.33781,cut,16445,16225,no
rKaHyPar,af_shell1.mtx.hgr,no,no,9,16,0.03,0.0291881,12.9194,cut,16410,16215,no
rKaHyPar,af_shell1.mtx.hgr,no,no,0,2,0.03,0.00408829,6.72963,cut,1770,1770,no
rKaHyPar,af_shell1.mtx.hgr,no,no,1,2,0.03,0.00408829,6.84012,cut,1770,1770,no
rKaHyPar,af_shell1.mtx.hgr,no,no,2,2,0.03,0.00408829,4.90272,cut,1770,1770,no
rKaHyPar,af_shell1.mtx.hgr,no,no,3,2,0.03,0.00408829,5.06966,cut,1770,1770,no
rKaHyPar,af_shell1.mtx.hgr,no,no,4,2,0.03,0.00408829,5.32116,cut,1770,1770,no
rKaHyPar,af_shell1.mtx.hgr,no,no,5,2,0.03,0.00408829,5.63724,cut,1770,1770,no
rKaHyPar,af_shell1.mtx.hgr,no,no,6,2,0.03,0.00408829,4.96265,cut,1770,1770,no
rKaHyPar,af_shell1.mtx.hgr,no,no,7,2,0.03,0.00408829,6.70792,cut,1770,1770,no
rKaHyPar,af_shell1.mtx.hgr,no,no,8,2,0.03,0.00408829,5.38419,cut,1770,1770,no
rKaHyPar,af_shell1.mtx.hgr,no,no,9,2,0.03,0.00408829,6.81548,cut,1770,1770,no
rKaHyPar,af_shell1.mtx.hgr,no,no,0,32,0.03,0.0268112,11.0299,cut,27725,27050,no
rKaHyPar,af_shell1.mtx.hgr,no,no,1,32,0.03,0.0299804,11.0898,cut,27795,27055,no
rKaHyPar,af_shell1.mtx.hgr,no,no,2,32,0.03,0.0233251,14.8662,cut,27790,27085,no
rKaHyPar,af_shell1.mtx.hgr,no,no,3,32,0.03,0.0261773,10.9304,cut,27655,26995,no
rKaHyPar,af_shell1.mtx.hgr,no,no,4,32,0.03,0.0296634,14.9418,cut,27525,26880,no
rKaHyPar,af_shell1.mtx.hgr,no,no,5,32,0.03,0.0268112,11.1739,cut,27755,27015,no
rKaHyPar,af_shell1.mtx.hgr,no,no,6,32,0.03,0.0268112,11.2562,cut,27875,27170,no
rKaHyPar,af_shell1.mtx.hgr,no,no,7,32,0.03,0.0277619,14.5947,cut,27560,26895,no
rKaHyPar,af_shell1.mtx.hgr,no,no,8,32,0.03,0.0268112,15.382,cut,27595,26925,no
rKaHyPar,af_shell1.mtx.hgr,no,no,9,32,0.03,0.0268112,15.087,cut,27785,27135,no
rKaHyPar,af_shell1.mtx.hgr,no,no,0,4,0.03,0.0180329,11.8002,cut,4390,4360,no
rKaHyPar,af_shell1.mtx.hgr,no,no,1,4,0.03,0.0180329,8.20667,cut,4390,4360,no
rKaHyPar,af_shell1.mtx.hgr,no,no,2,4,0.03,0.0180329,11.5588,cut,4390,4360,no
rKaHyPar,af_shell1.mtx.hgr,no,no,3,4,0.03,0.0180329,8.55606,cut,4390,4360,no
rKaHyPar,af_shell1.mtx.hgr,no,no,4,4,0.03,0.0180329,8.83198,cut,4390,4360,no
rKaHyPar,af_shell1.mtx.hgr,no,no,5,4,0.03,0.0180329,8.47832,cut,4390,4360,no
rKaHyPar,af_shell1.mtx.hgr,no,no,6,4,0.03,0.0180329,7.83681,cut,4390,4360,no
rKaHyPar,af_shell1.mtx.hgr,no,no,7,4,0.03,0.0180329,11.2034,cut,4390,4360,no
rKaHyPar,af_shell1.mtx.hgr,no,no,8,4,0.03,0.0180329,10.8561,cut,4390,4360,no
rKaHyPar,af_shell1.mtx.hgr,no,no,9,4,0.03,0.0180329,8.47655,cut,4390,4360,no
rKaHyPar,af_shell1.mtx.hgr,no,no,0,64,0.03,0.0267461,18.2178,cut,43470,41715,no
rKaHyPar,af_shell1.mtx.hgr,no,no,1,64,0.03,0.0261123,18.1316,cut,43495,41705,no
rKaHyPar,af_shell1.mtx.hgr,no,no,2,64,0.03,0.0299151,13.3435,cut,43630,41875,no
rKaHyPar,af_shell1.mtx.hgr,no,no,3,64,0.03,0.0273799,18.3911,cut,43585,41800,no
rKaHyPar,af_shell1.mtx.hgr,no,no,4,64,0.03,0.0280137,13.3884,cut,43320,41605,no
rKaHyPar,af_shell1.mtx.hgr,no,no,5,64,0.03,0.0299151,18.3354,cut,43475,41815,no
rKaHyPar,af_shell1.mtx.hgr,no,no,6,64,0.03,0.0299151,13.4324,cut,43580,41800,no
rKaHyPar,af_shell1.mtx.hgr,no,no,7,64,0.03,0.0286475,18.2466,cut,43550,41695,no
rKaHyPar,af_shell1.mtx.hgr,no,no,8,64,0.03,0.0299151,13.3717,cut,43350,41815,no
rKaHyPar,af_shell1.mtx.hgr,no,no,9,64,0.03,0.0299151,13.2563,cut,43740,41895,no
rKaHyPar,af_shell1.mtx.hgr,no,no,0,8,0.03,0.0288874,8.46139,cut,8545,8490,no
rKaHyPar,af_shell1.mtx.hgr,no,no,1,8,0.03,0.0288082,11.1694,cut,8535,8480,no
rKaHyPar,af_shell1.mtx.hgr,no,no,2,8,0.03,0.0288082,10.8956,cut,8490,8435,no
rKaHyPar,af_shell1.mtx.hgr,no,no,3,8,0.03,0.0288874,11.1429,cut,8535,8480,no
rKaHyPar,af_shell1.mtx.hgr,no,no,4,8,0.03,0.0288874,11.4486,cut,8535,8480,no
rKaHyPar,af_shell1.mtx.hgr,no,no,5,8,0.03,0.0299967,8.50126,cut,8505,8475,no
rKaHyPar,af_shell1.mtx.hgr,no,no,6,8,0.03,0.0288874,10.9355,cut,8510,8480,no
rKaHyPar,af_shell1.mtx.hgr,no,no,7,8,0.03,0.0288874,8.23751,cut,8535,8480,no
rKaHyPar,af_shell1.mtx.hgr,no,no,8,8,0.03,0.0288082,8.27972,cut,8535,8480,no
rKaHyPar,af_shell1.mtx.hgr,no,no,9,8,0.03,0.0288874,11.3292,cut,8510,8480,no
rKaHyPar,airfoil_2d.mtx.hgr,no,no,0,128,0.03,0.0267857,11.0835,cut,12600,7854,no
rKaHyPar,airfoil_2d.mtx.hgr,no,no,1,128,0.03,0.0267857,7.66374,cut,12029,7870,no
rKaHyPar,airfoil_2d.mtx.hgr,no,no,2,128,0.03,0.0267857,7.66538,cut,12424,7842,no
rKaHyPar,airfoil_2d.mtx.hgr,no,no,3,128,0.03,0.0267857,7.69803,cut,12026,7845,no
rKaHyPar,airfoil_2d.mtx.hgr,no,no,5,128,0.03,0.0267857,7.88962,cut,12586,7875,no
rKaHyPar,airfoil_2d.mtx.hgr,no,no,6,128,0.03,0.0267857,11.0698,cut,12347,7842,no
rKaHyPar,airfoil_2d.mtx.hgr,no,no,7,128,0.03,0.0267857,11.0735,cut,12615,7864,no
rKaHyPar,airfoil_2d.mtx.hgr,no,no,8,128,0.03,0.0267857,11.1333,cut,12213,7885,no
rKaHyPar,airfoil_2d.mtx.hgr,no,no,9,128,0.03,0.0267857,8.01674,cut,12444,7835,no
rKaHyPar,airfoil_2d.mtx.hgr,no,no,0,16,0.03,0.0269966,3.08074,cut,2739,2422,no
rKaHyPar,airfoil_2d.mtx.hgr,no,no,1,16,0.03,0.0292463,4.24975,cut,2745,2421,no
rKaHyPar,airfoil_2d.mtx.hgr,no,no,2,16,0.03,0.0281215,4.02592,cut,2784,2439,no
rKaHyPar,airfoil_2d.mtx.hgr,no,no,3,16,0.03,0.0281215,2.93683,cut,2709,2390,no
rKaHyPar,airfoil_2d.mtx.hgr,no,no,4,16,0.03,0.0258718,4.15899,cut,2765,2433,no
rKaHyPar,airfoil_2d.mtx.hgr,no,no,5,16,0.03,0.0258718,2.92929,cut,2755,2424,no
rKaHyPar,airfoil_2d.mtx.hgr,no,no,6,16,0.03,0.0292463,4.07255,cut,2780,2434,no
rKaHyPar,airfoil_2d.mtx.hgr,no,no,7,16,0.03,0.0258718,3.01091,cut,2763,2427,no
rKaHyPar,airfoil_2d.mtx.hgr,no,no,8,16,0.03,0.023622,2.9457,cut,2688,2379,no
rKaHyPar,airfoil_2d.mtx.hgr,no,no,9,16,0.03,0.0281215,4.05525,cut,2746,2417,no
rKaHyPar,airfoil_2d.mtx.hgr,no,no,0,2,0.03,0.0289855,0.981038,cut,324,324,no
rKaHyPar,airfoil_2d.mtx.hgr,no,no,1,2,0.03,0.0289855,0.892967,cut,324,324,no
rKaHyPar,airfoil_2d.mtx.hgr,no,no,2,2,0.03,0.0289855,0.706804,cut,324,324,no
rKaHyPar,airfoil_2d.mtx.hgr,no,no,3,2,0.03,0.0242015,0.757009,cut,348,348,no
rKaHyPar,airfoil_2d.mtx.hgr,no,no,4,2,0.03,0.0289855,0.674902,cut,324,324,no
rKaHyPar,airfoil_2d.mtx.hgr,no,no,5,2,0.03,0.0289855,0.719621,cut,324,324,no
rKaHyPar,airfoil_2d.mtx.hgr,no,no,6,2,0.03,0.0289855,0.640556,cut,324,324,no
rKaHyPar,airfoil_2d.mtx.hgr,no,no,7,2,0.03,0.0289855,0.980671,cut,324,324,no
rKaHyPar,airfoil_2d.mtx.hgr,no,no,8,2,0.03,0.0289855,0.730358,cut,324,324,no
rKaHyPar,airfoil_2d.mtx.hgr,no,no,9,2,0.03,0.0289855,1.03201,cut,324,324,no
rKaHyPar,airfoil_2d.mtx.hgr,no,no,0,32,0.03,0.0292135,4.30858,cut,4449,3698,no
rKaHyPar,airfoil_2d.mtx.hgr,no,no,1,32,0.03,0.0292135,4.14923,cut,4627,3806,no
rKaHyPar,airfoil_2d.mtx.hgr,no,no,2,32,0.03,0.0292135,5.83624,cut,4471,3696,no
rKaHyPar,airfoil_2d.mtx.hgr,no,no,3,32,0.03,0.0269663,4.1893,cut,4443,3707,no
rKaHyPar,airfoil_2d.mtx.hgr,no,no,4,32,0.03,0.0292135,5.89363,cut,4576,3775,no
rKaHyPar,airfoil_2d.mtx.hgr,no,no,5,32,0.03,0.0292135,4.13545,cut,4472,3681,no
rKaHyPar,airfoil_2d.mtx.hgr,no,no,6,32,0.03,0.0292135,4.28892,cut,4534,3741,no
rKaHyPar,airfoil_2d.mtx.hgr,no,no,7,32,0.03,0.0292135,5.90118,cut,4480,3710,no
rKaHyPar,airfoil_2d.mtx.hgr,no,no,8,32,0.03,0.0292135,5.94118,cut,4554,3778,no
rKaHyPar,airfoil_2d.mtx.hgr,no,no,9,32,0.03,0.0292135,5.94741,cut,4452,3744,no
rKaHyPar,airfoil_2d.mtx.hgr,no,no,0,4,0.03,0.0275746,1.81404,cut,748,708,no
rKaHyPar,airfoil_2d.mtx.hgr,no,no,1,4,0.03,0.0289814,1.20107,cut,777,728,no
rKaHyPar,airfoil_2d.mtx.hgr,no,no,2,4,0.03,0.0287001,1.75063,cut,753,706,no
rKaHyPar,airfoil_2d.mtx.hgr,no,no,3,4,0.03,0.0168824,1.14588,cut,710,697,no
rKaHyPar,airfoil_2d.mtx.hgr,no,no,4,4,0.03,0.0289814,1.72785,cut,759,723,no
rKaHyPar,airfoil_2d.mtx.hgr,no,no,5,4,0.03,0.0278559,1.2882,cut,767,724,no
rKaHyPar,airfoil_2d.mtx.hgr,no,no,6,4,0.03,0.0295442,1.23233,cut,754,718,no
rKaHyPar,airfoil_2d.mtx.hgr,no,no,7,4,0.03,0.0292628,1.74456,cut,757,730,no
rKaHyPar,airfoil_2d.mtx.hgr,no,no,8,4,0.03,0.0295442,1.81238,cut,764,731,no
rKaHyPar,airfoil_2d.mtx.hgr,no,no,9,4,0.03,0.0278559,1.21598,cut,771,722,no
rKaHyPar,airfoil_2d.mtx.hgr,no,no,0,64,0.03,0.0269058,8.6145,cut,7611,5610,no
rKaHyPar,airfoil_2d.mtx.hgr,no,no,1,64,0.03,0.0269058,5.92358,cut,7535,5554,no
rKaHyPar,airfoil_2d.mtx.hgr,no,no,2,64,0.03,0.0269058,5.96707,cut,7526,5558,no
rKaHyPar,airfoil_2d.mtx.hgr,no,no,3,64,0.03,0.0269058,8.50232,cut,7296,5524,no
rKaHyPar,airfoil_2d.mtx.hgr,no,no,4,64,0.03,0.0269058,8.54843,cut,7584,5530,no
rKaHyPar,airfoil_2d.mtx.hgr,no,no,5,64,0.03,0.0269058,8.51706,cut,7450,5548,no
rKaHyPar,airfoil_2d.mtx.hgr,no,no,6,64,0.03,0.0269058,5.94613,cut,7550,5583,no
rKaHyPar,airfoil_2d.mtx.hgr,no,no,7,64,0.03,0.0269058,8.75559,cut,7515,5585,no
rKaHyPar,airfoil_2d.mtx.hgr,no,no,8,64,0.03,0.0269058,5.94112,cut,7465,5571,no
rKaHyPar,airfoil_2d.mtx.hgr,no,no,9,64,0.03,0.0269058,5.98704,cut,7423,5596,no
rKaHyPar,airfoil_2d.mtx.hgr,no,no,0,8,0.03,0.0281373,2.94531,cut,1541,1441,no
rKaHyPar,airfoil_2d.mtx.hgr,no,no,1,8,0.03,0.0287001,2.6848,cut,1562,1443,no
rKaHyPar,airfoil_2d.mtx.hgr,no,no,2,8,0.03,0.0253236,2.80584,cut,1573,1452,no
rKaHyPar,airfoil_2d.mtx.hgr,no,no,3,8,0.03,0.0292628,3.00214,cut,1494,1399,no
rKaHyPar,airfoil_2d.mtx.hgr,no,no,4,8,0.03,0.0298255,2.86459,cut,1546,1446,no
rKaHyPar,airfoil_2d.mtx.hgr,no,no,5,8,0.03,0.0292628,2.04524,cut,1560,1445,no
rKaHyPar,airfoil_2d.mtx.hgr,no,no,6,8,0.03,0.0241981,2.89848,cut,1591,1450,no
rKaHyPar,airfoil_2d.mtx.hgr,no,no,7,8,0.03,0.0298255,1.9624,cut,1591,1443,no
rKaHyPar,airfoil_2d.mtx.hgr,no,no,8,8,0.03,0.0236353,1.9518,cut,1532,1432,no
rKaHyPar,airfoil_2d.mtx.hgr,no,no,9,8,0.03,0.0275746,2.79175,cut,1572,1443,no
rKaHyPar,Andrews.mtx.hgr,no,no,0,128,0.03,0.0298507,46.2711,cut,122015,45189,no
rKaHyPar,Andrews.mtx.hgr,no,no,1,128,0.03,0.0298507,34.3018,cut,121882,45157,no
rKaHyPar,Andrews.mtx.hgr,no,no,2,128,0.03,0.0298507,34.3755,cut,122881,45331,no
rKaHyPar,Andrews.mtx.hgr,no,no,3,128,0.03,0.0298507,34.5423,cut,121914,45283,no
rKaHyPar,Andrews.mtx.hgr,no,no,5,128,0.03,0.0298507,46.466,cut,123762,45376,no
rKaHyPar,Andrews.mtx.hgr,no,no,6,128,0.03,0.0298507,46.6256,cut,122272,45248,no
rKaHyPar,Andrews.mtx.hgr,no,no,7,128,0.03,0.0298507,46.2995,cut,122958,45290,no
rKaHyPar,Andrews.mtx.hgr,no,no,8,128,0.03,0.0298507,34.5544,cut,122392,45258,no
rKaHyPar,Andrews.mtx.hgr,no,no,9,128,0.03,0.0298507,34.5681,cut,121317,45216,no
rKaHyPar,Andrews.mtx.hgr,no,no,0,16,0.03,0.0298667,27.7041,cut,32107,21628,no
rKaHyPar,Andrews.mtx.hgr,no,no,1,16,0.03,0.0298667,39.4187,cut,31360,21486,no
rKaHyPar,Andrews.mtx.hgr,no,no,2,16,0.03,0.0298667,39.1808,cut,31384,21371,no
rKaHyPar,Andrews.mtx.hgr,no,no,3,16,0.03,0.0298667,26.1264,cut,30502,21225,no
rKaHyPar,Andrews.mtx.hgr,no,no,4,16,0.03,0.0298667,36.2551,cut,30644,21259,no
rKaHyPar,Andrews.mtx.hgr,no,no,5,16,0.03,0.0298667,27.5831,cut,31087,21511,no
rKaHyPar,Andrews.mtx.hgr,no,no,6,16,0.03,0.0298667,27.7494,cut,30475,21233,no
rKaHyPar,Andrews.mtx.hgr,no,no,7,16,0.03,0.0298667,26.3988,cut,31331,21231,no
rKaHyPar,Andrews.mtx.hgr,no,no,8,16,0.03,0.0298667,28.1681,cut,31289,21531,no
rKaHyPar,Andrews.mtx.hgr,no,no,9,16,0.03,0.0298667,35.0601,cut,31483,21191,no
rKaHyPar,Andrews.mtx.hgr,no,no,0,2,0.03,0.0295,9.07419,cut,4024,4024,no
rKaHyPar,Andrews.mtx.hgr,no,no,1,2,0.03,0.0295,9.28796,cut,4024,4024,no
rKaHyPar,Andrews.mtx.hgr,no,no,2,2,0.03,0.0295,6.58254,cut,4024,4024,no
rKaHyPar,Andrews.mtx.hgr,no,no,3,2,0.03,0.0295,6.74628,cut,4024,4024,no
rKaHyPar,Andrews.mtx.hgr,no,no,4,2,0.03,0.0295,6.77423,cut,4024,4024,no
rKaHyPar,Andrews.mtx.hgr,no,no,5,2,0.03,0.0295,6.62444,cut,4024,4024,no
rKaHyPar,Andrews.mtx.hgr,no,no,6,2,0.03,0.0295,6.77691,cut,4024,4024,no
rKaHyPar,Andrews.mtx.hgr,no,no,7,2,0.03,0.0295,9.08937,cut,4024,4024,no
rKaHyPar,Andrews.mtx.hgr,no,no,8,2,0.03,0.0295,6.69587,cut,4024,4024,no
rKaHyPar,Andrews.mtx.hgr,no,no,9,2,0.03,0.0295,9.11402,cut,4024,4024,no
rKaHyPar,Andrews.mtx.hgr,no,no,0,32,0.03,0.0298667,28.6265,cut,49923,29754,no
rKaHyPar,Andrews.mtx.hgr,no,no,1,32,0.03,0.0298667,28.4542,cut,50462,29761,no
rKaHyPar,Andrews.mtx.hgr,no,no,2,32,0.03,0.0298667,37.679,cut,50664,29661,no
rKaHyPar,Andrews.mtx.hgr,no,no,3,32,0.03,0.0298667,28.7282,cut,50145,30006,no
rKaHyPar,Andrews.mtx.hgr,no,no,4,32,0.03,0.0298667,37.9205,cut,50386,29779,no
rKaHyPar,Andrews.mtx.hgr,no,no,5,32,0.03,0.0298667,28.4766,cut,49487,29705,no
rKaHyPar,Andrews.mtx.hgr,no,no,6,32,0.03,0.0298667,28.7729,cut,51169,30184,no
rKaHyPar,Andrews.mtx.hgr,no,no,7,32,0.03,0.0298667,28.2235,cut,49088,29588,no
rKaHyPar,Andrews.mtx.hgr,no,no,8,32,0.03,0.0298667,38.4481,cut,49576,29724,no
rKaHyPar,Andrews.mtx.hgr,no,no,9,32,0.03,0.0298667,39.1494,cut,50172,29915,no
rKaHyPar,Andrews.mtx.hgr,no,no,0,4,0.03,0.03,25.3265,cut,9781,8522,no
rKaHyPar,Andrews.mtx.hgr,no,no,1,4,0.03,0.03,19.349,cut,9689,8479,no
rKaHyPar,Andrews.mtx.hgr,no,no,2,4,0.03,0.03,26.0064,cut,9744,8509,no
rKaHyPar,Andrews.mtx.hgr,no,no,3,4,0.03,0.0298,17.3747,cut,10099,8699,no
rKaHyPar,Andrews.mtx.hgr,no,no,4,4,0.03,0.03,16.423,cut,10093,8685,no
rKaHyPar,Andrews.mtx.hgr,no,no,5,4,0.03,0.03,17.4022,cut,10069,8700,no
rKaHyPar,Andrews.mtx.hgr,no,no,6,4,0.03,0.03,20.3668,cut,9737,8485,no
rKaHyPar,Andrews.mtx.hgr,no,no,7,4,0.03,0.03,25.2176,cut,9751,8503,no
rKaHyPar,Andrews.mtx.hgr,no,no,8,4,0.03,0.03,22.69,cut,10067,8689,no
rKaHyPar,Andrews.mtx.hgr,no,no,9,4,0.03,0.03,19.345,cut,9763,8510,no
rKaHyPar,Andrews.mtx.hgr,no,no,0,64,0.03,0.0298507,42.4679,cut,80274,38652,no
rKaHyPar,Andrews.mtx.hgr,no,no,1,64,0.03,0.0298507,41.961,cut,80540,38527,no
rKaHyPar,Andrews.mtx.hgr,no,no,2,64,0.03,0.0298507,31.1972,cut,80187,38502,no
rKaHyPar,Andrews.mtx.hgr,no,no,3,64,0.03,0.0298507,42.551,cut,79170,38789,no
rKaHyPar,Andrews.mtx.hgr,no,no,4,64,0.03,0.0298507,31.5552,cut,81611,38854,no
rKaHyPar,Andrews.mtx.hgr,no,no,5,64,0.03,0.0298507,41.6496,cut,80031,38585,no
rKaHyPar,Andrews.mtx.hgr,no,no,6,64,0.03,0.0298507,42.683,cut,78769,38525,no
rKaHyPar,Andrews.mtx.hgr,no,no,7,64,0.03,0.0298507,42.597,cut,79447,38670,no
rKaHyPar,Andrews.mtx.hgr,no,no,8,64,0.03,0.0298507,31.7616,cut,80390,38423,no
rKaHyPar,Andrews.mtx.hgr,no,no,9,64,0.03,0.0298507,31.5977,cut,79286,38636,no
rKaHyPar,Andrews.mtx.hgr,no,no,0,8,0.03,0.03,26.1698,cut,18536,13927,no
rKaHyPar,Andrews.mtx.hgr,no,no,1,8,0.03,0.03,26.7902,cut,18241,13727,no
rKaHyPar,Andrews.mtx.hgr,no,no,2,8,0.03,0.0298667,26.3535,cut,18280,13705,no
rKaHyPar,Andrews.mtx.hgr,no,no,3,8,0.03,0.03,27.8355,cut,18478,13814,no
rKaHyPar,Andrews.mtx.hgr,no,no,4,8,0.03,0.03,26.7862,cut,18905,14080,no
rKaHyPar,Andrews.mtx.hgr,no,no,5,8,0.03,0.03,20.0008,cut,18495,13754,no
rKaHyPar,Andrews.mtx.hgr,no,no,6,8,0.03,0.03,27.4105,cut,18930,14088,no
rKaHyPar,Andrews.mtx.hgr,no,no,7,8,0.03,0.03,20.4295,cut,18400,13764,no
rKaHyPar,Andrews.mtx.hgr,no,no,8,8,0.03,0.03,20.5863,cut,18831,14100,no
rKaHyPar,Andrews.mtx.hgr,no,no,9,8,0.03,0.03,27.9977,cut,18572,13801,no
rKaHyPar,appu.mtx.hgr,no,no,0,128,0.03,0,77.1996,cut,1110755,13989,no
rKaHyPar,appu.mtx.hgr,no,no,1,128,0.03,0,49.0026,cut,1114732,13995,no
rKaHyPar,appu.mtx.hgr,no,no,2,128,0.03,0.00909091,49.4029,cut,1111163,13992,no
rKaHyPar,appu.mtx.hgr,no,no,3,128,0.03,0,48.5461,cut,1113395,13992,no
rKaHyPar,appu.mtx.hgr,no,no,5,128,0.03,0,75.3793,cut,1112047,13989,no
rKaHyPar,appu.mtx.hgr,no,no,6,128,0.03,0,76.0382,cut,1110806,13988,no
rKaHyPar,appu.mtx.hgr,no,no,7,128,0.03,0,77.9481,cut,1112129,13989,no
rKaHyPar,appu.mtx.hgr,no,no,8,128,0.03,0,75.0649,cut,1112841,13990,no
rKaHyPar,appu.mtx.hgr,no,no,9,128,0.03,0,49.9178,cut,1113494,13989,no
rKaHyPar,appu.mtx.hgr,no,no,0,16,0.03,0.00342857,48.6888,cut,208509,13982,no
rKaHyPar,appu.mtx.hgr,no,no,1,16,0.03,0.00571429,74.5016,cut,208695,13985,no
rKaHyPar,appu.mtx.hgr,no,no,2,16,0.03,0.00457143,74.2226,cut,208681,13983,no
rKaHyPar,appu.mtx.hgr,no,no,3,16,0.03,0.00342857,46.9867,cut,208686,13984,no
rKaHyPar,appu.mtx.hgr,no,no,4,16,0.03,0.00342857,73.983,cut,208560,13983,no
rKaHyPar,appu.mtx.hgr,no,no,5,16,0.03,0.00114286,46.552,cut,208688,13984,no
rKaHyPar,appu.mtx.hgr,no,no,6,16,0.03,0.00685714,75.9859,cut,208617,13982,no
rKaHyPar,appu.mtx.hgr,no,no,7,16,0.03,0.00114286,47.8806,cut,208517,13980,no
rKaHyPar,appu.mtx.hgr,no,no,8,16,0.03,0.00342857,46.2323,cut,208657,13982,no
rKaHyPar,appu.mtx.hgr,no,no,9,16,0.03,0.00342857,72.7579,cut,208666,13982,no
rKaHyPar,appu.mtx.hgr,no,no,0,2,0.03,0.025,73.8476,cut,13895,13895,no
rKaHyPar,appu.mtx.hgr,no,no,1,2,0.03,0.0222857,73.8785,cut,13903,13903,no
rKaHyPar,appu.mtx.hgr,no,no,2,2,0.03,0.0257143,47.2925,cut,13898,13898,no
rKaHyPar,appu.mtx.hgr,no,no,3,2,0.03,0.026,46.2669,cut,13903,13903,no
rKaHyPar,appu.mtx.hgr,no,no,4,2,0.03,0.0274286,46.5694,cut,13901,13901,no
rKaHyPar,appu.mtx.hgr,no,no,5,2,0.03,0.0211429,46.7582,cut,13902,13902,no
rKaHyPar,appu.mtx.hgr,no,no,6,2,0.03,0.025,46.8164,cut,13900,13900,no
rKaHyPar,appu.mtx.hgr,no,no,7,2,0.03,0.026,74.7632,cut,13901,13901,no
rKaHyPar,appu.mtx.hgr,no,no,8,2,0.03,0.0224286,46.3723,cut,13906,13906,no
rKaHyPar,appu.mtx.hgr,no,no,9,2,0.03,0.0278571,74.2129,cut,13903,13903,no
rKaHyPar,appu.mtx.hgr,no,no,0,32,0.03,0,48.3406,cut,419237,13985,no
rKaHyPar,appu.mtx.hgr,no,no,1,32,0.03,0.00228311,49.1362,cut,419396,13985,no
rKaHyPar,appu.mtx.hgr,no,no,2,32,0.03,0.00228311,74.7222,cut,418934,13985,no
rKaHyPar,appu.mtx.hgr,no,no,3,32,0.03,0.00456621,48.0706,cut,419053,13986,no
rKaHyPar,appu.mtx.hgr,no,no,4,32,0.03,0.00228311,74.729,cut,419337,13987,no
rKaHyPar,appu.mtx.hgr,no,no,5,32,0.03,0,48.1144,cut,419213,13985,no
rKaHyPar,appu.mtx.hgr,no,no,6,32,0.03,0.00228311,47.7338,cut,419350,13985,no
rKaHyPar,appu.mtx.hgr,no,no,7,32,0.03,0,49.2912,cut,419256,13983,no
rKaHyPar,appu.mtx.hgr,no,no,8,32,0.03,0.00228311,73.9985,cut,419207,13990,no
rKaHyPar,appu.mtx.hgr,no,no,9,32,0.03,0,76.8587,cut,419214,13982,no
rKaHyPar,appu.mtx.hgr,no,no,0,4,0.03,0.0262857,73.7554,cut,41754,13944,no
rKaHyPar,appu.mtx.hgr,no,no,1,4,0.03,0.0285714,47.7079,cut,41770,13950,no
rKaHyPar,appu.mtx.hgr,no,no,2,4,0.03,0.016,73.3965,cut,41767,13947,no
rKaHyPar,appu.mtx.hgr,no,no,3,4,0.03,0.0165714,46.6043,cut,41772,13950,no
rKaHyPar,appu.mtx.hgr,no,no,4,4,0.03,0.0262857,73.4149,cut,41769,13949,no
rKaHyPar,appu.mtx.hgr,no,no,5,4,0.03,0.016,47.1811,cut,41764,13950,no
rKaHyPar,appu.mtx.hgr,no,no,6,4,0.03,0.0142857,46.7614,cut,41756,13949,no
rKaHyPar,appu.mtx.hgr,no,no,7,4,0.03,0.0108571,74.6497,cut,41766,13950,no
rKaHyPar,appu.mtx.hgr,no,no,8,4,0.03,0.0288571,73.9517,cut,41772,13950,no
rKaHyPar,appu.mtx.hgr,no,no,9,4,0.03,0.00714286,47.1297,cut,41768,13950,no
rKaHyPar,appu.mtx.hgr,no,no,0,64,0.03,0.00456621,75.7723,cut,746147,13988,no
rKaHyPar,appu.mtx.hgr,no,no,1,64,0.03,0.00456621,49.2211,cut,746020,13991,no
rKaHyPar,appu.mtx.hgr,no,no,2,64,0.03,0.00456621,49.3586,cut,745749,13988,no
rKaHyPar,appu.mtx.hgr,no,no,3,64,0.03,0.00913242,74.3585,cut,746322,13986,no
rKaHyPar,appu.mtx.hgr,no,no,4,64,0.03,0,74.8315,cut,746644,13988,no
rKaHyPar,appu.mtx.hgr,no,no,5,64,0.03,0.00456621,74.6969,cut,749945,13991,no
rKaHyPar,appu.mtx.hgr,no,no,6,64,0.03,0.00456621,76.1063,cut,746673,13988,no
rKaHyPar,appu.mtx.hgr,no,no,7,64,0.03,0,75.2261,cut,748932,13989,no
rKaHyPar,appu.mtx.hgr,no,no,8,64,0.03,0.00456621,48.1753,cut,746029,13989,no
rKaHyPar,appu.mtx.hgr,no,no,9,64,0.03,0.00456621,49.0369,cut,746681,13989,no
rKaHyPar,appu.mtx.hgr,no,no,0,8,0.03,0.0222857,74.3916,cut,97486,13968,no
rKaHyPar,appu.mtx.hgr,no,no,1,8,0.03,0.00742857,74.1056,cut,97525,13971,no
rKaHyPar,appu.mtx.hgr,no,no,2,8,0.03,0.024,73.3676,cut,97520,13973,no
rKaHyPar,appu.mtx.hgr,no,no,3,8,0.03,0.00571429,73.813,cut,97504,13971,no
rKaHyPar,appu.mtx.hgr,no,no,4,8,0.03,0.008,73.0318,cut,97502,13972,no
rKaHyPar,appu.mtx.hgr,no,no,5,8,0.03,0.0222857,47.5178,cut,97500,13970,no
rKaHyPar,appu.mtx.hgr,no,no,6,8,0.03,0.00971429,74.4914,cut,97510,13972,no
rKaHyPar,appu.mtx.hgr,no,no,7,8,0.03,0.0188571,47.6295,cut,97474,13967,no
rKaHyPar,appu.mtx.hgr,no,no,8,8,0.03,0.0154286,47.2138,cut,97504,13973,no
rKaHyPar,appu.mtx.hgr,no,no,9,8,0.03,0.0148571,75.0582,cut,97495,13970,no
rKaHyPar,as-22july06.mtx.hgr,no,no,0,128,0.03,0.0277778,9.67053,cut,23875,5589,no
rKaHyPar,as-22july06.mtx.hgr,no,no,1,128,0.03,0.0277778,6.71679,cut,24398,5783,no
rKaHyPar,as-22july06.mtx.hgr,no,no,2,128,0.03,0.0277778,6.43847,cut,24285,5499,no
rKaHyPar,as-22july06.mtx.hgr,no,no,3,128,0.03,0.0277778,6.54828,cut,23983,5758,no
rKaHyPar,as-22july06.mtx.hgr,no,no,4,128,0.03,0.0277778,10.0279,cut,24724,5450,no
rKaHyPar,as-22july06.mtx.hgr,no,no,5,128,0.03,0.0277778,9.63162,cut,23961,5616,no
rKaHyPar,as-22july06.mtx.hgr,no,no,6,128,0.03,0.0277778,9.60317,cut,24079,5681,no
rKaHyPar,as-22july06.mtx.hgr,no,no,7,128,0.03,0.0277778,6.61313,cut,23653,5567,no
rKaHyPar,as-22july06.mtx.hgr,no,no,8,128,0.03,0.0277778,6.54524,cut,24281,5634,no
rKaHyPar,as-22july06.mtx.hgr,no,no,9,128,0.03,0.0277778,6.55676,cut,23763,5542,no
rKaHyPar,as-22july06.mtx.hgr,no,no,0,16,0.03,0.0299443,5.57903,cut,8072,3179,no
rKaHyPar,as-22july06.mtx.hgr,no,no,1,16,0.03,0.0299443,5.56743,cut,7842,3377,no
rKaHyPar,as-22july06.mtx.hgr,no,no,2,16,0.03,0.0292479,8.41666,cut,8763,3515,no
rKaHyPar,as-22july06.mtx.hgr,no,no,3,16,0.03,0.0299443,5.41216,cut,8092,3223,no
rKaHyPar,as-22july06.mtx.hgr,no,no,4,16,0.03,0.0299443,8.61474,cut,7899,3238,no
rKaHyPar,as-22july06.mtx.hgr,no,no,5,16,0.03,0.0299443,5.59928,cut,8231,3524,no
rKaHyPar,as-22july06.mtx.hgr,no,no,6,16,0.03,0.0299443,5.71628,cut,8459,3538,no
rKaHyPar,as-22july06.mtx.hgr,no,no,7,16,0.03,0.0299443,5.42265,cut,8242,3269,no
rKaHyPar,as-22july06.mtx.hgr,no,no,8,16,0.03,0.0299443,5.25211,cut,7762,3235,no
rKaHyPar,as-22july06.mtx.hgr,no,no,9,16,0.03,0.0299443,8.52476,cut,8260,3410,no
rKaHyPar,as-22july06.mtx.hgr,no,no,0,2,0.03,0.0286535,5.8408,cut,400,400,no
rKaHyPar,as-22july06.mtx.hgr,no,no,1,2,0.03,0.0297858,4.29986,cut,298,298,no
rKaHyPar,as-22july06.mtx.hgr,no,no,2,2,0.03,0.0293503,4.32625,cut,298,298,no
rKaHyPar,as-22july06.mtx.hgr,no,no,3,2,0.03,0.0293503,4.27834,cut,402,402,no
rKaHyPar,as-22july06.mtx.hgr,no,no,4,2,0.03,0.0292632,4.27708,cut,304,304,no
rKaHyPar,as-22july06.mtx.hgr,no,no,5,2,0.03,0.0283923,4.06038,cut,277,277,no
rKaHyPar,as-22july06.mtx.hgr,no,no,6,2,0.03,0.0290019,4.47504,cut,289,289,no
rKaHyPar,as-22july06.mtx.hgr,no,no,7,2,0.03,0.0279568,4.34474,cut,300,300,no
rKaHyPar,as-22july06.mtx.hgr,no,no,8,2,0.03,0.0296987,4.34449,cut,294,294,no
rKaHyPar,as-22july06.mtx.hgr,no,no,9,2,0.03,0.0290019,6.35215,cut,289,289,no
rKaHyPar,as-22july06.mtx.hgr,no,no,0,32,0.03,0.0292479,5.89034,cut,12491,4101,no
rKaHyPar,as-22july06.mtx.hgr,no,no,1,32,0.03,0.0292479,5.57814,cut,13053,4355,no
rKaHyPar,as-22july06.mtx.hgr,no,no,2,32,0.03,0.0292479,8.58923,cut,12105,4076,no
rKaHyPar,as-22july06.mtx.hgr,no,no,3,32,0.03,0.0292479,5.67969,cut,12549,3960,no
rKaHyPar,as-22july06.mtx.hgr,no,no,4,32,0.03,0.0292479,9.06047,cut,12402,4188,no
rKaHyPar,as-22july06.mtx.hgr,no,no,5,32,0.03,0.0292479,5.60571,cut,12468,4183,no
rKaHyPar,as-22july06.mtx.hgr,no,no,6,32,0.03,0.0292479,5.83715,cut,12732,4176,no
rKaHyPar,as-22july06.mtx.hgr,no,no,7,32,0.03,0.0292479,5.64798,cut,12422,4036,no
rKaHyPar,as-22july06.mtx.hgr,no,no,8,32,0.03,0.0292479,8.72885,cut,12783,4211,no
rKaHyPar,as-22july06.mtx.hgr,no,no,9,32,0.03,0.0292479,5.92477,cut,12597,3876,no
rKaHyPar,as-22july06.mtx.hgr,no,no,0,4,0.03,0.0299599,7.12599,cut,1569,1065,no
rKaHyPar,as-22july06.mtx.hgr,no,no,1,4,0.03,0.0297858,4.74937,cut,1532,1090,no
rKaHyPar,as-22july06.mtx.hgr,no,no,2,4,0.03,0.0299599,6.81147,cut,1589,1086,no
rKaHyPar,as-22july06.mtx.hgr,no,no,3,4,0.03,0.0299599,4.63653,cut,1538,1113,no
rKaHyPar,as-22july06.mtx.hgr,no,no,4,4,0.03,0.0299599,4.71543,cut,1702,1248,no
rKaHyPar,as-22july06.mtx.hgr,no,no,5,4,0.03,0.0299599,4.79987,cut,1505,1075,no
rKaHyPar,as-22july06.mtx.hgr,no,no,6,4,0.03,0.0299599,4.68181,cut,1622,1121,no
rKaHyPar,as-22july06.mtx.hgr,no,no,7,4,0.03,0.0299599,7.03315,cut,1719,1270,no
rKaHyPar,as-22july06.mtx.hgr,no,no,8,4,0.03,0.0299599,6.75399,cut,1707,1205,no
rKaHyPar,as-22july06.mtx.hgr,no,no,9,4,0.03,0.029089,7.03257,cut,1517,1053,no
rKaHyPar,as-22july06.mtx.hgr,no,no,0,64,0.03,0.0278552,9.19923,cut,18283,5033,no
rKaHyPar,as-22july06.mtx.hgr,no,no,1,64,0.03,0.0278552,9.06844,cut,18357,4965,no
rKaHyPar,as-22july06.mtx.hgr,no,no,2,64,0.03,0.0278552,6.10237,cut,18022,5036,no
rKaHyPar,as-22july06.mtx.hgr,no,no,3,64,0.03,0.0278552,8.92949,cut,18310,5001,no
rKaHyPar,as-22july06.mtx.hgr,no,no,4,64,0.03,0.0278552,6.22337,cut,17884,4960,no
rKaHyPar,as-22july06.mtx.hgr,no,no,5,64,0.03,0.0278552,9.17928,cut,18068,5049,no
rKaHyPar,as-22july06.mtx.hgr,no,no,6,64,0.03,0.0278552,9.05743,cut,18397,5017,no
rKaHyPar,as-22july06.mtx.hgr,no,no,7,64,0.03,0.0278552,8.97503,cut,18308,5044,no
rKaHyPar,as-22july06.mtx.hgr,no,no,8,64,0.03,0.0278552,6.24633,cut,17362,4706,no
rKaHyPar,as-22july06.mtx.hgr,no,no,9,64,0.03,0.0278552,5.9949,cut,18048,4868,no
rKaHyPar,as-22july06.mtx.hgr,no,no,0,8,0.03,0.0299547,7.76,cut,4563,2388,no
rKaHyPar,as-22july06.mtx.hgr,no,no,1,8,0.03,0.0299547,7.72736,cut,4442,2355,no
rKaHyPar,as-22july06.mtx.hgr,no,no,2,8,0.03,0.0299547,7.56924,cut,4455,2496,no
rKaHyPar,as-22july06.mtx.hgr,no,no,3,8,0.03,0.0299547,7.46602,cut,4473,2395,no
rKaHyPar,as-22july06.mtx.hgr,no,no,4,8,0.03,0.0299547,8.01781,cut,4653,2580,no
rKaHyPar,as-22july06.mtx.hgr,no,no,5,8,0.03,0.0299547,7.84553,cut,4588,2595,no
rKaHyPar,as-22july06.mtx.hgr,no,no,6,8,0.03,0.0299547,7.69573,cut,4152,2201,no
rKaHyPar,as-22july06.mtx.hgr,no,no,7,8,0.03,0.0282132,5.1842,cut,4503,2385,no
rKaHyPar,as-22july06.mtx.hgr,no,no,8,8,0.03,0.0299547,5.1267,cut,4294,2260,no
rKaHyPar,as-22july06.mtx.hgr,no,no,9,8,0.03,0.0299547,8.03095,cut,4416,2339,no
rKaHyPar,as-caida.mtx.hgr,no,no,0,128,0.03,0.0284553,12.3195,cut,25779,6137,no
rKaHyPar,as-caida.mtx.hgr,no,no,1,128,0.03,0.0284553,8.66269,cut,25948,6177,no
rKaHyPar,as-caida.mtx.hgr,no,no,2,128,0.03,0.0284553,8.41551,cut,25251,6154,no
rKaHyPar,as-caida.mtx.hgr,no,no,3,128,0.03,0.0284553,8.23887,cut,25552,6150,no
rKaHyPar,as-caida.mtx.hgr,no,no,4,128,0.03,0.0284553,12.4534,cut,25580,6153,no
rKaHyPar,as-caida.mtx.hgr,no,no,5,128,0.03,0.0284553,12.4614,cut,25544,6166,no
rKaHyPar,as-caida.mtx.hgr,no,no,6,128,0.03,0.0284553,12.4924,cut,24967,5892,no
rKaHyPar,as-caida.mtx.hgr,no,no,7,128,0.03,0.0284553,8.79442,cut,25731,6078,no
rKaHyPar,as-caida.mtx.hgr,no,no,8,128,0.03,0.0284553,12.3659,cut,25519,6086,no
rKaHyPar,as-caida.mtx.hgr,no,no,9,128,0.03,0.0284553,8.31302,cut,25191,6128,no
rKaHyPar,as-caida.mtx.hgr,no,no,0,16,0.03,0.029052,7.19375,cut,7909,3529,no
rKaHyPar,as-caida.mtx.hgr,no,no,1,16,0.03,0.0295617,7.35484,cut,8058,3456,no
rKaHyPar,as-caida.mtx.hgr,no,no,2,16,0.03,0.0295617,10.5106,cut,7846,3467,no
rKaHyPar,as-caida.mtx.hgr,no,no,3,16,0.03,0.029052,7.1317,cut,7714,3471,no
rKaHyPar,as-caida.mtx.hgr,no,no,4,16,0.03,0.0295617,10.3704,cut,7660,3452,no
rKaHyPar,as-caida.mtx.hgr,no,no,5,16,0.03,0.0295617,7.11705,cut,7975,3516,no
rKaHyPar,as-caida.mtx.hgr,no,no,6,16,0.03,0.0295617,10.5649,cut,8007,3596,no
rKaHyPar,as-caida.mtx.hgr,no,no,7,16,0.03,0.0295617,6.99394,cut,7807,3510,no
rKaHyPar,as-caida.mtx.hgr,no,no,8,16,0.03,0.029052,7.35879,cut,7679,3478,no
rKaHyPar,as-caida.mtx.hgr,no,no,9,16,0.03,0.0295617,10.5646,cut,7759,3492,no
rKaHyPar,as-caida.mtx.hgr,no,no,0,2,0.03,0.0296367,8.90889,cut,167,167,no
rKaHyPar,as-caida.mtx.hgr,no,no,1,2,0.03,0.0292543,5.7847,cut,186,186,no
rKaHyPar,as-caida.mtx.hgr,no,no,2,2,0.03,0.0299554,5.67345,cut,173,173,no
rKaHyPar,as-caida.mtx.hgr,no,no,3,2,0.03,0.029573,5.69483,cut,172,172,no
rKaHyPar,as-caida.mtx.hgr,no,no,4,2,0.03,0.0297642,5.8367,cut,193,193,no
rKaHyPar,as-caida.mtx.hgr,no,no,5,2,0.03,0.029573,5.55145,cut,166,166,no
rKaHyPar,as-caida.mtx.hgr,no,no,6,2,0.03,0.0297642,6.04802,cut,149,149,no
rKaHyPar,as-caida.mtx.hgr,no,no,7,2,0.03,0.0294455,5.60555,cut,191,191,no
rKaHyPar,as-caida.mtx.hgr,no,no,8,2,0.03,0.0296367,5.64902,cut,167,167,no
rKaHyPar,as-caida.mtx.hgr,no,no,9,2,0.03,0.0298917,8.83767,cut,165,165,no
rKaHyPar,as-caida.mtx.hgr,no,no,0,32,0.03,0.0295617,7.59576,cut,12339,4363,no
rKaHyPar,as-caida.mtx.hgr,no,no,1,32,0.03,0.0295617,7.66873,cut,12844,4493,no
rKaHyPar,as-caida.mtx.hgr,no,no,2,32,0.03,0.0295617,11.1569,cut,12822,4460,no
rKaHyPar,as-caida.mtx.hgr,no,no,3,32,0.03,0.0295617,7.70803,cut,12591,4446,no
rKaHyPar,as-caida.mtx.hgr,no,no,4,32,0.03,0.0295617,10.994,cut,13053,4530,no
rKaHyPar,as-caida.mtx.hgr,no,no,5,32,0.03,0.0295617,7.35895,cut,13104,4491,no
rKaHyPar,as-caida.mtx.hgr,no,no,6,32,0.03,0.0295617,7.41856,cut,12943,4561,no
rKaHyPar,as-caida.mtx.hgr,no,no,7,32,0.03,0.0295617,7.71764,cut,12722,4456,no
rKaHyPar,as-caida.mtx.hgr,no,no,8,32,0.03,0.0295617,11.3991,cut,12452,4321,no
rKaHyPar,as-caida.mtx.hgr,no,no,9,32,0.03,0.0285423,7.42611,cut,13059,4471,no
rKaHyPar,as-caida.mtx.hgr,no,no,0,4,0.03,0.0299554,9.30992,cut,1306,1001,no
rKaHyPar,as-caida.mtx.hgr,no,no,1,4,0.03,0.029318,6.3013,cut,1308,1001,no
rKaHyPar,as-caida.mtx.hgr,no,no,2,4,0.03,0.0298279,9.06406,cut,1275,989,no
rKaHyPar,as-caida.mtx.hgr,no,no,3,4,0.03,0.029573,6.08495,cut,1295,1001,no
rKaHyPar,as-caida.mtx.hgr,no,no,4,4,0.03,0.029573,9.17797,cut,1259,972,no
rKaHyPar,as-caida.mtx.hgr,no,no,5,4,0.03,0.029573,6.05381,cut,1284,1005,no
rKaHyPar,as-caida.mtx.hgr,no,no,6,4,0.03,0.0297004,6.04611,cut,1283,998,no
rKaHyPar,as-caida.mtx.hgr,no,no,7,4,0.03,0.0299554,9.17155,cut,1217,925,no
rKaHyPar,as-caida.mtx.hgr,no,no,8,4,0.03,0.029318,9.33874,cut,1246,954,no
rKaHyPar,as-caida.mtx.hgr,no,no,9,4,0.03,0.0297004,9.14102,cut,1375,1040,no
rKaHyPar,as-caida.mtx.hgr,no,no,0,64,0.03,0.0285132,11.6938,cut,18867,5333,no
rKaHyPar,as-caida.mtx.hgr,no,no,1,64,0.03,0.0285132,8.16887,cut,18992,5353,no
rKaHyPar,as-caida.mtx.hgr,no,no,2,64,0.03,0.0285132,7.94329,cut,19017,5334,no
rKaHyPar,as-caida.mtx.hgr,no,no,3,64,0.03,0.0285132,11.6538,cut,19022,5308,no
rKaHyPar,as-caida.mtx.hgr,no,no,4,64,0.03,0.0285132,11.6799,cut,19441,5303,no
rKaHyPar,as-caida.mtx.hgr,no,no,5,64,0.03,0.0285132,11.8657,cut,19276,5317,no
rKaHyPar,as-caida.mtx.hgr,no,no,6,64,0.03,0.0285132,11.7928,cut,18859,5334,no
rKaHyPar,as-caida.mtx.hgr,no,no,7,64,0.03,0.0285132,11.897,cut,18555,5346,no
rKaHyPar,as-caida.mtx.hgr,no,no,8,64,0.03,0.0285132,8.08676,cut,19104,5337,no
rKaHyPar,as-caida.mtx.hgr,no,no,9,64,0.03,0.0285132,7.96456,cut,18912,5312,no
rKaHyPar,as-caida.mtx.hgr,no,no,0,8,0.03,0.0295692,10.1373,cut,3951,2373,no
rKaHyPar,as-caida.mtx.hgr,no,no,1,8,0.03,0.0298241,10.0979,cut,4154,2372,no
rKaHyPar,as-caida.mtx.hgr,no,no,2,8,0.03,0.0298241,10.2296,cut,3823,2218,no
rKaHyPar,as-caida.mtx.hgr,no,no,3,8,0.03,0.0295692,9.82404,cut,3820,2215,no
rKaHyPar,as-caida.mtx.hgr,no,no,4,8,0.03,0.0295692,9.7741,cut,3977,2353,no
rKaHyPar,as-caida.mtx.hgr,no,no,5,8,0.03,0.0298241,9.8963,cut,4055,2340,no
rKaHyPar,as-caida.mtx.hgr,no,no,6,8,0.03,0.0298241,10.0295,cut,3891,2285,no
rKaHyPar,as-caida.mtx.hgr,no,no,7,8,0.03,0.0298241,6.87158,cut,4021,2428,no
rKaHyPar,as-caida.mtx.hgr,no,no,8,8,0.03,0.0295692,6.77632,cut,3850,2253,no
rKaHyPar,as-caida.mtx.hgr,no,no,9,8,0.03,0.0298241,10.1606,cut,3924,2320,no
rKaHyPar,astro-ph.mtx.hgr,no,no,0,128,0.03,0.0229008,9.21899,cut,73377,7410,no
rKaHyPar,astro-ph.mtx.hgr,no,no,1,128,0.03,0.0229008,6.50495,cut,65952,7468,no
rKaHyPar,astro-ph.mtx.hgr,no,no,2,128,0.03,0.0229008,6.41071,cut,70643,7456,no
rKaHyPar,astro-ph.mtx.hgr,no,no,3,128,0.03,0.0229008,6.69674,cut,65726,7540,no
rKaHyPar,astro-ph.mtx.hgr,no,no,4,128,0.03,0.0229008,9.5126,cut,70242,7517,no
rKaHyPar,astro-ph.mtx.hgr,no,no,5,128,0.03,0.0229008,9.27879,cut,67476,7571,no
rKaHyPar,astro-ph.mtx.hgr,no,no,6,128,0.03,0.0229008,9.21876,cut,66918,7608,no
rKaHyPar,astro-ph.mtx.hgr,no,no,7,128,0.03,0.0229008,6.6262,cut,70438,7580,no
rKaHyPar,astro-ph.mtx.hgr,no,no,8,128,0.03,0.0229008,6.54769,cut,66859,7654,no
rKaHyPar,astro-ph.mtx.hgr,no,no,9,128,0.03,0.0229008,6.39964,cut,72134,7416,no
rKaHyPar,astro-ph.mtx.hgr,no,no,0,16,0.03,0.0181818,5.87632,cut,28953,6715,no
rKaHyPar,astro-ph.mtx.hgr,no,no,1,16,0.03,0.0143541,4.16786,cut,29144,6643,no
rKaHyPar,astro-ph.mtx.hgr,no,no,2,16,0.03,0.0277512,5.76055,cut,31074,6446,no
rKaHyPar,astro-ph.mtx.hgr,no,no,3,16,0.03,0.0181818,3.92844,cut,30756,6482,no
rKaHyPar,astro-ph.mtx.hgr,no,no,4,16,0.03,0.0258373,5.58018,cut,31384,6578,no
rKaHyPar,astro-ph.mtx.hgr,no,no,5,16,0.03,0.0296651,3.82239,cut,31407,6447,no
rKaHyPar,astro-ph.mtx.hgr,no,no,6,16,0.03,0.0229665,4.32652,cut,28889,6715,no
rKaHyPar,astro-ph.mtx.hgr,no,no,7,16,0.03,0.0287081,4.18686,cut,29351,6642,no
rKaHyPar,astro-ph.mtx.hgr,no,no,8,16,0.03,0.0277512,4.19174,cut,28626,6639,no
rKaHyPar,astro-ph.mtx.hgr,no,no,9,16,0.03,0.0239234,6.16712,cut,28975,6560,no
rKaHyPar,astro-ph.mtx.hgr,no,no,0,2,0.03,0.0299294,7.39178,cut,3451,3451,no
rKaHyPar,astro-ph.mtx.hgr,no,no,1,2,0.03,0.0299294,15.2125,cut,3613,3613,no
rKaHyPar,astro-ph.mtx.hgr,no,no,2,2,0.03,0.0295702,6.95078,cut,3455,3455,no
rKaHyPar,astro-ph.mtx.hgr,no,no,3,2,0.03,0.0293308,5.68406,cut,3503,3503,no
rKaHyPar,astro-ph.mtx.hgr,no,no,4,2,0.03,0.0299294,5.08127,cut,3473,3473,no
rKaHyPar,astro-ph.mtx.hgr,no,no,5,2,0.03,0.0296899,5.14802,cut,3447,3447,no
rKaHyPar,astro-ph.mtx.hgr,no,no,6,2,0.03,0.0299294,5.16772,cut,3472,3472,no
rKaHyPar,astro-ph.mtx.hgr,no,no,7,2,0.03,0.0299294,5.0459,cut,3378,3378,no
rKaHyPar,astro-ph.mtx.hgr,no,no,8,2,0.03,0.0299294,4.97488,cut,3445,3445,no
rKaHyPar,astro-ph.mtx.hgr,no,no,9,2,0.03,0.0298096,5.69314,cut,3447,3447,no
rKaHyPar,astro-ph.mtx.hgr,no,no,0,32,0.03,0.0267686,4.51757,cut,42838,6995,no
rKaHyPar,astro-ph.mtx.hgr,no,no,1,32,0.03,0.0191205,4.85481,cut,42423,6933,no
rKaHyPar,astro-ph.mtx.hgr,no,no,2,32,0.03,0.0210325,4.51114,cut,44054,6784,no
rKaHyPar,astro-ph.mtx.hgr,no,no,3,32,0.03,0.0229446,5.03509,cut,41346,6903,no
rKaHyPar,astro-ph.mtx.hgr,no,no,4,32,0.03,0.0267686,6.03064,cut,42880,6801,no
rKaHyPar,astro-ph.mtx.hgr,no,no,5,32,0.03,0.0248566,4.44105,cut,44219,6817,no
rKaHyPar,astro-ph.mtx.hgr,no,no,6,32,0.03,0.0210325,4.80423,cut,42676,6883,no
rKaHyPar,astro-ph.mtx.hgr,no,no,7,32,0.03,0.0267686,4.50198,cut,43437,6897,no
rKaHyPar,astro-ph.mtx.hgr,no,no,8,32,0.03,0.0286807,6.63737,cut,41767,6957,no
rKaHyPar,astro-ph.mtx.hgr,no,no,9,32,0.03,0.0191205,4.39561,cut,43249,6784,no
rKaHyPar,astro-ph.mtx.hgr,no,no,0,4,0.03,0.0299258,5.39408,cut,10093,5312,no
rKaHyPar,astro-ph.mtx.hgr,no,no,1,4,0.03,0.0181949,3.80191,cut,9888,5276,no
rKaHyPar,astro-ph.mtx.hgr,no,no,2,4,0.03,0.0299258,4.79222,cut,10295,5134,no
rKaHyPar,astro-ph.mtx.hgr,no,no,3,4,0.03,0.0292076,3.43779,cut,10755,5509,no
rKaHyPar,astro-ph.mtx.hgr,no,no,4,4,0.03,0.0143644,3.53245,cut,10125,5472,no
rKaHyPar,astro-ph.mtx.hgr,no,no,5,4,0.03,0.0222648,3.16435,cut,10266,5152,no
rKaHyPar,astro-ph.mtx.hgr,no,no,6,4,0.03,0.016519,3.74548,cut,9827,5223,no
rKaHyPar,astro-ph.mtx.hgr,no,no,7,4,0.03,0.0146038,4.96018,cut,9833,5337,no
rKaHyPar,astro-ph.mtx.hgr,no,no,8,4,0.03,0.0148432,5.1511,cut,9826,5335,no
rKaHyPar,astro-ph.mtx.hgr,no,no,9,4,0.03,0.0292076,4.32565,cut,10401,5043,no
rKaHyPar,astro-ph.mtx.hgr,no,no,0,64,0.03,0.0229008,7.74254,cut,54668,7223,no
rKaHyPar,astro-ph.mtx.hgr,no,no,1,64,0.03,0.0229008,7.58923,cut,53014,7214,no
rKaHyPar,astro-ph.mtx.hgr,no,no,2,64,0.03,0.0267176,5.39408,cut,54676,7227,no
rKaHyPar,astro-ph.mtx.hgr,no,no,3,64,0.03,0.0229008,7.05936,cut,55357,7209,no
rKaHyPar,astro-ph.mtx.hgr,no,no,4,64,0.03,0.0267176,5.212,cut,54298,7166,no
rKaHyPar,astro-ph.mtx.hgr,no,no,5,64,0.03,0.019084,7.34561,cut,56356,7110,no
rKaHyPar,astro-ph.mtx.hgr,no,no,6,64,0.03,0.0229008,7.61395,cut,56286,7279,no
rKaHyPar,astro-ph.mtx.hgr,no,no,7,64,0.03,0.019084,5.35011,cut,54360,7315,no
rKaHyPar,astro-ph.mtx.hgr,no,no,8,64,0.03,0.0267176,5.35959,cut,54504,7339,no
rKaHyPar,astro-ph.mtx.hgr,no,no,9,64,0.03,0.0152672,5.28805,cut,57890,7053,no
rKaHyPar,astro-ph.mtx.hgr,no,no,0,8,0.03,0.0287219,5.40021,cut,18554,6249,no
rKaHyPar,astro-ph.mtx.hgr,no,no,1,8,0.03,0.0229775,5.61695,cut,18534,6097,no
rKaHyPar,astro-ph.mtx.hgr,no,no,2,8,0.03,0.0292006,5.42676,cut,18311,6071,no
rKaHyPar,astro-ph.mtx.hgr,no,no,3,8,0.03,0.0292006,5.72731,cut,18562,6052,no
rKaHyPar,astro-ph.mtx.hgr,no,no,4,8,0.03,0.0263284,5.20962,cut,19229,5963,no
rKaHyPar,astro-ph.mtx.hgr,no,no,5,8,0.03,0.0229775,4.95463,cut,18888,5977,no
rKaHyPar,astro-ph.mtx.hgr,no,no,6,8,0.03,0.0282432,5.77736,cut,18552,6242,no
rKaHyPar,astro-ph.mtx.hgr,no,no,7,8,0.03,0.0287219,4.16736,cut,18513,6066,no
rKaHyPar,astro-ph.mtx.hgr,no,no,8,8,0.03,0.0296793,4.02353,cut,18789,6047,no
rKaHyPar,astro-ph.mtx.hgr,no,no,9,8,0.03,0.0153183,5.00171,cut,19563,5947,no
rKaHyPar,atmosmodj.mtx.hgr,no,no,0,128,0.03,0.0299214,928.973,cut,229437,206902,no
rKaHyPar,atmosmodj.mtx.hgr,no,no,1,128,0.03,0.0299214,769.194,cut,230883,207827,no
rKaHyPar,atmosmodj.mtx.hgr,no,no,2,128,0.03,0.0299214,745.163,cut,241745,217004,no
rKaHyPar,atmosmodj.mtx.hgr,no,no,3,128,0.03,0.0299214,745.528,cut,220290,199215,no
rKaHyPar,atmosmodj.mtx.hgr,no,no,4,128,0.03,0.0299214,1005.37,cut,234968,211224,no
rKaHyPar,atmosmodj.mtx.hgr,no,no,5,128,0.03,0.0299214,897.202,cut,233071,209566,no
rKaHyPar,atmosmodj.mtx.hgr,no,no,6,128,0.03,0.0299214,961.969,cut,237851,214088,no
rKaHyPar,atmosmodj.mtx.hgr,no,no,7,128,0.03,0.0299214,750.054,cut,228262,205533,no
rKaHyPar,atmosmodj.mtx.hgr,no,no,8,128,0.03,0.0298207,971.701,cut,227800,205596,no
rKaHyPar,atmosmodj.mtx.hgr,no,no,9,128,0.03,0.0299214,768.541,cut,226771,204584,no
rKaHyPar,atmosmodj.mtx.hgr,no,no,0,16,0.03,0.0299992,1642.37,cut,90711,87677,no
rKaHyPar,atmosmodj.mtx.hgr,no,no,1,16,0.03,0.0299741,1474.53,cut,89504,86443,no
rKaHyPar,atmosmodj.mtx.hgr,no,no,2,16,0.03,0.0299237,1984.31,cut,88735,85733,no
rKaHyPar,atmosmodj.mtx.hgr,no,no,3,16,0.03,0.0299489,1540.59,cut,87671,84518,no
rKaHyPar,atmosmodj.mtx.hgr,no,no,4,16,0.03,0.0299867,2029.34,cut,89884,86820,no
rKaHyPar,atmosmodj.mtx.hgr,no,no,5,16,0.03,0.0299363,2700.73,cut,93233,90179,no
rKaHyPar,atmosmodj.mtx.hgr,no,no,6,16,0.03,0.0299489,3664.52,cut,88428,85473,no
rKaHyPar,atmosmodj.mtx.hgr,no,no,7,16,0.03,0.0299992,1143.31,cut,93343,90353,no
rKaHyPar,atmosmodj.mtx.hgr,no,no,8,16,0.03,0.0297096,1275.76,cut,90444,87438,no
rKaHyPar,atmosmodj.mtx.hgr,no,no,9,16,0.03,0.0299489,1243.16,cut,95088,92061,no
rKaHyPar,atmosmodj.mtx.hgr,no,no,0,2,0.03,0,420.415,cut,17168,17168,no
rKaHyPar,atmosmodj.mtx.hgr,no,no,1,2,0.03,0,338.306,cut,17168,17168,no
rKaHyPar,atmosmodj.mtx.hgr,no,no,2,2,0.03,0,336.489,cut,17168,17168,no
rKaHyPar,atmosmodj.mtx.hgr,no,no,3,2,0.03,0,309.104,cut,17168,17168,no
rKaHyPar,atmosmodj.mtx.hgr,no,no,4,2,0.03,0,332.391,cut,17168,17168,no
rKaHyPar,atmosmodj.mtx.hgr,no,no,5,2,0.03,0,325.504,cut,17168,17168,no
rKaHyPar,atmosmodj.mtx.hgr,no,no,6,2,0.03,0,333.174,cut,17168,17168,no
rKaHyPar,atmosmodj.mtx.hgr,no,no,7,2,0.03,0,294.327,cut,17168,17168,no
rKaHyPar,atmosmodj.mtx.hgr,no,no,8,2,0.03,0,351.049,cut,17168,17168,no
rKaHyPar,atmosmodj.mtx.hgr,no,no,9,2,0.03,0,316.974,cut,17168,17168,no
rKaHyPar,atmosmodj.mtx.hgr,no,no,0,32,0.03,0.0299741,984.327,cut,120539,114237,no
rKaHyPar,atmosmodj.mtx.hgr,no,no,1,32,0.03,0.0297977,969.087,cut,133790,126766,no
rKaHyPar,atmosmodj.mtx.hgr,no,no,2,32,0.03,0.0299741,791.565,cut,131455,124672,no
rKaHyPar,atmosmodj.mtx.hgr,no,no,3,32,0.03,0.0299237,1043.98,cut,119745,113690,no
rKaHyPar,atmosmodj.mtx.hgr,no,no,4,32,0.03,0.0297725,1097.68,cut,130988,123979,no
rKaHyPar,atmosmodj.mtx.hgr,no,no,5,32,0.03,0.0299992,840.411,cut,133465,126203,no
rKaHyPar,atmosmodj.mtx.hgr,no,no,6,32,0.03,0.0299741,1162.81,cut,127783,120923,no
rKaHyPar,atmosmodj.mtx.hgr,no,no,7,32,0.03,0.0298985,799.7,cut,129089,122386,no
rKaHyPar,atmosmodj.mtx.hgr,no,no,8,32,0.03,0.0298229,1308.62,cut,127023,120363,no
rKaHyPar,atmosmodj.mtx.hgr,no,no,9,32,0.03,0.0299992,924.092,cut,129241,122316,no
rKaHyPar,atmosmodj.mtx.hgr,no,no,0,4,0.03,0.0211708,832.681,cut,33953,33629,no
rKaHyPar,atmosmodj.mtx.hgr,no,no,1,4,0.03,0,515.897,cut,33979,33659,no
rKaHyPar,atmosmodj.mtx.hgr,no,no,2,4,0.03,0,627.006,cut,34064,33737,no
rKaHyPar,atmosmodj.mtx.hgr,no,no,3,4,0.03,0,581.117,cut,33804,33501,no
rKaHyPar,atmosmodj.mtx.hgr,no,no,4,4,0.03,0,896.002,cut,33860,33559,no
rKaHyPar,atmosmodj.mtx.hgr,no,no,5,4,0.03,0.0144423,565.141,cut,34067,33761,no
rKaHyPar,atmosmodj.mtx.hgr,no,no,6,4,0.03,0.0299363,991.695,cut,33759,33440,no
rKaHyPar,atmosmodj.mtx.hgr,no,no,7,4,0.03,0,645.827,cut,34089,33777,no
rKaHyPar,atmosmodj.mtx.hgr,no,no,8,4,0.03,0.0296277,756.568,cut,34008,33697,no
rKaHyPar,atmosmodj.mtx.hgr,no,no,9,4,0.03,0.0294955,834.663,cut,33952,33643,no
rKaHyPar,atmosmodj.mtx.hgr,no,no,0,64,0.03,0.0298726,1149.85,cut,178981,165583,no
rKaHyPar,atmosmodj.mtx.hgr,no,no,1,64,0.03,0.0299229,810.762,cut,170942,158134,no
rKaHyPar,atmosmodj.mtx.hgr,no,no,2,64,0.03,0.0299733,829.733,cut,173872,161110,no
rKaHyPar,atmosmodj.mtx.hgr,no,no,3,64,0.03,0.0299733,1022.64,cut,163156,151311,no
rKaHyPar,atmosmodj.mtx.hgr,no,no,4,64,0.03,0.0299733,985.754,cut,179442,166219,no
rKaHyPar,atmosmodj.mtx.hgr,no,no,5,64,0.03,0.0298222,1097.68,cut,174803,161622,no
rKaHyPar,atmosmodj.mtx.hgr,no,no,6,64,0.03,0.0298726,1041.27,cut,172940,160427,no
rKaHyPar,atmosmodj.mtx.hgr,no,no,7,64,0.03,0.0299229,820.983,cut,175212,162091,no
rKaHyPar,atmosmodj.mtx.hgr,no,no,8,64,0.03,0.0299733,871.119,cut,169142,156878,no
rKaHyPar,atmosmodj.mtx.hgr,no,no,9,64,0.03,0.0298726,793.409,cut,183443,169479,no
rKaHyPar,atmosmodj.mtx.hgr,no,no,0,8,0.03,0.0288973,3047.46,cut,59229,58036,no
rKaHyPar,atmosmodj.mtx.hgr,no,no,1,8,0.03,0.0296844,3031.33,cut,58805,57654,no
rKaHyPar,atmosmodj.mtx.hgr,no,no,2,8,0.03,0.0297411,3117.84,cut,60324,59155,no
rKaHyPar,atmosmodj.mtx.hgr,no,no,3,8,0.03,0.0258999,2524.36,cut,59898,58699,no
rKaHyPar,atmosmodj.mtx.hgr,no,no,4,8,0.03,0.0299426,3418.67,cut,58355,57188,no
rKaHyPar,atmosmodj.mtx.hgr,no,no,5,8,0.03,0.0298859,3620.2,cut,56986,55844,no
rKaHyPar,atmosmodj.mtx.hgr,no,no,6,8,0.03,0.0299992,5968.61,cut,58032,56764,no
rKaHyPar,atmosmodj.mtx.hgr,no,no,7,8,0.03,0.0281353,1548.62,cut,61882,60715,no
rKaHyPar,atmosmodj.mtx.hgr,no,no,8,8,0.03,0.0299867,2972.91,cut,58455,57396,no
rKaHyPar,atmosmodj.mtx.hgr,no,no,9,8,0.03,0.0297914,4377.4,cut,57802,56655,no
rKaHyPar,av41092.mtx.hgr,no,no,0,128,0.03,0.0279503,51.6317,cut,53188,10250,no
rKaHyPar,av41092.mtx.hgr,no,no,1,128,0.03,0.0279503,31.6559,cut,54172,10202,no
rKaHyPar,av41092.mtx.hgr,no,no,2,128,0.03,0.0279503,31.517,cut,52954,10348,no
rKaHyPar,av41092.mtx.hgr,no,no,3,128,0.03,0.0279503,31.6804,cut,54850,10202,no
rKaHyPar,av41092.mtx.hgr,no,no,4,128,0.03,0.0279503,55.6742,cut,55028,10328,no
rKaHyPar,av41092.mtx.hgr,no,no,5,128,0.03,0.0279503,49.433,cut,55588,10402,no
rKaHyPar,av41092.mtx.hgr,no,no,6,128,0.03,0.0248447,50.8889,cut,53044,10254,no
rKaHyPar,av41092.mtx.hgr,no,no,7,128,0.03,0.0279503,31.1554,cut,55466,10168,no
rKaHyPar,av41092.mtx.hgr,no,no,8,128,0.03,0.0279503,30.7525,cut,52146,10334,no
rKaHyPar,av41092.mtx.hgr,no,no,9,128,0.03,0.0279503,31.7834,cut,56126,10320,no
rKaHyPar,av41092.mtx.hgr,no,no,0,16,0.03,0.0256909,43.2413,cut,9480,3886,no
rKaHyPar,av41092.mtx.hgr,no,no,1,16,0.03,0.0171273,25.3732,cut,9274,3870,no
rKaHyPar,av41092.mtx.hgr,no,no,2,16,0.03,0.0237446,43.0574,cut,9790,3954,no
rKaHyPar,av41092.mtx.hgr,no,no,3,16,0.03,0.0276372,25.7323,cut,9122,3876,no
rKaHyPar,av41092.mtx.hgr,no,no,4,16,0.03,0.0245232,46.0941,cut,10010,4012,no
rKaHyPar,av41092.mtx.hgr,no,no,5,16,0.03,0.0210199,24.593,cut,9752,3882,no
rKaHyPar,av41092.mtx.hgr,no,no,6,16,0.03,0.0295835,24.818,cut,9952,3852,no
rKaHyPar,av41092.mtx.hgr,no,no,7,16,0.03,0.0295835,24.5108,cut,9362,3834,no
rKaHyPar,av41092.mtx.hgr,no,no,8,16,0.03,0.0299728,24.4214,cut,8946,3820,no
rKaHyPar,av41092.mtx.hgr,no,no,9,16,0.03,0.028805,41.5354,cut,9202,3812,no
rKaHyPar,av41092.mtx.hgr,no,no,0,2,0.03,0,23.4361,cut,632,632,no
rKaHyPar,av41092.mtx.hgr,no,no,1,2,0.03,0,13.3795,cut,632,632,no
rKaHyPar,av41092.mtx.hgr,no,no,2,2,0.03,0,22.2921,cut,632,632,no
rKaHyPar,av41092.mtx.hgr,no,no,3,2,0.03,0,13.7321,cut,632,632,no
rKaHyPar,av41092.mtx.hgr,no,no,4,2,0.03,0,15.6782,cut,632,632,no
rKaHyPar,av41092.mtx.hgr,no,no,5,2,0.03,0,21.77,cut,632,632,no
rKaHyPar,av41092.mtx.hgr,no,no,6,2,0.03,0,12.4891,cut,632,632,no
rKaHyPar,av41092.mtx.hgr,no,no,7,2,0.03,0,12.7222,cut,632,632,no
rKaHyPar,av41092.mtx.hgr,no,no,8,2,0.03,0,22.0282,cut,632,632,no
rKaHyPar,av41092.mtx.hgr,no,no,9,2,0.03,0,12.7395,cut,632,632,no
rKaHyPar,av41092.mtx.hgr,no,no,0,32,0.03,0.0264591,27.1891,cut,16936,5660,no
rKaHyPar,av41092.mtx.hgr,no,no,1,32,0.03,0.0241245,45.5643,cut,17870,5412,no
rKaHyPar,av41092.mtx.hgr,no,no,2,32,0.03,0.029572,27.1258,cut,17250,5492,no
rKaHyPar,av41092.mtx.hgr,no,no,3,32,0.03,0.0264591,27.7064,cut,17460,5556,no
rKaHyPar,av41092.mtx.hgr,no,no,4,32,0.03,0.0280156,29.6295,cut,17504,5536,no
rKaHyPar,av41092.mtx.hgr,no,no,5,32,0.03,0.029572,26.3358,cut,18162,5632,no
rKaHyPar,av41092.mtx.hgr,no,no,6,32,0.03,0.0264591,26.7417,cut,17612,5670,no
rKaHyPar,av41092.mtx.hgr,no,no,7,32,0.03,0.029572,43.9638,cut,18908,5522,no
rKaHyPar,av41092.mtx.hgr,no,no,8,32,0.03,0.0287938,44.3217,cut,17628,5520,no
rKaHyPar,av41092.mtx.hgr,no,no,9,32,0.03,0.0280156,27.0195,cut,18110,5608,no
rKaHyPar,av41092.mtx.hgr,no,no,0,4,0.03,0.0257958,33.4881,cut,1804,1226,no
rKaHyPar,av41092.mtx.hgr,no,no,1,4,0.03,0.0224861,33.6939,cut,1710,1226,no
rKaHyPar,av41092.mtx.hgr,no,no,2,4,0.03,0.021026,33.6855,cut,2004,1262,no
rKaHyPar,av41092.mtx.hgr,no,no,3,4,0.03,0.0248223,19.6774,cut,1700,1222,no
rKaHyPar,av41092.mtx.hgr,no,no,4,4,0.03,0.0257958,22.0919,cut,1784,1256,no
rKaHyPar,av41092.mtx.hgr,no,no,5,4,0.03,0.0253091,19.2018,cut,1760,1222,no
rKaHyPar,av41092.mtx.hgr,no,no,6,4,0.03,0.0280347,18.9093,cut,1756,1226,no
rKaHyPar,av41092.mtx.hgr,no,no,7,4,0.03,0.0243356,32.7794,cut,1786,1222,no
rKaHyPar,av41092.mtx.hgr,no,no,8,4,0.03,0.0246277,32.4528,cut,1796,1222,no
rKaHyPar,av41092.mtx.hgr,no,no,9,4,0.03,0.0239463,32.7775,cut,1734,1226,no
rKaHyPar,av41092.mtx.hgr,no,no,0,64,0.03,0.029549,30.9517,cut,32238,7666,no
rKaHyPar,av41092.mtx.hgr,no,no,1,64,0.03,0.0264386,47.8553,cut,32082,7762,no
rKaHyPar,av41092.mtx.hgr,no,no,2,64,0.03,0.029549,28.8087,cut,31484,7518,no
rKaHyPar,av41092.mtx.hgr,no,no,3,64,0.03,0.029549,48.7522,cut,32500,7578,no
rKaHyPar,av41092.mtx.hgr,no,no,4,64,0.03,0.029549,31.4931,cut,31676,7598,no
rKaHyPar,av41092.mtx.hgr,no,no,5,64,0.03,0.0279938,47.0175,cut,31498,7610,no
rKaHyPar,av41092.mtx.hgr,no,no,6,64,0.03,0.0248834,28.4216,cut,31588,7664,no
rKaHyPar,av41092.mtx.hgr,no,no,7,64,0.03,0.029549,28.4208,cut,31838,7744,no
rKaHyPar,av41092.mtx.hgr,no,no,8,64,0.03,0.0279938,28.1764,cut,32062,7612,no
rKaHyPar,av41092.mtx.hgr,no,no,9,64,0.03,0.0279938,28.2804,cut,30892,7738,no
rKaHyPar,av41092.mtx.hgr,no,no,0,8,0.03,0.0284213,23.1196,cut,4566,2632,no
rKaHyPar,av41092.mtx.hgr,no,no,1,8,0.03,0.0249173,40.1474,cut,4706,2620,no
rKaHyPar,av41092.mtx.hgr,no,no,2,8,0.03,0.0200506,40.0357,cut,4678,2658,no
rKaHyPar,av41092.mtx.hgr,no,no,3,8,0.03,0.0177146,40.7821,cut,4558,2684,no
rKaHyPar,av41092.mtx.hgr,no,no,4,8,0.03,0.0258906,43.4431,cut,4810,2670,no
rKaHyPar,av41092.mtx.hgr,no,no,5,8,0.03,0.0192719,38.8956,cut,4562,2642,no
rKaHyPar,av41092.mtx.hgr,no,no,6,8,0.03,0.0293946,39.3521,cut,4714,2620,no
rKaHyPar,av41092.mtx.hgr,no,no,7,8,0.03,0.0284213,23.3757,cut,4496,2624,no
rKaHyPar,av41092.mtx.hgr,no,no,8,8,0.03,0.0262799,23.1045,cut,4870,2634,no
rKaHyPar,av41092.mtx.hgr,no,no,9,8,0.03,0.0218026,39.7211,cut,4652,2630,no
rKaHyPar,barrier2-1.mtx.hgr,no,no,0,128,0.03,0.0294118,22.3432,cut,121560,63448,no
rKaHyPar,barrier2-1.mtx.hgr,no,no,1,128,0.03,0.0282805,16.1765,cut,119810,62662,no
rKaHyPar,barrier2-1.mtx.hgr,no,no,2,128,0.03,0.0294118,16.4193,cut,123685,63260,no
rKaHyPar,barrier2-1.mtx.hgr,no,no,3,128,0.03,0.0282805,15.9227,cut,117955,63201,no
rKaHyPar,barrier2-1.mtx.hgr,no,no,4,128,0.03,0.0282805,22.1503,cut,122341,63081,no
rKaHyPar,barrier2-1.mtx.hgr,no,no,5,128,0.03,0.0282805,22.0152,cut,120282,62699,no
rKaHyPar,barrier2-1.mtx.hgr,no,no,6,128,0.03,0.0294118,22.1744,cut,121683,63316,no
rKaHyPar,barrier2-1.mtx.hgr,no,no,7,128,0.03,0.0294118,16.141,cut,122765,63049,no
rKaHyPar,barrier2-1.mtx.hgr,no,no,8,128,0.03,0.0294118,15.8183,cut,119951,63129,no
rKaHyPar,barrier2-1.mtx.hgr,no,no,9,128,0.03,0.0282805,15.9728,cut,119556,63222,no
rKaHyPar,barrier2-1.mtx.hgr,no,no,0,16,0.03,0.0298529,13.7597,cut,38004,29512,no
rKaHyPar,barrier2-1.mtx.hgr,no,no,1,16,0.03,0.029004,10.8686,cut,39817,29257,no
rKaHyPar,barrier2-1.mtx.hgr,no,no,2,16,0.03,0.0292869,14.6348,cut,38463,29359,no
rKaHyPar,barrier2-1.mtx.hgr,no,no,3,16,0.03,0.0299943,9.7772,cut,39174,29184,no
rKaHyPar,barrier2-1.mtx.hgr,no,no,4,16,0.03,0.0292869,13.4631,cut,37702,28990,no
rKaHyPar,barrier2-1.mtx.hgr,no,no,5,16,0.03,0.0299943,12.199,cut,38118,29508,no
rKaHyPar,barrier2-1.mtx.hgr,no,no,6,16,0.03,0.0298529,13.1373,cut,39986,29319,no
rKaHyPar,barrier2-1.mtx.hgr,no,no,7,16,0.03,0.0297114,9.9763,cut,39782,29453,no
rKaHyPar,barrier2-1.mtx.hgr,no,no,8,16,0.03,0.0298529,10.6735,cut,40109,29215,no
rKaHyPar,barrier2-1.mtx.hgr,no,no,9,16,0.03,0.0295699,14.3547,cut,37914,29162,no
rKaHyPar,barrier2-1.mtx.hgr,no,no,0,2,0.03,0.0299975,9.32625,cut,6929,6929,no
rKaHyPar,barrier2-1.mtx.hgr,no,no,1,2,0.03,0.0299268,7.38344,cut,7095,7095,no
rKaHyPar,barrier2-1.mtx.hgr,no,no,2,2,0.03,0.0288655,8.42912,cut,7276,7276,no
rKaHyPar,barrier2-1.mtx.hgr,no,no,3,2,0.03,0.0295377,9.07668,cut,7070,7070,no
rKaHyPar,barrier2-1.mtx.hgr,no,no,4,2,0.03,0.0295553,9.96483,cut,7231,7231,no
rKaHyPar,barrier2-1.mtx.hgr,no,no,5,2,0.03,0.0287594,11.7292,cut,7016,7016,no
rKaHyPar,barrier2-1.mtx.hgr,no,no,6,2,0.03,0.0281934,7.86087,cut,7072,7072,no
rKaHyPar,barrier2-1.mtx.hgr,no,no,7,2,0.03,0.0289717,7.27509,cut,6923,6923,no
rKaHyPar,barrier2-1.mtx.hgr,no,no,8,2,0.03,0.0298737,12.5864,cut,7075,7075,no
rKaHyPar,barrier2-1.mtx.hgr,no,no,9,2,0.03,0.0274506,10.2758,cut,6925,6925,no
rKaHyPar,barrier2-1.mtx.hgr,no,no,0,32,0.03,0.0299943,11.4388,cut,56920,39367,no
rKaHyPar,barrier2-1.mtx.hgr,no,no,1,32,0.03,0.0297114,15.8024,cut,60270,39736,no
rKaHyPar,barrier2-1.mtx.hgr,no,no,2,32,0.03,0.0297114,11.7317,cut,56944,39399,no
rKaHyPar,barrier2-1.mtx.hgr,no,no,3,32,0.03,0.0297114,11.1192,cut,60610,39511,no
rKaHyPar,barrier2-1.mtx.hgr,no,no,4,32,0.03,0.0299943,11.2831,cut,58434,39362,no
rKaHyPar,barrier2-1.mtx.hgr,no,no,5,32,0.03,0.0291454,11.3248,cut,59875,39198,no
rKaHyPar,barrier2-1.mtx.hgr,no,no,6,32,0.03,0.0291454,11.1232,cut,57598,39088,no
rKaHyPar,barrier2-1.mtx.hgr,no,no,7,32,0.03,0.0297114,15.8721,cut,60121,39541,no
rKaHyPar,barrier2-1.mtx.hgr,no,no,8,32,0.03,0.0299943,15.3059,cut,59742,39334,no
rKaHyPar,barrier2-1.mtx.hgr,no,no,9,32,0.03,0.0288625,11.4787,cut,61012,39746,no
rKaHyPar,barrier2-1.mtx.hgr,no,no,0,4,0.03,0.0297499,9.30881,cut,14810,13017,no
rKaHyPar,barrier2-1.mtx.hgr,no,no,1,4,0.03,0.0299975,10.8752,cut,15295,13141,no
rKaHyPar,barrier2-1.mtx.hgr,no,no,2,4,0.03,0.0295377,10.4845,cut,14804,12977,no
rKaHyPar,barrier2-1.mtx.hgr,no,no,3,4,0.03,0.0275213,8.93995,cut,15160,13075,no
rKaHyPar,barrier2-1.mtx.hgr,no,no,4,4,0.03,0.0299621,7.6813,cut,14845,12986,no
rKaHyPar,barrier2-1.mtx.hgr,no,no,5,4,0.03,0.0296438,8.70525,cut,15224,13109,no
rKaHyPar,barrier2-1.mtx.hgr,no,no,6,4,0.03,0.0287948,9.29305,cut,15107,13071,no
rKaHyPar,barrier2-1.mtx.hgr,no,no,7,4,0.03,0.0296438,9.23411,cut,14795,12965,no
rKaHyPar,barrier2-1.mtx.hgr,no,no,8,4,0.03,0.0283703,13.4444,cut,15477,13509,no
rKaHyPar,barrier2-1.mtx.hgr,no,no,9,4,0.03,0.0290424,8.95701,cut,14800,12931,no
rKaHyPar,barrier2-1.mtx.hgr,no,no,0,64,0.03,0.0288625,13.6937,cut,83013,50793,no
rKaHyPar,barrier2-1.mtx.hgr,no,no,1,64,0.03,0.0294284,13.2593,cut,81310,50746,no
rKaHyPar,barrier2-1.mtx.hgr,no,no,2,64,0.03,0.0288625,13.3359,cut,81214,50421,no
rKaHyPar,barrier2-1.mtx.hgr,no,no,3,64,0.03,0.0294284,18.1771,cut,86681,51192,no
rKaHyPar,barrier2-1.mtx.hgr,no,no,4,64,0.03,0.0299943,18.5893,cut,83218,50499,no
rKaHyPar,barrier2-1.mtx.hgr,no,no,5,64,0.03,0.0294284,18.5464,cut,83721,50116,no
rKaHyPar,barrier2-1.mtx.hgr,no,no,6,64,0.03,0.0294284,13.273,cut,83081,51048,no
rKaHyPar,barrier2-1.mtx.hgr,no,no,7,64,0.03,0.0294284,13.2869,cut,83748,50710,no
rKaHyPar,barrier2-1.mtx.hgr,no,no,8,64,0.03,0.0282965,13.2561,cut,85027,51163,no
rKaHyPar,barrier2-1.mtx.hgr,no,no,9,64,0.03,0.0288625,13.5077,cut,85529,50784,no
rKaHyPar,barrier2-1.mtx.hgr,no,no,0,8,0.03,0.0297842,21.4211,cut,24140,20085,no
rKaHyPar,barrier2-1.mtx.hgr,no,no,1,8,0.03,0.0266006,12.6743,cut,25415,20073,no
rKaHyPar,barrier2-1.mtx.hgr,no,no,2,8,0.03,0.0297842,19.8172,cut,24619,20398,no
rKaHyPar,barrier2-1.mtx.hgr,no,no,3,8,0.03,0.0254687,12.4812,cut,23439,19288,no
rKaHyPar,barrier2-1.mtx.hgr,no,no,4,8,0.03,0.0297842,20.0705,cut,24902,19941,no
rKaHyPar,barrier2-1.mtx.hgr,no,no,5,8,0.03,0.0283693,12.7814,cut,24643,20036,no
rKaHyPar,barrier2-1.mtx.hgr,no,no,6,8,0.03,0.0287938,14.7558,cut,24935,19350,no
rKaHyPar,barrier2-1.mtx.hgr,no,no,7,8,0.03,0.0278741,12.5325,cut,24976,20121,no
rKaHyPar,barrier2-1.mtx.hgr,no,no,8,8,0.03,0.0270251,9.35923,cut,27332,20626,no
rKaHyPar,barrier2-1.mtx.hgr,no,no,9,8,0.03,0.0274496,17.8276,cut,24839,20098,no
rKaHyPar,Baumann.mtx.hgr,no,no,0,128,0.03,0.0296465,50.4628,cut,40663,34208,no
rKaHyPar,Baumann.mtx.hgr,no,no,1,128,0.03,0.0296465,36.9807,cut,41235,34583,no
rKaHyPar,Baumann.mtx.hgr,no,no,2,128,0.03,0.0296465,37.2125,cut,40654,34211,no
rKaHyPar,Baumann.mtx.hgr,no,no,3,128,0.03,0.0296465,37.589,cut,40031,33850,no
rKaHyPar,Baumann.mtx.hgr,no,no,4,128,0.03,0.0296465,50.4084,cut,40213,33956,no
rKaHyPar,Baumann.mtx.hgr,no,no,5,128,0.03,0.0296465,50.175,cut,40531,34240,no
rKaHyPar,Baumann.mtx.hgr,no,no,6,128,0.03,0.0296465,50.5482,cut,42267,35401,no
rKaHyPar,Baumann.mtx.hgr,no,no,7,128,0.03,0.0296465,51.2104,cut,39593,33478,no
rKaHyPar,Baumann.mtx.hgr,no,no,8,128,0.03,0.0296465,36.836,cut,42299,35469,no
rKaHyPar,Baumann.mtx.hgr,no,no,9,128,0.03,0.0285063,36.9731,cut,40551,34253,no
rKaHyPar,Baumann.mtx.hgr,no,no,0,16,0.03,0.0279441,33.5363,cut,12283,11749,no
rKaHyPar,Baumann.mtx.hgr,no,no,1,16,0.03,0.0293698,28.0622,cut,12908,12350,no
rKaHyPar,Baumann.mtx.hgr,no,no,2,16,0.03,0.0282293,32.0512,cut,12710,12116,no
rKaHyPar,Baumann.mtx.hgr,no,no,3,16,0.03,0.0299401,20.3543,cut,12960,12386,no
rKaHyPar,Baumann.mtx.hgr,no,no,4,16,0.03,0.0285144,35.6222,cut,12585,12046,no
rKaHyPar,Baumann.mtx.hgr,no,no,5,16,0.03,0.0287995,26.7976,cut,12635,12127,no
rKaHyPar,Baumann.mtx.hgr,no,no,6,16,0.03,0.0279441,28.4295,cut,12074,11601,no
rKaHyPar,Baumann.mtx.hgr,no,no,7,16,0.03,0.029655,35.9659,cut,12336,11789,no
rKaHyPar,Baumann.mtx.hgr,no,no,8,16,0.03,0.0269461,24.2372,cut,12444,11916,no
rKaHyPar,Baumann.mtx.hgr,no,no,9,16,0.03,0.0287995,31.2947,cut,13009,12463,no
rKaHyPar,Baumann.mtx.hgr,no,no,0,2,0.03,0,11.3726,cut,2222,2222,no
rKaHyPar,Baumann.mtx.hgr,no,no,1,2,0.03,0,11.6881,cut,2222,2222,no
rKaHyPar,Baumann.mtx.hgr,no,no,2,2,0.03,0,12.6428,cut,2222,2222,no
rKaHyPar,Baumann.mtx.hgr,no,no,3,2,0.03,0,8.35068,cut,2222,2222,no
rKaHyPar,Baumann.mtx.hgr,no,no,4,2,0.03,0,11.7052,cut,2222,2222,no
rKaHyPar,Baumann.mtx.hgr,no,no,5,2,0.03,0,11.6945,cut,2222,2222,no
rKaHyPar,Baumann.mtx.hgr,no,no,6,2,0.03,0,8.45893,cut,2222,2222,no
rKaHyPar,Baumann.mtx.hgr,no,no,7,2,0.03,0,11.3474,cut,2222,2222,no
rKaHyPar,Baumann.mtx.hgr,no,no,8,2,0.03,0,11.4097,cut,2222,2222,no
rKaHyPar,Baumann.mtx.hgr,no,no,9,2,0.03,0,8.96982,cut,2222,2222,no
rKaHyPar,Baumann.mtx.hgr,no,no,0,32,0.03,0.029655,39.8265,cut,18302,17095,no
rKaHyPar,Baumann.mtx.hgr,no,no,1,32,0.03,0.029655,35.9596,cut,20058,18689,no
rKaHyPar,Baumann.mtx.hgr,no,no,2,32,0.03,0.0293698,29.0829,cut,19306,17977,no
rKaHyPar,Baumann.mtx.hgr,no,no,3,32,0.03,0.0299401,25.8612,cut,20322,18968,no
rKaHyPar,Baumann.mtx.hgr,no,no,4,32,0.03,0.0299401,27.1712,cut,19419,18055,no
rKaHyPar,Baumann.mtx.hgr,no,no,5,32,0.03,0.0290847,26.3716,cut,19555,18254,no
rKaHyPar,Baumann.mtx.hgr,no,no,6,32,0.03,0.029655,31.0533,cut,17892,16776,no
rKaHyPar,Baumann.mtx.hgr,no,no,7,32,0.03,0.0299401,39.0651,cut,18396,17188,no
rKaHyPar,Baumann.mtx.hgr,no,no,8,32,0.03,0.0299401,43.1654,cut,17465,16364,no
rKaHyPar,Baumann.mtx.hgr,no,no,9,32,0.03,0.0299401,36.3973,cut,19404,18127,no
rKaHyPar,Baumann.mtx.hgr,no,no,0,4,0.03,0.0158628,20.3737,cut,4316,4265,no
rKaHyPar,Baumann.mtx.hgr,no,no,1,4,0.03,0.0266282,19.7949,cut,4305,4252,no
rKaHyPar,Baumann.mtx.hgr,no,no,2,4,0.03,0,18.9255,cut,4359,4306,no
rKaHyPar,Baumann.mtx.hgr,no,no,3,4,0.03,0,18.5668,cut,4400,4345,no
rKaHyPar,Baumann.mtx.hgr,no,no,4,4,0.03,0,12.8033,cut,4363,4307,no
rKaHyPar,Baumann.mtx.hgr,no,no,5,4,0.03,0,12.8518,cut,4372,4325,no
rKaHyPar,Baumann.mtx.hgr,no,no,6,4,0.03,0.0296581,20.842,cut,4308,4260,no
rKaHyPar,Baumann.mtx.hgr,no,no,7,4,0.03,0,21.3638,cut,4315,4261,no
rKaHyPar,Baumann.mtx.hgr,no,no,8,4,0.03,0,17.8554,cut,4409,4352,no
rKaHyPar,Baumann.mtx.hgr,no,no,9,4,0.03,0,13.9281,cut,4339,4287,no
rKaHyPar,Baumann.mtx.hgr,no,no,0,64,0.03,0.0296465,31.1831,cut,28317,25427,no
rKaHyPar,Baumann.mtx.hgr,no,no,1,64,0.03,0.0290764,43.739,cut,29071,26019,no
rKaHyPar,Baumann.mtx.hgr,no,no,2,64,0.03,0.0296465,44.7279,cut,28197,25250,no
rKaHyPar,Baumann.mtx.hgr,no,no,3,64,0.03,0.0296465,42.754,cut,28953,25890,no
rKaHyPar,Baumann.mtx.hgr,no,no,4,64,0.03,0.0285063,31.3671,cut,28184,25361,no
rKaHyPar,Baumann.mtx.hgr,no,no,5,64,0.03,0.0290764,42.0239,cut,28893,25934,no
rKaHyPar,Baumann.mtx.hgr,no,no,6,64,0.03,0.0290764,32.6913,cut,27021,24385,no
rKaHyPar,Baumann.mtx.hgr,no,no,8,64,0.03,0.0285063,32.0068,cut,28538,25426,no
rKaHyPar,Baumann.mtx.hgr,no,no,9,64,0.03,0.0296465,31.8582,cut,27201,24486,no
rKaHyPar,Baumann.mtx.hgr,no,no,0,8,0.03,0.0285164,25.1945,cut,7986,7773,no
rKaHyPar,Baumann.mtx.hgr,no,no,1,8,0.03,0.0293006,30.7279,cut,8008,7834,no
rKaHyPar,Baumann.mtx.hgr,no,no,2,8,0.03,0.0284451,29.808,cut,8267,8036,no
rKaHyPar,Baumann.mtx.hgr,no,no,3,8,0.03,0.0296571,33.4968,cut,8447,8232,no
rKaHyPar,Baumann.mtx.hgr,no,no,4,8,0.03,0.0295858,33.6521,cut,7968,7738,no
rKaHyPar,Baumann.mtx.hgr,no,no,5,8,0.03,0.0292293,25.6348,cut,7901,7700,no
rKaHyPar,Baumann.mtx.hgr,no,no,6,8,0.03,0.0299423,36.3765,cut,7893,7704,no
rKaHyPar,Baumann.mtx.hgr,no,no,7,8,0.03,0.029871,22.0583,cut,7979,7752,no
rKaHyPar,Baumann.mtx.hgr,no,no,8,8,0.03,0.0293719,27.3231,cut,7830,7608,no
rKaHyPar,Baumann.mtx.hgr,no,no,9,8,0.03,0.0297997,34.1621,cut,7919,7694,no
rKaHyPar,bayer04.mtx.hgr,no,no,0,128,0.03,0.0248447,8.43076,cut,5684,4361,no
rKaHyPar,bayer04.mtx.hgr,no,no,1,128,0.03,0.0248447,6.0978,cut,5766,4307,no
rKaHyPar,bayer04.mtx.hgr,no,no,2,128,0.03,0.0248447,6.15452,cut,5569,4224,no
rKaHyPar,bayer04.mtx.hgr,no,no,3,128,0.03,0.0248447,5.92407,cut,5568,4404,no
rKaHyPar,bayer04.mtx.hgr,no,no,4,128,0.03,0.0248447,8.66192,cut,5592,4245,no
rKaHyPar,bayer04.mtx.hgr,no,no,5,128,0.03,0.0248447,8.60086,cut,5619,4282,no
rKaHyPar,bayer04.mtx.hgr,no,no,6,128,0.03,0.0248447,8.85271,cut,5673,4382,no
rKaHyPar,bayer04.mtx.hgr,no,no,7,128,0.03,0.0248447,8.50454,cut,5524,4217,no
rKaHyPar,bayer04.mtx.hgr,no,no,8,128,0.03,0.0248447,6.14503,cut,5622,4324,no
rKaHyPar,bayer04.mtx.hgr,no,no,9,128,0.03,0.0248447,6.1678,cut,5630,4325,no
rKaHyPar,bayer04.mtx.hgr,no,no,0,16,0.03,0.029572,2.74958,cut,640,562,no
rKaHyPar,bayer04.mtx.hgr,no,no,1,16,0.03,0.0272374,2.76586,cut,641,566,no
rKaHyPar,bayer04.mtx.hgr,no,no,2,16,0.03,0.0280156,2.71225,cut,615,514,no
rKaHyPar,bayer04.mtx.hgr,no,no,3,16,0.03,0.029572,1.98461,cut,637,595,no
rKaHyPar,bayer04.mtx.hgr,no,no,4,16,0.03,0.029572,2.76732,cut,663,557,no
rKaHyPar,bayer04.mtx.hgr,no,no,5,16,0.03,0.029572,2.08945,cut,645,572,no
rKaHyPar,bayer04.mtx.hgr,no,no,6,16,0.03,0.029572,2.72647,cut,643,589,no
rKaHyPar,bayer04.mtx.hgr,no,no,7,16,0.03,0.0287938,2.71738,cut,666,575,no
rKaHyPar,bayer04.mtx.hgr,no,no,8,16,0.03,0.0249027,2.02731,cut,659,587,no
rKaHyPar,bayer04.mtx.hgr,no,no,9,16,0.03,0.029572,2.79023,cut,624,558,no
rKaHyPar,bayer04.mtx.hgr,no,no,0,2,0.03,0.0298842,0.679548,cut,58,58,no
rKaHyPar,bayer04.mtx.hgr,no,no,1,2,0.03,0.0293001,0.687817,cut,57,57,no
rKaHyPar,bayer04.mtx.hgr,no,no,2,2,0.03,0.0045751,0.652485,cut,79,79,no
rKaHyPar,bayer04.mtx.hgr,no,no,3,2,0.03,0.0231675,0.487251,cut,54,54,no
rKaHyPar,bayer04.mtx.hgr,no,no,4,2,0.03,0.0208313,0.727903,cut,54,54,no
rKaHyPar,bayer04.mtx.hgr,no,no,5,2,0.03,0.00428307,0.68335,cut,70,70,no
rKaHyPar,bayer04.mtx.hgr,no,no,6,2,0.03,0.0280347,0.477779,cut,58,58,no
rKaHyPar,bayer04.mtx.hgr,no,no,7,2,0.03,0.0219021,0.697556,cut,54,54,no
rKaHyPar,bayer04.mtx.hgr,no,no,8,2,0.03,0.0293001,0.718236,cut,57,57,no
rKaHyPar,bayer04.mtx.hgr,no,no,9,2,0.03,0.0293974,0.461966,cut,57,57,no
rKaHyPar,bayer04.mtx.hgr,no,no,0,32,0.03,0.0264386,3.78982,cut,1179,1003,no
rKaHyPar,bayer04.mtx.hgr,no,no,1,32,0.03,0.029549,3.88406,cut,1167,1080,no
rKaHyPar,bayer04.mtx.hgr,no,no,2,32,0.03,0.029549,2.71308,cut,1121,984,no
rKaHyPar,bayer04.mtx.hgr,no,no,3,32,0.03,0.0202177,2.70342,cut,1142,1057,no
rKaHyPar,bayer04.mtx.hgr,no,no,4,32,0.03,0.0264386,2.72734,cut,1171,1046,no
rKaHyPar,bayer04.mtx.hgr,no,no,5,32,0.03,0.029549,2.77155,cut,1103,1028,no
rKaHyPar,bayer04.mtx.hgr,no,no,6,32,0.03,0.029549,2.70452,cut,1180,1092,no
rKaHyPar,bayer04.mtx.hgr,no,no,7,32,0.03,0.029549,3.95447,cut,1148,1032,no
rKaHyPar,bayer04.mtx.hgr,no,no,8,32,0.03,0.029549,3.91566,cut,1224,1056,no
rKaHyPar,bayer04.mtx.hgr,no,no,9,32,0.03,0.0248834,3.96063,cut,1157,1037,no
rKaHyPar,bayer04.mtx.hgr,no,no,0,4,0.03,0.001168,1.24725,cut,179,161,no
rKaHyPar,bayer04.mtx.hgr,no,no,1,4,0.03,0.0247226,1.26258,cut,157,140,no
rKaHyPar,bayer04.mtx.hgr,no,no,2,4,0.03,0.00564532,1.30093,cut,178,161,no
rKaHyPar,bayer04.mtx.hgr,no,no,3,4,0.03,0.0255013,1.31853,cut,156,141,no
rKaHyPar,bayer04.mtx.hgr,no,no,4,4,0.03,0.0165466,1.03026,cut,151,134,no
rKaHyPar,bayer04.mtx.hgr,no,no,5,4,0.03,0.00525599,0.876155,cut,164,148,no
rKaHyPar,bayer04.mtx.hgr,no,no,6,4,0.03,0.0130426,1.24938,cut,174,153,no
rKaHyPar,bayer04.mtx.hgr,no,no,7,4,0.03,0.0255013,1.25033,cut,164,147,no
rKaHyPar,bayer04.mtx.hgr,no,no,8,4,0.03,0.0247226,1.27842,cut,159,140,no
rKaHyPar,bayer04.mtx.hgr,no,no,9,4,0.03,0.0231653,0.877704,cut,163,144,no
rKaHyPar,bayer04.mtx.hgr,no,no,0,64,0.03,0.0279503,3.92268,cut,2665,2454,no
rKaHyPar,bayer04.mtx.hgr,no,no,1,64,0.03,0.0279503,3.98896,cut,2785,2519,no
rKaHyPar,bayer04.mtx.hgr,no,no,2,64,0.03,0.0279503,5.45535,cut,2629,2358,no
rKaHyPar,bayer04.mtx.hgr,no,no,3,64,0.03,0.0279503,5.59165,cut,2798,2511,no
rKaHyPar,bayer04.mtx.hgr,no,no,4,64,0.03,0.0279503,5.56004,cut,2827,2528,no
rKaHyPar,bayer04.mtx.hgr,no,no,5,64,0.03,0.0279503,5.48326,cut,2692,2461,no
rKaHyPar,bayer04.mtx.hgr,no,no,6,64,0.03,0.0279503,3.84502,cut,2730,2481,no
rKaHyPar,bayer04.mtx.hgr,no,no,8,64,0.03,0.0279503,3.88656,cut,2861,2527,no
rKaHyPar,bayer04.mtx.hgr,no,no,9,64,0.03,0.0279503,3.87793,cut,2736,2460,no
rKaHyPar,bayer04.mtx.hgr,no,no,0,8,0.03,0.0291942,1.86034,cut,364,312,no
rKaHyPar,bayer04.mtx.hgr,no,no,1,8,0.03,0.0210199,1.939,cut,355,301,no
rKaHyPar,bayer04.mtx.hgr,no,no,2,8,0.03,0.00973141,1.92102,cut,362,311,no
rKaHyPar,bayer04.mtx.hgr,no,no,3,8,0.03,0.0280265,2.02392,cut,342,305,no
rKaHyPar,bayer04.mtx.hgr,no,no,4,8,0.03,0.0179058,1.99696,cut,352,306,no
rKaHyPar,bayer04.mtx.hgr,no,no,5,8,0.03,0.0299728,1.28116,cut,340,288,no
rKaHyPar,bayer04.mtx.hgr,no,no,6,8,0.03,0.0241339,1.95039,cut,374,295,no
rKaHyPar,bayer04.mtx.hgr,no,no,7,8,0.03,0.0101207,1.40535,cut,338,312,no
rKaHyPar,bayer04.mtx.hgr,no,no,8,8,0.03,0.028805,1.42138,cut,358,322,no
rKaHyPar,bayer04.mtx.hgr,no,no,9,8,0.03,0.0280265,1.91972,cut,372,319,no
rKaHyPar,bbmat.mtx.hgr,no,no,0,128,0.03,0.029703,25.8365,cut,73238,28517,no
rKaHyPar,bbmat.mtx.hgr,no,no,1,128,0.03,0.029703,25.5409,cut,76506,28592,no
rKaHyPar,bbmat.mtx.hgr,no,no,2,128,0.03,0.029703,25.423,cut,76070,28516,no
rKaHyPar,bbmat.mtx.hgr,no,no,3,128,0.03,0.029703,25.8702,cut,80248,28626,no
rKaHyPar,bbmat.mtx.hgr,no,no,4,128,0.03,0.029703,39.3719,cut,75196,28304,no
rKaHyPar,bbmat.mtx.hgr,no,no,5,128,0.03,0.029703,39.3652,cut,76968,28450,no
rKaHyPar,bbmat.mtx.hgr,no,no,6,128,0.03,0.029703,39.8536,cut,74687,28393,no
rKaHyPar,bbmat.mtx.hgr,no,no,7,128,0.03,0.029703,40.2239,cut,76807,28685,no
rKaHyPar,bbmat.mtx.hgr,no,no,8,128,0.03,0.029703,25.76,cut,78022,28466,no
rKaHyPar,bbmat.mtx.hgr,no,no,9,128,0.03,0.029703,25.6065,cut,76330,28392,no
rKaHyPar,bbmat.mtx.hgr,no,no,0,16,0.03,0.0297275,18.3536,cut,11897,10183,no
rKaHyPar,bbmat.mtx.hgr,no,no,1,16,0.03,0.0297275,26.9966,cut,11927,10065,no
rKaHyPar,bbmat.mtx.hgr,no,no,2,16,0.03,0.0293146,32.1294,cut,11609,10349,no
rKaHyPar,bbmat.mtx.hgr,no,no,3,16,0.03,0.0297275,27.9056,cut,11629,10472,no
rKaHyPar,bbmat.mtx.hgr,no,no,4,16,0.03,0.0297275,28.164,cut,11980,10036,no
rKaHyPar,bbmat.mtx.hgr,no,no,5,16,0.03,0.0297275,18.3693,cut,11795,10174,no
rKaHyPar,bbmat.mtx.hgr,no,no,6,16,0.03,0.0297275,17.5177,cut,11776,10251,no
rKaHyPar,bbmat.mtx.hgr,no,no,7,16,0.03,0.0297275,27.6972,cut,11653,10287,no
rKaHyPar,bbmat.mtx.hgr,no,no,8,16,0.03,0.0297275,18.1176,cut,11417,9760,no
rKaHyPar,bbmat.mtx.hgr,no,no,9,16,0.03,0.0297275,17.712,cut,11559,10113,no
rKaHyPar,bbmat.mtx.hgr,no,no,0,2,0.03,0,6.25424,cut,1140,1140,no
rKaHyPar,bbmat.mtx.hgr,no,no,1,2,0.03,0,6.21647,cut,1140,1140,no
rKaHyPar,bbmat.mtx.hgr,no,no,2,2,0.03,0,6.26119,cut,1140,1140,no
rKaHyPar,bbmat.mtx.hgr,no,no,3,2,0.03,0,4.02855,cut,1140,1140,no
rKaHyPar,bbmat.mtx.hgr,no,no,4,2,0.03,0,6.31548,cut,1140,1140,no
rKaHyPar,bbmat.mtx.hgr,no,no,5,2,0.03,0,6.16474,cut,1140,1140,no
rKaHyPar,bbmat.mtx.hgr,no,no,6,2,0.03,0,4.16345,cut,1140,1140,no
rKaHyPar,bbmat.mtx.hgr,no,no,7,2,0.03,0,6.34677,cut,1140,1140,no
rKaHyPar,bbmat.mtx.hgr,no,no,8,2,0.03,0,6.52613,cut,1140,1140,no
rKaHyPar,bbmat.mtx.hgr,no,no,9,2,0.03,0,4.21433,cut,1140,1140,no
rKaHyPar,bbmat.mtx.hgr,no,no,0,32,0.03,0.0297275,33.4647,cut,21187,16317,no
rKaHyPar,bbmat.mtx.hgr,no,no,1,32,0.03,0.0297275,33.177,cut,20716,16539,no
rKaHyPar,bbmat.mtx.hgr,no,no,2,32,0.03,0.0297275,32.8447,cut,21661,16567,no
rKaHyPar,bbmat.mtx.hgr,no,no,3,32,0.03,0.0297275,20.8005,cut,20973,16469,no
rKaHyPar,bbmat.mtx.hgr,no,no,4,32,0.03,0.0297275,21.642,cut,21292,16382,no
rKaHyPar,bbmat.mtx.hgr,no,no,5,32,0.03,0.0297275,32.5515,cut,20264,16541,no
rKaHyPar,bbmat.mtx.hgr,no,no,6,32,0.03,0.0297275,21.1718,cut,19515,16450,no
rKaHyPar,bbmat.mtx.hgr,no,no,7,32,0.03,0.0297275,32.9302,cut,20809,16431,no
rKaHyPar,bbmat.mtx.hgr,no,no,8,32,0.03,0.0289017,20.9651,cut,20396,16342,no
rKaHyPar,bbmat.mtx.hgr,no,no,9,32,0.03,0.0297275,32.2175,cut,20313,16602,no
rKaHyPar,bbmat.mtx.hgr,no,no,0,4,0.03,0,13.4946,cut,2996,2996,no
rKaHyPar,bbmat.mtx.hgr,no,no,1,4,0.03,0,13.2694,cut,2996,2996,no
rKaHyPar,bbmat.mtx.hgr,no,no,2,4,0.03,0,13.5741,cut,2996,2996,no
rKaHyPar,bbmat.mtx.hgr,no,no,3,4,0.03,0,13.2561,cut,2996,2996,no
rKaHyPar,bbmat.mtx.hgr,no,no,4,4,0.03,0,8.74084,cut,2996,2996,no
rKaHyPar,bbmat.mtx.hgr,no,no,5,4,0.03,0,8.40115,cut,2996,2996,no
rKaHyPar,bbmat.mtx.hgr,no,no,6,4,0.03,0,13.4546,cut,2996,2996,no
rKaHyPar,bbmat.mtx.hgr,no,no,7,4,0.03,0,13.4938,cut,2996,2996,no
rKaHyPar,bbmat.mtx.hgr,no,no,8,4,0.03,0,8.46534,cut,2996,2996,no
rKaHyPar,bbmat.mtx.hgr,no,no,9,4,0.03,0,8.56672,cut,2996,2996,no
rKaHyPar,bbmat.mtx.hgr,no,no,0,64,0.03,0.029703,23.0942,cut,41515,24236,no
rKaHyPar,bbmat.mtx.hgr,no,no,1,64,0.03,0.029703,36.5492,cut,41407,24186,no
rKaHyPar,bbmat.mtx.hgr,no,no,2,64,0.03,0.029703,36.2683,cut,40351,24254,no
rKaHyPar,bbmat.mtx.hgr,no,no,3,64,0.03,0.029703,36.2984,cut,41520,24251,no
rKaHyPar,bbmat.mtx.hgr,no,no,4,64,0.03,0.029703,23.3667,cut,41863,24316,no
rKaHyPar,bbmat.mtx.hgr,no,no,5,64,0.03,0.029703,36.2113,cut,40730,24348,no
rKaHyPar,bbmat.mtx.hgr,no,no,6,64,0.03,0.029703,23.2241,cut,40714,24101,no
rKaHyPar,bbmat.mtx.hgr,no,no,7,64,0.03,0.029703,36.3814,cut,42308,24334,no
rKaHyPar,bbmat.mtx.hgr,no,no,8,64,0.03,0.029703,23.4284,cut,40056,24144,no
rKaHyPar,bbmat.mtx.hgr,no,no,9,64,0.03,0.029703,23.1761,cut,41164,24227,no
rKaHyPar,bbmat.mtx.hgr,no,no,0,8,0.03,0.0297336,13.4646,cut,6640,6420,no
rKaHyPar,bbmat.mtx.hgr,no,no,1,8,0.03,0.0150733,20.2579,cut,6686,6602,no
rKaHyPar,bbmat.mtx.hgr,no,no,2,8,0.03,0.0229197,20.6425,cut,6665,6512,no
rKaHyPar,bbmat.mtx.hgr,no,no,3,8,0.03,0.0284947,20.8232,cut,6401,6163,no
rKaHyPar,bbmat.mtx.hgr,no,no,4,8,0.03,0.0282883,20.4909,cut,6401,6084,no
rKaHyPar,bbmat.mtx.hgr,no,no,5,8,0.03,0.0297336,13.5841,cut,6760,6225,no
rKaHyPar,bbmat.mtx.hgr,no,no,6,8,0.03,0.0293207,20.7168,cut,6586,6279,no
rKaHyPar,bbmat.mtx.hgr,no,no,7,8,0.03,0.0287012,12.841,cut,6417,6122,no
rKaHyPar,bbmat.mtx.hgr,no,no,8,8,0.03,0.0299401,13.604,cut,6683,6362,no
rKaHyPar,bbmat.mtx.hgr,no,no,9,8,0.03,0.0291142,20.9036,cut,6552,6153,no
rKaHyPar,bcsstk29.mtx.hgr,no,no,0,128,0.03,0.0272727,3.65733,cut,20118,9448,no
rKaHyPar,bcsstk29.mtx.hgr,no,no,1,128,0.03,0.0272727,3.52249,cut,20349,9475,no
rKaHyPar,bcsstk29.mtx.hgr,no,no,2,128,0.03,0.0272727,3.5434,cut,20237,9429,no
rKaHyPar,bcsstk29.mtx.hgr,no,no,3,128,0.03,0.0272727,3.72092,cut,19659,9418,no
rKaHyPar,bcsstk29.mtx.hgr,no,no,4,128,0.03,0.0272727,5.23921,cut,20864,9457,no
rKaHyPar,bcsstk29.mtx.hgr,no,no,5,128,0.03,0.0272727,5.20938,cut,20303,9421,no
rKaHyPar,bcsstk29.mtx.hgr,no,no,6,128,0.03,0.0272727,5.29055,cut,20783,9545,no
rKaHyPar,bcsstk29.mtx.hgr,no,no,7,128,0.03,0.0272727,5.1022,cut,20605,9407,no
rKaHyPar,bcsstk29.mtx.hgr,no,no,8,128,0.03,0.0272727,3.55542,cut,19709,9519,no
rKaHyPar,bcsstk29.mtx.hgr,no,no,9,128,0.03,0.0272727,3.49934,cut,20859,9462,no
rKaHyPar,bcsstk29.mtx.hgr,no,no,0,16,0.03,0.0285714,1.29771,cut,4384,3678,no
rKaHyPar,bcsstk29.mtx.hgr,no,no,1,16,0.03,0.0285714,1.76711,cut,4296,3690,no
rKaHyPar,bcsstk29.mtx.hgr,no,no,2,16,0.03,0.0285714,1.76611,cut,4247,3653,no
rKaHyPar,bcsstk29.mtx.hgr,no,no,3,16,0.03,0.0285714,1.7688,cut,4338,3678,no
rKaHyPar,bcsstk29.mtx.hgr,no,no,4,16,0.03,0.0285714,1.82995,cut,4374,3682,no
rKaHyPar,bcsstk29.mtx.hgr,no,no,5,16,0.03,0.0285714,1.30599,cut,4325,3659,no
rKaHyPar,bcsstk29.mtx.hgr,no,no,6,16,0.03,0.0297143,1.75694,cut,4396,3677,no
rKaHyPar,bcsstk29.mtx.hgr,no,no,7,16,0.03,0.0285714,1.69577,cut,4356,3702,no
rKaHyPar,bcsstk29.mtx.hgr,no,no,8,16,0.03,0.0285714,1.25691,cut,4360,3702,no
rKaHyPar,bcsstk29.mtx.hgr,no,no,9,16,0.03,0.0285714,1.27167,cut,4194,3689,no
rKaHyPar,bcsstk29.mtx.hgr,no,no,0,2,0.03,0.00686106,0.394234,cut,360,360,no
rKaHyPar,bcsstk29.mtx.hgr,no,no,1,2,0.03,0.0051458,0.379709,cut,360,360,no
rKaHyPar,bcsstk29.mtx.hgr,no,no,2,2,0.03,0.000857633,0.360281,cut,360,360,no
rKaHyPar,bcsstk29.mtx.hgr,no,no,3,2,0.03,0.00171527,0.269262,cut,360,360,no
rKaHyPar,bcsstk29.mtx.hgr,no,no,4,2,0.03,0.00686106,0.396931,cut,360,360,no
rKaHyPar,bcsstk29.mtx.hgr,no,no,5,2,0.03,0.00171527,0.373408,cut,360,360,no
rKaHyPar,bcsstk29.mtx.hgr,no,no,6,2,0.03,0.00171527,0.259199,cut,360,360,no
rKaHyPar,bcsstk29.mtx.hgr,no,no,7,2,0.03,0.00857633,0.387292,cut,360,360,no
rKaHyPar,bcsstk29.mtx.hgr,no,no,8,2,0.03,0.00686106,0.40613,cut,360,360,no
rKaHyPar,bcsstk29.mtx.hgr,no,no,9,2,0.03,0.00686106,0.367444,cut,360,360,no
rKaHyPar,bcsstk29.mtx.hgr,no,no,0,32,0.03,0.0273973,2.83147,cut,6826,5265,no
rKaHyPar,bcsstk29.mtx.hgr,no,no,1,32,0.03,0.0296804,2.89761,cut,6959,5166,no
rKaHyPar,bcsstk29.mtx.hgr,no,no,2,32,0.03,0.0273973,2.806,cut,6723,5186,no
rKaHyPar,bcsstk29.mtx.hgr,no,no,3,32,0.03,0.0273973,2.03677,cut,6866,5260,no
rKaHyPar,bcsstk29.mtx.hgr,no,no,4,32,0.03,0.0273973,2.02245,cut,7046,5328,no
rKaHyPar,bcsstk29.mtx.hgr,no,no,5,32,0.03,0.0273973,1.99789,cut,6896,5189,no
rKaHyPar,bcsstk29.mtx.hgr,no,no,6,32,0.03,0.0273973,2.06737,cut,6725,5219,no
rKaHyPar,bcsstk29.mtx.hgr,no,no,7,32,0.03,0.0273973,2.95546,cut,6670,5188,no
rKaHyPar,bcsstk29.mtx.hgr,no,no,8,32,0.03,0.0273973,2.13921,cut,6662,5186,no
rKaHyPar,bcsstk29.mtx.hgr,no,no,9,32,0.03,0.0273973,3.12006,cut,7068,5274,no
rKaHyPar,bcsstk29.mtx.hgr,no,no,0,4,0.03,0.0137221,0.709086,cut,1110,1086,no
rKaHyPar,bcsstk29.mtx.hgr,no,no,1,4,0.03,0.0137221,0.725123,cut,1122,1098,no
rKaHyPar,bcsstk29.mtx.hgr,no,no,2,4,0.03,0.0051458,0.69919,cut,1110,1086,no
rKaHyPar,bcsstk29.mtx.hgr,no,no,3,4,0.03,0.0137221,0.7595,cut,1080,1080,no
rKaHyPar,bcsstk29.mtx.hgr,no,no,4,4,0.03,0.00343053,0.517316,cut,1110,1086,no
rKaHyPar,bcsstk29.mtx.hgr,no,no,5,4,0.03,0.0222985,0.54888,cut,1104,1080,no
rKaHyPar,bcsstk29.mtx.hgr,no,no,6,4,0.03,0.0188679,0.77165,cut,1146,1098,no
rKaHyPar,bcsstk29.mtx.hgr,no,no,7,4,0.03,0.0120069,0.729367,cut,1080,1080,no
rKaHyPar,bcsstk29.mtx.hgr,no,no,8,4,0.03,0.0171527,0.546951,cut,1104,1080,no
rKaHyPar,bcsstk29.mtx.hgr,no,no,9,4,0.03,0.0120069,0.511833,cut,1104,1080,no
rKaHyPar,bcsstk29.mtx.hgr,no,no,0,64,0.03,0.0136986,2.86771,cut,10575,6957,no
rKaHyPar,bcsstk29.mtx.hgr,no,no,1,64,0.03,0.0136986,3.93562,cut,11098,7084,no
rKaHyPar,bcsstk29.mtx.hgr,no,no,2,64,0.03,0.0182648,4.00887,cut,11302,7138,no
rKaHyPar,bcsstk29.mtx.hgr,no,no,3,64,0.03,0.0136986,4.05279,cut,10785,7019,no
rKaHyPar,bcsstk29.mtx.hgr,no,no,4,64,0.03,0.0136986,2.87194,cut,11398,7065,no
rKaHyPar,bcsstk29.mtx.hgr,no,no,5,64,0.03,0.0136986,4.18959,cut,10839,6971,no
rKaHyPar,bcsstk29.mtx.hgr,no,no,6,64,0.03,0.0136986,2.88432,cut,10987,7086,no
rKaHyPar,bcsstk29.mtx.hgr,no,no,7,64,0.03,0.0136986,4.09773,cut,11290,7121,no
rKaHyPar,bcsstk29.mtx.hgr,no,no,8,64,0.03,0.0273973,2.96701,cut,10911,7042,no
rKaHyPar,bcsstk29.mtx.hgr,no,no,9,64,0.03,0.0136986,2.83851,cut,10721,7008,no
rKaHyPar,bcsstk29.mtx.hgr,no,no,0,8,0.03,0.0222985,1.12988,cut,2388,2172,no
rKaHyPar,bcsstk29.mtx.hgr,no,no,1,8,0.03,0.0291595,1.12989,cut,2430,2214,no
rKaHyPar,bcsstk29.mtx.hgr,no,no,2,8,0.03,0.0291595,1.12967,cut,2441,2249,no
rKaHyPar,bcsstk29.mtx.hgr,no,no,3,8,0.03,0.0188679,1.2144,cut,2418,2262,no
rKaHyPar,bcsstk29.mtx.hgr,no,no,4,8,0.03,0.0222985,1.13592,cut,2472,2232,no
rKaHyPar,bcsstk29.mtx.hgr,no,no,5,8,0.03,0.0188679,0.822179,cut,2382,2190,no
rKaHyPar,bcsstk29.mtx.hgr,no,no,6,8,0.03,0.0188679,1.10407,cut,2466,2226,no
rKaHyPar,bcsstk29.mtx.hgr,no,no,7,8,0.03,0.0291595,0.819418,cut,2490,2250,no
rKaHyPar,bcsstk29.mtx.hgr,no,no,8,8,0.03,0.0120069,0.835031,cut,2394,2214,no
rKaHyPar,bcsstk29.mtx.hgr,no,no,9,8,0.03,0.0291595,1.12628,cut,2394,2214,no
rKaHyPar,BenElechi1.mtx.hgr,no,no,0,128,0.03,0.029672,11.4008,cut,52737,47793,no
rKaHyPar,BenElechi1.mtx.hgr,no,no,1,128,0.03,0.0275898,11.3442,cut,52776,47874,no
rKaHyPar,BenElechi1.mtx.hgr,no,no,2,128,0.03,0.0275898,11.3501,cut,52821,47787,no
rKaHyPar,BenElechi1.mtx.hgr,no,no,3,128,0.03,0.029672,11.4159,cut,52704,47754,no
rKaHyPar,BenElechi1.mtx.hgr,no,no,4,128,0.03,0.0275898,15.6925,cut,52761,47787,no
rKaHyPar,BenElechi1.mtx.hgr,no,no,5,128,0.03,0.029672,11.4073,cut,52911,47823,no
rKaHyPar,BenElechi1.mtx.hgr,no,no,6,128,0.03,0.0275898,15.8986,cut,52668,47742,no
rKaHyPar,BenElechi1.mtx.hgr,no,no,7,128,0.03,0.029672,15.8777,cut,52872,47886,no
rKaHyPar,BenElechi1.mtx.hgr,no,no,8,128,0.03,0.0275898,11.4291,cut,52833,47889,no
rKaHyPar,BenElechi1.mtx.hgr,no,no,9,128,0.03,0.029672,11.374,cut,52650,47754,no
rKaHyPar,BenElechi1.mtx.hgr,no,no,0,16,0.03,0.0264185,4.95877,cut,13936,13624,no
rKaHyPar,BenElechi1.mtx.hgr,no,no,1,16,0.03,0.0186101,6.42982,cut,13596,13356,no
rKaHyPar,BenElechi1.mtx.hgr,no,no,2,16,0.03,0.0178293,6.66868,cut,13614,13374,no
rKaHyPar,BenElechi1.mtx.hgr,no,no,3,16,0.03,0.0197814,6.53101,cut,14022,13758,no
rKaHyPar,BenElechi1.mtx.hgr,no,no,4,16,0.03,0.0186101,6.32478,cut,13596,13356,no
rKaHyPar,BenElechi1.mtx.hgr,no,no,5,16,0.03,0.0186101,4.72206,cut,13642,13354,no
rKaHyPar,BenElechi1.mtx.hgr,no,no,6,16,0.03,0.0209526,4.88178,cut,13654,13366,no
rKaHyPar,BenElechi1.mtx.hgr,no,no,7,16,0.03,0.0291515,6.6354,cut,13590,13350,no
rKaHyPar,BenElechi1.mtx.hgr,no,no,8,16,0.03,0.0252473,4.64884,cut,13614,13374,no
rKaHyPar,BenElechi1.mtx.hgr,no,no,9,16,0.03,0.0186101,4.45195,cut,13596,13356,no
rKaHyPar,BenElechi1.mtx.hgr,no,no,0,2,0.03,0.0268349,8.24282,cut,1284,1284,no
rKaHyPar,BenElechi1.mtx.hgr,no,no,1,2,0.03,0.0267861,6.74454,cut,1284,1284,no
rKaHyPar,BenElechi1.mtx.hgr,no,no,2,2,0.03,0.0268349,6.39211,cut,1284,1284,no
rKaHyPar,BenElechi1.mtx.hgr,no,no,3,2,0.03,0.0267861,6.01566,cut,1284,1284,no
rKaHyPar,BenElechi1.mtx.hgr,no,no,4,2,0.03,0.0267861,8.84138,cut,1284,1284,no
rKaHyPar,BenElechi1.mtx.hgr,no,no,5,2,0.03,0.0268349,8.67543,cut,1284,1284,no
rKaHyPar,BenElechi1.mtx.hgr,no,no,6,2,0.03,0.0267861,6.45479,cut,1284,1284,no
rKaHyPar,BenElechi1.mtx.hgr,no,no,7,2,0.03,0.0267861,6.02152,cut,1284,1284,no
rKaHyPar,BenElechi1.mtx.hgr,no,no,8,2,0.03,0.0267861,10.6857,cut,1284,1284,no
rKaHyPar,BenElechi1.mtx.hgr,no,no,9,2,0.03,0.0267861,6.07285,cut,1284,1284,no
rKaHyPar,BenElechi1.mtx.hgr,no,no,0,32,0.03,0.0260281,8.31596,cut,22330,21394,no
rKaHyPar,BenElechi1.mtx.hgr,no,no,1,32,0.03,0.0275898,8.39015,cut,22804,21892,no
rKaHyPar,BenElechi1.mtx.hgr,no,no,2,32,0.03,0.0260281,8.3412,cut,22450,21610,no
rKaHyPar,BenElechi1.mtx.hgr,no,no,3,32,0.03,0.0260281,6.18123,cut,22678,21814,no
rKaHyPar,BenElechi1.mtx.hgr,no,no,4,32,0.03,0.0299323,5.97126,cut,22246,21376,no
rKaHyPar,BenElechi1.mtx.hgr,no,no,5,32,0.03,0.0275898,8.16083,cut,22282,21418,no
rKaHyPar,BenElechi1.mtx.hgr,no,no,6,32,0.03,0.0260281,6.02458,cut,22240,21376,no
rKaHyPar,BenElechi1.mtx.hgr,no,no,7,32,0.03,0.0252473,8.0294,cut,22264,21400,no
rKaHyPar,BenElechi1.mtx.hgr,no,no,8,32,0.03,0.0252473,5.96844,cut,22252,21388,no
rKaHyPar,BenElechi1.mtx.hgr,no,no,9,32,0.03,0.0260281,8.18544,cut,22276,21388,no
rKaHyPar,BenElechi1.mtx.hgr,no,no,0,4,0.03,0.0264361,4.58631,cut,3396,3396,no
rKaHyPar,BenElechi1.mtx.hgr,no,no,1,4,0.03,0.0265337,3.3846,cut,3396,3396,no
rKaHyPar,BenElechi1.mtx.hgr,no,no,2,4,0.03,0.0264361,4.88561,cut,3396,3396,no
rKaHyPar,BenElechi1.mtx.hgr,no,no,3,4,0.03,0.0264361,4.92981,cut,3396,3396,no
rKaHyPar,BenElechi1.mtx.hgr,no,no,4,4,0.03,0.0265337,3.38236,cut,3396,3396,no
rKaHyPar,BenElechi1.mtx.hgr,no,no,5,4,0.03,0.0264361,3.26368,cut,3396,3396,no
rKaHyPar,BenElechi1.mtx.hgr,no,no,6,4,0.03,0.0265337,4.87893,cut,3396,3396,no
rKaHyPar,BenElechi1.mtx.hgr,no,no,7,4,0.03,0.0265337,4.93175,cut,3396,3396,no
rKaHyPar,BenElechi1.mtx.hgr,no,no,8,4,0.03,0.0264361,3.41279,cut,3396,3396,no
rKaHyPar,BenElechi1.mtx.hgr,no,no,9,4,0.03,0.0265337,3.37278,cut,3396,3396,no
rKaHyPar,BenElechi1.mtx.hgr,no,no,0,64,0.03,0.0275898,8.18032,cut,34330,32338,no
rKaHyPar,BenElechi1.mtx.hgr,no,no,1,64,0.03,0.0291515,11.4957,cut,34318,32320,no
rKaHyPar,BenElechi1.mtx.hgr,no,no,2,64,0.03,0.0291515,11.0507,cut,34384,32350,no
rKaHyPar,BenElechi1.mtx.hgr,no,no,3,64,0.03,0.0291515,11.2842,cut,34294,32248,no
rKaHyPar,BenElechi1.mtx.hgr,no,no,4,64,0.03,0.0291515,8.18132,cut,34336,32350,no
rKaHyPar,BenElechi1.mtx.hgr,no,no,5,64,0.03,0.0291515,11.4521,cut,34396,32344,no
rKaHyPar,BenElechi1.mtx.hgr,no,no,6,64,0.03,0.0291515,11.6319,cut,34288,32284,no
rKaHyPar,BenElechi1.mtx.hgr,no,no,7,64,0.03,0.0275898,11.2625,cut,34342,32368,no
rKaHyPar,BenElechi1.mtx.hgr,no,no,8,64,0.03,0.0275898,8.18295,cut,34330,32350,no
rKaHyPar,BenElechi1.mtx.hgr,no,no,9,64,0.03,0.0275898,8.10125,cut,34342,32350,no
rKaHyPar,BenElechi1.mtx.hgr,no,no,0,8,0.03,0.0248902,4.02938,cut,8034,7962,no
rKaHyPar,BenElechi1.mtx.hgr,no,no,1,8,0.03,0.0289898,5.88223,cut,7956,7884,no
rKaHyPar,BenElechi1.mtx.hgr,no,no,2,8,0.03,0.0289898,6.39394,cut,7956,7884,no
rKaHyPar,BenElechi1.mtx.hgr,no,no,3,8,0.03,0.0258663,5.77313,cut,7968,7896,no
rKaHyPar,BenElechi1.mtx.hgr,no,no,4,8,0.03,0.0289898,6.25746,cut,7974,7902,no
rKaHyPar,BenElechi1.mtx.hgr,no,no,5,8,0.03,0.0289898,4.22665,cut,7956,7884,no
rKaHyPar,BenElechi1.mtx.hgr,no,no,6,8,0.03,0.0289898,6.07481,cut,7968,7896,no
rKaHyPar,BenElechi1.mtx.hgr,no,no,7,8,0.03,0.0289898,4.2541,cut,7962,7890,no
rKaHyPar,BenElechi1.mtx.hgr,no,no,8,8,0.03,0.0289898,4.33031,cut,7956,7884,no
rKaHyPar,BenElechi1.mtx.hgr,no,no,9,8,0.03,0.0289898,6.10705,cut,7956,7884,no
rKaHyPar,bibd_49_3.mtx.hgr,no,no,0,128,0.03,0.00694444,2.30895,cut,36592,1137,no
rKaHyPar,bibd_49_3.mtx.hgr,no,no,1,128,0.03,0.00694444,2.18573,cut,39238,1143,no
rKaHyPar,bibd_49_3.mtx.hgr,no,no,2,128,0.03,0.00694444,2.27578,cut,36567,1143,no
rKaHyPar,bibd_49_3.mtx.hgr,no,no,3,128,0.03,0.00694444,2.31269,cut,36875,1140,no
rKaHyPar,bibd_49_3.mtx.hgr,no,no,4,128,0.03,0.00694444,3.72576,cut,37036,1146,no
rKaHyPar,bibd_49_3.mtx.hgr,no,no,5,128,0.03,0.00694444,2.3651,cut,36642,1140,no
rKaHyPar,bibd_49_3.mtx.hgr,no,no,6,128,0.03,0.00694444,3.44691,cut,37074,1141,no
rKaHyPar,bibd_49_3.mtx.hgr,no,no,7,128,0.03,0.00694444,3.45248,cut,36125,1142,no
rKaHyPar,bibd_49_3.mtx.hgr,no,no,8,128,0.03,0.00694444,2.25663,cut,36523,1142,no
rKaHyPar,bibd_49_3.mtx.hgr,no,no,9,128,0.03,0.0138889,2.31739,cut,36894,1144,no
rKaHyPar,bibd_49_3.mtx.hgr,no,no,0,16,0.03,0.0121528,1.81319,cut,10507,1073,no
rKaHyPar,bibd_49_3.mtx.hgr,no,no,1,16,0.03,0.0286458,2.60904,cut,11876,1085,no
rKaHyPar,bibd_49_3.mtx.hgr,no,no,2,16,0.03,0.0164931,2.61755,cut,11412,1097,no
rKaHyPar,bibd_49_3.mtx.hgr,no,no,3,16,0.03,0.0104167,2.7165,cut,11874,1095,no
rKaHyPar,bibd_49_3.mtx.hgr,no,no,4,16,0.03,0.0225694,2.61604,cut,9907,1071,no
rKaHyPar,bibd_49_3.mtx.hgr,no,no,5,16,0.03,0.00954861,1.68788,cut,11700,1090,no
rKaHyPar,bibd_49_3.mtx.hgr,no,no,6,16,0.03,0.00694444,2.7033,cut,10341,1080,no
rKaHyPar,bibd_49_3.mtx.hgr,no,no,7,16,0.03,0.0138889,2.69318,cut,11252,1085,no
rKaHyPar,bibd_49_3.mtx.hgr,no,no,8,16,0.03,0.0078125,1.68025,cut,11666,1092,no
rKaHyPar,bibd_49_3.mtx.hgr,no,no,9,16,0.03,0.0138889,1.73902,cut,10688,1071,no
rKaHyPar,bibd_49_3.mtx.hgr,no,no,0,2,0.03,0.0290925,2.65185,cut,882,882,no
rKaHyPar,bibd_49_3.mtx.hgr,no,no,1,2,0.03,0.0281155,2.53537,cut,862,862,no
rKaHyPar,bibd_49_3.mtx.hgr,no,no,2,2,0.03,0.0280069,1.68673,cut,883,883,no
rKaHyPar,bibd_49_3.mtx.hgr,no,no,3,2,0.03,0.0288754,1.7876,cut,849,849,no
rKaHyPar,bibd_49_3.mtx.hgr,no,no,4,2,0.03,0.0294182,2.46867,cut,884,884,no
rKaHyPar,bibd_49_3.mtx.hgr,no,no,5,2,0.03,0.0294182,2.46159,cut,857,857,no
rKaHyPar,bibd_49_3.mtx.hgr,no,no,6,2,0.03,0.0293096,1.72181,cut,873,873,no
rKaHyPar,bibd_49_3.mtx.hgr,no,no,7,2,0.03,0.0299609,2.77993,cut,866,866,no
rKaHyPar,bibd_49_3.mtx.hgr,no,no,8,2,0.03,0.0299609,3.08562,cut,835,835,no
rKaHyPar,bibd_49_3.mtx.hgr,no,no,9,2,0.03,0.0294182,2.75193,cut,865,865,no
rKaHyPar,bibd_49_3.mtx.hgr,no,no,0,32,0.03,0.0190972,2.95318,cut,18037,1108,no
rKaHyPar,bibd_49_3.mtx.hgr,no,no,1,32,0.03,0.0173611,2.91733,cut,21049,1103,no
rKaHyPar,bibd_49_3.mtx.hgr,no,no,2,32,0.03,0.00868056,3.01537,cut,16692,1095,no
rKaHyPar,bibd_49_3.mtx.hgr,no,no,3,32,0.03,0.0104167,2.00198,cut,18884,1106,no
rKaHyPar,bibd_49_3.mtx.hgr,no,no,4,32,0.03,0.00868056,1.83903,cut,16712,1107,no
rKaHyPar,bibd_49_3.mtx.hgr,no,no,5,32,0.03,0.0104167,1.85633,cut,17118,1102,no
rKaHyPar,bibd_49_3.mtx.hgr,no,no,6,32,0.03,0.0104167,1.94712,cut,18021,1103,no
rKaHyPar,bibd_49_3.mtx.hgr,no,no,7,32,0.03,0.0104167,2.91931,cut,19560,1113,no
rKaHyPar,bibd_49_3.mtx.hgr,no,no,8,32,0.03,0.00520833,1.91821,cut,18438,1110,no
rKaHyPar,bibd_49_3.mtx.hgr,no,no,9,32,0.03,0.0121528,3.04384,cut,17935,1104,no
rKaHyPar,bibd_49_3.mtx.hgr,no,no,0,4,0.03,0.0136778,2.2409,cut,2770,1017,no
rKaHyPar,bibd_49_3.mtx.hgr,no,no,1,4,0.03,0.0125923,1.63193,cut,2742,1003,no
rKaHyPar,bibd_49_3.mtx.hgr,no,no,2,4,0.03,0.0234477,2.36921,cut,2548,1005,no
rKaHyPar,bibd_49_3.mtx.hgr,no,no,3,4,0.03,0.0136778,2.29411,cut,2593,986,no
rKaHyPar,bibd_49_3.mtx.hgr,no,no,4,4,0.03,0.024099,1.58211,cut,2587,1009,no
rKaHyPar,bibd_49_3.mtx.hgr,no,no,5,4,0.03,0.01802,1.51334,cut,2556,991,no
rKaHyPar,bibd_49_3.mtx.hgr,no,no,6,4,0.03,0.0249674,2.2649,cut,2525,998,no
rKaHyPar,bibd_49_3.mtx.hgr,no,no,7,4,0.03,0.0130265,2.36114,cut,2748,1010,no
rKaHyPar,bibd_49_3.mtx.hgr,no,no,8,4,0.03,0.0130265,1.59522,cut,2664,998,no
rKaHyPar,bibd_49_3.mtx.hgr,no,no,9,4,0.03,0.0269214,1.53905,cut,2596,993,no
rKaHyPar,bibd_49_3.mtx.hgr,no,no,0,64,0.03,0.0138889,2.14295,cut,27988,1127,no
rKaHyPar,bibd_49_3.mtx.hgr,no,no,1,64,0.03,0.00694444,3.25237,cut,30956,1129,no
rKaHyPar,bibd_49_3.mtx.hgr,no,no,2,64,0.03,0.00694444,3.26874,cut,27371,1127,no
rKaHyPar,bibd_49_3.mtx.hgr,no,no,3,64,0.03,0.0104167,3.18574,cut,28738,1126,no
rKaHyPar,bibd_49_3.mtx.hgr,no,no,4,64,0.03,0.00694444,2.0651,cut,27227,1125,no
rKaHyPar,bibd_49_3.mtx.hgr,no,no,5,64,0.03,0.0138889,3.06256,cut,31003,1129,no
rKaHyPar,bibd_49_3.mtx.hgr,no,no,6,64,0.03,0.0104167,3.2028,cut,29726,1129,no
rKaHyPar,bibd_49_3.mtx.hgr,no,no,7,64,0.03,0.0104167,3.38365,cut,27317,1129,no
rKaHyPar,bibd_49_3.mtx.hgr,no,no,8,64,0.03,0.0104167,2.0912,cut,27708,1127,no
rKaHyPar,bibd_49_3.mtx.hgr,no,no,9,64,0.03,0.00694444,2.04066,cut,27772,1128,no
rKaHyPar,bibd_49_3.mtx.hgr,no,no,0,8,0.03,0.00955276,2.54559,cut,5781,1050,no
rKaHyPar,bibd_49_3.mtx.hgr,no,no,1,8,0.03,0.022145,2.4345,cut,5850,1046,no
rKaHyPar,bibd_49_3.mtx.hgr,no,no,2,8,0.03,0.0217108,2.54625,cut,5814,1050,no
rKaHyPar,bibd_49_3.mtx.hgr,no,no,3,8,0.03,0.0299609,2.47964,cut,5830,1053,no
rKaHyPar,bibd_49_3.mtx.hgr,no,no,4,8,0.03,0.0182371,2.37303,cut,5668,1054,no
rKaHyPar,bibd_49_3.mtx.hgr,no,no,5,8,0.03,0.0130265,1.65306,cut,5117,1012,no
rKaHyPar,bibd_49_3.mtx.hgr,no,no,6,8,0.03,0.0178029,2.41737,cut,4941,1030,no
rKaHyPar,bibd_49_3.mtx.hgr,no,no,7,8,0.03,0.016066,1.64915,cut,5852,1052,no
rKaHyPar,bibd_49_3.mtx.hgr,no,no,8,8,0.03,0.0247503,1.61124,cut,5940,1055,no
rKaHyPar,bibd_49_3.mtx.hgr,no,no,9,8,0.03,0.0282241,2.37364,cut,5992,1053,no
rKaHyPar,bips07_1998.mtx.hgr,no,no,0,128,0.03,0.0254237,3.98315,cut,1772,1137,no
rKaHyPar,bips07_1998.mtx.hgr,no,no,1,128,0.03,0.0254237,3.96559,cut,1817,1126,no
rKaHyPar,bips07_1998.mtx.hgr,no,no,2,128,0.03,0.0254237,4.06736,cut,1841,1131,no
rKaHyPar,bips07_1998.mtx.hgr,no,no,3,128,0.03,0.0254237,4.08548,cut,1859,1154,no
rKaHyPar,bips07_1998.mtx.hgr,no,no,4,128,0.03,0.0254237,5.42115,cut,1822,1161,no
rKaHyPar,bips07_1998.mtx.hgr,no,no,5,128,0.03,0.0254237,4.06359,cut,1814,1133,no
rKaHyPar,bips07_1998.mtx.hgr,no,no,6,128,0.03,0.0254237,5.43297,cut,1776,1123,no
rKaHyPar,bips07_1998.mtx.hgr,no,no,7,128,0.03,0.0254237,3.97238,cut,1819,1132,no
rKaHyPar,bips07_1998.mtx.hgr,no,no,8,128,0.03,0.0254237,3.95865,cut,1794,1118,no
rKaHyPar,bips07_1998.mtx.hgr,no,no,9,128,0.03,0.0254237,3.91559,cut,1820,1125,no
rKaHyPar,bips07_1998.mtx.hgr,no,no,0,16,0.03,0.0169851,0.913718,cut,466,366,no
rKaHyPar,bips07_1998.mtx.hgr,no,no,1,16,0.03,0.0286624,1.21264,cut,477,356,no
rKaHyPar,bips07_1998.mtx.hgr,no,no,2,16,0.03,0.0286624,1.29112,cut,460,357,no
rKaHyPar,bips07_1998.mtx.hgr,no,no,3,16,0.03,0.0169851,1.34254,cut,476,360,no
rKaHyPar,bips07_1998.mtx.hgr,no,no,4,16,0.03,0.0286624,1.22793,cut,448,346,no
rKaHyPar,bips07_1998.mtx.hgr,no,no,5,16,0.03,0.0212314,0.895779,cut,461,357,no
rKaHyPar,bips07_1998.mtx.hgr,no,no,6,16,0.03,0.0169851,0.923317,cut,438,350,no
rKaHyPar,bips07_1998.mtx.hgr,no,no,7,16,0.03,0.0286624,1.21028,cut,449,343,no
rKaHyPar,bips07_1998.mtx.hgr,no,no,8,16,0.03,0.0244161,0.925986,cut,460,348,no
rKaHyPar,bips07_1998.mtx.hgr,no,no,9,16,0.03,0.0106157,0.937307,cut,471,368,no
rKaHyPar,bips07_1998.mtx.hgr,no,no,0,2,0.03,0,0.234263,cut,58,58,no
rKaHyPar,bips07_1998.mtx.hgr,no,no,1,2,0.03,0,0.18946,cut,68,68,no
rKaHyPar,bips07_1998.mtx.hgr,no,no,2,2,0.03,0,0.167685,cut,58,58,no
rKaHyPar,bips07_1998.mtx.hgr,no,no,3,2,0.03,0,0.184267,cut,58,58,no
rKaHyPar,bips07_1998.mtx.hgr,no,no,4,2,0.03,0.0187176,0.232336,cut,58,58,no
rKaHyPar,bips07_1998.mtx.hgr,no,no,5,2,0.03,0,0.236896,cut,58,58,no
rKaHyPar,bips07_1998.mtx.hgr,no,no,6,2,0.03,0,0.183374,cut,58,58,no
rKaHyPar,bips07_1998.mtx.hgr,no,no,7,2,0.03,0,0.238537,cut,58,58,no
rKaHyPar,bips07_1998.mtx.hgr,no,no,8,2,0.03,0.0225674,0.247074,cut,65,65,no
rKaHyPar,bips07_1998.mtx.hgr,no,no,9,2,0.03,0.0225674,0.177278,cut,65,65,no
rKaHyPar,bips07_1998.mtx.hgr,no,no,0,32,0.03,0.029724,2.02282,cut,705,508,no
rKaHyPar,bips07_1998.mtx.hgr,no,no,1,32,0.03,0.0276008,1.93639,cut,748,535,no
rKaHyPar,bips07_1998.mtx.hgr,no,no,2,32,0.03,0.0254777,1.95251,cut,739,530,no
rKaHyPar,bips07_1998.mtx.hgr,no,no,3,32,0.03,0.0276008,1.54896,cut,708,519,no
rKaHyPar,bips07_1998.mtx.hgr,no,no,4,32,0.03,0.029724,1.4328,cut,782,535,no
rKaHyPar,bips07_1998.mtx.hgr,no,no,5,32,0.03,0.0276008,1.91585,cut,741,511,no
rKaHyPar,bips07_1998.mtx.hgr,no,no,6,32,0.03,0.0191083,1.52345,cut,763,540,no
rKaHyPar,bips07_1998.mtx.hgr,no,no,7,32,0.03,0.0276008,2.06732,cut,764,546,no
rKaHyPar,bips07_1998.mtx.hgr,no,no,8,32,0.03,0.0233546,1.48573,cut,779,515,no
rKaHyPar,bips07_1998.mtx.hgr,no,no,9,32,0.03,0.029724,2.04972,cut,770,526,no
rKaHyPar,bips07_1998.mtx.hgr,no,no,0,4,0.03,0,0.490519,cut,126,124,no
rKaHyPar,bips07_1998.mtx.hgr,no,no,1,4,0.03,0.00637112,0.364829,cut,133,123,no
rKaHyPar,bips07_1998.mtx.hgr,no,no,2,4,0.03,0.00079639,0.493616,cut,115,113,no
rKaHyPar,bips07_1998.mtx.hgr,no,no,3,4,0.03,0.0196443,0.506231,cut,131,123,no
rKaHyPar,bips07_1998.mtx.hgr,no,no,4,4,0.03,0.00849482,0.361234,cut,115,113,no
rKaHyPar,bips07_1998.mtx.hgr,no,no,5,4,0.03,0.0130077,0.347852,cut,116,114,no
rKaHyPar,bips07_1998.mtx.hgr,no,no,6,4,0.03,0.0207061,0.34569,cut,125,117,no
rKaHyPar,bips07_1998.mtx.hgr,no,no,7,4,0.03,0.0132732,0.466242,cut,125,115,no
rKaHyPar,bips07_1998.mtx.hgr,no,no,8,4,0.03,0.0130077,0.359651,cut,116,114,no
rKaHyPar,bips07_1998.mtx.hgr,no,no,9,4,0.03,0.0207061,0.36391,cut,125,117,no
rKaHyPar,bips07_1998.mtx.hgr,no,no,0,64,0.03,0.029661,2.57975,cut,1159,737,no
rKaHyPar,bips07_1998.mtx.hgr,no,no,1,64,0.03,0.029661,3.43195,cut,1112,749,no
rKaHyPar,bips07_1998.mtx.hgr,no,no,2,64,0.03,0.0254237,3.32413,cut,1138,749,no
rKaHyPar,bips07_1998.mtx.hgr,no,no,3,64,0.03,0.029661,3.33484,cut,1119,755,no
rKaHyPar,bips07_1998.mtx.hgr,no,no,4,64,0.03,0.029661,2.53205,cut,1091,730,no
rKaHyPar,bips07_1998.mtx.hgr,no,no,5,64,0.03,0.029661,3.6346,cut,1136,729,no
rKaHyPar,bips07_1998.mtx.hgr,no,no,6,64,0.03,0.029661,3.39223,cut,1134,739,no
rKaHyPar,bips07_1998.mtx.hgr,no,no,7,64,0.03,0.029661,3.41222,cut,1116,740,no
rKaHyPar,bips07_1998.mtx.hgr,no,no,8,64,0.03,0.029661,2.48297,cut,1157,730,no
rKaHyPar,bips07_1998.mtx.hgr,no,no,9,64,0.03,0.029661,2.56009,cut,1129,750,no
rKaHyPar,bips07_1998.mtx.hgr,no,no,0,8,0.03,0.0291932,0.561056,cut,252,222,no
rKaHyPar,bips07_1998.mtx.hgr,no,no,1,8,0.03,0.0207006,0.807738,cut,257,217,no
rKaHyPar,bips07_1998.mtx.hgr,no,no,2,8,0.03,0.0106157,0.581055,cut,261,227,no
rKaHyPar,bips07_1998.mtx.hgr,no,no,3,8,0.03,0.0265393,0.867537,cut,259,226,no
rKaHyPar,bips07_1998.mtx.hgr,no,no,4,8,0.03,0.0132696,0.766974,cut,275,245,no
rKaHyPar,bips07_1998.mtx.hgr,no,no,5,8,0.03,0.0276008,0.574434,cut,265,235,no
rKaHyPar,bips07_1998.mtx.hgr,no,no,6,8,0.03,0.00106157,0.796057,cut,261,227,no
rKaHyPar,bips07_1998.mtx.hgr,no,no,7,8,0.03,0.0106157,0.574657,cut,268,236,no
rKaHyPar,bips07_1998.mtx.hgr,no,no,8,8,0.03,0.0265393,0.590414,cut,257,228,no
rKaHyPar,bips07_1998.mtx.hgr,no,no,9,8,0.03,0.014862,0.774658,cut,255,233,no
rKaHyPar,bloweya.mtx.hgr,no,no,0,128,0.03,0.0212766,26.8513,cut,10719,10177,no
rKaHyPar,bloweya.mtx.hgr,no,no,1,128,0.03,0.0212766,28.1508,cut,10721,10177,no
rKaHyPar,bloweya.mtx.hgr,no,no,2,128,0.03,0.0297872,30.5624,cut,10731,10179,no
rKaHyPar,bloweya.mtx.hgr,no,no,3,128,0.03,0.0297872,31.4888,cut,10741,10181,no
rKaHyPar,bloweya.mtx.hgr,no,no,4,128,0.03,0.0212766,45.7193,cut,10755,10183,no
rKaHyPar,bloweya.mtx.hgr,no,no,5,128,0.03,0.0297872,31.3507,cut,10733,10181,no
rKaHyPar,bloweya.mtx.hgr,no,no,6,128,0.03,0.0297872,45.1319,cut,10743,10181,no
rKaHyPar,bloweya.mtx.hgr,no,no,7,128,0.03,0.0212766,24.7957,cut,10727,10179,no
rKaHyPar,bloweya.mtx.hgr,no,no,8,128,0.03,0.0297872,30.0699,cut,10723,10179,no
rKaHyPar,bloweya.mtx.hgr,no,no,9,128,0.03,0.0212766,26.2009,cut,10733,10179,no
rKaHyPar,bloweya.mtx.hgr,no,no,0,16,0.03,0.0298507,26.277,cut,9467,9399,no
rKaHyPar,bloweya.mtx.hgr,no,no,1,16,0.03,0.0293177,46.8248,cut,9462,9396,no
rKaHyPar,bloweya.mtx.hgr,no,no,2,16,0.03,0.0293177,36.5292,cut,9464,9396,no
rKaHyPar,bloweya.mtx.hgr,no,no,3,16,0.03,0.0298507,44.8157,cut,9463,9397,no
rKaHyPar,bloweya.mtx.hgr,no,no,4,16,0.03,0.0293177,34.9631,cut,9452,9392,no
rKaHyPar,bloweya.mtx.hgr,no,no,5,16,0.03,0.0293177,27.0899,cut,9454,9394,no
rKaHyPar,bloweya.mtx.hgr,no,no,6,16,0.03,0.0293177,40.7197,cut,9462,9396,no
rKaHyPar,bloweya.mtx.hgr,no,no,7,16,0.03,0.0293177,36.1603,cut,9466,9396,no
rKaHyPar,bloweya.mtx.hgr,no,no,8,16,0.03,0.0293177,26.1426,cut,9462,9394,no
rKaHyPar,bloweya.mtx.hgr,no,no,9,16,0.03,0.0293177,24.5454,cut,9466,9394,no
rKaHyPar,bloweya.mtx.hgr,no,no,0,2,0.03,0.029996,33.9494,cut,4857,4857,no
rKaHyPar,bloweya.mtx.hgr,no,no,1,2,0.03,0.029996,22.5726,cut,4857,4857,no
rKaHyPar,bloweya.mtx.hgr,no,no,2,2,0.03,0.0298627,18.3918,cut,4855,4855,no
rKaHyPar,bloweya.mtx.hgr,no,no,3,2,0.03,0.029996,23.9033,cut,4857,4857,no
rKaHyPar,bloweya.mtx.hgr,no,no,4,2,0.03,0.029996,29.2131,cut,4857,4857,no
rKaHyPar,bloweya.mtx.hgr,no,no,5,2,0.03,0.0298627,26.9102,cut,4855,4855,no
rKaHyPar,bloweya.mtx.hgr,no,no,6,2,0.03,0.0298627,17.279,cut,4855,4855,no
rKaHyPar,bloweya.mtx.hgr,no,no,7,2,0.03,0.0298627,26.1052,cut,4855,4855,no
rKaHyPar,bloweya.mtx.hgr,no,no,8,2,0.03,0.029996,32.6577,cut,4857,4857,no
rKaHyPar,bloweya.mtx.hgr,no,no,9,2,0.03,0.029996,30.3396,cut,4857,4857,no
rKaHyPar,bloweya.mtx.hgr,no,no,0,32,0.03,0.0287846,41.2281,cut,9876,9746,no
rKaHyPar,bloweya.mtx.hgr,no,no,1,32,0.03,0.0287846,44.3561,cut,9890,9750,no
rKaHyPar,bloweya.mtx.hgr,no,no,2,32,0.03,0.0287846,39.3624,cut,9876,9746,no
rKaHyPar,bloweya.mtx.hgr,no,no,3,32,0.03,0.0298507,32.9092,cut,9873,9743,no
rKaHyPar,bloweya.mtx.hgr,no,no,4,32,0.03,0.0298507,25.202,cut,9871,9743,no
rKaHyPar,bloweya.mtx.hgr,no,no,5,32,0.03,0.0287846,31.6237,cut,9886,9748,no
rKaHyPar,bloweya.mtx.hgr,no,no,6,32,0.03,0.0287846,28.2211,cut,9900,9750,no
rKaHyPar,bloweya.mtx.hgr,no,no,7,32,0.03,0.0287846,39.3774,cut,9886,9748,no
rKaHyPar,bloweya.mtx.hgr,no,no,8,32,0.03,0.0287846,28.1431,cut,9868,9744,no
rKaHyPar,bloweya.mtx.hgr,no,no,9,32,0.03,0.0298507,43.2611,cut,9885,9745,no
rKaHyPar,bloweya.mtx.hgr,no,no,0,4,0.03,0.0298627,39.1641,cut,7448,7436,no
rKaHyPar,bloweya.mtx.hgr,no,no,1,4,0.03,0.0297294,27.7504,cut,7447,7437,no
rKaHyPar,bloweya.mtx.hgr,no,no,2,4,0.03,0.0298627,36.1101,cut,7440,7434,no
rKaHyPar,bloweya.mtx.hgr,no,no,3,4,0.03,0.0298627,36.847,cut,7448,7436,no
rKaHyPar,bloweya.mtx.hgr,no,no,4,4,0.03,0.029996,23.5743,cut,7453,7441,no
rKaHyPar,bloweya.mtx.hgr,no,no,5,4,0.03,0.0297294,26.5373,cut,7451,7443,no
rKaHyPar,bloweya.mtx.hgr,no,no,6,4,0.03,0.029996,25.8466,cut,7444,7438,no
rKaHyPar,bloweya.mtx.hgr,no,no,7,4,0.03,0.0298627,34.9844,cut,7448,7436,no
rKaHyPar,bloweya.mtx.hgr,no,no,8,4,0.03,0.0298627,25.8705,cut,7448,7440,no
rKaHyPar,bloweya.mtx.hgr,no,no,9,4,0.03,0.029996,23.6917,cut,7445,7439,no
rKaHyPar,bloweya.mtx.hgr,no,no,0,64,0.03,0.0277186,28.2024,cut,10257,9974,no
rKaHyPar,bloweya.mtx.hgr,no,no,1,64,0.03,0.0277186,49.3083,cut,10239,9973,no
rKaHyPar,bloweya.mtx.hgr,no,no,2,64,0.03,0.0277186,36.8167,cut,10257,9973,no
rKaHyPar,bloweya.mtx.hgr,no,no,3,64,0.03,0.0277186,49.2374,cut,10243,9973,no
rKaHyPar,bloweya.mtx.hgr,no,no,4,64,0.03,0.0277186,29.1016,cut,10259,9971,no
rKaHyPar,bloweya.mtx.hgr,no,no,5,64,0.03,0.0277186,44.4901,cut,10243,9971,no
rKaHyPar,bloweya.mtx.hgr,no,no,6,64,0.03,0.0298507,39.4226,cut,10280,9977,no
rKaHyPar,bloweya.mtx.hgr,no,no,7,64,0.03,0.0277186,54.973,cut,10247,9971,no
rKaHyPar,bloweya.mtx.hgr,no,no,8,64,0.03,0.0277186,28.2986,cut,10249,9969,no
rKaHyPar,bloweya.mtx.hgr,no,no,9,64,0.03,0.0277186,27.4034,cut,10259,9976,no
rKaHyPar,bloweya.mtx.hgr,no,no,0,8,0.03,0.0298587,39.7059,cut,8768,8736,no
rKaHyPar,bloweya.mtx.hgr,no,no,1,8,0.03,0.0298587,35.1464,cut,8766,8740,no
rKaHyPar,bloweya.mtx.hgr,no,no,2,8,0.03,0.0293255,31.3848,cut,8756,8730,no
rKaHyPar,bloweya.mtx.hgr,no,no,3,8,0.03,0.0295921,37.191,cut,8764,8734,no
rKaHyPar,bloweya.mtx.hgr,no,no,4,8,0.03,0.0293255,40.3696,cut,8764,8738,no
rKaHyPar,bloweya.mtx.hgr,no,no,5,8,0.03,0.0293255,28.4533,cut,8754,8734,no
rKaHyPar,bloweya.mtx.hgr,no,no,6,8,0.03,0.0298587,41.8225,cut,8750,8730,no
rKaHyPar,bloweya.mtx.hgr,no,no,7,8,0.03,0.0293255,29.5653,cut,8752,8734,no
rKaHyPar,bloweya.mtx.hgr,no,no,8,8,0.03,0.0295921,25.86,cut,8753,8733,no
rKaHyPar,bloweya.mtx.hgr,no,no,9,8,0.03,0.0293255,35.7127,cut,8774,8735,no
rKaHyPar,bundle1.mtx.hgr,no,no,0,128,0.03,0.0240964,1.14042,cut,45850,10176,no
rKaHyPar,bundle1.mtx.hgr,no,no,1,128,0.03,0.0240964,1.11612,cut,45958,10029,no
rKaHyPar,bundle1.mtx.hgr,no,no,2,128,0.03,0.0240964,1.21302,cut,44324,10047,no
rKaHyPar,bundle1.mtx.hgr,no,no,3,128,0.03,0.0240964,1.1307,cut,41727,10035,no
rKaHyPar,bundle1.mtx.hgr,no,no,4,128,0.03,0.0240964,1.77592,cut,41945,10110,no
rKaHyPar,bundle1.mtx.hgr,no,no,5,128,0.03,0.0240964,1.0925,cut,42996,10038,no
rKaHyPar,bundle1.mtx.hgr,no,no,6,128,0.03,0.0240964,1.1806,cut,41059,10062,no
rKaHyPar,bundle1.mtx.hgr,no,no,7,128,0.03,0.0240964,1.20459,cut,44469,10044,no
rKaHyPar,bundle1.mtx.hgr,no,no,8,128,0.03,0.0240964,1.10735,cut,43839,10122,no
rKaHyPar,bundle1.mtx.hgr,no,no,9,128,0.03,0.0240964,1.67874,cut,40932,10050,no
rKaHyPar,bundle1.mtx.hgr,no,no,0,16,0.03,0.0287009,0.924808,cut,14067,6780,no
rKaHyPar,bundle1.mtx.hgr,no,no,1,16,0.03,0.0287009,1.35627,cut,13871,6615,no
rKaHyPar,bundle1.mtx.hgr,no,no,2,16,0.03,0.0287009,1.43244,cut,13907,6606,no
rKaHyPar,bundle1.mtx.hgr,no,no,3,16,0.03,0.0287009,0.940185,cut,14981,7050,no
rKaHyPar,bundle1.mtx.hgr,no,no,4,16,0.03,0.0287009,1.32036,cut,14086,6831,no
rKaHyPar,bundle1.mtx.hgr,no,no,5,16,0.03,0.0287009,0.954785,cut,14725,6747,no
rKaHyPar,bundle1.mtx.hgr,no,no,6,16,0.03,0.0287009,0.904343,cut,13986,6813,no
rKaHyPar,bundle1.mtx.hgr,no,no,7,16,0.03,0.0287009,1.36015,cut,14272,6513,no
rKaHyPar,bundle1.mtx.hgr,no,no,8,16,0.03,0.0271903,0.866073,cut,14095,6876,no
rKaHyPar,bundle1.mtx.hgr,no,no,9,16,0.03,0.0271903,0.898919,cut,13914,6873,no
rKaHyPar,bundle1.mtx.hgr,no,no,0,2,0.03,0.029484,0.593641,cut,1607,1607,no
rKaHyPar,bundle1.mtx.hgr,no,no,1,2,0.03,0.00189,0.354864,cut,1292,1292,no
rKaHyPar,bundle1.mtx.hgr,no,no,2,2,0.03,0.000189,0.367171,cut,1292,1292,no
rKaHyPar,bundle1.mtx.hgr,no,no,3,2,0.03,0.029862,0.631179,cut,1465,1465,no
rKaHyPar,bundle1.mtx.hgr,no,no,4,2,0.03,0.001512,0.546698,cut,1246,1246,no
rKaHyPar,bundle1.mtx.hgr,no,no,5,2,0.03,0.029484,0.571581,cut,1607,1607,no
rKaHyPar,bundle1.mtx.hgr,no,no,6,2,0.03,0.002079,0.533001,cut,1249,1249,no
rKaHyPar,bundle1.mtx.hgr,no,no,7,2,0.03,0.000189,0.562703,cut,1285,1285,no
rKaHyPar,bundle1.mtx.hgr,no,no,8,2,0.03,0.001512,0.574432,cut,1246,1246,no
rKaHyPar,bundle1.mtx.hgr,no,no,9,2,0.03,0.029484,0.402524,cut,1607,1607,no
rKaHyPar,bundle1.mtx.hgr,no,no,0,32,0.03,0.0241692,1.4442,cut,18264,8403,no
rKaHyPar,bundle1.mtx.hgr,no,no,1,32,0.03,0.0271903,1.54317,cut,20320,8427,no
rKaHyPar,bundle1.mtx.hgr,no,no,2,32,0.03,0.0241692,1.48524,cut,20144,8166,no
rKaHyPar,bundle1.mtx.hgr,no,no,3,32,0.03,0.0271903,1.06252,cut,20245,8034,no
rKaHyPar,bundle1.mtx.hgr,no,no,4,32,0.03,0.0241692,1.00943,cut,19769,8202,no
rKaHyPar,bundle1.mtx.hgr,no,no,5,32,0.03,0.0271903,1.39255,cut,21949,8619,no
rKaHyPar,bundle1.mtx.hgr,no,no,6,32,0.03,0.0271903,1.0381,cut,19649,8199,no
rKaHyPar,bundle1.mtx.hgr,no,no,7,32,0.03,0.0271903,1.53127,cut,20957,8412,no
rKaHyPar,bundle1.mtx.hgr,no,no,8,32,0.03,0.0271903,0.993008,cut,20763,8370,no
rKaHyPar,bundle1.mtx.hgr,no,no,9,32,0.03,0.0271903,1.56058,cut,20682,8478,no
rKaHyPar,bundle1.mtx.hgr,no,no,0,4,0.03,0.00453515,0.914,cut,3656,3178,no
rKaHyPar,bundle1.mtx.hgr,no,no,1,4,0.03,0.0249433,0.656888,cut,3502,3129,no
rKaHyPar,bundle1.mtx.hgr,no,no,2,4,0.03,0.0147392,1.21705,cut,4005,3238,no
rKaHyPar,bundle1.mtx.hgr,no,no,3,4,0.03,0,0.86486,cut,4100,3360,no
rKaHyPar,bundle1.mtx.hgr,no,no,4,4,0.03,0.0249433,0.674048,cut,4157,3114,no
rKaHyPar,bundle1.mtx.hgr,no,no,5,4,0.03,0.0294785,0.60432,cut,4241,3203,no
rKaHyPar,bundle1.mtx.hgr,no,no,6,4,0.03,0.0226757,0.562389,cut,3696,3173,no
rKaHyPar,bundle1.mtx.hgr,no,no,7,4,0.03,0.0298564,0.892981,cut,3687,3181,no
rKaHyPar,bundle1.mtx.hgr,no,no,8,4,0.03,0.0260771,0.624209,cut,3977,3344,no
rKaHyPar,bundle1.mtx.hgr,no,no,9,4,0.03,0.0249433,0.554799,cut,3468,3101,no
rKaHyPar,bundle1.mtx.hgr,no,no,0,64,0.03,0.0240964,1.07509,cut,30129,9489,no
rKaHyPar,bundle1.mtx.hgr,no,no,1,64,0.03,0.0240964,1.5896,cut,29382,9324,no
rKaHyPar,bundle1.mtx.hgr,no,no,2,64,0.03,0.0240964,1.70034,cut,26261,9459,no
rKaHyPar,bundle1.mtx.hgr,no,no,3,64,0.03,0.0240964,1.69526,cut,29178,9429,no
rKaHyPar,bundle1.mtx.hgr,no,no,4,64,0.03,0.0240964,1.0984,cut,32324,9489,no
rKaHyPar,bundle1.mtx.hgr,no,no,5,64,0.03,0.0240964,1.65525,cut,29537,9441,no
rKaHyPar,bundle1.mtx.hgr,no,no,6,64,0.03,0.0240964,1.72783,cut,28176,9387,no
rKaHyPar,bundle1.mtx.hgr,no,no,7,64,0.03,0.0240964,1.53532,cut,30714,9381,no
rKaHyPar,bundle1.mtx.hgr,no,no,8,64,0.03,0.0240964,1.13167,cut,27074,9435,no
rKaHyPar,bundle1.mtx.hgr,no,no,9,64,0.03,0.0240964,1.04765,cut,30207,9453,no
rKaHyPar,bundle1.mtx.hgr,no,no,0,8,0.03,0.0241875,0.728383,cut,8151,5381,no
rKaHyPar,bundle1.mtx.hgr,no,no,1,8,0.03,0.015873,1.1577,cut,8597,5165,no
rKaHyPar,bundle1.mtx.hgr,no,no,2,8,0.03,0.0294785,0.796069,cut,8583,4951,no
rKaHyPar,bundle1.mtx.hgr,no,no,3,8,0.03,0.0287226,1.19503,cut,8765,5166,no
rKaHyPar,bundle1.mtx.hgr,no,no,4,8,0.03,0.0294785,1.20436,cut,8445,5053,no
rKaHyPar,bundle1.mtx.hgr,no,no,5,8,0.03,0.0294785,0.772276,cut,8380,5022,no
rKaHyPar,bundle1.mtx.hgr,no,no,6,8,0.03,0.0279667,1.1855,cut,8694,5060,no
rKaHyPar,bundle1.mtx.hgr,no,no,7,8,0.03,0.0294785,0.793318,cut,8391,5022,no
rKaHyPar,bundle1.mtx.hgr,no,no,8,8,0.03,0.0294785,0.787098,cut,8618,5161,no
rKaHyPar,bundle1.mtx.hgr,no,no,9,8,0.03,0.0204082,1.14494,cut,8157,5398,no
rKaHyPar,c-55.mtx.hgr,no,no,0,128,0.03,0.0272374,11.6118,cut,61972,11604,no
rKaHyPar,c-55.mtx.hgr,no,no,1,128,0.03,0.0272374,8.95853,cut,63223,11582,no
rKaHyPar,c-55.mtx.hgr,no,no,2,128,0.03,0.0272374,11.5272,cut,61598,11699,no
rKaHyPar,c-55.mtx.hgr,no,no,3,128,0.03,0.0272374,8.99297,cut,61776,11650,no
rKaHyPar,c-55.mtx.hgr,no,no,4,128,0.03,0.0272374,14.3089,cut,61809,11638,no
rKaHyPar,c-55.mtx.hgr,no,no,5,128,0.03,0.0272374,9.26404,cut,62028,11597,no
rKaHyPar,c-55.mtx.hgr,no,no,6,128,0.03,0.0272374,11.9107,cut,62352,11620,no
rKaHyPar,c-55.mtx.hgr,no,no,7,128,0.03,0.0272374,9.18726,cut,61608,11589,no
rKaHyPar,c-55.mtx.hgr,no,no,8,128,0.03,0.0272374,9.02666,cut,59642,11527,no
rKaHyPar,c-55.mtx.hgr,no,no,9,128,0.03,0.0272374,15.5024,cut,61322,11624,no
rKaHyPar,c-55.mtx.hgr,no,no,0,16,0.03,0.0263543,8.53443,cut,23694,9383,no
rKaHyPar,c-55.mtx.hgr,no,no,1,16,0.03,0.0287945,8.57705,cut,23878,9511,no
rKaHyPar,c-55.mtx.hgr,no,no,2,16,0.03,0.0283065,12.0922,cut,23641,9395,no
rKaHyPar,c-55.mtx.hgr,no,no,3,16,0.03,0.0278184,5.96105,cut,23686,9510,no
rKaHyPar,c-55.mtx.hgr,no,no,4,16,0.03,0.0297706,11.5086,cut,23654,9450,no
rKaHyPar,c-55.mtx.hgr,no,no,5,16,0.03,0.0297706,6.66464,cut,22883,9393,no
rKaHyPar,c-55.mtx.hgr,no,no,6,16,0.03,0.0297706,10.4325,cut,24142,9534,no
rKaHyPar,c-55.mtx.hgr,no,no,7,16,0.03,0.0273304,8.21091,cut,23563,9279,no
rKaHyPar,c-55.mtx.hgr,no,no,8,16,0.03,0.0214739,5.59089,cut,23914,9326,no
rKaHyPar,c-55.mtx.hgr,no,no,9,16,0.03,0.0283065,7.93909,cut,24024,9356,no
rKaHyPar,c-55.mtx.hgr,no,no,0,2,0.03,0.0299573,7.63197,cut,3564,3564,no
rKaHyPar,c-55.mtx.hgr,no,no,1,2,0.03,0.0299573,3.29775,cut,3551,3551,no
rKaHyPar,c-55.mtx.hgr,no,no,2,2,0.03,0.0299573,4.98987,cut,3563,3563,no
rKaHyPar,c-55.mtx.hgr,no,no,3,2,0.03,0.0298353,4.53788,cut,3529,3529,no
rKaHyPar,c-55.mtx.hgr,no,no,4,2,0.03,0.0298353,5.84589,cut,3529,3529,no
rKaHyPar,c-55.mtx.hgr,no,no,5,2,0.03,0.0298963,5.14886,cut,3504,3504,no
rKaHyPar,c-55.mtx.hgr,no,no,6,2,0.03,0.0299573,4.60664,cut,3529,3529,no
rKaHyPar,c-55.mtx.hgr,no,no,7,2,0.03,0.0299573,4.96553,cut,3512,3512,no
rKaHyPar,c-55.mtx.hgr,no,no,8,2,0.03,0.0299573,5.78642,cut,3497,3497,no
rKaHyPar,c-55.mtx.hgr,no,no,9,2,0.03,0.0299573,5.23278,cut,3536,3536,no
rKaHyPar,c-55.mtx.hgr,no,no,0,32,0.03,0.0282927,12.4237,cut,35152,10237,no
rKaHyPar,c-55.mtx.hgr,no,no,1,32,0.03,0.0243902,9.38737,cut,34040,10239,no
rKaHyPar,c-55.mtx.hgr,no,no,2,32,0.03,0.0282927,11.6387,cut,33830,10166,no
rKaHyPar,c-55.mtx.hgr,no,no,3,32,0.03,0.0292683,9.08378,cut,35494,10131,no
rKaHyPar,c-55.mtx.hgr,no,no,4,32,0.03,0.0292683,8.72364,cut,34432,10200,no
rKaHyPar,c-55.mtx.hgr,no,no,5,32,0.03,0.0292683,6.34634,cut,33724,10068,no
rKaHyPar,c-55.mtx.hgr,no,no,6,32,0.03,0.0243902,8.01634,cut,33837,10158,no
rKaHyPar,c-55.mtx.hgr,no,no,7,32,0.03,0.0292683,9.03961,cut,34275,10013,no
rKaHyPar,c-55.mtx.hgr,no,no,8,32,0.03,0.0292683,8.04565,cut,33930,10066,no
rKaHyPar,c-55.mtx.hgr,no,no,9,32,0.03,0.0282927,12.874,cut,34263,10192,no
rKaHyPar,c-55.mtx.hgr,no,no,0,4,0.03,0.0262355,9.98155,cut,7852,5807,no
rKaHyPar,c-55.mtx.hgr,no,no,1,4,0.03,0.0298963,4.89828,cut,7696,5880,no
rKaHyPar,c-55.mtx.hgr,no,no,2,4,0.03,0.0295302,10.6376,cut,7795,5701,no
rKaHyPar,c-55.mtx.hgr,no,no,3,4,0.03,0.0278218,9.13069,cut,8048,5790,no
rKaHyPar,c-55.mtx.hgr,no,no,4,4,0.03,0.0297743,7.27596,cut,8078,5746,no
rKaHyPar,c-55.mtx.hgr,no,no,5,4,0.03,0.0297743,5.96428,cut,7674,5606,no
rKaHyPar,c-55.mtx.hgr,no,no,6,4,0.03,0.0294082,6.87544,cut,7915,5775,no
rKaHyPar,c-55.mtx.hgr,no,no,7,4,0.03,0.0298963,7.89764,cut,7728,5711,no
rKaHyPar,c-55.mtx.hgr,no,no,8,4,0.03,0.0298963,4.63709,cut,7940,6000,no
rKaHyPar,c-55.mtx.hgr,no,no,9,4,0.03,0.0298963,6.71953,cut,7830,5699,no
rKaHyPar,c-55.mtx.hgr,no,no,0,64,0.03,0.0253411,9.4946,cut,46993,10825,no
rKaHyPar,c-55.mtx.hgr,no,no,1,64,0.03,0.0292398,10.2922,cut,47341,10810,no
rKaHyPar,c-55.mtx.hgr,no,no,2,64,0.03,0.0292398,13.6849,cut,46147,10780,no
rKaHyPar,c-55.mtx.hgr,no,no,3,64,0.03,0.0292398,10.9356,cut,47048,10865,no
rKaHyPar,c-55.mtx.hgr,no,no,4,64,0.03,0.0292398,8.91311,cut,46215,10848,no
rKaHyPar,c-55.mtx.hgr,no,no,5,64,0.03,0.0292398,9.99064,cut,45961,10767,no
rKaHyPar,c-55.mtx.hgr,no,no,6,64,0.03,0.0292398,14.5405,cut,46241,10921,no
rKaHyPar,c-55.mtx.hgr,no,no,7,64,0.03,0.0292398,10.8122,cut,46788,10950,no
rKaHyPar,c-55.mtx.hgr,no,no,8,64,0.03,0.0292398,7.25313,cut,47363,10773,no
rKaHyPar,c-55.mtx.hgr,no,no,9,64,0.03,0.0272904,9.87883,cut,46390,10955,no
rKaHyPar,c-55.mtx.hgr,no,no,0,8,0.03,0.0297706,11.3586,cut,15563,8225,no
rKaHyPar,c-55.mtx.hgr,no,no,1,8,0.03,0.0265983,8.43114,cut,14645,8177,no
rKaHyPar,c-55.mtx.hgr,no,no,2,8,0.03,0.0209858,7.65412,cut,14725,8406,no
rKaHyPar,c-55.mtx.hgr,no,no,3,8,0.03,0.0295266,8.16196,cut,14878,8282,no
rKaHyPar,c-55.mtx.hgr,no,no,4,8,0.03,0.022206,9.83811,cut,14415,8262,no
rKaHyPar,c-55.mtx.hgr,no,no,5,8,0.03,0.0297706,6.36012,cut,14924,8193,no
rKaHyPar,c-55.mtx.hgr,no,no,6,8,0.03,0.0204978,10.0262,cut,14834,8256,no
rKaHyPar,c-55.mtx.hgr,no,no,7,8,0.03,0.0297706,5.47065,cut,15098,8153,no
rKaHyPar,c-55.mtx.hgr,no,no,8,8,0.03,0.0297706,6.26103,cut,15113,8186,no
rKaHyPar,c-55.mtx.hgr,no,no,9,8,0.03,0.0278184,10.9682,cut,15039,8265,no
rKaHyPar,c-61.mtx.hgr,no,no,0,128,0.03,0.0293255,8.3318,cut,22676,8876,no
rKaHyPar,c-61.mtx.hgr,no,no,1,128,0.03,0.0293255,12.74,cut,21684,8990,no
rKaHyPar,c-61.mtx.hgr,no,no,2,128,0.03,0.0293255,11.364,cut,22245,8829,no
rKaHyPar,c-61.mtx.hgr,no,no,3,128,0.03,0.0293255,10.9728,cut,22874,8876,no
rKaHyPar,c-61.mtx.hgr,no,no,4,128,0.03,0.0293255,16.5579,cut,23158,8897,no
rKaHyPar,c-61.mtx.hgr,no,no,5,128,0.03,0.0293255,8.87451,cut,21781,8963,no
rKaHyPar,c-61.mtx.hgr,no,no,6,128,0.03,0.0293255,12.2719,cut,22183,8838,no
rKaHyPar,c-61.mtx.hgr,no,no,7,128,0.03,0.0293255,11.7927,cut,22967,8902,no
rKaHyPar,c-61.mtx.hgr,no,no,8,128,0.03,0.0293255,9.42528,cut,22020,8922,no
rKaHyPar,c-61.mtx.hgr,no,no,9,128,0.03,0.0293255,14.4792,cut,22877,8882,no
rKaHyPar,c-61.mtx.hgr,no,no,0,16,0.03,0.029703,8.21467,cut,8592,5585,no
rKaHyPar,c-61.mtx.hgr,no,no,1,16,0.03,0.0267693,12.0273,cut,8889,5841,no
rKaHyPar,c-61.mtx.hgr,no,no,2,16,0.03,0.0282362,8.32116,cut,8690,5717,no
rKaHyPar,c-61.mtx.hgr,no,no,3,16,0.03,0.029703,6.63955,cut,8723,5579,no
rKaHyPar,c-61.mtx.hgr,no,no,4,16,0.03,0.0293363,9.96528,cut,8703,5496,no
rKaHyPar,c-61.mtx.hgr,no,no,5,16,0.03,0.0293363,7.89477,cut,8829,5668,no
rKaHyPar,c-61.mtx.hgr,no,no,6,16,0.03,0.0289696,8.84934,cut,8271,5510,no
rKaHyPar,c-61.mtx.hgr,no,no,7,16,0.03,0.0293363,11.1414,cut,8576,5654,no
rKaHyPar,c-61.mtx.hgr,no,no,8,16,0.03,0.0293363,6.0143,cut,8814,5733,no
rKaHyPar,c-61.mtx.hgr,no,no,9,16,0.03,0.0289696,7.8071,cut,8332,5558,no
rKaHyPar,c-61.mtx.hgr,no,no,0,2,0.03,0.0299876,4.20007,cut,2188,2188,no
rKaHyPar,c-61.mtx.hgr,no,no,1,2,0.03,0.0299418,5.23657,cut,2137,2137,no
rKaHyPar,c-61.mtx.hgr,no,no,2,2,0.03,0.0270072,3.20088,cut,2013,2013,no
rKaHyPar,c-61.mtx.hgr,no,no,3,2,0.03,0.0290247,4.9365,cut,2217,2217,no
rKaHyPar,c-61.mtx.hgr,no,no,4,2,0.03,0.0281994,2.78029,cut,2229,2229,no
rKaHyPar,c-61.mtx.hgr,no,no,5,2,0.03,0.0299876,5.49162,cut,2094,2094,no
rKaHyPar,c-61.mtx.hgr,no,no,6,2,0.03,0.0270531,2.1239,cut,2098,2098,no
rKaHyPar,c-61.mtx.hgr,no,no,7,2,0.03,0.0299876,7.35169,cut,2244,2244,no
rKaHyPar,c-61.mtx.hgr,no,no,8,2,0.03,0.0240726,2.88477,cut,2148,2148,no
rKaHyPar,c-61.mtx.hgr,no,no,9,2,0.03,0.0290706,3.42624,cut,2016,2016,no
rKaHyPar,c-61.mtx.hgr,no,no,0,32,0.03,0.0293255,9.16445,cut,11583,6605,no
rKaHyPar,c-61.mtx.hgr,no,no,1,32,0.03,0.0285924,14.022,cut,11493,6423,no
rKaHyPar,c-61.mtx.hgr,no,no,2,32,0.03,0.0293255,11.0194,cut,12193,6486,no
rKaHyPar,c-61.mtx.hgr,no,no,3,32,0.03,0.0293255,8.32265,cut,12029,6520,no
rKaHyPar,c-61.mtx.hgr,no,no,4,32,0.03,0.0293255,8.39293,cut,12086,6294,no
rKaHyPar,c-61.mtx.hgr,no,no,5,32,0.03,0.0285924,13.7567,cut,11373,6365,no
rKaHyPar,c-61.mtx.hgr,no,no,6,32,0.03,0.0278592,9.35854,cut,11892,6519,no
rKaHyPar,c-61.mtx.hgr,no,no,7,32,0.03,0.0285924,9.9478,cut,11749,6663,no
rKaHyPar,c-61.mtx.hgr,no,no,8,32,0.03,0.0285924,6.40063,cut,12397,6425,no
rKaHyPar,c-61.mtx.hgr,no,no,9,32,0.03,0.0285924,12.5074,cut,11755,6685,no
rKaHyPar,c-61.mtx.hgr,no,no,0,4,0.03,0.0299862,5.52902,cut,4205,3481,no
rKaHyPar,c-61.mtx.hgr,no,no,1,4,0.03,0.0254929,7.46866,cut,4296,3768,no
rKaHyPar,c-61.mtx.hgr,no,no,2,4,0.03,0.0299862,10.4678,cut,4047,3666,no
rKaHyPar,c-61.mtx.hgr,no,no,3,4,0.03,0.0288858,5.41928,cut,4272,3629,no
rKaHyPar,c-61.mtx.hgr,no,no,4,4,0.03,0.0288858,6.07657,cut,4126,3576,no
rKaHyPar,c-61.mtx.hgr,no,no,5,4,0.03,0.0299862,3.56909,cut,4304,3651,no
rKaHyPar,c-61.mtx.hgr,no,no,6,4,0.03,0.0216414,6.12662,cut,3977,3603,no
rKaHyPar,c-61.mtx.hgr,no,no,7,4,0.03,0.0299862,10.0294,cut,4097,3740,no
rKaHyPar,c-61.mtx.hgr,no,no,8,4,0.03,0.0299862,3.99637,cut,4183,3644,no
rKaHyPar,c-61.mtx.hgr,no,no,9,4,0.03,0.0203576,5.29266,cut,4113,3647,no
rKaHyPar,c-61.mtx.hgr,no,no,0,64,0.03,0.0293255,10.6376,cut,16441,7546,no
rKaHyPar,c-61.mtx.hgr,no,no,1,64,0.03,0.0293255,14.6003,cut,16348,7576,no
rKaHyPar,c-61.mtx.hgr,no,no,2,64,0.03,0.0293255,14.1479,cut,16176,7610,no
rKaHyPar,c-61.mtx.hgr,no,no,3,64,0.03,0.0293255,10.2551,cut,16887,7528,no
rKaHyPar,c-61.mtx.hgr,no,no,4,64,0.03,0.0293255,8.2088,cut,16350,7414,no
rKaHyPar,c-61.mtx.hgr,no,no,5,64,0.03,0.0293255,11.1137,cut,16170,7604,no
rKaHyPar,c-61.mtx.hgr,no,no,6,64,0.03,0.0293255,13.5209,cut,15816,7589,no
rKaHyPar,c-61.mtx.hgr,no,no,7,64,0.03,0.0293255,14.5051,cut,15870,7646,no
rKaHyPar,c-61.mtx.hgr,no,no,8,64,0.03,0.0293255,7.60894,cut,15944,7635,no
rKaHyPar,c-61.mtx.hgr,no,no,9,64,0.03,0.0293255,9.79699,cut,16185,7759,no
rKaHyPar,c-61.mtx.hgr,no,no,0,8,0.03,0.0253072,7.06795,cut,6148,4751,no
rKaHyPar,c-61.mtx.hgr,no,no,1,8,0.03,0.029525,10.6871,cut,6259,4847,no
rKaHyPar,c-61.mtx.hgr,no,no,2,8,0.03,0.0287915,6.72811,cut,6101,4708,no
rKaHyPar,c-61.mtx.hgr,no,no,3,8,0.03,0.0298918,7.62532,cut,6072,4638,no
rKaHyPar,c-61.mtx.hgr,no,no,4,8,0.03,0.0297084,9.44211,cut,6379,4495,no
rKaHyPar,c-61.mtx.hgr,no,no,5,8,0.03,0.0287915,8.24166,cut,5969,4645,no
rKaHyPar,c-61.mtx.hgr,no,no,6,8,0.03,0.0291583,7.77464,cut,6266,4566,no
rKaHyPar,c-61.mtx.hgr,no,no,7,8,0.03,0.0221896,6.56841,cut,5959,4663,no
rKaHyPar,c-61.mtx.hgr,no,no,8,8,0.03,0.0298918,5.3864,cut,6007,4663,no
rKaHyPar,c-61.mtx.hgr,no,no,9,8,0.03,0.0188887,6.38584,cut,5540,4382,no
rKaHyPar,c-64.mtx.hgr,no,no,0,128,0.03,0.0275689,40.3187,cut,74404,23447,no
rKaHyPar,c-64.mtx.hgr,no,no,1,128,0.03,0.0275689,34.4451,cut,74137,23432,no
rKaHyPar,c-64.mtx.hgr,no,no,2,128,0.03,0.0275689,35.54,cut,80002,23453,no
rKaHyPar,c-64.mtx.hgr,no,no,3,128,0.03,0.0275689,35.198,cut,74811,23206,no
rKaHyPar,c-64.mtx.hgr,no,no,4,128,0.03,0.0275689,58.4353,cut,78713,23113,no
rKaHyPar,c-64.mtx.hgr,no,no,5,128,0.03,0.0275689,43.7205,cut,76700,23208,no
rKaHyPar,c-64.mtx.hgr,no,no,6,128,0.03,0.0275689,36.1157,cut,85001,23330,no
rKaHyPar,c-64.mtx.hgr,no,no,7,128,0.03,0.0275689,34.1467,cut,92746,23150,no
rKaHyPar,c-64.mtx.hgr,no,no,8,128,0.03,0.0275689,37.1734,cut,80679,23380,no
rKaHyPar,c-64.mtx.hgr,no,no,9,128,0.03,0.0275689,59.3513,cut,82003,23073,no
rKaHyPar,c-64.mtx.hgr,no,no,0,16,0.03,0.0297806,33.2244,cut,31271,18384,no
rKaHyPar,c-64.mtx.hgr,no,no,1,16,0.03,0.0297806,64.2562,cut,31572,18717,no
rKaHyPar,c-64.mtx.hgr,no,no,2,16,0.03,0.0297806,34.1921,cut,30525,18287,no
rKaHyPar,c-64.mtx.hgr,no,no,3,16,0.03,0.0297806,34.5565,cut,30007,18406,no
rKaHyPar,c-64.mtx.hgr,no,no,4,16,0.03,0.0297806,57.3328,cut,30905,18462,no
rKaHyPar,c-64.mtx.hgr,no,no,5,16,0.03,0.0297806,43.1044,cut,31293,18747,no
rKaHyPar,c-64.mtx.hgr,no,no,6,16,0.03,0.0297806,67.3703,cut,30887,18111,no
rKaHyPar,c-64.mtx.hgr,no,no,7,16,0.03,0.0297806,54.6233,cut,32256,18440,no
rKaHyPar,c-64.mtx.hgr,no,no,8,16,0.03,0.0297806,34.3271,cut,31441,18678,no
rKaHyPar,c-64.mtx.hgr,no,no,9,16,0.03,0.0297806,36.956,cut,32142,18682,no
rKaHyPar,c-64.mtx.hgr,no,no,0,2,0.03,0.0298613,43.7872,cut,1480,1480,no
rKaHyPar,c-64.mtx.hgr,no,no,1,2,0.03,0.0279802,21.2247,cut,1388,1388,no
rKaHyPar,c-64.mtx.hgr,no,no,2,2,0.03,0.0299788,51.3319,cut,1632,1632,no
rKaHyPar,c-64.mtx.hgr,no,no,3,2,0.03,0.0299005,27.4495,cut,1479,1479,no
rKaHyPar,c-64.mtx.hgr,no,no,4,2,0.03,0.0285289,39.7534,cut,1394,1394,no
rKaHyPar,c-64.mtx.hgr,no,no,5,2,0.03,0.0264127,36.6943,cut,1258,1258,no
rKaHyPar,c-64.mtx.hgr,no,no,6,2,0.03,0.0282938,23.4739,cut,1390,1390,no
rKaHyPar,c-64.mtx.hgr,no,no,7,2,0.03,0.0299397,42.9912,cut,1498,1498,no
rKaHyPar,c-64.mtx.hgr,no,no,8,2,0.03,0.0299397,56.687,cut,1525,1525,no
rKaHyPar,c-64.mtx.hgr,no,no,9,2,0.03,0.0299788,49.4682,cut,1489,1489,no
rKaHyPar,c-64.mtx.hgr,no,no,0,32,0.03,0.0294671,55.6774,cut,43170,20810,no
rKaHyPar,c-64.mtx.hgr,no,no,1,32,0.03,0.0288401,51.2364,cut,45543,20283,no
rKaHyPar,c-64.mtx.hgr,no,no,2,32,0.03,0.0294671,54.2238,cut,45772,20953,no
rKaHyPar,c-64.mtx.hgr,no,no,3,32,0.03,0.0294671,31.2703,cut,48431,20792,no
rKaHyPar,c-64.mtx.hgr,no,no,4,32,0.03,0.0294671,33.2673,cut,47715,20289,no
rKaHyPar,c-64.mtx.hgr,no,no,5,32,0.03,0.0294671,44.5221,cut,44091,20663,no
rKaHyPar,c-64.mtx.hgr,no,no,6,32,0.03,0.0288401,36.0764,cut,43116,20764,no
rKaHyPar,c-64.mtx.hgr,no,no,7,32,0.03,0.0294671,54.3335,cut,47506,20611,no
rKaHyPar,c-64.mtx.hgr,no,no,8,32,0.03,0.0294671,34.6754,cut,44084,20819,no
rKaHyPar,c-64.mtx.hgr,no,no,9,32,0.03,0.0294671,57.4948,cut,47625,20577,no
rKaHyPar,c-64.mtx.hgr,no,no,0,4,0.03,0.0299397,64.3272,cut,10637,9713,no
rKaHyPar,c-64.mtx.hgr,no,no,1,4,0.03,0.0299397,37.1706,cut,10831,9066,no
rKaHyPar,c-64.mtx.hgr,no,no,2,4,0.03,0.0299397,65.2293,cut,10297,9269,no
rKaHyPar,c-64.mtx.hgr,no,no,3,4,0.03,0.0298613,71.7921,cut,10233,9250,no
rKaHyPar,c-64.mtx.hgr,no,no,4,4,0.03,0.0299397,43.0989,cut,11596,9851,no
rKaHyPar,c-64.mtx.hgr,no,no,5,4,0.03,0.0299397,48.315,cut,10310,9411,no
rKaHyPar,c-64.mtx.hgr,no,no,6,4,0.03,0.0299397,41.0748,cut,11775,9938,no
rKaHyPar,c-64.mtx.hgr,no,no,7,4,0.03,0.0299397,63.784,cut,10273,9347,no
rKaHyPar,c-64.mtx.hgr,no,no,8,4,0.03,0.0299397,39.9162,cut,10209,9324,no
rKaHyPar,c-64.mtx.hgr,no,no,9,4,0.03,0.0299397,42.2137,cut,10367,9515,no
rKaHyPar,c-64.mtx.hgr,no,no,0,64,0.03,0.0288221,33.7908,cut,60495,22378,no
rKaHyPar,c-64.mtx.hgr,no,no,1,64,0.03,0.0288221,60.3406,cut,62083,22211,no
rKaHyPar,c-64.mtx.hgr,no,no,2,64,0.03,0.0288221,54.5672,cut,65514,21846,no
rKaHyPar,c-64.mtx.hgr,no,no,3,64,0.03,0.0288221,55.4779,cut,60215,22535,no
rKaHyPar,c-64.mtx.hgr,no,no,4,64,0.03,0.0288221,43.9845,cut,58671,22112,no
rKaHyPar,c-64.mtx.hgr,no,no,5,64,0.03,0.0288221,73.1019,cut,61097,22753,no
rKaHyPar,c-64.mtx.hgr,no,no,6,64,0.03,0.0288221,56.5911,cut,61205,21761,no
rKaHyPar,c-64.mtx.hgr,no,no,7,64,0.03,0.0288221,56.9943,cut,59784,22176,no
rKaHyPar,c-64.mtx.hgr,no,no,8,64,0.03,0.0288221,36.0992,cut,66421,21995,no
rKaHyPar,c-64.mtx.hgr,no,no,9,64,0.03,0.0288221,36.4144,cut,72638,22164,no
rKaHyPar,c-64.mtx.hgr,no,no,0,8,0.03,0.0299373,49.3208,cut,17963,14328,no
rKaHyPar,c-64.mtx.hgr,no,no,1,8,0.03,0.0299373,59.2249,cut,22744,15546,no
rKaHyPar,c-64.mtx.hgr,no,no,2,8,0.03,0.0299373,35.4342,cut,19308,14555,no
rKaHyPar,c-64.mtx.hgr,no,no,3,8,0.03,0.0299373,53.0979,cut,21979,15437,no
rKaHyPar,c-64.mtx.hgr,no,no,4,8,0.03,0.0299373,70.4242,cut,22202,15340,no
rKaHyPar,c-64.mtx.hgr,no,no,5,8,0.03,0.0299373,45.3345,cut,19612,14676,no
rKaHyPar,c-64.mtx.hgr,no,no,6,8,0.03,0.0299373,62.52,cut,17504,14156,no
rKaHyPar,c-64.mtx.hgr,no,no,7,8,0.03,0.0299373,34.1024,cut,20436,14978,no
rKaHyPar,c-64.mtx.hgr,no,no,8,8,0.03,0.0297806,34.1126,cut,20897,15238,no
rKaHyPar,c-64.mtx.hgr,no,no,9,8,0.03,0.0297806,55.9521,cut,20151,14968,no
rKaHyPar,ca-CondMat.mtx.hgr,no,no,0,128,0.03,0.0276243,6.91368,cut,53784,8958,no
rKaHyPar,ca-CondMat.mtx.hgr,no,no,1,128,0.03,0.0276243,9.51736,cut,53604,8974,no
rKaHyPar,ca-CondMat.mtx.hgr,no,no,2,128,0.03,0.0276243,7.34545,cut,54611,8911,no
rKaHyPar,ca-CondMat.mtx.hgr,no,no,3,128,0.03,0.0276243,6.91247,cut,53926,8911,no
rKaHyPar,ca-CondMat.mtx.hgr,no,no,4,128,0.03,0.0220994,10.1173,cut,54873,8846,no
rKaHyPar,ca-CondMat.mtx.hgr,no,no,5,128,0.03,0.0276243,7.01621,cut,54443,8965,no
rKaHyPar,ca-CondMat.mtx.hgr,no,no,6,128,0.03,0.0276243,6.84326,cut,54827,9032,no
rKaHyPar,ca-CondMat.mtx.hgr,no,no,7,128,0.03,0.0276243,6.73094,cut,54161,9020,no
rKaHyPar,ca-CondMat.mtx.hgr,no,no,8,128,0.03,0.0276243,6.86053,cut,54134,9012,no
rKaHyPar,ca-CondMat.mtx.hgr,no,no,9,128,0.03,0.0276243,9.598,cut,54128,8928,no
rKaHyPar,ca-CondMat.mtx.hgr,no,no,0,16,0.03,0.0145228,4.25095,cut,29601,8050,no
rKaHyPar,ca-CondMat.mtx.hgr,no,no,1,16,0.03,0.0276625,5.90345,cut,29538,8011,no
rKaHyPar,ca-CondMat.mtx.hgr,no,no,2,16,0.03,0.0207469,4.32142,cut,28401,8027,no
rKaHyPar,ca-CondMat.mtx.hgr,no,no,3,16,0.03,0.0248963,4.21702,cut,28573,7922,no
rKaHyPar,ca-CondMat.mtx.hgr,no,no,4,16,0.03,0.0276625,5.90125,cut,29543,8088,no
rKaHyPar,ca-CondMat.mtx.hgr,no,no,5,16,0.03,0.0186722,4.26893,cut,29702,8021,no
rKaHyPar,ca-CondMat.mtx.hgr,no,no,6,16,0.03,0.0193638,4.30771,cut,29158,7879,no
rKaHyPar,ca-CondMat.mtx.hgr,no,no,7,16,0.03,0.0193638,5.80108,cut,28199,8084,no
rKaHyPar,ca-CondMat.mtx.hgr,no,no,8,16,0.03,0.0276625,4.18067,cut,28834,8082,no
rKaHyPar,ca-CondMat.mtx.hgr,no,no,9,16,0.03,0.0228216,4.17694,cut,28123,7992,no
rKaHyPar,ca-CondMat.mtx.hgr,no,no,0,2,0.03,0.0297398,5.43695,cut,4261,4261,no
rKaHyPar,ca-CondMat.mtx.hgr,no,no,1,2,0.03,0.0298262,6.8855,cut,4168,4168,no
rKaHyPar,ca-CondMat.mtx.hgr,no,no,2,2,0.03,0.0299991,9.1938,cut,3963,3963,no
rKaHyPar,ca-CondMat.mtx.hgr,no,no,3,2,0.03,0.0299991,10.7578,cut,3945,3945,no
rKaHyPar,ca-CondMat.mtx.hgr,no,no,4,2,0.03,0.0299127,7.43626,cut,4123,4123,no
rKaHyPar,ca-CondMat.mtx.hgr,no,no,5,2,0.03,0.0299127,6.88789,cut,4035,4035,no
rKaHyPar,ca-CondMat.mtx.hgr,no,no,6,2,0.03,0.0299991,6.53544,cut,3856,3856,no
rKaHyPar,ca-CondMat.mtx.hgr,no,no,7,2,0.03,0.0299991,9.35957,cut,4016,4016,no
rKaHyPar,ca-CondMat.mtx.hgr,no,no,8,2,0.03,0.0299127,9.05951,cut,3935,3935,no
rKaHyPar,ca-CondMat.mtx.hgr,no,no,9,2,0.03,0.0299127,6.64079,cut,3897,3897,no
rKaHyPar,ca-CondMat.mtx.hgr,no,no,0,32,0.03,0.0276625,6.51549,cut,37554,8297,no
rKaHyPar,ca-CondMat.mtx.hgr,no,no,1,32,0.03,0.0248963,6.47018,cut,37771,8435,no
rKaHyPar,ca-CondMat.mtx.hgr,no,no,2,32,0.03,0.0207469,6.35596,cut,38755,8355,no
rKaHyPar,ca-CondMat.mtx.hgr,no,no,3,32,0.03,0.0290456,4.74452,cut,38538,8299,no
rKaHyPar,ca-CondMat.mtx.hgr,no,no,4,32,0.03,0.0248963,4.70699,cut,37890,8341,no
rKaHyPar,ca-CondMat.mtx.hgr,no,no,5,32,0.03,0.02213,6.57883,cut,38921,8387,no
rKaHyPar,ca-CondMat.mtx.hgr,no,no,6,32,0.03,0.0276625,4.74028,cut,39330,8439,no
rKaHyPar,ca-CondMat.mtx.hgr,no,no,7,32,0.03,0.02213,6.32727,cut,38117,8422,no
rKaHyPar,ca-CondMat.mtx.hgr,no,no,8,32,0.03,0.0207469,4.62925,cut,38412,8400,no
rKaHyPar,ca-CondMat.mtx.hgr,no,no,9,32,0.03,0.0276625,6.69054,cut,37528,8375,no
rKaHyPar,ca-CondMat.mtx.hgr,no,no,0,4,0.03,0.0278354,5.75936,cut,11315,6513,no
rKaHyPar,ca-CondMat.mtx.hgr,no,no,1,4,0.03,0.0297372,3.74042,cut,10858,6201,no
rKaHyPar,ca-CondMat.mtx.hgr,no,no,2,4,0.03,0.0299101,4.86259,cut,10516,6106,no
rKaHyPar,ca-CondMat.mtx.hgr,no,no,3,4,0.03,0.0299101,5.502,cut,11314,6465,no
rKaHyPar,ca-CondMat.mtx.hgr,no,no,4,4,0.03,0.0297372,4.04709,cut,10945,6283,no
rKaHyPar,ca-CondMat.mtx.hgr,no,no,5,4,0.03,0.0297372,3.62103,cut,10651,6149,no
rKaHyPar,ca-CondMat.mtx.hgr,no,no,6,4,0.03,0.0295643,5.49975,cut,11081,6389,no
rKaHyPar,ca-CondMat.mtx.hgr,no,no,7,4,0.03,0.0299101,5.91645,cut,10899,6207,no
rKaHyPar,ca-CondMat.mtx.hgr,no,no,8,4,0.03,0.0299101,4.69355,cut,11179,6411,no
rKaHyPar,ca-CondMat.mtx.hgr,no,no,9,4,0.03,0.0297372,3.57522,cut,10770,6152,no
rKaHyPar,ca-CondMat.mtx.hgr,no,no,0,64,0.03,0.0276243,5.66436,cut,46921,8749,no
rKaHyPar,ca-CondMat.mtx.hgr,no,no,1,64,0.03,0.019337,7.35727,cut,46317,8706,no
rKaHyPar,ca-CondMat.mtx.hgr,no,no,2,64,0.03,0.0276243,7.45662,cut,46675,8742,no
rKaHyPar,ca-CondMat.mtx.hgr,no,no,3,64,0.03,0.0276243,7.27814,cut,46534,8687,no
rKaHyPar,ca-CondMat.mtx.hgr,no,no,4,64,0.03,0.0276243,5.57196,cut,46742,8728,no
rKaHyPar,ca-CondMat.mtx.hgr,no,no,5,64,0.03,0.0220994,7.67987,cut,47168,8621,no
rKaHyPar,ca-CondMat.mtx.hgr,no,no,6,64,0.03,0.0248619,7.59626,cut,47497,8571,no
rKaHyPar,ca-CondMat.mtx.hgr,no,no,7,64,0.03,0.0276243,7.50466,cut,46831,8715,no
rKaHyPar,ca-CondMat.mtx.hgr,no,no,8,64,0.03,0.0220994,5.44738,cut,46952,8711,no
rKaHyPar,ca-CondMat.mtx.hgr,no,no,9,64,0.03,0.0276243,5.4542,cut,47067,8636,no
rKaHyPar,ca-CondMat.mtx.hgr,no,no,0,8,0.03,0.0145228,3.87167,cut,19867,7556,no
rKaHyPar,ca-CondMat.mtx.hgr,no,no,1,8,0.03,0.0290456,5.46976,cut,19711,7512,no
rKaHyPar,ca-CondMat.mtx.hgr,no,no,2,8,0.03,0.026971,5.30135,cut,19044,7434,no
rKaHyPar,ca-CondMat.mtx.hgr,no,no,3,8,0.03,0.0266252,5.43632,cut,19879,7442,no
rKaHyPar,ca-CondMat.mtx.hgr,no,no,4,8,0.03,0.0286999,5.24682,cut,19860,7397,no
rKaHyPar,ca-CondMat.mtx.hgr,no,no,5,8,0.03,0.0297372,3.97749,cut,19742,7412,no
rKaHyPar,ca-CondMat.mtx.hgr,no,no,6,8,0.03,0.0197095,5.24032,cut,19675,7556,no
rKaHyPar,ca-CondMat.mtx.hgr,no,no,7,8,0.03,0.0293914,3.9757,cut,19147,7450,no
rKaHyPar,ca-CondMat.mtx.hgr,no,no,8,8,0.03,0.0297372,3.7827,cut,19608,7593,no
rKaHyPar,ca-CondMat.mtx.hgr,no,no,9,8,0.03,0.0197095,5.42248,cut,19801,7470,no
rKaHyPar,cage10.mtx.hgr,no,no,0,128,0.03,0.0222222,5.89931,cut,45421,8993,no
rKaHyPar,cage10.mtx.hgr,no,no,1,128,0.03,0.0222222,8.01405,cut,44369,9011,no
rKaHyPar,cage10.mtx.hgr,no,no,2,128,0.03,0.0222222,5.92873,cut,44002,8967,no
rKaHyPar,cage10.mtx.hgr,no,no,3,128,0.03,0.0222222,5.87592,cut,43280,8931,no
rKaHyPar,cage10.mtx.hgr,no,no,4,128,0.03,0.0222222,7.99298,cut,44319,8998,no
rKaHyPar,cage10.mtx.hgr,no,no,5,128,0.03,0.0222222,5.76307,cut,44414,9021,no
rKaHyPar,cage10.mtx.hgr,no,no,6,128,0.03,0.0222222,5.89306,cut,45026,9019,no
rKaHyPar,cage10.mtx.hgr,no,no,7,128,0.03,0.0222222,5.75396,cut,43803,8972,no
rKaHyPar,cage10.mtx.hgr,no,no,8,128,0.03,0.0222222,5.84181,cut,45394,8978,no
rKaHyPar,cage10.mtx.hgr,no,no,9,128,0.03,0.0222222,7.91866,cut,42829,8967,no
rKaHyPar,cage10.mtx.hgr,no,no,0,16,0.03,0.0280505,3.54277,cut,16211,6574,no
rKaHyPar,cage10.mtx.hgr,no,no,1,16,0.03,0.0238429,4.74098,cut,15860,6578,no
rKaHyPar,cage10.mtx.hgr,no,no,2,16,0.03,0.029453,3.57425,cut,16420,6593,no
rKaHyPar,cage10.mtx.hgr,no,no,3,16,0.03,0.026648,3.32837,cut,15787,6606,no
rKaHyPar,cage10.mtx.hgr,no,no,4,16,0.03,0.0280505,4.63513,cut,16129,6615,no
rKaHyPar,cage10.mtx.hgr,no,no,5,16,0.03,0.026648,3.53725,cut,15759,6602,no
rKaHyPar,cage10.mtx.hgr,no,no,6,16,0.03,0.0280505,4.67716,cut,16305,6537,no
rKaHyPar,cage10.mtx.hgr,no,no,7,16,0.03,0.0252454,4.64279,cut,15984,6609,no
rKaHyPar,cage10.mtx.hgr,no,no,8,16,0.03,0.029453,3.74476,cut,16383,6656,no
rKaHyPar,cage10.mtx.hgr,no,no,9,16,0.03,0.026648,3.45184,cut,15802,6514,no
rKaHyPar,cage10.mtx.hgr,no,no,0,2,0.03,0.0252676,3.52469,cut,2193,2193,no
rKaHyPar,cage10.mtx.hgr,no,no,1,2,0.03,0.0270223,2.96306,cut,2192,2192,no
rKaHyPar,cage10.mtx.hgr,no,no,2,2,0.03,0.0270223,3.25852,cut,2192,2192,no
rKaHyPar,cage10.mtx.hgr,no,no,3,2,0.03,0.0270223,2.58678,cut,2192,2192,no
rKaHyPar,cage10.mtx.hgr,no,no,4,2,0.03,0.0270223,3.05986,cut,2192,2192,no
rKaHyPar,cage10.mtx.hgr,no,no,5,2,0.03,0.0270223,2.66585,cut,2192,2192,no
rKaHyPar,cage10.mtx.hgr,no,no,6,2,0.03,0.0270223,2.35613,cut,2192,2192,no
rKaHyPar,cage10.mtx.hgr,no,no,7,2,0.03,0.0270223,3.16402,cut,2192,2192,no
rKaHyPar,cage10.mtx.hgr,no,no,8,2,0.03,0.0270223,3.27511,cut,2192,2192,no
rKaHyPar,cage10.mtx.hgr,no,no,9,2,0.03,0.0270223,3.32708,cut,2192,2192,no
rKaHyPar,cage10.mtx.hgr,no,no,0,32,0.03,0.0280112,5.6682,cut,24185,7554,no
rKaHyPar,cage10.mtx.hgr,no,no,1,32,0.03,0.0280112,5.65251,cut,22516,7489,no
rKaHyPar,cage10.mtx.hgr,no,no,2,32,0.03,0.0252101,5.58157,cut,23170,7499,no
rKaHyPar,cage10.mtx.hgr,no,no,3,32,0.03,0.0280112,4.06593,cut,23694,7551,no
rKaHyPar,cage10.mtx.hgr,no,no,4,32,0.03,0.0280112,4.20839,cut,23290,7476,no
rKaHyPar,cage10.mtx.hgr,no,no,5,32,0.03,0.0280112,4.21343,cut,22031,7508,no
rKaHyPar,cage10.mtx.hgr,no,no,6,32,0.03,0.0280112,4.24726,cut,23425,7595,no
rKaHyPar,cage10.mtx.hgr,no,no,7,32,0.03,0.0252101,5.5105,cut,22857,7496,no
rKaHyPar,cage10.mtx.hgr,no,no,8,32,0.03,0.0280112,4.16054,cut,23019,7463,no
rKaHyPar,cage10.mtx.hgr,no,no,9,32,0.03,0.0280112,5.68393,cut,22940,7430,no
rKaHyPar,cage10.mtx.hgr,no,no,0,4,0.03,0.0298246,3.16817,cut,5774,4353,no
rKaHyPar,cage10.mtx.hgr,no,no,1,4,0.03,0.0298246,2.29235,cut,5762,4352,no
rKaHyPar,cage10.mtx.hgr,no,no,2,4,0.03,0.0294737,3.21934,cut,5845,4397,no
rKaHyPar,cage10.mtx.hgr,no,no,3,4,0.03,0.0291228,3.21143,cut,5736,4342,no
rKaHyPar,cage10.mtx.hgr,no,no,4,4,0.03,0.0298246,2.33909,cut,5788,4359,no
rKaHyPar,cage10.mtx.hgr,no,no,5,4,0.03,0.0294737,2.41259,cut,5865,4316,no
rKaHyPar,cage10.mtx.hgr,no,no,6,4,0.03,0.0294737,2.97874,cut,5821,4362,no
rKaHyPar,cage10.mtx.hgr,no,no,7,4,0.03,0.0298246,2.96568,cut,5820,4325,no
rKaHyPar,cage10.mtx.hgr,no,no,8,4,0.03,0.0291228,2.46925,cut,5916,4355,no
rKaHyPar,cage10.mtx.hgr,no,no,9,4,0.03,0.0298246,2.37005,cut,5741,4338,no
rKaHyPar,cage10.mtx.hgr,no,no,0,64,0.03,0.027933,4.88949,cut,33204,8262,no
rKaHyPar,cage10.mtx.hgr,no,no,1,64,0.03,0.027933,6.75614,cut,31748,8236,no
rKaHyPar,cage10.mtx.hgr,no,no,2,64,0.03,0.027933,6.91372,cut,32411,8247,no
rKaHyPar,cage10.mtx.hgr,no,no,3,64,0.03,0.0223464,7.01865,cut,31789,8230,no
rKaHyPar,cage10.mtx.hgr,no,no,4,64,0.03,0.027933,4.89682,cut,31803,8224,no
rKaHyPar,cage10.mtx.hgr,no,no,5,64,0.03,0.027933,7.03417,cut,31920,8168,no
rKaHyPar,cage10.mtx.hgr,no,no,6,64,0.03,0.027933,6.826,cut,32825,8282,no
rKaHyPar,cage10.mtx.hgr,no,no,7,64,0.03,0.027933,6.94068,cut,32547,8183,no
rKaHyPar,cage10.mtx.hgr,no,no,8,64,0.03,0.0223464,5.04645,cut,32137,8223,no
rKaHyPar,cage10.mtx.hgr,no,no,9,64,0.03,0.027933,4.92297,cut,33155,8326,no
rKaHyPar,cage10.mtx.hgr,no,no,0,8,0.03,0.0287719,4.09248,cut,10017,5670,no
rKaHyPar,cage10.mtx.hgr,no,no,1,8,0.03,0.0252632,3.67854,cut,9777,5511,no
rKaHyPar,cage10.mtx.hgr,no,no,2,8,0.03,0.0294737,3.92347,cut,10670,5659,no
rKaHyPar,cage10.mtx.hgr,no,no,3,8,0.03,0.0287719,4.18339,cut,10293,5586,no
rKaHyPar,cage10.mtx.hgr,no,no,4,8,0.03,0.0294737,3.94955,cut,9939,5567,no
rKaHyPar,cage10.mtx.hgr,no,no,5,8,0.03,0.0294737,2.89471,cut,10032,5564,no
rKaHyPar,cage10.mtx.hgr,no,no,6,8,0.03,0.0287719,3.78408,cut,9703,5500,no
rKaHyPar,cage10.mtx.hgr,no,no,7,8,0.03,0.0196491,2.77234,cut,10173,5595,no
rKaHyPar,cage10.mtx.hgr,no,no,8,8,0.03,0.0217544,3.03233,cut,9894,5553,no
rKaHyPar,cage10.mtx.hgr,no,no,9,8,0.03,0.0259649,3.82626,cut,9900,5595,no
rKaHyPar,case39.mtx.hgr,no,no,0,128,0.03,0.0285714,140.077,cut,249780,20260,no
rKaHyPar,case39.mtx.hgr,no,no,1,128,0.03,0.0285714,232.681,cut,243826,20318,no
rKaHyPar,case39.mtx.hgr,no,no,2,128,0.03,0.0285714,138.082,cut,255198,20261,no
rKaHyPar,case39.mtx.hgr,no,no,3,128,0.03,0.0222222,141.19,cut,243830,20249,no
rKaHyPar,case39.mtx.hgr,no,no,4,128,0.03,0.0285714,230.77,cut,253823,20269,no
rKaHyPar,case39.mtx.hgr,no,no,5,128,0.03,0.0285714,136.322,cut,248445,20325,no
rKaHyPar,case39.mtx.hgr,no,no,6,128,0.03,0.0285714,235.159,cut,264464,20232,no
rKaHyPar,case39.mtx.hgr,no,no,7,128,0.03,0.0285714,140.079,cut,238449,20276,no
rKaHyPar,case39.mtx.hgr,no,no,8,128,0.03,0.0285714,136.441,cut,247216,20254,no
rKaHyPar,case39.mtx.hgr,no,no,9,128,0.03,0.0285714,141.867,cut,268234,20232,no
rKaHyPar,case39.mtx.hgr,no,no,0,16,0.03,0.026253,128.887,cut,85828,19004,no
rKaHyPar,case39.mtx.hgr,no,no,1,16,0.03,0.0294352,222.362,cut,95891,19009,no
rKaHyPar,case39.mtx.hgr,no,no,2,16,0.03,0.0182975,132.13,cut,115785,18973,no
rKaHyPar,case39.mtx.hgr,no,no,3,16,0.03,0.026253,221.672,cut,119906,18963,no
rKaHyPar,case39.mtx.hgr,no,no,4,16,0.03,0.0274463,223.243,cut,113986,19013,no
rKaHyPar,case39.mtx.hgr,no,no,5,16,0.03,0.0242641,133.753,cut,102312,19130,no
rKaHyPar,case39.mtx.hgr,no,no,6,16,0.03,0.0214797,132.479,cut,110608,19070,no
rKaHyPar,case39.mtx.hgr,no,no,7,16,0.03,0.0298329,225.846,cut,101223,19069,no
rKaHyPar,case39.mtx.hgr,no,no,8,16,0.03,0.0242641,130.993,cut,91726,19034,no
rKaHyPar,case39.mtx.hgr,no,no,9,16,0.03,0.0294352,135.926,cut,103529,19052,no
rKaHyPar,case39.mtx.hgr,no,no,0,2,0.03,0.0292421,213.903,cut,9800,9800,no
rKaHyPar,case39.mtx.hgr,no,no,1,2,0.03,0.0292421,215.386,cut,9810,9810,no
rKaHyPar,case39.mtx.hgr,no,no,2,2,0.03,0.0282475,219.783,cut,9830,9830,no
rKaHyPar,case39.mtx.hgr,no,no,3,2,0.03,0.0292421,215.465,cut,9830,9830,no
rKaHyPar,case39.mtx.hgr,no,no,4,2,0.03,0.0293416,223.541,cut,9810,9810,no
rKaHyPar,case39.mtx.hgr,no,no,5,2,0.03,0.0292421,128.958,cut,9830,9830,no
rKaHyPar,case39.mtx.hgr,no,no,6,2,0.03,0.0292421,127.939,cut,9810,9810,no
rKaHyPar,case39.mtx.hgr,no,no,7,2,0.03,0.0292421,217.307,cut,9830,9830,no
rKaHyPar,case39.mtx.hgr,no,no,8,2,0.03,0.0292421,217.899,cut,9820,9820,no
rKaHyPar,case39.mtx.hgr,no,no,9,2,0.03,0.029441,131.83,cut,9830,9830,no
rKaHyPar,case39.mtx.hgr,no,no,0,32,0.03,0.0278441,228.458,cut,151027,19637,no
rKaHyPar,case39.mtx.hgr,no,no,1,32,0.03,0.0270485,236.007,cut,133672,19805,no
rKaHyPar,case39.mtx.hgr,no,no,2,32,0.03,0.0278441,227.263,cut,152451,19655,no
rKaHyPar,case39.mtx.hgr,no,no,3,32,0.03,0.0246619,133.739,cut,148470,19677,no
rKaHyPar,case39.mtx.hgr,no,no,4,32,0.03,0.0214797,139.892,cut,151924,19759,no
rKaHyPar,case39.mtx.hgr,no,no,5,32,0.03,0.0167064,227.163,cut,142963,19720,no
rKaHyPar,case39.mtx.hgr,no,no,6,32,0.03,0.0159109,134.39,cut,157396,19704,no
rKaHyPar,case39.mtx.hgr,no,no,7,32,0.03,0.0182975,221.658,cut,175184,19558,no
rKaHyPar,case39.mtx.hgr,no,no,8,32,0.03,0.0167064,132.896,cut,171853,19655,no
rKaHyPar,case39.mtx.hgr,no,no,9,32,0.03,0.0182975,237.261,cut,125239,19652,no
rKaHyPar,case39.mtx.hgr,no,no,0,4,0.03,0.0279491,223.303,cut,29628,15080,no
rKaHyPar,case39.mtx.hgr,no,no,1,4,0.03,0.0299383,140.977,cut,25888,15070,no
rKaHyPar,case39.mtx.hgr,no,no,2,4,0.03,0.0288442,224.41,cut,30207,15197,no
rKaHyPar,case39.mtx.hgr,no,no,3,4,0.03,0.0291426,221.56,cut,29775,15035,no
rKaHyPar,case39.mtx.hgr,no,no,4,4,0.03,0.0298389,132.962,cut,29991,15022,no
rKaHyPar,case39.mtx.hgr,no,no,5,4,0.03,0.0280485,130.631,cut,30070,15150,no
rKaHyPar,case39.mtx.hgr,no,no,6,4,0.03,0.0299383,224.966,cut,29849,15030,no
rKaHyPar,case39.mtx.hgr,no,no,7,4,0.03,0.0298389,230.501,cut,28882,15112,no
rKaHyPar,case39.mtx.hgr,no,no,8,4,0.03,0.0295405,132.394,cut,29946,15047,no
rKaHyPar,case39.mtx.hgr,no,no,9,4,0.03,0.0299383,135.997,cut,29399,15050,no
rKaHyPar,case39.mtx.hgr,no,no,0,64,0.03,0.027027,136.773,cut,209368,20010,no
rKaHyPar,case39.mtx.hgr,no,no,1,64,0.03,0.0222576,134.192,cut,201789,20075,no
rKaHyPar,case39.mtx.hgr,no,no,2,64,0.03,0.0206677,234.564,cut,219868,20063,no
rKaHyPar,case39.mtx.hgr,no,no,3,64,0.03,0.0206677,229.351,cut,207520,20037,no
rKaHyPar,case39.mtx.hgr,no,no,4,64,0.03,0.0238474,137.48,cut,194187,20086,no
rKaHyPar,case39.mtx.hgr,no,no,5,64,0.03,0.027027,229.115,cut,193900,20176,no
rKaHyPar,case39.mtx.hgr,no,no,6,64,0.03,0.0238474,240.062,cut,199485,20120,no
rKaHyPar,case39.mtx.hgr,no,no,7,64,0.03,0.0206677,239.07,cut,200719,20088,no
rKaHyPar,case39.mtx.hgr,no,no,8,64,0.03,0.0174881,137.356,cut,164471,20244,no
rKaHyPar,case39.mtx.hgr,no,no,9,64,0.03,0.0254372,138.204,cut,186235,20086,no
rKaHyPar,case39.mtx.hgr,no,no,0,8,0.03,0.0266561,133.075,cut,48912,17697,no
rKaHyPar,case39.mtx.hgr,no,no,1,8,0.03,0.0266561,133.779,cut,48122,17787,no
rKaHyPar,case39.mtx.hgr,no,no,2,8,0.03,0.0254625,227.551,cut,62596,17697,no
rKaHyPar,case39.mtx.hgr,no,no,3,8,0.03,0.0284464,222.27,cut,53125,17637,no
rKaHyPar,case39.mtx.hgr,no,no,4,8,0.03,0.0284464,224.972,cut,51401,17670,no
rKaHyPar,case39.mtx.hgr,no,no,5,8,0.03,0.0254625,129.495,cut,63183,17700,no
rKaHyPar,case39.mtx.hgr,no,no,6,8,0.03,0.0278496,222.98,cut,53219,17675,no
rKaHyPar,case39.mtx.hgr,no,no,7,8,0.03,0.0284464,133.136,cut,54749,17687,no
rKaHyPar,case39.mtx.hgr,no,no,8,8,0.03,0.029441,135.068,cut,47856,17800,no
rKaHyPar,case39.mtx.hgr,no,no,9,8,0.03,0.0258604,231.884,cut,59268,17699,no
rKaHyPar,ccc.mtx.hgr,no,no,0,128,0.03,0.00260417,10.343,cut,31672,18473,no
rKaHyPar,ccc.mtx.hgr,no,no,1,128,0.03,0.00260417,14.6202,cut,31293,18319,no
rKaHyPar,ccc.mtx.hgr,no,no,2,128,0.03,0,10.5071,cut,31684,18438,no
rKaHyPar,ccc.mtx.hgr,no,no,3,128,0.03,0.00260417,10.4463,cut,31172,18252,no
rKaHyPar,ccc.mtx.hgr,no,no,4,128,0.03,0,14.406,cut,31730,18528,no
rKaHyPar,ccc.mtx.hgr,no,no,5,128,0.03,0,10.7665,cut,31794,18595,no
rKaHyPar,ccc.mtx.hgr,no,no,6,128,0.03,0,14.487,cut,32100,18729,no
rKaHyPar,ccc.mtx.hgr,no,no,7,128,0.03,0.0260417,10.3872,cut,30979,18395,no
rKaHyPar,ccc.mtx.hgr,no,no,8,128,0.03,0.0104167,10.3838,cut,31278,18417,no
rKaHyPar,ccc.mtx.hgr,no,no,9,128,0.03,0.00260417,10.6021,cut,32014,18707,no
rKaHyPar,ccc.mtx.hgr,no,no,0,16,0.03,0,4.69552,cut,15886,9592,no
rKaHyPar,ccc.mtx.hgr,no,no,1,16,0.03,0,6.4269,cut,15890,9698,no
rKaHyPar,ccc.mtx.hgr,no,no,2,16,0.03,0,4.77606,cut,16076,9002,no
rKaHyPar,ccc.mtx.hgr,no,no,3,16,0.03,0,6.56511,cut,15730,10098,no
rKaHyPar,ccc.mtx.hgr,no,no,4,16,0.03,0,6.3257,cut,15908,9670,no
rKaHyPar,ccc.mtx.hgr,no,no,5,16,0.03,0,4.57079,cut,15987,9520,no
rKaHyPar,ccc.mtx.hgr,no,no,6,16,0.03,0,6.49632,cut,16200,11170,no
rKaHyPar,ccc.mtx.hgr,no,no,7,16,0.03,0,6.26553,cut,16054,9230,no
rKaHyPar,ccc.mtx.hgr,no,no,8,16,0.03,0,4.81129,cut,16213,9828,no
rKaHyPar,ccc.mtx.hgr,no,no,9,16,0.03,0,4.61518,cut,15974,9462,no
rKaHyPar,ccc.mtx.hgr,no,no,0,2,0.03,0,1.15486,cut,0,0,no
rKaHyPar,ccc.mtx.hgr,no,no,1,2,0.03,0,1.29439,cut,0,0,no
rKaHyPar,ccc.mtx.hgr,no,no,2,2,0.03,0,1.26975,cut,0,0,no
rKaHyPar,ccc.mtx.hgr,no,no,3,2,0.03,0,0.928477,cut,0,0,no
rKaHyPar,ccc.mtx.hgr,no,no,4,2,0.03,0,1.13023,cut,0,0,no
rKaHyPar,ccc.mtx.hgr,no,no,5,2,0.03,0,0.833507,cut,0,0,no
rKaHyPar,ccc.mtx.hgr,no,no,6,2,0.03,0,0.841707,cut,0,0,no
rKaHyPar,ccc.mtx.hgr,no,no,7,2,0.03,0,1.11406,cut,0,0,no
rKaHyPar,ccc.mtx.hgr,no,no,8,2,0.03,0,1.28286,cut,0,0,no
rKaHyPar,ccc.mtx.hgr,no,no,9,2,0.03,0,0.829974,cut,0,0,no
rKaHyPar,ccc.mtx.hgr,no,no,0,32,0.03,0,8.16996,cut,21115,13396,no
rKaHyPar,ccc.mtx.hgr,no,no,1,32,0.03,0.00130208,8.79827,cut,21189,13131,no
rKaHyPar,ccc.mtx.hgr,no,no,2,32,0.03,0,8.35935,cut,21205,13175,no
rKaHyPar,ccc.mtx.hgr,no,no,3,32,0.03,0.000651042,6.17642,cut,21032,12940,no
rKaHyPar,ccc.mtx.hgr,no,no,4,32,0.03,0,6.06833,cut,21254,13244,no
rKaHyPar,ccc.mtx.hgr,no,no,5,32,0.03,0,8.33887,cut,20940,12842,no
rKaHyPar,ccc.mtx.hgr,no,no,6,32,0.03,0.00130208,6.33593,cut,21237,13249,no
rKaHyPar,ccc.mtx.hgr,no,no,7,32,0.03,0,8.169,cut,21216,13216,no
rKaHyPar,ccc.mtx.hgr,no,no,8,32,0.03,0.000651042,6.12438,cut,20934,13085,no
rKaHyPar,ccc.mtx.hgr,no,no,9,32,0.03,0,8.6316,cut,21489,13555,no
rKaHyPar,ccc.mtx.hgr,no,no,0,4,0.03,0,3.3365,cut,4096,4096,no
rKaHyPar,ccc.mtx.hgr,no,no,1,4,0.03,0,2.59335,cut,4096,4096,no
rKaHyPar,ccc.mtx.hgr,no,no,2,4,0.03,0,3.55677,cut,4096,4096,no
rKaHyPar,ccc.mtx.hgr,no,no,3,4,0.03,0,3.69181,cut,4096,4096,no
rKaHyPar,ccc.mtx.hgr,no,no,4,4,0.03,0,2.63091,cut,4096,4096,no
rKaHyPar,ccc.mtx.hgr,no,no,5,4,0.03,0,2.4888,cut,4096,4096,no
rKaHyPar,ccc.mtx.hgr,no,no,6,4,0.03,0,3.44632,cut,4096,4096,no
rKaHyPar,ccc.mtx.hgr,no,no,7,4,0.03,0,3.46211,cut,4096,4096,no
rKaHyPar,ccc.mtx.hgr,no,no,8,4,0.03,0,2.5624,cut,4096,4096,no
rKaHyPar,ccc.mtx.hgr,no,no,9,4,0.03,0,2.46482,cut,4096,4096,no
rKaHyPar,ccc.mtx.hgr,no,no,0,64,0.03,0.0273438,7.92682,cut,25252,15312,no
rKaHyPar,ccc.mtx.hgr,no,no,1,64,0.03,0.0273438,7.67341,cut,26300,15311,no
rKaHyPar,ccc.mtx.hgr,no,no,2,64,0.03,0,10.9673,cut,26546,15643,no
rKaHyPar,ccc.mtx.hgr,no,no,3,64,0.03,0.00130208,10.6292,cut,26024,15111,no
rKaHyPar,ccc.mtx.hgr,no,no,4,64,0.03,0,7.8066,cut,26826,15779,no
rKaHyPar,ccc.mtx.hgr,no,no,5,64,0.03,0.00130208,11.0441,cut,26435,15440,no
rKaHyPar,ccc.mtx.hgr,no,no,6,64,0.03,0,10.9296,cut,26750,15745,no
rKaHyPar,ccc.mtx.hgr,no,no,7,64,0.03,0,10.9744,cut,26865,15919,no
rKaHyPar,ccc.mtx.hgr,no,no,8,64,0.03,0,7.591,cut,25510,14549,no
rKaHyPar,ccc.mtx.hgr,no,no,9,64,0.03,0.0221354,7.5305,cut,26003,15110,no
rKaHyPar,ccc.mtx.hgr,no,no,0,8,0.03,0,4.9543,cut,10620,8192,no
rKaHyPar,ccc.mtx.hgr,no,no,1,8,0.03,0,3.85787,cut,9840,8192,no
rKaHyPar,ccc.mtx.hgr,no,no,2,8,0.03,0,5.30816,cut,10046,8192,no
rKaHyPar,ccc.mtx.hgr,no,no,3,8,0.03,0,5.24455,cut,10352,8192,no
rKaHyPar,ccc.mtx.hgr,no,no,4,8,0.03,0,5.03766,cut,10870,8192,no
rKaHyPar,ccc.mtx.hgr,no,no,5,8,0.03,0,3.82989,cut,10382,8192,no
rKaHyPar,ccc.mtx.hgr,no,no,6,8,0.03,0,4.91999,cut,10322,8192,no
rKaHyPar,ccc.mtx.hgr,no,no,7,8,0.03,0,3.61133,cut,10578,8192,no
rKaHyPar,ccc.mtx.hgr,no,no,8,8,0.03,0,3.83774,cut,10344,8192,no
rKaHyPar,ccc.mtx.hgr,no,no,9,8,0.03,0,5.12454,cut,10724,8192,no
rKaHyPar,cfd1.mtx.hgr,no,no,0,128,0.03,0.0289855,39.1374,cut,56570,35864,no
rKaHyPar,cfd1.mtx.hgr,no,no,1,128,0.03,0.0289855,55.16,cut,54699,36045,no
rKaHyPar,cfd1.mtx.hgr,no,no,2,128,0.03,0.0289855,39.1208,cut,55412,35883,no
rKaHyPar,cfd1.mtx.hgr,no,no,3,128,0.03,0.0289855,39.7424,cut,55192,35561,no
rKaHyPar,cfd1.mtx.hgr,no,no,4,128,0.03,0.0289855,55.6796,cut,54019,35799,no
rKaHyPar,cfd1.mtx.hgr,no,no,5,128,0.03,0.0289855,56.1232,cut,53420,35472,no
rKaHyPar,cfd1.mtx.hgr,no,no,6,128,0.03,0.0289855,55.5996,cut,54769,35644,no
rKaHyPar,cfd1.mtx.hgr,no,no,7,128,0.03,0.0289855,39.8498,cut,53564,35790,no
rKaHyPar,cfd1.mtx.hgr,no,no,8,128,0.03,0.0289855,39.8167,cut,56201,35878,no
rKaHyPar,cfd1.mtx.hgr,no,no,9,128,0.03,0.0289855,39.1632,cut,53558,35646,no
rKaHyPar,cfd1.mtx.hgr,no,no,0,16,0.03,0.0298913,23.5728,cut,11296,10124,no
rKaHyPar,cfd1.mtx.hgr,no,no,1,16,0.03,0.0298913,36.1645,cut,11177,10324,no
rKaHyPar,cfd1.mtx.hgr,no,no,2,16,0.03,0.0298913,37.5782,cut,11736,10474,no
rKaHyPar,cfd1.mtx.hgr,no,no,3,16,0.03,0.0298913,39.1333,cut,11185,10094,no
rKaHyPar,cfd1.mtx.hgr,no,no,4,16,0.03,0.0298913,36.901,cut,12194,10851,no
rKaHyPar,cfd1.mtx.hgr,no,no,5,16,0.03,0.0298913,32.3776,cut,11309,10109,no
rKaHyPar,cfd1.mtx.hgr,no,no,6,16,0.03,0.0298913,25.1353,cut,11712,10426,no
rKaHyPar,cfd1.mtx.hgr,no,no,7,16,0.03,0.0298913,33.3253,cut,11247,10064,no
rKaHyPar,cfd1.mtx.hgr,no,no,8,16,0.03,0.0298913,23.788,cut,11351,10163,no
rKaHyPar,cfd1.mtx.hgr,no,no,9,16,0.03,0.0298913,24.9518,cut,11283,10306,no
rKaHyPar,cfd1.mtx.hgr,no,no,0,2,0.03,0.00724638,17.5361,cut,1564,1564,no
rKaHyPar,cfd1.mtx.hgr,no,no,1,2,0.03,0.00724638,17.099,cut,1564,1564,no
rKaHyPar,cfd1.mtx.hgr,no,no,2,2,0.03,0.00724638,12.0812,cut,1564,1564,no
rKaHyPar,cfd1.mtx.hgr,no,no,3,2,0.03,0.00724638,15.628,cut,1564,1564,no
rKaHyPar,cfd1.mtx.hgr,no,no,4,2,0.03,0.0299762,12.001,cut,1712,1712,no
rKaHyPar,cfd1.mtx.hgr,no,no,5,2,0.03,0.00724638,17.1113,cut,1564,1564,no
rKaHyPar,cfd1.mtx.hgr,no,no,6,2,0.03,0.00724638,12.8687,cut,1564,1564,no
rKaHyPar,cfd1.mtx.hgr,no,no,7,2,0.03,0.00724638,18.3912,cut,1564,1564,no
rKaHyPar,cfd1.mtx.hgr,no,no,8,2,0.03,0.00724638,13.2533,cut,1564,1564,no
rKaHyPar,cfd1.mtx.hgr,no,no,9,2,0.03,0,6.193,cut,1564,1564,no
rKaHyPar,cfd1.mtx.hgr,no,no,0,32,0.03,0.0298913,44.6459,cut,21572,18791,no
rKaHyPar,cfd1.mtx.hgr,no,no,1,32,0.03,0.0298913,43.8203,cut,22403,19222,no
rKaHyPar,cfd1.mtx.hgr,no,no,2,32,0.03,0.0298913,44.2788,cut,22073,19208,no
rKaHyPar,cfd1.mtx.hgr,no,no,3,32,0.03,0.0298913,31.9757,cut,22169,19252,no
rKaHyPar,cfd1.mtx.hgr,no,no,4,32,0.03,0.0298913,30.4325,cut,21486,18719,no
rKaHyPar,cfd1.mtx.hgr,no,no,5,32,0.03,0.0298913,43.166,cut,21710,18737,no
rKaHyPar,cfd1.mtx.hgr,no,no,6,32,0.03,0.0298913,30.3222,cut,21788,18763,no
rKaHyPar,cfd1.mtx.hgr,no,no,7,32,0.03,0.0298913,43.3278,cut,22368,19261,no
rKaHyPar,cfd1.mtx.hgr,no,no,8,32,0.03,0.0298913,30.7297,cut,21703,18665,no
rKaHyPar,cfd1.mtx.hgr,no,no,9,32,0.03,0.0298913,43.2841,cut,21495,18752,no
rKaHyPar,cfd1.mtx.hgr,no,no,0,4,0.03,0.0144928,24.9515,cut,3812,3732,no
rKaHyPar,cfd1.mtx.hgr,no,no,1,4,0.03,0.0289855,12.3895,cut,3718,3594,no
rKaHyPar,cfd1.mtx.hgr,no,no,2,4,0.03,0.0297781,17.5334,cut,3814,3690,no
rKaHyPar,cfd1.mtx.hgr,no,no,3,4,0.03,0.0289855,19.299,cut,3852,3708,no
rKaHyPar,cfd1.mtx.hgr,no,no,4,4,0.03,0.0144928,13.4903,cut,3766,3630,no
rKaHyPar,cfd1.mtx.hgr,no,no,5,4,0.03,0.0289855,13.1094,cut,3718,3594,no
rKaHyPar,cfd1.mtx.hgr,no,no,6,4,0.03,0.0298347,18.4003,cut,3852,3732,no
rKaHyPar,cfd1.mtx.hgr,no,no,7,4,0.03,0.0289855,18.8749,cut,3708,3584,no
rKaHyPar,cfd1.mtx.hgr,no,no,8,4,0.03,0.0144928,13.5111,cut,3766,3630,no
rKaHyPar,cfd1.mtx.hgr,no,no,9,4,0.03,0.0289855,11.1602,cut,3176,3132,no
rKaHyPar,cfd1.mtx.hgr,no,no,0,64,0.03,0.0298913,35.5656,cut,36623,27498,no
rKaHyPar,cfd1.mtx.hgr,no,no,1,64,0.03,0.0298913,34.7479,cut,36245,27147,no
rKaHyPar,cfd1.mtx.hgr,no,no,2,64,0.03,0.0298913,48.2101,cut,36069,27569,no
rKaHyPar,cfd1.mtx.hgr,no,no,3,64,0.03,0.0298913,34.7324,cut,35463,27291,no
rKaHyPar,cfd1.mtx.hgr,no,no,4,64,0.03,0.0298913,34.5945,cut,37686,27221,no
rKaHyPar,cfd1.mtx.hgr,no,no,5,64,0.03,0.0298913,49.7034,cut,36533,27350,no
rKaHyPar,cfd1.mtx.hgr,no,no,6,64,0.03,0.0298913,34.57,cut,35503,27141,no
rKaHyPar,cfd1.mtx.hgr,no,no,7,64,0.03,0.0298913,49.2125,cut,35656,27526,no
rKaHyPar,cfd1.mtx.hgr,no,no,8,64,0.03,0.0298913,35.1773,cut,35697,27180,no
rKaHyPar,cfd1.mtx.hgr,no,no,9,64,0.03,0.0298913,49.4737,cut,35716,27254,no
rKaHyPar,cfd1.mtx.hgr,no,no,0,8,0.03,0.0295516,21.7913,cut,7137,6597,no
rKaHyPar,cfd1.mtx.hgr,no,no,1,8,0.03,0.0290987,21.4332,cut,7314,6832,no
rKaHyPar,cfd1.mtx.hgr,no,no,2,8,0.03,0.0298913,30.4719,cut,7057,6561,no
rKaHyPar,cfd1.mtx.hgr,no,no,3,8,0.03,0.0144928,19.9996,cut,6678,6468,no
rKaHyPar,cfd1.mtx.hgr,no,no,4,8,0.03,0.0298913,27.9268,cut,6777,6323,no
rKaHyPar,cfd1.mtx.hgr,no,no,5,8,0.03,0.0298913,22.0582,cut,7185,6691,no
rKaHyPar,cfd1.mtx.hgr,no,no,6,8,0.03,0.0294384,31.8333,cut,6941,6406,no
rKaHyPar,cfd1.mtx.hgr,no,no,7,8,0.03,0.0253623,21.7687,cut,6678,6438,no
rKaHyPar,cfd1.mtx.hgr,no,no,8,8,0.03,0.0298913,20.2703,cut,6760,6187,no
rKaHyPar,cfd1.mtx.hgr,no,no,9,8,0.03,0.0298913,29.5335,cut,7046,6488,no
rKaHyPar,Chebyshev4.mtx.hgr,no,no,0,128,0.03,0.0243902,711.562,cut,50504,21279,no
rKaHyPar,Chebyshev4.mtx.hgr,no,no,1,128,0.03,0.0243902,1200.05,cut,50525,21244,no
rKaHyPar,Chebyshev4.mtx.hgr,no,no,3,128,0.03,0.0243902,711.01,cut,50349,21252,no
rKaHyPar,Chebyshev4.mtx.hgr,no,no,4,128,0.03,0.0281426,1192.79,cut,50537,21268,no
rKaHyPar,Chebyshev4.mtx.hgr,no,no,5,128,0.03,0.0281426,1196.28,cut,50432,21269,no
rKaHyPar,Chebyshev4.mtx.hgr,no,no,6,128,0.03,0.0243902,1207.49,cut,50490,21237,no
rKaHyPar,Chebyshev4.mtx.hgr,no,no,7,128,0.03,0.0243902,721.127,cut,50548,21260,no
rKaHyPar,Chebyshev4.mtx.hgr,no,no,8,128,0.03,0.0281426,713.272,cut,50336,21275,no
rKaHyPar,Chebyshev4.mtx.hgr,no,no,9,128,0.03,0.0243902,718.313,cut,50508,21221,no
rKaHyPar,Chebyshev4.mtx.hgr,no,no,0,16,0.03,0.0230155,698.618,cut,10840,6120,no
rKaHyPar,Chebyshev4.mtx.hgr,no,no,1,16,0.03,0.0230155,1183.85,cut,10840,6120,no
rKaHyPar,Chebyshev4.mtx.hgr,no,no,2,16,0.03,0.0230155,1175.28,cut,10840,6120,no
rKaHyPar,Chebyshev4.mtx.hgr,no,no,3,16,0.03,0.0230155,1177.83,cut,10840,6120,no
rKaHyPar,Chebyshev4.mtx.hgr,no,no,4,16,0.03,0.0230155,1171.31,cut,10840,6120,no
rKaHyPar,Chebyshev4.mtx.hgr,no,no,5,16,0.03,0.0230155,1187.74,cut,10840,6120,no
rKaHyPar,Chebyshev4.mtx.hgr,no,no,6,16,0.03,0.0230155,1188.84,cut,10840,6120,no
rKaHyPar,Chebyshev4.mtx.hgr,no,no,7,16,0.03,0.0230155,1193.03,cut,10840,6120,no
rKaHyPar,Chebyshev4.mtx.hgr,no,no,8,16,0.03,0.0230155,710.125,cut,10840,6120,no
rKaHyPar,Chebyshev4.mtx.hgr,no,no,9,16,0.03,0.0230155,709.771,cut,10852,6124,no
rKaHyPar,Chebyshev4.mtx.hgr,no,no,0,2,0.03,0.00381668,1120.17,cut,1044,1044,no
rKaHyPar,Chebyshev4.mtx.hgr,no,no,1,2,0.03,0.00381668,1123.63,cut,1044,1044,no
rKaHyPar,Chebyshev4.mtx.hgr,no,no,2,2,0.03,0.00381668,676.559,cut,1044,1044,no
rKaHyPar,Chebyshev4.mtx.hgr,no,no,3,2,0.03,0.00381668,669.768,cut,1044,1044,no
rKaHyPar,Chebyshev4.mtx.hgr,no,no,4,2,0.03,0.00381668,1124.76,cut,1044,1044,no
rKaHyPar,Chebyshev4.mtx.hgr,no,no,5,2,0.03,0.00381668,1126.9,cut,1044,1044,no
rKaHyPar,Chebyshev4.mtx.hgr,no,no,6,2,0.03,0.00381668,670.031,cut,1044,1044,no
rKaHyPar,Chebyshev4.mtx.hgr,no,no,7,2,0.03,0.00381668,1132.69,cut,1044,1044,no
rKaHyPar,Chebyshev4.mtx.hgr,no,no,8,2,0.03,0.00381668,670.299,cut,1044,1044,no
rKaHyPar,Chebyshev4.mtx.hgr,no,no,9,2,0.03,0.00381668,680.728,cut,1044,1044,no
rKaHyPar,Chebyshev4.mtx.hgr,no,no,0,32,0.03,0.0230155,1180.36,cut,19816,10093,no
rKaHyPar,Chebyshev4.mtx.hgr,no,no,1,32,0.03,0.0230155,1181.96,cut,19792,10081,no
rKaHyPar,Chebyshev4.mtx.hgr,no,no,2,32,0.03,0.0230155,1204.02,cut,19800,10085,no
rKaHyPar,Chebyshev4.mtx.hgr,no,no,3,32,0.03,0.0230155,752.632,cut,19860,10097,no
rKaHyPar,Chebyshev4.mtx.hgr,no,no,4,32,0.03,0.0230155,703.165,cut,19840,10108,no
rKaHyPar,Chebyshev4.mtx.hgr,no,no,5,32,0.03,0.0230155,1205.32,cut,19886,10096,no
rKaHyPar,Chebyshev4.mtx.hgr,no,no,6,32,0.03,0.0230155,706.833,cut,19792,10078,no
rKaHyPar,Chebyshev4.mtx.hgr,no,no,7,32,0.03,0.0230155,1189.45,cut,19828,10081,no
rKaHyPar,Chebyshev4.mtx.hgr,no,no,8,32,0.03,0.0230155,710.921,cut,19829,10074,no
rKaHyPar,Chebyshev4.mtx.hgr,no,no,9,32,0.03,0.0230155,1197.05,cut,19848,10103,no
rKaHyPar,Chebyshev4.mtx.hgr,no,no,0,4,0.03,0.00763314,1171.11,cut,2104,2072,no
rKaHyPar,Chebyshev4.mtx.hgr,no,no,1,4,0.03,0.00763314,708.512,cut,2104,2072,no
rKaHyPar,Chebyshev4.mtx.hgr,no,no,2,4,0.03,0.00763314,1196.61,cut,2104,2072,no
rKaHyPar,Chebyshev4.mtx.hgr,no,no,3,4,0.03,0.00763314,1172.97,cut,2104,2072,no
rKaHyPar,Chebyshev4.mtx.hgr,no,no,4,4,0.03,0.00763314,695.493,cut,2104,2072,no
rKaHyPar,Chebyshev4.mtx.hgr,no,no,5,4,0.03,0.00763314,698.502,cut,2104,2072,no
rKaHyPar,Chebyshev4.mtx.hgr,no,no,6,4,0.03,0.00763314,1167.69,cut,2104,2072,no
rKaHyPar,Chebyshev4.mtx.hgr,no,no,7,4,0.03,0.00763314,1185.57,cut,2104,2072,no
rKaHyPar,Chebyshev4.mtx.hgr,no,no,8,4,0.03,0.00763314,702.682,cut,2104,2072,no
rKaHyPar,Chebyshev4.mtx.hgr,no,no,9,4,0.03,0.00763314,701.626,cut,2104,2072,no
rKaHyPar,Chebyshev4.mtx.hgr,no,no,0,64,0.03,0.0225352,700.619,cut,29974,13845,no
rKaHyPar,Chebyshev4.mtx.hgr,no,no,1,64,0.03,0.0253521,700.019,cut,29904,13851,no
rKaHyPar,Chebyshev4.mtx.hgr,no,no,2,64,0.03,0.0225352,1201.82,cut,29960,13850,no
rKaHyPar,Chebyshev4.mtx.hgr,no,no,3,64,0.03,0.0234742,701.803,cut,29908,13840,no
rKaHyPar,Chebyshev4.mtx.hgr,no,no,4,64,0.03,0.0225352,707.753,cut,29912,13848,no
rKaHyPar,Chebyshev4.mtx.hgr,no,no,5,64,0.03,0.0225352,1191.26,cut,29976,13853,no
rKaHyPar,Chebyshev4.mtx.hgr,no,no,6,64,0.03,0.0225352,702.548,cut,29944,13846,no
rKaHyPar,Chebyshev4.mtx.hgr,no,no,7,64,0.03,0.0225352,1201.97,cut,29872,13836,no
rKaHyPar,Chebyshev4.mtx.hgr,no,no,8,64,0.03,0.0225352,711.569,cut,30086,13845,no
rKaHyPar,Chebyshev4.mtx.hgr,no,no,9,64,0.03,0.0225352,1205.35,cut,29964,13838,no
rKaHyPar,Chebyshev4.mtx.hgr,no,no,0,8,0.03,0.0152654,1166.56,cut,6336,4124,no
rKaHyPar,Chebyshev4.mtx.hgr,no,no,1,8,0.03,0.0152654,696.806,cut,6336,4124,no
rKaHyPar,Chebyshev4.mtx.hgr,no,no,2,8,0.03,0.0152654,1178.5,cut,6336,4124,no
rKaHyPar,Chebyshev4.mtx.hgr,no,no,3,8,0.03,0.0152654,694.836,cut,6344,4128,no
rKaHyPar,Chebyshev4.mtx.hgr,no,no,4,8,0.03,0.0152654,1168.44,cut,6336,4124,no
rKaHyPar,Chebyshev4.mtx.hgr,no,no,5,8,0.03,0.0152654,699.032,cut,6336,4124,no
rKaHyPar,Chebyshev4.mtx.hgr,no,no,6,8,0.03,0.0152654,1181.88,cut,6344,4128,no
rKaHyPar,Chebyshev4.mtx.hgr,no,no,7,8,0.03,0.0152654,713.246,cut,6336,4124,no
rKaHyPar,Chebyshev4.mtx.hgr,no,no,8,8,0.03,0.0152654,701.714,cut,6344,4128,no
rKaHyPar,Chebyshev4.mtx.hgr,no,no,9,8,0.03,0.0152654,1185.63,cut,6336,4124,no
rKaHyPar,Chem97Zt.mtx.hgr,no,no,0,128,0.03,0.0288066,4.67458,cut,104,50,no
rKaHyPar,Chem97Zt.mtx.hgr,no,no,1,128,0.03,0.0288066,4.66955,cut,103,53,no
rKaHyPar,Chem97Zt.mtx.hgr,no,no,3,128,0.03,0.0288066,4.87216,cut,108,53,no
rKaHyPar,Chem97Zt.mtx.hgr,no,no,4,128,0.03,0.0205761,7.14854,cut,110,54,no
rKaHyPar,Chem97Zt.mtx.hgr,no,no,5,128,0.03,0.0164609,7.07995,cut,112,54,no
rKaHyPar,Chem97Zt.mtx.hgr,no,no,6,128,0.03,0.0288066,7.20487,cut,110,54,no
rKaHyPar,Chem97Zt.mtx.hgr,no,no,7,128,0.03,0.0288066,7.18167,cut,111,55,no
rKaHyPar,Chem97Zt.mtx.hgr,no,no,8,128,0.03,0.0288066,4.73759,cut,109,55,no
rKaHyPar,Chem97Zt.mtx.hgr,no,no,9,128,0.03,0.0205761,4.64217,cut,112,56,no
rKaHyPar,Chem97Zt.mtx.hgr,no,no,0,16,0.03,0.00464157,2.66085,cut,1,1,no
rKaHyPar,Chem97Zt.mtx.hgr,no,no,1,16,0.03,0.00876741,3.90786,cut,0,0,no
rKaHyPar,Chem97Zt.mtx.hgr,no,no,2,16,0.03,0.0123775,3.96161,cut,0,0,no
rKaHyPar,Chem97Zt.mtx.hgr,no,no,3,16,0.03,0.024755,3.95569,cut,0,0,no
rKaHyPar,Chem97Zt.mtx.hgr,no,no,4,16,0.03,0.0201135,4.03813,cut,0,0,no
rKaHyPar,Chem97Zt.mtx.hgr,no,no,5,16,0.03,0.00928314,4.1872,cut,0,0,no
rKaHyPar,Chem97Zt.mtx.hgr,no,no,6,16,0.03,0.0201135,2.63914,cut,0,0,no
rKaHyPar,Chem97Zt.mtx.hgr,no,no,7,16,0.03,0.00928314,4.06203,cut,0,0,no
rKaHyPar,Chem97Zt.mtx.hgr,no,no,8,16,0.03,0.0108303,2.64057,cut,1,1,no
rKaHyPar,Chem97Zt.mtx.hgr,no,no,9,16,0.03,0.0216606,2.70698,cut,0,0,no
rKaHyPar,Chem97Zt.mtx.hgr,no,no,0,2,0.03,6.44704e-05,1.20594,cut,0,0,no
rKaHyPar,Chem97Zt.mtx.hgr,no,no,1,2,0.03,6.44704e-05,0.873705,cut,0,0,no
rKaHyPar,Chem97Zt.mtx.hgr,no,no,2,2,0.03,6.44704e-05,0.849003,cut,0,0,no
rKaHyPar,Chem97Zt.mtx.hgr,no,no,3,2,0.03,6.44704e-05,1.13155,cut,0,0,no
rKaHyPar,Chem97Zt.mtx.hgr,no,no,4,2,0.03,6.44704e-05,0.795092,cut,0,0,no
rKaHyPar,Chem97Zt.mtx.hgr,no,no,5,2,0.03,6.44704e-05,1.22208,cut,0,0,no
rKaHyPar,Chem97Zt.mtx.hgr,no,no,6,2,0.03,6.44704e-05,0.853973,cut,0,0,no
rKaHyPar,Chem97Zt.mtx.hgr,no,no,7,2,0.03,6.44704e-05,1.233,cut,0,0,no
rKaHyPar,Chem97Zt.mtx.hgr,no,no,8,2,0.03,6.44704e-05,0.845511,cut,0,0,no
rKaHyPar,Chem97Zt.mtx.hgr,no,no,9,2,0.03,6.44704e-05,0.831198,cut,0,0,no
rKaHyPar,Chem97Zt.mtx.hgr,no,no,0,32,0.03,0.0206186,4.87658,cut,5,4,no
rKaHyPar,Chem97Zt.mtx.hgr,no,no,1,32,0.03,0.0206186,4.88324,cut,3,3,no
rKaHyPar,Chem97Zt.mtx.hgr,no,no,2,32,0.03,0.0185567,4.87229,cut,3,3,no
rKaHyPar,Chem97Zt.mtx.hgr,no,no,3,32,0.03,0.0206186,4.7935,cut,4,4,no
rKaHyPar,Chem97Zt.mtx.hgr,no,no,4,32,0.03,0.0216495,3.21196,cut,5,5,no
rKaHyPar,Chem97Zt.mtx.hgr,no,no,5,32,0.03,0.0206186,4.99615,cut,3,3,no
rKaHyPar,Chem97Zt.mtx.hgr,no,no,6,32,0.03,0.0298969,4.97554,cut,4,4,no
rKaHyPar,Chem97Zt.mtx.hgr,no,no,7,32,0.03,0.0268041,5.01711,cut,6,4,no
rKaHyPar,Chem97Zt.mtx.hgr,no,no,8,32,0.03,0.0216495,3.17524,cut,6,4,no
rKaHyPar,Chem97Zt.mtx.hgr,no,no,9,32,0.03,0.0185567,4.91941,cut,4,2,no
rKaHyPar,Chem97Zt.mtx.hgr,no,no,0,4,0.03,0.00051573,2.28129,cut,0,0,no
rKaHyPar,Chem97Zt.mtx.hgr,no,no,1,4,0.03,0.000773595,1.58942,cut,0,0,no
rKaHyPar,Chem97Zt.mtx.hgr,no,no,2,4,0.03,0.000773595,2.32466,cut,0,0,no
rKaHyPar,Chem97Zt.mtx.hgr,no,no,3,4,0.03,0.00051573,2.17295,cut,0,0,no
rKaHyPar,Chem97Zt.mtx.hgr,no,no,4,4,0.03,0.000773595,1.59783,cut,0,0,no
rKaHyPar,Chem97Zt.mtx.hgr,no,no,5,4,0.03,0.000773595,1.49934,cut,0,0,no
rKaHyPar,Chem97Zt.mtx.hgr,no,no,6,4,0.03,0.00103146,1.53735,cut,0,0,no
rKaHyPar,Chem97Zt.mtx.hgr,no,no,7,4,0.03,0.00103146,2.2253,cut,0,0,no
rKaHyPar,Chem97Zt.mtx.hgr,no,no,8,4,0.03,0.000773595,1.51887,cut,0,0,no
rKaHyPar,Chem97Zt.mtx.hgr,no,no,9,4,0.03,0.000773595,2.28544,cut,0,0,no
rKaHyPar,Chem97Zt.mtx.hgr,no,no,0,64,0.03,0.0226804,3.92188,cut,33,20,no
rKaHyPar,Chem97Zt.mtx.hgr,no,no,1,64,0.03,0.028866,4.00808,cut,31,21,no
rKaHyPar,Chem97Zt.mtx.hgr,no,no,2,64,0.03,0.028866,5.88605,cut,32,21,no
rKaHyPar,Chem97Zt.mtx.hgr,no,no,3,64,0.03,0.028866,3.82198,cut,31,21,no
rKaHyPar,Chem97Zt.mtx.hgr,no,no,4,64,0.03,0.028866,3.8442,cut,33,23,no
rKaHyPar,Chem97Zt.mtx.hgr,no,no,5,64,0.03,0.0185567,6.14538,cut,37,24,no
rKaHyPar,Chem97Zt.mtx.hgr,no,no,6,64,0.03,0.0268041,3.90562,cut,31,23,no
rKaHyPar,Chem97Zt.mtx.hgr,no,no,7,64,0.03,0.0226804,5.91086,cut,35,23,no
rKaHyPar,Chem97Zt.mtx.hgr,no,no,8,64,0.03,0.0268041,3.83531,cut,34,19,no
rKaHyPar,Chem97Zt.mtx.hgr,no,no,9,64,0.03,0.028866,5.91238,cut,33,23,no
rKaHyPar,Chem97Zt.mtx.hgr,no,no,0,8,0.03,0.00283651,2.11014,cut,0,0,no
rKaHyPar,Chem97Zt.mtx.hgr,no,no,1,8,0.03,0.00386797,2.11796,cut,0,0,no
rKaHyPar,Chem97Zt.mtx.hgr,no,no,2,8,0.03,0.00464157,2.09165,cut,0,0,no
rKaHyPar,Chem97Zt.mtx.hgr,no,no,3,8,0.03,0.00309438,2.0994,cut,0,0,no
rKaHyPar,Chem97Zt.mtx.hgr,no,no,4,8,0.03,0.00386797,3.18524,cut,0,0,no
rKaHyPar,Chem97Zt.mtx.hgr,no,no,5,8,0.03,0.00722022,2.23474,cut,0,0,no
rKaHyPar,Chem97Zt.mtx.hgr,no,no,6,8,0.03,0.00180505,3.09856,cut,0,0,no
rKaHyPar,Chem97Zt.mtx.hgr,no,no,7,8,0.03,0.00541516,2.1461,cut,0,0,no
rKaHyPar,Chem97Zt.mtx.hgr,no,no,8,8,0.03,0.00283651,2.18749,cut,0,0,no
rKaHyPar,Chem97Zt.mtx.hgr,no,no,9,8,0.03,0.00902527,3.07074,cut,0,0,no
rKaHyPar,circuit_3.mtx.hgr,no,no,0,128,0.03,0.0210526,5.13732,cut,9678,6123,no
rKaHyPar,circuit_3.mtx.hgr,no,no,1,128,0.03,0.0210526,5.04834,cut,9806,6132,no
rKaHyPar,circuit_3.mtx.hgr,no,no,3,128,0.03,0.0210526,5.01321,cut,9585,6114,no
rKaHyPar,circuit_3.mtx.hgr,no,no,4,128,0.03,0.0210526,7.4964,cut,9697,6122,no
rKaHyPar,circuit_3.mtx.hgr,no,no,5,128,0.03,0.0210526,7.33534,cut,9675,6112,no
rKaHyPar,circuit_3.mtx.hgr,no,no,6,128,0.03,0.0210526,7.62173,cut,9719,6110,no
rKaHyPar,circuit_3.mtx.hgr,no,no,7,128,0.03,0.0210526,7.35341,cut,9604,6108,no
rKaHyPar,circuit_3.mtx.hgr,no,no,8,128,0.03,0.0210526,5.02952,cut,9605,6141,no
rKaHyPar,circuit_3.mtx.hgr,no,no,9,128,0.03,0.0210526,5.08043,cut,9718,6139,no
rKaHyPar,circuit_3.mtx.hgr,no,no,0,16,0.03,0.0290237,3.1117,cut,7058,5126,no
rKaHyPar,circuit_3.mtx.hgr,no,no,1,16,0.03,0.0290237,4.86612,cut,6786,5136,no
rKaHyPar,circuit_3.mtx.hgr,no,no,2,16,0.03,0.0290237,5.06202,cut,6966,5093,no
rKaHyPar,circuit_3.mtx.hgr,no,no,3,16,0.03,0.0290237,4.95658,cut,7055,5052,no
rKaHyPar,circuit_3.mtx.hgr,no,no,4,16,0.03,0.0290237,4.70612,cut,6834,5070,no
rKaHyPar,circuit_3.mtx.hgr,no,no,5,16,0.03,0.0290237,4.84192,cut,7132,5045,no
rKaHyPar,circuit_3.mtx.hgr,no,no,6,16,0.03,0.0290237,4.82069,cut,6953,5085,no
rKaHyPar,circuit_3.mtx.hgr,no,no,7,16,0.03,0.0290237,5.11235,cut,6832,5060,no
rKaHyPar,circuit_3.mtx.hgr,no,no,8,16,0.03,0.0277045,3.29537,cut,6833,5129,no
rKaHyPar,circuit_3.mtx.hgr,no,no,9,16,0.03,0.0290237,3.25749,cut,6796,5123,no
rKaHyPar,circuit_3.mtx.hgr,no,no,0,2,0.03,0.0296834,2.36538,cut,1431,1431,no
rKaHyPar,circuit_3.mtx.hgr,no,no,1,2,0.03,0.0298483,1.57846,cut,1419,1419,no
rKaHyPar,circuit_3.mtx.hgr,no,no,2,2,0.03,0.0298483,1.5059,cut,1361,1361,no
rKaHyPar,circuit_3.mtx.hgr,no,no,3,2,0.03,0.0298483,1.62432,cut,1365,1365,no
rKaHyPar,circuit_3.mtx.hgr,no,no,4,2,0.03,0.0296834,1.53887,cut,1408,1408,no
rKaHyPar,circuit_3.mtx.hgr,no,no,5,2,0.03,0.0296834,2.41909,cut,1422,1422,no
rKaHyPar,circuit_3.mtx.hgr,no,no,6,2,0.03,0.0298483,1.56339,cut,1396,1396,no
rKaHyPar,circuit_3.mtx.hgr,no,no,7,2,0.03,0.0295185,2.20414,cut,1361,1361,no
rKaHyPar,circuit_3.mtx.hgr,no,no,8,2,0.03,0.0293536,1.37084,cut,1399,1399,no
rKaHyPar,circuit_3.mtx.hgr,no,no,9,2,0.03,0.0293536,1.53488,cut,1403,1403,no
rKaHyPar,circuit_3.mtx.hgr,no,no,0,32,0.03,0.0290237,5.37542,cut,8236,5565,no
rKaHyPar,circuit_3.mtx.hgr,no,no,1,32,0.03,0.0290237,5.70393,cut,7681,5546,no
rKaHyPar,circuit_3.mtx.hgr,no,no,2,32,0.03,0.0290237,5.51488,cut,8028,5485,no
rKaHyPar,circuit_3.mtx.hgr,no,no,3,32,0.03,0.0290237,5.36126,cut,7996,5508,no
rKaHyPar,circuit_3.mtx.hgr,no,no,4,32,0.03,0.0290237,3.78228,cut,8063,5509,no
rKaHyPar,circuit_3.mtx.hgr,no,no,5,32,0.03,0.0290237,5.3734,cut,8197,5505,no
rKaHyPar,circuit_3.mtx.hgr,no,no,6,32,0.03,0.0290237,5.52643,cut,8123,5522,no
rKaHyPar,circuit_3.mtx.hgr,no,no,7,32,0.03,0.0290237,5.262,cut,7934,5507,no
rKaHyPar,circuit_3.mtx.hgr,no,no,8,32,0.03,0.0290237,3.6139,cut,7821,5561,no
rKaHyPar,circuit_3.mtx.hgr,no,no,9,32,0.03,0.0290237,5.38932,cut,7963,5558,no
rKaHyPar,circuit_3.mtx.hgr,no,no,0,4,0.03,0.0296834,3.67239,cut,3695,2990,no
rKaHyPar,circuit_3.mtx.hgr,no,no,1,4,0.03,0.0296834,2.47837,cut,3593,2858,no
rKaHyPar,circuit_3.mtx.hgr,no,no,2,4,0.03,0.0296834,3.9611,cut,3491,2806,no
rKaHyPar,circuit_3.mtx.hgr,no,no,3,4,0.03,0.0296834,3.76542,cut,3446,2791,no
rKaHyPar,circuit_3.mtx.hgr,no,no,4,4,0.03,0.0293536,2.43419,cut,3799,3100,no
rKaHyPar,circuit_3.mtx.hgr,no,no,5,4,0.03,0.0293536,2.31121,cut,3653,2998,no
rKaHyPar,circuit_3.mtx.hgr,no,no,6,4,0.03,0.0296834,2.36739,cut,3875,3157,no
rKaHyPar,circuit_3.mtx.hgr,no,no,7,4,0.03,0.0293536,3.6293,cut,3874,3147,no
rKaHyPar,circuit_3.mtx.hgr,no,no,8,4,0.03,0.0296834,2.46094,cut,3709,3000,no
rKaHyPar,circuit_3.mtx.hgr,no,no,9,4,0.03,0.0293536,3.88061,cut,3731,3016,no
rKaHyPar,circuit_3.mtx.hgr,no,no,0,64,0.03,0.0263158,4.32675,cut,8888,5837,no
rKaHyPar,circuit_3.mtx.hgr,no,no,1,64,0.03,0.0263158,4.39774,cut,8889,5849,no
rKaHyPar,circuit_3.mtx.hgr,no,no,2,64,0.03,0.0263158,6.41127,cut,8935,5822,no
rKaHyPar,circuit_3.mtx.hgr,no,no,3,64,0.03,0.0263158,4.41129,cut,8830,5826,no
rKaHyPar,circuit_3.mtx.hgr,no,no,4,64,0.03,0.0263158,4.3038,cut,8931,5836,no
rKaHyPar,circuit_3.mtx.hgr,no,no,5,64,0.03,0.0263158,6.32237,cut,8757,5831,no
rKaHyPar,circuit_3.mtx.hgr,no,no,6,64,0.03,0.0263158,4.47416,cut,8866,5836,no
rKaHyPar,circuit_3.mtx.hgr,no,no,7,64,0.03,0.0263158,6.61956,cut,8830,5818,no
rKaHyPar,circuit_3.mtx.hgr,no,no,8,64,0.03,0.0263158,4.41946,cut,9177,5852,no
rKaHyPar,circuit_3.mtx.hgr,no,no,9,64,0.03,0.0263158,6.46727,cut,8963,5869,no
rKaHyPar,circuit_3.mtx.hgr,no,no,0,8,0.03,0.0296834,4.1543,cut,6000,4426,no
rKaHyPar,circuit_3.mtx.hgr,no,no,1,8,0.03,0.0296834,3.15364,cut,5871,4335,no
rKaHyPar,circuit_3.mtx.hgr,no,no,2,8,0.03,0.0290237,2.86038,cut,5594,4337,no
rKaHyPar,circuit_3.mtx.hgr,no,no,3,8,0.03,0.0296834,2.89887,cut,5679,4346,no
rKaHyPar,circuit_3.mtx.hgr,no,no,4,8,0.03,0.0290237,4.37134,cut,5679,4244,no
rKaHyPar,circuit_3.mtx.hgr,no,no,5,8,0.03,0.0296834,3.01372,cut,5755,4259,no
rKaHyPar,circuit_3.mtx.hgr,no,no,6,8,0.03,0.0296834,4.23619,cut,5725,4314,no
rKaHyPar,circuit_3.mtx.hgr,no,no,7,8,0.03,0.0296834,2.73963,cut,5711,4308,no
rKaHyPar,circuit_3.mtx.hgr,no,no,8,8,0.03,0.0296834,2.84378,cut,5936,4417,no
rKaHyPar,circuit_3.mtx.hgr,no,no,9,8,0.03,0.0296834,4.30806,cut,5697,4380,no
rKaHyPar,ckt11752_dc_1.mtx.hgr,no,no,0,128,0.03,0.0282776,19.4427,cut,26881,14622,no
rKaHyPar,ckt11752_dc_1.mtx.hgr,no,no,1,128,0.03,0.0282776,14.597,cut,26714,14466,no
rKaHyPar,ckt11752_dc_1.mtx.hgr,no,no,3,128,0.03,0.0282776,13.8403,cut,26559,14431,no
rKaHyPar,ckt11752_dc_1.mtx.hgr,no,no,4,128,0.03,0.0282776,19.6994,cut,26199,14448,no
rKaHyPar,ckt11752_dc_1.mtx.hgr,no,no,5,128,0.03,0.0282776,20.389,cut,26906,14388,no
rKaHyPar,ckt11752_dc_1.mtx.hgr,no,no,6,128,0.03,0.0282776,14.0586,cut,26419,14618,no
rKaHyPar,ckt11752_dc_1.mtx.hgr,no,no,7,128,0.03,0.0282776,20.4032,cut,26719,14511,no
rKaHyPar,ckt11752_dc_1.mtx.hgr,no,no,8,128,0.03,0.0282776,13.7612,cut,27035,14452,no
rKaHyPar,ckt11752_dc_1.mtx.hgr,no,no,9,128,0.03,0.0282776,20.4196,cut,27184,14505,no
rKaHyPar,ckt11752_dc_1.mtx.hgr,no,no,0,16,0.03,0.0299324,7.58888,cut,5463,5138,no
rKaHyPar,ckt11752_dc_1.mtx.hgr,no,no,1,16,0.03,0.0299324,11.5905,cut,5966,5055,no
rKaHyPar,ckt11752_dc_1.mtx.hgr,no,no,2,16,0.03,0.0299324,11.7936,cut,5769,5055,no
rKaHyPar,ckt11752_dc_1.mtx.hgr,no,no,3,16,0.03,0.0299324,8.1406,cut,5410,4988,no
rKaHyPar,ckt11752_dc_1.mtx.hgr,no,no,4,16,0.03,0.0299324,11.9317,cut,5648,5134,no
rKaHyPar,ckt11752_dc_1.mtx.hgr,no,no,5,16,0.03,0.0299324,12.5588,cut,5870,5253,no
rKaHyPar,ckt11752_dc_1.mtx.hgr,no,no,6,16,0.03,0.0299324,8.42354,cut,5522,5020,no
rKaHyPar,ckt11752_dc_1.mtx.hgr,no,no,7,16,0.03,0.0299324,12.7896,cut,5430,5088,no
rKaHyPar,ckt11752_dc_1.mtx.hgr,no,no,8,16,0.03,0.0299324,8.19266,cut,5499,5010,no
rKaHyPar,ckt11752_dc_1.mtx.hgr,no,no,9,16,0.03,0.0299324,12.489,cut,5600,5101,no
rKaHyPar,ckt11752_dc_1.mtx.hgr,no,no,0,2,0.03,0.00164983,3.60036,cut,116,116,no
rKaHyPar,ckt11752_dc_1.mtx.hgr,no,no,1,2,0.03,0,2.23311,cut,116,116,no
rKaHyPar,ckt11752_dc_1.mtx.hgr,no,no,2,2,0.03,0,2.27377,cut,116,116,no
rKaHyPar,ckt11752_dc_1.mtx.hgr,no,no,3,2,0.03,0.00201199,3.93216,cut,116,116,no
rKaHyPar,ckt11752_dc_1.mtx.hgr,no,no,4,2,0.03,0.000684077,2.29962,cut,118,118,no
rKaHyPar,ckt11752_dc_1.mtx.hgr,no,no,5,2,0.03,0.00591525,3.7057,cut,116,116,no
rKaHyPar,ckt11752_dc_1.mtx.hgr,no,no,6,2,0.03,0.00591525,3.55835,cut,116,116,no
rKaHyPar,ckt11752_dc_1.mtx.hgr,no,no,7,2,0.03,0.00591525,4.24866,cut,116,116,no
rKaHyPar,ckt11752_dc_1.mtx.hgr,no,no,8,2,0.03,0.00132791,2.18292,cut,116,116,no
rKaHyPar,ckt11752_dc_1.mtx.hgr,no,no,9,2,0.03,0.00591525,3.56873,cut,116,116,no
rKaHyPar,ckt11752_dc_1.mtx.hgr,no,no,0,32,0.03,0.029601,15.2263,cut,10672,8486,no
rKaHyPar,ckt11752_dc_1.mtx.hgr,no,no,1,32,0.03,0.029601,14.0199,cut,10445,8390,no
rKaHyPar,ckt11752_dc_1.mtx.hgr,no,no,2,32,0.03,0.029601,14.4213,cut,10118,8364,no
rKaHyPar,ckt11752_dc_1.mtx.hgr,no,no,3,32,0.03,0.029601,14.8931,cut,10479,8456,no
rKaHyPar,ckt11752_dc_1.mtx.hgr,no,no,4,32,0.03,0.029601,9.80444,cut,10809,8554,no
rKaHyPar,ckt11752_dc_1.mtx.hgr,no,no,5,32,0.03,0.029601,9.68651,cut,10631,8466,no
rKaHyPar,ckt11752_dc_1.mtx.hgr,no,no,6,32,0.03,0.029601,14.0819,cut,10587,8523,no
rKaHyPar,ckt11752_dc_1.mtx.hgr,no,no,7,32,0.03,0.029601,15.3036,cut,10281,8394,no
rKaHyPar,ckt11752_dc_1.mtx.hgr,no,no,8,32,0.03,0.029601,14.3094,cut,10715,8499,no
rKaHyPar,ckt11752_dc_1.mtx.hgr,no,no,9,32,0.03,0.029601,14.1259,cut,10157,8396,no
rKaHyPar,ckt11752_dc_1.mtx.hgr,no,no,0,4,0.03,0.0272815,6.62427,cut,774,767,no
rKaHyPar,ckt11752_dc_1.mtx.hgr,no,no,1,4,0.03,0.0274425,4.07981,cut,750,743,no
rKaHyPar,ckt11752_dc_1.mtx.hgr,no,no,2,4,0.03,0.0284082,6.50523,cut,804,774,no
rKaHyPar,ckt11752_dc_1.mtx.hgr,no,no,3,4,0.03,0.0272815,6.70076,cut,767,739,no
rKaHyPar,ckt11752_dc_1.mtx.hgr,no,no,4,4,0.03,0.0268791,3.95097,cut,747,741,no
rKaHyPar,ckt11752_dc_1.mtx.hgr,no,no,5,4,0.03,0.0296153,5.19929,cut,738,732,no
rKaHyPar,ckt11752_dc_1.mtx.hgr,no,no,6,4,0.03,0.0295348,4.18839,cut,803,795,no
rKaHyPar,ckt11752_dc_1.mtx.hgr,no,no,7,4,0.03,0.0272815,7.36675,cut,763,734,no
rKaHyPar,ckt11752_dc_1.mtx.hgr,no,no,8,4,0.03,0.0276034,6.09198,cut,705,695,no
rKaHyPar,ckt11752_dc_1.mtx.hgr,no,no,9,4,0.03,0.0299372,6.91106,cut,796,763,no
rKaHyPar,ckt11752_dc_1.mtx.hgr,no,no,0,64,0.03,0.029601,11.1154,cut,17537,11540,no
rKaHyPar,ckt11752_dc_1.mtx.hgr,no,no,1,64,0.03,0.029601,16.1507,cut,17962,11378,no
rKaHyPar,ckt11752_dc_1.mtx.hgr,no,no,2,64,0.03,0.029601,16.6871,cut,17505,11314,no
rKaHyPar,ckt11752_dc_1.mtx.hgr,no,no,3,64,0.03,0.029601,11.7891,cut,18103,11560,no
rKaHyPar,ckt11752_dc_1.mtx.hgr,no,no,4,64,0.03,0.029601,11.6801,cut,17884,11436,no
rKaHyPar,ckt11752_dc_1.mtx.hgr,no,no,5,64,0.03,0.029601,17.7258,cut,17828,11433,no
rKaHyPar,ckt11752_dc_1.mtx.hgr,no,no,6,64,0.03,0.029601,11.2316,cut,17959,11337,no
rKaHyPar,ckt11752_dc_1.mtx.hgr,no,no,7,64,0.03,0.029601,17.144,cut,18379,11526,no
rKaHyPar,ckt11752_dc_1.mtx.hgr,no,no,8,64,0.03,0.029601,11.1459,cut,18130,11484,no
rKaHyPar,ckt11752_dc_1.mtx.hgr,no,no,9,64,0.03,0.029601,16.2971,cut,17897,11350,no
rKaHyPar,ckt11752_dc_1.mtx.hgr,no,no,0,8,0.03,0.0299372,5.93923,cut,2631,2571,no
rKaHyPar,ckt11752_dc_1.mtx.hgr,no,no,1,8,0.03,0.023821,9.17759,cut,2847,2776,no
rKaHyPar,ckt11752_dc_1.mtx.hgr,no,no,2,8,0.03,0.0297763,6.305,cut,2694,2664,no
rKaHyPar,ckt11752_dc_1.mtx.hgr,no,no,3,8,0.03,0.0297763,6.1156,cut,2746,2684,no
rKaHyPar,ckt11752_dc_1.mtx.hgr,no,no,4,8,0.03,0.0299372,6.04606,cut,2736,2705,no
rKaHyPar,ckt11752_dc_1.mtx.hgr,no,no,5,8,0.03,0.0289715,8.57918,cut,2635,2604,no
rKaHyPar,ckt11752_dc_1.mtx.hgr,no,no,6,8,0.03,0.0296153,9.77512,cut,2657,2587,no
rKaHyPar,ckt11752_dc_1.mtx.hgr,no,no,7,8,0.03,0.0276839,9.81319,cut,2803,2736,no
rKaHyPar,ckt11752_dc_1.mtx.hgr,no,no,8,8,0.03,0.0299372,6.19818,cut,2843,2805,no
rKaHyPar,ckt11752_dc_1.mtx.hgr,no,no,9,8,0.03,0.0299372,8.95356,cut,2687,2625,no
rKaHyPar,cnr-2000.mtx.hgr,no,no,0,128,0.03,0.0298742,168.783,cut,78257,51721,no
rKaHyPar,cnr-2000.mtx.hgr,no,no,1,128,0.03,0.0298742,113.981,cut,81011,52469,no
rKaHyPar,cnr-2000.mtx.hgr,no,no,3,128,0.03,0.0298742,116.284,cut,78030,51911,no
rKaHyPar,cnr-2000.mtx.hgr,no,no,4,128,0.03,0.0298742,170.017,cut,76513,52010,no
rKaHyPar,cnr-2000.mtx.hgr,no,no,5,128,0.03,0.0298742,172.878,cut,77571,51975,no
rKaHyPar,cnr-2000.mtx.hgr,no,no,6,128,0.03,0.0298742,115.763,cut,78614,51881,no
rKaHyPar,cnr-2000.mtx.hgr,no,no,7,128,0.03,0.0298742,175.812,cut,80967,52365,no
rKaHyPar,cnr-2000.mtx.hgr,no,no,8,128,0.03,0.0298742,113.357,cut,78773,52211,no
rKaHyPar,cnr-2000.mtx.hgr,no,no,9,128,0.03,0.0298742,172.809,cut,73945,51555,no
rKaHyPar,cnr-2000.mtx.hgr,no,no,0,16,0.03,0.0296344,46.6756,cut,2857,2076,no
rKaHyPar,cnr-2000.mtx.hgr,no,no,1,16,0.03,0.0296835,68.727,cut,2986,2190,no
rKaHyPar,cnr-2000.mtx.hgr,no,no,2,16,0.03,0.0298309,68.963,cut,2916,2159,no
rKaHyPar,cnr-2000.mtx.hgr,no,no,3,16,0.03,0.0298801,47.8711,cut,2711,2004,no
rKaHyPar,cnr-2000.mtx.hgr,no,no,4,16,0.03,0.0299784,67.7228,cut,3067,2191,no
rKaHyPar,cnr-2000.mtx.hgr,no,no,5,16,0.03,0.0298309,68.4765,cut,2833,2067,no
rKaHyPar,cnr-2000.mtx.hgr,no,no,6,16,0.03,0.0289463,68.9853,cut,2891,2118,no
rKaHyPar,cnr-2000.mtx.hgr,no,no,7,16,0.03,0.0296835,68.5271,cut,2875,2152,no
rKaHyPar,cnr-2000.mtx.hgr,no,no,8,16,0.03,0.0289955,46.937,cut,2793,1998,no
rKaHyPar,cnr-2000.mtx.hgr,no,no,9,16,0.03,0.0298801,67.5163,cut,2809,2028,no
rKaHyPar,cnr-2000.mtx.hgr,no,no,0,2,0.03,0.0223309,19.7494,cut,45,45,no
rKaHyPar,cnr-2000.mtx.hgr,no,no,1,2,0.03,0.0286708,14.7438,cut,50,50,no
rKaHyPar,cnr-2000.mtx.hgr,no,no,2,2,0.03,0.0238114,14.8694,cut,57,57,no
rKaHyPar,cnr-2000.mtx.hgr,no,no,3,2,0.03,0.0268094,20.7314,cut,50,50,no
rKaHyPar,cnr-2000.mtx.hgr,no,no,4,2,0.03,0.0220176,14.0461,cut,45,45,no
rKaHyPar,cnr-2000.mtx.hgr,no,no,5,2,0.03,0.0162797,21.2067,cut,51,51,no
rKaHyPar,cnr-2000.mtx.hgr,no,no,6,2,0.03,0.0265575,20.394,cut,50,50,no
rKaHyPar,cnr-2000.mtx.hgr,no,no,7,2,0.03,0.013503,20.2705,cut,58,58,no
rKaHyPar,cnr-2000.mtx.hgr,no,no,8,2,0.03,0.0272885,14.5535,cut,53,53,no
rKaHyPar,cnr-2000.mtx.hgr,no,no,9,2,0.03,0.0265513,19.8739,cut,50,50,no
rKaHyPar,cnr-2000.mtx.hgr,no,no,0,32,0.03,0.0299784,191.277,cut,15481,13840,no
rKaHyPar,cnr-2000.mtx.hgr,no,no,1,32,0.03,0.0299784,114.569,cut,15399,13720,no
rKaHyPar,cnr-2000.mtx.hgr,no,no,2,32,0.03,0.0299784,225.516,cut,15647,13907,no
rKaHyPar,cnr-2000.mtx.hgr,no,no,3,32,0.03,0.0299784,215.517,cut,15408,13808,no
rKaHyPar,cnr-2000.mtx.hgr,no,no,4,32,0.03,0.0299784,121.325,cut,15840,13881,no
rKaHyPar,cnr-2000.mtx.hgr,no,no,5,32,0.03,0.0299784,113.729,cut,15792,13931,no
rKaHyPar,cnr-2000.mtx.hgr,no,no,6,32,0.03,0.0299784,190.675,cut,15683,13860,no
rKaHyPar,cnr-2000.mtx.hgr,no,no,7,32,0.03,0.0299784,184.445,cut,15652,13872,no
rKaHyPar,cnr-2000.mtx.hgr,no,no,8,32,0.03,0.0299784,210.018,cut,15871,14128,no
rKaHyPar,cnr-2000.mtx.hgr,no,no,9,32,0.03,0.0299784,177.803,cut,15701,13982,no
rKaHyPar,cnr-2000.mtx.hgr,no,no,0,4,0.03,0.0299791,36.7547,cut,394,384,no
rKaHyPar,cnr-2000.mtx.hgr,no,no,1,4,0.03,0.0299791,27.3222,cut,371,359,no
rKaHyPar,cnr-2000.mtx.hgr,no,no,2,4,0.03,0.02993,37.7529,cut,273,262,no
rKaHyPar,cnr-2000.mtx.hgr,no,no,3,4,0.03,0.0299791,37.4871,cut,402,393,no
rKaHyPar,cnr-2000.mtx.hgr,no,no,4,4,0.03,0.0299791,25.4765,cut,421,410,no
rKaHyPar,cnr-2000.mtx.hgr,no,no,5,4,0.03,0.0299791,26.5548,cut,420,396,no
rKaHyPar,cnr-2000.mtx.hgr,no,no,6,4,0.03,0.0299791,26.3757,cut,475,453,no
rKaHyPar,cnr-2000.mtx.hgr,no,no,7,4,0.03,0.0299914,38.592,cut,446,433,no
rKaHyPar,cnr-2000.mtx.hgr,no,no,8,4,0.03,0.0296228,38.8303,cut,361,346,no
rKaHyPar,cnr-2000.mtx.hgr,no,no,9,4,0.03,0.0299914,36.873,cut,386,373,no
rKaHyPar,cnr-2000.mtx.hgr,no,no,0,64,0.03,0.0298801,113.095,cut,39944,34345,no
rKaHyPar,cnr-2000.mtx.hgr,no,no,1,64,0.03,0.0298801,168.227,cut,40556,33841,no
rKaHyPar,cnr-2000.mtx.hgr,no,no,2,64,0.03,0.0298801,163.75,cut,40614,34223,no
rKaHyPar,cnr-2000.mtx.hgr,no,no,3,64,0.03,0.0298801,105.24,cut,40409,34159,no
rKaHyPar,cnr-2000.mtx.hgr,no,no,4,64,0.03,0.0298801,112.337,cut,39207,33880,no
rKaHyPar,cnr-2000.mtx.hgr,no,no,5,64,0.03,0.0298801,154.593,cut,40639,33934,no
rKaHyPar,cnr-2000.mtx.hgr,no,no,6,64,0.03,0.0298801,104.08,cut,39875,34346,no
rKaHyPar,cnr-2000.mtx.hgr,no,no,7,64,0.03,0.0298801,169.732,cut,41236,34064,no
rKaHyPar,cnr-2000.mtx.hgr,no,no,8,64,0.03,0.0298801,105.581,cut,40692,34173,no
rKaHyPar,cnr-2000.mtx.hgr,no,no,9,64,0.03,0.0298801,175.27,cut,40270,34287,no
rKaHyPar,cnr-2000.mtx.hgr,no,no,0,8,0.03,0.0275464,52.2086,cut,1532,1406,no
rKaHyPar,cnr-2000.mtx.hgr,no,no,1,8,0.03,0.0298562,55.7412,cut,1533,1366,no
rKaHyPar,cnr-2000.mtx.hgr,no,no,2,8,0.03,0.0294877,37.654,cut,1385,1274,no
rKaHyPar,cnr-2000.mtx.hgr,no,no,3,8,0.03,0.0294631,36.8018,cut,1461,1352,no
rKaHyPar,cnr-2000.mtx.hgr,no,no,4,8,0.03,0.0298317,36.0091,cut,1485,1352,no
rKaHyPar,cnr-2000.mtx.hgr,no,no,5,8,0.03,0.0222878,36.8929,cut,1520,1402,no
rKaHyPar,cnr-2000.mtx.hgr,no,no,6,8,0.03,0.0294631,52.9691,cut,1400,1261,no
rKaHyPar,cnr-2000.mtx.hgr,no,no,7,8,0.03,0.0297088,52.5746,cut,1470,1330,no
rKaHyPar,cnr-2000.mtx.hgr,no,no,8,8,0.03,0.026416,37.651,cut,1571,1396,no
rKaHyPar,cnr-2000.mtx.hgr,no,no,9,8,0.03,0.0299791,54.5178,cut,1444,1282,no
rKaHyPar,conf5_4-8x8-05.mtx.hgr,no,no,0,128,0.03,0.0234375,9.33045,cut,136647,44655,no
rKaHyPar,conf5_4-8x8-05.mtx.hgr,no,no,1,128,0.03,0.0234375,6.80946,cut,136389,44664,no
rKaHyPar,conf5_4-8x8-05.mtx.hgr,no,no,2,128,0.03,0.0234375,6.80748,cut,138192,44646,no
rKaHyPar,conf5_4-8x8-05.mtx.hgr,no,no,3,128,0.03,0.0234375,6.78125,cut,136461,44667,no
rKaHyPar,conf5_4-8x8-05.mtx.hgr,no,no,4,128,0.03,0.0234375,9.38712,cut,136719,44727,no
rKaHyPar,conf5_4-8x8-05.mtx.hgr,no,no,5,128,0.03,0.0234375,6.78953,cut,140250,44691,no
rKaHyPar,conf5_4-8x8-05.mtx.hgr,no,no,6,128,0.03,0.0234375,6.65856,cut,139893,44763,no
rKaHyPar,conf5_4-8x8-05.mtx.hgr,no,no,7,128,0.03,0.0234375,9.43613,cut,137784,44712,no
rKaHyPar,conf5_4-8x8-05.mtx.hgr,no,no,8,128,0.03,0.0234375,6.68073,cut,135657,44619,no
rKaHyPar,conf5_4-8x8-05.mtx.hgr,no,no,9,128,0.03,0.0234375,9.36299,cut,136179,44718,no
rKaHyPar,conf5_4-8x8-05.mtx.hgr,no,no,0,16,0.03,0,3.92632,cut,42336,33456,no
rKaHyPar,conf5_4-8x8-05.mtx.hgr,no,no,1,16,0.03,0.0273438,5.48285,cut,42570,33570,no
rKaHyPar,conf5_4-8x8-05.mtx.hgr,no,no,2,16,0.03,0.0273438,4.11951,cut,42897,33735,no
rKaHyPar,conf5_4-8x8-05.mtx.hgr,no,no,3,16,0.03,0.0292969,3.81458,cut,42366,33471,no
rKaHyPar,conf5_4-8x8-05.mtx.hgr,no,no,4,16,0.03,0.0283203,5.36303,cut,42525,33549,no
rKaHyPar,conf5_4-8x8-05.mtx.hgr,no,no,5,16,0.03,0.0273438,5.36451,cut,42708,33642,no
rKaHyPar,conf5_4-8x8-05.mtx.hgr,no,no,6,16,0.03,0.0273438,3.85718,cut,42552,33564,no
rKaHyPar,conf5_4-8x8-05.mtx.hgr,no,no,7,16,0.03,0.0273438,5.43288,cut,42621,33597,no
rKaHyPar,conf5_4-8x8-05.mtx.hgr,no,no,8,16,0.03,0.0292969,4.03648,cut,42456,33516,no
rKaHyPar,conf5_4-8x8-05.mtx.hgr,no,no,9,16,0.03,0,5.31373,cut,42528,33552,no
rKaHyPar,conf5_4-8x8-05.mtx.hgr,no,no,0,2,0.03,0,1.09299,cut,0,0,no
rKaHyPar,conf5_4-8x8-05.mtx.hgr,no,no,1,2,0.03,0,0.762167,cut,0,0,no
rKaHyPar,conf5_4-8x8-05.mtx.hgr,no,no,2,2,0.03,0,1.06617,cut,0,0,no
rKaHyPar,conf5_4-8x8-05.mtx.hgr,no,no,3,2,0.03,0,1.04665,cut,0,0,no
rKaHyPar,conf5_4-8x8-05.mtx.hgr,no,no,4,2,0.03,0,0.746169,cut,0,0,no
rKaHyPar,conf5_4-8x8-05.mtx.hgr,no,no,5,2,0.03,0,0.762262,cut,0,0,no
rKaHyPar,conf5_4-8x8-05.mtx.hgr,no,no,6,2,0.03,0,1.02823,cut,0,0,no
rKaHyPar,conf5_4-8x8-05.mtx.hgr,no,no,7,2,0.03,0,1.02588,cut,0,0,no
rKaHyPar,conf5_4-8x8-05.mtx.hgr,no,no,8,2,0.03,0,1.06243,cut,0,0,no
rKaHyPar,conf5_4-8x8-05.mtx.hgr,no,no,9,2,0.03,0,1.04321,cut,0,0,no
rKaHyPar,conf5_4-8x8-05.mtx.hgr,no,no,0,32,0.03,0.0234375,6.78345,cut,64848,38880,no
rKaHyPar,conf5_4-8x8-05.mtx.hgr,no,no,1,32,0.03,0.0273438,4.92559,cut,65088,38856,no
rKaHyPar,conf5_4-8x8-05.mtx.hgr,no,no,2,32,0.03,0.0292969,6.73398,cut,65136,38934,no
rKaHyPar,conf5_4-8x8-05.mtx.hgr,no,no,3,32,0.03,0.0234375,7.07732,cut,65490,38985,no
rKaHyPar,conf5_4-8x8-05.mtx.hgr,no,no,4,32,0.03,0.0273438,5.08454,cut,65253,38976,no
rKaHyPar,conf5_4-8x8-05.mtx.hgr,no,no,5,32,0.03,0.0234375,4.97963,cut,64956,38892,no
rKaHyPar,conf5_4-8x8-05.mtx.hgr,no,no,6,32,0.03,0.0234375,6.99814,cut,65268,38961,no
rKaHyPar,conf5_4-8x8-05.mtx.hgr,no,no,7,32,0.03,0.0273438,5.14604,cut,65289,38964,no
rKaHyPar,conf5_4-8x8-05.mtx.hgr,no,no,8,32,0.03,0.0273438,6.9433,cut,64809,38859,no
rKaHyPar,conf5_4-8x8-05.mtx.hgr,no,no,9,32,0.03,0.0273438,6.80099,cut,65310,38925,no
rKaHyPar,conf5_4-8x8-05.mtx.hgr,no,no,0,4,0.03,0,2.22973,cut,12288,12288,no
rKaHyPar,conf5_4-8x8-05.mtx.hgr,no,no,1,4,0.03,0,2.2272,cut,12288,12288,no
rKaHyPar,conf5_4-8x8-05.mtx.hgr,no,no,2,4,0.03,0,2.29244,cut,12288,12288,no
rKaHyPar,conf5_4-8x8-05.mtx.hgr,no,no,3,4,0.03,0,2.2142,cut,12288,12288,no
rKaHyPar,conf5_4-8x8-05.mtx.hgr,no,no,4,4,0.03,0,1.65076,cut,12288,12288,no
rKaHyPar,conf5_4-8x8-05.mtx.hgr,no,no,5,4,0.03,0,1.60795,cut,12288,12288,no
rKaHyPar,conf5_4-8x8-05.mtx.hgr,no,no,6,4,0.03,0,1.67405,cut,12288,12288,no
rKaHyPar,conf5_4-8x8-05.mtx.hgr,no,no,7,4,0.03,0,2.19042,cut,12288,12288,no
rKaHyPar,conf5_4-8x8-05.mtx.hgr,no,no,8,4,0.03,0,2.37564,cut,12288,12288,no
rKaHyPar,conf5_4-8x8-05.mtx.hgr,no,no,9,4,0.03,0,2.17023,cut,12288,12288,no
rKaHyPar,conf5_4-8x8-05.mtx.hgr,no,no,0,64,0.03,0.0273438,8.28106,cut,91902,41919,no
rKaHyPar,conf5_4-8x8-05.mtx.hgr,no,no,1,64,0.03,0.0273438,8.32088,cut,91839,41913,no
rKaHyPar,conf5_4-8x8-05.mtx.hgr,no,no,2,64,0.03,0.0273438,8.15281,cut,90387,41730,no
rKaHyPar,conf5_4-8x8-05.mtx.hgr,no,no,3,64,0.03,0.0234375,5.94134,cut,92475,41844,no
rKaHyPar,conf5_4-8x8-05.mtx.hgr,no,no,4,64,0.03,0.0273438,5.94838,cut,91479,41862,no
rKaHyPar,conf5_4-8x8-05.mtx.hgr,no,no,5,64,0.03,0.0234375,8.14794,cut,92751,41997,no
rKaHyPar,conf5_4-8x8-05.mtx.hgr,no,no,6,64,0.03,0.0234375,5.90242,cut,91677,41889,no
rKaHyPar,conf5_4-8x8-05.mtx.hgr,no,no,7,64,0.03,0.0234375,8.40128,cut,91239,41913,no
rKaHyPar,conf5_4-8x8-05.mtx.hgr,no,no,8,64,0.03,0.0234375,6.01599,cut,91998,41880,no
rKaHyPar,conf5_4-8x8-05.mtx.hgr,no,no,9,64,0.03,0.0273438,6.12927,cut,91485,41874,no
rKaHyPar,conf5_4-8x8-05.mtx.hgr,no,no,0,8,0.03,0,2.62593,cut,24576,24576,no
rKaHyPar,conf5_4-8x8-05.mtx.hgr,no,no,1,8,0.03,0,3.44638,cut,24576,24576,no
rKaHyPar,conf5_4-8x8-05.mtx.hgr,no,no,2,8,0.03,0,2.70707,cut,24576,24576,no
rKaHyPar,conf5_4-8x8-05.mtx.hgr,no,no,3,8,0.03,0,2.66551,cut,24576,24576,no
rKaHyPar,conf5_4-8x8-05.mtx.hgr,no,no,4,8,0.03,0,2.57834,cut,24576,24576,no
rKaHyPar,conf5_4-8x8-05.mtx.hgr,no,no,5,8,0.03,0,2.61464,cut,24576,24576,no
rKaHyPar,conf5_4-8x8-05.mtx.hgr,no,no,6,8,0.03,0,2.67438,cut,24576,24576,no
rKaHyPar,conf5_4-8x8-05.mtx.hgr,no,no,7,8,0.03,0,3.60246,cut,24576,24576,no
rKaHyPar,conf5_4-8x8-05.mtx.hgr,no,no,8,8,0.03,0,2.68462,cut,24576,24576,no
rKaHyPar,conf5_4-8x8-05.mtx.hgr,no,no,9,8,0.03,0,2.63723,cut,24576,24576,no
rKaHyPar,copter1.mtx.hgr,no,no,0,128,0.03,0.0296296,11.3432,cut,27108,11990,no
rKaHyPar,copter1.mtx.hgr,no,no,1,128,0.03,0.0296296,7.90237,cut,26510,11966,no
rKaHyPar,copter1.mtx.hgr,no,no,2,128,0.03,0.0296296,10.9814,cut,26728,11977,no
rKaHyPar,copter1.mtx.hgr,no,no,3,128,0.03,0.0296296,7.87822,cut,26989,11968,no
rKaHyPar,copter1.mtx.hgr,no,no,4,128,0.03,0.0296296,11.0422,cut,27158,11914,no
rKaHyPar,copter1.mtx.hgr,no,no,5,128,0.03,0.0296296,8.07854,cut,26793,11951,no
rKaHyPar,copter1.mtx.hgr,no,no,6,128,0.03,0.0296296,7.90862,cut,27004,11956,no
rKaHyPar,copter1.mtx.hgr,no,no,7,128,0.03,0.0296296,11.051,cut,27352,11914,no
rKaHyPar,copter1.mtx.hgr,no,no,8,128,0.03,0.0296296,7.95603,cut,26586,11907,no
rKaHyPar,copter1.mtx.hgr,no,no,9,128,0.03,0.0296296,10.965,cut,27527,11947,no
rKaHyPar,copter1.mtx.hgr,no,no,0,16,0.03,0.0129991,3.8985,cut,7080,5570,no
rKaHyPar,copter1.mtx.hgr,no,no,1,16,0.03,0.0232126,5.36018,cut,7007,5569,no
rKaHyPar,copter1.mtx.hgr,no,no,2,16,0.03,0.0241411,3.9107,cut,7090,5586,no
rKaHyPar,copter1.mtx.hgr,no,no,3,16,0.03,0.0287837,3.73822,cut,7180,5585,no
rKaHyPar,copter1.mtx.hgr,no,no,4,16,0.03,0.0297122,5.30574,cut,7118,5573,no
rKaHyPar,copter1.mtx.hgr,no,no,5,16,0.03,0.0259981,5.3229,cut,7124,5580,no
rKaHyPar,copter1.mtx.hgr,no,no,6,16,0.03,0.0297122,5.8017,cut,7172,5590,no
rKaHyPar,copter1.mtx.hgr,no,no,7,16,0.03,0.0185701,5.40593,cut,7073,5580,no
rKaHyPar,copter1.mtx.hgr,no,no,8,16,0.03,0.0287837,4.08901,cut,7165,5579,no
rKaHyPar,copter1.mtx.hgr,no,no,9,16,0.03,0.0259981,5.4646,cut,7035,5564,no
rKaHyPar,copter1.mtx.hgr,no,no,0,2,0.03,0.0260132,1.77212,cut,930,930,no
rKaHyPar,copter1.mtx.hgr,no,no,1,2,0.03,0.0260132,1.29764,cut,930,930,no
rKaHyPar,copter1.mtx.hgr,no,no,2,2,0.03,0.0260132,2.02162,cut,930,930,no
rKaHyPar,copter1.mtx.hgr,no,no,3,2,0.03,0.0260132,1.83689,cut,930,930,no
rKaHyPar,copter1.mtx.hgr,no,no,4,2,0.03,0.0260132,1.64635,cut,930,930,no
rKaHyPar,copter1.mtx.hgr,no,no,5,2,0.03,0.0260132,1.21358,cut,930,930,no
rKaHyPar,copter1.mtx.hgr,no,no,6,2,0.03,0.0260132,2.08207,cut,930,930,no
rKaHyPar,copter1.mtx.hgr,no,no,7,2,0.03,0.0260132,2.04331,cut,930,930,no
rKaHyPar,copter1.mtx.hgr,no,no,8,2,0.03,0.0260132,1.75547,cut,930,930,no
rKaHyPar,copter1.mtx.hgr,no,no,9,2,0.03,0.0260132,1.77436,cut,930,930,no
rKaHyPar,copter1.mtx.hgr,no,no,0,32,0.03,0.0296846,6.66736,cut,10868,7228,no
rKaHyPar,copter1.mtx.hgr,no,no,1,32,0.03,0.0296846,5.1183,cut,10933,7239,no
rKaHyPar,copter1.mtx.hgr,no,no,2,32,0.03,0.0296846,6.87526,cut,10788,7230,no
rKaHyPar,copter1.mtx.hgr,no,no,3,32,0.03,0.0296846,6.77654,cut,10795,7232,no
rKaHyPar,copter1.mtx.hgr,no,no,4,32,0.03,0.0296846,4.84018,cut,10602,7209,no
rKaHyPar,copter1.mtx.hgr,no,no,5,32,0.03,0.0296846,5.07236,cut,10726,7227,no
rKaHyPar,copter1.mtx.hgr,no,no,6,32,0.03,0.0296846,6.81737,cut,10813,7248,no
rKaHyPar,copter1.mtx.hgr,no,no,7,32,0.03,0.0296846,4.89585,cut,10840,7261,no
rKaHyPar,copter1.mtx.hgr,no,no,8,32,0.03,0.0296846,6.85234,cut,10719,7214,no
rKaHyPar,copter1.mtx.hgr,no,no,9,32,0.03,0.0296846,6.70699,cut,10721,7218,no
rKaHyPar,copter1.mtx.hgr,no,no,0,4,0.03,0.00301904,2.98223,cut,2148,1997,no
rKaHyPar,copter1.mtx.hgr,no,no,1,4,0.03,0.00464468,3.06636,cut,2131,1997,no
rKaHyPar,copter1.mtx.hgr,no,no,2,4,0.03,0.00348351,2.8061,cut,2124,1997,no
rKaHyPar,copter1.mtx.hgr,no,no,3,4,0.03,0.00418021,2.97789,cut,2133,1997,no
rKaHyPar,copter1.mtx.hgr,no,no,4,4,0.03,0.00836043,2.12891,cut,2126,1997,no
rKaHyPar,copter1.mtx.hgr,no,no,5,4,0.03,0.0104505,2.02494,cut,2132,1997,no
rKaHyPar,copter1.mtx.hgr,no,no,6,4,0.03,0.0095216,2.11373,cut,2130,1997,no
rKaHyPar,copter1.mtx.hgr,no,no,7,4,0.03,0.00766373,3.09888,cut,2114,1997,no
rKaHyPar,copter1.mtx.hgr,no,no,8,4,0.03,0.029726,3.01255,cut,2171,2009,no
rKaHyPar,copter1.mtx.hgr,no,no,9,4,0.03,0.00743149,3.13885,cut,2144,1997,no
rKaHyPar,copter1.mtx.hgr,no,no,0,64,0.03,0.0296296,8.82495,cut,17100,9879,no
rKaHyPar,copter1.mtx.hgr,no,no,1,64,0.03,0.0296296,8.7487,cut,17062,9902,no
rKaHyPar,copter1.mtx.hgr,no,no,2,64,0.03,0.0296296,8.82637,cut,17196,9871,no
rKaHyPar,copter1.mtx.hgr,no,no,3,64,0.03,0.0296296,6.39685,cut,17503,9891,no
rKaHyPar,copter1.mtx.hgr,no,no,4,64,0.03,0.0296296,6.45623,cut,16958,9879,no
rKaHyPar,copter1.mtx.hgr,no,no,5,64,0.03,0.0259259,8.82845,cut,17225,9892,no
rKaHyPar,copter1.mtx.hgr,no,no,6,64,0.03,0.0296296,6.50459,cut,17258,9898,no
rKaHyPar,copter1.mtx.hgr,no,no,7,64,0.03,0.0296296,8.86649,cut,17142,9884,no
rKaHyPar,copter1.mtx.hgr,no,no,8,64,0.03,0.0296296,6.40922,cut,17727,9821,no
rKaHyPar,copter1.mtx.hgr,no,no,9,64,0.03,0.0296296,6.42967,cut,17212,9831,no
rKaHyPar,copter1.mtx.hgr,no,no,0,8,0.03,0.0171853,2.92812,cut,4270,3761,no
rKaHyPar,copter1.mtx.hgr,no,no,1,8,0.03,0.029726,4.21274,cut,4210,3756,no
rKaHyPar,copter1.mtx.hgr,no,no,2,8,0.03,0.028797,3.13167,cut,4186,3750,no
rKaHyPar,copter1.mtx.hgr,no,no,3,8,0.03,0.029726,3.04237,cut,4201,3758,no
rKaHyPar,copter1.mtx.hgr,no,no,4,8,0.03,0.0246168,3.04542,cut,4185,3755,no
rKaHyPar,copter1.mtx.hgr,no,no,5,8,0.03,0.0250813,3.10398,cut,4147,3754,no
rKaHyPar,copter1.mtx.hgr,no,no,6,8,0.03,0.0199721,2.97058,cut,4170,3747,no
rKaHyPar,copter1.mtx.hgr,no,no,7,8,0.03,0.0269392,4.40093,cut,4209,3753,no
rKaHyPar,copter1.mtx.hgr,no,no,8,8,0.03,0.0246168,3.04673,cut,4232,3749,no
rKaHyPar,copter1.mtx.hgr,no,no,9,8,0.03,0.0255458,3.12906,cut,4256,3742,no
rKaHyPar,coupled.mtx.hgr,no,no,0,128,0.03,0.0224719,7.98505,cut,20431,6099,no
rKaHyPar,coupled.mtx.hgr,no,no,1,128,0.03,0.0224719,7.88781,cut,20828,6075,no
rKaHyPar,coupled.mtx.hgr,no,no,2,128,0.03,0.0224719,5.78855,cut,20608,6079,no
rKaHyPar,coupled.mtx.hgr,no,no,3,128,0.03,0.0224719,5.5398,cut,21172,6108,no
rKaHyPar,coupled.mtx.hgr,no,no,4,128,0.03,0.0224719,8.14525,cut,20982,6109,no
rKaHyPar,coupled.mtx.hgr,no,no,5,128,0.03,0.0224719,5.70769,cut,20609,6099,no
rKaHyPar,coupled.mtx.hgr,no,no,6,128,0.03,0.0224719,5.51862,cut,20837,6077,no
rKaHyPar,coupled.mtx.hgr,no,no,7,128,0.03,0.0224719,7.75855,cut,20777,6110,no
rKaHyPar,coupled.mtx.hgr,no,no,8,128,0.03,0.0224719,5.57178,cut,20782,6107,no
rKaHyPar,coupled.mtx.hgr,no,no,9,128,0.03,0.0224719,7.5357,cut,20610,6109,no
rKaHyPar,coupled.mtx.hgr,no,no,0,16,0.03,0.0296192,3.00074,cut,8548,4387,no
rKaHyPar,coupled.mtx.hgr,no,no,1,16,0.03,0.0296192,4.36129,cut,8698,4444,no
rKaHyPar,coupled.mtx.hgr,no,no,2,16,0.03,0.0296192,2.94456,cut,8563,4457,no
rKaHyPar,coupled.mtx.hgr,no,no,3,16,0.03,0.0296192,2.88814,cut,8561,4453,no
rKaHyPar,coupled.mtx.hgr,no,no,4,16,0.03,0.0267983,4.13189,cut,8845,4460,no
rKaHyPar,coupled.mtx.hgr,no,no,5,16,0.03,0.0296192,4.06418,cut,8700,4456,no
rKaHyPar,coupled.mtx.hgr,no,no,6,16,0.03,0.0296192,2.94846,cut,8722,4423,no
rKaHyPar,coupled.mtx.hgr,no,no,7,16,0.03,0.0296192,4.52396,cut,8682,4449,no
rKaHyPar,coupled.mtx.hgr,no,no,8,16,0.03,0.0296192,2.91355,cut,8517,4468,no
rKaHyPar,coupled.mtx.hgr,no,no,9,16,0.03,0.0296192,4.17904,cut,8622,4427,no
rKaHyPar,coupled.mtx.hgr,no,no,0,2,0.03,0.0299771,2.08256,cut,1877,1877,no
rKaHyPar,coupled.mtx.hgr,no,no,1,2,0.03,0.0299771,1.97784,cut,1867,1867,no
rKaHyPar,coupled.mtx.hgr,no,no,2,2,0.03,0.0296244,1.82292,cut,1897,1897,no
rKaHyPar,coupled.mtx.hgr,no,no,3,2,0.03,0.0299771,1.95963,cut,1895,1895,no
rKaHyPar,coupled.mtx.hgr,no,no,4,2,0.03,0.0299771,1.26382,cut,1865,1865,no
rKaHyPar,coupled.mtx.hgr,no,no,5,2,0.03,0.0299771,1.41785,cut,1900,1900,no
rKaHyPar,coupled.mtx.hgr,no,no,6,2,0.03,0.0298007,1.93243,cut,1836,1836,no
rKaHyPar,coupled.mtx.hgr,no,no,7,2,0.03,0.0296244,1.99404,cut,1883,1883,no
rKaHyPar,coupled.mtx.hgr,no,no,8,2,0.03,0.0298007,1.9284,cut,1883,1883,no
rKaHyPar,coupled.mtx.hgr,no,no,9,2,0.03,0.0299771,1.90647,cut,1942,1942,no
rKaHyPar,coupled.mtx.hgr,no,no,0,32,0.03,0.028169,5.10734,cut,11672,5027,no
rKaHyPar,coupled.mtx.hgr,no,no,1,32,0.03,0.0253521,3.53143,cut,11735,5007,no
rKaHyPar,coupled.mtx.hgr,no,no,2,32,0.03,0.028169,4.95542,cut,11866,4998,no
rKaHyPar,coupled.mtx.hgr,no,no,3,32,0.03,0.028169,5.0488,cut,11485,4955,no
rKaHyPar,coupled.mtx.hgr,no,no,4,32,0.03,0.028169,3.77582,cut,11858,5030,no
rKaHyPar,coupled.mtx.hgr,no,no,5,32,0.03,0.0253521,3.62405,cut,11410,4977,no
rKaHyPar,coupled.mtx.hgr,no,no,6,32,0.03,0.0253521,5.09982,cut,11680,4958,no
rKaHyPar,coupled.mtx.hgr,no,no,7,32,0.03,0.028169,3.45608,cut,11865,5010,no
rKaHyPar,coupled.mtx.hgr,no,no,8,32,0.03,0.028169,4.77654,cut,11757,4990,no
rKaHyPar,coupled.mtx.hgr,no,no,9,32,0.03,0.0253521,3.59907,cut,11551,4972,no
rKaHyPar,coupled.mtx.hgr,no,no,0,4,0.03,0.0292666,2.70288,cut,3856,2900,no
rKaHyPar,coupled.mtx.hgr,no,no,1,4,0.03,0.0292666,2.92435,cut,3998,2989,no
rKaHyPar,coupled.mtx.hgr,no,no,2,4,0.03,0.0299718,2.929,cut,4065,3020,no
rKaHyPar,coupled.mtx.hgr,no,no,3,4,0.03,0.0292666,1.69605,cut,3968,2973,no
rKaHyPar,coupled.mtx.hgr,no,no,4,4,0.03,0.0296192,1.96869,cut,3844,2878,no
rKaHyPar,coupled.mtx.hgr,no,no,5,4,0.03,0.0299718,1.91075,cut,4111,3008,no
rKaHyPar,coupled.mtx.hgr,no,no,6,4,0.03,0.0299718,1.96734,cut,4110,3014,no
rKaHyPar,coupled.mtx.hgr,no,no,7,4,0.03,0.0299718,2.83737,cut,4081,3004,no
rKaHyPar,coupled.mtx.hgr,no,no,8,4,0.03,0.0299718,2.6625,cut,3971,2989,no
rKaHyPar,coupled.mtx.hgr,no,no,9,4,0.03,0.0292666,2.64406,cut,3873,2892,no
rKaHyPar,coupled.mtx.hgr,no,no,0,64,0.03,0.0224719,6.4184,cut,15451,5546,no
rKaHyPar,coupled.mtx.hgr,no,no,1,64,0.03,0.0280899,6.34066,cut,15809,5569,no
rKaHyPar,coupled.mtx.hgr,no,no,2,64,0.03,0.0280899,6.51219,cut,15407,5546,no
rKaHyPar,coupled.mtx.hgr,no,no,3,64,0.03,0.0280899,4.69666,cut,15593,5568,no
rKaHyPar,coupled.mtx.hgr,no,no,4,64,0.03,0.0280899,4.76916,cut,15302,5591,no
rKaHyPar,coupled.mtx.hgr,no,no,5,64,0.03,0.0280899,6.4812,cut,15614,5554,no
rKaHyPar,coupled.mtx.hgr,no,no,6,64,0.03,0.0280899,4.76303,cut,15883,5557,no
rKaHyPar,coupled.mtx.hgr,no,no,7,64,0.03,0.0280899,6.40381,cut,15540,5587,no
rKaHyPar,coupled.mtx.hgr,no,no,8,64,0.03,0.0280899,4.71495,cut,15364,5545,no
rKaHyPar,coupled.mtx.hgr,no,no,9,64,0.03,0.0280899,4.62351,cut,15722,5583,no
rKaHyPar,coupled.mtx.hgr,no,no,0,8,0.03,0.0267983,2.50844,cut,6216,3774,no
rKaHyPar,coupled.mtx.hgr,no,no,1,8,0.03,0.0296192,3.37192,cut,6220,3820,no
rKaHyPar,coupled.mtx.hgr,no,no,2,8,0.03,0.0296192,2.27116,cut,6132,3749,no
rKaHyPar,coupled.mtx.hgr,no,no,3,8,0.03,0.0275035,2.55701,cut,6301,3796,no
rKaHyPar,coupled.mtx.hgr,no,no,4,8,0.03,0.0296192,2.47252,cut,6109,3745,no
rKaHyPar,coupled.mtx.hgr,no,no,5,8,0.03,0.0282087,2.42408,cut,6011,3720,no
rKaHyPar,coupled.mtx.hgr,no,no,6,8,0.03,0.028914,2.28017,cut,6281,3800,no
rKaHyPar,coupled.mtx.hgr,no,no,7,8,0.03,0.028914,3.52649,cut,6305,3783,no
rKaHyPar,coupled.mtx.hgr,no,no,8,8,0.03,0.0275035,2.29199,cut,6198,3812,no
rKaHyPar,coupled.mtx.hgr,no,no,9,8,0.03,0.0260931,2.53959,cut,6366,3811,no
rKaHyPar,crashbasis.mtx.hgr,no,no,0,128,0.03,0.0264,35.699,cut,49886,33354,no
rKaHyPar,crashbasis.mtx.hgr,no,no,1,128,0.03,0.0288,35.5337,cut,52330,33352,no
rKaHyPar,crashbasis.mtx.hgr,no,no,2,128,0.03,0.0264,35.2666,cut,46680,33420,no
rKaHyPar,crashbasis.mtx.hgr,no,no,3,128,0.03,0.0224,26.3443,cut,51128,33376,no
rKaHyPar,crashbasis.mtx.hgr,no,no,4,128,0.03,0.0288,35.8981,cut,52250,33350,no
rKaHyPar,crashbasis.mtx.hgr,no,no,5,128,0.03,0.028,26.166,cut,51436,33398,no
rKaHyPar,crashbasis.mtx.hgr,no,no,6,128,0.03,0.0296,25.8486,cut,48328,33380,no
rKaHyPar,crashbasis.mtx.hgr,no,no,7,128,0.03,0.0256,35.4144,cut,48684,33436,no
rKaHyPar,crashbasis.mtx.hgr,no,no,8,128,0.03,0.0248,25.9638,cut,50958,33414,no
rKaHyPar,crashbasis.mtx.hgr,no,no,9,128,0.03,0.0264,35.9545,cut,52236,33384,no
rKaHyPar,crashbasis.mtx.hgr,no,no,0,16,0.03,0.0034,16.4289,cut,12578,9456,no
rKaHyPar,crashbasis.mtx.hgr,no,no,1,16,0.03,0.005,22.1622,cut,11904,9456,no
rKaHyPar,crashbasis.mtx.hgr,no,no,2,16,0.03,0.0003,16.3935,cut,14200,9456,no
rKaHyPar,crashbasis.mtx.hgr,no,no,3,16,0.03,0.0051,16.4144,cut,14518,9456,no
rKaHyPar,crashbasis.mtx.hgr,no,no,4,16,0.03,0.0051,22.1294,cut,15028,9456,no
rKaHyPar,crashbasis.mtx.hgr,no,no,5,16,0.03,0.0014,22.613,cut,11176,9456,no
rKaHyPar,crashbasis.mtx.hgr,no,no,6,16,0.03,0.0042,21.9333,cut,14904,9456,no
rKaHyPar,crashbasis.mtx.hgr,no,no,7,16,0.03,0.0007,21.8185,cut,12976,9456,no
rKaHyPar,crashbasis.mtx.hgr,no,no,8,16,0.03,0,16.5939,cut,13010,9456,no
rKaHyPar,crashbasis.mtx.hgr,no,no,9,16,0.03,0.0042,22.3484,cut,13466,9456,no
rKaHyPar,crashbasis.mtx.hgr,no,no,0,2,0.03,0,16.3888,cut,1600,1600,no
rKaHyPar,crashbasis.mtx.hgr,no,no,1,2,0.03,0,11.1628,cut,1600,1600,no
rKaHyPar,crashbasis.mtx.hgr,no,no,2,2,0.03,0,14.2607,cut,1600,1600,no
rKaHyPar,crashbasis.mtx.hgr,no,no,3,2,0.03,0,14.4592,cut,1600,1600,no
rKaHyPar,crashbasis.mtx.hgr,no,no,4,2,0.03,0,11.1295,cut,1600,1600,no
rKaHyPar,crashbasis.mtx.hgr,no,no,5,2,0.03,0,10.2826,cut,1600,1600,no
rKaHyPar,crashbasis.mtx.hgr,no,no,6,2,0.03,0,12.0799,cut,1600,1600,no
rKaHyPar,crashbasis.mtx.hgr,no,no,7,2,0.03,0,16.9778,cut,1600,1600,no
rKaHyPar,crashbasis.mtx.hgr,no,no,8,2,0.03,0,13.9764,cut,1600,1600,no
rKaHyPar,crashbasis.mtx.hgr,no,no,9,2,0.03,0,14.2213,cut,1600,1600,no
rKaHyPar,crashbasis.mtx.hgr,no,no,0,32,0.03,0.0154,25.976,cut,22062,15660,no
rKaHyPar,crashbasis.mtx.hgr,no,no,1,32,0.03,0.0124,18.7006,cut,21856,15648,no
rKaHyPar,crashbasis.mtx.hgr,no,no,2,32,0.03,0.013,25.6683,cut,22754,15652,no
rKaHyPar,crashbasis.mtx.hgr,no,no,3,32,0.03,0.005,25.7979,cut,22060,15628,no
rKaHyPar,crashbasis.mtx.hgr,no,no,4,32,0.03,0.0052,19.0064,cut,23072,15628,no
rKaHyPar,crashbasis.mtx.hgr,no,no,5,32,0.03,0.0078,18.9883,cut,17858,15652,no
rKaHyPar,crashbasis.mtx.hgr,no,no,6,32,0.03,0.0056,25.7425,cut,21726,15672,no
rKaHyPar,crashbasis.mtx.hgr,no,no,7,32,0.03,0.0058,18.9391,cut,20906,15668,no
rKaHyPar,crashbasis.mtx.hgr,no,no,8,32,0.03,0.0142,25.6381,cut,23382,15632,no
rKaHyPar,crashbasis.mtx.hgr,no,no,9,32,0.03,0.007,18.9926,cut,22696,15644,no
rKaHyPar,crashbasis.mtx.hgr,no,no,0,4,0.03,5e-05,16.6575,cut,4010,3184,no
rKaHyPar,crashbasis.mtx.hgr,no,no,1,4,0.03,2.5e-05,16.9549,cut,4028,3184,no
rKaHyPar,crashbasis.mtx.hgr,no,no,2,4,0.03,0,17.6887,cut,4496,3184,no
rKaHyPar,crashbasis.mtx.hgr,no,no,3,4,0.03,5e-05,13.3522,cut,3216,3184,no
rKaHyPar,crashbasis.mtx.hgr,no,no,4,4,0.03,5e-05,12.1486,cut,3216,3184,no
rKaHyPar,crashbasis.mtx.hgr,no,no,5,4,0.03,0,13.2585,cut,3216,3184,no
rKaHyPar,crashbasis.mtx.hgr,no,no,6,4,0.03,0,13.3204,cut,3216,3184,no
rKaHyPar,crashbasis.mtx.hgr,no,no,7,4,0.03,0,17.4856,cut,4012,3184,no
rKaHyPar,crashbasis.mtx.hgr,no,no,8,4,0.03,0.00015,17.1585,cut,3220,3184,no
rKaHyPar,crashbasis.mtx.hgr,no,no,9,4,0.03,0.000125,16.7273,cut,3220,3184,no
rKaHyPar,crashbasis.mtx.hgr,no,no,0,64,0.03,0.0184,29.7746,cut,34414,21616,no
rKaHyPar,crashbasis.mtx.hgr,no,no,1,64,0.03,0.012,29.3234,cut,32568,21616,no
rKaHyPar,crashbasis.mtx.hgr,no,no,2,64,0.03,0.0152,29.6786,cut,30660,21620,no
rKaHyPar,crashbasis.mtx.hgr,no,no,3,64,0.03,0.0124,22.2485,cut,34068,21616,no
rKaHyPar,crashbasis.mtx.hgr,no,no,4,64,0.03,0.014,21.7698,cut,33034,21616,no
rKaHyPar,crashbasis.mtx.hgr,no,no,5,64,0.03,0.0172,30.0218,cut,31136,21620,no
rKaHyPar,crashbasis.mtx.hgr,no,no,6,64,0.03,0.0168,21.6952,cut,31856,21620,no
rKaHyPar,crashbasis.mtx.hgr,no,no,7,64,0.03,0.0104,30.1825,cut,32634,21616,no
rKaHyPar,crashbasis.mtx.hgr,no,no,8,64,0.03,0.0104,22.2659,cut,35086,21616,no
rKaHyPar,crashbasis.mtx.hgr,no,no,9,64,0.03,0.0124,22.0118,cut,33052,21620,no
rKaHyPar,crashbasis.mtx.hgr,no,no,0,8,0.03,0.0005,14.9302,cut,8428,6348,no
rKaHyPar,crashbasis.mtx.hgr,no,no,1,8,0.03,0.0012,20.4426,cut,8620,6348,no
rKaHyPar,crashbasis.mtx.hgr,no,no,2,8,0.03,0.0024,14.595,cut,8044,6348,no
rKaHyPar,crashbasis.mtx.hgr,no,no,3,8,0.03,0.0027,15.3755,cut,8780,6344,no
rKaHyPar,crashbasis.mtx.hgr,no,no,4,8,0.03,0,14.9875,cut,7104,6352,no
rKaHyPar,crashbasis.mtx.hgr,no,no,5,8,0.03,0.0071,14.7467,cut,8600,6352,no
rKaHyPar,crashbasis.mtx.hgr,no,no,6,8,0.03,0,14.7887,cut,7544,6352,no
rKaHyPar,crashbasis.mtx.hgr,no,no,7,8,0.03,0,19.6605,cut,9036,6352,no
rKaHyPar,crashbasis.mtx.hgr,no,no,8,8,0.03,0.005,15.1858,cut,8564,6352,no
rKaHyPar,crashbasis.mtx.hgr,no,no,9,8,0.03,0,14.9417,cut,8946,6352,no
rKaHyPar,cryg10000.mtx.hgr,no,no,0,128,0.03,0.0253165,4.2742,cut,3644,3166,no
rKaHyPar,cryg10000.mtx.hgr,no,no,1,128,0.03,0.0253165,5.9772,cut,3645,3154,no
rKaHyPar,cryg10000.mtx.hgr,no,no,2,128,0.03,0.0253165,4.30333,cut,3621,3131,no
rKaHyPar,cryg10000.mtx.hgr,no,no,3,128,0.03,0.0253165,4.33245,cut,3572,3107,no
rKaHyPar,cryg10000.mtx.hgr,no,no,4,128,0.03,0.0253165,6.0535,cut,3666,3172,no
rKaHyPar,cryg10000.mtx.hgr,no,no,5,128,0.03,0.0253165,4.367,cut,3572,3094,no
rKaHyPar,cryg10000.mtx.hgr,no,no,6,128,0.03,0.0253165,4.37377,cut,3656,3182,no
rKaHyPar,cryg10000.mtx.hgr,no,no,7,128,0.03,0.0253165,5.9581,cut,3631,3143,no
rKaHyPar,cryg10000.mtx.hgr,no,no,8,128,0.03,0.0253165,4.27509,cut,3553,3087,no
rKaHyPar,cryg10000.mtx.hgr,no,no,9,128,0.03,0.0253165,6.00412,cut,3590,3112,no
rKaHyPar,cryg10000.mtx.hgr,no,no,0,16,0.03,0.016,1.44572,cut,1139,1101,no
rKaHyPar,cryg10000.mtx.hgr,no,no,1,16,0.03,0.0288,1.94906,cut,1114,1074,no
rKaHyPar,cryg10000.mtx.hgr,no,no,2,16,0.03,0.0192,1.45108,cut,1115,1074,no
rKaHyPar,cryg10000.mtx.hgr,no,no,3,16,0.03,0.0176,1.47205,cut,1113,1072,no
rKaHyPar,cryg10000.mtx.hgr,no,no,4,16,0.03,0.0288,1.9561,cut,1113,1069,no
rKaHyPar,cryg10000.mtx.hgr,no,no,5,16,0.03,0.0272,1.88495,cut,1131,1089,no
rKaHyPar,cryg10000.mtx.hgr,no,no,6,16,0.03,0.0272,1.39879,cut,1148,1107,no
rKaHyPar,cryg10000.mtx.hgr,no,no,7,16,0.03,0.0192,1.97934,cut,1128,1092,no
rKaHyPar,cryg10000.mtx.hgr,no,no,8,16,0.03,0.0176,1.48548,cut,1116,1079,no
rKaHyPar,cryg10000.mtx.hgr,no,no,9,16,0.03,0.0272,2.0058,cut,1099,1057,no
rKaHyPar,cryg10000.mtx.hgr,no,no,0,2,0.03,0,0.37091,cut,200,200,no
rKaHyPar,cryg10000.mtx.hgr,no,no,1,2,0.03,0,0.377685,cut,200,200,no
rKaHyPar,cryg10000.mtx.hgr,no,no,2,2,0.03,0,0.339611,cut,200,200,no
rKaHyPar,cryg10000.mtx.hgr,no,no,3,2,0.03,0,0.363368,cut,200,200,no
rKaHyPar,cryg10000.mtx.hgr,no,no,4,2,0.03,0,0.259656,cut,200,200,no
rKaHyPar,cryg10000.mtx.hgr,no,no,5,2,0.03,0,0.253764,cut,200,200,no
rKaHyPar,cryg10000.mtx.hgr,no,no,6,2,0.03,0,0.349647,cut,200,200,no
rKaHyPar,cryg10000.mtx.hgr,no,no,7,2,0.03,0,0.347517,cut,200,200,no
rKaHyPar,cryg10000.mtx.hgr,no,no,8,2,0.03,0,0.36757,cut,200,200,no
rKaHyPar,cryg10000.mtx.hgr,no,no,9,2,0.03,0,0.354298,cut,200,200,no
rKaHyPar,cryg10000.mtx.hgr,no,no,0,32,0.03,0.028754,3.05128,cut,1635,1539,no
rKaHyPar,cryg10000.mtx.hgr,no,no,1,32,0.03,0.0255591,2.2732,cut,1721,1626,no
rKaHyPar,cryg10000.mtx.hgr,no,no,2,32,0.03,0.028754,2.97381,cut,1772,1659,no
rKaHyPar,cryg10000.mtx.hgr,no,no,3,32,0.03,0.0255591,3.09096,cut,1654,1570,no
rKaHyPar,cryg10000.mtx.hgr,no,no,4,32,0.03,0.0159744,2.20162,cut,1761,1652,no
rKaHyPar,cryg10000.mtx.hgr,no,no,5,32,0.03,0.028754,2.26645,cut,1724,1620,no
rKaHyPar,cryg10000.mtx.hgr,no,no,6,32,0.03,0.028754,3.15726,cut,1762,1657,no
rKaHyPar,cryg10000.mtx.hgr,no,no,7,32,0.03,0.0255591,2.1945,cut,1665,1573,no
rKaHyPar,cryg10000.mtx.hgr,no,no,8,32,0.03,0.028754,2.35466,cut,1662,1563,no
rKaHyPar,cryg10000.mtx.hgr,no,no,9,32,0.03,0.0223642,2.1841,cut,1743,1641,no
rKaHyPar,cryg10000.mtx.hgr,no,no,0,4,0.03,0,0.694862,cut,391,387,no
rKaHyPar,cryg10000.mtx.hgr,no,no,1,4,0.03,0.0296,0.754977,cut,378,373,no
rKaHyPar,cryg10000.mtx.hgr,no,no,2,4,0.03,0,0.716141,cut,392,388,no
rKaHyPar,cryg10000.mtx.hgr,no,no,3,4,0.03,0.0088,0.580801,cut,384,380,no
rKaHyPar,cryg10000.mtx.hgr,no,no,4,4,0.03,0,0.546385,cut,386,382,no
rKaHyPar,cryg10000.mtx.hgr,no,no,5,4,0.03,0,0.530223,cut,392,388,no
rKaHyPar,cryg10000.mtx.hgr,no,no,6,4,0.03,0,0.489818,cut,392,388,no
rKaHyPar,cryg10000.mtx.hgr,no,no,7,4,0.03,0.0184,0.679285,cut,386,382,no
rKaHyPar,cryg10000.mtx.hgr,no,no,8,4,0.03,0,0.727832,cut,385,380,no
rKaHyPar,cryg10000.mtx.hgr,no,no,9,4,0.03,0,0.718446,cut,385,381,no
rKaHyPar,cryg10000.mtx.hgr,no,no,0,64,0.03,0.0254777,4.31913,cut,2414,2197,no
rKaHyPar,cryg10000.mtx.hgr,no,no,1,64,0.03,0.0254777,4.50945,cut,2484,2266,no
rKaHyPar,cryg10000.mtx.hgr,no,no,2,64,0.03,0.0254777,4.2942,cut,2502,2280,no
rKaHyPar,cryg10000.mtx.hgr,no,no,3,64,0.03,0.0254777,3.17955,cut,2387,2166,no
rKaHyPar,cryg10000.mtx.hgr,no,no,4,64,0.03,0.0254777,3.11565,cut,2509,2280,no
rKaHyPar,cryg10000.mtx.hgr,no,no,5,64,0.03,0.0254777,4.31807,cut,2561,2336,no
rKaHyPar,cryg10000.mtx.hgr,no,no,6,64,0.03,0.0254777,3.23882,cut,2529,2307,no
rKaHyPar,cryg10000.mtx.hgr,no,no,7,64,0.03,0.0254777,4.30639,cut,2546,2312,no
rKaHyPar,cryg10000.mtx.hgr,no,no,8,64,0.03,0.0254777,3.13487,cut,2409,2196,no
rKaHyPar,cryg10000.mtx.hgr,no,no,9,64,0.03,0.0254777,3.11868,cut,2494,2263,no
rKaHyPar,cryg10000.mtx.hgr,no,no,0,8,0.03,0.0272,0.923489,cut,734,720,no
rKaHyPar,cryg10000.mtx.hgr,no,no,1,8,0.03,0.028,1.22709,cut,695,679,no
rKaHyPar,cryg10000.mtx.hgr,no,no,2,8,0.03,0.0288,0.867481,cut,730,715,no
rKaHyPar,cryg10000.mtx.hgr,no,no,3,8,0.03,0.0208,0.894228,cut,731,712,no
rKaHyPar,cryg10000.mtx.hgr,no,no,4,8,0.03,0.0216,0.938432,cut,728,716,no
rKaHyPar,cryg10000.mtx.hgr,no,no,5,8,0.03,0.0136,0.905222,cut,739,724,no
rKaHyPar,cryg10000.mtx.hgr,no,no,6,8,0.03,0.0216,0.892951,cut,759,742,no
rKaHyPar,cryg10000.mtx.hgr,no,no,7,8,0.03,0.02,1.29023,cut,689,672,no
rKaHyPar,cryg10000.mtx.hgr,no,no,8,8,0.03,0.0272,0.930708,cut,723,705,no
rKaHyPar,cryg10000.mtx.hgr,no,no,9,8,0.03,0.0216,0.919409,cut,711,694,no
rKaHyPar,crystk02.mtx.hgr,no,no,0,128,0.03,0.00909091,3.59905,cut,39752,12486,no
rKaHyPar,crystk02.mtx.hgr,no,no,1,128,0.03,0.00909091,5.10856,cut,40840,12528,no
rKaHyPar,crystk02.mtx.hgr,no,no,2,128,0.03,0.00909091,4.96251,cut,40902,12414,no
rKaHyPar,crystk02.mtx.hgr,no,no,3,128,0.03,0.00909091,3.60102,cut,41043,12525,no
rKaHyPar,crystk02.mtx.hgr,no,no,4,128,0.03,0.00909091,4.92983,cut,40689,12402,no
rKaHyPar,crystk02.mtx.hgr,no,no,5,128,0.03,0.00909091,3.39578,cut,41118,12501,no
rKaHyPar,crystk02.mtx.hgr,no,no,6,128,0.03,0.00909091,3.45446,cut,40515,12543,no
rKaHyPar,crystk02.mtx.hgr,no,no,7,128,0.03,0.00909091,5.31506,cut,40981,12480,no
rKaHyPar,crystk02.mtx.hgr,no,no,8,128,0.03,0.00909091,3.40607,cut,40065,12522,no
rKaHyPar,crystk02.mtx.hgr,no,no,9,128,0.03,0.00909091,4.95712,cut,41008,12525,no
rKaHyPar,crystk02.mtx.hgr,no,no,0,16,0.03,0.0274914,2.04638,cut,8298,6432,no
rKaHyPar,crystk02.mtx.hgr,no,no,1,16,0.03,0.0274914,3.03598,cut,8259,6453,no
rKaHyPar,crystk02.mtx.hgr,no,no,2,16,0.03,0.0274914,2.02676,cut,8286,6462,no
rKaHyPar,crystk02.mtx.hgr,no,no,3,16,0.03,0.0274914,2.1089,cut,8535,6531,no
rKaHyPar,crystk02.mtx.hgr,no,no,4,16,0.03,0.0274914,2.93821,cut,8727,6528,no
rKaHyPar,crystk02.mtx.hgr,no,no,5,16,0.03,0.0274914,3.00635,cut,8175,6450,no
rKaHyPar,crystk02.mtx.hgr,no,no,6,16,0.03,0.0274914,3.08446,cut,8424,6486,no
rKaHyPar,crystk02.mtx.hgr,no,no,7,16,0.03,0.0274914,3.12672,cut,8373,6513,no
rKaHyPar,crystk02.mtx.hgr,no,no,8,16,0.03,0.0274914,2.10322,cut,8679,6600,no
rKaHyPar,crystk02.mtx.hgr,no,no,9,16,0.03,0.0274914,3.11635,cut,8769,6441,no
rKaHyPar,crystk02.mtx.hgr,no,no,0,2,0.03,0.0284978,0.799142,cut,798,798,no
rKaHyPar,crystk02.mtx.hgr,no,no,1,2,0.03,0.0284978,0.871762,cut,798,798,no
rKaHyPar,crystk02.mtx.hgr,no,no,2,2,0.03,0.0284978,0.758015,cut,798,798,no
rKaHyPar,crystk02.mtx.hgr,no,no,3,2,0.03,0.0284978,0.779233,cut,798,798,no
rKaHyPar,crystk02.mtx.hgr,no,no,4,2,0.03,0.0284978,0.55045,cut,798,798,no
rKaHyPar,crystk02.mtx.hgr,no,no,5,2,0.03,0.0284978,0.53913,cut,798,798,no
rKaHyPar,crystk02.mtx.hgr,no,no,6,2,0.03,0.0284978,0.784403,cut,798,798,no
rKaHyPar,crystk02.mtx.hgr,no,no,7,2,0.03,0.0284978,0.868203,cut,798,798,no
rKaHyPar,crystk02.mtx.hgr,no,no,8,2,0.03,0.0284978,0.860733,cut,798,798,no
rKaHyPar,crystk02.mtx.hgr,no,no,9,2,0.03,0.0284978,0.810257,cut,798,798,no
rKaHyPar,crystk02.mtx.hgr,no,no,0,32,0.03,0.0297483,3.9637,cut,15342,8721,no
rKaHyPar,crystk02.mtx.hgr,no,no,1,32,0.03,0.0297483,2.60818,cut,15057,8673,no
rKaHyPar,crystk02.mtx.hgr,no,no,2,32,0.03,0.0297483,3.82788,cut,14988,8661,no
rKaHyPar,crystk02.mtx.hgr,no,no,3,32,0.03,0.0297483,3.70507,cut,15242,8679,no
rKaHyPar,crystk02.mtx.hgr,no,no,4,32,0.03,0.0297483,2.58158,cut,14727,8685,no
rKaHyPar,crystk02.mtx.hgr,no,no,5,32,0.03,0.0297483,2.58289,cut,16005,8730,no
rKaHyPar,crystk02.mtx.hgr,no,no,6,32,0.03,0.0297483,3.9217,cut,15774,8640,no
rKaHyPar,crystk02.mtx.hgr,no,no,7,32,0.03,0.0228833,2.65517,cut,14229,8634,no
rKaHyPar,crystk02.mtx.hgr,no,no,8,32,0.03,0.0297483,2.70069,cut,14865,8682,no
rKaHyPar,crystk02.mtx.hgr,no,no,9,32,0.03,0.0228833,2.56409,cut,15765,8760,no
rKaHyPar,crystk02.mtx.hgr,no,no,0,4,0.03,0.0223368,1.48411,cut,2394,2205,no
rKaHyPar,crystk02.mtx.hgr,no,no,1,4,0.03,0.0237686,1.49967,cut,2465,2223,no
rKaHyPar,crystk02.mtx.hgr,no,no,2,4,0.03,0.0223368,1.42065,cut,2394,2205,no
rKaHyPar,crystk02.mtx.hgr,no,no,3,4,0.03,0.0223368,1.05449,cut,2394,2205,no
rKaHyPar,crystk02.mtx.hgr,no,no,4,4,0.03,0.0223368,1.05392,cut,2394,2205,no
rKaHyPar,crystk02.mtx.hgr,no,no,5,4,0.03,0.0223368,1.01551,cut,2394,2205,no
rKaHyPar,crystk02.mtx.hgr,no,no,6,4,0.03,0.0223368,1.07217,cut,2394,2205,no
rKaHyPar,crystk02.mtx.hgr,no,no,7,4,0.03,0.0223368,1.53329,cut,2436,2268,no
rKaHyPar,crystk02.mtx.hgr,no,no,8,4,0.03,0.0223368,1.58333,cut,2394,2205,no
rKaHyPar,crystk02.mtx.hgr,no,no,9,4,0.03,0.0231959,1.52307,cut,2463,2226,no
rKaHyPar,crystk02.mtx.hgr,no,no,0,64,0.03,0.0273973,4.49018,cut,24072,10410,no
rKaHyPar,crystk02.mtx.hgr,no,no,1,64,0.03,0.0273973,4.47772,cut,23729,10440,no
rKaHyPar,crystk02.mtx.hgr,no,no,2,64,0.03,0.0273973,4.3635,cut,24978,10458,no
rKaHyPar,crystk02.mtx.hgr,no,no,3,64,0.03,0.0273973,3.09711,cut,24252,10446,no
rKaHyPar,crystk02.mtx.hgr,no,no,4,64,0.03,0.0273973,3.08028,cut,23631,10437,no
rKaHyPar,crystk02.mtx.hgr,no,no,5,64,0.03,0.0273973,4.56921,cut,25182,10458,no
rKaHyPar,crystk02.mtx.hgr,no,no,6,64,0.03,0.0273973,3.10445,cut,23925,10434,no
rKaHyPar,crystk02.mtx.hgr,no,no,7,64,0.03,0.0273973,4.54466,cut,23988,10419,no
rKaHyPar,crystk02.mtx.hgr,no,no,8,64,0.03,0.0273973,3.11071,cut,23499,10422,no
rKaHyPar,crystk02.mtx.hgr,no,no,9,64,0.03,0.0273973,3.2022,cut,23685,10392,no
rKaHyPar,crystk02.mtx.hgr,no,no,0,8,0.03,0.0292096,1.48678,cut,4488,3795,no
rKaHyPar,crystk02.mtx.hgr,no,no,1,8,0.03,0.0292096,2.22311,cut,4302,3786,no
rKaHyPar,crystk02.mtx.hgr,no,no,2,8,0.03,0.0257732,1.47939,cut,4485,3813,no
rKaHyPar,crystk02.mtx.hgr,no,no,3,8,0.03,0.0292096,1.47171,cut,4308,3768,no
rKaHyPar,crystk02.mtx.hgr,no,no,4,8,0.03,0.0292096,1.49195,cut,4302,3738,no
rKaHyPar,crystk02.mtx.hgr,no,no,5,8,0.03,0.0292096,1.43517,cut,4314,3771,no
rKaHyPar,crystk02.mtx.hgr,no,no,6,8,0.03,0.0292096,1.5774,cut,4326,3765,no
rKaHyPar,crystk02.mtx.hgr,no,no,7,8,0.03,0.0292096,2.21377,cut,4644,3825,no
rKaHyPar,crystk02.mtx.hgr,no,no,8,8,0.03,0.0292096,1.53577,cut,4584,3768,no
rKaHyPar,crystk02.mtx.hgr,no,no,9,8,0.03,0.0274914,1.49538,cut,4515,3804,no
rKaHyPar,dac2012_superblue11.hgr,no,no,0,128,0.03,0.0299651,330.517,cut,80587,53554,no
rKaHyPar,dac2012_superblue11.hgr,no,no,1,128,0.03,0.0299651,463.201,cut,81684,55068,no
rKaHyPar,dac2012_superblue11.hgr,no,no,2,128,0.03,0.0299651,327.038,cut,81986,53830,no
rKaHyPar,dac2012_superblue11.hgr,no,no,3,128,0.03,0.0299651,332.439,cut,82772,54905,no
rKaHyPar,dac2012_superblue11.hgr,no,no,4,128,0.03,0.0299651,477.266,cut,80491,54412,no
rKaHyPar,dac2012_superblue11.hgr,no,no,5,128,0.03,0.0299651,330.707,cut,81889,54236,no
rKaHyPar,dac2012_superblue11.hgr,no,no,6,128,0.03,0.0299651,328.85,cut,81572,53970,no
rKaHyPar,dac2012_superblue11.hgr,no,no,7,128,0.03,0.0299651,459.211,cut,81213,54287,no
rKaHyPar,dac2012_superblue11.hgr,no,no,8,128,0.03,0.0299651,344.2,cut,83081,54081,no
rKaHyPar,dac2012_superblue11.hgr,no,no,9,128,0.03,0.0299651,468.508,cut,81434,53835,no
rKaHyPar,dac2012_superblue11.hgr,no,no,0,16,0.03,0.0299335,261.549,cut,17557,13282,no
rKaHyPar,dac2012_superblue11.hgr,no,no,1,16,0.03,0.0299839,355.372,cut,17257,13315,no
rKaHyPar,dac2012_superblue11.hgr,no,no,2,16,0.03,0.0298495,276.922,cut,17961,14111,no
rKaHyPar,dac2012_superblue11.hgr,no,no,3,16,0.03,0.0299671,261.363,cut,16972,12920,no
rKaHyPar,dac2012_superblue11.hgr,no,no,4,16,0.03,0.0299839,390.678,cut,18198,13930,no
rKaHyPar,dac2012_superblue11.hgr,no,no,5,16,0.03,0.0298159,263.635,cut,17664,13678,no
rKaHyPar,dac2012_superblue11.hgr,no,no,6,16,0.03,0.0299503,267.574,cut,18045,14121,no
rKaHyPar,dac2012_superblue11.hgr,no,no,7,16,0.03,0.0299671,379.15,cut,18053,13590,no
rKaHyPar,dac2012_superblue11.hgr,no,no,8,16,0.03,0.0299839,256.276,cut,17701,13593,no
rKaHyPar,dac2012_superblue11.hgr,no,no,9,16,0.03,0.0297823,356.292,cut,17477,13182,no
rKaHyPar,dac2012_superblue11.hgr,no,no,0,2,0.03,0.0298202,135.289,cut,1424,1424,no
rKaHyPar,dac2012_superblue11.hgr,no,no,1,2,0.03,0.0297341,137,cut,1449,1449,no
rKaHyPar,dac2012_superblue11.hgr,no,no,2,2,0.03,0.0256523,131.249,cut,1431,1431,no
rKaHyPar,dac2012_superblue11.hgr,no,no,3,2,0.03,0.0191788,235.95,cut,1867,1867,no
rKaHyPar,dac2012_superblue11.hgr,no,no,4,2,0.03,0.0214591,75.7024,cut,1312,1312,no
rKaHyPar,dac2012_superblue11.hgr,no,no,5,2,0.03,0.0196471,267.207,cut,1954,1954,no
rKaHyPar,dac2012_superblue11.hgr,no,no,6,2,0.03,0.0297992,137.429,cut,1435,1435,no
rKaHyPar,dac2012_superblue11.hgr,no,no,7,2,0.03,0.0297026,124.227,cut,1425,1425,no
rKaHyPar,dac2012_superblue11.hgr,no,no,8,2,0.03,0.0299378,201.474,cut,1314,1314,no
rKaHyPar,dac2012_superblue11.hgr,no,no,9,2,0.03,0.0293394,117.369,cut,1418,1418,no
rKaHyPar,dac2012_superblue11.hgr,no,no,0,32,0.03,0.0298327,441.826,cut,35081,27353,no
rKaHyPar,dac2012_superblue11.hgr,no,no,1,32,0.03,0.0298999,311.584,cut,35410,27268,no
rKaHyPar,dac2012_superblue11.hgr,no,no,2,32,0.03,0.0298663,468.227,cut,35314,27560,no
rKaHyPar,dac2012_superblue11.hgr,no,no,3,32,0.03,0.0296983,442.285,cut,33029,26953,no
rKaHyPar,dac2012_superblue11.hgr,no,no,4,32,0.03,0.0298999,306.275,cut,36351,27309,no
rKaHyPar,dac2012_superblue11.hgr,no,no,5,32,0.03,0.0299335,308.354,cut,33893,26736,no
rKaHyPar,dac2012_superblue11.hgr,no,no,6,32,0.03,0.0297991,453.983,cut,34670,27293,no
rKaHyPar,dac2012_superblue11.hgr,no,no,7,32,0.03,0.0299671,303.53,cut,35059,27305,no
rKaHyPar,dac2012_superblue11.hgr,no,no,8,32,0.03,0.0298999,310.124,cut,35261,26929,no
rKaHyPar,dac2012_superblue11.hgr,no,no,9,32,0.03,0.0298327,290.667,cut,34929,26906,no
rKaHyPar,dac2012_superblue11.hgr,no,no,0,4,0.03,0.0198298,218.82,cut,4273,3943,no
rKaHyPar,dac2012_superblue11.hgr,no,no,1,4,0.03,0.0287662,207.974,cut,4230,3927,no
rKaHyPar,dac2012_superblue11.hgr,no,no,2,4,0.03,0.0299924,257.399,cut,4598,4227,no
rKaHyPar,dac2012_superblue11.hgr,no,no,3,4,0.03,0.0299924,155.025,cut,4786,4608,no
rKaHyPar,dac2012_superblue11.hgr,no,no,4,4,0.03,0.0261373,140.321,cut,4248,3976,no
rKaHyPar,dac2012_superblue11.hgr,no,no,5,4,0.03,0.0278675,165.599,cut,4675,4284,no
rKaHyPar,dac2012_superblue11.hgr,no,no,6,4,0.03,0.0181248,147.099,cut,4141,3906,no
rKaHyPar,dac2012_superblue11.hgr,no,no,7,4,0.03,0.0285814,225.255,cut,3899,3584,no
rKaHyPar,dac2012_superblue11.hgr,no,no,8,4,0.03,0.0189101,209.766,cut,3713,3451,no
rKaHyPar,dac2012_superblue11.hgr,no,no,9,4,0.03,0.0295011,204.925,cut,4209,3861,no
rKaHyPar,dac2012_superblue11.hgr,no,no,0,64,0.03,0.0299671,437.986,cut,56901,40550,no
rKaHyPar,dac2012_superblue11.hgr,no,no,1,64,0.03,0.0298999,440.538,cut,54849,40568,no
rKaHyPar,dac2012_superblue11.hgr,no,no,2,64,0.03,0.0299671,436.468,cut,56494,40933,no
rKaHyPar,dac2012_superblue11.hgr,no,no,3,64,0.03,0.0299671,310.535,cut,56439,40388,no
rKaHyPar,dac2012_superblue11.hgr,no,no,4,64,0.03,0.0299671,308.287,cut,55801,41003,no
rKaHyPar,dac2012_superblue11.hgr,no,no,5,64,0.03,0.0298327,446.603,cut,54679,40253,no
rKaHyPar,dac2012_superblue11.hgr,no,no,6,64,0.03,0.0299671,315.102,cut,57150,40371,no
rKaHyPar,dac2012_superblue11.hgr,no,no,7,64,0.03,0.0299671,446.605,cut,56708,41325,no
rKaHyPar,dac2012_superblue11.hgr,no,no,8,64,0.03,0.0294967,320.974,cut,57723,40715,no
rKaHyPar,dac2012_superblue11.hgr,no,no,9,64,0.03,0.0296983,311.426,cut,55557,40558,no
rKaHyPar,dac2012_superblue11.hgr,no,no,0,8,0.03,0.0298327,299.284,cut,9394,8036,no
rKaHyPar,dac2012_superblue11.hgr,no,no,1,8,0.03,0.0298999,292.293,cut,8848,7264,no
rKaHyPar,dac2012_superblue11.hgr,no,no,2,8,0.03,0.0298999,209.548,cut,8812,7405,no
rKaHyPar,dac2012_superblue11.hgr,no,no,3,8,0.03,0.02885,218.76,cut,9359,7942,no
rKaHyPar,dac2012_superblue11.hgr,no,no,4,8,0.03,0.0298159,196.268,cut,9040,7439,no
rKaHyPar,dac2012_superblue11.hgr,no,no,5,8,0.03,0.024659,200.11,cut,8802,7305,no
rKaHyPar,dac2012_superblue11.hgr,no,no,6,8,0.03,0.0299587,289.604,cut,9094,7436,no
rKaHyPar,dac2012_superblue11.hgr,no,no,7,8,0.03,0.0299839,311.141,cut,8914,7412,no
rKaHyPar,dac2012_superblue11.hgr,no,no,8,8,0.03,0.0299923,218.981,cut,9376,7867,no
rKaHyPar,dac2012_superblue11.hgr,no,no,9,8,0.03,0.029396,204.246,cut,8476,7032,no
rKaHyPar,dac2012_superblue12.hgr,no,no,0,128,0.03,0.0299188,676.409,cut,124476,70318,no
rKaHyPar,dac2012_superblue12.hgr,no,no,1,128,0.03,0.0299188,960.531,cut,123429,69148,no
rKaHyPar,dac2012_superblue12.hgr,no,no,2,128,0.03,0.0299188,903.296,cut,124198,69306,no
rKaHyPar,dac2012_superblue12.hgr,no,no,3,128,0.03,0.0299188,672.544,cut,122501,69960,no
rKaHyPar,dac2012_superblue12.hgr,no,no,4,128,0.03,0.0299188,961.6,cut,120640,68557,no
rKaHyPar,dac2012_superblue12.hgr,no,no,5,128,0.03,0.0299188,641.42,cut,123952,69203,no
rKaHyPar,dac2012_superblue12.hgr,no,no,6,128,0.03,0.0297206,658.484,cut,119708,64955,no
rKaHyPar,dac2012_superblue12.hgr,no,no,7,128,0.03,0.0294234,939.955,cut,125238,70952,no
rKaHyPar,dac2012_superblue12.hgr,no,no,8,128,0.03,0.0298197,656.428,cut,118843,66759,no
rKaHyPar,dac2012_superblue12.hgr,no,no,9,128,0.03,0.0298197,945.675,cut,119552,65518,no
rKaHyPar,dac2012_superblue12.hgr,no,no,0,16,0.03,0.0299581,516.034,cut,29782,23794,no
rKaHyPar,dac2012_superblue12.hgr,no,no,1,16,0.03,0.0296857,760.697,cut,29196,22840,no
rKaHyPar,dac2012_superblue12.hgr,no,no,2,16,0.03,0.0269735,573.773,cut,29741,24675,no
rKaHyPar,dac2012_superblue12.hgr,no,no,3,16,0.03,0.0293018,506.268,cut,28799,23788,no
rKaHyPar,dac2012_superblue12.hgr,no,no,4,16,0.03,0.0297971,755.257,cut,29270,24598,no
rKaHyPar,dac2012_superblue12.hgr,no,no,5,16,0.03,0.0299829,520.299,cut,28236,23711,no
rKaHyPar,dac2012_superblue12.hgr,no,no,6,16,0.03,0.0299458,909.122,cut,28723,24305,no
rKaHyPar,dac2012_superblue12.hgr,no,no,7,16,0.03,0.0299953,746.092,cut,27752,24156,no
rKaHyPar,dac2012_superblue12.hgr,no,no,8,16,0.03,0.0288311,535.787,cut,28330,23411,no
rKaHyPar,dac2012_superblue12.hgr,no,no,9,16,0.03,0.029921,750.687,cut,28412,24225,no
rKaHyPar,dac2012_superblue12.hgr,no,no,0,2,0.03,0.0159513,292.747,cut,4868,4868,no
rKaHyPar,dac2012_superblue12.hgr,no,no,1,2,0.03,0,267.406,cut,4299,4299,no
rKaHyPar,dac2012_superblue12.hgr,no,no,2,2,0.03,0.0275835,287.891,cut,4839,4839,no
rKaHyPar,dac2012_superblue12.hgr,no,no,3,2,0.03,0.0299985,308.88,cut,4578,4578,no
rKaHyPar,dac2012_superblue12.hgr,no,no,4,2,0.03,0,188.667,cut,5306,5306,no
rKaHyPar,dac2012_superblue12.hgr,no,no,5,2,0.03,0.0219547,533.238,cut,5934,5934,no
rKaHyPar,dac2012_superblue12.hgr,no,no,6,2,0.03,0.0269441,310.699,cut,4506,4506,no
rKaHyPar,dac2012_superblue12.hgr,no,no,7,2,0.03,0.0180149,448.339,cut,4721,4721,no
rKaHyPar,dac2012_superblue12.hgr,no,no,8,2,0.03,0.0290634,481.972,cut,5400,5400,no
rKaHyPar,dac2012_superblue12.hgr,no,no,9,2,0.03,0.0246484,869.64,cut,5296,5296,no
rKaHyPar,dac2012_superblue12.hgr,no,no,0,32,0.03,0.0299953,886.005,cut,46233,35556,no
rKaHyPar,dac2012_superblue12.hgr,no,no,1,32,0.03,0.0299953,612.977,cut,46391,36264,no
rKaHyPar,dac2012_superblue12.hgr,no,no,2,32,0.03,0.0299953,891.069,cut,47021,36247,no
rKaHyPar,dac2012_superblue12.hgr,no,no,3,32,0.03,0.0299458,890.516,cut,49171,35042,no
rKaHyPar,dac2012_superblue12.hgr,no,no,4,32,0.03,0.0296981,593.048,cut,45719,34964,no
rKaHyPar,dac2012_superblue12.hgr,no,no,5,32,0.03,0.0299953,663.12,cut,47457,37073,no
rKaHyPar,dac2012_superblue12.hgr,no,no,6,32,0.03,0.029921,931.695,cut,45301,35318,no
rKaHyPar,dac2012_superblue12.hgr,no,no,7,32,0.03,0.0299953,803.212,cut,49573,35476,no
rKaHyPar,dac2012_superblue12.hgr,no,no,8,32,0.03,0.0299953,597.026,cut,44200,34469,no
rKaHyPar,dac2012_superblue12.hgr,no,no,9,32,0.03,0.0299953,614.196,cut,47865,36276,no
rKaHyPar,dac2012_superblue12.hgr,no,no,0,4,0.03,0.027116,471.879,cut,9390,8766,no
rKaHyPar,dac2012_superblue12.hgr,no,no,1,4,0.03,0.0292461,504.836,cut,11693,10788,no
rKaHyPar,dac2012_superblue12.hgr,no,no,2,4,0.03,0.029147,496.02,cut,10452,9625,no
rKaHyPar,dac2012_superblue12.hgr,no,no,3,4,0.03,0.0299613,316.741,cut,9756,9314,no
rKaHyPar,dac2012_superblue12.hgr,no,no,4,4,0.03,0.0265525,321.532,cut,10273,10025,no
rKaHyPar,dac2012_superblue12.hgr,no,no,5,4,0.03,0.015716,322.177,cut,10297,9400,no
rKaHyPar,dac2012_superblue12.hgr,no,no,6,4,0.03,0.0275123,359.347,cut,11511,10962,no
rKaHyPar,dac2012_superblue12.hgr,no,no,7,4,0.03,0.0233573,454.121,cut,9647,9124,no
rKaHyPar,dac2012_superblue12.hgr,no,no,8,4,0.03,0.0294443,455.66,cut,9936,9266,no
rKaHyPar,dac2012_superblue12.hgr,no,no,9,4,0.03,0.0297787,486.444,cut,10090,9152,no
rKaHyPar,dac2012_superblue12.hgr,no,no,0,64,0.03,0.0299698,936.179,cut,79845,57692,no
rKaHyPar,dac2012_superblue12.hgr,no,no,1,64,0.03,0.0299698,978.339,cut,78982,55627,no
rKaHyPar,dac2012_superblue12.hgr,no,no,2,64,0.03,0.0299698,916.611,cut,81113,54903,no
rKaHyPar,dac2012_superblue12.hgr,no,no,3,64,0.03,0.0299698,666.363,cut,79498,56267,no
rKaHyPar,dac2012_superblue12.hgr,no,no,4,64,0.03,0.0299202,699.284,cut,78695,57664,no
rKaHyPar,dac2012_superblue12.hgr,no,no,5,64,0.03,0.0299202,922.646,cut,78298,53365,no
rKaHyPar,dac2012_superblue12.hgr,no,no,6,64,0.03,0.0299698,646.064,cut,77402,54836,no
rKaHyPar,dac2012_superblue12.hgr,no,no,7,64,0.03,0.0298707,914.288,cut,80035,55078,no
rKaHyPar,dac2012_superblue12.hgr,no,no,8,64,0.03,0.0299202,659.828,cut,80306,52823,no
rKaHyPar,dac2012_superblue12.hgr,no,no,9,64,0.03,0.0299698,609.218,cut,79283,54971,no
rKaHyPar,dac2012_superblue12.hgr,no,no,0,8,0.03,0.0297166,615.831,cut,17566,15332,no
rKaHyPar,dac2012_superblue12.hgr,no,no,1,8,0.03,0.0275555,666.972,cut,18078,15297,no
rKaHyPar,dac2012_superblue12.hgr,no,no,2,8,0.03,0.0276051,474.212,cut,18016,16081,no
rKaHyPar,dac2012_superblue12.hgr,no,no,3,8,0.03,0.0298653,526.944,cut,19656,16897,no
rKaHyPar,dac2012_superblue12.hgr,no,no,4,8,0.03,0.0153011,559.133,cut,17475,16648,no
rKaHyPar,dac2012_superblue12.hgr,no,no,5,8,0.03,0.0294813,455.994,cut,17103,15662,no
rKaHyPar,dac2012_superblue12.hgr,no,no,6,8,0.03,0.0290417,644.254,cut,18365,15579,no
rKaHyPar,dac2012_superblue12.hgr,no,no,7,8,0.03,0.0200505,677.746,cut,17721,15853,no
rKaHyPar,dac2012_superblue12.hgr,no,no,8,8,0.03,0.0291531,425.052,cut,17983,15775,no
rKaHyPar,dac2012_superblue12.hgr,no,no,9,8,0.03,0.0278032,422.149,cut,17553,15761,no
rKaHyPar,dac2012_superblue14.hgr,no,no,0,128,0.03,0.0298235,227.711,cut,75088,38200,no
rKaHyPar,dac2012_superblue14.hgr,no,no,1,128,0.03,0.0298235,223.542,cut,75339,39381,no
rKaHyPar,dac2012_superblue14.hgr,no,no,2,128,0.03,0.0298235,224.774,cut,75958,38858,no
rKaHyPar,dac2012_superblue14.hgr,no,no,3,128,0.03,0.0296206,202.34,cut,78063,39548,no
rKaHyPar,dac2012_superblue14.hgr,no,no,4,128,0.03,0.0298235,318.621,cut,75084,39258,no
rKaHyPar,dac2012_superblue14.hgr,no,no,5,128,0.03,0.0298235,201.206,cut,78247,39095,no
rKaHyPar,dac2012_superblue14.hgr,no,no,6,128,0.03,0.0298235,226.39,cut,74462,39112,no
rKaHyPar,dac2012_superblue14.hgr,no,no,7,128,0.03,0.0296206,327.028,cut,76123,39353,no
rKaHyPar,dac2012_superblue14.hgr,no,no,8,128,0.03,0.0298235,222.165,cut,72382,38751,no
rKaHyPar,dac2012_superblue14.hgr,no,no,9,128,0.03,0.0298235,335.962,cut,72937,39443,no
rKaHyPar,dac2012_superblue14.hgr,no,no,0,16,0.03,0.0249835,179.708,cut,20026,15154,no
rKaHyPar,dac2012_superblue14.hgr,no,no,1,16,0.03,0.0244255,265.104,cut,20400,15698,no
rKaHyPar,dac2012_superblue14.hgr,no,no,2,16,0.03,0.0296505,181.099,cut,19275,15327,no
rKaHyPar,dac2012_superblue14.hgr,no,no,3,16,0.03,0.0299295,185.566,cut,19872,15895,no
rKaHyPar,dac2012_superblue14.hgr,no,no,4,16,0.03,0.0281794,227.318,cut,19725,15051,no
rKaHyPar,dac2012_superblue14.hgr,no,no,5,16,0.03,0.0287374,184.173,cut,19049,14372,no
rKaHyPar,dac2012_superblue14.hgr,no,no,6,16,0.03,0.0297773,182.657,cut,19806,15485,no
rKaHyPar,dac2012_superblue14.hgr,no,no,7,16,0.03,0.0283062,179.678,cut,20224,15491,no
rKaHyPar,dac2012_superblue14.hgr,no,no,8,16,0.03,0.0292193,179.688,cut,19623,15566,no
rKaHyPar,dac2012_superblue14.hgr,no,no,9,16,0.03,0.0299295,292.329,cut,21004,16188,no
rKaHyPar,dac2012_superblue14.hgr,no,no,0,2,0.03,0.00651552,97.2642,cut,3679,3679,no
rKaHyPar,dac2012_superblue14.hgr,no,no,1,2,0.03,0,65.421,cut,3961,3961,no
rKaHyPar,dac2012_superblue14.hgr,no,no,2,2,0.03,0,105.326,cut,4016,4016,no
rKaHyPar,dac2012_superblue14.hgr,no,no,3,2,0.03,0.0265028,95.6285,cut,3847,3847,no
rKaHyPar,dac2012_superblue14.hgr,no,no,4,2,0.03,0.0156182,65.1012,cut,3800,3800,no
rKaHyPar,dac2012_superblue14.hgr,no,no,5,2,0.03,0.00967023,67.8505,cut,3659,3659,no
rKaHyPar,dac2012_superblue14.hgr,no,no,6,2,0.03,0.0114806,96.0208,cut,4194,4194,no
rKaHyPar,dac2012_superblue14.hgr,no,no,7,2,0.03,0,73.6704,cut,4016,4016,no
rKaHyPar,dac2012_superblue14.hgr,no,no,8,2,0.03,0,101.726,cut,4559,4559,no
rKaHyPar,dac2012_superblue14.hgr,no,no,9,2,0.03,0.0281705,100.679,cut,3708,3708,no
rKaHyPar,dac2012_superblue14.hgr,no,no,0,32,0.03,0.0299295,208.025,cut,33156,22954,no
rKaHyPar,dac2012_superblue14.hgr,no,no,1,32,0.03,0.0299802,206.588,cut,32444,23523,no
rKaHyPar,dac2012_superblue14.hgr,no,no,2,32,0.03,0.0299802,295.217,cut,32697,23372,no
rKaHyPar,dac2012_superblue14.hgr,no,no,3,32,0.03,0.0299802,315.834,cut,33429,24196,no
rKaHyPar,dac2012_superblue14.hgr,no,no,4,32,0.03,0.0298788,178.418,cut,33077,23892,no
rKaHyPar,dac2012_superblue14.hgr,no,no,5,32,0.03,0.0299802,236.363,cut,32580,23793,no
rKaHyPar,dac2012_superblue14.hgr,no,no,6,32,0.03,0.0298788,297.239,cut,32947,22803,no
rKaHyPar,dac2012_superblue14.hgr,no,no,7,32,0.03,0.0295237,203.223,cut,32357,23594,no
rKaHyPar,dac2012_superblue14.hgr,no,no,8,32,0.03,0.0298788,205.749,cut,32950,23532,no
rKaHyPar,dac2012_superblue14.hgr,no,no,9,32,0.03,0.0299802,298.788,cut,30771,23836,no
rKaHyPar,dac2012_superblue14.hgr,no,no,0,4,0.03,0.0168927,160.563,cut,7018,6604,no
rKaHyPar,dac2012_superblue14.hgr,no,no,1,4,0.03,0.0202599,159.38,cut,7185,6642,no
rKaHyPar,dac2012_superblue14.hgr,no,no,2,4,0.03,0.00962581,157.578,cut,7003,6315,no
rKaHyPar,dac2012_superblue14.hgr,no,no,3,4,0.03,0.0267341,176.681,cut,8309,7034,no
rKaHyPar,dac2012_superblue14.hgr,no,no,4,4,0.03,0.0254596,149.414,cut,7950,7095,no
rKaHyPar,dac2012_superblue14.hgr,no,no,5,4,0.03,0.0265502,108.46,cut,6627,5974,no
rKaHyPar,dac2012_superblue14.hgr,no,no,6,4,0.03,0.0287443,109.154,cut,6964,6476,no
rKaHyPar,dac2012_superblue14.hgr,no,no,7,4,0.03,0.0213569,170.374,cut,7130,6664,no
rKaHyPar,dac2012_superblue14.hgr,no,no,8,4,0.03,0.0231958,168.84,cut,8989,7516,no
rKaHyPar,dac2012_superblue14.hgr,no,no,9,4,0.03,0.027736,160.992,cut,7486,6613,no
rKaHyPar,dac2012_superblue14.hgr,no,no,0,64,0.03,0.029928,326.644,cut,49009,30797,no
rKaHyPar,dac2012_superblue14.hgr,no,no,1,64,0.03,0.0298265,317.72,cut,52121,31493,no
rKaHyPar,dac2012_superblue14.hgr,no,no,2,64,0.03,0.029928,311.959,cut,50207,31257,no
rKaHyPar,dac2012_superblue14.hgr,no,no,3,64,0.03,0.029928,191.314,cut,49703,30444,no
rKaHyPar,dac2012_superblue14.hgr,no,no,4,64,0.03,0.029928,216.501,cut,50246,30808,no
rKaHyPar,dac2012_superblue14.hgr,no,no,5,64,0.03,0.029928,318.856,cut,49202,32870,no
rKaHyPar,dac2012_superblue14.hgr,no,no,6,64,0.03,0.0298265,216.745,cut,50530,31362,no
rKaHyPar,dac2012_superblue14.hgr,no,no,7,64,0.03,0.029928,316.212,cut,51283,31786,no
rKaHyPar,dac2012_superblue14.hgr,no,no,8,64,0.03,0.029928,317.194,cut,51032,31502,no
rKaHyPar,dac2012_superblue14.hgr,no,no,9,64,0.03,0.0298265,218.414,cut,49176,31106,no
rKaHyPar,dac2012_superblue14.hgr,no,no,0,8,0.03,0.0291309,237.144,cut,13083,11502,no
rKaHyPar,dac2012_superblue14.hgr,no,no,1,8,0.03,0.0276724,233.994,cut,12575,10877,no
rKaHyPar,dac2012_superblue14.hgr,no,no,2,8,0.03,0.0108432,230.462,cut,12865,11234,no
rKaHyPar,dac2012_superblue14.hgr,no,no,3,8,0.03,0.0270637,155.898,cut,12989,11176,no
rKaHyPar,dac2012_superblue14.hgr,no,no,4,8,0.03,0.0299299,157.716,cut,12894,11057,no
rKaHyPar,dac2012_superblue14.hgr,no,no,5,8,0.03,0.0153327,161.028,cut,13777,10918,no
rKaHyPar,dac2012_superblue14.hgr,no,no,6,8,0.03,0.0224854,233.643,cut,12535,11135,no
rKaHyPar,dac2012_superblue14.hgr,no,no,7,8,0.03,0.0289026,236.24,cut,13559,11278,no
rKaHyPar,dac2012_superblue14.hgr,no,no,8,8,0.03,0.0119973,160.524,cut,14405,11707,no
rKaHyPar,dac2012_superblue14.hgr,no,no,9,8,0.03,0.021547,161.549,cut,13606,11907,no
rKaHyPar,dac2012_superblue16.hgr,no,no,0,128,0.03,0.0298754,203.2,cut,55146,37709,no
rKaHyPar,dac2012_superblue16.hgr,no,no,1,128,0.03,0.0298754,199.412,cut,54782,37911,no
rKaHyPar,dac2012_superblue16.hgr,no,no,2,128,0.03,0.0298754,290.578,cut,54871,37879,no
rKaHyPar,dac2012_superblue16.hgr,no,no,3,128,0.03,0.0296921,203.728,cut,53404,37874,no
rKaHyPar,dac2012_superblue16.hgr,no,no,4,128,0.03,0.0298754,275.215,cut,55222,38153,no
rKaHyPar,dac2012_superblue16.hgr,no,no,5,128,0.03,0.0298754,204.861,cut,55285,38109,no
rKaHyPar,dac2012_superblue16.hgr,no,no,6,128,0.03,0.0298754,208.406,cut,55593,38307,no
rKaHyPar,dac2012_superblue16.hgr,no,no,7,128,0.03,0.0298754,286.608,cut,54792,37887,no
rKaHyPar,dac2012_superblue16.hgr,no,no,8,128,0.03,0.0298754,204.387,cut,53618,38561,no
rKaHyPar,dac2012_superblue16.hgr,no,no,9,128,0.03,0.0298754,287.731,cut,53892,38009,no
rKaHyPar,dac2012_superblue16.hgr,no,no,0,16,0.03,0.0293949,169.953,cut,21766,19541,no
rKaHyPar,dac2012_superblue16.hgr,no,no,1,16,0.03,0.0279973,228.791,cut,21161,19165,no
rKaHyPar,dac2012_superblue16.hgr,no,no,2,16,0.03,0.0299219,164.572,cut,20734,18896,no
rKaHyPar,dac2012_superblue16.hgr,no,no,3,16,0.03,0.0299906,157.385,cut,20833,19012,no
rKaHyPar,dac2012_superblue16.hgr,no,no,4,16,0.03,0.0292804,225.512,cut,20868,19075,no
rKaHyPar,dac2012_superblue16.hgr,no,no,5,16,0.03,0.0289825,171.553,cut,21287,19210,no
rKaHyPar,dac2012_superblue16.hgr,no,no,6,16,0.03,0.029899,236.205,cut,20351,18490,no
rKaHyPar,dac2012_superblue16.hgr,no,no,7,16,0.03,0.0299677,174.089,cut,20956,19383,no
rKaHyPar,dac2012_superblue16.hgr,no,no,8,16,0.03,0.0299219,161.638,cut,21315,19165,no
rKaHyPar,dac2012_superblue16.hgr,no,no,9,16,0.03,0.0298302,236.745,cut,20360,18778,no
rKaHyPar,dac2012_superblue16.hgr,no,no,0,2,0.03,0,89.0153,cut,7347,7347,no
rKaHyPar,dac2012_superblue16.hgr,no,no,1,2,0.03,0.0281983,62.5362,cut,7340,7340,no
rKaHyPar,dac2012_superblue16.hgr,no,no,2,2,0.03,0.00414698,87.6328,cut,7316,7316,no
rKaHyPar,dac2012_superblue16.hgr,no,no,3,2,0.03,0.0169488,87.0587,cut,7336,7336,no
rKaHyPar,dac2012_superblue16.hgr,no,no,4,2,0.03,0.00857462,67.1217,cut,7545,7545,no
rKaHyPar,dac2012_superblue16.hgr,no,no,5,2,0.03,0.0296417,72.811,cut,7471,7471,no
rKaHyPar,dac2012_superblue16.hgr,no,no,6,2,0.03,0.00410402,91.3891,cut,7462,7462,no
rKaHyPar,dac2012_superblue16.hgr,no,no,7,2,0.03,0.0276771,69.5223,cut,7925,7925,no
rKaHyPar,dac2012_superblue16.hgr,no,no,8,2,0.03,0.0124467,87.5124,cut,7344,7344,no
rKaHyPar,dac2012_superblue16.hgr,no,no,9,2,0.03,0.0255119,89.4112,cut,7333,7333,no
rKaHyPar,dac2012_superblue16.hgr,no,no,0,32,0.03,0.029967,175.79,cut,27909,24097,no
rKaHyPar,dac2012_superblue16.hgr,no,no,1,32,0.03,0.029967,177.807,cut,28596,24465,no
rKaHyPar,dac2012_superblue16.hgr,no,no,2,32,0.03,0.0299212,258.042,cut,28285,24184,no
rKaHyPar,dac2012_superblue16.hgr,no,no,3,32,0.03,0.0298754,257.75,cut,28221,24138,no
rKaHyPar,dac2012_superblue16.hgr,no,no,4,32,0.03,0.029967,177.105,cut,28923,24439,no
rKaHyPar,dac2012_superblue16.hgr,no,no,5,32,0.03,0.0298754,177.065,cut,27521,23860,no
rKaHyPar,dac2012_superblue16.hgr,no,no,6,32,0.03,0.0299212,249.608,cut,28252,24273,no
rKaHyPar,dac2012_superblue16.hgr,no,no,7,32,0.03,0.0299212,173.155,cut,28035,24282,no
rKaHyPar,dac2012_superblue16.hgr,no,no,8,32,0.03,0.0298754,178.451,cut,28651,24568,no
rKaHyPar,dac2012_superblue16.hgr,no,no,9,32,0.03,0.0299212,245.987,cut,28393,24886,no
rKaHyPar,dac2012_superblue16.hgr,no,no,0,4,0.03,0.012882,148.313,cut,12520,12384,no
rKaHyPar,dac2012_superblue16.hgr,no,no,1,4,0.03,0.0128934,143.645,cut,12547,12188,no
rKaHyPar,dac2012_superblue16.hgr,no,no,2,4,0.03,0.0245897,152.821,cut,12793,12380,no
rKaHyPar,dac2012_superblue16.hgr,no,no,3,4,0.03,0.0170003,159.91,cut,12692,12473,no
rKaHyPar,dac2012_superblue16.hgr,no,no,4,4,0.03,0.0160667,141.976,cut,12565,12269,no
rKaHyPar,dac2012_superblue16.hgr,no,no,5,4,0.03,0.0277401,140.56,cut,12732,12447,no
rKaHyPar,dac2012_superblue16.hgr,no,no,6,4,0.03,0.0181001,102.223,cut,12967,12412,no
rKaHyPar,dac2012_superblue16.hgr,no,no,7,4,0.03,0.0220523,142.589,cut,12243,11836,no
rKaHyPar,dac2012_superblue16.hgr,no,no,8,4,0.03,0,152.675,cut,13054,12411,no
rKaHyPar,dac2012_superblue16.hgr,no,no,9,4,0.03,0,144.227,cut,12543,12401,no
rKaHyPar,dac2012_superblue16.hgr,no,no,0,64,0.03,0.029967,274.069,cut,38446,29865,no
rKaHyPar,dac2012_superblue16.hgr,no,no,1,64,0.03,0.029967,266.003,cut,38544,29855,no
rKaHyPar,dac2012_superblue16.hgr,no,no,2,64,0.03,0.029967,268.428,cut,38861,30194,no
rKaHyPar,dac2012_superblue16.hgr,no,no,3,64,0.03,0.029967,187.305,cut,38553,29837,no
rKaHyPar,dac2012_superblue16.hgr,no,no,4,64,0.03,0.029967,186.256,cut,38419,29860,no
rKaHyPar,dac2012_superblue16.hgr,no,no,5,64,0.03,0.029967,263.841,cut,39453,29669,no
rKaHyPar,dac2012_superblue16.hgr,no,no,6,64,0.03,0.029967,190.778,cut,38369,30139,no
rKaHyPar,dac2012_superblue16.hgr,no,no,7,64,0.03,0.029967,264.689,cut,38798,30137,no
rKaHyPar,dac2012_superblue16.hgr,no,no,8,64,0.03,0.029967,274.048,cut,38378,29791,no
rKaHyPar,dac2012_superblue16.hgr,no,no,9,64,0.03,0.029967,192.148,cut,37971,29663,no
rKaHyPar,dac2012_superblue16.hgr,no,no,0,8,0.03,0.0247443,181.956,cut,16241,15524,no
rKaHyPar,dac2012_superblue16.hgr,no,no,1,8,0.03,0.00923327,183.249,cut,16173,15595,no
rKaHyPar,dac2012_superblue16.hgr,no,no,2,8,0.03,0.0282268,178.165,cut,15795,15097,no
rKaHyPar,dac2012_superblue16.hgr,no,no,3,8,0.03,0.0178365,130.073,cut,16954,16054,no
rKaHyPar,dac2012_superblue16.hgr,no,no,4,8,0.03,0.0218689,131.351,cut,16345,15398,no
rKaHyPar,dac2012_superblue16.hgr,no,no,5,8,0.03,0.0297618,130.663,cut,16788,16017,no
rKaHyPar,dac2012_superblue16.hgr,no,no,6,8,0.03,0.0298993,187.111,cut,16867,15614,no
rKaHyPar,dac2012_superblue16.hgr,no,no,7,8,0.03,0.0175386,185.074,cut,16536,15881,no
rKaHyPar,dac2012_superblue16.hgr,no,no,8,8,0.03,0.0253858,135.094,cut,16481,15452,no
rKaHyPar,dac2012_superblue16.hgr,no,no,9,8,0.03,0.0244349,129.874,cut,16001,15210,no
rKaHyPar,dac2012_superblue19.hgr,no,no,0,128,0.03,0.0298873,386.041,cut,59724,34782,no
rKaHyPar,dac2012_superblue19.hgr,no,no,1,128,0.03,0.0298873,261.373,cut,59392,34348,no
rKaHyPar,dac2012_superblue19.hgr,no,no,2,128,0.03,0.0298873,249.147,cut,60041,33980,no
rKaHyPar,dac2012_superblue19.hgr,no,no,3,128,0.03,0.0298873,249.814,cut,59439,33975,no
rKaHyPar,dac2012_superblue19.hgr,no,no,4,128,0.03,0.0298873,362.3,cut,61236,34186,no
rKaHyPar,dac2012_superblue19.hgr,no,no,5,128,0.03,0.0298873,244.552,cut,60308,33921,no
rKaHyPar,dac2012_superblue19.hgr,no,no,6,128,0.03,0.0298873,382.618,cut,59614,34402,no
rKaHyPar,dac2012_superblue19.hgr,no,no,7,128,0.03,0.0298873,362.09,cut,60406,34672,no
rKaHyPar,dac2012_superblue19.hgr,no,no,8,128,0.03,0.0298873,263.24,cut,60048,34465,no
rKaHyPar,dac2012_superblue19.hgr,no,no,9,128,0.03,0.0298873,342.971,cut,61268,33978,no
rKaHyPar,dac2012_superblue19.hgr,no,no,0,16,0.03,0.0287543,212.469,cut,17453,11893,no
rKaHyPar,dac2012_superblue19.hgr,no,no,1,16,0.03,0.0298873,303.741,cut,17022,12520,no
rKaHyPar,dac2012_superblue19.hgr,no,no,2,16,0.03,0.0297648,216.932,cut,16640,12314,no
rKaHyPar,dac2012_superblue19.hgr,no,no,3,16,0.03,0.0299792,217.711,cut,17139,12401,no
rKaHyPar,dac2012_superblue19.hgr,no,no,4,16,0.03,0.0288768,309.308,cut,16956,12604,no
rKaHyPar,dac2012_superblue19.hgr,no,no,5,16,0.03,0.0299792,211.875,cut,18581,12690,no
rKaHyPar,dac2012_superblue19.hgr,no,no,6,16,0.03,0.0299486,215.879,cut,16110,12793,no
rKaHyPar,dac2012_superblue19.hgr,no,no,7,16,0.03,0.0297954,209.149,cut,15977,12264,no
rKaHyPar,dac2012_superblue19.hgr,no,no,8,16,0.03,0.0299792,211.661,cut,17983,13135,no
rKaHyPar,dac2012_superblue19.hgr,no,no,9,16,0.03,0.0299486,310.342,cut,17052,12438,no
rKaHyPar,dac2012_superblue19.hgr,no,no,0,2,0.03,0.0249042,155.835,cut,1657,1657,no
rKaHyPar,dac2012_superblue19.hgr,no,no,1,2,0.03,0.00966158,102.799,cut,1669,1669,no
rKaHyPar,dac2012_superblue19.hgr,no,no,2,2,0.03,0.00397717,151.342,cut,1663,1663,no
rKaHyPar,dac2012_superblue19.hgr,no,no,3,2,0.03,0.0204486,100.701,cut,1657,1657,no
rKaHyPar,dac2012_superblue19.hgr,no,no,4,2,0.03,0,99.0957,cut,1663,1663,no
rKaHyPar,dac2012_superblue19.hgr,no,no,5,2,0.03,0.0160006,101.833,cut,1653,1653,no
rKaHyPar,dac2012_superblue19.hgr,no,no,6,2,0.03,0.00954291,98.5993,cut,1652,1652,no
rKaHyPar,dac2012_superblue19.hgr,no,no,7,2,0.03,0.0227032,97.189,cut,1392,1392,no
rKaHyPar,dac2012_superblue19.hgr,no,no,8,2,0.03,0.0100673,165.831,cut,1654,1654,no
rKaHyPar,dac2012_superblue19.hgr,no,no,9,2,0.03,0.0240008,182,cut,1954,1954,no
rKaHyPar,dac2012_superblue19.hgr,no,no,0,32,0.03,0.0295811,226.452,cut,26121,17852,no
rKaHyPar,dac2012_superblue19.hgr,no,no,1,32,0.03,0.0299486,225.071,cut,26994,17975,no
rKaHyPar,dac2012_superblue19.hgr,no,no,2,32,0.03,0.0299486,338.796,cut,26820,17797,no
rKaHyPar,dac2012_superblue19.hgr,no,no,3,32,0.03,0.0299486,336.041,cut,25839,18160,no
rKaHyPar,dac2012_superblue19.hgr,no,no,4,32,0.03,0.0299486,223.841,cut,25677,17975,no
rKaHyPar,dac2012_superblue19.hgr,no,no,5,32,0.03,0.0299486,225.183,cut,26338,18269,no
rKaHyPar,dac2012_superblue19.hgr,no,no,6,32,0.03,0.0299486,340.683,cut,26148,18440,no
rKaHyPar,dac2012_superblue19.hgr,no,no,7,32,0.03,0.0299486,228.31,cut,29042,18208,no
rKaHyPar,dac2012_superblue19.hgr,no,no,8,32,0.03,0.0298261,354.932,cut,23954,18465,no
rKaHyPar,dac2012_superblue19.hgr,no,no,9,32,0.03,0.0299486,335.05,cut,27300,18218,no
rKaHyPar,dac2012_superblue19.hgr,no,no,0,4,0.03,0.029911,298.7,cut,5024,4566,no
rKaHyPar,dac2012_superblue19.hgr,no,no,1,4,0.03,0.0299875,308.882,cut,5111,4715,no
rKaHyPar,dac2012_superblue19.hgr,no,no,2,4,0.03,0.0298574,204.587,cut,4592,4207,no
rKaHyPar,dac2012_superblue19.hgr,no,no,3,4,0.03,0.029888,270.431,cut,4842,4330,no
rKaHyPar,dac2012_superblue19.hgr,no,no,4,4,0.03,0.0299952,191.874,cut,5105,4607,no
rKaHyPar,dac2012_superblue19.hgr,no,no,5,4,0.03,0.0288928,167.88,cut,5906,5508,no
rKaHyPar,dac2012_superblue19.hgr,no,no,6,4,0.03,0.0296583,188.182,cut,5104,4641,no
rKaHyPar,dac2012_superblue19.hgr,no,no,7,4,0.03,0.0298344,306.433,cut,4663,4264,no
rKaHyPar,dac2012_superblue19.hgr,no,no,8,4,0.03,0.0297808,283.483,cut,4472,4182,no
rKaHyPar,dac2012_superblue19.hgr,no,no,9,4,0.03,0.0299569,283.12,cut,4521,4183,no
rKaHyPar,dac2012_superblue19.hgr,no,no,0,64,0.03,0.0298873,357.508,cut,38812,25267,no
rKaHyPar,dac2012_superblue19.hgr,no,no,1,64,0.03,0.0298873,236.387,cut,42542,25429,no
rKaHyPar,dac2012_superblue19.hgr,no,no,2,64,0.03,0.0298873,357.164,cut,38754,25057,no
rKaHyPar,dac2012_superblue19.hgr,no,no,3,64,0.03,0.0297648,236.355,cut,38950,25055,no
rKaHyPar,dac2012_superblue19.hgr,no,no,4,64,0.03,0.0298873,349.855,cut,38361,25296,no
rKaHyPar,dac2012_superblue19.hgr,no,no,5,64,0.03,0.0298873,361.881,cut,39430,25567,no
rKaHyPar,dac2012_superblue19.hgr,no,no,6,64,0.03,0.0297648,260.264,cut,37593,25929,no
rKaHyPar,dac2012_superblue19.hgr,no,no,7,64,0.03,0.0298873,236.777,cut,39688,25195,no
rKaHyPar,dac2012_superblue19.hgr,no,no,8,64,0.03,0.0298873,382.27,cut,38724,26374,no
rKaHyPar,dac2012_superblue19.hgr,no,no,9,64,0.03,0.0297648,228.824,cut,41384,25044,no
rKaHyPar,dac2012_superblue19.hgr,no,no,0,8,0.03,0.0212981,325.391,cut,10649,9047,no
rKaHyPar,dac2012_superblue19.hgr,no,no,1,8,0.03,0.0297959,310.011,cut,10075,8429,no
rKaHyPar,dac2012_superblue19.hgr,no,no,2,8,0.03,0.0297653,305.988,cut,10797,8764,no
rKaHyPar,dac2012_superblue19.hgr,no,no,3,8,0.03,0.0299643,203.685,cut,10164,8289,no
rKaHyPar,dac2012_superblue19.hgr,no,no,4,8,0.03,0.0284638,224.573,cut,10775,8573,no
rKaHyPar,dac2012_superblue19.hgr,no,no,5,8,0.03,0.0280351,211.536,cut,10307,8699,no
rKaHyPar,dac2012_superblue19.hgr,no,no,6,8,0.03,0.0257231,319.982,cut,10460,8844,no
rKaHyPar,dac2012_superblue19.hgr,no,no,7,8,0.03,0.0299184,194.768,cut,10722,8459,no
rKaHyPar,dac2012_superblue19.hgr,no,no,8,8,0.03,0.0299949,202.665,cut,10692,8873,no
rKaHyPar,dac2012_superblue19.hgr,no,no,9,8,0.03,0.0243451,210.37,cut,9999,8441,no
rKaHyPar,dac2012_superblue2.hgr,no,no,0,128,0.03,0.0298961,507.471,cut,100614,67776,no
rKaHyPar,dac2012_superblue2.hgr,no,no,1,128,0.03,0.0298961,354.266,cut,104756,64718,no
rKaHyPar,dac2012_superblue2.hgr,no,no,2,128,0.03,0.0298961,509.712,cut,104596,64890,no
rKaHyPar,dac2012_superblue2.hgr,no,no,3,128,0.03,0.0298961,350.359,cut,104518,65330,no
rKaHyPar,dac2012_superblue2.hgr,no,no,4,128,0.03,0.0298961,511.688,cut,105108,64483,no
rKaHyPar,dac2012_superblue2.hgr,no,no,5,128,0.03,0.0298961,369.855,cut,101963,67570,no
rKaHyPar,dac2012_superblue2.hgr,no,no,6,128,0.03,0.0298961,505.657,cut,104303,65347,no
rKaHyPar,dac2012_superblue2.hgr,no,no,7,128,0.03,0.0298961,503.604,cut,103436,66100,no
rKaHyPar,dac2012_superblue2.hgr,no,no,8,128,0.03,0.0298961,349.895,cut,100761,67162,no
rKaHyPar,dac2012_superblue2.hgr,no,no,9,128,0.03,0.0298961,509.38,cut,105250,66687,no
rKaHyPar,dac2012_superblue2.hgr,no,no,0,16,0.03,0.029994,296.056,cut,28528,24529,no
rKaHyPar,dac2012_superblue2.hgr,no,no,1,16,0.03,0.029994,494.556,cut,27987,24081,no
rKaHyPar,dac2012_superblue2.hgr,no,no,2,16,0.03,0.0299781,300.136,cut,29572,24411,no
rKaHyPar,dac2012_superblue2.hgr,no,no,3,16,0.03,0.029994,302.826,cut,28178,24096,no
rKaHyPar,dac2012_superblue2.hgr,no,no,4,16,0.03,0.029994,450.645,cut,29810,23779,no
rKaHyPar,dac2012_superblue2.hgr,no,no,5,16,0.03,0.0299623,340.974,cut,28395,25068,no
rKaHyPar,dac2012_superblue2.hgr,no,no,6,16,0.03,0.0299623,469.506,cut,27971,24379,no
rKaHyPar,dac2012_superblue2.hgr,no,no,7,16,0.03,0.0293605,276.383,cut,27985,23875,no
rKaHyPar,dac2012_superblue2.hgr,no,no,8,16,0.03,0.0299623,317.397,cut,28219,24345,no
rKaHyPar,dac2012_superblue2.hgr,no,no,9,16,0.03,0.029994,471.178,cut,28975,25068,no
rKaHyPar,dac2012_superblue2.hgr,no,no,0,2,0.03,0.0225849,127.01,cut,3165,3165,no
rKaHyPar,dac2012_superblue2.hgr,no,no,1,2,0.03,0.0132512,93.1998,cut,3158,3158,no
rKaHyPar,dac2012_superblue2.hgr,no,no,2,2,0.03,0.0248356,125.432,cut,3149,3149,no
rKaHyPar,dac2012_superblue2.hgr,no,no,3,2,0.03,0.014916,86.4571,cut,3284,3284,no
rKaHyPar,dac2012_superblue2.hgr,no,no,4,2,0.03,0.00426003,87.7687,cut,3190,3190,no
rKaHyPar,dac2012_superblue2.hgr,no,no,5,2,0.03,0.00759758,91.0803,cut,3213,3213,no
rKaHyPar,dac2012_superblue2.hgr,no,no,6,2,0.03,0.0120041,88.1362,cut,3188,3188,no
rKaHyPar,dac2012_superblue2.hgr,no,no,7,2,0.03,0.0183803,93.2027,cut,3163,3163,no
rKaHyPar,dac2012_superblue2.hgr,no,no,8,2,0.03,0.0109648,123.657,cut,3203,3203,no
rKaHyPar,dac2012_superblue2.hgr,no,no,9,2,0.03,0.0113865,122.255,cut,3257,3257,no
rKaHyPar,dac2012_superblue2.hgr,no,no,0,32,0.03,0.0297723,295.117,cut,46050,36370,no
rKaHyPar,dac2012_superblue2.hgr,no,no,1,32,0.03,0.029994,306.423,cut,46050,36246,no
rKaHyPar,dac2012_superblue2.hgr,no,no,2,32,0.03,0.029994,428.472,cut,45184,34503,no
rKaHyPar,dac2012_superblue2.hgr,no,no,3,32,0.03,0.0293289,449.543,cut,45207,34386,no
rKaHyPar,dac2012_superblue2.hgr,no,no,4,32,0.03,0.0299306,314.835,cut,45721,36473,no
rKaHyPar,dac2012_superblue2.hgr,no,no,5,32,0.03,0.0299306,296.309,cut,45468,35546,no
rKaHyPar,dac2012_superblue2.hgr,no,no,6,32,0.03,0.0291388,438.3,cut,45418,34815,no
rKaHyPar,dac2012_superblue2.hgr,no,no,7,32,0.03,0.0299306,304.086,cut,45374,35307,no
rKaHyPar,dac2012_superblue2.hgr,no,no,8,32,0.03,0.0298673,443.346,cut,46545,37350,no
rKaHyPar,dac2012_superblue2.hgr,no,no,9,32,0.03,0.0298673,428.044,cut,45206,35968,no
rKaHyPar,dac2012_superblue2.hgr,no,no,0,4,0.03,0.0203143,223.024,cut,6699,6086,no
rKaHyPar,dac2012_superblue2.hgr,no,no,1,4,0.03,0.0188573,230.348,cut,7011,6334,no
rKaHyPar,dac2012_superblue2.hgr,no,no,2,4,0.03,0.0194987,149.684,cut,7257,6555,no
rKaHyPar,dac2012_superblue2.hgr,no,no,3,4,0.03,0.0152149,219.819,cut,7029,6226,no
rKaHyPar,dac2012_superblue2.hgr,no,no,4,4,0.03,0.00335338,152.351,cut,6893,6132,no
rKaHyPar,dac2012_superblue2.hgr,no,no,5,4,0.03,0.0178715,162.814,cut,8803,8124,no
rKaHyPar,dac2012_superblue2.hgr,no,no,6,4,0.03,0.0062673,155.722,cut,6935,6173,no
rKaHyPar,dac2012_superblue2.hgr,no,no,7,4,0.03,0.0245189,224.264,cut,7253,6457,no
rKaHyPar,dac2012_superblue2.hgr,no,no,8,4,0.03,0.0299904,156.129,cut,7156,6303,no
rKaHyPar,dac2012_superblue2.hgr,no,no,9,4,0.03,0.0299112,219.893,cut,7318,6707,no
rKaHyPar,dac2012_superblue2.hgr,no,no,0,64,0.03,0.0299614,479.9,cut,69239,48528,no
rKaHyPar,dac2012_superblue2.hgr,no,no,1,64,0.03,0.0299614,331.795,cut,69518,48000,no
rKaHyPar,dac2012_superblue2.hgr,no,no,2,64,0.03,0.0299614,469.562,cut,70128,48195,no
rKaHyPar,dac2012_superblue2.hgr,no,no,3,64,0.03,0.0299614,329.476,cut,68247,49788,no
rKaHyPar,dac2012_superblue2.hgr,no,no,4,64,0.03,0.0299614,473.252,cut,70971,48066,no
rKaHyPar,dac2012_superblue2.hgr,no,no,5,64,0.03,0.0299614,477.967,cut,68283,48479,no
rKaHyPar,dac2012_superblue2.hgr,no,no,6,64,0.03,0.029898,337.567,cut,70608,47424,no
rKaHyPar,dac2012_superblue2.hgr,no,no,7,64,0.03,0.0299614,331.121,cut,66870,50507,no
rKaHyPar,dac2012_superblue2.hgr,no,no,8,64,0.03,0.0298347,468.401,cut,69972,47815,no
rKaHyPar,dac2012_superblue2.hgr,no,no,9,64,0.03,0.0299614,328.215,cut,70923,47857,no
rKaHyPar,dac2012_superblue2.hgr,no,no,0,8,0.03,0.0299625,895.615,cut,16839,14749,no
rKaHyPar,dac2012_superblue2.hgr,no,no,1,8,0.03,0.0291232,306.575,cut,15383,13730,no
rKaHyPar,dac2012_superblue2.hgr,no,no,2,8,0.03,0.0299071,327.364,cut,16649,14464,no
rKaHyPar,dac2012_superblue2.hgr,no,no,3,8,0.03,0.0297171,232.342,cut,15570,13725,no
rKaHyPar,dac2012_superblue2.hgr,no,no,4,8,0.03,0.0299546,249.804,cut,16058,14317,no
rKaHyPar,dac2012_superblue2.hgr,no,no,5,8,0.03,0.0299942,379.826,cut,16914,15025,no
rKaHyPar,dac2012_superblue2.hgr,no,no,6,8,0.03,0.0297408,313.592,cut,14840,13287,no
rKaHyPar,dac2012_superblue2.hgr,no,no,7,8,0.03,0.0299625,221.246,cut,14821,13164,no
rKaHyPar,dac2012_superblue2.hgr,no,no,8,8,0.03,0.0298834,255.602,cut,15491,13492,no
rKaHyPar,dac2012_superblue2.hgr,no,no,9,8,0.03,0.0299467,240.797,cut,15007,13410,no
rKaHyPar,dac2012_superblue3.hgr,no,no,0,128,0.03,0.0299777,489.132,cut,105445,47150,no
rKaHyPar,dac2012_superblue3.hgr,no,no,1,128,0.03,0.0299777,331.027,cut,106304,46639,no
rKaHyPar,dac2012_superblue3.hgr,no,no,2,128,0.03,0.0298383,338.235,cut,106913,48428,no
rKaHyPar,dac2012_superblue3.hgr,no,no,3,128,0.03,0.0298383,357.448,cut,103739,47076,no
rKaHyPar,dac2012_superblue3.hgr,no,no,4,128,0.03,0.0299777,529.851,cut,98875,46968,no
rKaHyPar,dac2012_superblue3.hgr,no,no,5,128,0.03,0.0298383,491.947,cut,107725,47448,no
rKaHyPar,dac2012_superblue3.hgr,no,no,6,128,0.03,0.0298383,486.889,cut,103805,45517,no
rKaHyPar,dac2012_superblue3.hgr,no,no,7,128,0.03,0.0299777,524.994,cut,104058,47327,no
rKaHyPar,dac2012_superblue3.hgr,no,no,8,128,0.03,0.0299777,337.485,cut,105392,45608,no
rKaHyPar,dac2012_superblue3.hgr,no,no,9,128,0.03,0.0299777,490.537,cut,100752,44107,no
rKaHyPar,dac2012_superblue3.hgr,no,no,0,16,0.03,0.0269295,279.442,cut,27945,20105,no
rKaHyPar,dac2012_superblue3.hgr,no,no,1,16,0.03,0.0298752,382.293,cut,26625,18535,no
rKaHyPar,dac2012_superblue3.hgr,no,no,2,16,0.03,0.0299101,396.89,cut,27270,19425,no
rKaHyPar,dac2012_superblue3.hgr,no,no,3,16,0.03,0.0272607,298.053,cut,27572,19707,no
rKaHyPar,dac2012_superblue3.hgr,no,no,4,16,0.03,0.0298752,410.136,cut,27988,19382,no
rKaHyPar,dac2012_superblue3.hgr,no,no,5,16,0.03,0.0294394,454.759,cut,28031,19411,no
rKaHyPar,dac2012_superblue3.hgr,no,no,6,16,0.03,0.0299798,290.224,cut,28074,19501,no
rKaHyPar,dac2012_superblue3.hgr,no,no,7,16,0.03,0.0292651,280.078,cut,26703,19375,no
rKaHyPar,dac2012_superblue3.hgr,no,no,8,16,0.03,0.0295092,288.06,cut,27986,19373,no
rKaHyPar,dac2012_superblue3.hgr,no,no,9,16,0.03,0.0299798,413.946,cut,28273,20359,no
rKaHyPar,dac2012_superblue3.hgr,no,no,0,2,0.03,0.0200034,229.756,cut,1650,1650,no
rKaHyPar,dac2012_superblue3.hgr,no,no,1,2,0.03,0.0250865,444.497,cut,3171,3171,no
rKaHyPar,dac2012_superblue3.hgr,no,no,2,2,0.03,0.0295334,253.165,cut,1988,1988,no
rKaHyPar,dac2012_superblue3.hgr,no,no,3,2,0.03,0.0299997,211.09,cut,2011,2011,no
rKaHyPar,dac2012_superblue3.hgr,no,no,4,2,0.03,0.029919,412.02,cut,2316,2316,no
rKaHyPar,dac2012_superblue3.hgr,no,no,5,2,0.03,0.0234982,167.05,cut,1651,1651,no
rKaHyPar,dac2012_superblue3.hgr,no,no,6,2,0.03,0.0201276,140.129,cut,1650,1650,no
rKaHyPar,dac2012_superblue3.hgr,no,no,7,2,0.03,0.0179052,317.378,cut,2513,2513,no
rKaHyPar,dac2012_superblue3.hgr,no,no,8,2,0.03,0.0198923,174.382,cut,1650,1650,no
rKaHyPar,dac2012_superblue3.hgr,no,no,9,2,0.03,0.0154432,280.319,cut,1981,1981,no
rKaHyPar,dac2012_superblue3.hgr,no,no,0,32,0.03,0.0299449,311.454,cut,44129,26629,no
rKaHyPar,dac2012_superblue3.hgr,no,no,1,32,0.03,0.0298055,316.224,cut,45545,27200,no
rKaHyPar,dac2012_superblue3.hgr,no,no,2,32,0.03,0.0299798,461.966,cut,43795,27252,no
rKaHyPar,dac2012_superblue3.hgr,no,no,3,32,0.03,0.0299798,449.635,cut,45106,26402,no
rKaHyPar,dac2012_superblue3.hgr,no,no,4,32,0.03,0.0299101,447.132,cut,45962,27319,no
rKaHyPar,dac2012_superblue3.hgr,no,no,5,32,0.03,0.0299798,351.116,cut,46824,28771,no
rKaHyPar,dac2012_superblue3.hgr,no,no,6,32,0.03,0.0299101,432.338,cut,45177,27269,no
rKaHyPar,dac2012_superblue3.hgr,no,no,7,32,0.03,0.0299449,311.69,cut,46218,28149,no
rKaHyPar,dac2012_superblue3.hgr,no,no,8,32,0.03,0.0299798,440.028,cut,44980,26765,no
rKaHyPar,dac2012_superblue3.hgr,no,no,9,32,0.03,0.0299101,450.495,cut,44527,26478,no
rKaHyPar,dac2012_superblue3.hgr,no,no,0,4,0.03,0.0291085,377.443,cut,8338,7943,no
rKaHyPar,dac2012_superblue3.hgr,no,no,1,4,0.03,0.0147416,542.166,cut,9034,8321,no
rKaHyPar,dac2012_superblue3.hgr,no,no,2,4,0.03,0.016537,225.886,cut,8311,7893,no
rKaHyPar,dac2012_superblue3.hgr,no,no,3,4,0.03,0.0296881,262.498,cut,7915,7440,no
rKaHyPar,dac2012_superblue3.hgr,no,no,4,4,0.03,0.0152384,222.136,cut,8765,8366,no
rKaHyPar,dac2012_superblue3.hgr,no,no,5,4,0.03,0.0254177,234.92,cut,8610,8158,no
rKaHyPar,dac2012_superblue3.hgr,no,no,6,4,0.03,0.0289212,221.057,cut,8053,7654,no
rKaHyPar,dac2012_superblue3.hgr,no,no,7,4,0.03,0.0276444,249.761,cut,7673,7227,no
rKaHyPar,dac2012_superblue3.hgr,no,no,8,4,0.03,0.0298145,228.641,cut,8277,7775,no
rKaHyPar,dac2012_superblue3.hgr,no,no,9,4,0.03,0.028468,265.439,cut,8499,7857,no
rKaHyPar,dac2012_superblue3.hgr,no,no,0,64,0.03,0.0299798,472.707,cut,71138,35790,no
rKaHyPar,dac2012_superblue3.hgr,no,no,1,64,0.03,0.0298403,309.539,cut,66830,33302,no
rKaHyPar,dac2012_superblue3.hgr,no,no,2,64,0.03,0.0299798,454.683,cut,68399,34906,no
rKaHyPar,dac2012_superblue3.hgr,no,no,3,64,0.03,0.0299798,444.38,cut,62530,33928,no
rKaHyPar,dac2012_superblue3.hgr,no,no,4,64,0.03,0.0299101,467.079,cut,68947,35212,no
rKaHyPar,dac2012_superblue3.hgr,no,no,5,64,0.03,0.0299101,453.453,cut,70964,33841,no
rKaHyPar,dac2012_superblue3.hgr,no,no,6,64,0.03,0.0299798,465.837,cut,71824,36171,no
rKaHyPar,dac2012_superblue3.hgr,no,no,7,64,0.03,0.0297009,315.147,cut,70397,35880,no
rKaHyPar,dac2012_superblue3.hgr,no,no,8,64,0.03,0.0297706,503.123,cut,65253,34327,no
rKaHyPar,dac2012_superblue3.hgr,no,no,9,64,0.03,0.0299798,320.726,cut,67220,34292,no
rKaHyPar,dac2012_superblue3.hgr,no,no,0,8,0.03,0.0296489,228.165,cut,16193,13746,no
rKaHyPar,dac2012_superblue3.hgr,no,no,1,8,0.03,0.0227116,331.833,cut,15641,13476,no
rKaHyPar,dac2012_superblue3.hgr,no,no,2,8,0.03,0.029675,369.12,cut,15612,13581,no
rKaHyPar,dac2012_superblue3.hgr,no,no,3,8,0.03,0.0294397,373.308,cut,16116,14187,no
rKaHyPar,dac2012_superblue3.hgr,no,no,4,8,0.03,0.0299452,241.536,cut,16754,14564,no
rKaHyPar,dac2012_superblue3.hgr,no,no,5,8,0.03,0.0225025,292.258,cut,16599,14267,no
rKaHyPar,dac2012_superblue3.hgr,no,no,6,8,0.03,0.0241845,252.027,cut,14907,13140,no
rKaHyPar,dac2012_superblue3.hgr,no,no,7,8,0.03,0.0232345,228.406,cut,16064,13511,no
rKaHyPar,dac2012_superblue3.hgr,no,no,8,8,0.03,0.0295791,252.756,cut,15967,13874,no
rKaHyPar,dac2012_superblue3.hgr,no,no,9,8,0.03,0.0218488,340.049,cut,16299,13982,no
rKaHyPar,dac2012_superblue6.hgr,no,no,0,128,0.03,0.0299848,508.44,cut,95931,46443,no
rKaHyPar,dac2012_superblue6.hgr,no,no,1,128,0.03,0.0299848,352.242,cut,100715,47447,no
rKaHyPar,dac2012_superblue6.hgr,no,no,2,128,0.03,0.0299848,354.329,cut,96559,45745,no
rKaHyPar,dac2012_superblue6.hgr,no,no,3,128,0.03,0.0299848,353.282,cut,97264,46275,no
rKaHyPar,dac2012_superblue6.hgr,no,no,4,128,0.03,0.0299848,497.367,cut,95992,46781,no
rKaHyPar,dac2012_superblue6.hgr,no,no,5,128,0.03,0.0299848,510.161,cut,100568,46743,no
rKaHyPar,dac2012_superblue6.hgr,no,no,6,128,0.03,0.0299848,512.073,cut,101683,47043,no
rKaHyPar,dac2012_superblue6.hgr,no,no,7,128,0.03,0.0299848,503.121,cut,97635,47358,no
rKaHyPar,dac2012_superblue6.hgr,no,no,8,128,0.03,0.0299848,349.441,cut,95413,46122,no
rKaHyPar,dac2012_superblue6.hgr,no,no,9,128,0.03,0.0299848,510.925,cut,97615,46600,no
rKaHyPar,dac2012_superblue6.hgr,no,no,0,16,0.03,0.0298755,317.566,cut,27515,19792,no
rKaHyPar,dac2012_superblue6.hgr,no,no,1,16,0.03,0.0299862,406.192,cut,26882,19387,no
rKaHyPar,dac2012_superblue6.hgr,no,no,2,16,0.03,0.0299862,442.782,cut,27193,19675,no
rKaHyPar,dac2012_superblue6.hgr,no,no,3,16,0.03,0.0299704,298.956,cut,25493,20074,no
rKaHyPar,dac2012_superblue6.hgr,no,no,4,16,0.03,0.0298123,427.292,cut,25702,20196,no
rKaHyPar,dac2012_superblue6.hgr,no,no,5,16,0.03,0.0299388,415.001,cut,27693,19988,no
rKaHyPar,dac2012_superblue6.hgr,no,no,6,16,0.03,0.029749,420.217,cut,25617,19957,no
rKaHyPar,dac2012_superblue6.hgr,no,no,7,16,0.03,0.029923,317.698,cut,25776,20017,no
rKaHyPar,dac2012_superblue6.hgr,no,no,8,16,0.03,0.029749,306.804,cut,25807,19240,no
rKaHyPar,dac2012_superblue6.hgr,no,no,9,16,0.03,0.0299862,449.684,cut,25865,19979,no
rKaHyPar,dac2012_superblue6.hgr,no,no,0,2,0.03,0,154.239,cut,2619,2619,no
rKaHyPar,dac2012_superblue6.hgr,no,no,1,2,0.03,0,100.392,cut,2631,2631,no
rKaHyPar,dac2012_superblue6.hgr,no,no,2,2,0.03,0.0078801,137.418,cut,2583,2583,no
rKaHyPar,dac2012_superblue6.hgr,no,no,3,2,0.03,0.00792162,95.5142,cut,2584,2584,no
rKaHyPar,dac2012_superblue6.hgr,no,no,4,2,0.03,0,102.087,cut,2637,2637,no
rKaHyPar,dac2012_superblue6.hgr,no,no,5,2,0.03,0.0236304,99.4045,cut,2625,2625,no
rKaHyPar,dac2012_superblue6.hgr,no,no,6,2,0.03,0.00838422,93.8576,cut,2585,2585,no
rKaHyPar,dac2012_superblue6.hgr,no,no,7,2,0.03,0.00266097,96.3351,cut,2584,2584,no
rKaHyPar,dac2012_superblue6.hgr,no,no,8,2,0.03,0.00429986,97.9471,cut,2582,2582,no
rKaHyPar,dac2012_superblue6.hgr,no,no,9,2,0.03,0.00626494,139.524,cut,2584,2584,no
rKaHyPar,dac2012_superblue6.hgr,no,no,0,32,0.03,0.0299541,309.639,cut,40582,27490,no
rKaHyPar,dac2012_superblue6.hgr,no,no,1,32,0.03,0.0299858,317.241,cut,42465,27636,no
rKaHyPar,dac2012_superblue6.hgr,no,no,2,32,0.03,0.0299858,465.755,cut,41149,27775,no
rKaHyPar,dac2012_superblue6.hgr,no,no,3,32,0.03,0.0299225,472.351,cut,40983,27241,no
rKaHyPar,dac2012_superblue6.hgr,no,no,4,32,0.03,0.029796,443.717,cut,41349,27673,no
rKaHyPar,dac2012_superblue6.hgr,no,no,5,32,0.03,0.0299858,330.153,cut,43364,27945,no
rKaHyPar,dac2012_superblue6.hgr,no,no,6,32,0.03,0.0299858,468.208,cut,42460,27516,no
rKaHyPar,dac2012_superblue6.hgr,no,no,7,32,0.03,0.0299858,306.554,cut,42230,27996,no
rKaHyPar,dac2012_superblue6.hgr,no,no,8,32,0.03,0.0299225,462.781,cut,42189,27807,no
rKaHyPar,dac2012_superblue6.hgr,no,no,9,32,0.03,0.0299541,462.305,cut,41829,28059,no
rKaHyPar,dac2012_superblue6.hgr,no,no,0,4,0.03,0.0097305,241.699,cut,6333,6105,no
rKaHyPar,dac2012_superblue6.hgr,no,no,1,4,0.03,0.0296146,242.89,cut,6463,6155,no
rKaHyPar,dac2012_superblue6.hgr,no,no,2,4,0.03,0.0295276,168.132,cut,6462,6150,no
rKaHyPar,dac2012_superblue6.hgr,no,no,3,4,0.03,0.0295948,243.141,cut,6510,6150,no
rKaHyPar,dac2012_superblue6.hgr,no,no,4,4,0.03,0.0293694,189.578,cut,6603,6278,no
rKaHyPar,dac2012_superblue6.hgr,no,no,5,4,0.03,0.0290808,169.106,cut,6461,6167,no
rKaHyPar,dac2012_superblue6.hgr,no,no,6,4,0.03,0.0295474,167.366,cut,6508,6170,no
rKaHyPar,dac2012_superblue6.hgr,no,no,7,4,0.03,0.029662,245.542,cut,6424,6151,no
rKaHyPar,dac2012_superblue6.hgr,no,no,8,4,0.03,0.0219599,170.177,cut,6614,6048,no
rKaHyPar,dac2012_superblue6.hgr,no,no,9,4,0.03,0.029832,239.669,cut,6468,6160,no
rKaHyPar,dac2012_superblue6.hgr,no,no,0,64,0.03,0.0299848,474.743,cut,62375,36434,no
rKaHyPar,dac2012_superblue6.hgr,no,no,1,64,0.03,0.0299848,333.491,cut,64924,35863,no
rKaHyPar,dac2012_superblue6.hgr,no,no,2,64,0.03,0.0299848,481.469,cut,62894,36063,no
rKaHyPar,dac2012_superblue6.hgr,no,no,3,64,0.03,0.0298583,476.418,cut,61245,37042,no
rKaHyPar,dac2012_superblue6.hgr,no,no,4,64,0.03,0.0299848,481.196,cut,63893,35281,no
rKaHyPar,dac2012_superblue6.hgr,no,no,5,64,0.03,0.0299848,480.09,cut,63149,36492,no
rKaHyPar,dac2012_superblue6.hgr,no,no,6,64,0.03,0.0299848,479.391,cut,64526,35673,no
rKaHyPar,dac2012_superblue6.hgr,no,no,7,64,0.03,0.0298583,329.703,cut,69422,37393,no
rKaHyPar,dac2012_superblue6.hgr,no,no,8,64,0.03,0.0299848,500.2,cut,64743,36634,no
rKaHyPar,dac2012_superblue6.hgr,no,no,9,64,0.03,0.0299848,334.926,cut,65492,37208,no
rKaHyPar,dac2012_superblue6.hgr,no,no,0,8,0.03,0.0299309,244.907,cut,15237,13525,no
rKaHyPar,dac2012_superblue6.hgr,no,no,1,8,0.03,0.0295909,382.199,cut,14988,13352,no
rKaHyPar,dac2012_superblue6.hgr,no,no,2,8,0.03,0.0210821,397.558,cut,14425,12835,no
rKaHyPar,dac2012_superblue6.hgr,no,no,3,8,0.03,0.0220152,345.811,cut,14725,13260,no
rKaHyPar,dac2012_superblue6.hgr,no,no,4,8,0.03,0.0282623,267.192,cut,15248,13863,no
rKaHyPar,dac2012_superblue6.hgr,no,no,5,8,0.03,0.017492,269.983,cut,15630,13807,no
rKaHyPar,dac2012_superblue6.hgr,no,no,6,8,0.03,0.028547,282.5,cut,14513,13135,no
rKaHyPar,dac2012_superblue6.hgr,no,no,7,8,0.03,0.0299467,238.996,cut,15127,13620,no
rKaHyPar,dac2012_superblue6.hgr,no,no,8,8,0.03,0.0259691,272.56,cut,16162,13944,no
rKaHyPar,dac2012_superblue6.hgr,no,no,9,8,0.03,0.0299941,409.778,cut,14586,12962,no
rKaHyPar,dac2012_superblue7.hgr,no,no,0,128,0.03,0.0298297,846.286,cut,138025,78936,no
rKaHyPar,dac2012_superblue7.hgr,no,no,1,128,0.03,0.0299238,590.47,cut,132995,76012,no
rKaHyPar,dac2012_superblue7.hgr,no,no,2,128,0.03,0.0299238,591.498,cut,139060,78528,no
rKaHyPar,dac2012_superblue7.hgr,no,no,3,128,0.03,0.0299238,592.812,cut,140320,77707,no
rKaHyPar,dac2012_superblue7.hgr,no,no,4,128,0.03,0.0299238,588.577,cut,135908,78833,no
rKaHyPar,dac2012_superblue7.hgr,no,no,5,128,0.03,0.0299238,854.746,cut,139049,78850,no
rKaHyPar,dac2012_superblue7.hgr,no,no,6,128,0.03,0.0299238,892.617,cut,137368,78727,no
rKaHyPar,dac2012_superblue7.hgr,no,no,7,128,0.03,0.0299238,595.779,cut,137731,78609,no
rKaHyPar,dac2012_superblue7.hgr,no,no,8,128,0.03,0.0299238,590.176,cut,139456,79810,no
rKaHyPar,dac2012_superblue7.hgr,no,no,9,128,0.03,0.0296415,858.739,cut,135781,79161,no
rKaHyPar,dac2012_superblue7.hgr,no,no,0,16,0.03,0.0299951,707.838,cut,33062,26539,no
rKaHyPar,dac2012_superblue7.hgr,no,no,1,16,0.03,0.0299598,598.709,cut,33182,26951,no
rKaHyPar,dac2012_superblue7.hgr,no,no,2,16,0.03,0.0299833,874.601,cut,30696,26747,no
rKaHyPar,dac2012_superblue7.hgr,no,no,3,16,0.03,0.0299951,631.335,cut,31869,25520,no
rKaHyPar,dac2012_superblue7.hgr,no,no,4,16,0.03,0.0299951,612.305,cut,29001,26574,no
rKaHyPar,dac2012_superblue7.hgr,no,no,5,16,0.03,0.0299951,930.056,cut,32101,27078,no
rKaHyPar,dac2012_superblue7.hgr,no,no,6,16,0.03,0.0299715,544.434,cut,31377,26923,no
rKaHyPar,dac2012_superblue7.hgr,no,no,7,16,0.03,0.0299833,900.276,cut,31801,27252,no
rKaHyPar,dac2012_superblue7.hgr,no,no,8,16,0.03,0.0299245,631.409,cut,32529,26635,no
rKaHyPar,dac2012_superblue7.hgr,no,no,9,16,0.03,0.0299715,826.425,cut,30946,25833,no
rKaHyPar,dac2012_superblue7.hgr,no,no,0,2,0.03,0.0283028,231.172,cut,2102,2102,no
rKaHyPar,dac2012_superblue7.hgr,no,no,1,2,0.03,0.0281308,217.574,cut,2107,2107,no
rKaHyPar,dac2012_superblue7.hgr,no,no,2,2,0.03,0.0285719,228.037,cut,2092,2092,no
rKaHyPar,dac2012_superblue7.hgr,no,no,3,2,0.03,0.0291483,164.319,cut,2090,2090,no
rKaHyPar,dac2012_superblue7.hgr,no,no,4,2,0.03,0.0291277,166.083,cut,2107,2107,no
rKaHyPar,dac2012_superblue7.hgr,no,no,5,2,0.03,0.0288248,171.531,cut,2097,2097,no
rKaHyPar,dac2012_superblue7.hgr,no,no,6,2,0.03,0.0284454,166.199,cut,2112,2112,no
rKaHyPar,dac2012_superblue7.hgr,no,no,7,2,0.03,0.0286307,231.697,cut,2102,2102,no
rKaHyPar,dac2012_superblue7.hgr,no,no,8,2,0.03,0.0284219,160.021,cut,2092,2092,no
rKaHyPar,dac2012_superblue7.hgr,no,no,9,2,0.03,0.0288733,233.913,cut,2087,2087,no
rKaHyPar,dac2012_superblue7.hgr,no,no,0,32,0.03,0.0299951,844.105,cut,52258,40787,no
rKaHyPar,dac2012_superblue7.hgr,no,no,1,32,0.03,0.0299715,605.34,cut,53097,40412,no
rKaHyPar,dac2012_superblue7.hgr,no,no,2,32,0.03,0.0299951,901.219,cut,52261,41004,no
rKaHyPar,dac2012_superblue7.hgr,no,no,3,32,0.03,0.029948,640.426,cut,53574,41610,no
rKaHyPar,dac2012_superblue7.hgr,no,no,4,32,0.03,0.0299951,898.307,cut,52941,40833,no
rKaHyPar,dac2012_superblue7.hgr,no,no,5,32,0.03,0.0299951,628.087,cut,51772,40013,no
rKaHyPar,dac2012_superblue7.hgr,no,no,6,32,0.03,0.0299951,619.75,cut,53709,40835,no
rKaHyPar,dac2012_superblue7.hgr,no,no,7,32,0.03,0.0299715,625.369,cut,55633,40800,no
rKaHyPar,dac2012_superblue7.hgr,no,no,8,32,0.03,0.0299951,1007.13,cut,52976,41728,no
rKaHyPar,dac2012_superblue7.hgr,no,no,9,32,0.03,0.0299951,612.546,cut,52550,40571,no
rKaHyPar,dac2012_superblue7.hgr,no,no,0,4,0.03,0.0250901,500.631,cut,6317,5895,no
rKaHyPar,dac2012_superblue7.hgr,no,no,1,4,0.03,0.0281484,462.416,cut,6466,5879,no
rKaHyPar,dac2012_superblue7.hgr,no,no,2,4,0.03,0.0269662,320.264,cut,6528,5914,no
rKaHyPar,dac2012_superblue7.hgr,no,no,3,4,0.03,0.024646,345.558,cut,6292,5861,no
rKaHyPar,dac2012_superblue7.hgr,no,no,4,4,0.03,0.0262987,417.887,cut,6363,5773,no
rKaHyPar,dac2012_superblue7.hgr,no,no,5,4,0.03,0.0268163,406.509,cut,6414,5770,no
rKaHyPar,dac2012_superblue7.hgr,no,no,6,4,0.03,0.0299363,374.633,cut,6225,5790,no
rKaHyPar,dac2012_superblue7.hgr,no,no,7,4,0.03,0.0298187,503.451,cut,6296,5879,no
rKaHyPar,dac2012_superblue7.hgr,no,no,8,4,0.03,0.0298952,433.839,cut,6505,5915,no
rKaHyPar,dac2012_superblue7.hgr,no,no,9,4,0.03,0.0298246,474.271,cut,6302,5890,no
rKaHyPar,dac2012_superblue7.hgr,no,no,0,64,0.03,0.0299238,842.832,cut,90777,59722,no
rKaHyPar,dac2012_superblue7.hgr,no,no,1,64,0.03,0.0298767,588.206,cut,86978,62149,no
rKaHyPar,dac2012_superblue7.hgr,no,no,2,64,0.03,0.0299238,586.957,cut,87809,59118,no
rKaHyPar,dac2012_superblue7.hgr,no,no,3,64,0.03,0.0299708,837.132,cut,90390,58876,no
rKaHyPar,dac2012_superblue7.hgr,no,no,4,64,0.03,0.0299708,836.994,cut,90623,59490,no
rKaHyPar,dac2012_superblue7.hgr,no,no,5,64,0.03,0.0299238,833.126,cut,90269,59425,no
rKaHyPar,dac2012_superblue7.hgr,no,no,6,64,0.03,0.0299708,827.601,cut,89495,60954,no
rKaHyPar,dac2012_superblue7.hgr,no,no,7,64,0.03,0.0299708,577.123,cut,88160,57857,no
rKaHyPar,dac2012_superblue7.hgr,no,no,8,64,0.03,0.0299708,594.016,cut,87400,60785,no
rKaHyPar,dac2012_superblue7.hgr,no,no,9,64,0.03,0.0299708,585.246,cut,90274,61637,no
rKaHyPar,dac2012_superblue7.hgr,no,no,0,8,0.03,0.0299951,806.105,cut,15352,14208,no
rKaHyPar,dac2012_superblue7.hgr,no,no,1,8,0.03,0.0274602,1079.05,cut,16910,15454,no
rKaHyPar,dac2012_superblue7.hgr,no,no,2,8,0.03,0.0298127,1003.65,cut,15625,14307,no
rKaHyPar,dac2012_superblue7.hgr,no,no,3,8,0.03,0.0299421,763.664,cut,16369,14312,no
rKaHyPar,dac2012_superblue7.hgr,no,no,4,8,0.03,0.0297598,498.176,cut,15882,14500,no
rKaHyPar,dac2012_superblue7.hgr,no,no,5,8,0.03,0.0299598,544.019,cut,17540,14733,no
rKaHyPar,dac2012_superblue7.hgr,no,no,6,8,0.03,0.0299539,771.308,cut,16311,14106,no
rKaHyPar,dac2012_superblue7.hgr,no,no,7,8,0.03,0.0299539,818.582,cut,15881,13793,no
rKaHyPar,dac2012_superblue7.hgr,no,no,8,8,0.03,0.0292187,496.37,cut,17027,15526,no
rKaHyPar,dac2012_superblue7.hgr,no,no,9,8,0.03,0.02499,1015.23,cut,16805,15318,no
rKaHyPar,dac2012_superblue9.hgr,no,no,0,128,0.03,0.0298621,634.394,cut,84933,46814,no
rKaHyPar,dac2012_superblue9.hgr,no,no,1,128,0.03,0.0298621,429.115,cut,85040,45884,no
rKaHyPar,dac2012_superblue9.hgr,no,no,2,128,0.03,0.0297105,414.992,cut,90870,45615,no
rKaHyPar,dac2012_superblue9.hgr,no,no,3,128,0.03,0.0298621,417.09,cut,88835,48396,no
rKaHyPar,dac2012_superblue9.hgr,no,no,4,128,0.03,0.0298621,420.942,cut,97936,45435,no
rKaHyPar,dac2012_superblue9.hgr,no,no,5,128,0.03,0.0298621,598.215,cut,86133,46262,no
rKaHyPar,dac2012_superblue9.hgr,no,no,6,128,0.03,0.0298621,608.999,cut,85327,46188,no
rKaHyPar,dac2012_superblue9.hgr,no,no,7,128,0.03,0.0298621,434.382,cut,86951,47106,no
rKaHyPar,dac2012_superblue9.hgr,no,no,8,128,0.03,0.0298621,424.247,cut,84597,47085,no
rKaHyPar,dac2012_superblue9.hgr,no,no,9,128,0.03,0.0298621,626.02,cut,85853,48196,no
rKaHyPar,dac2012_superblue9.hgr,no,no,0,16,0.03,0.0296185,440.833,cut,20757,15531,no
rKaHyPar,dac2012_superblue9.hgr,no,no,1,16,0.03,0.0299975,479.996,cut,21999,16773,no
rKaHyPar,dac2012_superblue9.hgr,no,no,2,16,0.03,0.0299217,578.867,cut,21456,16900,no
rKaHyPar,dac2012_superblue9.hgr,no,no,3,16,0.03,0.0299975,387.228,cut,19781,16612,no
rKaHyPar,dac2012_superblue9.hgr,no,no,4,16,0.03,0.0299975,524.645,cut,21644,17236,no
rKaHyPar,dac2012_superblue9.hgr,no,no,5,16,0.03,0.0298649,523.853,cut,20521,16222,no
rKaHyPar,dac2012_superblue9.hgr,no,no,6,16,0.03,0.0299975,614.477,cut,20545,16257,no
rKaHyPar,dac2012_superblue9.hgr,no,no,7,16,0.03,0.0295238,665.255,cut,21907,17071,no
rKaHyPar,dac2012_superblue9.hgr,no,no,8,16,0.03,0.0259802,543.762,cut,20925,17763,no
rKaHyPar,dac2012_superblue9.hgr,no,no,9,16,0.03,0.0299786,664.926,cut,21898,16274,no
rKaHyPar,dac2012_superblue9.hgr,no,no,0,2,0.03,0.0203332,245.014,cut,2084,2084,no
rKaHyPar,dac2012_superblue9.hgr,no,no,1,2,0.03,0.0202409,151.55,cut,1781,1781,no
rKaHyPar,dac2012_superblue9.hgr,no,no,2,2,0.03,0.0182961,148.242,cut,1788,1788,no
rKaHyPar,dac2012_superblue9.hgr,no,no,3,2,0.03,0.011531,99.0759,cut,1871,1871,no
rKaHyPar,dac2012_superblue9.hgr,no,no,4,2,0.03,0.010439,105.319,cut,1843,1843,no
rKaHyPar,dac2012_superblue9.hgr,no,no,5,2,0.03,0.0252981,174.175,cut,2190,2190,no
rKaHyPar,dac2012_superblue9.hgr,no,no,6,2,0.03,0.0208615,189.475,cut,2085,2085,no
rKaHyPar,dac2012_superblue9.hgr,no,no,7,2,0.03,0.0234789,146.306,cut,1781,1781,no
rKaHyPar,dac2012_superblue9.hgr,no,no,8,2,0.03,0.00847534,108.605,cut,1843,1843,no
rKaHyPar,dac2012_superblue9.hgr,no,no,9,2,0.03,0.00979236,166.491,cut,1843,1843,no
rKaHyPar,dac2012_superblue9.hgr,no,no,0,32,0.03,0.0298264,555.976,cut,36081,24793,no
rKaHyPar,dac2012_superblue9.hgr,no,no,1,32,0.03,0.0299401,390.979,cut,35882,25907,no
rKaHyPar,dac2012_superblue9.hgr,no,no,2,32,0.03,0.029978,578.28,cut,36504,26874,no
rKaHyPar,dac2012_superblue9.hgr,no,no,3,32,0.03,0.0297506,388.467,cut,34689,25433,no
rKaHyPar,dac2012_superblue9.hgr,no,no,4,32,0.03,0.0299401,563.208,cut,36960,25747,no
rKaHyPar,dac2012_superblue9.hgr,no,no,5,32,0.03,0.0298264,381.207,cut,35962,25083,no
rKaHyPar,dac2012_superblue9.hgr,no,no,6,32,0.03,0.0299401,380.067,cut,37976,25310,no
rKaHyPar,dac2012_superblue9.hgr,no,no,7,32,0.03,0.0295232,388.04,cut,36475,25287,no
rKaHyPar,dac2012_superblue9.hgr,no,no,8,32,0.03,0.0296748,610.993,cut,37439,27873,no
rKaHyPar,dac2012_superblue9.hgr,no,no,9,32,0.03,0.0299401,402.702,cut,36423,26068,no
rKaHyPar,dac2012_superblue9.hgr,no,no,0,4,0.03,0.0134023,281.105,cut,5662,5487,no
rKaHyPar,dac2012_superblue9.hgr,no,no,1,4,0.03,0.029775,267.723,cut,4939,4885,no
rKaHyPar,dac2012_superblue9.hgr,no,no,2,4,0.03,0.0144493,180.904,cut,5003,4851,no
rKaHyPar,dac2012_superblue9.hgr,no,no,3,4,0.03,0.0133928,187.055,cut,4840,4757,no
rKaHyPar,dac2012_superblue9.hgr,no,no,4,4,0.03,0.0133928,177.99,cut,5042,4902,no
rKaHyPar,dac2012_superblue9.hgr,no,no,5,4,0.03,0.0133976,188.468,cut,5647,5478,no
rKaHyPar,dac2012_superblue9.hgr,no,no,6,4,0.03,0.025227,180.531,cut,5705,5514,no
rKaHyPar,dac2012_superblue9.hgr,no,no,7,4,0.03,0.0241137,275.867,cut,5557,5492,no
rKaHyPar,dac2012_superblue9.hgr,no,no,8,4,0.03,0.029955,207.599,cut,5049,4913,no
rKaHyPar,dac2012_superblue9.hgr,no,no,9,4,0.03,0.0299598,280.113,cut,5374,5205,no
rKaHyPar,dac2012_superblue9.hgr,no,no,0,64,0.03,0.0297127,566.964,cut,57116,36183,no
rKaHyPar,dac2012_superblue9.hgr,no,no,1,64,0.03,0.0297885,409.183,cut,60188,35151,no
rKaHyPar,dac2012_superblue9.hgr,no,no,2,64,0.03,0.0298643,390.114,cut,63196,35307,no
rKaHyPar,dac2012_superblue9.hgr,no,no,3,64,0.03,0.0299401,617.033,cut,63557,36071,no
rKaHyPar,dac2012_superblue9.hgr,no,no,4,64,0.03,0.0298643,591.633,cut,60782,35290,no
rKaHyPar,dac2012_superblue9.hgr,no,no,5,64,0.03,0.0299401,615.741,cut,62198,35691,no
rKaHyPar,dac2012_superblue9.hgr,no,no,6,64,0.03,0.0298643,617.909,cut,59449,34721,no
rKaHyPar,dac2012_superblue9.hgr,no,no,7,64,0.03,0.0298643,394.254,cut,61670,35723,no
rKaHyPar,dac2012_superblue9.hgr,no,no,8,64,0.03,0.0297885,391.153,cut,60352,34752,no
rKaHyPar,dac2012_superblue9.hgr,no,no,9,64,0.03,0.0299401,407.883,cut,57144,37033,no
rKaHyPar,dac2012_superblue9.hgr,no,no,0,8,0.03,0.0232419,266.691,cut,10628,8842,no
rKaHyPar,dac2012_superblue9.hgr,no,no,1,8,0.03,0.0175001,387.49,cut,9842,8100,no
rKaHyPar,dac2012_superblue9.hgr,no,no,2,8,0.03,0.0294385,379.87,cut,10386,9091,no
rKaHyPar,dac2012_superblue9.hgr,no,no,3,8,0.03,0.0299691,887.965,cut,11955,10531,no
rKaHyPar,dac2012_superblue9.hgr,no,no,4,8,0.03,0.0270698,258.635,cut,11022,8699,no
rKaHyPar,dac2012_superblue9.hgr,no,no,5,8,0.03,0.0295238,319.408,cut,10249,8291,no
rKaHyPar,dac2012_superblue9.hgr,no,no,6,8,0.03,0.0298649,281.969,cut,10227,8485,no
rKaHyPar,dac2012_superblue9.hgr,no,no,7,8,0.03,0.0299786,920.692,cut,10940,9930,no
rKaHyPar,dac2012_superblue9.hgr,no,no,8,8,0.03,0.0298649,342.168,cut,10130,9090,no
rKaHyPar,dac2012_superblue9.hgr,no,no,9,8,0.03,0.0213564,381.611,cut,9626,8316,no
rKaHyPar,deltaX.mtx.hgr,no,no,0,128,0.03,0.0290698,10.275,cut,66034,42019,no
rKaHyPar,deltaX.mtx.hgr,no,no,1,128,0.03,0.0290698,10.2879,cut,66726,41956,no
rKaHyPar,deltaX.mtx.hgr,no,no,2,128,0.03,0.0290698,10.3551,cut,67194,42006,no
rKaHyPar,deltaX.mtx.hgr,no,no,3,128,0.03,0.0290698,10.2018,cut,66992,41944,no
rKaHyPar,deltaX.mtx.hgr,no,no,4,128,0.03,0.0290698,10.1855,cut,66651,41900,no
rKaHyPar,deltaX.mtx.hgr,no,no,5,128,0.03,0.0290698,14.2696,cut,66637,41891,no
rKaHyPar,deltaX.mtx.hgr,no,no,6,128,0.03,0.0290698,10.1717,cut,66733,42044,no
rKaHyPar,deltaX.mtx.hgr,no,no,7,128,0.03,0.0290698,10.219,cut,67112,41778,no
rKaHyPar,deltaX.mtx.hgr,no,no,8,128,0.03,0.0290698,10.2431,cut,66188,41679,no
rKaHyPar,deltaX.mtx.hgr,no,no,9,128,0.03,0.0290698,14.3975,cut,66922,42138,no
rKaHyPar,deltaX.mtx.hgr,no,no,0,16,0.03,0.0298616,8.4473,cut,22696,18513,no
rKaHyPar,deltaX.mtx.hgr,no,no,1,16,0.03,0.0298616,6.11786,cut,23006,18675,no
rKaHyPar,deltaX.mtx.hgr,no,no,2,16,0.03,0.0298616,8.55888,cut,22899,18746,no
rKaHyPar,deltaX.mtx.hgr,no,no,3,16,0.03,0.0298616,8.68443,cut,22492,18556,no
rKaHyPar,deltaX.mtx.hgr,no,no,4,16,0.03,0.0298616,5.72476,cut,22732,18458,no
rKaHyPar,deltaX.mtx.hgr,no,no,5,16,0.03,0.0298616,9.05205,cut,23204,18891,no
rKaHyPar,deltaX.mtx.hgr,no,no,6,16,0.03,0.0298616,6.27168,cut,23044,18728,no
rKaHyPar,deltaX.mtx.hgr,no,no,7,16,0.03,0.0298616,8.6758,cut,23001,18692,no
rKaHyPar,deltaX.mtx.hgr,no,no,8,16,0.03,0.0298616,5.97949,cut,22809,18620,no
rKaHyPar,deltaX.mtx.hgr,no,no,9,16,0.03,0.0298616,5.89271,cut,22928,18631,no
rKaHyPar,deltaX.mtx.hgr,no,no,0,2,0.03,0,1.95848,cut,615,615,no
rKaHyPar,deltaX.mtx.hgr,no,no,1,2,0.03,0,1.73189,cut,615,615,no
rKaHyPar,deltaX.mtx.hgr,no,no,2,2,0.03,0,1.98547,cut,615,615,no
rKaHyPar,deltaX.mtx.hgr,no,no,3,2,0.03,0,1.90477,cut,615,615,no
rKaHyPar,deltaX.mtx.hgr,no,no,4,2,0.03,0,1.40365,cut,615,615,no
rKaHyPar,deltaX.mtx.hgr,no,no,5,2,0.03,0,1.26777,cut,615,615,no
rKaHyPar,deltaX.mtx.hgr,no,no,6,2,0.03,0,1.77592,cut,615,615,no
rKaHyPar,deltaX.mtx.hgr,no,no,7,2,0.03,0,1.84859,cut,615,615,no
rKaHyPar,deltaX.mtx.hgr,no,no,8,2,0.03,0,1.40728,cut,615,615,no
rKaHyPar,deltaX.mtx.hgr,no,no,9,2,0.03,0,1.31153,cut,615,615,no
rKaHyPar,deltaX.mtx.hgr,no,no,0,32,0.03,0.0291121,9.92814,cut,34770,26413,no
rKaHyPar,deltaX.mtx.hgr,no,no,1,32,0.03,0.0291121,6.62223,cut,34720,26260,no
rKaHyPar,deltaX.mtx.hgr,no,no,2,32,0.03,0.0291121,6.80217,cut,34452,26203,no
rKaHyPar,deltaX.mtx.hgr,no,no,3,32,0.03,0.0291121,6.70698,cut,34356,26193,no
rKaHyPar,deltaX.mtx.hgr,no,no,4,32,0.03,0.0291121,9.65953,cut,34609,26145,no
rKaHyPar,deltaX.mtx.hgr,no,no,5,32,0.03,0.0291121,9.70646,cut,34899,26205,no
rKaHyPar,deltaX.mtx.hgr,no,no,6,32,0.03,0.0291121,6.79439,cut,35181,26353,no
rKaHyPar,deltaX.mtx.hgr,no,no,7,32,0.03,0.0291121,7.02055,cut,34067,25873,no
rKaHyPar,deltaX.mtx.hgr,no,no,8,32,0.03,0.0291121,7.04591,cut,34857,26200,no
rKaHyPar,deltaX.mtx.hgr,no,no,9,32,0.03,0.0291121,6.7979,cut,33691,26143,no
rKaHyPar,deltaX.mtx.hgr,no,no,0,4,0.03,0.0274995,4.3867,cut,5009,4858,no
rKaHyPar,deltaX.mtx.hgr,no,no,1,4,0.03,0.0205791,4.44686,cut,5000,4854,no
rKaHyPar,deltaX.mtx.hgr,no,no,2,4,0.03,0.0274995,4.31184,cut,5010,4861,no
rKaHyPar,deltaX.mtx.hgr,no,no,3,4,0.03,0.0254963,3.09511,cut,5052,4900,no
rKaHyPar,deltaX.mtx.hgr,no,no,4,4,0.03,0.0267711,3.04441,cut,4974,4859,no
rKaHyPar,deltaX.mtx.hgr,no,no,5,4,0.03,0.0298671,3.22133,cut,5026,4852,no
rKaHyPar,deltaX.mtx.hgr,no,no,6,4,0.03,0.0231288,2.9524,cut,5009,4852,no
rKaHyPar,deltaX.mtx.hgr,no,no,7,4,0.03,0.0222182,4.2541,cut,5042,4853,no
rKaHyPar,deltaX.mtx.hgr,no,no,8,4,0.03,0.020397,3.30189,cut,5170,5046,no
rKaHyPar,deltaX.mtx.hgr,no,no,9,4,0.03,0.0267711,4.19756,cut,5020,4864,no
rKaHyPar,deltaX.mtx.hgr,no,no,0,64,0.03,0.0290698,11.5238,cut,47862,33478,no
rKaHyPar,deltaX.mtx.hgr,no,no,1,64,0.03,0.0290698,11.7787,cut,47822,33885,no
rKaHyPar,deltaX.mtx.hgr,no,no,2,64,0.03,0.0290698,8.08961,cut,48604,33877,no
rKaHyPar,deltaX.mtx.hgr,no,no,3,64,0.03,0.0290698,11.5149,cut,47488,33426,no
rKaHyPar,deltaX.mtx.hgr,no,no,4,64,0.03,0.0290698,11.6671,cut,48492,33616,no
rKaHyPar,deltaX.mtx.hgr,no,no,5,64,0.03,0.0290698,11.4334,cut,47735,33159,no
rKaHyPar,deltaX.mtx.hgr,no,no,6,64,0.03,0.0290698,11.3485,cut,48888,34157,no
rKaHyPar,deltaX.mtx.hgr,no,no,7,64,0.03,0.0290698,11.6028,cut,47215,33422,no
rKaHyPar,deltaX.mtx.hgr,no,no,8,64,0.03,0.0290698,8.24208,cut,47797,33605,no
rKaHyPar,deltaX.mtx.hgr,no,no,9,64,0.03,0.0290698,8.31401,cut,47754,33560,no
rKaHyPar,deltaX.mtx.hgr,no,no,0,8,0.03,0.0298616,4.88409,cut,10722,10341,no
rKaHyPar,deltaX.mtx.hgr,no,no,1,8,0.03,0.0280408,4.60623,cut,10705,10137,no
rKaHyPar,deltaX.mtx.hgr,no,no,2,8,0.03,0.0294975,6.85497,cut,10830,10138,no
rKaHyPar,deltaX.mtx.hgr,no,no,3,8,0.03,0.0298616,6.86978,cut,10645,10190,no
rKaHyPar,deltaX.mtx.hgr,no,no,4,8,0.03,0.028405,7.46549,cut,10941,10179,no
rKaHyPar,deltaX.mtx.hgr,no,no,5,8,0.03,0.028405,4.86409,cut,10714,10155,no
rKaHyPar,deltaX.mtx.hgr,no,no,6,8,0.03,0.0294975,4.64525,cut,10781,10219,no
rKaHyPar,deltaX.mtx.hgr,no,no,7,8,0.03,0.0291333,4.76457,cut,10778,10179,no
rKaHyPar,deltaX.mtx.hgr,no,no,8,8,0.03,0.028405,4.77486,cut,10966,10152,no
rKaHyPar,deltaX.mtx.hgr,no,no,9,8,0.03,0.0229425,7.58846,cut,10974,10210,no
rKaHyPar,denormal.mtx.hgr,no,no,0,128,0.03,0.0286123,22.0813,cut,22831,20271,no
rKaHyPar,denormal.mtx.hgr,no,no,1,128,0.03,0.0286123,22.4341,cut,22020,19674,no
rKaHyPar,denormal.mtx.hgr,no,no,2,128,0.03,0.0286123,22.3016,cut,22173,19729,no
rKaHyPar,denormal.mtx.hgr,no,no,3,128,0.03,0.0286123,22.3603,cut,20570,18564,no
rKaHyPar,denormal.mtx.hgr,no,no,4,128,0.03,0.0286123,22.2544,cut,21692,19363,no
rKaHyPar,denormal.mtx.hgr,no,no,5,128,0.03,0.0286123,31.0213,cut,21339,19103,no
rKaHyPar,denormal.mtx.hgr,no,no,6,128,0.03,0.0271817,22.333,cut,21806,19519,no
rKaHyPar,denormal.mtx.hgr,no,no,7,128,0.03,0.0286123,22.3635,cut,22022,19591,no
rKaHyPar,denormal.mtx.hgr,no,no,8,128,0.03,0.0286123,22.4434,cut,20586,18551,no
rKaHyPar,denormal.mtx.hgr,no,no,9,128,0.03,0.0286123,31.174,cut,21951,19473,no
rKaHyPar,denormal.mtx.hgr,no,no,0,16,0.03,0.0297065,17.3514,cut,6764,6579,no
rKaHyPar,denormal.mtx.hgr,no,no,1,16,0.03,0.0293486,11.8534,cut,6729,6504,no
rKaHyPar,denormal.mtx.hgr,no,no,2,16,0.03,0.0268432,17.4283,cut,6680,6483,no
rKaHyPar,denormal.mtx.hgr,no,no,3,16,0.03,0.0293486,17.5932,cut,6492,6295,no
rKaHyPar,denormal.mtx.hgr,no,no,4,16,0.03,0.0263064,13.0494,cut,6534,6375,no
rKaHyPar,denormal.mtx.hgr,no,no,5,16,0.03,0.0259485,18.4739,cut,6498,6287,no
rKaHyPar,denormal.mtx.hgr,no,no,6,16,0.03,0.0216535,16.1029,cut,6805,6589,no
rKaHyPar,denormal.mtx.hgr,no,no,7,16,0.03,0.0264853,19.8003,cut,6440,6272,no
rKaHyPar,denormal.mtx.hgr,no,no,8,16,0.03,0.0298855,14.5355,cut,6424,6224,no
rKaHyPar,denormal.mtx.hgr,no,no,9,16,0.03,0.0293486,11.7335,cut,6938,6694,no
rKaHyPar,denormal.mtx.hgr,no,no,0,2,0.03,0,5.31756,cut,1192,1192,no
rKaHyPar,denormal.mtx.hgr,no,no,1,2,0.03,0,5.52611,cut,1200,1200,no
rKaHyPar,denormal.mtx.hgr,no,no,2,2,0.03,0,5.44671,cut,1200,1200,no
rKaHyPar,denormal.mtx.hgr,no,no,3,2,0.03,0,5.15259,cut,1192,1192,no
rKaHyPar,denormal.mtx.hgr,no,no,4,2,0.03,0,3.96189,cut,1200,1200,no
rKaHyPar,denormal.mtx.hgr,no,no,5,2,0.03,0,3.86313,cut,1192,1192,no
rKaHyPar,denormal.mtx.hgr,no,no,6,2,0.03,0,5.6166,cut,1200,1200,no
rKaHyPar,denormal.mtx.hgr,no,no,7,2,0.03,0,5.37867,cut,1192,1192,no
rKaHyPar,denormal.mtx.hgr,no,no,8,2,0.03,0,4.02317,cut,1200,1200,no
rKaHyPar,denormal.mtx.hgr,no,no,9,2,0.03,0,3.8346,cut,1200,1200,no
rKaHyPar,denormal.mtx.hgr,no,no,0,32,0.03,0.0282749,19.5814,cut,10274,9824,no
rKaHyPar,denormal.mtx.hgr,no,no,1,32,0.03,0.0289907,14.0456,cut,10440,9979,no
rKaHyPar,denormal.mtx.hgr,no,no,2,32,0.03,0.0250537,13.6717,cut,10132,9641,no
rKaHyPar,denormal.mtx.hgr,no,no,3,32,0.03,0.0250537,14.7377,cut,9794,9327,no
rKaHyPar,denormal.mtx.hgr,no,no,4,32,0.03,0.0297065,21.2449,cut,9686,9292,no
rKaHyPar,denormal.mtx.hgr,no,no,5,32,0.03,0.0297065,20.5008,cut,9898,9462,no
rKaHyPar,denormal.mtx.hgr,no,no,6,32,0.03,0.0289907,14.7431,cut,9908,9472,no
rKaHyPar,denormal.mtx.hgr,no,no,7,32,0.03,0.0289907,14.7613,cut,9822,9391,no
rKaHyPar,denormal.mtx.hgr,no,no,8,32,0.03,0.0282749,15.5824,cut,9580,9185,no
rKaHyPar,denormal.mtx.hgr,no,no,9,32,0.03,0.0268432,14.4724,cut,10344,9839,no
rKaHyPar,denormal.mtx.hgr,no,no,0,4,0.03,0.0266219,9.74721,cut,2334,2313,no
rKaHyPar,denormal.mtx.hgr,no,no,1,4,0.03,0.0248322,11.7231,cut,2314,2292,no
rKaHyPar,denormal.mtx.hgr,no,no,2,4,0.03,0.0277852,11.4963,cut,2304,2288,no
rKaHyPar,denormal.mtx.hgr,no,no,3,4,0.03,0,8.87225,cut,2292,2272,no
rKaHyPar,denormal.mtx.hgr,no,no,4,4,0.03,0.0256823,9.37748,cut,2308,2283,no
rKaHyPar,denormal.mtx.hgr,no,no,5,4,0.03,0,6.82546,cut,2332,2311,no
rKaHyPar,denormal.mtx.hgr,no,no,6,4,0.03,0.0268904,9.04172,cut,2284,2268,no
rKaHyPar,denormal.mtx.hgr,no,no,7,4,0.03,0,9.7019,cut,2344,2327,no
rKaHyPar,denormal.mtx.hgr,no,no,8,4,0.03,0.01566,9.3424,cut,2286,2260,no
rKaHyPar,denormal.mtx.hgr,no,no,9,4,0.03,0,9.4752,cut,2352,2332,no
rKaHyPar,denormal.mtx.hgr,no,no,0,64,0.03,0.0293486,23.5379,cut,14968,13923,no
rKaHyPar,denormal.mtx.hgr,no,no,1,64,0.03,0.0243379,23.8273,cut,14949,13846,no
rKaHyPar,denormal.mtx.hgr,no,no,2,64,0.03,0.0286328,17.2102,cut,15036,13950,no
rKaHyPar,denormal.mtx.hgr,no,no,3,64,0.03,0.027917,24.4109,cut,14073,13112,no
rKaHyPar,denormal.mtx.hgr,no,no,4,64,0.03,0.027917,24.5357,cut,14528,13537,no
rKaHyPar,denormal.mtx.hgr,no,no,5,64,0.03,0.0264853,24.6353,cut,14340,13301,no
rKaHyPar,denormal.mtx.hgr,no,no,6,64,0.03,0.0293486,23.9084,cut,14998,13925,no
rKaHyPar,denormal.mtx.hgr,no,no,7,64,0.03,0.0293486,23.5816,cut,15345,14210,no
rKaHyPar,denormal.mtx.hgr,no,no,8,64,0.03,0.027917,17.6635,cut,14578,13508,no
rKaHyPar,denormal.mtx.hgr,no,no,9,64,0.03,0.0293486,17.3971,cut,15370,14203,no
rKaHyPar,denormal.mtx.hgr,no,no,0,8,0.03,0.0289933,12.1195,cut,4310,4243,no
rKaHyPar,denormal.mtx.hgr,no,no,1,8,0.03,0.02783,12.4268,cut,4212,4145,no
rKaHyPar,denormal.mtx.hgr,no,no,2,8,0.03,0.0145861,16.5475,cut,4230,4152,no
rKaHyPar,denormal.mtx.hgr,no,no,3,8,0.03,0.0291723,18.1401,cut,4042,3966,no
rKaHyPar,denormal.mtx.hgr,no,no,4,8,0.03,0.0231767,15.3643,cut,4208,4142,no
rKaHyPar,denormal.mtx.hgr,no,no,5,8,0.03,0.0283669,11.367,cut,4332,4271,no
rKaHyPar,denormal.mtx.hgr,no,no,6,8,0.03,0.027472,12.5348,cut,4160,4096,no
rKaHyPar,denormal.mtx.hgr,no,no,7,8,0.03,0.0253244,11.0706,cut,4404,4332,no
rKaHyPar,denormal.mtx.hgr,no,no,8,8,0.03,0.0285459,14.4355,cut,4042,3946,no
rKaHyPar,denormal.mtx.hgr,no,no,9,8,0.03,0.0299776,18.2762,cut,4252,4159,no
rKaHyPar,dictionary28.mtx.hgr,no,no,0,128,0.03,0.0291262,8.41476,cut,26315,8855,no
rKaHyPar,dictionary28.mtx.hgr,no,no,1,128,0.03,0.0291262,8.40963,cut,25973,8770,no
rKaHyPar,dictionary28.mtx.hgr,no,no,2,128,0.03,0.0291262,11.8204,cut,27169,8816,no
rKaHyPar,dictionary28.mtx.hgr,no,no,3,128,0.03,0.0242718,8.35255,cut,25373,8792,no
rKaHyPar,dictionary28.mtx.hgr,no,no,4,128,0.03,0.0291262,8.3068,cut,26198,8780,no
rKaHyPar,dictionary28.mtx.hgr,no,no,5,128,0.03,0.0291262,8.43434,cut,25879,8799,no
rKaHyPar,dictionary28.mtx.hgr,no,no,6,128,0.03,0.0291262,8.68204,cut,26273,8824,no
rKaHyPar,dictionary28.mtx.hgr,no,no,7,128,0.03,0.0291262,8.20051,cut,26957,8833,no
rKaHyPar,dictionary28.mtx.hgr,no,no,8,128,0.03,0.0291262,12.181,cut,26640,8800,no
rKaHyPar,dictionary28.mtx.hgr,no,no,9,128,0.03,0.0291262,11.7534,cut,26130,8778,no
rKaHyPar,dictionary28.mtx.hgr,no,no,0,16,0.03,0.0294743,7.40335,cut,9966,5436,no
rKaHyPar,dictionary28.mtx.hgr,no,no,1,16,0.03,0.0185354,5.27996,cut,8741,5451,no
rKaHyPar,dictionary28.mtx.hgr,no,no,2,16,0.03,0.0249164,7.29056,cut,9006,5528,no
rKaHyPar,dictionary28.mtx.hgr,no,no,3,16,0.03,0.00972349,7.58716,cut,9364,5509,no
rKaHyPar,dictionary28.mtx.hgr,no,no,4,16,0.03,0.0191431,5.34269,cut,9352,5500,no
rKaHyPar,dictionary28.mtx.hgr,no,no,5,16,0.03,0.0255242,6.94667,cut,9440,5436,no
rKaHyPar,dictionary28.mtx.hgr,no,no,6,16,0.03,0.0212701,5.24112,cut,8885,5504,no
rKaHyPar,dictionary28.mtx.hgr,no,no,7,16,0.03,0.0233971,6.91619,cut,9385,5423,no
rKaHyPar,dictionary28.mtx.hgr,no,no,8,16,0.03,0.027955,5.13782,cut,9569,5468,no
rKaHyPar,dictionary28.mtx.hgr,no,no,9,16,0.03,0.0218778,5.12061,cut,9374,5450,no
rKaHyPar,dictionary28.mtx.hgr,no,no,0,2,0.03,0,1.41274,cut,0,0,no
rKaHyPar,dictionary28.mtx.hgr,no,no,1,2,0.03,0,1.4248,cut,0,0,no
rKaHyPar,dictionary28.mtx.hgr,no,no,2,2,0.03,0,0.986124,cut,0,0,no
rKaHyPar,dictionary28.mtx.hgr,no,no,3,2,0.03,0,1.41882,cut,0,0,no
rKaHyPar,dictionary28.mtx.hgr,no,no,4,2,0.03,0,1.04872,cut,0,0,no
rKaHyPar,dictionary28.mtx.hgr,no,no,5,2,0.03,0,1.03108,cut,0,0,no
rKaHyPar,dictionary28.mtx.hgr,no,no,6,2,0.03,0,1.48519,cut,0,0,no
rKaHyPar,dictionary28.mtx.hgr,no,no,7,2,0.03,0,1.34846,cut,0,0,no
rKaHyPar,dictionary28.mtx.hgr,no,no,8,2,0.03,0,1.01173,cut,0,0,no
rKaHyPar,dictionary28.mtx.hgr,no,no,9,2,0.03,0,1.01237,cut,0,0,no
rKaHyPar,dictionary28.mtx.hgr,no,no,0,32,0.03,0.0291616,8.91933,cut,15219,6547,no
rKaHyPar,dictionary28.mtx.hgr,no,no,1,32,0.03,0.0291616,8.47379,cut,13466,6603,no
rKaHyPar,dictionary28.mtx.hgr,no,no,2,32,0.03,0.0297691,6.42494,cut,14305,6532,no
rKaHyPar,dictionary28.mtx.hgr,no,no,3,32,0.03,0.0291616,6.44099,cut,13949,6590,no
rKaHyPar,dictionary28.mtx.hgr,no,no,4,32,0.03,0.0285541,6.26745,cut,13740,6661,no
rKaHyPar,dictionary28.mtx.hgr,no,no,5,32,0.03,0.0285541,8.84824,cut,13535,6537,no
rKaHyPar,dictionary28.mtx.hgr,no,no,6,32,0.03,0.0297691,6.4223,cut,14406,6573,no
rKaHyPar,dictionary28.mtx.hgr,no,no,7,32,0.03,0.0297691,6.01291,cut,14085,6588,no
rKaHyPar,dictionary28.mtx.hgr,no,no,8,32,0.03,0.0285541,6.22734,cut,13083,6535,no
rKaHyPar,dictionary28.mtx.hgr,no,no,9,32,0.03,0.0291616,6.38315,cut,13627,6637,no
rKaHyPar,dictionary28.mtx.hgr,no,no,0,4,0.03,0.0278052,7.85454,cut,1978,1978,no
rKaHyPar,dictionary28.mtx.hgr,no,no,1,4,0.03,0.0279572,5.99401,cut,1998,1998,no
rKaHyPar,dictionary28.mtx.hgr,no,no,2,4,0.03,0.0299324,7.20696,cut,2006,2006,no
rKaHyPar,dictionary28.mtx.hgr,no,no,3,4,0.03,0.0299324,6.00744,cut,2199,2199,no
rKaHyPar,dictionary28.mtx.hgr,no,no,4,4,0.03,0.0287928,7.51705,cut,2009,2009,no
rKaHyPar,dictionary28.mtx.hgr,no,no,5,4,0.03,0.0296285,4.7518,cut,1969,1969,no
rKaHyPar,dictionary28.mtx.hgr,no,no,6,4,0.03,0.0287928,5.75494,cut,2005,2005,no
rKaHyPar,dictionary28.mtx.hgr,no,no,7,4,0.03,0.0299324,5.91725,cut,2032,2032,no
rKaHyPar,dictionary28.mtx.hgr,no,no,8,4,0.03,0.0296285,5.69243,cut,1975,1975,no
rKaHyPar,dictionary28.mtx.hgr,no,no,9,4,0.03,0.0299324,7.68772,cut,1972,1972,no
rKaHyPar,dictionary28.mtx.hgr,no,no,0,64,0.03,0.0291616,10.0944,cut,19604,7719,no
rKaHyPar,dictionary28.mtx.hgr,no,no,1,64,0.03,0.0291616,9.95283,cut,19459,7612,no
rKaHyPar,dictionary28.mtx.hgr,no,no,2,64,0.03,0.0291616,7.21839,cut,20838,7648,no
rKaHyPar,dictionary28.mtx.hgr,no,no,3,64,0.03,0.0279465,10.1365,cut,19182,7662,no
rKaHyPar,dictionary28.mtx.hgr,no,no,4,64,0.03,0.0291616,9.90583,cut,18996,7691,no
rKaHyPar,dictionary28.mtx.hgr,no,no,5,64,0.03,0.0279465,10.0249,cut,19150,7698,no
rKaHyPar,dictionary28.mtx.hgr,no,no,6,64,0.03,0.0291616,10.5523,cut,19177,7649,no
rKaHyPar,dictionary28.mtx.hgr,no,no,7,64,0.03,0.0291616,10.3076,cut,20101,7695,no
rKaHyPar,dictionary28.mtx.hgr,no,no,8,64,0.03,0.0291616,7.40084,cut,19832,7685,no
rKaHyPar,dictionary28.mtx.hgr,no,no,9,64,0.03,0.0291616,9.98808,cut,19402,7713,no
rKaHyPar,dictionary28.mtx.hgr,no,no,0,8,0.03,0.0296263,4.245,cut,5212,4252,no
rKaHyPar,dictionary28.mtx.hgr,no,no,1,8,0.03,0.0293224,4.14467,cut,5252,4284,no
rKaHyPar,dictionary28.mtx.hgr,no,no,2,8,0.03,0.0296263,5.78295,cut,5255,4316,no
rKaHyPar,dictionary28.mtx.hgr,no,no,3,8,0.03,0.0293224,6.11324,cut,5481,4334,no
rKaHyPar,dictionary28.mtx.hgr,no,no,4,8,0.03,0.0294743,5.98215,cut,4962,4071,no
rKaHyPar,dictionary28.mtx.hgr,no,no,5,8,0.03,0.0294743,4.50028,cut,4788,3995,no
rKaHyPar,dictionary28.mtx.hgr,no,no,6,8,0.03,0.0291705,4.25767,cut,5202,4268,no
rKaHyPar,dictionary28.mtx.hgr,no,no,7,8,0.03,0.0293224,4.33032,cut,5234,4246,no
rKaHyPar,dictionary28.mtx.hgr,no,no,8,8,0.03,0.0208143,4.11733,cut,5249,4351,no
rKaHyPar,dictionary28.mtx.hgr,no,no,9,8,0.03,0.0287147,5.88715,cut,4867,3988,no
rKaHyPar,dielFilterV2clx.mtx.hgr,no,no,0,128,0.03,0.029511,161.608,cut,433702,188194,no
rKaHyPar,dielFilterV2clx.mtx.hgr,no,no,1,128,0.03,0.0299325,161.582,cut,433778,185294,no
rKaHyPar,dielFilterV2clx.mtx.hgr,no,no,2,128,0.03,0.0299325,215.293,cut,447210,187526,no
rKaHyPar,dielFilterV2clx.mtx.hgr,no,no,3,128,0.03,0.0299325,156.675,cut,442682,186788,no
rKaHyPar,dielFilterV2clx.mtx.hgr,no,no,4,128,0.03,0.0299325,153.629,cut,429270,187180,no
rKaHyPar,dielFilterV2clx.mtx.hgr,no,no,5,128,0.03,0.0299325,164.394,cut,452876,187536,no
rKaHyPar,dielFilterV2clx.mtx.hgr,no,no,6,128,0.03,0.0299325,152.922,cut,409386,187278,no
rKaHyPar,dielFilterV2clx.mtx.hgr,no,no,7,128,0.03,0.0299325,160.771,cut,443942,186770,no
rKaHyPar,dielFilterV2clx.mtx.hgr,no,no,8,128,0.03,0.0299325,158.841,cut,436270,187832,no
rKaHyPar,dielFilterV2clx.mtx.hgr,no,no,9,128,0.03,0.0299325,222.132,cut,398946,185474,no
rKaHyPar,dielFilterV2clx.mtx.hgr,no,no,0,16,0.03,0.0293529,212.104,cut,80912,62924,no
rKaHyPar,dielFilterV2clx.mtx.hgr,no,no,1,16,0.03,0.0299325,136.273,cut,105824,63736,no
rKaHyPar,dielFilterV2clx.mtx.hgr,no,no,2,16,0.03,0.0298798,213.264,cut,101582,62300,no
rKaHyPar,dielFilterV2clx.mtx.hgr,no,no,3,16,0.03,0.0293529,223.216,cut,92510,63604,no
rKaHyPar,dielFilterV2clx.mtx.hgr,no,no,4,16,0.03,0.0299852,182.137,cut,82934,62916,no
rKaHyPar,dielFilterV2clx.mtx.hgr,no,no,5,16,0.03,0.0298798,223.135,cut,89960,62592,no
rKaHyPar,dielFilterV2clx.mtx.hgr,no,no,6,16,0.03,0.0288786,231.447,cut,88456,62694,no
rKaHyPar,dielFilterV2clx.mtx.hgr,no,no,7,16,0.03,0.0298272,213.193,cut,94410,64072,no
rKaHyPar,dielFilterV2clx.mtx.hgr,no,no,8,16,0.03,0.0271395,157.676,cut,95952,62822,no
rKaHyPar,dielFilterV2clx.mtx.hgr,no,no,9,16,0.03,0.0299852,160.12,cut,90540,61916,no
rKaHyPar,dielFilterV2clx.mtx.hgr,no,no,0,2,0.03,0.015849,68.5747,cut,2484,2484,no
rKaHyPar,dielFilterV2clx.mtx.hgr,no,no,1,2,0.03,0.015849,69.4954,cut,2484,2484,no
rKaHyPar,dielFilterV2clx.mtx.hgr,no,no,2,2,0.03,0.0158358,42.3861,cut,2484,2484,no
rKaHyPar,dielFilterV2clx.mtx.hgr,no,no,3,2,0.03,0.0158424,63.9306,cut,2484,2484,no
rKaHyPar,dielFilterV2clx.mtx.hgr,no,no,4,2,0.03,0.0158358,48.5975,cut,2484,2484,no
rKaHyPar,dielFilterV2clx.mtx.hgr,no,no,5,2,0.03,0.0158556,47.932,cut,2484,2484,no
rKaHyPar,dielFilterV2clx.mtx.hgr,no,no,6,2,0.03,0.0158621,60.6069,cut,2484,2484,no
rKaHyPar,dielFilterV2clx.mtx.hgr,no,no,7,2,0.03,0.0158358,64.5549,cut,2484,2484,no
rKaHyPar,dielFilterV2clx.mtx.hgr,no,no,8,2,0.03,0.0158358,46.9143,cut,2484,2484,no
rKaHyPar,dielFilterV2clx.mtx.hgr,no,no,9,2,0.03,0.0158621,51.7543,cut,2484,2484,no
rKaHyPar,dielFilterV2clx.mtx.hgr,no,no,0,32,0.03,0.0297218,204.303,cut,160012,96014,no
rKaHyPar,dielFilterV2clx.mtx.hgr,no,no,1,32,0.03,0.0298272,168.669,cut,186702,93662,no
rKaHyPar,dielFilterV2clx.mtx.hgr,no,no,2,32,0.03,0.0297218,146.219,cut,157694,92322,no
rKaHyPar,dielFilterV2clx.mtx.hgr,no,no,3,32,0.03,0.0290894,143.54,cut,178498,95866,no
rKaHyPar,dielFilterV2clx.mtx.hgr,no,no,4,32,0.03,0.0297218,142.714,cut,173874,92568,no
rKaHyPar,dielFilterV2clx.mtx.hgr,no,no,5,32,0.03,0.0294056,174.641,cut,184244,93866,no
rKaHyPar,dielFilterV2clx.mtx.hgr,no,no,6,32,0.03,0.0298272,149.896,cut,166848,95364,no
rKaHyPar,dielFilterV2clx.mtx.hgr,no,no,7,32,0.03,0.0299325,146.33,cut,183682,94840,no
rKaHyPar,dielFilterV2clx.mtx.hgr,no,no,8,32,0.03,0.0297218,143.483,cut,169844,93534,no
rKaHyPar,dielFilterV2clx.mtx.hgr,no,no,9,32,0.03,0.0299325,146.432,cut,173808,93016,no
rKaHyPar,dielFilterV2clx.mtx.hgr,no,no,0,4,0.03,0.0299457,355.659,cut,14496,14496,no
rKaHyPar,dielFilterV2clx.mtx.hgr,no,no,1,4,0.03,0.0298403,313.405,cut,15312,14504,no
rKaHyPar,dielFilterV2clx.mtx.hgr,no,no,2,4,0.03,0.0299721,297.812,cut,14450,14450,no
rKaHyPar,dielFilterV2clx.mtx.hgr,no,no,3,4,0.03,0.0298535,240.865,cut,15152,14498,no
rKaHyPar,dielFilterV2clx.mtx.hgr,no,no,4,4,0.03,0.0299194,323.22,cut,14474,14474,no
rKaHyPar,dielFilterV2clx.mtx.hgr,no,no,5,4,0.03,0.0299984,311.404,cut,14680,14680,no
rKaHyPar,dielFilterV2clx.mtx.hgr,no,no,6,4,0.03,0.0295241,349.696,cut,14784,14784,no
rKaHyPar,dielFilterV2clx.mtx.hgr,no,no,7,4,0.03,0.0299852,250.816,cut,14794,14794,no
rKaHyPar,dielFilterV2clx.mtx.hgr,no,no,8,4,0.03,0.0299984,303.087,cut,14712,14712,no
rKaHyPar,dielFilterV2clx.mtx.hgr,no,no,9,4,0.03,0.0299325,354.556,cut,14398,14398,no
rKaHyPar,dielFilterV2clx.mtx.hgr,no,no,0,64,0.03,0.0297218,201.544,cut,280656,131718,no
rKaHyPar,dielFilterV2clx.mtx.hgr,no,no,1,64,0.03,0.0297218,215.924,cut,275676,131264,no
rKaHyPar,dielFilterV2clx.mtx.hgr,no,no,2,64,0.03,0.0299325,144.251,cut,272426,130350,no
rKaHyPar,dielFilterV2clx.mtx.hgr,no,no,3,64,0.03,0.0297218,191.903,cut,287144,130206,no
rKaHyPar,dielFilterV2clx.mtx.hgr,no,no,4,64,0.03,0.0299325,197.577,cut,271430,130238,no
rKaHyPar,dielFilterV2clx.mtx.hgr,no,no,5,64,0.03,0.0299325,191.768,cut,262830,129798,no
rKaHyPar,dielFilterV2clx.mtx.hgr,no,no,6,64,0.03,0.0299325,203.38,cut,287774,131750,no
rKaHyPar,dielFilterV2clx.mtx.hgr,no,no,7,64,0.03,0.0282462,200.923,cut,280376,131032,no
rKaHyPar,dielFilterV2clx.mtx.hgr,no,no,8,64,0.03,0.0299325,148.252,cut,247414,129522,no
rKaHyPar,dielFilterV2clx.mtx.hgr,no,no,9,64,0.03,0.0299325,196.786,cut,288088,131238,no
rKaHyPar,dielFilterV2clx.mtx.hgr,no,no,0,8,0.03,0.0298798,259.113,cut,35516,32138,no
rKaHyPar,dielFilterV2clx.mtx.hgr,no,no,1,8,0.03,0.0256903,225.395,cut,35292,31922,no
rKaHyPar,dielFilterV2clx.mtx.hgr,no,no,2,8,0.03,0.0298272,343.093,cut,36656,31600,no
rKaHyPar,dielFilterV2clx.mtx.hgr,no,no,3,8,0.03,0.0295373,284.346,cut,41858,32268,no
rKaHyPar,dielFilterV2clx.mtx.hgr,no,no,4,8,0.03,0.0298535,328.945,cut,35868,32472,no
rKaHyPar,dielFilterV2clx.mtx.hgr,no,no,5,8,0.03,0.0297481,275.094,cut,40660,31562,no
rKaHyPar,dielFilterV2clx.mtx.hgr,no,no,6,8,0.03,0.0298272,288.973,cut,40632,31862,no
rKaHyPar,dielFilterV2clx.mtx.hgr,no,no,7,8,0.03,0.029511,273.155,cut,35564,32070,no
rKaHyPar,dielFilterV2clx.mtx.hgr,no,no,8,8,0.03,0.02959,257.732,cut,37380,31636,no
rKaHyPar,dielFilterV2clx.mtx.hgr,no,no,9,8,0.03,0.0298535,419.621,cut,35276,31876,no
rKaHyPar,d_pretok.mtx.hgr,no,no,0,128,0.03,0.0294118,49.7767,cut,113189,49721,no
rKaHyPar,d_pretok.mtx.hgr,no,no,1,128,0.03,0.0287115,49.1748,cut,114794,50233,no
rKaHyPar,d_pretok.mtx.hgr,no,no,2,128,0.03,0.0294118,66.1436,cut,112544,49835,no
rKaHyPar,d_pretok.mtx.hgr,no,no,3,128,0.03,0.0294118,49.0992,cut,114445,49648,no
rKaHyPar,d_pretok.mtx.hgr,no,no,4,128,0.03,0.0294118,67.3138,cut,113099,50064,no
rKaHyPar,d_pretok.mtx.hgr,no,no,5,128,0.03,0.0294118,48.7526,cut,120036,49721,no
rKaHyPar,d_pretok.mtx.hgr,no,no,6,128,0.03,0.0294118,49.1771,cut,112518,49501,no
rKaHyPar,d_pretok.mtx.hgr,no,no,7,128,0.03,0.0294118,49.1577,cut,114157,49575,no
rKaHyPar,d_pretok.mtx.hgr,no,no,8,128,0.03,0.0294118,68.1054,cut,115308,49994,no
rKaHyPar,d_pretok.mtx.hgr,no,no,9,128,0.03,0.0294118,66.6561,cut,107099,49566,no
rKaHyPar,d_pretok.mtx.hgr,no,no,0,16,0.03,0.0285439,50.9968,cut,27839,16149,no
rKaHyPar,d_pretok.mtx.hgr,no,no,1,16,0.03,0.0278434,49.0225,cut,25529,16081,no
rKaHyPar,d_pretok.mtx.hgr,no,no,2,16,0.03,0.0296822,51.3747,cut,25204,16508,no
rKaHyPar,d_pretok.mtx.hgr,no,no,3,16,0.03,0.0274057,47.7238,cut,26360,16289,no
rKaHyPar,d_pretok.mtx.hgr,no,no,4,16,0.03,0.0298573,33.7759,cut,25307,16341,no
rKaHyPar,d_pretok.mtx.hgr,no,no,5,16,0.03,0.0286315,47.2845,cut,29540,16254,no
rKaHyPar,d_pretok.mtx.hgr,no,no,6,16,0.03,0.0288941,36.3776,cut,30770,16623,no
rKaHyPar,d_pretok.mtx.hgr,no,no,7,16,0.03,0.0283688,46.2672,cut,28340,16395,no
rKaHyPar,d_pretok.mtx.hgr,no,no,8,16,0.03,0.0283688,37.6266,cut,29937,16795,no
rKaHyPar,d_pretok.mtx.hgr,no,no,9,16,0.03,0.0299448,36.8619,cut,32541,16899,no
rKaHyPar,d_pretok.mtx.hgr,no,no,0,2,0.03,0.0299787,58.1658,cut,2188,2188,no
rKaHyPar,d_pretok.mtx.hgr,no,no,1,2,0.03,0.029902,47.8278,cut,2183,2183,no
rKaHyPar,d_pretok.mtx.hgr,no,no,2,2,0.03,0.0299896,58.5269,cut,2188,2188,no
rKaHyPar,d_pretok.mtx.hgr,no,no,3,2,0.03,0.029902,80.5265,cut,2183,2183,no
rKaHyPar,d_pretok.mtx.hgr,no,no,4,2,0.03,0.0299349,67.6317,cut,2183,2183,no
rKaHyPar,d_pretok.mtx.hgr,no,no,5,2,0.03,0.029902,49.8962,cut,2183,2183,no
rKaHyPar,d_pretok.mtx.hgr,no,no,6,2,0.03,0.0299458,75.1388,cut,2188,2188,no
rKaHyPar,d_pretok.mtx.hgr,no,no,7,2,0.03,0.0299349,52.8769,cut,2183,2183,no
rKaHyPar,d_pretok.mtx.hgr,no,no,8,2,0.03,0.0299787,70.0248,cut,2186,2186,no
rKaHyPar,d_pretok.mtx.hgr,no,no,9,2,0.03,0.0299787,53.1648,cut,2182,2182,no
rKaHyPar,d_pretok.mtx.hgr,no,no,0,32,0.03,0.0299422,55.9924,cut,50499,25639,no
rKaHyPar,d_pretok.mtx.hgr,no,no,1,32,0.03,0.0290667,50.0961,cut,52409,25581,no
rKaHyPar,d_pretok.mtx.hgr,no,no,2,32,0.03,0.0290667,39.2261,cut,46497,25374,no
rKaHyPar,d_pretok.mtx.hgr,no,no,3,32,0.03,0.0290667,36.4345,cut,51019,25418,no
rKaHyPar,d_pretok.mtx.hgr,no,no,4,32,0.03,0.0299422,43.4583,cut,50652,25642,no
rKaHyPar,d_pretok.mtx.hgr,no,no,5,32,0.03,0.0288916,49.5849,cut,49988,25537,no
rKaHyPar,d_pretok.mtx.hgr,no,no,6,32,0.03,0.0294169,41.0461,cut,46442,25538,no
rKaHyPar,d_pretok.mtx.hgr,no,no,7,32,0.03,0.0288916,37.9872,cut,47028,25453,no
rKaHyPar,d_pretok.mtx.hgr,no,no,8,32,0.03,0.0299422,42.1255,cut,47113,25494,no
rKaHyPar,d_pretok.mtx.hgr,no,no,9,32,0.03,0.029592,46.1993,cut,43430,25321,no
rKaHyPar,d_pretok.mtx.hgr,no,no,0,4,0.03,0.0283037,88.442,cut,7630,5601,no
rKaHyPar,d_pretok.mtx.hgr,no,no,1,4,0.03,0.0295077,65.2825,cut,7930,5600,no
rKaHyPar,d_pretok.mtx.hgr,no,no,2,4,0.03,0.0248013,95.9374,cut,5702,5671,no
rKaHyPar,d_pretok.mtx.hgr,no,no,3,4,0.03,0.0248013,64.0061,cut,7918,5638,no
rKaHyPar,d_pretok.mtx.hgr,no,no,4,4,0.03,0.0251735,69.7865,cut,5760,5686,no
rKaHyPar,d_pretok.mtx.hgr,no,no,5,4,0.03,0.0223059,49.2834,cut,7905,5628,no
rKaHyPar,d_pretok.mtx.hgr,no,no,6,4,0.03,0.029836,91.775,cut,6632,5635,no
rKaHyPar,d_pretok.mtx.hgr,no,no,7,4,0.03,0.0251078,61.2228,cut,5636,5617,no
rKaHyPar,d_pretok.mtx.hgr,no,no,8,4,0.03,0.0251735,55.419,cut,8042,5686,no
rKaHyPar,d_pretok.mtx.hgr,no,no,9,4,0.03,0.0283037,70.8267,cut,5620,5601,no
rKaHyPar,d_pretok.mtx.hgr,no,no,0,64,0.03,0.0297619,58.6138,cut,78188,36696,no
rKaHyPar,d_pretok.mtx.hgr,no,no,1,64,0.03,0.0297619,59.1899,cut,80430,36923,no
rKaHyPar,d_pretok.mtx.hgr,no,no,2,64,0.03,0.0297619,45.093,cut,71403,37193,no
rKaHyPar,d_pretok.mtx.hgr,no,no,3,64,0.03,0.0297619,61.4997,cut,78750,37103,no
rKaHyPar,d_pretok.mtx.hgr,no,no,4,64,0.03,0.0294118,59.3441,cut,73637,36855,no
rKaHyPar,d_pretok.mtx.hgr,no,no,5,64,0.03,0.0287115,56.1414,cut,73753,37076,no
rKaHyPar,d_pretok.mtx.hgr,no,no,6,64,0.03,0.0297619,59.7168,cut,78530,37469,no
rKaHyPar,d_pretok.mtx.hgr,no,no,7,64,0.03,0.0294118,59.7521,cut,79062,36857,no
rKaHyPar,d_pretok.mtx.hgr,no,no,8,64,0.03,0.0297619,43.7373,cut,77627,37359,no
rKaHyPar,d_pretok.mtx.hgr,no,no,9,64,0.03,0.0297619,61.1536,cut,75852,37666,no
rKaHyPar,d_pretok.mtx.hgr,no,no,0,8,0.03,0.0292444,38.0802,cut,16537,10645,no
rKaHyPar,d_pretok.mtx.hgr,no,no,1,8,0.03,0.0173803,39.9703,cut,13820,10677,no
rKaHyPar,d_pretok.mtx.hgr,no,no,2,8,0.03,0.0110323,41.9974,cut,14146,10611,no
rKaHyPar,d_pretok.mtx.hgr,no,no,3,8,0.03,0.0162858,59.8424,cut,14492,10722,no
rKaHyPar,d_pretok.mtx.hgr,no,no,4,8,0.03,0.0119954,55.9942,cut,17308,10600,no
rKaHyPar,d_pretok.mtx.hgr,no,no,5,8,0.03,0.029507,60.2575,cut,15517,10619,no
rKaHyPar,d_pretok.mtx.hgr,no,no,6,8,0.03,0.0177305,42.8363,cut,13883,10690,no
rKaHyPar,d_pretok.mtx.hgr,no,no,7,8,0.03,0.0278434,39.5879,cut,17618,10654,no
rKaHyPar,d_pretok.mtx.hgr,no,no,8,8,0.03,0.0193065,47.7328,cut,16478,10695,no
rKaHyPar,d_pretok.mtx.hgr,no,no,9,8,0.03,0.02456,59.7396,cut,16445,10738,no
rKaHyPar,Dubcova2.mtx.hgr,no,no,0,128,0.03,0.0275049,21.1142,cut,36412,15897,no
rKaHyPar,Dubcova2.mtx.hgr,no,no,1,128,0.03,0.0275049,20.7787,cut,36597,15857,no
rKaHyPar,Dubcova2.mtx.hgr,no,no,2,128,0.03,0.0294695,28.8662,cut,37187,15849,no
rKaHyPar,Dubcova2.mtx.hgr,no,no,3,128,0.03,0.0294695,20.7353,cut,36550,15901,no
rKaHyPar,Dubcova2.mtx.hgr,no,no,4,128,0.03,0.0275049,29.1677,cut,36982,15885,no
rKaHyPar,Dubcova2.mtx.hgr,no,no,5,128,0.03,0.0275049,20.8532,cut,37219,15903,no
rKaHyPar,Dubcova2.mtx.hgr,no,no,6,128,0.03,0.0294695,20.8936,cut,37671,15919,no
rKaHyPar,Dubcova2.mtx.hgr,no,no,7,128,0.03,0.0294695,20.7975,cut,36167,15885,no
rKaHyPar,Dubcova2.mtx.hgr,no,no,8,128,0.03,0.0294695,21.0198,cut,35932,15843,no
rKaHyPar,Dubcova2.mtx.hgr,no,no,9,128,0.03,0.0294695,29.239,cut,36180,15877,no
rKaHyPar,Dubcova2.mtx.hgr,no,no,0,16,0.03,0.0100861,12.1492,cut,7143,4509,no
rKaHyPar,Dubcova2.mtx.hgr,no,no,1,16,0.03,0.0216482,12.0142,cut,8325,4509,no
rKaHyPar,Dubcova2.mtx.hgr,no,no,2,16,0.03,0.0233702,12.3805,cut,8070,4509,no
rKaHyPar,Dubcova2.mtx.hgr,no,no,3,16,0.03,0.00762608,12.3829,cut,7227,4509,no
rKaHyPar,Dubcova2.mtx.hgr,no,no,4,16,0.03,0.0098401,8.90434,cut,7794,4509,no
rKaHyPar,Dubcova2.mtx.hgr,no,no,5,16,0.03,0.00762608,12.2009,cut,7548,4509,no
rKaHyPar,Dubcova2.mtx.hgr,no,no,6,16,0.03,0.00811808,12.987,cut,7491,4509,no
rKaHyPar,Dubcova2.mtx.hgr,no,no,7,16,0.03,0.00885609,12.2428,cut,8790,4509,no
rKaHyPar,Dubcova2.mtx.hgr,no,no,8,16,0.03,0.0233702,8.93807,cut,8121,4509,no
rKaHyPar,Dubcova2.mtx.hgr,no,no,9,16,0.03,0.0108241,8.90903,cut,8541,4509,no
rKaHyPar,Dubcova2.mtx.hgr,no,no,0,2,0.03,0.00390613,5.81523,cut,765,765,no
rKaHyPar,Dubcova2.mtx.hgr,no,no,1,2,0.03,0.00390613,4.54307,cut,765,765,no
rKaHyPar,Dubcova2.mtx.hgr,no,no,2,2,0.03,0.00390613,4.23272,cut,765,765,no
rKaHyPar,Dubcova2.mtx.hgr,no,no,3,2,0.03,0.00390613,5.27206,cut,765,765,no
rKaHyPar,Dubcova2.mtx.hgr,no,no,4,2,0.03,0.00390613,5.85917,cut,765,765,no
rKaHyPar,Dubcova2.mtx.hgr,no,no,5,2,0.03,0.00390613,5.48368,cut,765,765,no
rKaHyPar,Dubcova2.mtx.hgr,no,no,6,2,0.03,0.00390613,6.70839,cut,765,765,no
rKaHyPar,Dubcova2.mtx.hgr,no,no,7,2,0.03,0.00390613,3.88551,cut,765,765,no
rKaHyPar,Dubcova2.mtx.hgr,no,no,8,2,0.03,0.00390613,4.31054,cut,765,765,no
rKaHyPar,Dubcova2.mtx.hgr,no,no,9,2,0.03,0.00390613,4.30583,cut,765,765,no
rKaHyPar,Dubcova2.mtx.hgr,no,no,0,32,0.03,0.0245942,15.8629,cut,14124,7449,no
rKaHyPar,Dubcova2.mtx.hgr,no,no,1,32,0.03,0.0231185,15.4097,cut,14418,7449,no
rKaHyPar,Dubcova2.mtx.hgr,no,no,2,32,0.03,0.0226267,11.0984,cut,14499,7431,no
rKaHyPar,Dubcova2.mtx.hgr,no,no,3,32,0.03,0.0231185,10.9775,cut,13146,7443,no
rKaHyPar,Dubcova2.mtx.hgr,no,no,4,32,0.03,0.0231185,11.088,cut,13257,7449,no
rKaHyPar,Dubcova2.mtx.hgr,no,no,5,32,0.03,0.0236104,15.561,cut,13854,7455,no
rKaHyPar,Dubcova2.mtx.hgr,no,no,6,32,0.03,0.0265617,11.2976,cut,14581,7455,no
rKaHyPar,Dubcova2.mtx.hgr,no,no,7,32,0.03,0.0231185,11.2991,cut,14273,7443,no
rKaHyPar,Dubcova2.mtx.hgr,no,no,8,32,0.03,0.0226267,11.2908,cut,14557,7455,no
rKaHyPar,Dubcova2.mtx.hgr,no,no,9,32,0.03,0.0231185,11.1629,cut,14671,7431,no
rKaHyPar,Dubcova2.mtx.hgr,no,no,0,4,0.03,0.00781202,8.00541,cut,1935,1521,no
rKaHyPar,Dubcova2.mtx.hgr,no,no,1,4,0.03,0.00781202,6.0486,cut,1920,1521,no
rKaHyPar,Dubcova2.mtx.hgr,no,no,2,4,0.03,0.00781202,8.22807,cut,1920,1521,no
rKaHyPar,Dubcova2.mtx.hgr,no,no,3,4,0.03,0.00781202,6.58501,cut,1920,1521,no
rKaHyPar,Dubcova2.mtx.hgr,no,no,4,4,0.03,0.00781202,8.7817,cut,1920,1521,no
rKaHyPar,Dubcova2.mtx.hgr,no,no,5,4,0.03,0.00781202,6.56557,cut,1920,1521,no
rKaHyPar,Dubcova2.mtx.hgr,no,no,6,4,0.03,0.00781202,8.88159,cut,1920,1521,no
rKaHyPar,Dubcova2.mtx.hgr,no,no,7,4,0.03,0.00781202,6.19448,cut,1920,1521,no
rKaHyPar,Dubcova2.mtx.hgr,no,no,8,4,0.03,0.00781202,6.04709,cut,1920,1521,no
rKaHyPar,Dubcova2.mtx.hgr,no,no,9,4,0.03,0.00781202,6.08629,cut,1920,1521,no
rKaHyPar,Dubcova2.mtx.hgr,no,no,0,64,0.03,0.0285152,20.914,cut,22147,10293,no
rKaHyPar,Dubcova2.mtx.hgr,no,no,1,64,0.03,0.0265487,20.5452,cut,21623,10303,no
rKaHyPar,Dubcova2.mtx.hgr,no,no,2,64,0.03,0.0216323,14.9749,cut,21728,10303,no
rKaHyPar,Dubcova2.mtx.hgr,no,no,3,64,0.03,0.0245821,20.2769,cut,23569,10315,no
rKaHyPar,Dubcova2.mtx.hgr,no,no,4,64,0.03,0.020649,20.8326,cut,23106,10293,no
rKaHyPar,Dubcova2.mtx.hgr,no,no,5,64,0.03,0.0196657,20.6748,cut,23109,10299,no
rKaHyPar,Dubcova2.mtx.hgr,no,no,6,64,0.03,0.0235988,20.6979,cut,23110,10291,no
rKaHyPar,Dubcova2.mtx.hgr,no,no,7,64,0.03,0.0147493,21.1396,cut,23565,10269,no
rKaHyPar,Dubcova2.mtx.hgr,no,no,8,64,0.03,0.0265487,14.9021,cut,22251,10293,no
rKaHyPar,Dubcova2.mtx.hgr,no,no,9,64,0.03,0.0186824,20.9473,cut,22970,10283,no
rKaHyPar,Dubcova2.mtx.hgr,no,no,0,8,0.03,0.00775003,7.66227,cut,4134,3033,no
rKaHyPar,Dubcova2.mtx.hgr,no,no,1,8,0.03,0.0234961,7.33722,cut,3930,3033,no
rKaHyPar,Dubcova2.mtx.hgr,no,no,2,8,0.03,0.00775003,7.62366,cut,4230,3027,no
rKaHyPar,Dubcova2.mtx.hgr,no,no,3,8,0.03,0.00775003,10.1342,cut,4038,3033,no
rKaHyPar,Dubcova2.mtx.hgr,no,no,4,8,0.03,0.0234961,10.4873,cut,4155,3033,no
rKaHyPar,Dubcova2.mtx.hgr,no,no,5,8,0.03,0.00775003,10.3102,cut,4374,3033,no
rKaHyPar,Dubcova2.mtx.hgr,no,no,6,8,0.03,0.00775003,7.85269,cut,4488,3027,no
rKaHyPar,Dubcova2.mtx.hgr,no,no,7,8,0.03,0.00775003,7.52634,cut,4383,3033,no
rKaHyPar,Dubcova2.mtx.hgr,no,no,8,8,0.03,0.00775003,7.75402,cut,5007,3027,no
rKaHyPar,Dubcova2.mtx.hgr,no,no,9,8,0.03,0.00775003,10.1742,cut,4428,3033,no
rKaHyPar,ecl32.mtx.hgr,no,no,0,128,0.03,0.029484,16.5904,cut,36553,22790,no
rKaHyPar,ecl32.mtx.hgr,no,no,1,128,0.03,0.029484,16.933,cut,36418,22595,no
rKaHyPar,ecl32.mtx.hgr,no,no,2,128,0.03,0.029484,22.6502,cut,36359,22606,no
rKaHyPar,ecl32.mtx.hgr,no,no,3,128,0.03,0.029484,16.6231,cut,36058,22548,no
rKaHyPar,ecl32.mtx.hgr,no,no,4,128,0.03,0.029484,22.7722,cut,37030,22959,no
rKaHyPar,ecl32.mtx.hgr,no,no,5,128,0.03,0.029484,16.9136,cut,36580,22746,no
rKaHyPar,ecl32.mtx.hgr,no,no,6,128,0.03,0.029484,16.8212,cut,36835,22917,no
rKaHyPar,ecl32.mtx.hgr,no,no,7,128,0.03,0.029484,16.4598,cut,37199,22922,no
rKaHyPar,ecl32.mtx.hgr,no,no,8,128,0.03,0.029484,22.6721,cut,36932,22826,no
rKaHyPar,ecl32.mtx.hgr,no,no,9,128,0.03,0.029484,16.6536,cut,37047,22907,no
rKaHyPar,ecl32.mtx.hgr,no,no,0,16,0.03,0.0298462,14.2142,cut,11292,9833,no
rKaHyPar,ecl32.mtx.hgr,no,no,1,16,0.03,0.0298462,15.1074,cut,11612,9928,no
rKaHyPar,ecl32.mtx.hgr,no,no,2,16,0.03,0.0295385,14.0844,cut,11250,9823,no
rKaHyPar,ecl32.mtx.hgr,no,no,3,16,0.03,0.028,11.1205,cut,11185,9747,no
rKaHyPar,ecl32.mtx.hgr,no,no,4,16,0.03,0.0298462,10.8325,cut,11207,9763,no
rKaHyPar,ecl32.mtx.hgr,no,no,5,16,0.03,0.0295385,15.4122,cut,12053,10309,no
rKaHyPar,ecl32.mtx.hgr,no,no,6,16,0.03,0.0295385,14.7795,cut,11824,10130,no
rKaHyPar,ecl32.mtx.hgr,no,no,7,16,0.03,0.0298462,14.3794,cut,11710,10128,no
rKaHyPar,ecl32.mtx.hgr,no,no,8,16,0.03,0.0295385,11.1724,cut,11573,10006,no
rKaHyPar,ecl32.mtx.hgr,no,no,9,16,0.03,0.0298462,10.7092,cut,11398,9935,no
rKaHyPar,ecl32.mtx.hgr,no,no,0,2,0.03,0.0298496,13.4335,cut,1530,1530,no
rKaHyPar,ecl32.mtx.hgr,no,no,1,2,0.03,0.029965,10.4855,cut,1581,1581,no
rKaHyPar,ecl32.mtx.hgr,no,no,2,2,0.03,0.0287726,10.0989,cut,1506,1506,no
rKaHyPar,ecl32.mtx.hgr,no,no,3,2,0.03,0.0299265,10.4927,cut,1501,1501,no
rKaHyPar,ecl32.mtx.hgr,no,no,4,2,0.03,0.0299265,9.7484,cut,1523,1523,no
rKaHyPar,ecl32.mtx.hgr,no,no,5,2,0.03,0.0298881,8.2546,cut,1529,1529,no
rKaHyPar,ecl32.mtx.hgr,no,no,6,2,0.03,0.0293111,13.5663,cut,1496,1496,no
rKaHyPar,ecl32.mtx.hgr,no,no,7,2,0.03,0.0298111,11.1001,cut,1599,1599,no
rKaHyPar,ecl32.mtx.hgr,no,no,8,2,0.03,0.0299265,9.30495,cut,1512,1512,no
rKaHyPar,ecl32.mtx.hgr,no,no,9,2,0.03,0.0298881,9.30439,cut,1501,1501,no
rKaHyPar,ecl32.mtx.hgr,no,no,0,32,0.03,0.0289231,16.2454,cut,17578,13979,no
rKaHyPar,ecl32.mtx.hgr,no,no,1,32,0.03,0.0289231,17.5674,cut,18033,14093,no
rKaHyPar,ecl32.mtx.hgr,no,no,2,32,0.03,0.0295385,16.5273,cut,17524,13913,no
rKaHyPar,ecl32.mtx.hgr,no,no,3,32,0.03,0.0295385,12.111,cut,17375,13823,no
rKaHyPar,ecl32.mtx.hgr,no,no,4,32,0.03,0.0276923,12.2665,cut,17714,13883,no
rKaHyPar,ecl32.mtx.hgr,no,no,5,32,0.03,0.0276923,11.901,cut,17801,14015,no
rKaHyPar,ecl32.mtx.hgr,no,no,6,32,0.03,0.0295385,11.8853,cut,17670,13905,no
rKaHyPar,ecl32.mtx.hgr,no,no,7,32,0.03,0.0295385,12.9026,cut,17402,13896,no
rKaHyPar,ecl32.mtx.hgr,no,no,8,32,0.03,0.0295385,12.2734,cut,17902,14176,no
rKaHyPar,ecl32.mtx.hgr,no,no,9,32,0.03,0.0295385,12.6414,cut,17367,13728,no
rKaHyPar,ecl32.mtx.hgr,no,no,0,4,0.03,0.0296177,12.6653,cut,3996,3928,no
rKaHyPar,ecl32.mtx.hgr,no,no,1,4,0.03,0.0296177,11.0729,cut,4107,3960,no
rKaHyPar,ecl32.mtx.hgr,no,no,2,4,0.03,0.0298484,10.9734,cut,4052,3988,no
rKaHyPar,ecl32.mtx.hgr,no,no,3,4,0.03,0.0298484,9.82509,cut,4031,3971,no
rKaHyPar,ecl32.mtx.hgr,no,no,4,4,0.03,0.0299254,11.7564,cut,4115,4029,no
rKaHyPar,ecl32.mtx.hgr,no,no,5,4,0.03,0.0296177,9.54142,cut,4017,3956,no
rKaHyPar,ecl32.mtx.hgr,no,no,6,4,0.03,0.0296946,13.7635,cut,3982,3927,no
rKaHyPar,ecl32.mtx.hgr,no,no,7,4,0.03,0.0297715,12.127,cut,4276,4103,no
rKaHyPar,ecl32.mtx.hgr,no,no,8,4,0.03,0.0298484,16.9583,cut,4185,4082,no
rKaHyPar,ecl32.mtx.hgr,no,no,9,4,0.03,0.0299254,9.77707,cut,4004,3950,no
rKaHyPar,ecl32.mtx.hgr,no,no,0,64,0.03,0.0295203,19.3148,cut,25955,18453,no
rKaHyPar,ecl32.mtx.hgr,no,no,1,64,0.03,0.0295203,13.9249,cut,25498,18135,no
rKaHyPar,ecl32.mtx.hgr,no,no,2,64,0.03,0.0295203,14.1794,cut,25527,18184,no
rKaHyPar,ecl32.mtx.hgr,no,no,3,64,0.03,0.0295203,19.2361,cut,25583,17774,no
rKaHyPar,ecl32.mtx.hgr,no,no,4,64,0.03,0.0295203,13.8912,cut,25160,17837,no
rKaHyPar,ecl32.mtx.hgr,no,no,5,64,0.03,0.0295203,19.225,cut,25623,18186,no
rKaHyPar,ecl32.mtx.hgr,no,no,6,64,0.03,0.0295203,19.5216,cut,25121,17875,no
rKaHyPar,ecl32.mtx.hgr,no,no,7,64,0.03,0.0295203,18.9192,cut,26074,18186,no
rKaHyPar,ecl32.mtx.hgr,no,no,8,64,0.03,0.0295203,13.8547,cut,26107,18355,no
rKaHyPar,ecl32.mtx.hgr,no,no,9,64,0.03,0.0295203,19.3126,cut,25525,18109,no
rKaHyPar,ecl32.mtx.hgr,no,no,0,8,0.03,0.0298462,10.0571,cut,7291,6768,no
rKaHyPar,ecl32.mtx.hgr,no,no,1,8,0.03,0.0292308,14.3342,cut,7576,6936,no
rKaHyPar,ecl32.mtx.hgr,no,no,2,8,0.03,0.03,10.9146,cut,7348,6792,no
rKaHyPar,ecl32.mtx.hgr,no,no,3,8,0.03,0.03,13.7809,cut,7182,6607,no
rKaHyPar,ecl32.mtx.hgr,no,no,4,8,0.03,0.03,13.7066,cut,7050,6541,no
rKaHyPar,ecl32.mtx.hgr,no,no,5,8,0.03,0.03,15.4694,cut,7202,6609,no
rKaHyPar,ecl32.mtx.hgr,no,no,6,8,0.03,0.03,9.5346,cut,7143,6593,no
rKaHyPar,ecl32.mtx.hgr,no,no,7,8,0.03,0.03,11.0775,cut,7218,6616,no
rKaHyPar,ecl32.mtx.hgr,no,no,8,8,0.03,0.03,11.8619,cut,7616,6947,no
rKaHyPar,ecl32.mtx.hgr,no,no,9,8,0.03,0.0293846,15.3259,cut,7160,6643,no
rKaHyPar,ecology1.mtx.hgr,no,no,0,128,0.03,0.0299501,239.574,cut,34289,33835,no
rKaHyPar,ecology1.mtx.hgr,no,no,1,128,0.03,0.0299501,217.923,cut,35330,34880,no
rKaHyPar,ecology1.mtx.hgr,no,no,2,128,0.03,0.0296941,316.206,cut,32821,32387,no
rKaHyPar,ecology1.mtx.hgr,no,no,3,128,0.03,0.0296941,221.619,cut,35120,34680,no
rKaHyPar,ecology1.mtx.hgr,no,no,4,128,0.03,0.0298221,302.712,cut,35008,34560,no
rKaHyPar,ecology1.mtx.hgr,no,no,5,128,0.03,0.0298221,231.279,cut,32760,32307,no
rKaHyPar,ecology1.mtx.hgr,no,no,6,128,0.03,0.0296941,223.265,cut,33810,33349,no
rKaHyPar,ecology1.mtx.hgr,no,no,7,128,0.03,0.0293101,221.377,cut,33724,33280,no
rKaHyPar,ecology1.mtx.hgr,no,no,8,128,0.03,0.0291821,218.272,cut,35363,34898,no
rKaHyPar,ecology1.mtx.hgr,no,no,9,128,0.03,0.0295661,230.162,cut,35072,34617,no
rKaHyPar,ecology1.mtx.hgr,no,no,0,16,0.03,0.028704,312.613,cut,11047,11005,no
rKaHyPar,ecology1.mtx.hgr,no,no,1,16,0.03,0.029168,295.616,cut,10711,10675,no
rKaHyPar,ecology1.mtx.hgr,no,no,2,16,0.03,0.029488,334.247,cut,10759,10723,no
rKaHyPar,ecology1.mtx.hgr,no,no,3,16,0.03,0.029696,250.82,cut,11014,10978,no
rKaHyPar,ecology1.mtx.hgr,no,no,4,16,0.03,0.02904,218.791,cut,11114,11075,no
rKaHyPar,ecology1.mtx.hgr,no,no,5,16,0.03,0.029248,318.692,cut,11432,11391,no
rKaHyPar,ecology1.mtx.hgr,no,no,6,16,0.03,0.02992,307.651,cut,11051,11013,no
rKaHyPar,ecology1.mtx.hgr,no,no,7,16,0.03,0.029936,308.184,cut,11392,11351,no
rKaHyPar,ecology1.mtx.hgr,no,no,8,16,0.03,0.0292,201.831,cut,11388,11352,no
rKaHyPar,ecology1.mtx.hgr,no,no,9,16,0.03,0.028608,233.242,cut,11181,11143,no
rKaHyPar,ecology1.mtx.hgr,no,no,0,2,0.03,0,124.641,cut,2000,2000,no
rKaHyPar,ecology1.mtx.hgr,no,no,1,2,0.03,0,80.555,cut,2000,2000,no
rKaHyPar,ecology1.mtx.hgr,no,no,2,2,0.03,0,92.2383,cut,2000,2000,no
rKaHyPar,ecology1.mtx.hgr,no,no,3,2,0.03,0,125.742,cut,2000,2000,no
rKaHyPar,ecology1.mtx.hgr,no,no,4,2,0.03,0,110.599,cut,2000,2000,no
rKaHyPar,ecology1.mtx.hgr,no,no,5,2,0.03,0,90.5199,cut,2000,2000,no
rKaHyPar,ecology1.mtx.hgr,no,no,6,2,0.03,0,112.56,cut,2000,2000,no
rKaHyPar,ecology1.mtx.hgr,no,no,7,2,0.03,0,81.8297,cut,2000,2000,no
rKaHyPar,ecology1.mtx.hgr,no,no,8,2,0.03,0,82.1987,cut,2000,2000,no
rKaHyPar,ecology1.mtx.hgr,no,no,9,2,0.03,0,93.2651,cut,2000,2000,no
rKaHyPar,ecology1.mtx.hgr,no,no,0,32,0.03,0.029728,308.134,cut,16461,16361,no
rKaHyPar,ecology1.mtx.hgr,no,no,1,32,0.03,0.02976,304.291,cut,16110,16020,no
rKaHyPar,ecology1.mtx.hgr,no,no,2,32,0.03,0.029536,317.472,cut,16150,16061,no
rKaHyPar,ecology1.mtx.hgr,no,no,3,32,0.03,0.029824,224.516,cut,16258,16169,no
rKaHyPar,ecology1.mtx.hgr,no,no,4,32,0.03,0.029568,215.983,cut,17313,17198,no
rKaHyPar,ecology1.mtx.hgr,no,no,5,32,0.03,0.029984,241.207,cut,16029,15939,no
rKaHyPar,ecology1.mtx.hgr,no,no,6,32,0.03,0.0296,229.579,cut,16660,16573,no
rKaHyPar,ecology1.mtx.hgr,no,no,7,32,0.03,0.029632,216.562,cut,17193,17095,no
rKaHyPar,ecology1.mtx.hgr,no,no,8,32,0.03,0.029952,219.137,cut,16796,16704,no
rKaHyPar,ecology1.mtx.hgr,no,no,9,32,0.03,0.029984,248.13,cut,16556,16464,no
rKaHyPar,ecology1.mtx.hgr,no,no,0,4,0.03,0.015052,222.704,cut,3908,3904,no
rKaHyPar,ecology1.mtx.hgr,no,no,1,4,0.03,0.029056,164.941,cut,3873,3868,no
rKaHyPar,ecology1.mtx.hgr,no,no,2,4,0.03,0.027452,167.358,cut,3902,3898,no
rKaHyPar,ecology1.mtx.hgr,no,no,3,4,0.03,0,155.831,cut,3925,3921,no
rKaHyPar,ecology1.mtx.hgr,no,no,4,4,0.03,0,188.95,cut,3933,3929,no
rKaHyPar,ecology1.mtx.hgr,no,no,5,4,0.03,0,155.942,cut,3932,3927,no
rKaHyPar,ecology1.mtx.hgr,no,no,6,4,0.03,0,195.46,cut,3924,3919,no
rKaHyPar,ecology1.mtx.hgr,no,no,7,4,0.03,0,128.321,cut,3963,3958,no
rKaHyPar,ecology1.mtx.hgr,no,no,8,4,0.03,0,164.887,cut,3953,3949,no
rKaHyPar,ecology1.mtx.hgr,no,no,9,4,0.03,0.01462,166.803,cut,3880,3876,no
rKaHyPar,ecology1.mtx.hgr,no,no,0,64,0.03,0.029824,311.896,cut,23748,23541,no
rKaHyPar,ecology1.mtx.hgr,no,no,1,64,0.03,0.029888,221.342,cut,22926,22724,no
rKaHyPar,ecology1.mtx.hgr,no,no,2,64,0.03,0.029184,225.201,cut,23860,23657,no
rKaHyPar,ecology1.mtx.hgr,no,no,3,64,0.03,0.02976,301.622,cut,24436,24219,no
rKaHyPar,ecology1.mtx.hgr,no,no,4,64,0.03,0.029504,215.043,cut,24743,24529,no
rKaHyPar,ecology1.mtx.hgr,no,no,5,64,0.03,0.02912,318.966,cut,22963,22764,no
rKaHyPar,ecology1.mtx.hgr,no,no,6,64,0.03,0.029568,282.044,cut,24777,24557,no
rKaHyPar,ecology1.mtx.hgr,no,no,7,64,0.03,0.029888,295.134,cut,24229,24025,no
rKaHyPar,ecology1.mtx.hgr,no,no,8,64,0.03,0.029952,218.488,cut,23613,23411,no
rKaHyPar,ecology1.mtx.hgr,no,no,9,64,0.03,0.02976,305.662,cut,25923,25706,no
rKaHyPar,ecology1.mtx.hgr,no,no,0,8,0.03,0.028352,211.466,cut,7479,7462,no
rKaHyPar,ecology1.mtx.hgr,no,no,1,8,0.03,0.02712,153.229,cut,7798,7786,no
rKaHyPar,ecology1.mtx.hgr,no,no,2,8,0.03,0.028888,246.145,cut,6878,6864,no
rKaHyPar,ecology1.mtx.hgr,no,no,3,8,0.03,0.028104,278.041,cut,7445,7432,no
rKaHyPar,ecology1.mtx.hgr,no,no,4,8,0.03,0.028408,270.388,cut,7350,7335,no
rKaHyPar,ecology1.mtx.hgr,no,no,5,8,0.03,0.02972,319.028,cut,7155,7141,no
rKaHyPar,ecology1.mtx.hgr,no,no,6,8,0.03,0.027976,213.537,cut,7222,7202,no
rKaHyPar,ecology1.mtx.hgr,no,no,7,8,0.03,0.027712,197.796,cut,7422,7408,no
rKaHyPar,ecology1.mtx.hgr,no,no,8,8,0.03,0.028992,218.097,cut,7340,7320,no
rKaHyPar,ecology1.mtx.hgr,no,no,9,8,0.03,0.029544,348.323,cut,6786,6772,no
rKaHyPar,Emilia_923.mtx.hgr,no,no,0,128,0.03,0.0299501,122.255,cut,404322,298542,no
rKaHyPar,Emilia_923.mtx.hgr,no,no,1,128,0.03,0.0299501,121.741,cut,399819,297195,no
rKaHyPar,Emilia_923.mtx.hgr,no,no,2,128,0.03,0.0299501,166.138,cut,399417,298194,no
rKaHyPar,Emilia_923.mtx.hgr,no,no,3,128,0.03,0.0299501,122.999,cut,401736,296418,no
rKaHyPar,Emilia_923.mtx.hgr,no,no,4,128,0.03,0.0299501,170.526,cut,402615,298344,no
rKaHyPar,Emilia_923.mtx.hgr,no,no,5,128,0.03,0.0299501,166.875,cut,404199,297870,no
rKaHyPar,Emilia_923.mtx.hgr,no,no,6,128,0.03,0.0299501,123.936,cut,406188,297717,no
rKaHyPar,Emilia_923.mtx.hgr,no,no,7,128,0.03,0.0299501,126.736,cut,399558,295182,no
rKaHyPar,Emilia_923.mtx.hgr,no,no,8,128,0.03,0.0299501,166.339,cut,402012,297456,no
rKaHyPar,Emilia_923.mtx.hgr,no,no,9,128,0.03,0.0299501,127.099,cut,403245,297015,no
rKaHyPar,Emilia_923.mtx.hgr,no,no,0,16,0.03,0.0267783,146.939,cut,132717,118560,no
rKaHyPar,Emilia_923.mtx.hgr,no,no,1,16,0.03,0.0299501,132.253,cut,135999,122118,no
rKaHyPar,Emilia_923.mtx.hgr,no,no,2,16,0.03,0.0297941,103.19,cut,134799,119910,no
rKaHyPar,Emilia_923.mtx.hgr,no,no,3,16,0.03,0.0299501,103.843,cut,136605,121929,no
rKaHyPar,Emilia_923.mtx.hgr,no,no,4,16,0.03,0.0299501,122.325,cut,135153,120435,no
rKaHyPar,Emilia_923.mtx.hgr,no,no,5,16,0.03,0.0293261,98.5518,cut,140799,123219,no
rKaHyPar,Emilia_923.mtx.hgr,no,no,6,16,0.03,0.0299501,131.148,cut,135342,120333,no
rKaHyPar,Emilia_923.mtx.hgr,no,no,7,16,0.03,0.0297941,146.376,cut,138954,123591,no
rKaHyPar,Emilia_923.mtx.hgr,no,no,8,16,0.03,0.0299501,116.869,cut,139806,124170,no
rKaHyPar,Emilia_923.mtx.hgr,no,no,9,16,0.03,0.0298461,101.349,cut,135597,120249,no
rKaHyPar,Emilia_923.mtx.hgr,no,no,0,2,0.03,0.0299956,158.145,cut,20490,20490,no
rKaHyPar,Emilia_923.mtx.hgr,no,no,1,2,0.03,0.0299956,132.29,cut,20697,20697,no
rKaHyPar,Emilia_923.mtx.hgr,no,no,2,2,0.03,0.0299956,188.667,cut,20730,20730,no
rKaHyPar,Emilia_923.mtx.hgr,no,no,3,2,0.03,0.0299956,133.588,cut,20688,20688,no
rKaHyPar,Emilia_923.mtx.hgr,no,no,4,2,0.03,0.0299956,183.461,cut,20643,20643,no
rKaHyPar,Emilia_923.mtx.hgr,no,no,5,2,0.03,0.0299956,137.829,cut,20790,20790,no
rKaHyPar,Emilia_923.mtx.hgr,no,no,6,2,0.03,0.0299891,211.493,cut,20643,20643,no
rKaHyPar,Emilia_923.mtx.hgr,no,no,7,2,0.03,0.0299046,187.138,cut,20490,20490,no
rKaHyPar,Emilia_923.mtx.hgr,no,no,8,2,0.03,0.0299761,140.239,cut,20820,20820,no
rKaHyPar,Emilia_923.mtx.hgr,no,no,9,2,0.03,0.0299956,129.19,cut,20580,20580,no
rKaHyPar,Emilia_923.mtx.hgr,no,no,0,32,0.03,0.0297421,161.418,cut,202512,170595,no
rKaHyPar,Emilia_923.mtx.hgr,no,no,1,32,0.03,0.0298461,128.247,cut,200712,169962,no
rKaHyPar,Emilia_923.mtx.hgr,no,no,2,32,0.03,0.0299501,149.446,cut,203733,172320,no
rKaHyPar,Emilia_923.mtx.hgr,no,no,3,32,0.03,0.0299501,126.16,cut,199743,169035,no
rKaHyPar,Emilia_923.mtx.hgr,no,no,4,32,0.03,0.0297421,126.838,cut,200883,171390,no
rKaHyPar,Emilia_923.mtx.hgr,no,no,5,32,0.03,0.0295341,111.228,cut,196902,166920,no
rKaHyPar,Emilia_923.mtx.hgr,no,no,6,32,0.03,0.0297421,113.182,cut,195528,167238,no
rKaHyPar,Emilia_923.mtx.hgr,no,no,7,32,0.03,0.0298461,125.012,cut,198525,166797,no
rKaHyPar,Emilia_923.mtx.hgr,no,no,8,32,0.03,0.0299501,110.077,cut,198939,168087,no
rKaHyPar,Emilia_923.mtx.hgr,no,no,9,32,0.03,0.0299501,152.456,cut,197268,166434,no
rKaHyPar,Emilia_923.mtx.hgr,no,no,0,4,0.03,0.0144031,127.601,cut,51111,49962,no
rKaHyPar,Emilia_923.mtx.hgr,no,no,1,4,0.03,0.0140521,95.9373,cut,51108,49971,no
rKaHyPar,Emilia_923.mtx.hgr,no,no,2,4,0.03,0.0140521,97.4596,cut,51114,49971,no
rKaHyPar,Emilia_923.mtx.hgr,no,no,3,4,0.03,0.0140521,102.802,cut,51093,49971,no
rKaHyPar,Emilia_923.mtx.hgr,no,no,4,4,0.03,0.0147671,165.958,cut,50520,49311,no
rKaHyPar,Emilia_923.mtx.hgr,no,no,5,4,0.03,0.0140521,96.4598,cut,51090,49971,no
rKaHyPar,Emilia_923.mtx.hgr,no,no,6,4,0.03,0.0136361,121.32,cut,51039,49977,no
rKaHyPar,Emilia_923.mtx.hgr,no,no,7,4,0.03,0.0108933,86.0084,cut,51093,49980,no
rKaHyPar,Emilia_923.mtx.hgr,no,no,8,4,0.03,0.0140521,136.74,cut,51075,49971,no
rKaHyPar,Emilia_923.mtx.hgr,no,no,9,4,0.03,0.0108933,80.8282,cut,51141,49980,no
rKaHyPar,Emilia_923.mtx.hgr,no,no,0,64,0.03,0.0299501,116.141,cut,280545,223668,no
rKaHyPar,Emilia_923.mtx.hgr,no,no,1,64,0.03,0.0299501,121.842,cut,286869,224685,no
rKaHyPar,Emilia_923.mtx.hgr,no,no,2,64,0.03,0.0299501,109.609,cut,283041,223914,no
rKaHyPar,Emilia_923.mtx.hgr,no,no,3,64,0.03,0.0299501,166.382,cut,282756,224280,no
rKaHyPar,Emilia_923.mtx.hgr,no,no,4,64,0.03,0.0299501,119.954,cut,283125,223452,no
rKaHyPar,Emilia_923.mtx.hgr,no,no,5,64,0.03,0.0299501,152.949,cut,279174,222441,no
rKaHyPar,Emilia_923.mtx.hgr,no,no,6,64,0.03,0.0297421,127.364,cut,285231,226272,no
rKaHyPar,Emilia_923.mtx.hgr,no,no,7,64,0.03,0.0297421,165.388,cut,279585,224433,no
rKaHyPar,Emilia_923.mtx.hgr,no,no,8,64,0.03,0.0299501,131.591,cut,280110,223653,no
rKaHyPar,Emilia_923.mtx.hgr,no,no,9,64,0.03,0.0297421,113.725,cut,282711,224223,no
rKaHyPar,Emilia_923.mtx.hgr,no,no,0,8,0.03,0.0285202,95.7442,cut,89154,83268,no
rKaHyPar,Emilia_923.mtx.hgr,no,no,1,8,0.03,0.0299761,126.635,cut,87834,82290,no
rKaHyPar,Emilia_923.mtx.hgr,no,no,2,8,0.03,0.0293781,114.653,cut,87870,82266,no
rKaHyPar,Emilia_923.mtx.hgr,no,no,3,8,0.03,0.0297681,100.227,cut,88182,82392,no
rKaHyPar,Emilia_923.mtx.hgr,no,no,4,8,0.03,0.0280262,196.294,cut,88551,82440,no
rKaHyPar,Emilia_923.mtx.hgr,no,no,5,8,0.03,0.0231125,118.405,cut,87549,81723,no
rKaHyPar,Emilia_923.mtx.hgr,no,no,6,8,0.03,0.0261023,139.477,cut,87996,82257,no
rKaHyPar,Emilia_923.mtx.hgr,no,no,7,8,0.03,0.0293001,114.91,cut,87978,82266,no
rKaHyPar,Emilia_923.mtx.hgr,no,no,8,8,0.03,0.0296381,116.697,cut,90030,83649,no
rKaHyPar,Emilia_923.mtx.hgr,no,no,9,8,0.03,0.0290661,113.58,cut,87939,82296,no
rKaHyPar,epb1.mtx.hgr,no,no,0,128,0.03,0.0258621,6.10666,cut,7263,4861,no
rKaHyPar,epb1.mtx.hgr,no,no,1,128,0.03,0.0258621,5.99399,cut,7291,4854,no
rKaHyPar,epb1.mtx.hgr,no,no,2,128,0.03,0.0258621,8.2454,cut,7369,4856,no
rKaHyPar,epb1.mtx.hgr,no,no,3,128,0.03,0.0258621,5.99682,cut,7292,4852,no
rKaHyPar,epb1.mtx.hgr,no,no,4,128,0.03,0.0258621,8.24715,cut,7325,4856,no
rKaHyPar,epb1.mtx.hgr,no,no,5,128,0.03,0.0258621,8.33247,cut,7319,4861,no
rKaHyPar,epb1.mtx.hgr,no,no,6,128,0.03,0.0258621,6.2264,cut,7363,4860,no
rKaHyPar,epb1.mtx.hgr,no,no,7,128,0.03,0.0258621,6.03127,cut,7244,4864,no
rKaHyPar,epb1.mtx.hgr,no,no,8,128,0.03,0.0258621,6.09628,cut,7271,4860,no
rKaHyPar,epb1.mtx.hgr,no,no,9,128,0.03,0.0258621,6.01134,cut,7220,4858,no
rKaHyPar,epb1.mtx.hgr,no,no,0,16,0.03,0.0260586,2.42674,cut,1921,1535,no
rKaHyPar,epb1.mtx.hgr,no,no,1,16,0.03,0.0260586,2.48404,cut,1861,1537,no
rKaHyPar,epb1.mtx.hgr,no,no,2,16,0.03,0.0260586,1.8256,cut,1842,1534,no
rKaHyPar,epb1.mtx.hgr,no,no,3,16,0.03,0.0271444,1.74579,cut,1912,1536,no
rKaHyPar,epb1.mtx.hgr,no,no,4,16,0.03,0.0260586,1.69841,cut,1845,1535,no
rKaHyPar,epb1.mtx.hgr,no,no,5,16,0.03,0.0282302,1.75211,cut,1890,1534,no
rKaHyPar,epb1.mtx.hgr,no,no,6,16,0.03,0.029316,2.53557,cut,1904,1534,no
rKaHyPar,epb1.mtx.hgr,no,no,7,16,0.03,0.0260586,2.41523,cut,1925,1535,no
rKaHyPar,epb1.mtx.hgr,no,no,8,16,0.03,0.0271444,1.73188,cut,1849,1535,no
rKaHyPar,epb1.mtx.hgr,no,no,9,16,0.03,0.0271444,1.79835,cut,1890,1534,no
rKaHyPar,epb1.mtx.hgr,no,no,0,2,0.03,0,0.509112,cut,209,209,no
rKaHyPar,epb1.mtx.hgr,no,no,1,2,0.03,0,0.431558,cut,209,209,no
rKaHyPar,epb1.mtx.hgr,no,no,2,2,0.03,0,0.531096,cut,209,209,no
rKaHyPar,epb1.mtx.hgr,no,no,3,2,0.03,0,0.484,cut,209,209,no
rKaHyPar,epb1.mtx.hgr,no,no,4,2,0.03,0,0.524961,cut,209,209,no
rKaHyPar,epb1.mtx.hgr,no,no,5,2,0.03,0,0.383822,cut,209,209,no
rKaHyPar,epb1.mtx.hgr,no,no,6,2,0.03,0,0.482104,cut,209,209,no
rKaHyPar,epb1.mtx.hgr,no,no,7,2,0.03,0,0.361914,cut,209,209,no
rKaHyPar,epb1.mtx.hgr,no,no,8,2,0.03,0,0.373082,cut,209,209,no
rKaHyPar,epb1.mtx.hgr,no,no,9,2,0.03,0,0.381395,cut,209,209,no
rKaHyPar,epb1.mtx.hgr,no,no,0,32,0.03,0.0260304,3.89313,cut,3123,2322,no
rKaHyPar,epb1.mtx.hgr,no,no,1,32,0.03,0.0238612,2.72969,cut,3095,2318,no
rKaHyPar,epb1.mtx.hgr,no,no,2,32,0.03,0.0281996,3.91954,cut,3110,2318,no
rKaHyPar,epb1.mtx.hgr,no,no,3,32,0.03,0.0281996,2.7549,cut,3072,2320,no
rKaHyPar,epb1.mtx.hgr,no,no,4,32,0.03,0.0281996,2.8833,cut,3127,2319,no
rKaHyPar,epb1.mtx.hgr,no,no,5,32,0.03,0.0281996,2.92059,cut,3175,2315,no
rKaHyPar,epb1.mtx.hgr,no,no,6,32,0.03,0.0281996,2.9153,cut,3147,2316,no
rKaHyPar,epb1.mtx.hgr,no,no,7,32,0.03,0.0238612,2.76286,cut,3061,2316,no
rKaHyPar,epb1.mtx.hgr,no,no,8,32,0.03,0.0260304,2.89532,cut,3148,2316,no
rKaHyPar,epb1.mtx.hgr,no,no,9,32,0.03,0.0260304,2.78713,cut,3175,2318,no
rKaHyPar,epb1.mtx.hgr,no,no,0,4,0.03,0.0214441,0.952494,cut,527,521,no
rKaHyPar,epb1.mtx.hgr,no,no,1,4,0.03,0.0214441,0.713701,cut,527,521,no
rKaHyPar,epb1.mtx.hgr,no,no,2,4,0.03,0.0214441,0.722162,cut,527,521,no
rKaHyPar,epb1.mtx.hgr,no,no,3,4,0.03,0.0214441,0.700929,cut,527,521,no
rKaHyPar,epb1.mtx.hgr,no,no,4,4,0.03,0.0214441,0.895269,cut,527,521,no
rKaHyPar,epb1.mtx.hgr,no,no,5,4,0.03,0.0214441,0.638471,cut,527,521,no
rKaHyPar,epb1.mtx.hgr,no,no,6,4,0.03,0.0214441,0.9168,cut,527,521,no
rKaHyPar,epb1.mtx.hgr,no,no,7,4,0.03,0.0214441,0.689891,cut,527,521,no
rKaHyPar,epb1.mtx.hgr,no,no,8,4,0.03,0.0214441,0.909144,cut,527,521,no
rKaHyPar,epb1.mtx.hgr,no,no,9,4,0.03,0.0214441,0.65124,cut,527,521,no
rKaHyPar,epb1.mtx.hgr,no,no,0,64,0.03,0.017316,4.25812,cut,4610,3459,no
rKaHyPar,epb1.mtx.hgr,no,no,1,64,0.03,0.021645,4.2699,cut,4764,3458,no
rKaHyPar,epb1.mtx.hgr,no,no,2,64,0.03,0.012987,4.30305,cut,4758,3454,no
rKaHyPar,epb1.mtx.hgr,no,no,3,64,0.03,0.017316,5.81524,cut,4750,3452,no
rKaHyPar,epb1.mtx.hgr,no,no,4,64,0.03,0.025974,4.24079,cut,4727,3461,no
rKaHyPar,epb1.mtx.hgr,no,no,5,64,0.03,0.021645,5.98989,cut,4702,3457,no
rKaHyPar,epb1.mtx.hgr,no,no,6,64,0.03,0.025974,4.25304,cut,4563,3460,no
rKaHyPar,epb1.mtx.hgr,no,no,7,64,0.03,0.025974,5.88705,cut,4718,3455,no
rKaHyPar,epb1.mtx.hgr,no,no,8,64,0.03,0.021645,4.36761,cut,4649,3459,no
rKaHyPar,epb1.mtx.hgr,no,no,9,64,0.03,0.021645,4.28174,cut,4770,3455,no
rKaHyPar,epb1.mtx.hgr,no,no,0,8,0.03,0.0173724,1.14783,cut,1112,930,no
rKaHyPar,epb1.mtx.hgr,no,no,1,8,0.03,0.0130293,1.11945,cut,1058,930,no
rKaHyPar,epb1.mtx.hgr,no,no,2,8,0.03,0.0114007,1.07439,cut,1104,930,no
rKaHyPar,epb1.mtx.hgr,no,no,3,8,0.03,0.0168295,1.09819,cut,1143,930,no
rKaHyPar,epb1.mtx.hgr,no,no,4,8,0.03,0.0124864,1.41936,cut,1192,930,no
rKaHyPar,epb1.mtx.hgr,no,no,5,8,0.03,0.0162866,1.47039,cut,1127,930,no
rKaHyPar,epb1.mtx.hgr,no,no,6,8,0.03,0.0130293,1.48291,cut,1110,930,no
rKaHyPar,epb1.mtx.hgr,no,no,7,8,0.03,0.014658,1.07718,cut,1093,930,no
rKaHyPar,epb1.mtx.hgr,no,no,8,8,0.03,0.0184582,1.04555,cut,1122,930,no
rKaHyPar,epb1.mtx.hgr,no,no,9,8,0.03,0.0179153,1.03958,cut,1145,930,no
rKaHyPar,ESOC.mtx.hgr,no,no,0,128,0.03,0.027027,145.114,cut,1470572,320632,no
rKaHyPar,ESOC.mtx.hgr,no,no,1,128,0.03,0.0236486,159.873,cut,1420974,320225,no
rKaHyPar,ESOC.mtx.hgr,no,no,2,128,0.03,0.027027,167.877,cut,1465927,320536,no
rKaHyPar,ESOC.mtx.hgr,no,no,3,128,0.03,0.027027,121.722,cut,1518544,320411,no
rKaHyPar,ESOC.mtx.hgr,no,no,4,128,0.03,0.027027,286.418,cut,1576296,320716,no
rKaHyPar,ESOC.mtx.hgr,no,no,5,128,0.03,0.027027,147.626,cut,1481887,320572,no
rKaHyPar,ESOC.mtx.hgr,no,no,6,128,0.03,0.027027,165.554,cut,1477408,320001,no
rKaHyPar,ESOC.mtx.hgr,no,no,7,128,0.03,0.027027,126.334,cut,1484595,320864,no
rKaHyPar,ESOC.mtx.hgr,no,no,8,128,0.03,0.027027,203.612,cut,1438017,320763,no
rKaHyPar,ESOC.mtx.hgr,no,no,9,128,0.03,0.027027,122.747,cut,1400705,320672,no
rKaHyPar,ESOC.mtx.hgr,no,no,0,16,0.03,0.0295983,225.756,cut,943123,294695,no
rKaHyPar,ESOC.mtx.hgr,no,no,1,16,0.03,0.0295983,170.491,cut,979796,293912,no
rKaHyPar,ESOC.mtx.hgr,no,no,2,16,0.03,0.0295983,231.726,cut,951510,291174,no
rKaHyPar,ESOC.mtx.hgr,no,no,3,16,0.03,0.0295983,111.379,cut,933586,294071,no
rKaHyPar,ESOC.mtx.hgr,no,no,4,16,0.03,0.0295983,220.52,cut,931277,292258,no
rKaHyPar,ESOC.mtx.hgr,no,no,5,16,0.03,0.0295983,175.187,cut,959525,294660,no
rKaHyPar,ESOC.mtx.hgr,no,no,6,16,0.03,0.0295983,141.83,cut,933118,292827,no
rKaHyPar,ESOC.mtx.hgr,no,no,7,16,0.03,0.0198732,164.226,cut,942916,296410,no
rKaHyPar,ESOC.mtx.hgr,no,no,8,16,0.03,0.0295983,181.635,cut,924716,293722,no
rKaHyPar,ESOC.mtx.hgr,no,no,9,16,0.03,0.0295983,119.819,cut,995974,295068,no
rKaHyPar,ESOC.mtx.hgr,no,no,0,2,0.03,0.0299762,931.679,cut,169612,169612,no
rKaHyPar,ESOC.mtx.hgr,no,no,1,2,0.03,0.0299762,769.689,cut,175226,175226,no
rKaHyPar,ESOC.mtx.hgr,no,no,2,2,0.03,0.0299233,1146.13,cut,174478,174478,no
rKaHyPar,ESOC.mtx.hgr,no,no,3,2,0.03,0.0299762,1185.06,cut,184806,184806,no
rKaHyPar,ESOC.mtx.hgr,no,no,4,2,0.03,0.0299762,920.558,cut,184893,184893,no
rKaHyPar,ESOC.mtx.hgr,no,no,5,2,0.03,0.0299762,753.836,cut,171823,171823,no
rKaHyPar,ESOC.mtx.hgr,no,no,6,2,0.03,0.0299762,1383.02,cut,174044,174044,no
rKaHyPar,ESOC.mtx.hgr,no,no,7,2,0.03,0.0260111,898.512,cut,157587,157587,no
rKaHyPar,ESOC.mtx.hgr,no,no,8,2,0.03,0.0299762,624.215,cut,167538,167538,no
rKaHyPar,ESOC.mtx.hgr,no,no,9,2,0.03,0,807.444,cut,160207,160207,no
rKaHyPar,ESOC.mtx.hgr,no,no,0,32,0.03,0.0295858,154.915,cut,1125521,307359,no
rKaHyPar,ESOC.mtx.hgr,no,no,1,32,0.03,0.0295858,111.232,cut,1217223,307941,no
rKaHyPar,ESOC.mtx.hgr,no,no,2,32,0.03,0.0295858,159.603,cut,1103929,307644,no
rKaHyPar,ESOC.mtx.hgr,no,no,3,32,0.03,0.0295858,114.976,cut,1148199,306418,no
rKaHyPar,ESOC.mtx.hgr,no,no,4,32,0.03,0.0295858,138.982,cut,1099673,303675,no
rKaHyPar,ESOC.mtx.hgr,no,no,5,32,0.03,0.0295858,124.742,cut,1156410,305801,no
rKaHyPar,ESOC.mtx.hgr,no,no,6,32,0.03,0.0295858,112.876,cut,1161071,304582,no
rKaHyPar,ESOC.mtx.hgr,no,no,7,32,0.03,0.0295858,134.525,cut,1150439,308320,no
rKaHyPar,ESOC.mtx.hgr,no,no,8,32,0.03,0.0295858,122.27,cut,1144793,306713,no
rKaHyPar,ESOC.mtx.hgr,no,no,9,32,0.03,0.0295858,115.171,cut,1190105,307797,no
rKaHyPar,ESOC.mtx.hgr,no,no,0,4,0.03,0.0148023,300.048,cut,379646,237631,no
rKaHyPar,ESOC.mtx.hgr,no,no,1,4,0.03,0.0299218,382.372,cut,386898,231272,no
rKaHyPar,ESOC.mtx.hgr,no,no,2,4,0.03,0.0299218,258.306,cut,427115,223352,no
rKaHyPar,ESOC.mtx.hgr,no,no,3,4,0.03,0.0299218,270.874,cut,438872,229668,no
rKaHyPar,ESOC.mtx.hgr,no,no,4,4,0.03,0.0299218,379.471,cut,419091,233431,no
rKaHyPar,ESOC.mtx.hgr,no,no,5,4,0.03,0.0299218,392.418,cut,357643,227100,no
rKaHyPar,ESOC.mtx.hgr,no,no,6,4,0.03,0.0299218,195.597,cut,401390,233416,no
rKaHyPar,ESOC.mtx.hgr,no,no,7,4,0.03,0.0299218,278.427,cut,431124,231269,no
rKaHyPar,ESOC.mtx.hgr,no,no,8,4,0.03,0.0299218,368.765,cut,422746,229350,no
rKaHyPar,ESOC.mtx.hgr,no,no,9,4,0.03,0.0299218,283.308,cut,400218,228235,no
rKaHyPar,ESOC.mtx.hgr,no,no,0,64,0.03,0.0287162,206.519,cut,1329002,315787,no
rKaHyPar,ESOC.mtx.hgr,no,no,1,64,0.03,0.0287162,132.831,cut,1323711,315937,no
rKaHyPar,ESOC.mtx.hgr,no,no,2,64,0.03,0.0287162,181.925,cut,1406866,316820,no
rKaHyPar,ESOC.mtx.hgr,no,no,3,64,0.03,0.0287162,138.527,cut,1296760,314934,no
rKaHyPar,ESOC.mtx.hgr,no,no,4,64,0.03,0.0287162,161.335,cut,1400424,315164,no
rKaHyPar,ESOC.mtx.hgr,no,no,5,64,0.03,0.0287162,160.494,cut,1290090,314196,no
rKaHyPar,ESOC.mtx.hgr,no,no,6,64,0.03,0.0287162,267.198,cut,1379064,314264,no
rKaHyPar,ESOC.mtx.hgr,no,no,7,64,0.03,0.0287162,190.5,cut,1306013,314236,no
rKaHyPar,ESOC.mtx.hgr,no,no,8,64,0.03,0.0287162,143.685,cut,1400466,316204,no
rKaHyPar,ESOC.mtx.hgr,no,no,9,64,0.03,0.0287162,109.887,cut,1356552,315101,no
rKaHyPar,ESOC.mtx.hgr,no,no,0,8,0.03,0.029816,394.133,cut,659164,264476,no
rKaHyPar,ESOC.mtx.hgr,no,no,1,8,0.03,0.029816,233.213,cut,636477,272522,no
rKaHyPar,ESOC.mtx.hgr,no,no,2,8,0.03,0.029816,152.434,cut,694668,274634,no
rKaHyPar,ESOC.mtx.hgr,no,no,3,8,0.03,0.029816,258.316,cut,696480,264319,no
rKaHyPar,ESOC.mtx.hgr,no,no,4,8,0.03,0.0296046,281.187,cut,681612,268543,no
rKaHyPar,ESOC.mtx.hgr,no,no,5,8,0.03,0.029816,228.171,cut,665719,269788,no
rKaHyPar,ESOC.mtx.hgr,no,no,6,8,0.03,0.029816,257.379,cut,659468,268964,no
rKaHyPar,ESOC.mtx.hgr,no,no,7,8,0.03,0.029816,169.453,cut,684695,274772,no
rKaHyPar,ESOC.mtx.hgr,no,no,8,8,0.03,0.029816,134.828,cut,656865,268337,no
rKaHyPar,ESOC.mtx.hgr,no,no,9,8,0.03,0.029816,152.741,cut,706474,275047,no
rKaHyPar,EternityII_A.mtx.hgr,no,no,0,128,0.03,0.0297366,135.506,cut,41993,5682,no
rKaHyPar,EternityII_A.mtx.hgr,no,no,1,128,0.03,0.0280374,138.804,cut,42458,5700,no
rKaHyPar,EternityII_A.mtx.hgr,no,no,2,128,0.03,0.028887,203.502,cut,42013,5749,no
rKaHyPar,EternityII_A.mtx.hgr,no,no,3,128,0.03,0.0280374,135.214,cut,42436,5702,no
rKaHyPar,EternityII_A.mtx.hgr,no,no,4,128,0.03,0.0280374,198.162,cut,42564,5648,no
rKaHyPar,EternityII_A.mtx.hgr,no,no,5,128,0.03,0.028887,201.102,cut,42510,5687,no
rKaHyPar,EternityII_A.mtx.hgr,no,no,6,128,0.03,0.028887,130.975,cut,42331,5684,no
rKaHyPar,EternityII_A.mtx.hgr,no,no,7,128,0.03,0.028887,151.998,cut,43335,5734,no
rKaHyPar,EternityII_A.mtx.hgr,no,no,8,128,0.03,0.028887,136.216,cut,42063,5689,no
rKaHyPar,EternityII_A.mtx.hgr,no,no,9,128,0.03,0.0297366,133.245,cut,42207,5645,no
rKaHyPar,EternityII_A.mtx.hgr,no,no,0,16,0.03,0.023898,163.369,cut,5167,1875,no
rKaHyPar,EternityII_A.mtx.hgr,no,no,1,16,0.03,0.023898,165.734,cut,5076,1854,no
rKaHyPar,EternityII_A.mtx.hgr,no,no,2,16,0.03,0.0240042,111.655,cut,5046,1822,no
rKaHyPar,EternityII_A.mtx.hgr,no,no,3,16,0.03,0.0195433,114.201,cut,5197,1905,no
rKaHyPar,EternityII_A.mtx.hgr,no,no,4,16,0.03,0.0231545,165.438,cut,5026,1747,no
rKaHyPar,EternityII_A.mtx.hgr,no,no,5,16,0.03,0.023898,113.968,cut,5069,1796,no
rKaHyPar,EternityII_A.mtx.hgr,no,no,6,16,0.03,0.0236856,166.806,cut,5178,1858,no
rKaHyPar,EternityII_A.mtx.hgr,no,no,7,16,0.03,0.0179501,163.299,cut,5181,1849,no
rKaHyPar,EternityII_A.mtx.hgr,no,no,8,16,0.03,0.0237918,113.72,cut,5176,1932,no
rKaHyPar,EternityII_A.mtx.hgr,no,no,9,16,0.03,0.023898,115.461,cut,5109,1849,no
rKaHyPar,EternityII_A.mtx.hgr,no,no,0,2,0.03,0.0238452,131.061,cut,514,514,no
rKaHyPar,EternityII_A.mtx.hgr,no,no,1,2,0.03,0.00513815,85.7464,cut,481,481,no
rKaHyPar,EternityII_A.mtx.hgr,no,no,2,2,0.03,0.00513815,126.207,cut,481,481,no
rKaHyPar,EternityII_A.mtx.hgr,no,no,3,2,0.03,0.0162376,123.336,cut,465,465,no
rKaHyPar,EternityII_A.mtx.hgr,no,no,4,2,0.03,0.0166625,84.3008,cut,483,483,no
rKaHyPar,EternityII_A.mtx.hgr,no,no,5,2,0.03,0.026567,86.6204,cut,498,498,no
rKaHyPar,EternityII_A.mtx.hgr,no,no,6,2,0.03,0.0166757,128.558,cut,483,483,no
rKaHyPar,EternityII_A.mtx.hgr,no,no,7,2,0.03,0.00513815,124.972,cut,481,481,no
rKaHyPar,EternityII_A.mtx.hgr,no,no,8,2,0.03,0.0127325,88.0345,cut,531,531,no
rKaHyPar,EternityII_A.mtx.hgr,no,no,9,2,0.03,0.0169678,84.1376,cut,528,528,no
rKaHyPar,EternityII_A.mtx.hgr,no,no,0,32,0.03,0.0297366,122.376,cut,9782,2902,no
rKaHyPar,EternityII_A.mtx.hgr,no,no,1,32,0.03,0.0297366,120.206,cut,9792,2795,no
rKaHyPar,EternityII_A.mtx.hgr,no,no,2,32,0.03,0.0290994,175.114,cut,9736,2907,no
rKaHyPar,EternityII_A.mtx.hgr,no,no,3,32,0.03,0.029949,121.118,cut,9843,2831,no
rKaHyPar,EternityII_A.mtx.hgr,no,no,4,32,0.03,0.0297366,119.797,cut,9861,2749,no
rKaHyPar,EternityII_A.mtx.hgr,no,no,5,32,0.03,0.0295242,130.913,cut,9802,2820,no
rKaHyPar,EternityII_A.mtx.hgr,no,no,6,32,0.03,0.0297366,130.984,cut,9974,2943,no
rKaHyPar,EternityII_A.mtx.hgr,no,no,7,32,0.03,0.0290994,118.382,cut,10049,2924,no
rKaHyPar,EternityII_A.mtx.hgr,no,no,8,32,0.03,0.0297366,125.992,cut,10147,2853,no
rKaHyPar,EternityII_A.mtx.hgr,no,no,9,32,0.03,0.029949,122.538,cut,9570,2722,no
rKaHyPar,EternityII_A.mtx.hgr,no,no,0,4,0.03,0.0295273,94.5593,cut,1283,781,no
rKaHyPar,EternityII_A.mtx.hgr,no,no,1,4,0.03,0.0255178,94.6852,cut,1198,700,no
rKaHyPar,EternityII_A.mtx.hgr,no,no,2,4,0.03,0.0255178,93.5415,cut,1198,700,no
rKaHyPar,EternityII_A.mtx.hgr,no,no,3,4,0.03,0.0224642,95.2251,cut,1242,707,no
rKaHyPar,EternityII_A.mtx.hgr,no,no,4,4,0.03,0.0280404,139.916,cut,1243,745,no
rKaHyPar,EternityII_A.mtx.hgr,no,no,5,4,0.03,0.0266065,95.9709,cut,1211,713,no
rKaHyPar,EternityII_A.mtx.hgr,no,no,6,4,0.03,0.0266065,144.026,cut,1211,713,no
rKaHyPar,EternityII_A.mtx.hgr,no,no,7,4,0.03,0.0255178,92.6063,cut,1198,700,no
rKaHyPar,EternityII_A.mtx.hgr,no,no,8,4,0.03,0.00828465,142.695,cut,1233,735,no
rKaHyPar,EternityII_A.mtx.hgr,no,no,9,4,0.03,0.0070632,144.955,cut,1231,733,no
rKaHyPar,EternityII_A.mtx.hgr,no,no,0,64,0.03,0.0297366,131.252,cut,19513,4257,no
rKaHyPar,EternityII_A.mtx.hgr,no,no,1,64,0.03,0.0297366,129.613,cut,19247,4233,no
rKaHyPar,EternityII_A.mtx.hgr,no,no,2,64,0.03,0.0293118,141.541,cut,19847,4297,no
rKaHyPar,EternityII_A.mtx.hgr,no,no,3,64,0.03,0.0293118,187.467,cut,19806,4314,no
rKaHyPar,EternityII_A.mtx.hgr,no,no,4,64,0.03,0.0297366,133.303,cut,19606,4275,no
rKaHyPar,EternityII_A.mtx.hgr,no,no,5,64,0.03,0.028887,192.428,cut,19006,4206,no
rKaHyPar,EternityII_A.mtx.hgr,no,no,6,64,0.03,0.0297366,126.116,cut,19401,4252,no
rKaHyPar,EternityII_A.mtx.hgr,no,no,7,64,0.03,0.0297366,183.884,cut,19589,4286,no
rKaHyPar,EternityII_A.mtx.hgr,no,no,8,64,0.03,0.028887,128.742,cut,19819,4327,no
rKaHyPar,EternityII_A.mtx.hgr,no,no,9,64,0.03,0.0293118,129.74,cut,19243,4262,no
rKaHyPar,EternityII_A.mtx.hgr,no,no,0,8,0.03,0.00881572,102.699,cut,2760,1251,no
rKaHyPar,EternityII_A.mtx.hgr,no,no,1,8,0.03,0.0175783,103.797,cut,2725,1290,no
rKaHyPar,EternityII_A.mtx.hgr,no,no,2,8,0.03,0.0145512,103.12,cut,2770,1284,no
rKaHyPar,EternityII_A.mtx.hgr,no,no,3,8,0.03,0.0146044,106.117,cut,2687,1245,no
rKaHyPar,EternityII_A.mtx.hgr,no,no,4,8,0.03,0.00860329,151.532,cut,2646,1159,no
rKaHyPar,EternityII_A.mtx.hgr,no,no,5,8,0.03,0.00881572,104.658,cut,2692,1206,no
rKaHyPar,EternityII_A.mtx.hgr,no,no,6,8,0.03,0.00860329,155.215,cut,2628,1141,no
rKaHyPar,EternityII_A.mtx.hgr,no,no,7,8,0.03,0.0145512,101.653,cut,2674,1243,no
rKaHyPar,EternityII_A.mtx.hgr,no,no,8,8,0.03,0.0145512,105.182,cut,2711,1279,no
rKaHyPar,EternityII_A.mtx.hgr,no,no,9,8,0.03,0.0297398,105.704,cut,2667,1232,no
rKaHyPar,ex19.mtx.hgr,no,no,0,128,0.03,0.0212766,6.05584,cut,15262,5873,no
rKaHyPar,ex19.mtx.hgr,no,no,1,128,0.03,0.0212766,6.04985,cut,15447,5910,no
rKaHyPar,ex19.mtx.hgr,no,no,2,128,0.03,0.0212766,8.81792,cut,16142,5944,no
rKaHyPar,ex19.mtx.hgr,no,no,3,128,0.03,0.0212766,6.05901,cut,16003,5926,no
rKaHyPar,ex19.mtx.hgr,no,no,4,128,0.03,0.0212766,8.89916,cut,15110,5904,no
rKaHyPar,ex19.mtx.hgr,no,no,5,128,0.03,0.0212766,9.06161,cut,16590,5957,no
rKaHyPar,ex19.mtx.hgr,no,no,6,128,0.03,0.0212766,9.1919,cut,15638,5950,no
rKaHyPar,ex19.mtx.hgr,no,no,7,128,0.03,0.0212766,6.13464,cut,15833,5884,no
rKaHyPar,ex19.mtx.hgr,no,no,8,128,0.03,0.0212766,8.90743,cut,15498,5934,no
rKaHyPar,ex19.mtx.hgr,no,no,9,128,0.03,0.0212766,6.09851,cut,17112,5950,no
rKaHyPar,ex19.mtx.hgr,no,no,0,16,0.03,0.0133156,2.14887,cut,1803,1209,no
rKaHyPar,ex19.mtx.hgr,no,no,1,16,0.03,0.00798935,2.9923,cut,1716,1209,no
rKaHyPar,ex19.mtx.hgr,no,no,2,16,0.03,0.0266312,2.09206,cut,1974,1209,no
rKaHyPar,ex19.mtx.hgr,no,no,3,16,0.03,0.0133156,3.10446,cut,1374,1209,no
rKaHyPar,ex19.mtx.hgr,no,no,4,16,0.03,0.0252996,3.07909,cut,1812,1209,no
rKaHyPar,ex19.mtx.hgr,no,no,5,16,0.03,0.0133156,2.06941,cut,1848,1209,no
rKaHyPar,ex19.mtx.hgr,no,no,6,16,0.03,0.0199734,2.17897,cut,1647,1209,no
rKaHyPar,ex19.mtx.hgr,no,no,7,16,0.03,0.011984,3.13533,cut,1755,1209,no
rKaHyPar,ex19.mtx.hgr,no,no,8,16,0.03,0.0226365,2.10041,cut,1740,1209,no
rKaHyPar,ex19.mtx.hgr,no,no,9,16,0.03,0.0133156,2.12411,cut,1557,1209,no
rKaHyPar,ex19.mtx.hgr,no,no,0,2,0.03,0,0.392665,cut,0,0,no
rKaHyPar,ex19.mtx.hgr,no,no,1,2,0.03,0,0.283764,cut,0,0,no
rKaHyPar,ex19.mtx.hgr,no,no,2,2,0.03,0,0.402186,cut,0,0,no
rKaHyPar,ex19.mtx.hgr,no,no,3,2,0.03,0,0.283706,cut,0,0,no
rKaHyPar,ex19.mtx.hgr,no,no,4,2,0.03,0,0.28565,cut,0,0,no
rKaHyPar,ex19.mtx.hgr,no,no,5,2,0.03,0,0.283707,cut,0,0,no
rKaHyPar,ex19.mtx.hgr,no,no,6,2,0.03,0,0.287684,cut,0,0,no
rKaHyPar,ex19.mtx.hgr,no,no,7,2,0.03,0,0.433517,cut,0,0,no
rKaHyPar,ex19.mtx.hgr,no,no,8,2,0.03,0,0.271935,cut,0,0,no
rKaHyPar,ex19.mtx.hgr,no,no,9,2,0.03,0,0.303566,cut,0,0,no
rKaHyPar,ex19.mtx.hgr,no,no,0,32,0.03,0.0132979,3.18042,cut,4191,2444,no
rKaHyPar,ex19.mtx.hgr,no,no,1,32,0.03,0.018617,3.26856,cut,3846,2441,no
rKaHyPar,ex19.mtx.hgr,no,no,2,32,0.03,0.018617,3.45147,cut,3676,2452,no
rKaHyPar,ex19.mtx.hgr,no,no,3,32,0.03,0.0212766,3.28134,cut,4329,2425,no
rKaHyPar,ex19.mtx.hgr,no,no,4,32,0.03,0.0239362,3.43978,cut,3956,2435,no
rKaHyPar,ex19.mtx.hgr,no,no,5,32,0.03,0.0132979,4.60481,cut,3815,2447,no
rKaHyPar,ex19.mtx.hgr,no,no,6,32,0.03,0.0132979,3.16987,cut,4083,2455,no
rKaHyPar,ex19.mtx.hgr,no,no,7,32,0.03,0.0106383,3.27015,cut,3977,2445,no
rKaHyPar,ex19.mtx.hgr,no,no,8,32,0.03,0.0159574,4.64417,cut,4302,2443,no
rKaHyPar,ex19.mtx.hgr,no,no,9,32,0.03,0.0265957,3.1662,cut,3873,2439,no
rKaHyPar,ex19.mtx.hgr,no,no,0,4,0.03,0.0253165,0.719675,cut,159,159,no
rKaHyPar,ex19.mtx.hgr,no,no,1,4,0.03,0.0283145,0.689964,cut,168,168,no
rKaHyPar,ex19.mtx.hgr,no,no,2,4,0.03,0.0289807,1.04758,cut,156,156,no
rKaHyPar,ex19.mtx.hgr,no,no,3,4,0.03,0.0273151,0.670619,cut,159,159,no
rKaHyPar,ex19.mtx.hgr,no,no,4,4,0.03,0.0293138,1.00499,cut,156,156,no
rKaHyPar,ex19.mtx.hgr,no,no,5,4,0.03,0.0273151,0.700668,cut,159,159,no
rKaHyPar,ex19.mtx.hgr,no,no,6,4,0.03,0.0289807,0.754095,cut,156,156,no
rKaHyPar,ex19.mtx.hgr,no,no,7,4,0.03,0.0259827,0.724576,cut,159,159,no
rKaHyPar,ex19.mtx.hgr,no,no,8,4,0.03,0.02998,0.674348,cut,156,156,no
rKaHyPar,ex19.mtx.hgr,no,no,9,4,0.03,0.0259827,0.957446,cut,159,159,no
rKaHyPar,ex19.mtx.hgr,no,no,0,64,0.03,0.0106383,4.60684,cut,7891,3940,no
rKaHyPar,ex19.mtx.hgr,no,no,1,64,0.03,0.0212766,6.62942,cut,8228,3961,no
rKaHyPar,ex19.mtx.hgr,no,no,2,64,0.03,0.0265957,4.74113,cut,8292,3982,no
rKaHyPar,ex19.mtx.hgr,no,no,3,64,0.03,0.0265957,6.75421,cut,7918,3977,no
rKaHyPar,ex19.mtx.hgr,no,no,4,64,0.03,0.0106383,4.77263,cut,8331,3955,no
rKaHyPar,ex19.mtx.hgr,no,no,5,64,0.03,0.0106383,6.55533,cut,8206,3990,no
rKaHyPar,ex19.mtx.hgr,no,no,6,64,0.03,0.0106383,4.56707,cut,8687,3983,no
rKaHyPar,ex19.mtx.hgr,no,no,7,64,0.03,0.0106383,6.812,cut,8241,3960,no
rKaHyPar,ex19.mtx.hgr,no,no,8,64,0.03,0.0159574,4.51591,cut,7916,3973,no
rKaHyPar,ex19.mtx.hgr,no,no,9,64,0.03,0.0212766,4.60508,cut,8340,3990,no
rKaHyPar,ex19.mtx.hgr,no,no,0,8,0.03,0.00799467,1.30004,cut,618,519,no
rKaHyPar,ex19.mtx.hgr,no,no,1,8,0.03,0.0133245,1.32137,cut,747,522,no
rKaHyPar,ex19.mtx.hgr,no,no,2,8,0.03,0.0133245,1.24633,cut,693,519,no
rKaHyPar,ex19.mtx.hgr,no,no,3,8,0.03,0.0133245,1.34746,cut,519,519,no
rKaHyPar,ex19.mtx.hgr,no,no,4,8,0.03,0.011992,1.96927,cut,666,519,no
rKaHyPar,ex19.mtx.hgr,no,no,5,8,0.03,0.00932712,1.2547,cut,600,519,no
rKaHyPar,ex19.mtx.hgr,no,no,6,8,0.03,0.0213191,1.86098,cut,537,516,no
rKaHyPar,ex19.mtx.hgr,no,no,7,8,0.03,0.011992,1.32081,cut,669,519,no
rKaHyPar,ex19.mtx.hgr,no,no,8,8,0.03,0.0159893,1.30116,cut,636,519,no
rKaHyPar,ex19.mtx.hgr,no,no,9,8,0.03,0.0193205,1.25743,cut,657,519,no
rKaHyPar,F2.mtx.hgr,no,no,0,128,0.03,0.0250447,17.5736,cut,149607,45042,no
rKaHyPar,F2.mtx.hgr,no,no,1,128,0.03,0.0286225,17.4237,cut,146074,45117,no
rKaHyPar,F2.mtx.hgr,no,no,2,128,0.03,0.0286225,24.7997,cut,148860,45105,no
rKaHyPar,F2.mtx.hgr,no,no,3,128,0.03,0.0250447,17.2417,cut,150308,44655,no
rKaHyPar,F2.mtx.hgr,no,no,4,128,0.03,0.0250447,25.1412,cut,148674,44766,no
rKaHyPar,F2.mtx.hgr,no,no,5,128,0.03,0.0250447,24.9161,cut,144228,44769,no
rKaHyPar,F2.mtx.hgr,no,no,6,128,0.03,0.0250447,24.9898,cut,148053,44862,no
rKaHyPar,F2.mtx.hgr,no,no,7,128,0.03,0.0286225,17.5121,cut,147206,44718,no
rKaHyPar,F2.mtx.hgr,no,no,8,128,0.03,0.0250447,17.3257,cut,144626,44997,no
rKaHyPar,F2.mtx.hgr,no,no,9,128,0.03,0.0250447,17.507,cut,146601,45012,no
rKaHyPar,F2.mtx.hgr,no,no,0,16,0.03,0.0295302,9.86537,cut,23259,15498,no
rKaHyPar,F2.mtx.hgr,no,no,1,16,0.03,0.0295302,13.7151,cut,23402,15483,no
rKaHyPar,F2.mtx.hgr,no,no,2,16,0.03,0.0275168,9.64392,cut,22737,15495,no
rKaHyPar,F2.mtx.hgr,no,no,3,16,0.03,0.0281879,13.6027,cut,22367,15573,no
rKaHyPar,F2.mtx.hgr,no,no,4,16,0.03,0.0295302,13.8879,cut,23283,15600,no
rKaHyPar,F2.mtx.hgr,no,no,5,16,0.03,0.0293065,9.52703,cut,23720,15315,no
rKaHyPar,F2.mtx.hgr,no,no,6,16,0.03,0.0255034,10.0598,cut,23852,15315,no
rKaHyPar,F2.mtx.hgr,no,no,7,16,0.03,0.0248322,13.7335,cut,22044,15699,no
rKaHyPar,F2.mtx.hgr,no,no,8,16,0.03,0.0299776,9.68454,cut,21242,15410,no
rKaHyPar,F2.mtx.hgr,no,no,9,16,0.03,0.0268456,9.50405,cut,20310,15378,no
rKaHyPar,F2.mtx.hgr,no,no,0,2,0.03,0.0272145,4.82525,cut,1293,1293,no
rKaHyPar,F2.mtx.hgr,no,no,1,2,0.03,0.0272145,3.27178,cut,1293,1293,no
rKaHyPar,F2.mtx.hgr,no,no,2,2,0.03,0.0226834,5.18282,cut,1299,1299,no
rKaHyPar,F2.mtx.hgr,no,no,3,2,0.03,0.0225995,3.26544,cut,1299,1299,no
rKaHyPar,F2.mtx.hgr,no,no,4,2,0.03,0.0271306,3.42666,cut,1293,1293,no
rKaHyPar,F2.mtx.hgr,no,no,5,2,0.03,0.0225995,3.654,cut,1299,1299,no
rKaHyPar,F2.mtx.hgr,no,no,6,2,0.03,0.0271306,3.38813,cut,1293,1293,no
rKaHyPar,F2.mtx.hgr,no,no,7,2,0.03,0.0272145,5.10927,cut,1293,1293,no
rKaHyPar,F2.mtx.hgr,no,no,8,2,0.03,0.0272145,3.56851,cut,1293,1293,no
rKaHyPar,F2.mtx.hgr,no,no,9,2,0.03,0.0271306,3.51693,cut,1293,1293,no
rKaHyPar,F2.mtx.hgr,no,no,0,32,0.03,0.0295302,12.0749,cut,48056,24780,no
rKaHyPar,F2.mtx.hgr,no,no,1,32,0.03,0.0268456,12.2358,cut,45494,24645,no
rKaHyPar,F2.mtx.hgr,no,no,2,32,0.03,0.0299776,12.1034,cut,44342,24282,no
rKaHyPar,F2.mtx.hgr,no,no,3,32,0.03,0.0281879,12.0176,cut,43997,24789,no
rKaHyPar,F2.mtx.hgr,no,no,4,32,0.03,0.0255034,12.2137,cut,46726,24555,no
rKaHyPar,F2.mtx.hgr,no,no,5,32,0.03,0.0281879,17.3858,cut,49551,24552,no
rKaHyPar,F2.mtx.hgr,no,no,6,32,0.03,0.0295302,12.1754,cut,49947,24732,no
rKaHyPar,F2.mtx.hgr,no,no,7,32,0.03,0.0295302,12.3939,cut,49279,24636,no
rKaHyPar,F2.mtx.hgr,no,no,8,32,0.03,0.0295302,17.4955,cut,46066,24456,no
rKaHyPar,F2.mtx.hgr,no,no,9,32,0.03,0.0295302,12.1543,cut,46128,24558,no
rKaHyPar,F2.mtx.hgr,no,no,0,4,0.03,0.0208089,5.31653,cut,4614,3165,no
rKaHyPar,F2.mtx.hgr,no,no,1,4,0.03,0.0201376,5.34945,cut,4665,3216,no
rKaHyPar,F2.mtx.hgr,no,no,2,4,0.03,0.0209767,8.65937,cut,4626,3165,no
rKaHyPar,F2.mtx.hgr,no,no,3,4,0.03,0.00402752,5.00772,cut,3231,3153,no
rKaHyPar,F2.mtx.hgr,no,no,4,4,0.03,0.00637691,7.95092,cut,4062,3237,no
rKaHyPar,F2.mtx.hgr,no,no,5,4,0.03,0.0091738,5.22751,cut,4575,3165,no
rKaHyPar,F2.mtx.hgr,no,no,6,4,0.03,0.00402752,8.00404,cut,3231,3153,no
rKaHyPar,F2.mtx.hgr,no,no,7,4,0.03,0.0236617,5.88219,cut,4602,3153,no
rKaHyPar,F2.mtx.hgr,no,no,8,4,0.03,0.0199698,5.85356,cut,4665,3216,no
rKaHyPar,F2.mtx.hgr,no,no,9,4,0.03,0.00648878,7.52192,cut,3246,3168,no
rKaHyPar,F2.mtx.hgr,no,no,0,64,0.03,0.0277281,14.5804,cut,87882,34224,no
rKaHyPar,F2.mtx.hgr,no,no,1,64,0.03,0.0277281,20.9044,cut,82364,34326,no
rKaHyPar,F2.mtx.hgr,no,no,2,64,0.03,0.0277281,14.6197,cut,86044,33894,no
rKaHyPar,F2.mtx.hgr,no,no,3,64,0.03,0.029517,20.8661,cut,86596,34032,no
rKaHyPar,F2.mtx.hgr,no,no,4,64,0.03,0.0277281,14.4029,cut,84146,33774,no
rKaHyPar,F2.mtx.hgr,no,no,5,64,0.03,0.0277281,20.899,cut,87855,33813,no
rKaHyPar,F2.mtx.hgr,no,no,6,64,0.03,0.0286225,14.5632,cut,87931,34161,no
rKaHyPar,F2.mtx.hgr,no,no,7,64,0.03,0.0286225,20.8707,cut,83425,34485,no
rKaHyPar,F2.mtx.hgr,no,no,8,64,0.03,0.0277281,14.6082,cut,88441,34344,no
rKaHyPar,F2.mtx.hgr,no,no,9,64,0.03,0.0277281,14.4871,cut,83198,33555,no
rKaHyPar,F2.mtx.hgr,no,no,0,8,0.03,0.029981,7.51724,cut,10116,7842,no
rKaHyPar,F2.mtx.hgr,no,no,1,8,0.03,0.0266249,7.67397,cut,10764,7704,no
rKaHyPar,F2.mtx.hgr,no,no,2,8,0.03,0.0296454,7.48792,cut,10914,7701,no
rKaHyPar,F2.mtx.hgr,no,no,3,8,0.03,0.0208077,7.41291,cut,13179,7842,no
rKaHyPar,F2.mtx.hgr,no,no,4,8,0.03,0.0175635,11.0261,cut,9531,7815,no
rKaHyPar,F2.mtx.hgr,no,no,5,8,0.03,0.0286386,7.81372,cut,11016,7770,no
rKaHyPar,F2.mtx.hgr,no,no,6,8,0.03,0.0132006,10.3078,cut,11212,7839,no
rKaHyPar,F2.mtx.hgr,no,no,7,8,0.03,0.0261774,7.4294,cut,12225,7848,no
rKaHyPar,F2.mtx.hgr,no,no,8,8,0.03,0.0293098,7.53136,cut,10713,7866,no
rKaHyPar,F2.mtx.hgr,no,no,9,8,0.03,0.0175635,7.52731,cut,10788,7809,no
rKaHyPar,fd18.mtx.hgr,no,no,0,128,0.03,0.0232558,5.83355,cut,4924,4117,no
rKaHyPar,fd18.mtx.hgr,no,no,1,128,0.03,0.0232558,5.87227,cut,4852,4104,no
rKaHyPar,fd18.mtx.hgr,no,no,2,128,0.03,0.0232558,5.72572,cut,4906,4121,no
rKaHyPar,fd18.mtx.hgr,no,no,3,128,0.03,0.0232558,5.78219,cut,4840,4110,no
rKaHyPar,fd18.mtx.hgr,no,no,4,128,0.03,0.0232558,7.94662,cut,4843,4124,no
rKaHyPar,fd18.mtx.hgr,no,no,5,128,0.03,0.0232558,7.90877,cut,4905,4129,no
rKaHyPar,fd18.mtx.hgr,no,no,6,128,0.03,0.0232558,8.03291,cut,4872,4117,no
rKaHyPar,fd18.mtx.hgr,no,no,7,128,0.03,0.0232558,5.94367,cut,4922,4106,no
rKaHyPar,fd18.mtx.hgr,no,no,8,128,0.03,0.0232558,7.92367,cut,4894,4101,no
rKaHyPar,fd18.mtx.hgr,no,no,9,128,0.03,0.0232558,5.78741,cut,4910,4102,no
rKaHyPar,fd18.mtx.hgr,no,no,0,16,0.03,0.0204479,1.83901,cut,1343,1296,no
rKaHyPar,fd18.mtx.hgr,no,no,1,16,0.03,0.0204479,2.54167,cut,1337,1294,no
rKaHyPar,fd18.mtx.hgr,no,no,2,16,0.03,0.0282376,1.81913,cut,1345,1292,no
rKaHyPar,fd18.mtx.hgr,no,no,3,16,0.03,0.0165531,2.57788,cut,1335,1295,no
rKaHyPar,fd18.mtx.hgr,no,no,4,16,0.03,0.0185005,2.45038,cut,1343,1297,no
rKaHyPar,fd18.mtx.hgr,no,no,5,16,0.03,0.0165531,2.61234,cut,1342,1294,no
rKaHyPar,fd18.mtx.hgr,no,no,6,16,0.03,0.0165531,1.92304,cut,1338,1291,no
rKaHyPar,fd18.mtx.hgr,no,no,7,16,0.03,0.0185005,2.58956,cut,1347,1296,no
rKaHyPar,fd18.mtx.hgr,no,no,8,16,0.03,0.0165531,1.8242,cut,1347,1294,no
rKaHyPar,fd18.mtx.hgr,no,no,9,16,0.03,0.0175268,1.87742,cut,1344,1293,no
rKaHyPar,fd18.mtx.hgr,no,no,0,2,0.03,0,0.452446,cut,140,140,no
rKaHyPar,fd18.mtx.hgr,no,no,1,2,0.03,0,0.357802,cut,140,140,no
rKaHyPar,fd18.mtx.hgr,no,no,2,2,0.03,0,0.406795,cut,140,140,no
rKaHyPar,fd18.mtx.hgr,no,no,3,2,0.03,0,0.350863,cut,140,140,no
rKaHyPar,fd18.mtx.hgr,no,no,4,2,0.03,0,0.347129,cut,140,140,no
rKaHyPar,fd18.mtx.hgr,no,no,5,2,0.03,0,0.345008,cut,140,140,no
rKaHyPar,fd18.mtx.hgr,no,no,6,2,0.03,0,0.383437,cut,140,140,no
rKaHyPar,fd18.mtx.hgr,no,no,7,2,0.03,0,0.442903,cut,140,140,no
rKaHyPar,fd18.mtx.hgr,no,no,8,2,0.03,0,0.307543,cut,140,140,no
rKaHyPar,fd18.mtx.hgr,no,no,9,2,0.03,0,0.373463,cut,140,140,no
rKaHyPar,fd18.mtx.hgr,no,no,0,32,0.03,0.0233463,2.75631,cut,2002,1859,no
rKaHyPar,fd18.mtx.hgr,no,no,1,32,0.03,0.0272374,2.81959,cut,1996,1859,no
rKaHyPar,fd18.mtx.hgr,no,no,2,32,0.03,0.0291829,2.87036,cut,2002,1865,no
rKaHyPar,fd18.mtx.hgr,no,no,3,32,0.03,0.0252918,2.82713,cut,1989,1864,no
rKaHyPar,fd18.mtx.hgr,no,no,4,32,0.03,0.0291829,3.88107,cut,2007,1866,no
rKaHyPar,fd18.mtx.hgr,no,no,5,32,0.03,0.0252918,3.78834,cut,2012,1867,no
rKaHyPar,fd18.mtx.hgr,no,no,6,32,0.03,0.0214008,2.80314,cut,1993,1858,no
rKaHyPar,fd18.mtx.hgr,no,no,7,32,0.03,0.0272374,2.81632,cut,1995,1858,no
rKaHyPar,fd18.mtx.hgr,no,no,8,32,0.03,0.0291829,3.78906,cut,2006,1862,no
rKaHyPar,fd18.mtx.hgr,no,no,9,32,0.03,0.0272374,2.82351,cut,1995,1866,no
rKaHyPar,fd18.mtx.hgr,no,no,0,4,0.03,0.00900901,0.709123,cut,430,430,no
rKaHyPar,fd18.mtx.hgr,no,no,1,4,0.03,0.00900901,0.706861,cut,430,430,no
rKaHyPar,fd18.mtx.hgr,no,no,2,4,0.03,0.00900901,0.973755,cut,430,430,no
rKaHyPar,fd18.mtx.hgr,no,no,3,4,0.03,0.00900901,0.694773,cut,430,430,no
rKaHyPar,fd18.mtx.hgr,no,no,4,4,0.03,0.00900901,0.658705,cut,430,430,no
rKaHyPar,fd18.mtx.hgr,no,no,5,4,0.03,0.00900901,0.662742,cut,430,430,no
rKaHyPar,fd18.mtx.hgr,no,no,6,4,0.03,0.00900901,0.678824,cut,430,430,no
rKaHyPar,fd18.mtx.hgr,no,no,7,4,0.03,0.00900901,0.717186,cut,430,430,no
rKaHyPar,fd18.mtx.hgr,no,no,8,4,0.03,0.00900901,0.646128,cut,430,430,no
rKaHyPar,fd18.mtx.hgr,no,no,9,4,0.03,0.00900901,0.945878,cut,430,430,no
rKaHyPar,fd18.mtx.hgr,no,no,0,64,0.03,0.0272374,5.49827,cut,3298,2951,no
rKaHyPar,fd18.mtx.hgr,no,no,1,64,0.03,0.0272374,5.57154,cut,3262,2966,no
rKaHyPar,fd18.mtx.hgr,no,no,2,64,0.03,0.0272374,4.06173,cut,3290,2976,no
rKaHyPar,fd18.mtx.hgr,no,no,3,64,0.03,0.0272374,5.76703,cut,3296,2954,no
rKaHyPar,fd18.mtx.hgr,no,no,4,64,0.03,0.0272374,4.20423,cut,3279,2969,no
rKaHyPar,fd18.mtx.hgr,no,no,5,64,0.03,0.0272374,5.48448,cut,3257,2974,no
rKaHyPar,fd18.mtx.hgr,no,no,6,64,0.03,0.0272374,5.63758,cut,3238,2946,no
rKaHyPar,fd18.mtx.hgr,no,no,7,64,0.03,0.0272374,5.73401,cut,3283,2953,no
rKaHyPar,fd18.mtx.hgr,no,no,8,64,0.03,0.0272374,4.03491,cut,3270,2946,no
rKaHyPar,fd18.mtx.hgr,no,no,9,64,0.03,0.0272374,4.05145,cut,3286,2950,no
rKaHyPar,fd18.mtx.hgr,no,no,0,8,0.03,0.0170399,1.62801,cut,732,718,no
rKaHyPar,fd18.mtx.hgr,no,no,1,8,0.03,0.0170399,1.19259,cut,734,720,no
rKaHyPar,fd18.mtx.hgr,no,no,2,8,0.03,0.0160662,1.18426,cut,734,720,no
rKaHyPar,fd18.mtx.hgr,no,no,3,8,0.03,0.0204479,1.16853,cut,732,718,no
rKaHyPar,fd18.mtx.hgr,no,no,4,8,0.03,0.0170399,1.60087,cut,732,718,no
rKaHyPar,fd18.mtx.hgr,no,no,5,8,0.03,0.023369,1.15396,cut,732,718,no
rKaHyPar,fd18.mtx.hgr,no,no,6,8,0.03,0.0165531,1.58812,cut,733,718,no
rKaHyPar,fd18.mtx.hgr,no,no,7,8,0.03,0.0160662,1.17668,cut,732,718,no
rKaHyPar,fd18.mtx.hgr,no,no,8,8,0.03,0.0160662,1.16646,cut,732,718,no
rKaHyPar,fd18.mtx.hgr,no,no,9,8,0.03,0.0160662,1.5708,cut,734,720,no
rKaHyPar,fem_filter.mtx.hgr,no,no,0,128,0.03,0.029361,48.5951,cut,72429,34938,no
rKaHyPar,fem_filter.mtx.hgr,no,no,1,128,0.03,0.029361,49.8339,cut,71601,35178,no
rKaHyPar,fem_filter.mtx.hgr,no,no,2,128,0.03,0.029361,50.6816,cut,72655,35334,no
rKaHyPar,fem_filter.mtx.hgr,no,no,3,128,0.03,0.029361,50.5872,cut,71830,35135,no
rKaHyPar,fem_filter.mtx.hgr,no,no,4,128,0.03,0.029361,81.043,cut,73013,35656,no
rKaHyPar,fem_filter.mtx.hgr,no,no,5,128,0.03,0.029361,78.7973,cut,74595,35139,no
rKaHyPar,fem_filter.mtx.hgr,no,no,6,128,0.03,0.029361,82.1783,cut,71978,35432,no
rKaHyPar,fem_filter.mtx.hgr,no,no,7,128,0.03,0.029361,50.052,cut,72456,35188,no
rKaHyPar,fem_filter.mtx.hgr,no,no,8,128,0.03,0.029361,82.3088,cut,68518,35088,no
rKaHyPar,fem_filter.mtx.hgr,no,no,9,128,0.03,0.029361,51.0865,cut,72769,35557,no
rKaHyPar,fem_filter.mtx.hgr,no,no,0,16,0.03,0.02938,32.2353,cut,20407,14423,no
rKaHyPar,fem_filter.mtx.hgr,no,no,1,16,0.03,0.029596,58.6258,cut,20327,14551,no
rKaHyPar,fem_filter.mtx.hgr,no,no,2,16,0.03,0.0298121,34.5191,cut,19888,14432,no
rKaHyPar,fem_filter.mtx.hgr,no,no,3,16,0.03,0.0298121,51.9285,cut,20176,14456,no
rKaHyPar,fem_filter.mtx.hgr,no,no,4,16,0.03,0.0298121,54.0185,cut,19708,14356,no
rKaHyPar,fem_filter.mtx.hgr,no,no,5,16,0.03,0.0298121,53.0667,cut,20518,14465,no
rKaHyPar,fem_filter.mtx.hgr,no,no,6,16,0.03,0.029164,37.9991,cut,19478,14525,no
rKaHyPar,fem_filter.mtx.hgr,no,no,7,16,0.03,0.0298121,55.9647,cut,19817,14461,no
rKaHyPar,fem_filter.mtx.hgr,no,no,8,16,0.03,0.0298121,34.5215,cut,19935,14137,no
rKaHyPar,fem_filter.mtx.hgr,no,no,9,16,0.03,0.029596,35.2172,cut,20104,14742,no
rKaHyPar,fem_filter.mtx.hgr,no,no,0,2,0.03,0,22.9191,cut,2754,2754,no
rKaHyPar,fem_filter.mtx.hgr,no,no,1,2,0.03,8.10132e-05,16.6777,cut,2754,2754,no
rKaHyPar,fem_filter.mtx.hgr,no,no,2,2,0.03,0,14.9573,cut,2754,2754,no
rKaHyPar,fem_filter.mtx.hgr,no,no,3,2,0.03,0,15.505,cut,2754,2754,no
rKaHyPar,fem_filter.mtx.hgr,no,no,4,2,0.03,0.000108018,17.9702,cut,2754,2754,no
rKaHyPar,fem_filter.mtx.hgr,no,no,5,2,0.03,0,15.1937,cut,2754,2754,no
rKaHyPar,fem_filter.mtx.hgr,no,no,6,2,0.03,0,14.8459,cut,2754,2754,no
rKaHyPar,fem_filter.mtx.hgr,no,no,7,2,0.03,0,22.3375,cut,2754,2754,no
rKaHyPar,fem_filter.mtx.hgr,no,no,8,2,0.03,0.000216035,15.5737,cut,2754,2754,no
rKaHyPar,fem_filter.mtx.hgr,no,no,9,2,0.03,0,16.2964,cut,2754,2754,no
rKaHyPar,fem_filter.mtx.hgr,no,no,0,32,0.03,0.0298056,38.266,cut,30750,20358,no
rKaHyPar,fem_filter.mtx.hgr,no,no,1,32,0.03,0.0298056,36.7488,cut,32334,20141,no
rKaHyPar,fem_filter.mtx.hgr,no,no,2,32,0.03,0.0289417,39.0574,cut,30624,20092,no
rKaHyPar,fem_filter.mtx.hgr,no,no,3,32,0.03,0.0298056,38.4727,cut,30518,20564,no
rKaHyPar,fem_filter.mtx.hgr,no,no,4,32,0.03,0.0293737,63.3888,cut,31562,20612,no
rKaHyPar,fem_filter.mtx.hgr,no,no,5,32,0.03,0.0298056,63.4238,cut,30770,20575,no
rKaHyPar,fem_filter.mtx.hgr,no,no,6,32,0.03,0.0298056,38.0474,cut,31405,20195,no
rKaHyPar,fem_filter.mtx.hgr,no,no,7,32,0.03,0.0298056,40.7721,cut,31417,20500,no
rKaHyPar,fem_filter.mtx.hgr,no,no,8,32,0.03,0.0298056,64.249,cut,31315,20419,no
rKaHyPar,fem_filter.mtx.hgr,no,no,9,32,0.03,0.0293737,38.3941,cut,32436,20163,no
rKaHyPar,fem_filter.mtx.hgr,no,no,0,4,0.03,0.0299741,17.8552,cut,6352,5700,no
rKaHyPar,fem_filter.mtx.hgr,no,no,1,4,0.03,0.0299741,18.7261,cut,6601,5763,no
rKaHyPar,fem_filter.mtx.hgr,no,no,2,4,0.03,0.029596,26.4467,cut,6675,5768,no
rKaHyPar,fem_filter.mtx.hgr,no,no,3,4,0.03,0.0298121,17.8874,cut,6315,5702,no
rKaHyPar,fem_filter.mtx.hgr,no,no,4,4,0.03,0.0287319,16.8464,cut,6390,5739,no
rKaHyPar,fem_filter.mtx.hgr,no,no,5,4,0.03,0.0299201,16.4368,cut,6834,5739,no
rKaHyPar,fem_filter.mtx.hgr,no,no,6,4,0.03,0.02938,32.533,cut,6662,5802,no
rKaHyPar,fem_filter.mtx.hgr,no,no,7,4,0.03,0.0299741,16.99,cut,6564,5729,no
rKaHyPar,fem_filter.mtx.hgr,no,no,8,4,0.03,0.0299201,17.7243,cut,6730,5706,no
rKaHyPar,fem_filter.mtx.hgr,no,no,9,4,0.03,0.029758,28.703,cut,6865,5711,no
rKaHyPar,fem_filter.mtx.hgr,no,no,0,64,0.03,0.029361,72.5806,cut,48221,27307,no
rKaHyPar,fem_filter.mtx.hgr,no,no,1,64,0.03,0.029361,74.4906,cut,48587,27323,no
rKaHyPar,fem_filter.mtx.hgr,no,no,2,64,0.03,0.029361,42.2669,cut,51970,27040,no
rKaHyPar,fem_filter.mtx.hgr,no,no,3,64,0.03,0.029361,74.0391,cut,48272,27472,no
rKaHyPar,fem_filter.mtx.hgr,no,no,4,64,0.03,0.029361,44.9985,cut,47084,27414,no
rKaHyPar,fem_filter.mtx.hgr,no,no,5,64,0.03,0.029361,72.8982,cut,49158,27561,no
rKaHyPar,fem_filter.mtx.hgr,no,no,6,64,0.03,0.029361,73.7255,cut,47183,27173,no
rKaHyPar,fem_filter.mtx.hgr,no,no,7,64,0.03,0.029361,72.9331,cut,46555,27148,no
rKaHyPar,fem_filter.mtx.hgr,no,no,8,64,0.03,0.0276339,45.4414,cut,46222,27007,no
rKaHyPar,fem_filter.mtx.hgr,no,no,9,64,0.03,0.029361,43.7603,cut,47895,26834,no
rKaHyPar,fem_filter.mtx.hgr,no,no,0,8,0.03,0.0298121,28.8996,cut,11516,9315,no
rKaHyPar,fem_filter.mtx.hgr,no,no,1,8,0.03,0.0298121,28.1732,cut,12397,9362,no
rKaHyPar,fem_filter.mtx.hgr,no,no,2,8,0.03,0.0251674,28.4643,cut,12574,9384,no
rKaHyPar,fem_filter.mtx.hgr,no,no,3,8,0.03,0.0227911,24.9132,cut,12236,9350,no
rKaHyPar,fem_filter.mtx.hgr,no,no,4,8,0.03,0.0299201,39.5385,cut,12032,9528,no
rKaHyPar,fem_filter.mtx.hgr,no,no,5,8,0.03,0.0299201,26.2478,cut,11273,9306,no
rKaHyPar,fem_filter.mtx.hgr,no,no,6,8,0.03,0.0298121,43.3912,cut,11334,9344,no
rKaHyPar,fem_filter.mtx.hgr,no,no,7,8,0.03,0.02938,27.7298,cut,11449,9267,no
rKaHyPar,fem_filter.mtx.hgr,no,no,8,8,0.03,0.029164,27.3605,cut,11334,9331,no
rKaHyPar,fem_filter.mtx.hgr,no,no,9,8,0.03,0.02938,41.4203,cut,11873,9351,no
rKaHyPar,finan512.mtx.hgr,no,no,0,128,0.03,0.0291096,20.0078,cut,26491,18108,no
rKaHyPar,finan512.mtx.hgr,no,no,1,128,0.03,0.0291096,19.8992,cut,26938,18106,no
rKaHyPar,finan512.mtx.hgr,no,no,2,128,0.03,0.0273973,19.8179,cut,26901,18017,no
rKaHyPar,finan512.mtx.hgr,no,no,3,128,0.03,0.0291096,20.0099,cut,26264,18135,no
rKaHyPar,finan512.mtx.hgr,no,no,4,128,0.03,0.0291096,27.4009,cut,26795,18272,no
rKaHyPar,finan512.mtx.hgr,no,no,5,128,0.03,0.0291096,27.5974,cut,26929,18181,no
rKaHyPar,finan512.mtx.hgr,no,no,6,128,0.03,0.0291096,27.7826,cut,26584,18064,no
rKaHyPar,finan512.mtx.hgr,no,no,7,128,0.03,0.0291096,20.1615,cut,26415,18037,no
rKaHyPar,finan512.mtx.hgr,no,no,8,128,0.03,0.0291096,27.7079,cut,26570,18151,no
rKaHyPar,finan512.mtx.hgr,no,no,9,128,0.03,0.0273973,19.9243,cut,27123,18060,no
rKaHyPar,finan512.mtx.hgr,no,no,0,16,0.03,0,7.40744,cut,1491,1168,no
rKaHyPar,finan512.mtx.hgr,no,no,1,16,0.03,0,7.39769,cut,1513,1168,no
rKaHyPar,finan512.mtx.hgr,no,no,2,16,0.03,0,7.47059,cut,1612,1168,no
rKaHyPar,finan512.mtx.hgr,no,no,3,16,0.03,0,10.3925,cut,1599,1168,no
rKaHyPar,finan512.mtx.hgr,no,no,4,16,0.03,0,10.239,cut,1616,1168,no
rKaHyPar,finan512.mtx.hgr,no,no,5,16,0.03,0,10.1278,cut,1556,1168,no
rKaHyPar,finan512.mtx.hgr,no,no,6,16,0.03,0,7.39095,cut,1403,1168,no
rKaHyPar,finan512.mtx.hgr,no,no,7,16,0.03,0.00535103,10.1065,cut,1633,1241,no
rKaHyPar,finan512.mtx.hgr,no,no,8,16,0.03,0.00535103,7.40493,cut,1522,1168,no
rKaHyPar,finan512.mtx.hgr,no,no,9,16,0.03,0,7.47617,cut,1301,1168,no
rKaHyPar,finan512.mtx.hgr,no,no,0,2,0.03,0,3.14874,cut,146,146,no
rKaHyPar,finan512.mtx.hgr,no,no,1,2,0.03,0,2.01223,cut,146,146,no
rKaHyPar,finan512.mtx.hgr,no,no,2,2,0.03,0,2.16587,cut,146,146,no
rKaHyPar,finan512.mtx.hgr,no,no,3,2,0.03,0,2.28362,cut,146,146,no
rKaHyPar,finan512.mtx.hgr,no,no,4,2,0.03,0,2.02814,cut,146,146,no
rKaHyPar,finan512.mtx.hgr,no,no,5,2,0.03,0,2.19095,cut,146,146,no
rKaHyPar,finan512.mtx.hgr,no,no,6,2,0.03,0,2.04874,cut,146,146,no
rKaHyPar,finan512.mtx.hgr,no,no,7,2,0.03,0,2.22978,cut,146,146,no
rKaHyPar,finan512.mtx.hgr,no,no,8,2,0.03,0,2.1484,cut,146,146,no
rKaHyPar,finan512.mtx.hgr,no,no,9,2,0.03,0,2.14559,cut,146,146,no
rKaHyPar,finan512.mtx.hgr,no,no,0,32,0.03,0,10.1579,cut,3252,2336,no
rKaHyPar,finan512.mtx.hgr,no,no,1,32,0.03,0,10.0564,cut,3043,2336,no
rKaHyPar,finan512.mtx.hgr,no,no,2,32,0.03,0.0107021,10.0241,cut,3522,2336,no
rKaHyPar,finan512.mtx.hgr,no,no,3,32,0.03,0.0107021,13.6836,cut,3106,2336,no
rKaHyPar,finan512.mtx.hgr,no,no,4,32,0.03,0,13.6374,cut,2945,2336,no
rKaHyPar,finan512.mtx.hgr,no,no,5,32,0.03,0.0107021,13.7474,cut,3265,2336,no
rKaHyPar,finan512.mtx.hgr,no,no,6,32,0.03,0,9.97717,cut,3104,2336,no
rKaHyPar,finan512.mtx.hgr,no,no,7,32,0.03,0,10.0149,cut,3082,2336,no
rKaHyPar,finan512.mtx.hgr,no,no,8,32,0.03,0.0107021,13.971,cut,2932,2336,no
rKaHyPar,finan512.mtx.hgr,no,no,9,32,0.03,0,10.0225,cut,2930,2336,no
rKaHyPar,finan512.mtx.hgr,no,no,0,4,0.03,0,5.26954,cut,325,292,no
rKaHyPar,finan512.mtx.hgr,no,no,1,4,0.03,0,3.98808,cut,382,292,no
rKaHyPar,finan512.mtx.hgr,no,no,2,4,0.03,0,5.31816,cut,496,365,no
rKaHyPar,finan512.mtx.hgr,no,no,3,4,0.03,0,3.82399,cut,369,292,no
rKaHyPar,finan512.mtx.hgr,no,no,4,4,0.03,0,3.82909,cut,315,292,no
rKaHyPar,finan512.mtx.hgr,no,no,5,4,0.03,0,3.81755,cut,317,292,no
rKaHyPar,finan512.mtx.hgr,no,no,6,4,0.03,0,3.73982,cut,361,292,no
rKaHyPar,finan512.mtx.hgr,no,no,7,4,0.03,0,3.98326,cut,326,292,no
rKaHyPar,finan512.mtx.hgr,no,no,8,4,0.03,0,3.78582,cut,330,292,no
rKaHyPar,finan512.mtx.hgr,no,no,9,4,0.03,0,3.90936,cut,376,292,no
rKaHyPar,finan512.mtx.hgr,no,no,0,64,0.03,0.0299658,19.739,cut,11462,9071,no
rKaHyPar,finan512.mtx.hgr,no,no,1,64,0.03,0.0299658,19.6956,cut,11288,8977,no
rKaHyPar,finan512.mtx.hgr,no,no,2,64,0.03,0.0299658,14.2248,cut,11341,8999,no
rKaHyPar,finan512.mtx.hgr,no,no,3,64,0.03,0.0299658,19.6575,cut,11463,8996,no
rKaHyPar,finan512.mtx.hgr,no,no,4,64,0.03,0.0299658,14.2848,cut,11332,8991,no
rKaHyPar,finan512.mtx.hgr,no,no,5,64,0.03,0.0282534,19.4945,cut,11390,9004,no
rKaHyPar,finan512.mtx.hgr,no,no,6,64,0.03,0.0299658,19.626,cut,11206,8984,no
rKaHyPar,finan512.mtx.hgr,no,no,7,64,0.03,0.0299658,19.9387,cut,11392,8965,no
rKaHyPar,finan512.mtx.hgr,no,no,8,64,0.03,0.0273973,14.17,cut,11384,9042,no
rKaHyPar,finan512.mtx.hgr,no,no,9,64,0.03,0.0299658,14.2082,cut,11643,9013,no
rKaHyPar,finan512.mtx.hgr,no,no,0,8,0.03,0,7.72948,cut,704,584,no
rKaHyPar,finan512.mtx.hgr,no,no,1,8,0.03,0,5.43271,cut,887,584,no
rKaHyPar,finan512.mtx.hgr,no,no,2,8,0.03,0,7.48625,cut,769,657,no
rKaHyPar,finan512.mtx.hgr,no,no,3,8,0.03,0,5.53265,cut,794,584,no
rKaHyPar,finan512.mtx.hgr,no,no,4,8,0.03,0,7.70289,cut,607,584,no
rKaHyPar,finan512.mtx.hgr,no,no,5,8,0.03,0,5.43908,cut,822,584,no
rKaHyPar,finan512.mtx.hgr,no,no,6,8,0.03,0,7.48543,cut,810,657,no
rKaHyPar,finan512.mtx.hgr,no,no,7,8,0.03,0,5.45442,cut,816,584,no
rKaHyPar,finan512.mtx.hgr,no,no,8,8,0.03,0,5.44414,cut,843,657,no
rKaHyPar,finan512.mtx.hgr,no,no,9,8,0.03,0,7.55038,cut,782,584,no
rKaHyPar,flower_7_4.mtx.hgr,no,no,0,128,0.03,0.0283554,13.9629,cut,55607,15292,no
rKaHyPar,flower_7_4.mtx.hgr,no,no,1,128,0.03,0.0283554,14.5243,cut,56660,15308,no
rKaHyPar,flower_7_4.mtx.hgr,no,no,2,128,0.03,0.0245747,14.2871,cut,57171,15235,no
rKaHyPar,flower_7_4.mtx.hgr,no,no,3,128,0.03,0.0245747,14.3147,cut,56764,15318,no
rKaHyPar,flower_7_4.mtx.hgr,no,no,4,128,0.03,0.0283554,20.0823,cut,56939,15411,no
rKaHyPar,flower_7_4.mtx.hgr,no,no,5,128,0.03,0.0283554,19.7065,cut,56348,15276,no
rKaHyPar,flower_7_4.mtx.hgr,no,no,6,128,0.03,0.0283554,18.2225,cut,57611,15435,no
rKaHyPar,flower_7_4.mtx.hgr,no,no,7,128,0.03,0.0283554,14.2699,cut,56116,15294,no
rKaHyPar,flower_7_4.mtx.hgr,no,no,8,128,0.03,0.0283554,18.5268,cut,56225,15358,no
rKaHyPar,flower_7_4.mtx.hgr,no,no,9,128,0.03,0.0283554,14.967,cut,57047,15334,no
rKaHyPar,flower_7_4.mtx.hgr,no,no,0,16,0.03,0.0288757,9.5959,cut,26065,10526,no
rKaHyPar,flower_7_4.mtx.hgr,no,no,1,16,0.03,0.0298225,9.00082,cut,26066,10505,no
rKaHyPar,flower_7_4.mtx.hgr,no,no,2,16,0.03,0.0291124,9.92746,cut,25264,10815,no
rKaHyPar,flower_7_4.mtx.hgr,no,no,3,16,0.03,0.0281657,12.2703,cut,25650,10434,no
rKaHyPar,flower_7_4.mtx.hgr,no,no,4,16,0.03,0.0288757,12.9667,cut,26228,10706,no
rKaHyPar,flower_7_4.mtx.hgr,no,no,5,16,0.03,0.0298225,12.9168,cut,25671,10620,no
rKaHyPar,flower_7_4.mtx.hgr,no,no,6,16,0.03,0.0298225,8.92923,cut,25480,10493,no
rKaHyPar,flower_7_4.mtx.hgr,no,no,7,16,0.03,0.0298225,12.1325,cut,25353,10586,no
rKaHyPar,flower_7_4.mtx.hgr,no,no,8,16,0.03,0.0288757,9.36445,cut,25729,10502,no
rKaHyPar,flower_7_4.mtx.hgr,no,no,9,16,0.03,0.0291124,8.72854,cut,26556,10436,no
rKaHyPar,flower_7_4.mtx.hgr,no,no,0,2,0.03,0.0299731,5.61204,cut,4384,4384,no
rKaHyPar,flower_7_4.mtx.hgr,no,no,1,2,0.03,0.0294405,4.19847,cut,4334,4334,no
rKaHyPar,flower_7_4.mtx.hgr,no,no,2,2,0.03,0,3.8207,cut,4407,4407,no
rKaHyPar,flower_7_4.mtx.hgr,no,no,3,2,0.03,0.0299731,3.82219,cut,4407,4407,no
rKaHyPar,flower_7_4.mtx.hgr,no,no,4,2,0.03,0.000858064,4.35095,cut,4284,4284,no
rKaHyPar,flower_7_4.mtx.hgr,no,no,5,2,0.03,0.0299731,4.28149,cut,4317,4317,no
rKaHyPar,flower_7_4.mtx.hgr,no,no,6,2,0.03,0.0281386,3.74661,cut,4298,4298,no
rKaHyPar,flower_7_4.mtx.hgr,no,no,7,2,0.03,0.0299139,4.25475,cut,4259,4259,no
rKaHyPar,flower_7_4.mtx.hgr,no,no,8,2,0.03,0.0299731,3.5849,cut,4356,4356,no
rKaHyPar,flower_7_4.mtx.hgr,no,no,9,2,0.03,0.0263929,3.54265,cut,4310,4310,no
rKaHyPar,flower_7_4.mtx.hgr,no,no,0,32,0.03,0.0298154,10.0129,cut,33558,11961,no
rKaHyPar,flower_7_4.mtx.hgr,no,no,1,32,0.03,0.0288689,10.6918,cut,33248,11999,no
rKaHyPar,flower_7_4.mtx.hgr,no,no,2,32,0.03,0.0298154,10.8001,cut,32889,11913,no
rKaHyPar,flower_7_4.mtx.hgr,no,no,3,32,0.03,0.0298154,14.5756,cut,33964,12004,no
rKaHyPar,flower_7_4.mtx.hgr,no,no,4,32,0.03,0.0293422,15.6478,cut,33234,12032,no
rKaHyPar,flower_7_4.mtx.hgr,no,no,5,32,0.03,0.0298154,13.5446,cut,33914,12119,no
rKaHyPar,flower_7_4.mtx.hgr,no,no,6,32,0.03,0.0293422,9.72995,cut,34064,11952,no
rKaHyPar,flower_7_4.mtx.hgr,no,no,7,32,0.03,0.0283956,10.6495,cut,33621,11991,no
rKaHyPar,flower_7_4.mtx.hgr,no,no,8,32,0.03,0.0293422,13.9071,cut,32883,11927,no
rKaHyPar,flower_7_4.mtx.hgr,no,no,9,32,0.03,0.0293422,10.9199,cut,33630,11981,no
rKaHyPar,flower_7_4.mtx.hgr,no,no,0,4,0.03,0,8.74543,cut,11313,7158,no
rKaHyPar,flower_7_4.mtx.hgr,no,no,1,4,0.03,0.0271614,5.99422,cut,10537,7010,no
rKaHyPar,flower_7_4.mtx.hgr,no,no,2,4,0.03,0,8.01322,cut,10670,6907,no
rKaHyPar,flower_7_4.mtx.hgr,no,no,3,4,0.03,0.0299426,6.33904,cut,10843,6951,no
rKaHyPar,flower_7_4.mtx.hgr,no,no,4,4,0.03,0,6.07477,cut,11129,7124,no
rKaHyPar,flower_7_4.mtx.hgr,no,no,5,4,0.03,0.0297651,5.88124,cut,10688,7027,no
rKaHyPar,flower_7_4.mtx.hgr,no,no,6,4,0.03,0.0297651,7.0169,cut,10508,6890,no
rKaHyPar,flower_7_4.mtx.hgr,no,no,7,4,0.03,0.028049,6.07868,cut,10771,7087,no
rKaHyPar,flower_7_4.mtx.hgr,no,no,8,4,0.03,0.0295284,6.38448,cut,10804,6954,no
rKaHyPar,flower_7_4.mtx.hgr,no,no,9,4,0.03,0.0298242,6.90708,cut,10646,7097,no
rKaHyPar,flower_7_4.mtx.hgr,no,no,0,64,0.03,0.0283822,15.9391,cut,43914,13919,no
rKaHyPar,flower_7_4.mtx.hgr,no,no,1,64,0.03,0.0293283,16.7971,cut,45256,13892,no
rKaHyPar,flower_7_4.mtx.hgr,no,no,2,64,0.03,0.0283822,12.3284,cut,45572,13839,no
rKaHyPar,flower_7_4.mtx.hgr,no,no,3,64,0.03,0.0293283,16.3813,cut,45094,13903,no
rKaHyPar,flower_7_4.mtx.hgr,no,no,4,64,0.03,0.025544,12.6688,cut,44401,13774,no
rKaHyPar,flower_7_4.mtx.hgr,no,no,5,64,0.03,0.0293283,17.1164,cut,44690,13822,no
rKaHyPar,flower_7_4.mtx.hgr,no,no,6,64,0.03,0.0283822,15.8221,cut,44506,13813,no
rKaHyPar,flower_7_4.mtx.hgr,no,no,7,64,0.03,0.0264901,16.2477,cut,44748,13767,no
rKaHyPar,flower_7_4.mtx.hgr,no,no,8,64,0.03,0.0283822,11.6985,cut,44497,13857,no
rKaHyPar,flower_7_4.mtx.hgr,no,no,9,64,0.03,0.0283822,12.5125,cut,44392,13785,no
rKaHyPar,flower_7_4.mtx.hgr,no,no,0,8,0.03,0.0298225,8.93547,cut,18182,8758,no
rKaHyPar,flower_7_4.mtx.hgr,no,no,1,8,0.03,0.0299408,8.05595,cut,18352,8749,no
rKaHyPar,flower_7_4.mtx.hgr,no,no,2,8,0.03,0.0295858,10.8604,cut,18188,8849,no
rKaHyPar,flower_7_4.mtx.hgr,no,no,3,8,0.03,0.0299408,8.21351,cut,17873,8895,no
rKaHyPar,flower_7_4.mtx.hgr,no,no,4,8,0.03,0.028284,13.7055,cut,18189,8847,no
rKaHyPar,flower_7_4.mtx.hgr,no,no,5,8,0.03,0.0299408,9.4703,cut,17872,8997,no
rKaHyPar,flower_7_4.mtx.hgr,no,no,6,8,0.03,0.0299408,10.1398,cut,17916,8821,no
rKaHyPar,flower_7_4.mtx.hgr,no,no,7,8,0.03,0.0298225,7.94951,cut,18221,8832,no
rKaHyPar,flower_7_4.mtx.hgr,no,no,8,8,0.03,0.0280473,10.4684,cut,18287,8873,no
rKaHyPar,flower_7_4.mtx.hgr,no,no,9,8,0.03,0.0295858,11.5539,cut,17455,8722,no
rKaHyPar,foldoc.mtx.hgr,no,no,0,128,0.03,0.0285714,4.10442,cut,49769,9630,no
rKaHyPar,foldoc.mtx.hgr,no,no,1,128,0.03,0.0285714,3.98951,cut,49611,9632,no
rKaHyPar,foldoc.mtx.hgr,no,no,2,128,0.03,0.0285714,4.11107,cut,49975,9685,no
rKaHyPar,foldoc.mtx.hgr,no,no,3,128,0.03,0.0285714,5.57177,cut,49443,9596,no
rKaHyPar,foldoc.mtx.hgr,no,no,4,128,0.03,0.0190476,5.44096,cut,49706,9633,no
rKaHyPar,foldoc.mtx.hgr,no,no,5,128,0.03,0.0285714,5.67943,cut,49798,9596,no
rKaHyPar,foldoc.mtx.hgr,no,no,6,128,0.03,0.0190476,5.57457,cut,49844,9602,no
rKaHyPar,foldoc.mtx.hgr,no,no,7,128,0.03,0.0285714,4.06167,cut,49609,9660,no
rKaHyPar,foldoc.mtx.hgr,no,no,8,128,0.03,0.0285714,5.46468,cut,50048,9621,no
rKaHyPar,foldoc.mtx.hgr,no,no,9,128,0.03,0.0285714,5.63225,cut,50238,9600,no
rKaHyPar,foldoc.mtx.hgr,no,no,0,16,0.03,0.0251497,2.72295,cut,33033,9052,no
rKaHyPar,foldoc.mtx.hgr,no,no,1,16,0.03,0.0251497,2.10238,cut,33039,9023,no
rKaHyPar,foldoc.mtx.hgr,no,no,2,16,0.03,0.0227545,1.98258,cut,32468,9030,no
rKaHyPar,foldoc.mtx.hgr,no,no,3,16,0.03,0.0167665,2.71934,cut,31675,9077,no
rKaHyPar,foldoc.mtx.hgr,no,no,4,16,0.03,0.0299401,2.83692,cut,32409,9051,no
rKaHyPar,foldoc.mtx.hgr,no,no,5,16,0.03,0.0275449,2.65282,cut,31914,9061,no
rKaHyPar,foldoc.mtx.hgr,no,no,6,16,0.03,0.0263473,2.15638,cut,32652,9053,no
rKaHyPar,foldoc.mtx.hgr,no,no,7,16,0.03,0.0275449,2.67662,cut,32807,9067,no
rKaHyPar,foldoc.mtx.hgr,no,no,8,16,0.03,0.0299401,1.98248,cut,32085,9041,no
rKaHyPar,foldoc.mtx.hgr,no,no,9,16,0.03,0.0251497,1.95948,cut,32665,9041,no
rKaHyPar,foldoc.mtx.hgr,no,no,0,2,0.03,0.0299491,5.2335,cut,6236,6236,no
rKaHyPar,foldoc.mtx.hgr,no,no,1,2,0.03,0.0297993,6.90625,cut,6253,6253,no
rKaHyPar,foldoc.mtx.hgr,no,no,2,2,0.03,0.0299491,4.2309,cut,6134,6134,no
rKaHyPar,foldoc.mtx.hgr,no,no,3,2,0.03,0.0299491,4.47347,cut,6187,6187,no
rKaHyPar,foldoc.mtx.hgr,no,no,4,2,0.03,0.0297993,6.12134,cut,6328,6328,no
rKaHyPar,foldoc.mtx.hgr,no,no,5,2,0.03,0.0297993,4.2818,cut,6226,6226,no
rKaHyPar,foldoc.mtx.hgr,no,no,6,2,0.03,0.0299491,6.53724,cut,6334,6334,no
rKaHyPar,foldoc.mtx.hgr,no,no,7,2,0.03,0.0294999,4.04778,cut,6105,6105,no
rKaHyPar,foldoc.mtx.hgr,no,no,8,2,0.03,0.0297993,4.78363,cut,6248,6248,no
rKaHyPar,foldoc.mtx.hgr,no,no,9,2,0.03,0.0299491,6.53329,cut,6339,6339,no
rKaHyPar,foldoc.mtx.hgr,no,no,0,32,0.03,0.0287081,2.41021,cut,39465,9261,no
rKaHyPar,foldoc.mtx.hgr,no,no,1,32,0.03,0.0239234,2.44254,cut,39559,9272,no
rKaHyPar,foldoc.mtx.hgr,no,no,2,32,0.03,0.0287081,3.45127,cut,39689,9281,no
rKaHyPar,foldoc.mtx.hgr,no,no,3,32,0.03,0.0167464,3.48114,cut,40207,9360,no
rKaHyPar,foldoc.mtx.hgr,no,no,4,32,0.03,0.0263158,3.22674,cut,38791,9282,no
rKaHyPar,foldoc.mtx.hgr,no,no,5,32,0.03,0.0239234,3.22477,cut,39636,9249,no
rKaHyPar,foldoc.mtx.hgr,no,no,6,32,0.03,0.0287081,2.33736,cut,39749,9288,no
rKaHyPar,foldoc.mtx.hgr,no,no,7,32,0.03,0.0119617,2.43894,cut,39020,9267,no
rKaHyPar,foldoc.mtx.hgr,no,no,8,32,0.03,0.0167464,3.38944,cut,39135,9259,no
rKaHyPar,foldoc.mtx.hgr,no,no,9,32,0.03,0.0191388,2.45442,cut,38937,9251,no
rKaHyPar,foldoc.mtx.hgr,no,no,0,4,0.03,0.0287511,2.80098,cut,14679,8024,no
rKaHyPar,foldoc.mtx.hgr,no,no,1,4,0.03,0.0299491,1.74349,cut,14828,7950,no
rKaHyPar,foldoc.mtx.hgr,no,no,2,4,0.03,0.0284516,3.13659,cut,14654,7967,no
rKaHyPar,foldoc.mtx.hgr,no,no,3,4,0.03,0.0290506,1.97049,cut,15112,8028,no
rKaHyPar,foldoc.mtx.hgr,no,no,4,4,0.03,0.0299491,1.80769,cut,15042,7945,no
rKaHyPar,foldoc.mtx.hgr,no,no,5,4,0.03,0.0146751,2.65792,cut,14969,8046,no
rKaHyPar,foldoc.mtx.hgr,no,no,6,4,0.03,0.0296496,2.028,cut,14788,7911,no
rKaHyPar,foldoc.mtx.hgr,no,no,7,4,0.03,0.0296496,2.15627,cut,14562,7973,no
rKaHyPar,foldoc.mtx.hgr,no,no,8,4,0.03,0.0299491,1.69628,cut,14703,7991,no
rKaHyPar,foldoc.mtx.hgr,no,no,9,4,0.03,0.0215633,1.88236,cut,15050,8057,no
rKaHyPar,foldoc.mtx.hgr,no,no,0,64,0.03,0.0239234,4.42936,cut,44773,9458,no
rKaHyPar,foldoc.mtx.hgr,no,no,1,64,0.03,0.0287081,4.25013,cut,45211,9444,no
rKaHyPar,foldoc.mtx.hgr,no,no,2,64,0.03,0.0287081,3.20511,cut,45321,9481,no
rKaHyPar,foldoc.mtx.hgr,no,no,3,64,0.03,0.0239234,4.2741,cut,44448,9424,no
rKaHyPar,foldoc.mtx.hgr,no,no,4,64,0.03,0.0191388,4.14068,cut,45262,9469,no
rKaHyPar,foldoc.mtx.hgr,no,no,5,64,0.03,0.0287081,4.30802,cut,45904,9545,no
rKaHyPar,foldoc.mtx.hgr,no,no,6,64,0.03,0.0287081,4.28593,cut,44179,9441,no
rKaHyPar,foldoc.mtx.hgr,no,no,7,64,0.03,0.0287081,4.26445,cut,45480,9536,no
rKaHyPar,foldoc.mtx.hgr,no,no,8,64,0.03,0.0287081,3.21324,cut,45108,9526,no
rKaHyPar,foldoc.mtx.hgr,no,no,9,64,0.03,0.0287081,3.07757,cut,45763,9492,no
rKaHyPar,foldoc.mtx.hgr,no,no,0,8,0.03,0.0233533,1.85452,cut,24389,8707,no
rKaHyPar,foldoc.mtx.hgr,no,no,1,8,0.03,0.0287425,1.83911,cut,23936,8629,no
rKaHyPar,foldoc.mtx.hgr,no,no,2,8,0.03,0.0287425,2.58318,cut,23955,8683,no
rKaHyPar,foldoc.mtx.hgr,no,no,3,8,0.03,0.0287425,1.71238,cut,23935,8643,no
rKaHyPar,foldoc.mtx.hgr,no,no,4,8,0.03,0.0293413,2.48572,cut,24220,8670,no
rKaHyPar,foldoc.mtx.hgr,no,no,5,8,0.03,0.0293413,1.74132,cut,23751,8676,no
rKaHyPar,foldoc.mtx.hgr,no,no,6,8,0.03,0.0299401,2.27945,cut,24239,8658,no
rKaHyPar,foldoc.mtx.hgr,no,no,7,8,0.03,0.0299401,1.74659,cut,24038,8733,no
rKaHyPar,foldoc.mtx.hgr,no,no,8,8,0.03,0.0227545,1.70238,cut,24115,8643,no
rKaHyPar,foldoc.mtx.hgr,no,no,9,8,0.03,0.0233533,2.37112,cut,24216,8676,no
rKaHyPar,Franz11.mtx.hgr,no,no,0,128,0.03,0.029661,18.1256,cut,210446,43743,no
rKaHyPar,Franz11.mtx.hgr,no,no,1,128,0.03,0.029661,17.5526,cut,204551,43341,no
rKaHyPar,Franz11.mtx.hgr,no,no,2,128,0.03,0.029661,16.9961,cut,209602,43715,no
rKaHyPar,Franz11.mtx.hgr,no,no,3,128,0.03,0.0254237,23.7188,cut,206515,43548,no
rKaHyPar,Franz11.mtx.hgr,no,no,4,128,0.03,0.029661,23.0161,cut,210753,43706,no
rKaHyPar,Franz11.mtx.hgr,no,no,5,128,0.03,0.029661,23.2844,cut,204248,43236,no
rKaHyPar,Franz11.mtx.hgr,no,no,6,128,0.03,0.029661,23.5851,cut,205900,43418,no
rKaHyPar,Franz11.mtx.hgr,no,no,7,128,0.03,0.029661,17.9732,cut,209044,43631,no
rKaHyPar,Franz11.mtx.hgr,no,no,8,128,0.03,0.029661,23.49,cut,210705,43747,no
rKaHyPar,Franz11.mtx.hgr,no,no,9,128,0.03,0.029661,23.9148,cut,208867,43616,no
rKaHyPar,Franz11.mtx.hgr,no,no,0,16,0.03,0.0286624,17.247,cut,120955,38416,no
rKaHyPar,Franz11.mtx.hgr,no,no,1,16,0.03,0.0281316,13.013,cut,119491,38458,no
rKaHyPar,Franz11.mtx.hgr,no,no,2,16,0.03,0.0291932,13.4559,cut,120509,38455,no
rKaHyPar,Franz11.mtx.hgr,no,no,3,16,0.03,0.029724,18.2239,cut,117897,38788,no
rKaHyPar,Franz11.mtx.hgr,no,no,4,16,0.03,0.029724,18.3796,cut,120195,38689,no
rKaHyPar,Franz11.mtx.hgr,no,no,5,16,0.03,0.0291932,17.19,cut,118290,38788,no
rKaHyPar,Franz11.mtx.hgr,no,no,6,16,0.03,0.0291932,12.5758,cut,117351,38644,no
rKaHyPar,Franz11.mtx.hgr,no,no,7,16,0.03,0.029724,18.0164,cut,123391,38066,no
rKaHyPar,Franz11.mtx.hgr,no,no,8,16,0.03,0.029724,12.9014,cut,119081,38406,no
rKaHyPar,Franz11.mtx.hgr,no,no,9,16,0.03,0.029724,13.2114,cut,121037,38461,no
rKaHyPar,Franz11.mtx.hgr,no,no,0,2,0.03,0.0299894,18.8856,cut,21308,21308,no
rKaHyPar,Franz11.mtx.hgr,no,no,1,2,0.03,0.0299894,12.7908,cut,21600,21600,no
rKaHyPar,Franz11.mtx.hgr,no,no,2,2,0.03,0.0299894,15.796,cut,21601,21601,no
rKaHyPar,Franz11.mtx.hgr,no,no,3,2,0.03,0.029923,11.504,cut,21518,21518,no
rKaHyPar,Franz11.mtx.hgr,no,no,4,2,0.03,0.029923,12.434,cut,21630,21630,no
rKaHyPar,Franz11.mtx.hgr,no,no,5,2,0.03,0.0299894,11.948,cut,21444,21444,no
rKaHyPar,Franz11.mtx.hgr,no,no,6,2,0.03,0.0299894,13.3155,cut,21737,21737,no
rKaHyPar,Franz11.mtx.hgr,no,no,7,2,0.03,0.0299894,12.4395,cut,21147,21147,no
rKaHyPar,Franz11.mtx.hgr,no,no,8,2,0.03,0.0299894,11.7057,cut,21394,21394,no
rKaHyPar,Franz11.mtx.hgr,no,no,9,2,0.03,0.0299894,9.6138,cut,21227,21227,no
rKaHyPar,Franz11.mtx.hgr,no,no,0,32,0.03,0.029724,14.576,cut,155662,41060,no
rKaHyPar,Franz11.mtx.hgr,no,no,1,32,0.03,0.029724,14.423,cut,151146,40871,no
rKaHyPar,Franz11.mtx.hgr,no,no,2,32,0.03,0.029724,19.2558,cut,152327,40974,no
rKaHyPar,Franz11.mtx.hgr,no,no,3,32,0.03,0.029724,19.5179,cut,156772,41139,no
rKaHyPar,Franz11.mtx.hgr,no,no,4,32,0.03,0.029724,19.26,cut,144101,40631,no
rKaHyPar,Franz11.mtx.hgr,no,no,5,32,0.03,0.0286624,19.0292,cut,153159,41010,no
rKaHyPar,Franz11.mtx.hgr,no,no,6,32,0.03,0.029724,14.1504,cut,151257,40712,no
rKaHyPar,Franz11.mtx.hgr,no,no,7,32,0.03,0.029724,14.1267,cut,157421,40984,no
rKaHyPar,Franz11.mtx.hgr,no,no,8,32,0.03,0.0286624,18.4058,cut,150877,40667,no
rKaHyPar,Franz11.mtx.hgr,no,no,9,32,0.03,0.0286624,13.6887,cut,146803,40352,no
rKaHyPar,Franz11.mtx.hgr,no,no,0,4,0.03,0.0299894,18.1249,cut,50133,29805,no
rKaHyPar,Franz11.mtx.hgr,no,no,1,4,0.03,0.0295913,16.1827,cut,50195,29956,no
rKaHyPar,Franz11.mtx.hgr,no,no,2,4,0.03,0.0299894,16.7131,cut,50229,29592,no
rKaHyPar,Franz11.mtx.hgr,no,no,3,4,0.03,0.0298567,18.7595,cut,49964,30358,no
rKaHyPar,Franz11.mtx.hgr,no,no,4,4,0.03,0.0299894,13.0274,cut,51095,30190,no
rKaHyPar,Franz11.mtx.hgr,no,no,5,4,0.03,0.0299894,20.3183,cut,49786,30038,no
rKaHyPar,Franz11.mtx.hgr,no,no,6,4,0.03,0.029724,19.692,cut,49798,30064,no
rKaHyPar,Franz11.mtx.hgr,no,no,7,4,0.03,0.0293259,15.2855,cut,50711,29540,no
rKaHyPar,Franz11.mtx.hgr,no,no,8,4,0.03,0.0299894,10.0869,cut,50606,29705,no
rKaHyPar,Franz11.mtx.hgr,no,no,9,4,0.03,0.0298567,17.7532,cut,50668,29956,no
rKaHyPar,Franz11.mtx.hgr,no,no,0,64,0.03,0.0276008,21.1568,cut,183146,42491,no
rKaHyPar,Franz11.mtx.hgr,no,no,1,64,0.03,0.029724,21.122,cut,179495,42328,no
rKaHyPar,Franz11.mtx.hgr,no,no,2,64,0.03,0.029724,15.13,cut,183487,42501,no
rKaHyPar,Franz11.mtx.hgr,no,no,3,64,0.03,0.029724,20.6975,cut,186104,42842,no
rKaHyPar,Franz11.mtx.hgr,no,no,4,64,0.03,0.029724,21.403,cut,184843,42428,no
rKaHyPar,Franz11.mtx.hgr,no,no,5,64,0.03,0.029724,20.0283,cut,183758,42422,no
rKaHyPar,Franz11.mtx.hgr,no,no,6,64,0.03,0.029724,20.5812,cut,180097,42353,no
rKaHyPar,Franz11.mtx.hgr,no,no,7,64,0.03,0.029724,20.4805,cut,181020,42452,no
rKaHyPar,Franz11.mtx.hgr,no,no,8,64,0.03,0.0276008,15.2358,cut,182683,42527,no
rKaHyPar,Franz11.mtx.hgr,no,no,9,64,0.03,0.029724,15.7577,cut,183038,42428,no
rKaHyPar,Franz11.mtx.hgr,no,no,0,8,0.03,0.0299894,17.6943,cut,83883,34664,no
rKaHyPar,Franz11.mtx.hgr,no,no,1,8,0.03,0.0299894,14.7914,cut,84601,35231,no
rKaHyPar,Franz11.mtx.hgr,no,no,2,8,0.03,0.0299894,18.9769,cut,86081,35410,no
rKaHyPar,Franz11.mtx.hgr,no,no,3,8,0.03,0.0299894,13.2259,cut,85259,35554,no
rKaHyPar,Franz11.mtx.hgr,no,no,4,8,0.03,0.029724,15.1619,cut,83165,35193,no
rKaHyPar,Franz11.mtx.hgr,no,no,5,8,0.03,0.0299894,11.7701,cut,83518,35387,no
rKaHyPar,Franz11.mtx.hgr,no,no,6,8,0.03,0.0299894,16.7838,cut,84860,35289,no
rKaHyPar,Franz11.mtx.hgr,no,no,7,8,0.03,0.0299894,11.7512,cut,82987,34135,no
rKaHyPar,Franz11.mtx.hgr,no,no,8,8,0.03,0.0299894,12.6456,cut,85724,34864,no
rKaHyPar,Franz11.mtx.hgr,no,no,9,8,0.03,0.0299894,18.5873,cut,83935,35238,no
rKaHyPar,G2_circuit.mtx.hgr,no,no,0,128,0.03,0.029838,29.032,cut,21712,20268,no
rKaHyPar,G2_circuit.mtx.hgr,no,no,1,128,0.03,0.029838,28.9623,cut,21742,20300,no
rKaHyPar,G2_circuit.mtx.hgr,no,no,2,128,0.03,0.029838,27.1131,cut,21776,20213,no
rKaHyPar,G2_circuit.mtx.hgr,no,no,3,128,0.03,0.029838,37.3281,cut,21737,20253,no
rKaHyPar,G2_circuit.mtx.hgr,no,no,4,128,0.03,0.029838,38.7614,cut,21636,20219,no
rKaHyPar,G2_circuit.mtx.hgr,no,no,5,128,0.03,0.029838,28.4918,cut,21741,20207,no
rKaHyPar,G2_circuit.mtx.hgr,no,no,6,128,0.03,0.029838,39.2789,cut,21833,20312,no
rKaHyPar,G2_circuit.mtx.hgr,no,no,7,128,0.03,0.029838,29.4343,cut,21766,20298,no
rKaHyPar,G2_circuit.mtx.hgr,no,no,8,128,0.03,0.029838,28.6663,cut,21864,20330,no
rKaHyPar,G2_circuit.mtx.hgr,no,no,9,128,0.03,0.029838,37.6209,cut,21734,20159,no
rKaHyPar,G2_circuit.mtx.hgr,no,no,0,16,0.03,0.00682157,23.1676,cut,6177,6100,no
rKaHyPar,G2_circuit.mtx.hgr,no,no,1,16,0.03,0.0168408,16.9396,cut,6185,6113,no
rKaHyPar,G2_circuit.mtx.hgr,no,no,2,16,0.03,0.00671499,15.6768,cut,6168,6096,no
rKaHyPar,G2_circuit.mtx.hgr,no,no,3,16,0.03,0.00671499,21.2682,cut,6180,6102,no
rKaHyPar,G2_circuit.mtx.hgr,no,no,4,16,0.03,0.0108719,22.6004,cut,6177,6096,no
rKaHyPar,G2_circuit.mtx.hgr,no,no,5,16,0.03,0.00703475,23.3793,cut,6174,6091,no
rKaHyPar,G2_circuit.mtx.hgr,no,no,6,16,0.03,0.00671499,16.5287,cut,6176,6094,no
rKaHyPar,G2_circuit.mtx.hgr,no,no,7,16,0.03,0.0102324,23.5344,cut,6165,6089,no
rKaHyPar,G2_circuit.mtx.hgr,no,no,8,16,0.03,0.0292049,15.4879,cut,6164,6097,no
rKaHyPar,G2_circuit.mtx.hgr,no,no,9,16,0.03,0.00671499,15.8361,cut,6168,6092,no
rKaHyPar,G2_circuit.mtx.hgr,no,no,0,2,0.03,0,11.2284,cut,624,624,no
rKaHyPar,G2_circuit.mtx.hgr,no,no,1,2,0.03,0,7.92255,cut,624,624,no
rKaHyPar,G2_circuit.mtx.hgr,no,no,2,2,0.03,0,7.15089,cut,624,624,no
rKaHyPar,G2_circuit.mtx.hgr,no,no,3,2,0.03,0,6.71501,cut,624,624,no
rKaHyPar,G2_circuit.mtx.hgr,no,no,4,2,0.03,0,7.58074,cut,624,624,no
rKaHyPar,G2_circuit.mtx.hgr,no,no,5,2,0.03,0,8.09279,cut,624,624,no
rKaHyPar,G2_circuit.mtx.hgr,no,no,6,2,0.03,0,7.85616,cut,624,624,no
rKaHyPar,G2_circuit.mtx.hgr,no,no,7,2,0.03,0,8.50272,cut,624,624,no
rKaHyPar,G2_circuit.mtx.hgr,no,no,8,2,0.03,0,10.1414,cut,624,624,no
rKaHyPar,G2_circuit.mtx.hgr,no,no,9,2,0.03,0,7.02587,cut,624,624,no
rKaHyPar,G2_circuit.mtx.hgr,no,no,0,32,0.03,0.0298444,19.5396,cut,9375,9172,no
rKaHyPar,G2_circuit.mtx.hgr,no,no,1,32,0.03,0.0243019,18.9148,cut,9373,9173,no
rKaHyPar,G2_circuit.mtx.hgr,no,no,2,32,0.03,0.0296312,24.287,cut,9345,9158,no
rKaHyPar,G2_circuit.mtx.hgr,no,no,3,32,0.03,0.0289917,24.5807,cut,9392,9204,no
rKaHyPar,G2_circuit.mtx.hgr,no,no,4,32,0.03,0.029418,18.9727,cut,9352,9162,no
rKaHyPar,G2_circuit.mtx.hgr,no,no,5,32,0.03,0.0285653,26.2269,cut,9413,9229,no
rKaHyPar,G2_circuit.mtx.hgr,no,no,6,32,0.03,0.0262204,19.6112,cut,9396,9189,no
rKaHyPar,G2_circuit.mtx.hgr,no,no,7,32,0.03,0.0287785,26.5988,cut,9380,9194,no
rKaHyPar,G2_circuit.mtx.hgr,no,no,8,32,0.03,0.0264336,25.6232,cut,9392,9218,no
rKaHyPar,G2_circuit.mtx.hgr,no,no,9,32,0.03,0.0296312,18.1507,cut,9356,9164,no
rKaHyPar,G2_circuit.mtx.hgr,no,no,0,4,0.03,0,18.958,cut,1408,1404,no
rKaHyPar,G2_circuit.mtx.hgr,no,no,1,4,0.03,0,12.4976,cut,1407,1404,no
rKaHyPar,G2_circuit.mtx.hgr,no,no,2,4,0.03,0,15.4381,cut,1409,1404,no
rKaHyPar,G2_circuit.mtx.hgr,no,no,3,4,0.03,0,12.4718,cut,1408,1404,no
rKaHyPar,G2_circuit.mtx.hgr,no,no,4,4,0.03,0,17.7136,cut,1410,1404,no
rKaHyPar,G2_circuit.mtx.hgr,no,no,5,4,0.03,0,17.7903,cut,1407,1404,no
rKaHyPar,G2_circuit.mtx.hgr,no,no,6,4,0.03,0,12.9363,cut,1407,1404,no
rKaHyPar,G2_circuit.mtx.hgr,no,no,7,4,0.03,0,14.0397,cut,1410,1404,no
rKaHyPar,G2_circuit.mtx.hgr,no,no,8,4,0.03,0,12.4944,cut,1410,1404,no
rKaHyPar,G2_circuit.mtx.hgr,no,no,9,4,0.03,0,11.5979,cut,1409,1404,no
rKaHyPar,G2_circuit.mtx.hgr,no,no,0,64,0.03,0.0285592,33.0585,cut,15151,14702,no
rKaHyPar,G2_circuit.mtx.hgr,no,no,1,64,0.03,0.029838,32.2293,cut,15051,14602,no
rKaHyPar,G2_circuit.mtx.hgr,no,no,2,64,0.03,0.0289855,22.1948,cut,15099,14600,no
rKaHyPar,G2_circuit.mtx.hgr,no,no,3,64,0.03,0.0294118,22.1269,cut,15215,14721,no
rKaHyPar,G2_circuit.mtx.hgr,no,no,4,64,0.03,0.029838,31.8184,cut,15239,14730,no
rKaHyPar,G2_circuit.mtx.hgr,no,no,5,64,0.03,0.029838,32.3933,cut,15246,14758,no
rKaHyPar,G2_circuit.mtx.hgr,no,no,6,64,0.03,0.028133,23.8979,cut,15204,14678,no
rKaHyPar,G2_circuit.mtx.hgr,no,no,7,64,0.03,0.0289855,32.2845,cut,15218,14747,no
rKaHyPar,G2_circuit.mtx.hgr,no,no,8,64,0.03,0.029838,23.1623,cut,15249,14794,no
rKaHyPar,G2_circuit.mtx.hgr,no,no,9,64,0.03,0.029838,22.3259,cut,15331,14786,no
rKaHyPar,G2_circuit.mtx.hgr,no,no,0,8,0.03,0.00687523,20.5554,cut,2983,2964,no
rKaHyPar,G2_circuit.mtx.hgr,no,no,1,8,0.03,0.00703512,15.2043,cut,2981,2964,no
rKaHyPar,G2_circuit.mtx.hgr,no,no,2,8,0.03,0.017268,18.9131,cut,2985,2964,no
rKaHyPar,G2_circuit.mtx.hgr,no,no,3,8,0.03,0.00671534,18.9623,cut,2978,2964,no
rKaHyPar,G2_circuit.mtx.hgr,no,no,4,8,0.03,0.00692853,20.7215,cut,2984,2964,no
rKaHyPar,G2_circuit.mtx.hgr,no,no,5,8,0.03,0.00676864,14.9236,cut,2985,2964,no
rKaHyPar,G2_circuit.mtx.hgr,no,no,6,8,0.03,0.0172147,19.9825,cut,2986,2964,no
rKaHyPar,G2_circuit.mtx.hgr,no,no,7,8,0.03,0.00671534,15.3715,cut,2985,2964,no
rKaHyPar,G2_circuit.mtx.hgr,no,no,8,8,0.03,0.00682194,14.4888,cut,2978,2964,no
rKaHyPar,G2_circuit.mtx.hgr,no,no,9,8,0.03,0.00671534,13.2942,cut,2985,2964,no
rKaHyPar,G67.mtx.hgr,no,no,0,128,0.03,0.0253165,3.60305,cut,2702,2432,no
rKaHyPar,G67.mtx.hgr,no,no,1,128,0.03,0.0253165,3.63318,cut,2729,2467,no
rKaHyPar,G67.mtx.hgr,no,no,2,128,0.03,0.0253165,3.57242,cut,2690,2426,no
rKaHyPar,G67.mtx.hgr,no,no,3,128,0.03,0.0253165,5.02075,cut,2735,2471,no
rKaHyPar,G67.mtx.hgr,no,no,4,128,0.03,0.0253165,4.98981,cut,2714,2444,no
rKaHyPar,G67.mtx.hgr,no,no,5,128,0.03,0.0253165,3.62758,cut,2671,2409,no
rKaHyPar,G67.mtx.hgr,no,no,6,128,0.03,0.0253165,5.09622,cut,2693,2431,no
rKaHyPar,G67.mtx.hgr,no,no,7,128,0.03,0.0253165,3.62615,cut,2697,2427,no
rKaHyPar,G67.mtx.hgr,no,no,8,128,0.03,0.0253165,3.6274,cut,2764,2492,no
rKaHyPar,G67.mtx.hgr,no,no,9,128,0.03,0.0253165,5.19574,cut,2697,2435,no
rKaHyPar,G67.mtx.hgr,no,no,0,16,0.03,0.0272,1.58316,cut,1031,999,no
rKaHyPar,G67.mtx.hgr,no,no,1,16,0.03,0.0288,1.17405,cut,991,959,no
rKaHyPar,G67.mtx.hgr,no,no,2,16,0.03,0.0288,1.11809,cut,1034,1002,no
rKaHyPar,G67.mtx.hgr,no,no,3,16,0.03,0.0288,1.62086,cut,1056,1024,no
rKaHyPar,G67.mtx.hgr,no,no,4,16,0.03,0.0256,1.62599,cut,1000,966,no
rKaHyPar,G67.mtx.hgr,no,no,5,16,0.03,0.0288,1.5623,cut,1029,995,no
rKaHyPar,G67.mtx.hgr,no,no,6,16,0.03,0.0224,1.11113,cut,1005,969,no
rKaHyPar,G67.mtx.hgr,no,no,7,16,0.03,0.0208,1.58494,cut,1052,1018,no
rKaHyPar,G67.mtx.hgr,no,no,8,16,0.03,0.0256,1.13682,cut,1028,994,no
rKaHyPar,G67.mtx.hgr,no,no,9,16,0.03,0.0208,1.17361,cut,1030,996,no
rKaHyPar,G67.mtx.hgr,no,no,0,2,0.03,0,0.17716,cut,0,0,no
rKaHyPar,G67.mtx.hgr,no,no,1,2,0.03,0,0.128463,cut,0,0,no
rKaHyPar,G67.mtx.hgr,no,no,2,2,0.03,0,0.123915,cut,0,0,no
rKaHyPar,G67.mtx.hgr,no,no,3,2,0.03,0,0.119756,cut,0,0,no
rKaHyPar,G67.mtx.hgr,no,no,4,2,0.03,0,0.128443,cut,0,0,no
rKaHyPar,G67.mtx.hgr,no,no,5,2,0.03,0,0.129925,cut,0,0,no
rKaHyPar,G67.mtx.hgr,no,no,6,2,0.03,0,0.121795,cut,0,0,no
rKaHyPar,G67.mtx.hgr,no,no,7,2,0.03,0,0.127405,cut,0,0,no
rKaHyPar,G67.mtx.hgr,no,no,8,2,0.03,0,0.179422,cut,0,0,no
rKaHyPar,G67.mtx.hgr,no,no,9,2,0.03,0,0.1313,cut,0,0,no
rKaHyPar,G67.mtx.hgr,no,no,0,32,0.03,0.028754,1.84533,cut,1383,1319,no
rKaHyPar,G67.mtx.hgr,no,no,1,32,0.03,0.0255591,1.83772,cut,1377,1313,no
rKaHyPar,G67.mtx.hgr,no,no,2,32,0.03,0.028754,2.54741,cut,1383,1319,no
rKaHyPar,G67.mtx.hgr,no,no,3,32,0.03,0.028754,2.57071,cut,1418,1350,no
rKaHyPar,G67.mtx.hgr,no,no,4,32,0.03,0.0255591,1.83702,cut,1426,1354,no
rKaHyPar,G67.mtx.hgr,no,no,5,32,0.03,0.028754,2.43546,cut,1422,1356,no
rKaHyPar,G67.mtx.hgr,no,no,6,32,0.03,0.028754,1.78815,cut,1428,1364,no
rKaHyPar,G67.mtx.hgr,no,no,7,32,0.03,0.0223642,2.55222,cut,1439,1375,no
rKaHyPar,G67.mtx.hgr,no,no,8,32,0.03,0.028754,2.51378,cut,1356,1292,no
rKaHyPar,G67.mtx.hgr,no,no,9,32,0.03,0.028754,1.79862,cut,1374,1304,no
rKaHyPar,G67.mtx.hgr,no,no,0,4,0.03,0,0.515109,cut,400,400,no
rKaHyPar,G67.mtx.hgr,no,no,1,4,0.03,0,0.379321,cut,400,400,no
rKaHyPar,G67.mtx.hgr,no,no,2,4,0.03,0,0.524315,cut,400,400,no
rKaHyPar,G67.mtx.hgr,no,no,3,4,0.03,0,0.368101,cut,400,400,no
rKaHyPar,G67.mtx.hgr,no,no,4,4,0.03,0,0.522771,cut,400,400,no
rKaHyPar,G67.mtx.hgr,no,no,5,4,0.03,0,0.520402,cut,400,400,no
rKaHyPar,G67.mtx.hgr,no,no,6,4,0.03,0,0.530856,cut,400,400,no
rKaHyPar,G67.mtx.hgr,no,no,7,4,0.03,0,0.37917,cut,400,400,no
rKaHyPar,G67.mtx.hgr,no,no,8,4,0.03,0,0.383278,cut,400,400,no
rKaHyPar,G67.mtx.hgr,no,no,9,4,0.03,0,0.383043,cut,400,400,no
rKaHyPar,G67.mtx.hgr,no,no,0,64,0.03,0.0254777,3.75398,cut,1928,1800,no
rKaHyPar,G67.mtx.hgr,no,no,1,64,0.03,0.0254777,3.64932,cut,1946,1814,no
rKaHyPar,G67.mtx.hgr,no,no,2,64,0.03,0.0254777,2.65075,cut,1938,1802,no
rKaHyPar,G67.mtx.hgr,no,no,3,64,0.03,0.0254777,2.59527,cut,1991,1857,no
rKaHyPar,G67.mtx.hgr,no,no,4,64,0.03,0.0254777,3.66857,cut,1942,1808,no
rKaHyPar,G67.mtx.hgr,no,no,5,64,0.03,0.0191083,3.60925,cut,1928,1790,no
rKaHyPar,G67.mtx.hgr,no,no,6,64,0.03,0.0254777,2.67996,cut,1894,1762,no
rKaHyPar,G67.mtx.hgr,no,no,7,64,0.03,0.0254777,3.6619,cut,1989,1851,no
rKaHyPar,G67.mtx.hgr,no,no,8,64,0.03,0.0254777,2.60442,cut,1935,1801,no
rKaHyPar,G67.mtx.hgr,no,no,9,64,0.03,0.0254777,2.80466,cut,1920,1788,no
rKaHyPar,G67.mtx.hgr,no,no,0,8,0.03,0,0.658787,cut,744,728,no
rKaHyPar,G67.mtx.hgr,no,no,1,8,0.03,0.008,0.675516,cut,725,709,no
rKaHyPar,G67.mtx.hgr,no,no,2,8,0.03,0.0144,1.00562,cut,720,704,no
rKaHyPar,G67.mtx.hgr,no,no,3,8,0.03,0,0.907131,cut,739,723,no
rKaHyPar,G67.mtx.hgr,no,no,4,8,0.03,0,0.976077,cut,708,692,no
rKaHyPar,G67.mtx.hgr,no,no,5,8,0.03,0,0.676097,cut,728,712,no
rKaHyPar,G67.mtx.hgr,no,no,6,8,0.03,0,0.923258,cut,745,729,no
rKaHyPar,G67.mtx.hgr,no,no,7,8,0.03,0.0072,0.687729,cut,737,721,no
rKaHyPar,G67.mtx.hgr,no,no,8,8,0.03,0,0.674944,cut,737,721,no
rKaHyPar,G67.mtx.hgr,no,no,9,8,0.03,0.0072,0.670597,cut,727,711,no
rKaHyPar,g7jac040sc.mtx.hgr,no,no,0,128,0.03,0.0215054,4.80634,cut,16845,5463,no
rKaHyPar,g7jac040sc.mtx.hgr,no,no,1,128,0.03,0.0215054,4.74338,cut,18308,5530,no
rKaHyPar,g7jac040sc.mtx.hgr,no,no,2,128,0.03,0.0215054,4.75074,cut,16355,5485,no
rKaHyPar,g7jac040sc.mtx.hgr,no,no,3,128,0.03,0.0215054,6.87119,cut,17203,5505,no
rKaHyPar,g7jac040sc.mtx.hgr,no,no,4,128,0.03,0.0215054,6.71469,cut,15951,5508,no
rKaHyPar,g7jac040sc.mtx.hgr,no,no,5,128,0.03,0.0215054,4.70708,cut,18206,5516,no
rKaHyPar,g7jac040sc.mtx.hgr,no,no,6,128,0.03,0.0215054,6.64753,cut,19630,5475,no
rKaHyPar,g7jac040sc.mtx.hgr,no,no,7,128,0.03,0.0215054,4.96493,cut,18268,5451,no
rKaHyPar,g7jac040sc.mtx.hgr,no,no,8,128,0.03,0.0215054,4.78739,cut,19104,5536,no
rKaHyPar,g7jac040sc.mtx.hgr,no,no,9,128,0.03,0.0215054,6.70323,cut,17633,5472,no
rKaHyPar,g7jac040sc.mtx.hgr,no,no,0,16,0.03,0.0298507,2.3145,cut,6378,2326,no
rKaHyPar,g7jac040sc.mtx.hgr,no,no,1,16,0.03,0.0298507,1.67744,cut,7170,2357,no
rKaHyPar,g7jac040sc.mtx.hgr,no,no,2,16,0.03,0.0298507,1.70111,cut,6499,2373,no
rKaHyPar,g7jac040sc.mtx.hgr,no,no,3,16,0.03,0.0298507,2.49216,cut,6426,2298,no
rKaHyPar,g7jac040sc.mtx.hgr,no,no,4,16,0.03,0.0298507,2.29992,cut,6357,2353,no
rKaHyPar,g7jac040sc.mtx.hgr,no,no,5,16,0.03,0.0298507,2.41729,cut,6985,2343,no
rKaHyPar,g7jac040sc.mtx.hgr,no,no,6,16,0.03,0.0298507,1.70394,cut,6757,2353,no
rKaHyPar,g7jac040sc.mtx.hgr,no,no,7,16,0.03,0.0298507,2.37356,cut,6985,2335,no
rKaHyPar,g7jac040sc.mtx.hgr,no,no,8,16,0.03,0.0298507,1.72135,cut,6903,2339,no
rKaHyPar,g7jac040sc.mtx.hgr,no,no,9,16,0.03,0.0298507,1.7169,cut,6730,2389,no
rKaHyPar,g7jac040sc.mtx.hgr,no,no,0,2,0.03,0.0215437,0.685473,cut,691,691,no
rKaHyPar,g7jac040sc.mtx.hgr,no,no,1,2,0.03,0.00949958,0.451277,cut,701,701,no
rKaHyPar,g7jac040sc.mtx.hgr,no,no,2,2,0.03,0.0262935,0.502225,cut,734,734,no
rKaHyPar,g7jac040sc.mtx.hgr,no,no,3,2,0.03,0.0215437,0.432143,cut,691,691,no
rKaHyPar,g7jac040sc.mtx.hgr,no,no,4,2,0.03,0.00949958,0.647879,cut,701,701,no
rKaHyPar,g7jac040sc.mtx.hgr,no,no,5,2,0.03,0.00949958,0.448634,cut,701,701,no
rKaHyPar,g7jac040sc.mtx.hgr,no,no,6,2,0.03,0.00949958,0.459119,cut,701,701,no
rKaHyPar,g7jac040sc.mtx.hgr,no,no,7,2,0.03,0.00949958,0.421048,cut,701,701,no
rKaHyPar,g7jac040sc.mtx.hgr,no,no,8,2,0.03,0.00949958,0.631774,cut,701,701,no
rKaHyPar,g7jac040sc.mtx.hgr,no,no,9,2,0.03,0.00949958,0.456836,cut,701,701,no
rKaHyPar,g7jac040sc.mtx.hgr,no,no,0,32,0.03,0.0298103,3.50737,cut,9273,3444,no
rKaHyPar,g7jac040sc.mtx.hgr,no,no,1,32,0.03,0.0298103,2.40456,cut,8768,3388,no
rKaHyPar,g7jac040sc.mtx.hgr,no,no,2,32,0.03,0.0298103,3.43048,cut,8341,3348,no
rKaHyPar,g7jac040sc.mtx.hgr,no,no,3,32,0.03,0.0298103,3.34547,cut,9464,3446,no
rKaHyPar,g7jac040sc.mtx.hgr,no,no,4,32,0.03,0.0298103,2.43059,cut,8318,3347,no
rKaHyPar,g7jac040sc.mtx.hgr,no,no,5,32,0.03,0.0298103,3.34721,cut,9413,3444,no
rKaHyPar,g7jac040sc.mtx.hgr,no,no,6,32,0.03,0.0298103,2.40951,cut,10419,3436,no
rKaHyPar,g7jac040sc.mtx.hgr,no,no,7,32,0.03,0.0298103,3.44611,cut,11840,3486,no
rKaHyPar,g7jac040sc.mtx.hgr,no,no,8,32,0.03,0.0298103,3.46648,cut,10389,3479,no
rKaHyPar,g7jac040sc.mtx.hgr,no,no,9,32,0.03,0.0298103,2.39301,cut,10035,3438,no
rKaHyPar,g7jac040sc.mtx.hgr,no,no,0,4,0.03,0.0298507,1.15134,cut,1881,1179,no
rKaHyPar,g7jac040sc.mtx.hgr,no,no,1,4,0.03,0.0295115,0.841051,cut,1921,1170,no
rKaHyPar,g7jac040sc.mtx.hgr,no,no,2,4,0.03,0.0288331,1.27351,cut,1780,1192,no
rKaHyPar,g7jac040sc.mtx.hgr,no,no,3,4,0.03,0.0298507,0.805525,cut,1904,1179,no
rKaHyPar,g7jac040sc.mtx.hgr,no,no,4,4,0.03,0.0200136,1.18916,cut,1819,1208,no
rKaHyPar,g7jac040sc.mtx.hgr,no,no,5,4,0.03,0.0298507,1.17279,cut,1888,1175,no
rKaHyPar,g7jac040sc.mtx.hgr,no,no,6,4,0.03,0.0200136,0.846704,cut,1877,1226,no
rKaHyPar,g7jac040sc.mtx.hgr,no,no,7,4,0.03,0.0281547,0.83624,cut,1883,1181,no
rKaHyPar,g7jac040sc.mtx.hgr,no,no,8,4,0.03,0.0281547,0.814234,cut,1931,1181,no
rKaHyPar,g7jac040sc.mtx.hgr,no,no,9,4,0.03,0.0298507,0.769757,cut,1932,1183,no
rKaHyPar,g7jac040sc.mtx.hgr,no,no,0,64,0.03,0.027027,5.21021,cut,13925,4173,no
rKaHyPar,g7jac040sc.mtx.hgr,no,no,1,64,0.03,0.027027,4.92469,cut,12585,4150,no
rKaHyPar,g7jac040sc.mtx.hgr,no,no,2,64,0.03,0.027027,3.58199,cut,11269,4140,no
rKaHyPar,g7jac040sc.mtx.hgr,no,no,3,64,0.03,0.027027,3.53401,cut,11665,4139,no
rKaHyPar,g7jac040sc.mtx.hgr,no,no,4,64,0.03,0.027027,4.82205,cut,11753,4127,no
rKaHyPar,g7jac040sc.mtx.hgr,no,no,5,64,0.03,0.027027,4.93636,cut,12379,4131,no
rKaHyPar,g7jac040sc.mtx.hgr,no,no,6,64,0.03,0.027027,3.4719,cut,12664,4139,no
rKaHyPar,g7jac040sc.mtx.hgr,no,no,7,64,0.03,0.027027,4.89173,cut,12814,4157,no
rKaHyPar,g7jac040sc.mtx.hgr,no,no,8,64,0.03,0.027027,3.55351,cut,13518,4182,no
rKaHyPar,g7jac040sc.mtx.hgr,no,no,9,64,0.03,0.027027,3.56211,cut,14373,4217,no
rKaHyPar,g7jac040sc.mtx.hgr,no,no,0,8,0.03,0.0298507,1.73235,cut,3484,1680,no
rKaHyPar,g7jac040sc.mtx.hgr,no,no,1,8,0.03,0.0298507,1.19768,cut,3932,1662,no
rKaHyPar,g7jac040sc.mtx.hgr,no,no,2,8,0.03,0.0298507,1.38828,cut,3587,1714,no
rKaHyPar,g7jac040sc.mtx.hgr,no,no,3,8,0.03,0.0298507,1.6132,cut,3820,1671,no
rKaHyPar,g7jac040sc.mtx.hgr,no,no,4,8,0.03,0.0298507,1.71694,cut,3379,1710,no
rKaHyPar,g7jac040sc.mtx.hgr,no,no,5,8,0.03,0.0298507,1.21805,cut,3620,1654,no
rKaHyPar,g7jac040sc.mtx.hgr,no,no,6,8,0.03,0.0298507,1.67913,cut,3883,1686,no
rKaHyPar,g7jac040sc.mtx.hgr,no,no,7,8,0.03,0.0298507,1.20767,cut,3647,1663,no
rKaHyPar,g7jac040sc.mtx.hgr,no,no,8,8,0.03,0.0298507,1.26197,cut,3344,1689,no
rKaHyPar,g7jac040sc.mtx.hgr,no,no,9,8,0.03,0.0284939,1.22188,cut,3519,1671,no
rKaHyPar,garon2.mtx.hgr,no,no,0,128,0.03,0.0283019,6.38349,cut,27482,8822,no
rKaHyPar,garon2.mtx.hgr,no,no,1,128,0.03,0.0283019,6.17563,cut,29927,8910,no
rKaHyPar,garon2.mtx.hgr,no,no,2,128,0.03,0.0283019,6.22414,cut,28150,8812,no
rKaHyPar,garon2.mtx.hgr,no,no,3,128,0.03,0.0283019,9.08203,cut,29931,8863,no
rKaHyPar,garon2.mtx.hgr,no,no,4,128,0.03,0.0283019,9.21071,cut,28968,8840,no
rKaHyPar,garon2.mtx.hgr,no,no,5,128,0.03,0.00943396,6.26776,cut,28391,8799,no
rKaHyPar,garon2.mtx.hgr,no,no,6,128,0.03,0.0283019,8.93778,cut,28308,8803,no
rKaHyPar,garon2.mtx.hgr,no,no,7,128,0.03,0.0188679,6.17504,cut,27826,8881,no
rKaHyPar,garon2.mtx.hgr,no,no,8,128,0.03,0.0283019,6.26274,cut,28756,8910,no
rKaHyPar,garon2.mtx.hgr,no,no,9,128,0.03,0.0283019,9.3469,cut,29145,8815,no
rKaHyPar,garon2.mtx.hgr,no,no,0,16,0.03,0.00472813,3.79216,cut,6756,3215,no
rKaHyPar,garon2.mtx.hgr,no,no,1,16,0.03,0.0248227,2.72216,cut,7406,3163,no
rKaHyPar,garon2.mtx.hgr,no,no,2,16,0.03,0.00827423,2.6759,cut,6314,3189,no
rKaHyPar,garon2.mtx.hgr,no,no,3,16,0.03,0.00236407,3.80057,cut,6416,3188,no
rKaHyPar,garon2.mtx.hgr,no,no,4,16,0.03,0.0118203,3.8312,cut,6792,3168,no
rKaHyPar,garon2.mtx.hgr,no,no,5,16,0.03,0.0106383,3.79142,cut,7003,3192,no
rKaHyPar,garon2.mtx.hgr,no,no,6,16,0.03,0.00472813,2.67906,cut,7154,3219,no
rKaHyPar,garon2.mtx.hgr,no,no,7,16,0.03,0,3.77432,cut,6090,3230,no
rKaHyPar,garon2.mtx.hgr,no,no,8,16,0.03,0.0165485,2.60767,cut,6732,3228,no
rKaHyPar,garon2.mtx.hgr,no,no,9,16,0.03,0.0035461,2.63451,cut,6850,3238,no
rKaHyPar,garon2.mtx.hgr,no,no,0,2,0.03,0.0199468,1.30361,cut,535,535,no
rKaHyPar,garon2.mtx.hgr,no,no,1,2,0.03,0.0199468,0.931981,cut,535,535,no
rKaHyPar,garon2.mtx.hgr,no,no,2,2,0.03,0,0.657478,cut,542,542,no
rKaHyPar,garon2.mtx.hgr,no,no,3,2,0.03,0.0199468,1.05004,cut,535,535,no
rKaHyPar,garon2.mtx.hgr,no,no,4,2,0.03,0.0199468,1.38659,cut,535,535,no
rKaHyPar,garon2.mtx.hgr,no,no,5,2,0.03,0,0.67682,cut,542,542,no
rKaHyPar,garon2.mtx.hgr,no,no,6,2,0.03,0.0199468,0.9455,cut,535,535,no
rKaHyPar,garon2.mtx.hgr,no,no,7,2,0.03,0,0.710287,cut,542,542,no
rKaHyPar,garon2.mtx.hgr,no,no,8,2,0.03,0.0199468,1.43563,cut,535,535,no
rKaHyPar,garon2.mtx.hgr,no,no,9,2,0.03,0.0199468,0.981904,cut,535,535,no
rKaHyPar,garon2.mtx.hgr,no,no,0,32,0.03,0.0189125,5.26209,cut,13173,4726,no
rKaHyPar,garon2.mtx.hgr,no,no,1,32,0.03,0.0165485,3.62639,cut,11218,4665,no
rKaHyPar,garon2.mtx.hgr,no,no,2,32,0.03,0,5.19092,cut,10804,4651,no
rKaHyPar,garon2.mtx.hgr,no,no,3,32,0.03,0.00472813,5.18588,cut,12384,4700,no
rKaHyPar,garon2.mtx.hgr,no,no,4,32,0.03,0,3.591,cut,12135,4709,no
rKaHyPar,garon2.mtx.hgr,no,no,5,32,0.03,0.00472813,5.15466,cut,12082,4680,no
rKaHyPar,garon2.mtx.hgr,no,no,6,32,0.03,0.0070922,3.61233,cut,12286,4682,no
rKaHyPar,garon2.mtx.hgr,no,no,7,32,0.03,0.0165485,5.19807,cut,12310,4657,no
rKaHyPar,garon2.mtx.hgr,no,no,8,32,0.03,0.0189125,5.29089,cut,11165,4675,no
rKaHyPar,garon2.mtx.hgr,no,no,9,32,0.03,0.0283688,3.64385,cut,10473,4660,no
rKaHyPar,garon2.mtx.hgr,no,no,0,4,0.03,0.0189125,1.89556,cut,1852,1170,no
rKaHyPar,garon2.mtx.hgr,no,no,1,4,0.03,0.0206856,1.33922,cut,1647,1128,no
rKaHyPar,garon2.mtx.hgr,no,no,2,4,0.03,0.00413712,1.81278,cut,1523,1079,no
rKaHyPar,garon2.mtx.hgr,no,no,3,4,0.03,0.00384161,1.29507,cut,1723,1107,no
rKaHyPar,garon2.mtx.hgr,no,no,4,4,0.03,0.0295508,2.01534,cut,1803,1142,no
rKaHyPar,garon2.mtx.hgr,no,no,5,4,0.03,0.00472813,1.92297,cut,1754,1163,no
rKaHyPar,garon2.mtx.hgr,no,no,6,4,0.03,0.00827423,1.33001,cut,1491,1114,no
rKaHyPar,garon2.mtx.hgr,no,no,7,4,0.03,0,1.37186,cut,1699,1065,no
rKaHyPar,garon2.mtx.hgr,no,no,8,4,0.03,0.0212766,1.2965,cut,1451,1156,no
rKaHyPar,garon2.mtx.hgr,no,no,9,4,0.03,0.0265957,1.34766,cut,1667,1114,no
rKaHyPar,garon2.mtx.hgr,no,no,0,64,0.03,0.0235849,6.97293,cut,19460,6732,no
rKaHyPar,garon2.mtx.hgr,no,no,1,64,0.03,0.0283019,6.91314,cut,17673,6586,no
rKaHyPar,garon2.mtx.hgr,no,no,2,64,0.03,0.0188679,4.8441,cut,19376,6786,no
rKaHyPar,garon2.mtx.hgr,no,no,3,64,0.03,0.0235849,4.67549,cut,20308,6694,no
rKaHyPar,garon2.mtx.hgr,no,no,4,64,0.03,0.0235849,6.93657,cut,17520,6623,no
rKaHyPar,garon2.mtx.hgr,no,no,5,64,0.03,0.00943396,6.69032,cut,18196,6618,no
rKaHyPar,garon2.mtx.hgr,no,no,6,64,0.03,0.0283019,4.72002,cut,18748,6633,no
rKaHyPar,garon2.mtx.hgr,no,no,7,64,0.03,0.0235849,6.72549,cut,19235,6625,no
rKaHyPar,garon2.mtx.hgr,no,no,8,64,0.03,0.0235849,4.68817,cut,16914,6696,no
rKaHyPar,garon2.mtx.hgr,no,no,9,64,0.03,0.0235849,4.82758,cut,16599,6644,no
rKaHyPar,garon2.mtx.hgr,no,no,0,8,0.03,0.0230496,1.83126,cut,3376,1961,no
rKaHyPar,garon2.mtx.hgr,no,no,1,8,0.03,0.0224586,2.00446,cut,2894,1968,no
rKaHyPar,garon2.mtx.hgr,no,no,2,8,0.03,0.0153664,1.86414,cut,3320,1968,no
rKaHyPar,garon2.mtx.hgr,no,no,3,8,0.03,0,2.69893,cut,3415,1975,no
rKaHyPar,garon2.mtx.hgr,no,no,4,8,0.03,0.00236407,2.73326,cut,3508,1975,no
rKaHyPar,garon2.mtx.hgr,no,no,5,8,0.03,0,1.97793,cut,3574,2003,no
rKaHyPar,garon2.mtx.hgr,no,no,6,8,0.03,0.00413712,2.76241,cut,3625,1968,no
rKaHyPar,garon2.mtx.hgr,no,no,7,8,0.03,0.00531915,1.8709,cut,3857,1996,no
rKaHyPar,garon2.mtx.hgr,no,no,8,8,0.03,0,1.84463,cut,3424,1968,no
rKaHyPar,garon2.mtx.hgr,no,no,9,8,0.03,0.0141844,1.95695,cut,3477,2033,no
rKaHyPar,gearbox.mtx.hgr,no,no,0,128,0.03,0.0282862,20.8225,cut,50174,43187,no
rKaHyPar,gearbox.mtx.hgr,no,no,1,128,0.03,0.0299501,20.383,cut,51620,43559,no
rKaHyPar,gearbox.mtx.hgr,no,no,2,128,0.03,0.0282862,20.6244,cut,51727,43501,no
rKaHyPar,gearbox.mtx.hgr,no,no,3,128,0.03,0.0299501,20.5535,cut,50744,43056,no
rKaHyPar,gearbox.mtx.hgr,no,no,4,128,0.03,0.0299501,29.321,cut,50522,42913,no
rKaHyPar,gearbox.mtx.hgr,no,no,5,128,0.03,0.0282862,20.5764,cut,50570,43267,no
rKaHyPar,gearbox.mtx.hgr,no,no,6,128,0.03,0.0282862,29.1077,cut,50305,43004,no
rKaHyPar,gearbox.mtx.hgr,no,no,7,128,0.03,0.0282862,20.7794,cut,50309,43096,no
rKaHyPar,gearbox.mtx.hgr,no,no,8,128,0.03,0.0299501,20.9548,cut,51116,43873,no
rKaHyPar,gearbox.mtx.hgr,no,no,9,128,0.03,0.0282862,29.5757,cut,50486,42709,no
rKaHyPar,gearbox.mtx.hgr,no,no,0,16,0.03,0.0298647,9.5448,cut,10719,10236,no
rKaHyPar,gearbox.mtx.hgr,no,no,1,16,0.03,0.0289282,9.02255,cut,10325,9810,no
rKaHyPar,gearbox.mtx.hgr,no,no,2,16,0.03,0.0289282,9.77598,cut,10737,10121,no
rKaHyPar,gearbox.mtx.hgr,no,no,3,16,0.03,0.0292404,13.2114,cut,10688,10200,no
rKaHyPar,gearbox.mtx.hgr,no,no,4,16,0.03,0.028616,12.4447,cut,10530,9964,no
rKaHyPar,gearbox.mtx.hgr,no,no,5,16,0.03,0.0298647,13.9219,cut,10743,10253,no
rKaHyPar,gearbox.mtx.hgr,no,no,6,16,0.03,0.0298647,9.55805,cut,10437,9995,no
rKaHyPar,gearbox.mtx.hgr,no,no,7,16,0.03,0.0283039,13.5896,cut,11037,10376,no
rKaHyPar,gearbox.mtx.hgr,no,no,8,16,0.03,0.0219563,9.58918,cut,10800,10294,no
rKaHyPar,gearbox.mtx.hgr,no,no,9,16,0.03,0.028616,9.67978,cut,10491,10031,no
rKaHyPar,gearbox.mtx.hgr,no,no,0,2,0.03,0.00102767,4.22473,cut,288,288,no
rKaHyPar,gearbox.mtx.hgr,no,no,1,2,0.03,0.00102767,3.00435,cut,288,288,no
rKaHyPar,gearbox.mtx.hgr,no,no,2,2,0.03,0.00102767,2.96681,cut,288,288,no
rKaHyPar,gearbox.mtx.hgr,no,no,3,2,0.03,0.00102767,3.04022,cut,288,288,no
rKaHyPar,gearbox.mtx.hgr,no,no,4,2,0.03,0.00102767,4.20193,cut,288,288,no
rKaHyPar,gearbox.mtx.hgr,no,no,5,2,0.03,0.00102767,2.961,cut,288,288,no
rKaHyPar,gearbox.mtx.hgr,no,no,6,2,0.03,0.00102767,2.79174,cut,288,288,no
rKaHyPar,gearbox.mtx.hgr,no,no,7,2,0.03,0.00102767,3.24635,cut,288,288,no
rKaHyPar,gearbox.mtx.hgr,no,no,8,2,0.03,0.00102767,4.35635,cut,288,288,no
rKaHyPar,gearbox.mtx.hgr,no,no,9,2,0.03,0.00102767,2.80943,cut,288,288,no
rKaHyPar,gearbox.mtx.hgr,no,no,0,32,0.03,0.0295525,17.941,cut,18330,17051,no
rKaHyPar,gearbox.mtx.hgr,no,no,1,32,0.03,0.0297607,12.9805,cut,18861,17753,no
rKaHyPar,gearbox.mtx.hgr,no,no,2,32,0.03,0.0289282,12.7879,cut,18403,17295,no
rKaHyPar,gearbox.mtx.hgr,no,no,3,32,0.03,0.0295525,17.242,cut,18647,17614,no
rKaHyPar,gearbox.mtx.hgr,no,no,4,32,0.03,0.0291363,12.7095,cut,18501,17527,no
rKaHyPar,gearbox.mtx.hgr,no,no,5,32,0.03,0.0289282,18.0083,cut,18603,17493,no
rKaHyPar,gearbox.mtx.hgr,no,no,6,32,0.03,0.0295525,12.3904,cut,18771,17695,no
rKaHyPar,gearbox.mtx.hgr,no,no,7,32,0.03,0.0289282,18.244,cut,18821,17742,no
rKaHyPar,gearbox.mtx.hgr,no,no,8,32,0.03,0.0295525,17.438,cut,18567,17288,no
rKaHyPar,gearbox.mtx.hgr,no,no,9,32,0.03,0.0295525,12.2714,cut,18876,17590,no
rKaHyPar,gearbox.mtx.hgr,no,no,0,4,0.03,0.0167547,6.2516,cut,2448,2448,no
rKaHyPar,gearbox.mtx.hgr,no,no,1,4,0.03,0.0167547,4.66174,cut,2448,2448,no
rKaHyPar,gearbox.mtx.hgr,no,no,2,4,0.03,0.0167547,6.24474,cut,2448,2448,no
rKaHyPar,gearbox.mtx.hgr,no,no,3,4,0.03,0.0150116,5.21753,cut,2792,2792,no
rKaHyPar,gearbox.mtx.hgr,no,no,4,4,0.03,0.0165986,5.95238,cut,2475,2475,no
rKaHyPar,gearbox.mtx.hgr,no,no,5,4,0.03,0.029763,5.56395,cut,2821,2805,no
rKaHyPar,gearbox.mtx.hgr,no,no,6,4,0.03,0.0299191,4.89694,cut,2790,2774,no
rKaHyPar,gearbox.mtx.hgr,no,no,7,4,0.03,0.0167547,4.6635,cut,2448,2448,no
rKaHyPar,gearbox.mtx.hgr,no,no,8,4,0.03,0.0167547,4.57612,cut,2448,2448,no
rKaHyPar,gearbox.mtx.hgr,no,no,9,4,0.03,0.0299191,4.95903,cut,2790,2774,no
rKaHyPar,gearbox.mtx.hgr,no,no,0,64,0.03,0.0299625,22.1973,cut,30141,27402,no
rKaHyPar,gearbox.mtx.hgr,no,no,1,64,0.03,0.0299625,15.7269,cut,29604,27037,no
rKaHyPar,gearbox.mtx.hgr,no,no,2,64,0.03,0.0295464,15.5402,cut,30038,27388,no
rKaHyPar,gearbox.mtx.hgr,no,no,3,64,0.03,0.0287141,15.962,cut,30522,27694,no
rKaHyPar,gearbox.mtx.hgr,no,no,4,64,0.03,0.0299625,21.9171,cut,30453,27675,no
rKaHyPar,gearbox.mtx.hgr,no,no,5,64,0.03,0.0299625,22.6757,cut,30578,27514,no
rKaHyPar,gearbox.mtx.hgr,no,no,6,64,0.03,0.0299625,15.3862,cut,30726,27368,no
rKaHyPar,gearbox.mtx.hgr,no,no,7,64,0.03,0.0299625,23.2156,cut,30257,27393,no
rKaHyPar,gearbox.mtx.hgr,no,no,8,64,0.03,0.0287141,15.8831,cut,29865,27026,no
rKaHyPar,gearbox.mtx.hgr,no,no,9,64,0.03,0.0299625,15.9199,cut,30803,27510,no
rKaHyPar,gearbox.mtx.hgr,no,no,0,8,0.03,0.0299183,7.91766,cut,6454,6240,no
rKaHyPar,gearbox.mtx.hgr,no,no,1,8,0.03,0.0266403,8.64619,cut,5793,5769,no
rKaHyPar,gearbox.mtx.hgr,no,no,2,8,0.03,0.0242989,7.98904,cut,5868,5826,no
rKaHyPar,gearbox.mtx.hgr,no,no,3,8,0.03,0.0266403,12.2944,cut,5793,5769,no
rKaHyPar,gearbox.mtx.hgr,no,no,4,8,0.03,0.0266403,12.2444,cut,5793,5769,no
rKaHyPar,gearbox.mtx.hgr,no,no,5,8,0.03,0.0282013,8.40091,cut,5907,5883,no
rKaHyPar,gearbox.mtx.hgr,no,no,6,8,0.03,0.0242989,11.1995,cut,5853,5812,no
rKaHyPar,gearbox.mtx.hgr,no,no,7,8,0.03,0.0296061,7.45656,cut,6377,6181,no
rKaHyPar,gearbox.mtx.hgr,no,no,8,8,0.03,0.0282013,8.69069,cut,5793,5769,no
rKaHyPar,gearbox.mtx.hgr,no,no,9,8,0.03,0.0296061,7.43784,cut,6339,6135,no
rKaHyPar,gemat1.mtx.hgr,no,no,0,128,0.03,0.0240964,3.6395,cut,2599,1135,no
rKaHyPar,gemat1.mtx.hgr,no,no,1,128,0.03,0.0240964,3.55323,cut,2530,1160,no
rKaHyPar,gemat1.mtx.hgr,no,no,2,128,0.03,0.0240964,3.54151,cut,2536,1145,no
rKaHyPar,gemat1.mtx.hgr,no,no,3,128,0.03,0.0240964,3.57184,cut,2611,1152,no
rKaHyPar,gemat1.mtx.hgr,no,no,4,128,0.03,0.0240964,5.31129,cut,2599,1148,no
rKaHyPar,gemat1.mtx.hgr,no,no,5,128,0.03,0.0240964,3.62978,cut,2596,1144,no
rKaHyPar,gemat1.mtx.hgr,no,no,6,128,0.03,0.0240964,5.28513,cut,2527,1147,no
rKaHyPar,gemat1.mtx.hgr,no,no,7,128,0.03,0.0240964,3.60307,cut,2560,1148,no
rKaHyPar,gemat1.mtx.hgr,no,no,8,128,0.03,0.0240964,3.5756,cut,2533,1139,no
rKaHyPar,gemat1.mtx.hgr,no,no,9,128,0.03,0.0240964,5.41069,cut,2592,1143,no
rKaHyPar,gemat1.mtx.hgr,no,no,0,16,0.03,0.0286576,1.3462,cut,445,302,no
rKaHyPar,gemat1.mtx.hgr,no,no,1,16,0.03,0.015083,1.37802,cut,452,297,no
rKaHyPar,gemat1.mtx.hgr,no,no,2,16,0.03,0.0271493,1.39086,cut,465,304,no
rKaHyPar,gemat1.mtx.hgr,no,no,3,16,0.03,0.0135747,2.2629,cut,451,301,no
rKaHyPar,gemat1.mtx.hgr,no,no,4,16,0.03,0.0226244,2.1171,cut,456,313,no
rKaHyPar,gemat1.mtx.hgr,no,no,5,16,0.03,0.0286576,2.11601,cut,428,281,no
rKaHyPar,gemat1.mtx.hgr,no,no,6,16,0.03,0.0286576,1.43465,cut,422,301,no
rKaHyPar,gemat1.mtx.hgr,no,no,7,16,0.03,0.0286576,2.4175,cut,468,309,no
rKaHyPar,gemat1.mtx.hgr,no,no,8,16,0.03,0.0226244,1.31904,cut,436,303,no
rKaHyPar,gemat1.mtx.hgr,no,no,9,16,0.03,0.0271493,1.3295,cut,427,294,no
rKaHyPar,gemat1.mtx.hgr,no,no,0,2,0.03,0,1.41567,cut,45,45,no
rKaHyPar,gemat1.mtx.hgr,no,no,1,2,0.03,0,0.750206,cut,47,47,no
rKaHyPar,gemat1.mtx.hgr,no,no,2,2,0.03,0.00358626,0.776685,cut,45,45,no
rKaHyPar,gemat1.mtx.hgr,no,no,3,2,0.03,0.01359,0.755478,cut,37,37,no
rKaHyPar,gemat1.mtx.hgr,no,no,4,2,0.03,0,1.40696,cut,45,45,no
rKaHyPar,gemat1.mtx.hgr,no,no,5,2,0.03,0.00226501,0.77234,cut,43,43,no
rKaHyPar,gemat1.mtx.hgr,no,no,6,2,0.03,0,0.797966,cut,35,35,no
rKaHyPar,gemat1.mtx.hgr,no,no,7,2,0.03,0,0.833924,cut,35,35,no
rKaHyPar,gemat1.mtx.hgr,no,no,8,2,0.03,0,1.41588,cut,53,53,no
rKaHyPar,gemat1.mtx.hgr,no,no,9,2,0.03,0.00358626,0.795542,cut,45,45,no
rKaHyPar,gemat1.mtx.hgr,no,no,0,32,0.03,0.0180723,2.75342,cut,862,490,no
rKaHyPar,gemat1.mtx.hgr,no,no,1,32,0.03,0.0240964,1.92517,cut,825,491,no
rKaHyPar,gemat1.mtx.hgr,no,no,2,32,0.03,0.0271084,1.86478,cut,802,495,no
rKaHyPar,gemat1.mtx.hgr,no,no,3,32,0.03,0.0150602,2.75901,cut,888,504,no
rKaHyPar,gemat1.mtx.hgr,no,no,4,32,0.03,0.0240964,1.88151,cut,812,490,no
rKaHyPar,gemat1.mtx.hgr,no,no,5,32,0.03,0.0240964,2.84326,cut,840,494,no
rKaHyPar,gemat1.mtx.hgr,no,no,6,32,0.03,0.0271084,1.92576,cut,793,497,no
rKaHyPar,gemat1.mtx.hgr,no,no,7,32,0.03,0.0120482,2.83548,cut,835,473,no
rKaHyPar,gemat1.mtx.hgr,no,no,8,32,0.03,0.0271084,2.89866,cut,851,491,no
rKaHyPar,gemat1.mtx.hgr,no,no,9,32,0.03,0.0240964,1.85799,cut,852,500,no
rKaHyPar,gemat1.mtx.hgr,no,no,0,4,0.03,0,1.54611,cut,98,79,no
rKaHyPar,gemat1.mtx.hgr,no,no,1,4,0.03,0.0252926,0.926848,cut,93,71,no
rKaHyPar,gemat1.mtx.hgr,no,no,2,4,0.03,0,1.59667,cut,109,81,no
rKaHyPar,gemat1.mtx.hgr,no,no,3,4,0.03,0.0256701,0.897768,cut,97,79,no
rKaHyPar,gemat1.mtx.hgr,no,no,4,4,0.03,0,1.52565,cut,122,93,no
rKaHyPar,gemat1.mtx.hgr,no,no,5,4,0.03,0.00226501,0.913801,cut,116,85,no
rKaHyPar,gemat1.mtx.hgr,no,no,6,4,0.03,0.00981502,0.90735,cut,89,69,no
rKaHyPar,gemat1.mtx.hgr,no,no,7,4,0.03,0.00981502,0.922345,cut,87,67,no
rKaHyPar,gemat1.mtx.hgr,no,no,8,4,0.03,0.01812,0.916627,cut,83,73,no
rKaHyPar,gemat1.mtx.hgr,no,no,9,4,0.03,0.00906002,0.895894,cut,84,75,no
rKaHyPar,gemat1.mtx.hgr,no,no,0,64,0.03,0.0240964,4.10154,cut,1521,777,no
rKaHyPar,gemat1.mtx.hgr,no,no,1,64,0.03,0.0240964,2.73819,cut,1499,784,no
rKaHyPar,gemat1.mtx.hgr,no,no,2,64,0.03,0.0240964,2.71493,cut,1490,766,no
rKaHyPar,gemat1.mtx.hgr,no,no,3,64,0.03,0.0240964,2.63906,cut,1438,759,no
rKaHyPar,gemat1.mtx.hgr,no,no,4,64,0.03,0.0240964,4.09513,cut,1524,766,no
rKaHyPar,gemat1.mtx.hgr,no,no,5,64,0.03,0.0240964,3.99478,cut,1490,774,no
rKaHyPar,gemat1.mtx.hgr,no,no,6,64,0.03,0.0240964,2.62094,cut,1529,783,no
rKaHyPar,gemat1.mtx.hgr,no,no,7,64,0.03,0.0180723,4.07644,cut,1450,754,no
rKaHyPar,gemat1.mtx.hgr,no,no,8,64,0.03,0.0240964,2.62418,cut,1598,764,no
rKaHyPar,gemat1.mtx.hgr,no,no,9,64,0.03,0.0240964,2.6552,cut,1506,780,no
rKaHyPar,gemat1.mtx.hgr,no,no,0,8,0.03,0.0226415,1.839,cut,210,153,no
rKaHyPar,gemat1.mtx.hgr,no,no,1,8,0.03,0.00226415,1.11603,cut,243,181,no
rKaHyPar,gemat1.mtx.hgr,no,no,2,8,0.03,0.0128302,1.11004,cut,232,175,no
rKaHyPar,gemat1.mtx.hgr,no,no,3,8,0.03,0.0233962,1.74652,cut,221,155,no
rKaHyPar,gemat1.mtx.hgr,no,no,4,8,0.03,0.0188679,1.73987,cut,228,161,no
rKaHyPar,gemat1.mtx.hgr,no,no,5,8,0.03,0.00377358,1.1549,cut,220,159,no
rKaHyPar,gemat1.mtx.hgr,no,no,6,8,0.03,0.0143396,1.84927,cut,202,153,no
rKaHyPar,gemat1.mtx.hgr,no,no,7,8,0.03,0.0218868,1.03933,cut,210,151,no
rKaHyPar,gemat1.mtx.hgr,no,no,8,8,0.03,0.0279245,1.12476,cut,225,157,no
rKaHyPar,gemat1.mtx.hgr,no,no,9,8,0.03,0.0143396,1.04076,cut,218,161,no
rKaHyPar,graphics.mtx.hgr,no,no,0,128,0.03,0.0215054,4.02846,cut,13110,7866,no
rKaHyPar,graphics.mtx.hgr,no,no,1,128,0.03,0.0215054,4.05237,cut,13128,7890,no
rKaHyPar,graphics.mtx.hgr,no,no,2,128,0.03,0.0215054,4.06677,cut,13197,7887,no
rKaHyPar,graphics.mtx.hgr,no,no,3,128,0.03,0.0215054,4.09358,cut,13110,7929,no
rKaHyPar,graphics.mtx.hgr,no,no,4,128,0.03,0.0215054,5.72625,cut,13203,7875,no
rKaHyPar,graphics.mtx.hgr,no,no,5,128,0.03,0.0215054,4.05611,cut,13107,7875,no
rKaHyPar,graphics.mtx.hgr,no,no,6,128,0.03,0.0215054,5.99357,cut,13065,7965,no
rKaHyPar,graphics.mtx.hgr,no,no,7,128,0.03,0.0215054,4.07101,cut,13290,7944,no
rKaHyPar,graphics.mtx.hgr,no,no,8,128,0.03,0.0215054,5.69658,cut,13203,7893,no
rKaHyPar,graphics.mtx.hgr,no,no,9,128,0.03,0.0215054,5.8137,cut,13170,7878,no
rKaHyPar,graphics.mtx.hgr,no,no,0,16,0.03,0.0284168,1.20618,cut,3576,2511,no
rKaHyPar,graphics.mtx.hgr,no,no,1,16,0.03,0.0189445,1.19763,cut,3603,2541,no
rKaHyPar,graphics.mtx.hgr,no,no,2,16,0.03,0.0257104,1.15796,cut,3636,2550,no
rKaHyPar,graphics.mtx.hgr,no,no,3,16,0.03,0.02977,1.58782,cut,3468,2502,no
rKaHyPar,graphics.mtx.hgr,no,no,4,16,0.03,0.0230041,1.55638,cut,3624,2517,no
rKaHyPar,graphics.mtx.hgr,no,no,5,16,0.03,0.0270636,1.52799,cut,3750,2592,no
rKaHyPar,graphics.mtx.hgr,no,no,6,16,0.03,0.0243572,1.10846,cut,3459,2568,no
rKaHyPar,graphics.mtx.hgr,no,no,7,16,0.03,0.0243572,1.68616,cut,3852,2559,no
rKaHyPar,graphics.mtx.hgr,no,no,8,16,0.03,0.0270636,1.09834,cut,3804,2577,no
rKaHyPar,graphics.mtx.hgr,no,no,9,16,0.03,0.014885,1.1435,cut,3633,2610,no
rKaHyPar,graphics.mtx.hgr,no,no,0,2,0.03,0.0226696,0.309675,cut,405,405,no
rKaHyPar,graphics.mtx.hgr,no,no,1,2,0.03,0.0257148,0.258725,cut,411,411,no
rKaHyPar,graphics.mtx.hgr,no,no,2,2,0.03,0.0299442,0.244523,cut,408,408,no
rKaHyPar,graphics.mtx.hgr,no,no,3,2,0.03,0.0260531,0.250043,cut,414,414,no
rKaHyPar,graphics.mtx.hgr,no,no,4,2,0.03,0.0226696,0.332292,cut,405,405,no
rKaHyPar,graphics.mtx.hgr,no,no,5,2,0.03,0.0299442,0.264115,cut,408,408,no
rKaHyPar,graphics.mtx.hgr,no,no,6,2,0.03,0.0103197,0.241776,cut,408,408,no
rKaHyPar,graphics.mtx.hgr,no,no,7,2,0.03,0.0260531,0.254713,cut,414,414,no
rKaHyPar,graphics.mtx.hgr,no,no,8,2,0.03,0.021147,0.343752,cut,408,408,no
rKaHyPar,graphics.mtx.hgr,no,no,9,2,0.03,0.0243614,0.215056,cut,417,417,no
rKaHyPar,graphics.mtx.hgr,no,no,0,32,0.03,0.0189189,2.28296,cut,5583,3822,no
rKaHyPar,graphics.mtx.hgr,no,no,1,32,0.03,0.0243243,2.32631,cut,5886,3840,no
rKaHyPar,graphics.mtx.hgr,no,no,2,32,0.03,0.0243243,1.55074,cut,5871,3927,no
rKaHyPar,graphics.mtx.hgr,no,no,3,32,0.03,0.027027,2.22121,cut,5670,3732,no
rKaHyPar,graphics.mtx.hgr,no,no,4,32,0.03,0.0216216,1.62451,cut,5682,3849,no
rKaHyPar,graphics.mtx.hgr,no,no,5,32,0.03,0.0216216,2.22385,cut,5676,3735,no
rKaHyPar,graphics.mtx.hgr,no,no,6,32,0.03,0.0243243,1.56028,cut,5685,3804,no
rKaHyPar,graphics.mtx.hgr,no,no,7,32,0.03,0.0243243,1.55534,cut,5667,3816,no
rKaHyPar,graphics.mtx.hgr,no,no,8,32,0.03,0.027027,2.1883,cut,5721,3765,no
rKaHyPar,graphics.mtx.hgr,no,no,9,32,0.03,0.0189189,1.66161,cut,5772,3819,no
rKaHyPar,graphics.mtx.hgr,no,no,0,4,0.03,0.0189445,0.679797,cut,993,855,no
rKaHyPar,graphics.mtx.hgr,no,no,1,4,0.03,0.0250338,0.54092,cut,1008,858,no
rKaHyPar,graphics.mtx.hgr,no,no,2,4,0.03,0.0155616,0.690294,cut,999,852,no
rKaHyPar,graphics.mtx.hgr,no,no,3,4,0.03,0.0243572,0.461213,cut,1038,867,no
rKaHyPar,graphics.mtx.hgr,no,no,4,4,0.03,0.0284168,0.735847,cut,1017,858,no
rKaHyPar,graphics.mtx.hgr,no,no,5,4,0.03,0.0189445,0.520847,cut,1038,855,no
rKaHyPar,graphics.mtx.hgr,no,no,6,4,0.03,0.0274019,0.45238,cut,1074,864,no
rKaHyPar,graphics.mtx.hgr,no,no,7,4,0.03,0.0246955,0.515255,cut,1035,870,no
rKaHyPar,graphics.mtx.hgr,no,no,8,4,0.03,0.0284168,0.488649,cut,1023,858,no
rKaHyPar,graphics.mtx.hgr,no,no,9,4,0.03,0.0246955,0.48488,cut,1086,894,no
rKaHyPar,graphics.mtx.hgr,no,no,0,64,0.03,0.027027,3.55742,cut,8895,5565,no
rKaHyPar,graphics.mtx.hgr,no,no,1,64,0.03,0.0216216,2.5258,cut,8901,5661,no
rKaHyPar,graphics.mtx.hgr,no,no,2,64,0.03,0.027027,2.58686,cut,8724,5553,no
rKaHyPar,graphics.mtx.hgr,no,no,3,64,0.03,0.027027,3.46262,cut,8874,5676,no
rKaHyPar,graphics.mtx.hgr,no,no,4,64,0.03,0.027027,3.45343,cut,8877,5583,no
rKaHyPar,graphics.mtx.hgr,no,no,5,64,0.03,0.027027,3.45897,cut,8745,5559,no
rKaHyPar,graphics.mtx.hgr,no,no,6,64,0.03,0.027027,2.47635,cut,8835,5592,no
rKaHyPar,graphics.mtx.hgr,no,no,7,64,0.03,0.027027,3.5605,cut,9084,5655,no
rKaHyPar,graphics.mtx.hgr,no,no,8,64,0.03,0.027027,2.47989,cut,8709,5589,no
rKaHyPar,graphics.mtx.hgr,no,no,9,64,0.03,0.0216216,2.51251,cut,8781,5619,no
rKaHyPar,graphics.mtx.hgr,no,no,0,8,0.03,0.0290934,1.09739,cut,2004,1392,no
rKaHyPar,graphics.mtx.hgr,no,no,1,8,0.03,0.0277402,0.811342,cut,1869,1506,no
rKaHyPar,graphics.mtx.hgr,no,no,2,8,0.03,0.02977,0.795165,cut,2073,1395,no
rKaHyPar,graphics.mtx.hgr,no,no,3,8,0.03,0.0284168,0.751682,cut,2037,1479,no
rKaHyPar,graphics.mtx.hgr,no,no,4,8,0.03,0.0169147,1.0451,cut,2151,1497,no
rKaHyPar,graphics.mtx.hgr,no,no,5,8,0.03,0.0243572,0.732366,cut,1968,1419,no
rKaHyPar,graphics.mtx.hgr,no,no,6,8,0.03,0.0175913,1.12041,cut,2121,1482,no
rKaHyPar,graphics.mtx.hgr,no,no,7,8,0.03,0.02977,0.81028,cut,2136,1512,no
rKaHyPar,graphics.mtx.hgr,no,no,8,8,0.03,0.0270636,0.713535,cut,2133,1506,no
rKaHyPar,graphics.mtx.hgr,no,no,9,8,0.03,0.02977,1.03181,cut,2088,1503,no
rKaHyPar,gupta3.mtx.hgr,no,no,0,128,0.03,0,46.7075,cut,713128,16781,no
rKaHyPar,gupta3.mtx.hgr,no,no,1,128,0.03,0.0151515,44.1648,cut,705970,16778,no
rKaHyPar,gupta3.mtx.hgr,no,no,2,128,0.03,0,37.5815,cut,738494,16779,no
rKaHyPar,gupta3.mtx.hgr,no,no,3,128,0.03,0,41.1923,cut,657924,16777,no
rKaHyPar,gupta3.mtx.hgr,no,no,4,128,0.03,0,89.2752,cut,763566,16781,no
rKaHyPar,gupta3.mtx.hgr,no,no,5,128,0.03,0,50.3613,cut,714070,16781,no
rKaHyPar,gupta3.mtx.hgr,no,no,6,128,0.03,0,108.31,cut,667593,16782,no
rKaHyPar,gupta3.mtx.hgr,no,no,7,128,0.03,0.0227273,52.926,cut,768716,16780,no
rKaHyPar,gupta3.mtx.hgr,no,no,8,128,0.03,0.0151515,81.9384,cut,752079,16777,no
rKaHyPar,gupta3.mtx.hgr,no,no,9,128,0.03,0,88.085,cut,712665,16779,no
rKaHyPar,gupta3.mtx.hgr,no,no,0,16,0.03,0.0209724,42.8289,cut,136230,16251,no
rKaHyPar,gupta3.mtx.hgr,no,no,1,16,0.03,0.00953289,42.8569,cut,146501,16289,no
rKaHyPar,gupta3.mtx.hgr,no,no,2,16,0.03,0.0104862,38.2202,cut,142772,16194,no
rKaHyPar,gupta3.mtx.hgr,no,no,3,16,0.03,0.0181125,74.2498,cut,138080,16315,no
rKaHyPar,gupta3.mtx.hgr,no,no,4,16,0.03,0.029552,88.753,cut,158724,16318,no
rKaHyPar,gupta3.mtx.hgr,no,no,5,16,0.03,0.0181125,93.5843,cut,160868,16329,no
rKaHyPar,gupta3.mtx.hgr,no,no,6,16,0.03,0.0209724,57.6664,cut,161060,16373,no
rKaHyPar,gupta3.mtx.hgr,no,no,7,16,0.03,0.0171592,99.3336,cut,173111,16363,no
rKaHyPar,gupta3.mtx.hgr,no,no,8,16,0.03,0.0114395,45.105,cut,145964,16335,no
rKaHyPar,gupta3.mtx.hgr,no,no,9,16,0.03,0.0114395,49.443,cut,158448,16365,no
rKaHyPar,gupta3.mtx.hgr,no,no,0,2,0.03,0.025858,74.5553,cut,9077,9077,no
rKaHyPar,gupta3.mtx.hgr,no,no,1,2,0.03,0.0274071,38.9643,cut,9040,9040,no
rKaHyPar,gupta3.mtx.hgr,no,no,2,2,0.03,0.0296711,34.5873,cut,9025,9025,no
rKaHyPar,gupta3.mtx.hgr,no,no,3,2,0.03,0.0262154,36.0878,cut,9006,9006,no
rKaHyPar,gupta3.mtx.hgr,no,no,4,2,0.03,0.0272879,74.1525,cut,9263,9263,no
rKaHyPar,gupta3.mtx.hgr,no,no,5,2,0.03,0.0264538,42.7602,cut,9120,9120,no
rKaHyPar,gupta3.mtx.hgr,no,no,6,2,0.03,0.0264538,49.0659,cut,9096,9096,no
rKaHyPar,gupta3.mtx.hgr,no,no,7,2,0.03,0.0287178,52.1615,cut,9060,9060,no
rKaHyPar,gupta3.mtx.hgr,no,no,8,2,0.03,0.0280029,76.8856,cut,9054,9054,no
rKaHyPar,gupta3.mtx.hgr,no,no,9,2,0.03,0.0250238,42.0642,cut,8972,8972,no
rKaHyPar,gupta3.mtx.hgr,no,no,0,32,0.03,0.0190476,79.8659,cut,276945,16671,no
rKaHyPar,gupta3.mtx.hgr,no,no,1,32,0.03,0.00380952,79.724,cut,269162,16686,no
rKaHyPar,gupta3.mtx.hgr,no,no,2,32,0.03,0.0266667,38.8973,cut,272128,16707,no
rKaHyPar,gupta3.mtx.hgr,no,no,3,32,0.03,0.00571429,74.2816,cut,270040,16662,no
rKaHyPar,gupta3.mtx.hgr,no,no,4,32,0.03,0.0190476,47.4029,cut,308135,16679,no
rKaHyPar,gupta3.mtx.hgr,no,no,5,32,0.03,0.0266667,93.8635,cut,297529,16692,no
rKaHyPar,gupta3.mtx.hgr,no,no,6,32,0.03,0.0190476,56.9636,cut,312956,16711,no
rKaHyPar,gupta3.mtx.hgr,no,no,7,32,0.03,0.0114286,53.3791,cut,295576,16727,no
rKaHyPar,gupta3.mtx.hgr,no,no,8,32,0.03,0.00571429,83.4142,cut,291382,16711,no
rKaHyPar,gupta3.mtx.hgr,no,no,9,32,0.03,0.00190476,46.6528,cut,262510,16643,no
rKaHyPar,gupta3.mtx.hgr,no,no,0,4,0.03,0.0209724,79.2435,cut,31330,13315,no
rKaHyPar,gupta3.mtx.hgr,no,no,1,4,0.03,0.0250238,41.5299,cut,24061,13518,no
rKaHyPar,gupta3.mtx.hgr,no,no,2,4,0.03,0.028122,68.7284,cut,23822,13328,no
rKaHyPar,gupta3.mtx.hgr,no,no,3,4,0.03,0.0226406,38.2363,cut,26326,13332,no
rKaHyPar,gupta3.mtx.hgr,no,no,4,4,0.03,0.0228789,87.073,cut,31793,13324,no
rKaHyPar,gupta3.mtx.hgr,no,no,5,4,0.03,0.0274071,45.9109,cut,31131,13381,no
rKaHyPar,gupta3.mtx.hgr,no,no,6,4,0.03,0.0285987,55.9761,cut,31569,13287,no
rKaHyPar,gupta3.mtx.hgr,no,no,7,4,0.03,0.0142993,52.0025,cut,31736,13313,no
rKaHyPar,gupta3.mtx.hgr,no,no,8,4,0.03,0.0247855,43.9912,cut,26036,13396,no
rKaHyPar,gupta3.mtx.hgr,no,no,9,4,0.03,0.029552,48.7132,cut,31702,13265,no
rKaHyPar,gupta3.mtx.hgr,no,no,0,64,0.03,0.00380228,86.5333,cut,505970,16771,no
rKaHyPar,gupta3.mtx.hgr,no,no,1,64,0.03,0.0152091,42.0357,cut,473889,16759,no
rKaHyPar,gupta3.mtx.hgr,no,no,2,64,0.03,0.00380228,37.9077,cut,460758,16756,no
rKaHyPar,gupta3.mtx.hgr,no,no,3,64,0.03,0,73.5866,cut,450668,16763,no
rKaHyPar,gupta3.mtx.hgr,no,no,4,64,0.03,0.026616,89.7552,cut,487896,16776,no
rKaHyPar,gupta3.mtx.hgr,no,no,5,64,0.03,0,86.714,cut,477498,16769,no
rKaHyPar,gupta3.mtx.hgr,no,no,6,64,0.03,0,57.1982,cut,498827,16767,no
rKaHyPar,gupta3.mtx.hgr,no,no,7,64,0.03,0.00380228,100.09,cut,495106,16771,no
rKaHyPar,gupta3.mtx.hgr,no,no,8,64,0.03,0.0152091,44.6698,cut,466031,16749,no
rKaHyPar,gupta3.mtx.hgr,no,no,9,64,0.03,0,45.6884,cut,466276,16771,no
rKaHyPar,gupta3.mtx.hgr,no,no,0,8,0.03,0.0157293,45.841,cut,72099,15319,no
rKaHyPar,gupta3.mtx.hgr,no,no,1,8,0.03,0.014776,45.4894,cut,72432,15319,no
rKaHyPar,gupta3.mtx.hgr,no,no,2,8,0.03,0.029552,37.7459,cut,70812,15380,no
rKaHyPar,gupta3.mtx.hgr,no,no,3,8,0.03,0.029552,39.7489,cut,62819,15369,no
rKaHyPar,gupta3.mtx.hgr,no,no,4,8,0.03,0.0204957,86.9068,cut,76504,15301,no
rKaHyPar,gupta3.mtx.hgr,no,no,5,8,0.03,0.0195424,49.7249,cut,72656,15319,no
rKaHyPar,gupta3.mtx.hgr,no,no,6,8,0.03,0.0176358,106.267,cut,73071,15369,no
rKaHyPar,gupta3.mtx.hgr,no,no,7,8,0.03,0.0233556,52.4063,cut,72752,15301,no
rKaHyPar,gupta3.mtx.hgr,no,no,8,8,0.03,0.021449,44.3414,cut,61854,15301,no
rKaHyPar,gupta3.mtx.hgr,no,no,9,8,0.03,0.0262154,92.352,cut,76730,15319,no
rKaHyPar,gyro.mtx.hgr,no,no,0,128,0.03,0.0147059,4.43178,cut,36429,11733,no
rKaHyPar,gyro.mtx.hgr,no,no,1,128,0.03,0.0147059,4.56207,cut,36675,11769,no
rKaHyPar,gyro.mtx.hgr,no,no,2,128,0.03,0.0147059,4.36676,cut,36756,11793,no
rKaHyPar,gyro.mtx.hgr,no,no,3,128,0.03,0.0147059,4.4892,cut,36939,11817,no
rKaHyPar,gyro.mtx.hgr,no,no,4,128,0.03,0.0147059,6.61613,cut,36441,11784,no
rKaHyPar,gyro.mtx.hgr,no,no,5,128,0.03,0.0147059,4.38807,cut,36693,11796,no
rKaHyPar,gyro.mtx.hgr,no,no,6,128,0.03,0.0147059,6.50835,cut,37845,11751,no
rKaHyPar,gyro.mtx.hgr,no,no,7,128,0.03,0.0147059,4.63742,cut,36807,11766,no
rKaHyPar,gyro.mtx.hgr,no,no,8,128,0.03,0.0147059,6.57792,cut,37283,11814,no
rKaHyPar,gyro.mtx.hgr,no,no,9,128,0.03,0.0147059,6.49811,cut,38355,11874,no
rKaHyPar,gyro.mtx.hgr,no,no,0,16,0.03,0.0276243,2.06261,cut,4791,3042,no
rKaHyPar,gyro.mtx.hgr,no,no,1,16,0.03,0.0248619,1.9873,cut,5028,3024,no
rKaHyPar,gyro.mtx.hgr,no,no,2,16,0.03,0.0276243,2.02451,cut,4593,2940,no
rKaHyPar,gyro.mtx.hgr,no,no,3,16,0.03,0.019337,2.91136,cut,4944,2955,no
rKaHyPar,gyro.mtx.hgr,no,no,4,16,0.03,0.0248619,2.85941,cut,5022,3030,no
rKaHyPar,gyro.mtx.hgr,no,no,5,16,0.03,0.0220994,2.85134,cut,4101,2910,no
rKaHyPar,gyro.mtx.hgr,no,no,6,16,0.03,0.0276243,2.0772,cut,4983,2964,no
rKaHyPar,gyro.mtx.hgr,no,no,7,16,0.03,0.019337,2.85619,cut,4992,2937,no
rKaHyPar,gyro.mtx.hgr,no,no,8,16,0.03,0.0276243,2.05449,cut,4962,3009,no
rKaHyPar,gyro.mtx.hgr,no,no,9,16,0.03,0.0276243,2.02593,cut,5106,3033,no
rKaHyPar,gyro.mtx.hgr,no,no,0,2,0.03,0.000115194,0.471659,cut,117,117,no
rKaHyPar,gyro.mtx.hgr,no,no,1,2,0.03,0.000115194,0.333921,cut,117,117,no
rKaHyPar,gyro.mtx.hgr,no,no,2,2,0.03,0.00357102,0.343228,cut,117,117,no
rKaHyPar,gyro.mtx.hgr,no,no,3,2,0.03,0.000115194,0.33937,cut,117,117,no
rKaHyPar,gyro.mtx.hgr,no,no,4,2,0.03,0.000115194,0.315273,cut,117,117,no
rKaHyPar,gyro.mtx.hgr,no,no,5,2,0.03,0.000115194,0.31831,cut,117,117,no
rKaHyPar,gyro.mtx.hgr,no,no,6,2,0.03,0.000115194,0.321899,cut,117,117,no
rKaHyPar,gyro.mtx.hgr,no,no,7,2,0.03,0.00737242,0.320982,cut,117,117,no
rKaHyPar,gyro.mtx.hgr,no,no,8,2,0.03,0.000115194,0.478273,cut,117,117,no
rKaHyPar,gyro.mtx.hgr,no,no,9,2,0.03,0.000115194,0.340711,cut,117,117,no
rKaHyPar,gyro.mtx.hgr,no,no,0,32,0.03,0.0220994,2.90864,cut,10548,5874,no
rKaHyPar,gyro.mtx.hgr,no,no,1,32,0.03,0.0276243,4.24511,cut,10656,5943,no
rKaHyPar,gyro.mtx.hgr,no,no,2,32,0.03,0.0165746,2.95011,cut,10485,5856,no
rKaHyPar,gyro.mtx.hgr,no,no,3,32,0.03,0.0220994,4.14293,cut,10809,5928,no
rKaHyPar,gyro.mtx.hgr,no,no,4,32,0.03,0.0276243,3.02582,cut,10221,5889,no
rKaHyPar,gyro.mtx.hgr,no,no,5,32,0.03,0.0276243,4.30184,cut,9789,5946,no
rKaHyPar,gyro.mtx.hgr,no,no,6,32,0.03,0.0220994,2.89282,cut,9999,5883,no
rKaHyPar,gyro.mtx.hgr,no,no,7,32,0.03,0.0165746,2.97583,cut,10191,5817,no
rKaHyPar,gyro.mtx.hgr,no,no,8,32,0.03,0.0220994,4.45799,cut,10026,5907,no
rKaHyPar,gyro.mtx.hgr,no,no,9,32,0.03,0.0276243,2.87148,cut,10839,5910,no
rKaHyPar,gyro.mtx.hgr,no,no,0,4,0.03,0.0048376,0.769877,cut,693,612,no
rKaHyPar,gyro.mtx.hgr,no,no,1,4,0.03,0.0131306,0.773308,cut,675,594,no
rKaHyPar,gyro.mtx.hgr,no,no,2,4,0.03,0.0214236,1.07377,cut,672,591,no
rKaHyPar,gyro.mtx.hgr,no,no,3,4,0.03,0.0221147,0.766311,cut,672,591,no
rKaHyPar,gyro.mtx.hgr,no,no,4,4,0.03,0.0172771,1.10365,cut,663,597,no
rKaHyPar,gyro.mtx.hgr,no,no,5,4,0.03,0.0152039,0.805178,cut,705,594,no
rKaHyPar,gyro.mtx.hgr,no,no,6,4,0.03,0.0138217,0.792753,cut,675,594,no
rKaHyPar,gyro.mtx.hgr,no,no,7,4,0.03,0.0214236,0.768,cut,672,591,no
rKaHyPar,gyro.mtx.hgr,no,no,8,4,0.03,0.015895,0.766661,cut,594,594,no
rKaHyPar,gyro.mtx.hgr,no,no,9,4,0.03,0.0048376,1.10887,cut,693,612,no
rKaHyPar,gyro.mtx.hgr,no,no,0,64,0.03,0.0257353,5.57807,cut,20745,8787,no
rKaHyPar,gyro.mtx.hgr,no,no,1,64,0.03,0.0257353,3.72862,cut,22041,8772,no
rKaHyPar,gyro.mtx.hgr,no,no,2,64,0.03,0.0257353,3.76132,cut,20643,8778,no
rKaHyPar,gyro.mtx.hgr,no,no,3,64,0.03,0.0257353,5.49011,cut,20718,8805,no
rKaHyPar,gyro.mtx.hgr,no,no,4,64,0.03,0.0257353,5.41856,cut,20685,8868,no
rKaHyPar,gyro.mtx.hgr,no,no,5,64,0.03,0.0257353,5.65322,cut,20592,8817,no
rKaHyPar,gyro.mtx.hgr,no,no,6,64,0.03,0.0257353,3.84442,cut,21105,8835,no
rKaHyPar,gyro.mtx.hgr,no,no,7,64,0.03,0.0257353,5.48221,cut,20286,8652,no
rKaHyPar,gyro.mtx.hgr,no,no,8,64,0.03,0.0257353,3.69675,cut,20177,8817,no
rKaHyPar,gyro.mtx.hgr,no,no,9,64,0.03,0.0257353,3.64452,cut,20166,8835,no
rKaHyPar,gyro.mtx.hgr,no,no,0,8,0.03,0.0294795,1.97936,cut,1980,1485,no
rKaHyPar,gyro.mtx.hgr,no,no,1,8,0.03,0.0294795,1.36756,cut,1923,1404,no
rKaHyPar,gyro.mtx.hgr,no,no,2,8,0.03,0.0294795,2.00624,cut,1917,1473,no
rKaHyPar,gyro.mtx.hgr,no,no,3,8,0.03,0.0253339,1.37257,cut,1986,1491,no
rKaHyPar,gyro.mtx.hgr,no,no,4,8,0.03,0.0294795,1.88422,cut,1914,1470,no
rKaHyPar,gyro.mtx.hgr,no,no,5,8,0.03,0.0294795,1.36804,cut,1947,1476,no
rKaHyPar,gyro.mtx.hgr,no,no,6,8,0.03,0.0294795,1.94826,cut,1968,1473,no
rKaHyPar,gyro.mtx.hgr,no,no,7,8,0.03,0.0294795,1.38,cut,2010,1512,no
rKaHyPar,gyro.mtx.hgr,no,no,8,8,0.03,0.0294795,1.36875,cut,1941,1476,no
rKaHyPar,gyro.mtx.hgr,no,no,9,8,0.03,0.0294795,1.9358,cut,2034,1398,no
rKaHyPar,H2O.mtx.hgr,no,no,0,128,0.03,0.028626,72.4297,cut,417500,63940,no
rKaHyPar,H2O.mtx.hgr,no,no,1,128,0.03,0.028626,72.1983,cut,423896,63979,no
rKaHyPar,H2O.mtx.hgr,no,no,2,128,0.03,0.028626,72.8927,cut,433451,64072,no
rKaHyPar,H2O.mtx.hgr,no,no,3,128,0.03,0.028626,72.1418,cut,420782,63964,no
rKaHyPar,H2O.mtx.hgr,no,no,4,128,0.03,0.028626,102.078,cut,435051,63965,no
rKaHyPar,H2O.mtx.hgr,no,no,5,128,0.03,0.028626,73.5228,cut,440518,64135,no
rKaHyPar,H2O.mtx.hgr,no,no,6,128,0.03,0.028626,101.875,cut,411938,63918,no
rKaHyPar,H2O.mtx.hgr,no,no,7,128,0.03,0.028626,72.5766,cut,447643,64112,no
rKaHyPar,H2O.mtx.hgr,no,no,8,128,0.03,0.028626,100.432,cut,428112,64067,no
rKaHyPar,H2O.mtx.hgr,no,no,9,128,0.03,0.028626,102.072,cut,436082,63906,no
rKaHyPar,H2O.mtx.hgr,no,no,0,16,0.03,0.0298401,64.7953,cut,89402,45888,no
rKaHyPar,H2O.mtx.hgr,no,no,1,16,0.03,0.0298401,66.0186,cut,86376,45888,no
rKaHyPar,H2O.mtx.hgr,no,no,2,16,0.03,0.0298401,64.6249,cut,88560,45858,no
rKaHyPar,H2O.mtx.hgr,no,no,3,16,0.03,0.0296013,89.09,cut,86166,45783,no
rKaHyPar,H2O.mtx.hgr,no,no,4,16,0.03,0.0298401,91.0445,cut,88239,45821,no
rKaHyPar,H2O.mtx.hgr,no,no,5,16,0.03,0.0298401,89.7829,cut,87561,45058,no
rKaHyPar,H2O.mtx.hgr,no,no,6,16,0.03,0.0298401,67.5042,cut,85496,45612,no
rKaHyPar,H2O.mtx.hgr,no,no,7,16,0.03,0.0298401,87.8339,cut,86558,45829,no
rKaHyPar,H2O.mtx.hgr,no,no,8,16,0.03,0.0293626,66.8523,cut,87894,45792,no
rKaHyPar,H2O.mtx.hgr,no,no,9,16,0.03,0.0298401,65.9556,cut,90350,45522,no
rKaHyPar,H2O.mtx.hgr,no,no,0,2,0.03,0.017546,93.6295,cut,11522,11522,no
rKaHyPar,H2O.mtx.hgr,no,no,1,2,0.03,0.0198436,85.0021,cut,11501,11501,no
rKaHyPar,H2O.mtx.hgr,no,no,2,2,0.03,0.0270053,71.2283,cut,11492,11492,no
rKaHyPar,H2O.mtx.hgr,no,no,3,2,0.03,0.0113989,72.1755,cut,11505,11505,no
rKaHyPar,H2O.mtx.hgr,no,no,4,2,0.03,0.0252447,74.1742,cut,11502,11502,no
rKaHyPar,H2O.mtx.hgr,no,no,5,2,0.03,0.015666,89.7036,cut,11490,11490,no
rKaHyPar,H2O.mtx.hgr,no,no,6,2,0.03,0.00277513,85.0431,cut,11500,11500,no
rKaHyPar,H2O.mtx.hgr,no,no,7,2,0.03,0.00525185,89.9792,cut,11497,11497,no
rKaHyPar,H2O.mtx.hgr,no,no,8,2,0.03,0.016233,117.571,cut,11510,11510,no
rKaHyPar,H2O.mtx.hgr,no,no,9,2,0.03,0.0293328,82.9852,cut,11512,11512,no
rKaHyPar,H2O.mtx.hgr,no,no,0,32,0.03,0.0295943,66.4482,cut,149026,55166,no
rKaHyPar,H2O.mtx.hgr,no,no,1,32,0.03,0.0291169,93.5462,cut,150433,54922,no
rKaHyPar,H2O.mtx.hgr,no,no,2,32,0.03,0.0295943,68.1791,cut,147845,55097,no
rKaHyPar,H2O.mtx.hgr,no,no,3,32,0.03,0.0295943,95.4427,cut,148606,55183,no
rKaHyPar,H2O.mtx.hgr,no,no,4,32,0.03,0.0295943,67.8907,cut,150110,55086,no
rKaHyPar,H2O.mtx.hgr,no,no,5,32,0.03,0.0295943,96.0526,cut,150979,55738,no
rKaHyPar,H2O.mtx.hgr,no,no,6,32,0.03,0.0295943,69.2696,cut,150165,55142,no
rKaHyPar,H2O.mtx.hgr,no,no,7,32,0.03,0.0295943,67.0169,cut,152032,55201,no
rKaHyPar,H2O.mtx.hgr,no,no,8,32,0.03,0.0295943,96.5542,cut,146945,54606,no
rKaHyPar,H2O.mtx.hgr,no,no,9,32,0.03,0.0295943,67.983,cut,148771,54875,no
rKaHyPar,H2O.mtx.hgr,no,no,0,4,0.03,0.0299594,68.0599,cut,25770,21483,no
rKaHyPar,H2O.mtx.hgr,no,no,1,4,0.03,0.0299594,68.1973,cut,25594,21404,no
rKaHyPar,H2O.mtx.hgr,no,no,2,4,0.03,0.0296013,98.4353,cut,25500,21376,no
rKaHyPar,H2O.mtx.hgr,no,no,3,4,0.03,0.0299594,63.2708,cut,25929,21538,no
rKaHyPar,H2O.mtx.hgr,no,no,4,4,0.03,0.029661,90.2159,cut,25813,21498,no
rKaHyPar,H2O.mtx.hgr,no,no,5,4,0.03,0.029482,63.7961,cut,26025,21607,no
rKaHyPar,H2O.mtx.hgr,no,no,6,4,0.03,0.0299594,91.7644,cut,25712,21443,no
rKaHyPar,H2O.mtx.hgr,no,no,7,4,0.03,0.0298997,69.4825,cut,25544,21369,no
rKaHyPar,H2O.mtx.hgr,no,no,8,4,0.03,0.0298997,71.1207,cut,25658,21440,no
rKaHyPar,H2O.mtx.hgr,no,no,9,4,0.03,0.029661,96.4551,cut,25324,21308,no
rKaHyPar,H2O.mtx.hgr,no,no,0,64,0.03,0.0295802,97.5593,cut,257975,60811,no
rKaHyPar,H2O.mtx.hgr,no,no,1,64,0.03,0.0295802,69.9892,cut,249252,60903,no
rKaHyPar,H2O.mtx.hgr,no,no,2,64,0.03,0.0295802,70.3194,cut,251713,60667,no
rKaHyPar,H2O.mtx.hgr,no,no,3,64,0.03,0.0295802,98.0089,cut,252143,60733,no
rKaHyPar,H2O.mtx.hgr,no,no,4,64,0.03,0.028626,99.2731,cut,251757,61077,no
rKaHyPar,H2O.mtx.hgr,no,no,5,64,0.03,0.0295802,97.4628,cut,243778,60447,no
rKaHyPar,H2O.mtx.hgr,no,no,6,64,0.03,0.0295802,70.6893,cut,244369,60572,no
rKaHyPar,H2O.mtx.hgr,no,no,7,64,0.03,0.0295802,99.4852,cut,257362,61252,no
rKaHyPar,H2O.mtx.hgr,no,no,8,64,0.03,0.0295802,71.2268,cut,253889,60638,no
rKaHyPar,H2O.mtx.hgr,no,no,9,64,0.03,0.0295802,70.1189,cut,249785,60637,no
rKaHyPar,H2O.mtx.hgr,no,no,0,8,0.03,0.0299594,73.9038,cut,50296,34589,no
rKaHyPar,H2O.mtx.hgr,no,no,1,8,0.03,0.0299594,81.9493,cut,51976,36005,no
rKaHyPar,H2O.mtx.hgr,no,no,2,8,0.03,0.0298401,109.02,cut,52024,36755,no
rKaHyPar,H2O.mtx.hgr,no,no,3,8,0.03,0.0299594,65.0948,cut,53207,36160,no
rKaHyPar,H2O.mtx.hgr,no,no,4,8,0.03,0.0297207,104.482,cut,50723,35422,no
rKaHyPar,H2O.mtx.hgr,no,no,5,8,0.03,0.0299594,71.6473,cut,51102,35347,no
rKaHyPar,H2O.mtx.hgr,no,no,6,8,0.03,0.0299594,92.7797,cut,49929,34375,no
rKaHyPar,H2O.mtx.hgr,no,no,7,8,0.03,0.0299594,64.1147,cut,49884,34355,no
rKaHyPar,H2O.mtx.hgr,no,no,8,8,0.03,0.0299594,73.8322,cut,49694,34249,no
rKaHyPar,H2O.mtx.hgr,no,no,9,8,0.03,0.0298401,100.664,cut,51925,35661,no
rKaHyPar,Hamrle3.mtx.hgr,no,no,0,128,0.03,0.0298019,148.486,cut,63984,60880,no
rKaHyPar,Hamrle3.mtx.hgr,no,no,1,128,0.03,0.0298019,150.767,cut,63871,60776,no
rKaHyPar,Hamrle3.mtx.hgr,no,no,2,128,0.03,0.0297135,148.702,cut,63719,60622,no
rKaHyPar,Hamrle3.mtx.hgr,no,no,3,128,0.03,0.029625,198.803,cut,63751,60806,no
rKaHyPar,Hamrle3.mtx.hgr,no,no,4,128,0.03,0.0299788,204.318,cut,63878,61171,no
rKaHyPar,Hamrle3.mtx.hgr,no,no,5,128,0.03,0.0298019,149.873,cut,63952,61039,no
rKaHyPar,Hamrle3.mtx.hgr,no,no,6,128,0.03,0.0299788,198.388,cut,64115,61008,no
rKaHyPar,Hamrle3.mtx.hgr,no,no,7,128,0.03,0.0298903,149.891,cut,63919,61001,no
rKaHyPar,Hamrle3.mtx.hgr,no,no,8,128,0.03,0.0298019,198.043,cut,63965,61094,no
rKaHyPar,Hamrle3.mtx.hgr,no,no,9,128,0.03,0.0298903,197.275,cut,64016,60933,no
rKaHyPar,Hamrle3.mtx.hgr,no,no,0,16,0.03,0.0122043,143.691,cut,17574,17398,no
rKaHyPar,Hamrle3.mtx.hgr,no,no,1,16,0.03,0.0154654,107.664,cut,17556,17403,no
rKaHyPar,Hamrle3.mtx.hgr,no,no,2,16,0.03,0.01195,110.411,cut,17604,17401,no
rKaHyPar,Hamrle3.mtx.hgr,no,no,3,16,0.03,0.0148242,148.455,cut,17651,17441,no
rKaHyPar,Hamrle3.mtx.hgr,no,no,4,16,0.03,0.0137851,144.601,cut,17600,17385,no
rKaHyPar,Hamrle3.mtx.hgr,no,no,5,16,0.03,0.0126575,147.034,cut,17607,17441,no
rKaHyPar,Hamrle3.mtx.hgr,no,no,6,16,0.03,0.0119721,110.784,cut,17582,17401,no
rKaHyPar,Hamrle3.mtx.hgr,no,no,7,16,0.03,0.0146031,149.978,cut,17574,17441,no
rKaHyPar,Hamrle3.mtx.hgr,no,no,8,16,0.03,0.011331,109.4,cut,17599,17396,no
rKaHyPar,Hamrle3.mtx.hgr,no,no,9,16,0.03,0.0116958,108.99,cut,17582,17402,no
rKaHyPar,Hamrle3.mtx.hgr,no,no,0,2,0.03,0,53.3847,cut,1280,1280,no
rKaHyPar,Hamrle3.mtx.hgr,no,no,1,2,0.03,0,41.4444,cut,1280,1280,no
rKaHyPar,Hamrle3.mtx.hgr,no,no,2,2,0.03,0,41.4915,cut,1280,1280,no
rKaHyPar,Hamrle3.mtx.hgr,no,no,3,2,0.03,0,41.9655,cut,1280,1280,no
rKaHyPar,Hamrle3.mtx.hgr,no,no,4,2,0.03,0,41.5565,cut,1280,1280,no
rKaHyPar,Hamrle3.mtx.hgr,no,no,5,2,0.03,0,42.6537,cut,1280,1280,no
rKaHyPar,Hamrle3.mtx.hgr,no,no,6,2,0.03,0,41.488,cut,1280,1280,no
rKaHyPar,Hamrle3.mtx.hgr,no,no,7,2,0.03,0,40.7334,cut,1280,1280,no
rKaHyPar,Hamrle3.mtx.hgr,no,no,8,2,0.03,0,53.3011,cut,1280,1280,no
rKaHyPar,Hamrle3.mtx.hgr,no,no,9,2,0.03,0,41.117,cut,1280,1280,no
rKaHyPar,Hamrle3.mtx.hgr,no,no,0,32,0.03,0.0290294,123.153,cut,29112,28463,no
rKaHyPar,Hamrle3.mtx.hgr,no,no,1,32,0.03,0.0293168,163.562,cut,28841,28110,no
rKaHyPar,Hamrle3.mtx.hgr,no,no,2,32,0.03,0.0294053,162.819,cut,29029,28394,no
rKaHyPar,Hamrle3.mtx.hgr,no,no,3,32,0.03,0.0297148,163.476,cut,28932,28246,no
rKaHyPar,Hamrle3.mtx.hgr,no,no,4,32,0.03,0.0297369,119.225,cut,29120,28392,no
rKaHyPar,Hamrle3.mtx.hgr,no,no,5,32,0.03,0.0299801,162.646,cut,28994,28308,no
rKaHyPar,Hamrle3.mtx.hgr,no,no,6,32,0.03,0.0299801,122.919,cut,28932,28275,no
rKaHyPar,Hamrle3.mtx.hgr,no,no,7,32,0.03,0.0286535,122.179,cut,29046,28415,no
rKaHyPar,Hamrle3.mtx.hgr,no,no,8,32,0.03,0.0293832,125.594,cut,28900,28211,no
rKaHyPar,Hamrle3.mtx.hgr,no,no,9,32,0.03,0.0297369,123.303,cut,29071,28388,no
rKaHyPar,Hamrle3.mtx.hgr,no,no,0,4,0.03,0.0119832,72.5426,cut,3840,3840,no
rKaHyPar,Hamrle3.mtx.hgr,no,no,1,4,0.03,0.0119832,68.743,cut,3840,3840,no
rKaHyPar,Hamrle3.mtx.hgr,no,no,2,4,0.03,0.0119832,94.822,cut,3840,3840,no
rKaHyPar,Hamrle3.mtx.hgr,no,no,3,4,0.03,0.0119832,69.0107,cut,3840,3840,no
rKaHyPar,Hamrle3.mtx.hgr,no,no,4,4,0.03,0.0119832,92.3669,cut,3840,3840,no
rKaHyPar,Hamrle3.mtx.hgr,no,no,5,4,0.03,0.0119832,95.3688,cut,3840,3840,no
rKaHyPar,Hamrle3.mtx.hgr,no,no,6,4,0.03,0.0119832,69.4831,cut,3840,3840,no
rKaHyPar,Hamrle3.mtx.hgr,no,no,7,4,0.03,0.0119832,70.4659,cut,3840,3840,no
rKaHyPar,Hamrle3.mtx.hgr,no,no,8,4,0.03,0.0119832,67.0018,cut,3840,3840,no
rKaHyPar,Hamrle3.mtx.hgr,no,no,9,4,0.03,0.0119832,93.69,cut,3840,3840,no
rKaHyPar,Hamrle3.mtx.hgr,no,no,0,64,0.03,0.029759,182.74,cut,42922,41255,no
rKaHyPar,Hamrle3.mtx.hgr,no,no,1,64,0.03,0.0298474,182.25,cut,42701,41280,no
rKaHyPar,Hamrle3.mtx.hgr,no,no,2,64,0.03,0.0299359,140.311,cut,43020,41334,no
rKaHyPar,Hamrle3.mtx.hgr,no,no,3,64,0.03,0.0294495,182.378,cut,43105,41420,no
rKaHyPar,Hamrle3.mtx.hgr,no,no,4,64,0.03,0.0295379,138.177,cut,42807,41259,no
rKaHyPar,Hamrle3.mtx.hgr,no,no,5,64,0.03,0.0295821,183.127,cut,42738,41240,no
rKaHyPar,Hamrle3.mtx.hgr,no,no,6,64,0.03,0.0299359,138.019,cut,43404,41589,no
rKaHyPar,Hamrle3.mtx.hgr,no,no,7,64,0.03,0.0299801,183.231,cut,42770,41325,no
rKaHyPar,Hamrle3.mtx.hgr,no,no,8,64,0.03,0.0290957,140.591,cut,42904,41333,no
rKaHyPar,Hamrle3.mtx.hgr,no,no,9,64,0.03,0.0299801,138.314,cut,43005,41510,no
rKaHyPar,Hamrle3.mtx.hgr,no,no,0,8,0.03,0.0119832,91.002,cut,9316,9312,no
rKaHyPar,Hamrle3.mtx.hgr,no,no,1,8,0.03,0.0119832,91.7268,cut,9324,9312,no
rKaHyPar,Hamrle3.mtx.hgr,no,no,2,8,0.03,0.0119832,121.519,cut,9316,9312,no
rKaHyPar,Hamrle3.mtx.hgr,no,no,3,8,0.03,0.0119832,91.757,cut,9324,9312,no
rKaHyPar,Hamrle3.mtx.hgr,no,no,4,8,0.03,0.0119832,118.524,cut,9312,9312,no
rKaHyPar,Hamrle3.mtx.hgr,no,no,5,8,0.03,0.0119832,91.232,cut,9320,9312,no
rKaHyPar,Hamrle3.mtx.hgr,no,no,6,8,0.03,0.0119832,121.365,cut,9320,9312,no
rKaHyPar,Hamrle3.mtx.hgr,no,no,7,8,0.03,0.0119832,90.9889,cut,9332,9312,no
rKaHyPar,Hamrle3.mtx.hgr,no,no,8,8,0.03,0.0119832,91.6079,cut,9312,9312,no
rKaHyPar,Hamrle3.mtx.hgr,no,no,9,8,0.03,0.0119832,120.81,cut,9316,9312,no
rKaHyPar,HEP-th.mtx.hgr,no,no,0,128,0.03,0.028169,11.1055,cut,97738,15376,no
rKaHyPar,HEP-th.mtx.hgr,no,no,1,128,0.03,0.028169,11.9785,cut,97544,15428,no
rKaHyPar,HEP-th.mtx.hgr,no,no,2,128,0.03,0.028169,11.6672,cut,95831,15436,no
rKaHyPar,HEP-th.mtx.hgr,no,no,3,128,0.03,0.028169,15.1439,cut,96620,15335,no
rKaHyPar,HEP-th.mtx.hgr,no,no,4,128,0.03,0.028169,16.0857,cut,97106,15332,no
rKaHyPar,HEP-th.mtx.hgr,no,no,5,128,0.03,0.028169,11.1811,cut,99786,15486,no
rKaHyPar,HEP-th.mtx.hgr,no,no,6,128,0.03,0.028169,15.9337,cut,98556,15401,no
rKaHyPar,HEP-th.mtx.hgr,no,no,7,128,0.03,0.028169,11.7295,cut,97800,15369,no
rKaHyPar,HEP-th.mtx.hgr,no,no,8,128,0.03,0.028169,15.3574,cut,98238,15418,no
rKaHyPar,HEP-th.mtx.hgr,no,no,9,128,0.03,0.028169,16.41,cut,97824,15388,no
rKaHyPar,HEP-th.mtx.hgr,no,no,0,16,0.03,0.0299472,11.4323,cut,34290,12362,no
rKaHyPar,HEP-th.mtx.hgr,no,no,1,16,0.03,0.0287728,8.93577,cut,35094,12422,no
rKaHyPar,HEP-th.mtx.hgr,no,no,2,16,0.03,0.0299472,9.51472,cut,35974,12598,no
rKaHyPar,HEP-th.mtx.hgr,no,no,3,16,0.03,0.0287728,12.0736,cut,34849,12351,no
rKaHyPar,HEP-th.mtx.hgr,no,no,4,16,0.03,0.0223136,11.9586,cut,33681,12384,no
rKaHyPar,HEP-th.mtx.hgr,no,no,5,16,0.03,0.0299472,11.3443,cut,35233,12444,no
rKaHyPar,HEP-th.mtx.hgr,no,no,6,16,0.03,0.0299472,8.41122,cut,34992,12454,no
rKaHyPar,HEP-th.mtx.hgr,no,no,7,16,0.03,0.0299472,12.2072,cut,34793,12456,no
rKaHyPar,HEP-th.mtx.hgr,no,no,8,16,0.03,0.0211392,8.22894,cut,34857,12392,no
rKaHyPar,HEP-th.mtx.hgr,no,no,9,16,0.03,0.0299472,8.50517,cut,36108,12578,no
rKaHyPar,HEP-th.mtx.hgr,no,no,0,2,0.03,0.0299559,15.5914,cut,3720,3720,no
rKaHyPar,HEP-th.mtx.hgr,no,no,1,2,0.03,0.0298825,11.4876,cut,3727,3727,no
rKaHyPar,HEP-th.mtx.hgr,no,no,2,2,0.03,0.0297357,18.0722,cut,3781,3781,no
rKaHyPar,HEP-th.mtx.hgr,no,no,3,2,0.03,0.029442,10.6658,cut,3712,3712,no
rKaHyPar,HEP-th.mtx.hgr,no,no,4,2,0.03,0.0298091,12.6191,cut,3941,3941,no
rKaHyPar,HEP-th.mtx.hgr,no,no,5,2,0.03,0.0299559,13.4308,cut,3784,3784,no
rKaHyPar,HEP-th.mtx.hgr,no,no,6,2,0.03,0.0298825,14.647,cut,3746,3746,no
rKaHyPar,HEP-th.mtx.hgr,no,no,7,2,0.03,0.0298825,11.6384,cut,3746,3746,no
rKaHyPar,HEP-th.mtx.hgr,no,no,8,2,0.03,0.0298825,15.3911,cut,3774,3774,no
rKaHyPar,HEP-th.mtx.hgr,no,no,9,2,0.03,0.0299559,11.5131,cut,3718,3718,no
rKaHyPar,HEP-th.mtx.hgr,no,no,0,32,0.03,0.0293427,9.80919,cut,51281,13599,no
rKaHyPar,HEP-th.mtx.hgr,no,no,1,32,0.03,0.0293427,13.6737,cut,52081,13496,no
rKaHyPar,HEP-th.mtx.hgr,no,no,2,32,0.03,0.0293427,13.7648,cut,55173,13662,no
rKaHyPar,HEP-th.mtx.hgr,no,no,3,32,0.03,0.0269953,12.8805,cut,53089,13565,no
rKaHyPar,HEP-th.mtx.hgr,no,no,4,32,0.03,0.0293427,9.15819,cut,51362,13423,no
rKaHyPar,HEP-th.mtx.hgr,no,no,5,32,0.03,0.0293427,12.5615,cut,52003,13387,no
rKaHyPar,HEP-th.mtx.hgr,no,no,6,32,0.03,0.0293427,9.18646,cut,52042,13474,no
rKaHyPar,HEP-th.mtx.hgr,no,no,7,32,0.03,0.028169,9.68918,cut,51041,13499,no
rKaHyPar,HEP-th.mtx.hgr,no,no,8,32,0.03,0.0293427,10.0515,cut,50834,13496,no
rKaHyPar,HEP-th.mtx.hgr,no,no,9,32,0.03,0.0293427,8.78039,cut,50286,13483,no
rKaHyPar,HEP-th.mtx.hgr,no,no,0,4,0.03,0.0299559,7.89811,cut,11905,8704,no
rKaHyPar,HEP-th.mtx.hgr,no,no,1,4,0.03,0.0295154,7.87711,cut,11564,8572,no
rKaHyPar,HEP-th.mtx.hgr,no,no,2,4,0.03,0.0298091,9.4204,cut,11378,8626,no
rKaHyPar,HEP-th.mtx.hgr,no,no,3,4,0.03,0.0218796,6.62344,cut,11691,8759,no
rKaHyPar,HEP-th.mtx.hgr,no,no,4,4,0.03,0.0298091,9.63682,cut,11446,8573,no
rKaHyPar,HEP-th.mtx.hgr,no,no,5,4,0.03,0.0299559,11.4414,cut,12975,8843,no
rKaHyPar,HEP-th.mtx.hgr,no,no,6,4,0.03,0.0293686,10.0675,cut,11597,8617,no
rKaHyPar,HEP-th.mtx.hgr,no,no,7,4,0.03,0.0295154,7.13935,cut,11454,8573,no
rKaHyPar,HEP-th.mtx.hgr,no,no,8,4,0.03,0.0299559,7.06923,cut,11325,8503,no
rKaHyPar,HEP-th.mtx.hgr,no,no,9,4,0.03,0.0299559,9.71406,cut,11808,8807,no
rKaHyPar,HEP-th.mtx.hgr,no,no,0,64,0.03,0.028169,14.2464,cut,71343,14511,no
rKaHyPar,HEP-th.mtx.hgr,no,no,1,64,0.03,0.028169,14.4237,cut,71683,14531,no
rKaHyPar,HEP-th.mtx.hgr,no,no,2,64,0.03,0.028169,10.2585,cut,73828,14542,no
rKaHyPar,HEP-th.mtx.hgr,no,no,3,64,0.03,0.028169,14.315,cut,71536,14499,no
rKaHyPar,HEP-th.mtx.hgr,no,no,4,64,0.03,0.028169,13.611,cut,72782,14530,no
rKaHyPar,HEP-th.mtx.hgr,no,no,5,64,0.03,0.028169,14.3977,cut,73917,14607,no
rKaHyPar,HEP-th.mtx.hgr,no,no,6,64,0.03,0.028169,10.5738,cut,71852,14520,no
rKaHyPar,HEP-th.mtx.hgr,no,no,7,64,0.03,0.028169,13.7749,cut,73038,14535,no
rKaHyPar,HEP-th.mtx.hgr,no,no,8,64,0.03,0.028169,9.96279,cut,74407,14517,no
rKaHyPar,HEP-th.mtx.hgr,no,no,9,64,0.03,0.028169,10.0305,cut,72476,14503,no
rKaHyPar,HEP-th.mtx.hgr,no,no,0,8,0.03,0.0296623,12.364,cut,21670,10699,no
rKaHyPar,HEP-th.mtx.hgr,no,no,1,8,0.03,0.0155653,8.10622,cut,22161,11048,no
rKaHyPar,HEP-th.mtx.hgr,no,no,2,8,0.03,0.0296623,11.6251,cut,22154,10694,no
rKaHyPar,HEP-th.mtx.hgr,no,no,3,8,0.03,0.0299559,7.73887,cut,21980,10790,no
rKaHyPar,HEP-th.mtx.hgr,no,no,4,8,0.03,0.0299559,11.6603,cut,22155,10707,no
rKaHyPar,HEP-th.mtx.hgr,no,no,5,8,0.03,0.0293686,8.10918,cut,21924,10728,no
rKaHyPar,HEP-th.mtx.hgr,no,no,6,8,0.03,0.0299559,11.2151,cut,22117,10988,no
rKaHyPar,HEP-th.mtx.hgr,no,no,7,8,0.03,0.0296623,8.90674,cut,22048,10755,no
rKaHyPar,HEP-th.mtx.hgr,no,no,8,8,0.03,0.0296623,8.28327,cut,21596,10614,no
rKaHyPar,HEP-th.mtx.hgr,no,no,9,8,0.03,0.0299559,10.6305,cut,21964,10897,no
rKaHyPar,HTC_336_9129.mtx.hgr,no,no,0,128,0.03,0.0299604,106.316,cut,37517,16191,no
rKaHyPar,HTC_336_9129.mtx.hgr,no,no,1,128,0.03,0.0293951,76.2893,cut,34357,16069,no
rKaHyPar,HTC_336_9129.mtx.hgr,no,no,2,128,0.03,0.0293951,154.494,cut,34519,16075,no
rKaHyPar,HTC_336_9129.mtx.hgr,no,no,3,128,0.03,0.0299604,97.5038,cut,35771,16220,no
rKaHyPar,HTC_336_9129.mtx.hgr,no,no,4,128,0.03,0.0282646,172.269,cut,35834,16230,no
rKaHyPar,HTC_336_9129.mtx.hgr,no,no,5,128,0.03,0.0299604,105.993,cut,35448,16143,no
rKaHyPar,HTC_336_9129.mtx.hgr,no,no,6,128,0.03,0.0299604,111.14,cut,39145,16208,no
rKaHyPar,HTC_336_9129.mtx.hgr,no,no,7,128,0.03,0.0299604,88.7048,cut,33764,16113,no
rKaHyPar,HTC_336_9129.mtx.hgr,no,no,8,128,0.03,0.0299604,66.4581,cut,35071,16219,no
rKaHyPar,HTC_336_9129.mtx.hgr,no,no,9,128,0.03,0.0299604,107.043,cut,39137,16205,no
rKaHyPar,HTC_336_9129.mtx.hgr,no,no,0,16,0.03,0.0299003,91.1109,cut,15608,11452,no
rKaHyPar,HTC_336_9129.mtx.hgr,no,no,1,16,0.03,0.0296883,69.2674,cut,14948,11485,no
rKaHyPar,HTC_336_9129.mtx.hgr,no,no,2,16,0.03,0.0296883,109.036,cut,14718,11352,no
rKaHyPar,HTC_336_9129.mtx.hgr,no,no,3,16,0.03,0.0294055,97.0498,cut,16241,11633,no
rKaHyPar,HTC_336_9129.mtx.hgr,no,no,4,16,0.03,0.029759,99.4043,cut,15848,11475,no
rKaHyPar,HTC_336_9129.mtx.hgr,no,no,5,16,0.03,0.0296176,107.409,cut,15590,11540,no
rKaHyPar,HTC_336_9129.mtx.hgr,no,no,6,16,0.03,0.0298296,63.7894,cut,15468,11414,no
rKaHyPar,HTC_336_9129.mtx.hgr,no,no,7,16,0.03,0.0295469,97.1779,cut,15456,11357,no
rKaHyPar,HTC_336_9129.mtx.hgr,no,no,8,16,0.03,0.029971,60.3246,cut,15805,11732,no
rKaHyPar,HTC_336_9129.mtx.hgr,no,no,9,16,0.03,0.0299003,82.4734,cut,16424,11504,no
rKaHyPar,HTC_336_9129.mtx.hgr,no,no,0,2,0.03,0.0299373,28.9762,cut,1479,1479,no
rKaHyPar,HTC_336_9129.mtx.hgr,no,no,1,2,0.03,0.0299814,24.0405,cut,1470,1470,no
rKaHyPar,HTC_336_9129.mtx.hgr,no,no,2,2,0.03,0.0299549,37.1338,cut,1505,1505,no
rKaHyPar,HTC_336_9129.mtx.hgr,no,no,3,2,0.03,0.0299903,24.4016,cut,1544,1544,no
rKaHyPar,HTC_336_9129.mtx.hgr,no,no,4,2,0.03,0.0297782,19.1696,cut,1520,1520,no
rKaHyPar,HTC_336_9129.mtx.hgr,no,no,5,2,0.03,0.0298931,33.75,cut,1554,1554,no
rKaHyPar,HTC_336_9129.mtx.hgr,no,no,6,2,0.03,0.0298931,20.6914,cut,1520,1520,no
rKaHyPar,HTC_336_9129.mtx.hgr,no,no,7,2,0.03,0.0299726,27.4653,cut,1730,1730,no
rKaHyPar,HTC_336_9129.mtx.hgr,no,no,8,2,0.03,0.0299726,21.1257,cut,1529,1529,no
rKaHyPar,HTC_336_9129.mtx.hgr,no,no,9,2,0.03,0.0299903,21.2965,cut,1529,1529,no
rKaHyPar,HTC_336_9129.mtx.hgr,no,no,0,32,0.03,0.0295448,63.6265,cut,19976,13069,no
rKaHyPar,HTC_336_9129.mtx.hgr,no,no,1,32,0.03,0.028838,70.1377,cut,20130,13019,no
rKaHyPar,HTC_336_9129.mtx.hgr,no,no,2,32,0.03,0.0295448,128.43,cut,19750,13083,no
rKaHyPar,HTC_336_9129.mtx.hgr,no,no,3,32,0.03,0.0299689,108.706,cut,19973,13052,no
rKaHyPar,HTC_336_9129.mtx.hgr,no,no,4,32,0.03,0.0292621,140.187,cut,19822,13171,no
rKaHyPar,HTC_336_9129.mtx.hgr,no,no,5,32,0.03,0.0296862,179.182,cut,21225,13075,no
rKaHyPar,HTC_336_9129.mtx.hgr,no,no,6,32,0.03,0.0292621,61.3293,cut,20506,13049,no
rKaHyPar,HTC_336_9129.mtx.hgr,no,no,7,32,0.03,0.0296862,109.492,cut,20073,12960,no
rKaHyPar,HTC_336_9129.mtx.hgr,no,no,8,32,0.03,0.0296862,62.8351,cut,20197,13000,no
rKaHyPar,HTC_336_9129.mtx.hgr,no,no,9,32,0.03,0.0298275,70.0454,cut,20999,13213,no
rKaHyPar,HTC_336_9129.mtx.hgr,no,no,0,4,0.03,0.0299903,110.391,cut,5369,5295,no
rKaHyPar,HTC_336_9129.mtx.hgr,no,no,1,4,0.03,0.0298842,84.1133,cut,5322,5249,no
rKaHyPar,HTC_336_9129.mtx.hgr,no,no,2,4,0.03,0.0299903,112.983,cut,5339,5277,no
rKaHyPar,HTC_336_9129.mtx.hgr,no,no,3,4,0.03,0.0299549,68.3559,cut,5261,5165,no
rKaHyPar,HTC_336_9129.mtx.hgr,no,no,4,4,0.03,0.0299549,93.2278,cut,5318,5244,no
rKaHyPar,HTC_336_9129.mtx.hgr,no,no,5,4,0.03,0.0299726,99.6958,cut,5163,5092,no
rKaHyPar,HTC_336_9129.mtx.hgr,no,no,6,4,0.03,0.0299549,95.4242,cut,5369,5279,no
rKaHyPar,HTC_336_9129.mtx.hgr,no,no,7,4,0.03,0.0299726,69.0405,cut,5089,5021,no
rKaHyPar,HTC_336_9129.mtx.hgr,no,no,8,4,0.03,0.0299549,60.5645,cut,5392,5279,no
rKaHyPar,HTC_336_9129.mtx.hgr,no,no,9,4,0.03,0.0299726,96.5453,cut,5338,5265,no
rKaHyPar,HTC_336_9129.mtx.hgr,no,no,0,64,0.03,0.0291207,114.664,cut,24557,14502,no
rKaHyPar,HTC_336_9129.mtx.hgr,no,no,1,64,0.03,0.0294034,97.2298,cut,26291,14583,no
rKaHyPar,HTC_336_9129.mtx.hgr,no,no,2,64,0.03,0.0299689,70.986,cut,25840,14612,no
rKaHyPar,HTC_336_9129.mtx.hgr,no,no,3,64,0.03,0.0296862,86.2086,cut,25745,14455,no
rKaHyPar,HTC_336_9129.mtx.hgr,no,no,4,64,0.03,0.028838,65.902,cut,25408,14600,no
rKaHyPar,HTC_336_9129.mtx.hgr,no,no,5,64,0.03,0.0279898,122.193,cut,26036,14719,no
rKaHyPar,HTC_336_9129.mtx.hgr,no,no,6,64,0.03,0.0299689,96.3014,cut,26243,14572,no
rKaHyPar,HTC_336_9129.mtx.hgr,no,no,7,64,0.03,0.0291207,116.642,cut,24554,14451,no
rKaHyPar,HTC_336_9129.mtx.hgr,no,no,8,64,0.03,0.028838,58.5013,cut,26661,14758,no
rKaHyPar,HTC_336_9129.mtx.hgr,no,no,9,64,0.03,0.0277071,66.0916,cut,25286,14526,no
rKaHyPar,HTC_336_9129.mtx.hgr,no,no,0,8,0.03,0.0299721,118.817,cut,10337,9027,no
rKaHyPar,HTC_336_9129.mtx.hgr,no,no,1,8,0.03,0.02976,80.3919,cut,11547,9352,no
rKaHyPar,HTC_336_9129.mtx.hgr,no,no,2,8,0.03,0.0299721,122.226,cut,10096,9112,no
rKaHyPar,HTC_336_9129.mtx.hgr,no,no,3,8,0.03,0.029866,115.831,cut,10409,9062,no
rKaHyPar,HTC_336_9129.mtx.hgr,no,no,4,8,0.03,0.0299014,141.364,cut,10361,9153,no
rKaHyPar,HTC_336_9129.mtx.hgr,no,no,5,8,0.03,0.0299014,121.223,cut,10652,9197,no
rKaHyPar,HTC_336_9129.mtx.hgr,no,no,6,8,0.03,0.0298307,116.741,cut,10163,9096,no
rKaHyPar,HTC_336_9129.mtx.hgr,no,no,7,8,0.03,0.0299014,85.378,cut,10389,9189,no
rKaHyPar,HTC_336_9129.mtx.hgr,no,no,8,8,0.03,0.02976,72.107,cut,10309,9165,no
rKaHyPar,HTC_336_9129.mtx.hgr,no,no,9,8,0.03,0.02976,68.6789,cut,10040,9004,no
rKaHyPar,human_gene2.mtx.hgr,no,no,0,128,0.03,0.00884956,570.503,cut,1119253,13769,no
rKaHyPar,human_gene2.mtx.hgr,no,no,1,128,0.03,0,565.52,cut,1127684,13666,no
rKaHyPar,human_gene2.mtx.hgr,no,no,2,128,0.03,0.0265487,793.761,cut,1105617,13784,no
rKaHyPar,human_gene2.mtx.hgr,no,no,3,128,0.03,0.00884956,799.272,cut,1119451,13750,no
rKaHyPar,human_gene2.mtx.hgr,no,no,4,128,0.03,0.0265487,935.191,cut,1119559,13735,no
rKaHyPar,human_gene2.mtx.hgr,no,no,5,128,0.03,0.0176991,840.952,cut,1129279,13688,no
rKaHyPar,human_gene2.mtx.hgr,no,no,6,128,0.03,0.0176991,859.831,cut,1123453,13663,no
rKaHyPar,human_gene2.mtx.hgr,no,no,7,128,0.03,0.00884956,500.237,cut,1130778,13681,no
rKaHyPar,human_gene2.mtx.hgr,no,no,8,128,0.03,0,799.855,cut,1117622,13748,no
rKaHyPar,human_gene2.mtx.hgr,no,no,9,128,0.03,0,889.75,cut,1117390,13771,no
rKaHyPar,human_gene2.mtx.hgr,no,no,0,16,0.03,0.0211817,991.038,cut,169302,13729,no
rKaHyPar,human_gene2.mtx.hgr,no,no,1,16,0.03,0.0189521,566.3,cut,167990,13743,no
rKaHyPar,human_gene2.mtx.hgr,no,no,2,16,0.03,0.0133779,797.545,cut,166806,13741,no
rKaHyPar,human_gene2.mtx.hgr,no,no,3,16,0.03,0.0133779,802.458,cut,168225,13718,no
rKaHyPar,human_gene2.mtx.hgr,no,no,4,16,0.03,0.025641,922.705,cut,168309,13740,no
rKaHyPar,human_gene2.mtx.hgr,no,no,5,16,0.03,0.0144928,468.129,cut,168770,13737,no
rKaHyPar,human_gene2.mtx.hgr,no,no,6,16,0.03,0.0178372,487.716,cut,168667,13734,no
rKaHyPar,human_gene2.mtx.hgr,no,no,7,16,0.03,0.0189521,881.897,cut,168201,13736,no
rKaHyPar,human_gene2.mtx.hgr,no,no,8,16,0.03,0.0167224,455.56,cut,168991,13712,no
rKaHyPar,human_gene2.mtx.hgr,no,no,9,16,0.03,0.0200669,500.327,cut,168560,13734,no
rKaHyPar,human_gene2.mtx.hgr,no,no,0,2,0.03,0.0298466,891.261,cut,10987,10987,no
rKaHyPar,human_gene2.mtx.hgr,no,no,1,2,0.03,0.0299861,514.387,cut,10952,10952,no
rKaHyPar,human_gene2.mtx.hgr,no,no,2,2,0.03,0.0299861,713.754,cut,10954,10954,no
rKaHyPar,human_gene2.mtx.hgr,no,no,3,2,0.03,0.0298466,432.722,cut,11002,11002,no
rKaHyPar,human_gene2.mtx.hgr,no,no,4,2,0.03,0.0298466,489.747,cut,10734,10734,no
rKaHyPar,human_gene2.mtx.hgr,no,no,5,2,0.03,0.0299861,762.231,cut,10989,10989,no
rKaHyPar,human_gene2.mtx.hgr,no,no,6,2,0.03,0.0299861,448.077,cut,11000,11000,no
rKaHyPar,human_gene2.mtx.hgr,no,no,7,2,0.03,0.0298466,469.747,cut,11009,11009,no
rKaHyPar,human_gene2.mtx.hgr,no,no,8,2,0.03,0.0299861,422.666,cut,11016,11016,no
rKaHyPar,human_gene2.mtx.hgr,no,no,9,2,0.03,0.0299861,462.736,cut,10955,10955,no
rKaHyPar,human_gene2.mtx.hgr,no,no,0,32,0.03,0.00890869,567.154,cut,332939,13725,no
rKaHyPar,human_gene2.mtx.hgr,no,no,1,32,0.03,0.0155902,578.918,cut,329558,13650,no
rKaHyPar,human_gene2.mtx.hgr,no,no,2,32,0.03,0.00668151,774.474,cut,331556,13766,no
rKaHyPar,human_gene2.mtx.hgr,no,no,3,32,0.03,0.00668151,800.425,cut,333497,13728,no
rKaHyPar,human_gene2.mtx.hgr,no,no,4,32,0.03,0.00668151,927.702,cut,333263,13745,no
rKaHyPar,human_gene2.mtx.hgr,no,no,5,32,0.03,0.013363,832.499,cut,332111,13750,no
rKaHyPar,human_gene2.mtx.hgr,no,no,6,32,0.03,0.013363,488.914,cut,334870,13683,no
rKaHyPar,human_gene2.mtx.hgr,no,no,7,32,0.03,0.00890869,885.054,cut,330463,13762,no
rKaHyPar,human_gene2.mtx.hgr,no,no,8,32,0.03,0.0155902,457.25,cut,330654,13726,no
rKaHyPar,human_gene2.mtx.hgr,no,no,9,32,0.03,0.0111359,501.372,cut,330949,13751,no
rKaHyPar,human_gene2.mtx.hgr,no,no,0,4,0.03,0.0281729,561.484,cut,34880,13493,no
rKaHyPar,human_gene2.mtx.hgr,no,no,1,4,0.03,0.0298466,564.096,cut,34649,13425,no
rKaHyPar,human_gene2.mtx.hgr,no,no,2,4,0.03,0.0270572,785.18,cut,34948,13518,no
rKaHyPar,human_gene2.mtx.hgr,no,no,3,4,0.03,0.0164575,461.508,cut,34803,13537,no
rKaHyPar,human_gene2.mtx.hgr,no,no,4,4,0.03,0.0248257,524.067,cut,34937,13493,no
rKaHyPar,human_gene2.mtx.hgr,no,no,5,4,0.03,0.023431,837.971,cut,34910,13500,no
rKaHyPar,human_gene2.mtx.hgr,no,no,6,4,0.03,0.0245467,855.182,cut,34734,13438,no
rKaHyPar,human_gene2.mtx.hgr,no,no,7,4,0.03,0.0281729,501.475,cut,34817,13480,no
rKaHyPar,human_gene2.mtx.hgr,no,no,8,4,0.03,0.0276151,453.716,cut,34756,13518,no
rKaHyPar,human_gene2.mtx.hgr,no,no,9,4,0.03,0.0292887,888.223,cut,34751,13467,no
rKaHyPar,human_gene2.mtx.hgr,no,no,0,64,0.03,0.00888889,1004.62,cut,625438,13747,no
rKaHyPar,human_gene2.mtx.hgr,no,no,1,64,0.03,0.00888889,988.813,cut,628950,13671,no
rKaHyPar,human_gene2.mtx.hgr,no,no,2,64,0.03,0.00444444,445.493,cut,621047,13747,no
rKaHyPar,human_gene2.mtx.hgr,no,no,3,64,0.03,0.00888889,468.637,cut,613618,13770,no
rKaHyPar,human_gene2.mtx.hgr,no,no,4,64,0.03,0.00444444,924.338,cut,623347,13752,no
rKaHyPar,human_gene2.mtx.hgr,no,no,5,64,0.03,0.00888889,830.965,cut,623296,13783,no
rKaHyPar,human_gene2.mtx.hgr,no,no,6,64,0.03,0.00888889,867.582,cut,621611,13656,no
rKaHyPar,human_gene2.mtx.hgr,no,no,7,64,0.03,0.0222222,882.432,cut,624432,13678,no
rKaHyPar,human_gene2.mtx.hgr,no,no,8,64,0.03,0.00888889,458.183,cut,625346,13753,no
rKaHyPar,human_gene2.mtx.hgr,no,no,9,64,0.03,0.0133333,506.198,cut,622054,13759,no
rKaHyPar,human_gene2.mtx.hgr,no,no,0,8,0.03,0.0290017,563.43,cut,81138,13648,no
rKaHyPar,human_gene2.mtx.hgr,no,no,1,8,0.03,0.0245399,564.995,cut,80781,13631,no
rKaHyPar,human_gene2.mtx.hgr,no,no,2,8,0.03,0.0250976,783.268,cut,80866,13683,no
rKaHyPar,human_gene2.mtx.hgr,no,no,3,8,0.03,0.0278862,798.763,cut,80792,13662,no
rKaHyPar,human_gene2.mtx.hgr,no,no,4,8,0.03,0.0284439,918.915,cut,80966,13653,no
rKaHyPar,human_gene2.mtx.hgr,no,no,5,8,0.03,0.0273285,469.753,cut,81015,13658,no
rKaHyPar,human_gene2.mtx.hgr,no,no,6,8,0.03,0.0267708,874.484,cut,79680,13668,no
rKaHyPar,human_gene2.mtx.hgr,no,no,7,8,0.03,0.0278862,495.867,cut,80976,13664,no
rKaHyPar,human_gene2.mtx.hgr,no,no,8,8,0.03,0.0239822,457.756,cut,80999,13675,no
rKaHyPar,human_gene2.mtx.hgr,no,no,9,8,0.03,0.0278862,503.1,cut,80902,13662,no
rKaHyPar,hvdc1.mtx.hgr,no,no,0,128,0.03,0.025641,5.22536,cut,2788,1951,no
rKaHyPar,hvdc1.mtx.hgr,no,no,1,128,0.03,0.025641,6.91898,cut,2777,1939,no
rKaHyPar,hvdc1.mtx.hgr,no,no,2,128,0.03,0.025641,7.01938,cut,2762,1962,no
rKaHyPar,hvdc1.mtx.hgr,no,no,3,128,0.03,0.025641,6.99154,cut,2779,1952,no
rKaHyPar,hvdc1.mtx.hgr,no,no,4,128,0.03,0.025641,5.1424,cut,2770,1944,no
rKaHyPar,hvdc1.mtx.hgr,no,no,5,128,0.03,0.025641,7.05141,cut,2845,1949,no
rKaHyPar,hvdc1.mtx.hgr,no,no,6,128,0.03,0.025641,6.97116,cut,2780,1935,no
rKaHyPar,hvdc1.mtx.hgr,no,no,7,128,0.03,0.025641,5.43128,cut,2788,1954,no
rKaHyPar,hvdc1.mtx.hgr,no,no,8,128,0.03,0.025641,5.18896,cut,2788,1957,no
rKaHyPar,hvdc1.mtx.hgr,no,no,9,128,0.03,0.025641,7.0541,cut,2787,1944,no
rKaHyPar,hvdc1.mtx.hgr,no,no,0,16,0.03,0.022537,1.85252,cut,566,478,no
rKaHyPar,hvdc1.mtx.hgr,no,no,1,16,0.03,0.0218931,1.87412,cut,578,470,no
rKaHyPar,hvdc1.mtx.hgr,no,no,2,16,0.03,0.0257566,1.8563,cut,520,468,no
rKaHyPar,hvdc1.mtx.hgr,no,no,3,16,0.03,0.0296201,1.87815,cut,558,466,no
rKaHyPar,hvdc1.mtx.hgr,no,no,4,16,0.03,0.0283323,1.76012,cut,543,465,no
rKaHyPar,hvdc1.mtx.hgr,no,no,5,16,0.03,0.0289762,1.34572,cut,551,462,no
rKaHyPar,hvdc1.mtx.hgr,no,no,6,16,0.03,0.0264005,1.31647,cut,556,462,no
rKaHyPar,hvdc1.mtx.hgr,no,no,7,16,0.03,0.0283323,1.87831,cut,549,476,no
rKaHyPar,hvdc1.mtx.hgr,no,no,8,16,0.03,0.0238249,1.31942,cut,545,457,no
rKaHyPar,hvdc1.mtx.hgr,no,no,9,16,0.03,0.0251127,1.31196,cut,567,481,no
rKaHyPar,hvdc1.mtx.hgr,no,no,0,2,0.03,0.00684325,0.412149,cut,67,67,no
rKaHyPar,hvdc1.mtx.hgr,no,no,1,2,0.03,0.0193221,0.298252,cut,70,70,no
rKaHyPar,hvdc1.mtx.hgr,no,no,2,2,0.03,0.0193221,0.416374,cut,70,70,no
rKaHyPar,hvdc1.mtx.hgr,no,no,3,2,0.03,0.0297078,0.310594,cut,69,69,no
rKaHyPar,hvdc1.mtx.hgr,no,no,4,2,0.03,0.0221399,0.424308,cut,68,68,no
rKaHyPar,hvdc1.mtx.hgr,no,no,5,2,0.03,0.0274535,0.410233,cut,62,62,no
rKaHyPar,hvdc1.mtx.hgr,no,no,6,2,0.03,0.0290637,0.296439,cut,69,69,no
rKaHyPar,hvdc1.mtx.hgr,no,no,7,2,0.03,0.0193221,0.2972,cut,70,70,no
rKaHyPar,hvdc1.mtx.hgr,no,no,8,2,0.03,0.0274535,0.311309,cut,62,62,no
rKaHyPar,hvdc1.mtx.hgr,no,no,9,2,0.03,0.0193221,0.293055,cut,70,70,no
rKaHyPar,hvdc1.mtx.hgr,no,no,0,32,0.03,0.029601,2.03808,cut,992,797,no
rKaHyPar,hvdc1.mtx.hgr,no,no,1,32,0.03,0.02574,2.05157,cut,1033,808,no
rKaHyPar,hvdc1.mtx.hgr,no,no,2,32,0.03,0.028314,2.78792,cut,979,795,no
rKaHyPar,hvdc1.mtx.hgr,no,no,3,32,0.03,0.02574,2.04074,cut,979,774,no
rKaHyPar,hvdc1.mtx.hgr,no,no,4,32,0.03,0.029601,2.7176,cut,973,785,no
rKaHyPar,hvdc1.mtx.hgr,no,no,5,32,0.03,0.024453,2.89318,cut,980,799,no
rKaHyPar,hvdc1.mtx.hgr,no,no,6,32,0.03,0.028314,2.00692,cut,949,766,no
rKaHyPar,hvdc1.mtx.hgr,no,no,7,32,0.03,0.029601,2.7531,cut,969,761,no
rKaHyPar,hvdc1.mtx.hgr,no,no,8,32,0.03,0.02574,2.13725,cut,936,765,no
rKaHyPar,hvdc1.mtx.hgr,no,no,9,32,0.03,0.02574,2.16885,cut,950,766,no
rKaHyPar,hvdc1.mtx.hgr,no,no,0,4,0.03,0.0223796,0.736678,cut,123,116,no
rKaHyPar,hvdc1.mtx.hgr,no,no,1,4,0.03,0.0264048,0.560412,cut,129,116,no
rKaHyPar,hvdc1.mtx.hgr,no,no,2,4,0.03,0.0154564,0.814734,cut,136,119,no
rKaHyPar,hvdc1.mtx.hgr,no,no,3,4,0.03,0.0238287,0.580455,cut,130,118,no
rKaHyPar,hvdc1.mtx.hgr,no,no,4,4,0.03,0.0286588,0.564991,cut,134,117,no
rKaHyPar,hvdc1.mtx.hgr,no,no,5,4,0.03,0.0280148,0.760708,cut,129,117,no
rKaHyPar,hvdc1.mtx.hgr,no,no,6,4,0.03,0.0286588,0.552873,cut,140,127,no
rKaHyPar,hvdc1.mtx.hgr,no,no,7,4,0.03,0.0286588,0.554135,cut,134,117,no
rKaHyPar,hvdc1.mtx.hgr,no,no,8,4,0.03,0.0265658,0.536555,cut,130,123,no
rKaHyPar,hvdc1.mtx.hgr,no,no,9,4,0.03,0.0293028,0.594275,cut,127,117,no
rKaHyPar,hvdc1.mtx.hgr,no,no,0,64,0.03,0.0282776,4.34463,cut,1652,1224,no
rKaHyPar,hvdc1.mtx.hgr,no,no,1,64,0.03,0.0282776,4.50852,cut,1629,1189,no
rKaHyPar,hvdc1.mtx.hgr,no,no,2,64,0.03,0.0282776,3.25717,cut,1614,1215,no
rKaHyPar,hvdc1.mtx.hgr,no,no,3,64,0.03,0.0257069,3.23587,cut,1690,1239,no
rKaHyPar,hvdc1.mtx.hgr,no,no,4,64,0.03,0.0282776,3.21993,cut,1665,1220,no
rKaHyPar,hvdc1.mtx.hgr,no,no,5,64,0.03,0.0282776,3.18202,cut,1607,1214,no
rKaHyPar,hvdc1.mtx.hgr,no,no,6,64,0.03,0.0282776,4.45302,cut,1630,1214,no
rKaHyPar,hvdc1.mtx.hgr,no,no,7,64,0.03,0.0257069,4.37607,cut,1608,1229,no
rKaHyPar,hvdc1.mtx.hgr,no,no,8,64,0.03,0.0257069,3.30697,cut,1657,1226,no
rKaHyPar,hvdc1.mtx.hgr,no,no,9,64,0.03,0.0257069,3.28,cut,1662,1240,no
rKaHyPar,hvdc1.mtx.hgr,no,no,0,8,0.03,0.0270444,1.20444,cut,274,257,no
rKaHyPar,hvdc1.mtx.hgr,no,no,1,8,0.03,0.029942,0.868549,cut,296,269,no
rKaHyPar,hvdc1.mtx.hgr,no,no,2,8,0.03,0.01481,0.859284,cut,282,265,no
rKaHyPar,hvdc1.mtx.hgr,no,no,3,8,0.03,0.015454,1.2533,cut,289,269,no
rKaHyPar,hvdc1.mtx.hgr,no,no,4,8,0.03,0.022859,1.20742,cut,306,277,no
rKaHyPar,hvdc1.mtx.hgr,no,no,5,8,0.03,0.0164198,0.920187,cut,295,268,no
rKaHyPar,hvdc1.mtx.hgr,no,no,6,8,0.03,0.0280103,1.26056,cut,287,258,no
rKaHyPar,hvdc1.mtx.hgr,no,no,7,8,0.03,0.0199614,0.932677,cut,288,263,no
rKaHyPar,hvdc1.mtx.hgr,no,no,8,8,0.03,0.0231809,0.888172,cut,284,261,no
rKaHyPar,hvdc1.mtx.hgr,no,no,9,8,0.03,0.0254346,0.872705,cut,281,258,no
rKaHyPar,IG5-17.mtx.hgr,no,no,0,128,0.03,0.0273973,46.1895,cut,357719,29177,no
rKaHyPar,IG5-17.mtx.hgr,no,no,1,128,0.03,0.0273973,62.6061,cut,364718,29255,no
rKaHyPar,IG5-17.mtx.hgr,no,no,2,128,0.03,0.0273973,63.8342,cut,365190,29225,no
rKaHyPar,IG5-17.mtx.hgr,no,no,3,128,0.03,0.0273973,61.4372,cut,347067,29157,no
rKaHyPar,IG5-17.mtx.hgr,no,no,4,128,0.03,0.0273973,48.7077,cut,344376,29109,no
rKaHyPar,IG5-17.mtx.hgr,no,no,5,128,0.03,0.0273973,62.3143,cut,357828,29158,no
rKaHyPar,IG5-17.mtx.hgr,no,no,6,128,0.03,0.0273973,65.5727,cut,351915,29139,no
rKaHyPar,IG5-17.mtx.hgr,no,no,7,128,0.03,0.0273973,48.9908,cut,333353,29102,no
rKaHyPar,IG5-17.mtx.hgr,no,no,8,128,0.03,0.0273973,63.9715,cut,329244,29048,no
rKaHyPar,IG5-17.mtx.hgr,no,no,9,128,0.03,0.0273973,64.6789,cut,344121,29136,no
rKaHyPar,IG5-17.mtx.hgr,no,no,0,16,0.03,0.0297653,57.9158,cut,72021,25551,no
rKaHyPar,IG5-17.mtx.hgr,no,no,1,16,0.03,0.0297653,58.8139,cut,74714,25392,no
rKaHyPar,IG5-17.mtx.hgr,no,no,2,16,0.03,0.0297653,57.0265,cut,80368,25738,no
rKaHyPar,IG5-17.mtx.hgr,no,no,3,16,0.03,0.0297653,59.6527,cut,71699,25111,no
rKaHyPar,IG5-17.mtx.hgr,no,no,4,16,0.03,0.0297653,54.4358,cut,68126,24888,no
rKaHyPar,IG5-17.mtx.hgr,no,no,5,16,0.03,0.0297653,41.2304,cut,72517,25397,no
rKaHyPar,IG5-17.mtx.hgr,no,no,6,16,0.03,0.0297653,37.6813,cut,75081,25426,no
rKaHyPar,IG5-17.mtx.hgr,no,no,7,16,0.03,0.0297653,53.5834,cut,76732,25512,no
rKaHyPar,IG5-17.mtx.hgr,no,no,8,16,0.03,0.0297653,42.0306,cut,79938,25691,no
rKaHyPar,IG5-17.mtx.hgr,no,no,9,16,0.03,0.0297653,44.0217,cut,79874,25574,no
rKaHyPar,IG5-17.mtx.hgr,no,no,0,2,0.03,0.00629831,14.6771,cut,0,0,no
rKaHyPar,IG5-17.mtx.hgr,no,no,1,2,0.03,0.00629831,9.03402,cut,0,0,no
rKaHyPar,IG5-17.mtx.hgr,no,no,2,2,0.03,0.00629831,12.6578,cut,0,0,no
rKaHyPar,IG5-17.mtx.hgr,no,no,3,2,0.03,0.00629831,8.88831,cut,0,0,no
rKaHyPar,IG5-17.mtx.hgr,no,no,4,2,0.03,0.00629831,13.4889,cut,0,0,no
rKaHyPar,IG5-17.mtx.hgr,no,no,5,2,0.03,0.00629831,13.5967,cut,0,0,no
rKaHyPar,IG5-17.mtx.hgr,no,no,6,2,0.03,0.00629831,8.30974,cut,0,0,no
rKaHyPar,IG5-17.mtx.hgr,no,no,7,2,0.03,0.00629831,8.80539,cut,0,0,no
rKaHyPar,IG5-17.mtx.hgr,no,no,8,2,0.03,0.00629831,8.84666,cut,0,0,no
rKaHyPar,IG5-17.mtx.hgr,no,no,9,2,0.03,0.00629831,8.67696,cut,0,0,no
rKaHyPar,IG5-17.mtx.hgr,no,no,0,32,0.03,0.0297483,44.0757,cut,136616,27589,no
rKaHyPar,IG5-17.mtx.hgr,no,no,1,32,0.03,0.0297483,42.4322,cut,145352,27761,no
rKaHyPar,IG5-17.mtx.hgr,no,no,2,32,0.03,0.0297483,64.3392,cut,138388,27569,no
rKaHyPar,IG5-17.mtx.hgr,no,no,3,32,0.03,0.0297483,41.3065,cut,136964,27610,no
rKaHyPar,IG5-17.mtx.hgr,no,no,4,32,0.03,0.0297483,57.8292,cut,147942,27677,no
rKaHyPar,IG5-17.mtx.hgr,no,no,5,32,0.03,0.0297483,58.6761,cut,132561,27396,no
rKaHyPar,IG5-17.mtx.hgr,no,no,6,32,0.03,0.0297483,42.5622,cut,137595,27566,no
rKaHyPar,IG5-17.mtx.hgr,no,no,7,32,0.03,0.0297483,63.0977,cut,134875,27593,no
rKaHyPar,IG5-17.mtx.hgr,no,no,8,32,0.03,0.0297483,40.2571,cut,144962,27553,no
rKaHyPar,IG5-17.mtx.hgr,no,no,9,32,0.03,0.0297483,40.1407,cut,132229,27433,no
rKaHyPar,IG5-17.mtx.hgr,no,no,0,4,0.03,0.029917,55.072,cut,12281,12281,no
rKaHyPar,IG5-17.mtx.hgr,no,no,1,4,0.03,0.029917,37.6547,cut,11921,11921,no
rKaHyPar,IG5-17.mtx.hgr,no,no,2,4,0.03,0.029917,63.389,cut,12194,12194,no
rKaHyPar,IG5-17.mtx.hgr,no,no,3,4,0.03,0.029917,52.6872,cut,12115,12115,no
rKaHyPar,IG5-17.mtx.hgr,no,no,4,4,0.03,0.029917,35.1078,cut,11992,11992,no
rKaHyPar,IG5-17.mtx.hgr,no,no,5,4,0.03,0.029917,54.875,cut,12035,12035,no
rKaHyPar,IG5-17.mtx.hgr,no,no,6,4,0.03,0.029917,48.2947,cut,11688,11688,no
rKaHyPar,IG5-17.mtx.hgr,no,no,7,4,0.03,0.029917,37.0212,cut,11908,11908,no
rKaHyPar,IG5-17.mtx.hgr,no,no,8,4,0.03,0.029917,33.7697,cut,11771,11771,no
rKaHyPar,IG5-17.mtx.hgr,no,no,9,4,0.03,0.029917,34.3087,cut,12253,12253,no
rKaHyPar,IG5-17.mtx.hgr,no,no,0,64,0.03,0.0297483,61.5297,cut,226161,28589,no
rKaHyPar,IG5-17.mtx.hgr,no,no,1,64,0.03,0.0297483,64.389,cut,222549,28484,no
rKaHyPar,IG5-17.mtx.hgr,no,no,2,64,0.03,0.0297483,40.9984,cut,238453,28603,no
rKaHyPar,IG5-17.mtx.hgr,no,no,3,64,0.03,0.0297483,42.0025,cut,227655,28641,no
rKaHyPar,IG5-17.mtx.hgr,no,no,4,64,0.03,0.0297483,62.9313,cut,241448,28614,no
rKaHyPar,IG5-17.mtx.hgr,no,no,5,64,0.03,0.0297483,42.8341,cut,244116,28680,no
rKaHyPar,IG5-17.mtx.hgr,no,no,6,64,0.03,0.0297483,59.0079,cut,231953,28632,no
rKaHyPar,IG5-17.mtx.hgr,no,no,7,64,0.03,0.0297483,66.3414,cut,231518,28480,no
rKaHyPar,IG5-17.mtx.hgr,no,no,8,64,0.03,0.0297483,43.4839,cut,217169,28430,no
rKaHyPar,IG5-17.mtx.hgr,no,no,9,64,0.03,0.0297483,40.4112,cut,243627,28680,no
rKaHyPar,IG5-17.mtx.hgr,no,no,0,8,0.03,0.0297738,40.6182,cut,36826,21280,no
rKaHyPar,IG5-17.mtx.hgr,no,no,1,8,0.03,0.0297738,40.4151,cut,37413,21118,no
rKaHyPar,IG5-17.mtx.hgr,no,no,2,8,0.03,0.0297738,36.7021,cut,34709,21337,no
rKaHyPar,IG5-17.mtx.hgr,no,no,3,8,0.03,0.0297738,55.0952,cut,36080,20893,no
rKaHyPar,IG5-17.mtx.hgr,no,no,4,8,0.03,0.0297738,54.8289,cut,35682,21422,no
rKaHyPar,IG5-17.mtx.hgr,no,no,5,8,0.03,0.0297738,39.5979,cut,35850,20736,no
rKaHyPar,IG5-17.mtx.hgr,no,no,6,8,0.03,0.0297738,52.8279,cut,36470,20737,no
rKaHyPar,IG5-17.mtx.hgr,no,no,7,8,0.03,0.0297738,40.0822,cut,36914,21495,no
rKaHyPar,IG5-17.mtx.hgr,no,no,8,8,0.03,0.0297738,36.7727,cut,35944,21276,no
rKaHyPar,IG5-17.mtx.hgr,no,no,9,8,0.03,0.0297738,38.9243,cut,37164,21077,no
rKaHyPar,Ill_Stokes.mtx.hgr,no,no,0,128,0.03,0.0243902,7.99739,cut,19873,11354,no
rKaHyPar,Ill_Stokes.mtx.hgr,no,no,1,128,0.03,0.0243902,10.8878,cut,19903,11354,no
rKaHyPar,Ill_Stokes.mtx.hgr,no,no,2,128,0.03,0.0243902,10.9111,cut,19695,11364,no
rKaHyPar,Ill_Stokes.mtx.hgr,no,no,3,128,0.03,0.0243902,7.91434,cut,20008,11413,no
rKaHyPar,Ill_Stokes.mtx.hgr,no,no,4,128,0.03,0.0243902,7.98981,cut,19126,11216,no
rKaHyPar,Ill_Stokes.mtx.hgr,no,no,5,128,0.03,0.0243902,11.3039,cut,19475,11344,no
rKaHyPar,Ill_Stokes.mtx.hgr,no,no,6,128,0.03,0.0243902,10.926,cut,19912,11371,no
rKaHyPar,Ill_Stokes.mtx.hgr,no,no,7,128,0.03,0.0243902,8.19625,cut,19464,11357,no
rKaHyPar,Ill_Stokes.mtx.hgr,no,no,8,128,0.03,0.0243902,8.00617,cut,19477,11384,no
rKaHyPar,Ill_Stokes.mtx.hgr,no,no,9,128,0.03,0.0243902,7.99208,cut,19186,11275,no
rKaHyPar,Ill_Stokes.mtx.hgr,no,no,0,16,0.03,0.0290965,3.08292,cut,6153,5016,no
rKaHyPar,Ill_Stokes.mtx.hgr,no,no,1,16,0.03,0.0229709,4.03988,cut,6133,4976,no
rKaHyPar,Ill_Stokes.mtx.hgr,no,no,2,16,0.03,0.0290965,4.19688,cut,6052,4976,no
rKaHyPar,Ill_Stokes.mtx.hgr,no,no,3,16,0.03,0.0290965,4.02725,cut,5949,4952,no
rKaHyPar,Ill_Stokes.mtx.hgr,no,no,4,16,0.03,0.0199081,4.16166,cut,6120,5039,no
rKaHyPar,Ill_Stokes.mtx.hgr,no,no,5,16,0.03,0.0222052,3.12228,cut,6158,5024,no
rKaHyPar,Ill_Stokes.mtx.hgr,no,no,6,16,0.03,0.0298622,3.12273,cut,6150,4998,no
rKaHyPar,Ill_Stokes.mtx.hgr,no,no,7,16,0.03,0.0130168,4.05194,cut,6155,5072,no
rKaHyPar,Ill_Stokes.mtx.hgr,no,no,8,16,0.03,0.025268,3.08321,cut,6023,5020,no
rKaHyPar,Ill_Stokes.mtx.hgr,no,no,9,16,0.03,0.025268,2.98115,cut,6009,4976,no
rKaHyPar,Ill_Stokes.mtx.hgr,no,no,0,2,0.03,0.025268,3.24492,cut,1132,1132,no
rKaHyPar,Ill_Stokes.mtx.hgr,no,no,1,2,0.03,0.0294793,2.74964,cut,1128,1128,no
rKaHyPar,Ill_Stokes.mtx.hgr,no,no,2,2,0.03,0.0298622,4.20491,cut,1204,1204,no
rKaHyPar,Ill_Stokes.mtx.hgr,no,no,3,2,0.03,0.025268,2.74398,cut,1132,1132,no
rKaHyPar,Ill_Stokes.mtx.hgr,no,no,4,2,0.03,0.0245023,5.94755,cut,1168,1168,no
rKaHyPar,Ill_Stokes.mtx.hgr,no,no,5,2,0.03,0.025268,3.81499,cut,1132,1132,no
rKaHyPar,Ill_Stokes.mtx.hgr,no,no,6,2,0.03,0.0294793,2.54564,cut,1128,1128,no
rKaHyPar,Ill_Stokes.mtx.hgr,no,no,7,2,0.03,0.0214395,2.79869,cut,1128,1128,no
rKaHyPar,Ill_Stokes.mtx.hgr,no,no,8,2,0.03,0.0214395,2.52716,cut,1128,1128,no
rKaHyPar,Ill_Stokes.mtx.hgr,no,no,9,2,0.03,0.0256508,2.27117,cut,1128,1128,no
rKaHyPar,Ill_Stokes.mtx.hgr,no,no,0,32,0.03,0.0290965,4.18156,cut,9318,6895,no
rKaHyPar,Ill_Stokes.mtx.hgr,no,no,1,32,0.03,0.0290965,4.35116,cut,8997,6742,no
rKaHyPar,Ill_Stokes.mtx.hgr,no,no,2,32,0.03,0.0290965,4.20074,cut,9369,6972,no
rKaHyPar,Ill_Stokes.mtx.hgr,no,no,3,32,0.03,0.0168453,4.19137,cut,9036,6808,no
rKaHyPar,Ill_Stokes.mtx.hgr,no,no,4,32,0.03,0.0290965,5.70118,cut,8957,6806,no
rKaHyPar,Ill_Stokes.mtx.hgr,no,no,5,32,0.03,0.0290965,4.41788,cut,9021,6837,no
rKaHyPar,Ill_Stokes.mtx.hgr,no,no,6,32,0.03,0.0290965,4.16636,cut,9077,6796,no
rKaHyPar,Ill_Stokes.mtx.hgr,no,no,7,32,0.03,0.0290965,5.77587,cut,9038,6843,no
rKaHyPar,Ill_Stokes.mtx.hgr,no,no,8,32,0.03,0.0290965,5.67964,cut,8940,6822,no
rKaHyPar,Ill_Stokes.mtx.hgr,no,no,9,32,0.03,0.0229709,4.17222,cut,8891,6764,no
rKaHyPar,Ill_Stokes.mtx.hgr,no,no,0,4,0.03,0.0145482,2.62476,cut,2303,2188,no
rKaHyPar,Ill_Stokes.mtx.hgr,no,no,1,4,0.03,0.0245023,1.59936,cut,2370,2228,no
rKaHyPar,Ill_Stokes.mtx.hgr,no,no,2,4,0.03,0.0214395,1.91959,cut,2456,2356,no
rKaHyPar,Ill_Stokes.mtx.hgr,no,no,3,4,0.03,0.0158882,1.83611,cut,2303,2186,no
rKaHyPar,Ill_Stokes.mtx.hgr,no,no,4,4,0.03,0.0137825,1.77256,cut,2272,2168,no
rKaHyPar,Ill_Stokes.mtx.hgr,no,no,5,4,0.03,0.012634,1.74993,cut,2325,2188,no
rKaHyPar,Ill_Stokes.mtx.hgr,no,no,6,4,0.03,0.0145482,1.89765,cut,2299,2188,no
rKaHyPar,Ill_Stokes.mtx.hgr,no,no,7,4,0.03,0.0145482,1.69766,cut,2328,2204,no
rKaHyPar,Ill_Stokes.mtx.hgr,no,no,8,4,0.03,0.0145482,1.75649,cut,2305,2188,no
rKaHyPar,Ill_Stokes.mtx.hgr,no,no,9,4,0.03,0.012634,1.67585,cut,2313,2196,no
rKaHyPar,Ill_Stokes.mtx.hgr,no,no,0,64,0.03,0.0275229,7.93196,cut,13270,8968,no
rKaHyPar,Ill_Stokes.mtx.hgr,no,no,1,64,0.03,0.0275229,5.95746,cut,13351,8981,no
rKaHyPar,Ill_Stokes.mtx.hgr,no,no,2,64,0.03,0.0275229,5.84715,cut,13551,8929,no
rKaHyPar,Ill_Stokes.mtx.hgr,no,no,3,64,0.03,0.0275229,5.83486,cut,13556,9028,no
rKaHyPar,Ill_Stokes.mtx.hgr,no,no,4,64,0.03,0.0275229,5.83288,cut,13279,9028,no
rKaHyPar,Ill_Stokes.mtx.hgr,no,no,5,64,0.03,0.0275229,5.91277,cut,13222,8971,no
rKaHyPar,Ill_Stokes.mtx.hgr,no,no,6,64,0.03,0.0275229,7.96563,cut,13215,9037,no
rKaHyPar,Ill_Stokes.mtx.hgr,no,no,7,64,0.03,0.0275229,8.22964,cut,13388,9058,no
rKaHyPar,Ill_Stokes.mtx.hgr,no,no,8,64,0.03,0.0275229,5.88683,cut,13447,8946,no
rKaHyPar,Ill_Stokes.mtx.hgr,no,no,9,64,0.03,0.0275229,6.00273,cut,13092,8956,no
rKaHyPar,Ill_Stokes.mtx.hgr,no,no,0,8,0.03,0.00918836,2.20522,cut,4006,3580,no
rKaHyPar,Ill_Stokes.mtx.hgr,no,no,1,8,0.03,0.0225881,2.22463,cut,4046,3604,no
rKaHyPar,Ill_Stokes.mtx.hgr,no,no,2,8,0.03,0.0264165,2.17067,cut,4098,3624,no
rKaHyPar,Ill_Stokes.mtx.hgr,no,no,3,8,0.03,0.0298622,3.07269,cut,4100,3583,no
rKaHyPar,Ill_Stokes.mtx.hgr,no,no,4,8,0.03,0.00803982,2.32469,cut,4100,3624,no
rKaHyPar,Ill_Stokes.mtx.hgr,no,no,5,8,0.03,0.0290965,2.28117,cut,4119,3584,no
rKaHyPar,Ill_Stokes.mtx.hgr,no,no,6,8,0.03,0.0153139,3.03933,cut,4084,3604,no
rKaHyPar,Ill_Stokes.mtx.hgr,no,no,7,8,0.03,0.0271822,2.23529,cut,4196,3736,no
rKaHyPar,Ill_Stokes.mtx.hgr,no,no,8,8,0.03,0.00229709,2.17563,cut,3974,3552,no
rKaHyPar,Ill_Stokes.mtx.hgr,no,no,9,8,0.03,0.0294793,2.2066,cut,4065,3568,no
rKaHyPar,image_interp.mtx.hgr,no,no,0,128,0.03,0.0277186,21.3154,cut,13027,12535,no
rKaHyPar,image_interp.mtx.hgr,no,no,1,128,0.03,0.0298507,28.8804,cut,13160,12632,no
rKaHyPar,image_interp.mtx.hgr,no,no,2,128,0.03,0.0287846,29.0688,cut,13073,12564,no
rKaHyPar,image_interp.mtx.hgr,no,no,3,128,0.03,0.0298507,21.3747,cut,12842,12329,no
rKaHyPar,image_interp.mtx.hgr,no,no,4,128,0.03,0.0298507,21.467,cut,12926,12405,no
rKaHyPar,image_interp.mtx.hgr,no,no,5,128,0.03,0.0298507,29.6144,cut,12934,12426,no
rKaHyPar,image_interp.mtx.hgr,no,no,6,128,0.03,0.0298507,29.2045,cut,12714,12205,no
rKaHyPar,image_interp.mtx.hgr,no,no,7,128,0.03,0.0287846,21.2915,cut,12974,12472,no
rKaHyPar,image_interp.mtx.hgr,no,no,8,128,0.03,0.0287846,29.3593,cut,12561,12058,no
rKaHyPar,image_interp.mtx.hgr,no,no,9,128,0.03,0.0287846,21.3663,cut,13166,12646,no
rKaHyPar,image_interp.mtx.hgr,no,no,0,16,0.03,0.0252,11.605,cut,4525,4472,no
rKaHyPar,image_interp.mtx.hgr,no,no,1,16,0.03,0.0294667,16.2301,cut,4421,4367,no
rKaHyPar,image_interp.mtx.hgr,no,no,2,16,0.03,0.0244,15.6019,cut,4539,4474,no
rKaHyPar,image_interp.mtx.hgr,no,no,3,16,0.03,0.0262667,15.4819,cut,4561,4505,no
rKaHyPar,image_interp.mtx.hgr,no,no,4,16,0.03,0.0289333,16.3559,cut,4477,4422,no
rKaHyPar,image_interp.mtx.hgr,no,no,5,16,0.03,0.0290667,11.9215,cut,4428,4376,no
rKaHyPar,image_interp.mtx.hgr,no,no,6,16,0.03,0.0292,11.764,cut,4488,4436,no
rKaHyPar,image_interp.mtx.hgr,no,no,7,16,0.03,0.0293333,16.5089,cut,4544,4492,no
rKaHyPar,image_interp.mtx.hgr,no,no,8,16,0.03,0.0258667,11.6222,cut,4484,4426,no
rKaHyPar,image_interp.mtx.hgr,no,no,9,16,0.03,0.0277333,11.9484,cut,4476,4420,no
rKaHyPar,image_interp.mtx.hgr,no,no,0,2,0.03,0,6.5842,cut,800,800,no
rKaHyPar,image_interp.mtx.hgr,no,no,1,2,0.03,0,4.87469,cut,800,800,no
rKaHyPar,image_interp.mtx.hgr,no,no,2,2,0.03,0,6.68919,cut,800,800,no
rKaHyPar,image_interp.mtx.hgr,no,no,3,2,0.03,0,4.86181,cut,800,800,no
rKaHyPar,image_interp.mtx.hgr,no,no,4,2,0.03,0,6.62671,cut,800,800,no
rKaHyPar,image_interp.mtx.hgr,no,no,5,2,0.03,0,6.87612,cut,800,800,no
rKaHyPar,image_interp.mtx.hgr,no,no,6,2,0.03,0,4.85725,cut,800,800,no
rKaHyPar,image_interp.mtx.hgr,no,no,7,2,0.03,0,4.99065,cut,800,800,no
rKaHyPar,image_interp.mtx.hgr,no,no,8,2,0.03,0,4.91114,cut,800,800,no
rKaHyPar,image_interp.mtx.hgr,no,no,9,2,0.03,0,4.83514,cut,800,800,no
rKaHyPar,image_interp.mtx.hgr,no,no,0,32,0.03,0.0272,13.7159,cut,6459,6342,no
rKaHyPar,image_interp.mtx.hgr,no,no,1,32,0.03,0.0288,14.1054,cut,6352,6235,no
rKaHyPar,image_interp.mtx.hgr,no,no,2,32,0.03,0.0277333,13.6137,cut,6345,6237,no
rKaHyPar,image_interp.mtx.hgr,no,no,3,32,0.03,0.0282667,13.5154,cut,6548,6434,no
rKaHyPar,image_interp.mtx.hgr,no,no,4,32,0.03,0.0298667,18.3365,cut,6570,6459,no
rKaHyPar,image_interp.mtx.hgr,no,no,5,32,0.03,0.0293333,14.2064,cut,6403,6285,no
rKaHyPar,image_interp.mtx.hgr,no,no,6,32,0.03,0.0288,13.5879,cut,6462,6342,no
rKaHyPar,image_interp.mtx.hgr,no,no,7,32,0.03,0.0288,19.1548,cut,6473,6366,no
rKaHyPar,image_interp.mtx.hgr,no,no,8,32,0.03,0.0293333,18.6876,cut,6461,6356,no
rKaHyPar,image_interp.mtx.hgr,no,no,9,32,0.03,0.0282667,13.9923,cut,6429,6316,no
rKaHyPar,image_interp.mtx.hgr,no,no,0,4,0.03,0,10.0812,cut,1959,1949,no
rKaHyPar,image_interp.mtx.hgr,no,no,1,4,0.03,0.0257,9.10695,cut,1900,1891,no
rKaHyPar,image_interp.mtx.hgr,no,no,2,4,0.03,0,8.07918,cut,1939,1929,no
rKaHyPar,image_interp.mtx.hgr,no,no,3,4,0.03,0,10.0065,cut,1924,1916,no
rKaHyPar,image_interp.mtx.hgr,no,no,4,4,0.03,0,7.81197,cut,1924,1915,no
rKaHyPar,image_interp.mtx.hgr,no,no,5,4,0.03,0,7.37189,cut,1927,1919,no
rKaHyPar,image_interp.mtx.hgr,no,no,6,4,0.03,0.0226333,11.4199,cut,1904,1894,no
rKaHyPar,image_interp.mtx.hgr,no,no,7,4,0.03,0,7.1541,cut,1939,1930,no
rKaHyPar,image_interp.mtx.hgr,no,no,8,4,0.03,0,7.54659,cut,1923,1915,no
rKaHyPar,image_interp.mtx.hgr,no,no,9,4,0.03,0.0275333,8.54709,cut,1914,1905,no
rKaHyPar,image_interp.mtx.hgr,no,no,0,64,0.03,0.0298667,22.6513,cut,9004,8765,no
rKaHyPar,image_interp.mtx.hgr,no,no,1,64,0.03,0.0282667,16.6355,cut,8997,8756,no
rKaHyPar,image_interp.mtx.hgr,no,no,2,64,0.03,0.0298667,16.6103,cut,9434,9165,no
rKaHyPar,image_interp.mtx.hgr,no,no,3,64,0.03,0.0293333,16.607,cut,9216,8958,no
rKaHyPar,image_interp.mtx.hgr,no,no,4,64,0.03,0.0298667,22.4301,cut,9465,9218,no
rKaHyPar,image_interp.mtx.hgr,no,no,5,64,0.03,0.0293333,16.8137,cut,8960,8724,no
rKaHyPar,image_interp.mtx.hgr,no,no,6,64,0.03,0.0298667,22.9184,cut,9051,8804,no
rKaHyPar,image_interp.mtx.hgr,no,no,7,64,0.03,0.0298667,23.072,cut,9244,9001,no
rKaHyPar,image_interp.mtx.hgr,no,no,8,64,0.03,0.0298667,17.0379,cut,9069,8839,no
rKaHyPar,image_interp.mtx.hgr,no,no,9,64,0.03,0.0298667,16.9243,cut,9049,8804,no
rKaHyPar,image_interp.mtx.hgr,no,no,0,8,0.03,0,12.9049,cut,3097,3078,no
rKaHyPar,image_interp.mtx.hgr,no,no,1,8,0.03,0.0252667,10.3377,cut,3060,3039,no
rKaHyPar,image_interp.mtx.hgr,no,no,2,8,0.03,0,8.84634,cut,3131,3111,no
rKaHyPar,image_interp.mtx.hgr,no,no,3,8,0.03,0.0284667,13.9686,cut,3049,3031,no
rKaHyPar,image_interp.mtx.hgr,no,no,4,8,0.03,0.0264667,10.5068,cut,3017,2995,no
rKaHyPar,image_interp.mtx.hgr,no,no,5,8,0.03,0.00606667,9.38709,cut,3130,3109,no
rKaHyPar,image_interp.mtx.hgr,no,no,6,8,0.03,0.0209333,14.5977,cut,3036,3017,no
rKaHyPar,image_interp.mtx.hgr,no,no,7,8,0.03,0.0240667,9.30604,cut,3115,3095,no
rKaHyPar,image_interp.mtx.hgr,no,no,8,8,0.03,0.0193333,9.75217,cut,3090,3068,no
rKaHyPar,image_interp.mtx.hgr,no,no,9,8,0.03,0.025,9.86277,cut,3092,3070,no
rKaHyPar,IMDB.mtx.hgr,no,no,0,128,0.03,0.0299871,732.656,cut,778440,118451,no
rKaHyPar,IMDB.mtx.hgr,no,no,1,128,0.03,0.0299871,827.3,cut,780459,117953,no
rKaHyPar,IMDB.mtx.hgr,no,no,2,128,0.03,0.0299871,654.754,cut,780540,117958,no
rKaHyPar,IMDB.mtx.hgr,no,no,3,128,0.03,0.0299871,646.494,cut,784365,117789,no
rKaHyPar,IMDB.mtx.hgr,no,no,4,128,0.03,0.0299871,581.43,cut,748780,117441,no
rKaHyPar,IMDB.mtx.hgr,no,no,5,128,0.03,0.0299871,671.439,cut,771577,118251,no
rKaHyPar,IMDB.mtx.hgr,no,no,6,128,0.03,0.0299871,811.93,cut,774387,117479,no
rKaHyPar,IMDB.mtx.hgr,no,no,7,128,0.03,0.0299871,814.112,cut,769617,117871,no
rKaHyPar,IMDB.mtx.hgr,no,no,8,128,0.03,0.0299871,676.516,cut,778207,118101,no
rKaHyPar,IMDB.mtx.hgr,no,no,9,128,0.03,0.0299871,677.669,cut,777884,118560,no
rKaHyPar,IMDB.mtx.hgr,no,no,0,16,0.03,0.0299536,555.096,cut,225078,64610,no
rKaHyPar,IMDB.mtx.hgr,no,no,1,16,0.03,0.0295252,681.358,cut,231323,66797,no
rKaHyPar,IMDB.mtx.hgr,no,no,2,16,0.03,0.0299357,584.754,cut,219061,64759,no
rKaHyPar,IMDB.mtx.hgr,no,no,3,16,0.03,0.0297929,672.509,cut,222340,65922,no
rKaHyPar,IMDB.mtx.hgr,no,no,4,16,0.03,0.0299357,609.157,cut,221970,64974,no
rKaHyPar,IMDB.mtx.hgr,no,no,5,16,0.03,0.0296323,507.259,cut,224250,65661,no
rKaHyPar,IMDB.mtx.hgr,no,no,6,16,0.03,0.0299179,565.838,cut,220218,65495,no
rKaHyPar,IMDB.mtx.hgr,no,no,7,16,0.03,0.0299536,723.648,cut,220192,65105,no
rKaHyPar,IMDB.mtx.hgr,no,no,8,16,0.03,0.0299536,713.682,cut,221330,64154,no
rKaHyPar,IMDB.mtx.hgr,no,no,9,16,0.03,0.0299536,476.804,cut,216434,64612,no
rKaHyPar,IMDB.mtx.hgr,no,no,0,2,0.03,0,312.699,cut,24079,24079,no
rKaHyPar,IMDB.mtx.hgr,no,no,1,2,0.03,0,247.422,cut,23759,23759,no
rKaHyPar,IMDB.mtx.hgr,no,no,2,2,0.03,0,255.406,cut,24054,24054,no
rKaHyPar,IMDB.mtx.hgr,no,no,3,2,0.03,0,254.561,cut,23758,23758,no
rKaHyPar,IMDB.mtx.hgr,no,no,4,2,0.03,0,319.16,cut,23755,23755,no
rKaHyPar,IMDB.mtx.hgr,no,no,5,2,0.03,0,233.612,cut,21444,21444,no
rKaHyPar,IMDB.mtx.hgr,no,no,6,2,0.03,0,263.358,cut,24141,24141,no
rKaHyPar,IMDB.mtx.hgr,no,no,7,2,0.03,0,232.292,cut,21446,21446,no
rKaHyPar,IMDB.mtx.hgr,no,no,8,2,0.03,0,324.778,cut,23766,23766,no
rKaHyPar,IMDB.mtx.hgr,no,no,9,2,0.03,0,215.953,cut,21506,21506,no
rKaHyPar,IMDB.mtx.hgr,no,no,0,32,0.03,0.0299893,572.334,cut,355032,77702,no
rKaHyPar,IMDB.mtx.hgr,no,no,1,32,0.03,0.0299893,532.72,cut,349268,78196,no
rKaHyPar,IMDB.mtx.hgr,no,no,2,32,0.03,0.0299893,644.219,cut,358079,77654,no
rKaHyPar,IMDB.mtx.hgr,no,no,3,32,0.03,0.0299893,637.369,cut,350644,77240,no
rKaHyPar,IMDB.mtx.hgr,no,no,4,32,0.03,0.0299893,524.767,cut,349673,79132,no
rKaHyPar,IMDB.mtx.hgr,no,no,5,32,0.03,0.0299893,534.756,cut,350132,77167,no
rKaHyPar,IMDB.mtx.hgr,no,no,6,32,0.03,0.0299893,581.351,cut,356597,78050,no
rKaHyPar,IMDB.mtx.hgr,no,no,7,32,0.03,0.0299179,538.857,cut,346969,77841,no
rKaHyPar,IMDB.mtx.hgr,no,no,8,32,0.03,0.0299536,694.106,cut,346822,78010,no
rKaHyPar,IMDB.mtx.hgr,no,no,9,32,0.03,0.0299893,639.582,cut,365752,78385,no
rKaHyPar,IMDB.mtx.hgr,no,no,0,4,0.03,0.0201002,806.472,cut,69852,45317,no
rKaHyPar,IMDB.mtx.hgr,no,no,1,4,0.03,0.0299986,934.658,cut,63791,37811,no
rKaHyPar,IMDB.mtx.hgr,no,no,2,4,0.03,0.0299942,1009.48,cut,63591,37468,no
rKaHyPar,IMDB.mtx.hgr,no,no,3,4,0.03,0.0299986,990.859,cut,77785,41209,no
rKaHyPar,IMDB.mtx.hgr,no,no,4,4,0.03,0.0299942,1087.24,cut,59535,36230,no
rKaHyPar,IMDB.mtx.hgr,no,no,5,4,0.03,0.0298558,590.72,cut,68929,44181,no
rKaHyPar,IMDB.mtx.hgr,no,no,6,4,0.03,0.0156107,763.004,cut,68818,44558,no
rKaHyPar,IMDB.mtx.hgr,no,no,7,4,0.03,0.0299986,800.042,cut,59295,36322,no
rKaHyPar,IMDB.mtx.hgr,no,no,8,4,0.03,0.0299942,994.695,cut,62192,37307,no
rKaHyPar,IMDB.mtx.hgr,no,no,9,4,0.03,0.0299986,834.162,cut,64892,39194,no
rKaHyPar,IMDB.mtx.hgr,no,no,0,64,0.03,0.0299893,669.427,cut,548692,97686,no
rKaHyPar,IMDB.mtx.hgr,no,no,1,64,0.03,0.0299893,563.079,cut,526395,98055,no
rKaHyPar,IMDB.mtx.hgr,no,no,2,64,0.03,0.0299893,620.397,cut,544075,97882,no
rKaHyPar,IMDB.mtx.hgr,no,no,3,64,0.03,0.0299893,656.201,cut,538465,97712,no
rKaHyPar,IMDB.mtx.hgr,no,no,4,64,0.03,0.0299893,626.726,cut,537848,97859,no
rKaHyPar,IMDB.mtx.hgr,no,no,5,64,0.03,0.0299893,577.876,cut,542596,97663,no
rKaHyPar,IMDB.mtx.hgr,no,no,6,64,0.03,0.0299893,709.057,cut,530621,97678,no
rKaHyPar,IMDB.mtx.hgr,no,no,7,64,0.03,0.0299893,736.556,cut,522934,97869,no
rKaHyPar,IMDB.mtx.hgr,no,no,8,64,0.03,0.0299893,545.684,cut,538788,97981,no
rKaHyPar,IMDB.mtx.hgr,no,no,9,64,0.03,0.0299893,635.394,cut,554774,97705,no
rKaHyPar,IMDB.mtx.hgr,no,no,0,8,0.03,0.0148877,723.658,cut,125036,54290,no
rKaHyPar,IMDB.mtx.hgr,no,no,1,8,0.03,0.0148877,606.421,cut,129724,55031,no
rKaHyPar,IMDB.mtx.hgr,no,no,2,8,0.03,0.0148787,655.602,cut,132080,55200,no
rKaHyPar,IMDB.mtx.hgr,no,no,3,8,0.03,0.0299182,622.888,cut,131830,53311,no
rKaHyPar,IMDB.mtx.hgr,no,no,4,8,0.03,0.0299182,494.302,cut,131476,53806,no
rKaHyPar,IMDB.mtx.hgr,no,no,5,8,0.03,0.0294719,573.15,cut,127825,54403,no
rKaHyPar,IMDB.mtx.hgr,no,no,6,8,0.03,0.0297307,539.977,cut,126169,53761,no
rKaHyPar,IMDB.mtx.hgr,no,no,7,8,0.03,0.0148787,622.963,cut,130149,55695,no
rKaHyPar,IMDB.mtx.hgr,no,no,8,8,0.03,0.0148073,599.402,cut,127044,55259,no
rKaHyPar,IMDB.mtx.hgr,no,no,9,8,0.03,0.0298735,570.508,cut,126948,54312,no
rKaHyPar,ISPD98_ibm01.hgr,no,no,0,128,0.03,0.03,4.60539,cut,6002,2910,no
rKaHyPar,ISPD98_ibm01.hgr,no,no,1,128,0.03,0.03,6.56179,cut,5933,2961,no
rKaHyPar,ISPD98_ibm01.hgr,no,no,2,128,0.03,0.03,4.69682,cut,6159,2935,no
rKaHyPar,ISPD98_ibm01.hgr,no,no,3,128,0.03,0.03,4.61463,cut,6057,2922,no
rKaHyPar,ISPD98_ibm01.hgr,no,no,4,128,0.03,0.03,4.64041,cut,6082,2925,no
rKaHyPar,ISPD98_ibm01.hgr,no,no,5,128,0.03,0.03,4.68419,cut,6081,2927,no
rKaHyPar,ISPD98_ibm01.hgr,no,no,6,128,0.03,0.03,6.37474,cut,6002,2920,no
rKaHyPar,ISPD98_ibm01.hgr,no,no,7,128,0.03,0.03,4.81824,cut,6035,2903,no
rKaHyPar,ISPD98_ibm01.hgr,no,no,8,128,0.03,0.03,6.29125,cut,6105,2920,no
rKaHyPar,ISPD98_ibm01.hgr,no,no,9,128,0.03,0.03,4.63172,cut,6114,2937,no
rKaHyPar,ISPD98_ibm01.hgr,no,no,0,16,0.03,0.0276035,1.59021,cut,1802,1292,no
rKaHyPar,ISPD98_ibm01.hgr,no,no,1,16,0.03,0.0288582,2.06823,cut,1789,1305,no
rKaHyPar,ISPD98_ibm01.hgr,no,no,2,16,0.03,0.0263488,1.61592,cut,1679,1257,no
rKaHyPar,ISPD98_ibm01.hgr,no,no,3,16,0.03,0.0276035,2.09247,cut,1702,1296,no
rKaHyPar,ISPD98_ibm01.hgr,no,no,4,16,0.03,0.0250941,2.10721,cut,1769,1280,no
rKaHyPar,ISPD98_ibm01.hgr,no,no,5,16,0.03,0.0188206,1.60517,cut,1774,1286,no
rKaHyPar,ISPD98_ibm01.hgr,no,no,6,16,0.03,0.0288582,1.62488,cut,1715,1277,no
rKaHyPar,ISPD98_ibm01.hgr,no,no,7,16,0.03,0.0225847,2.17146,cut,1770,1289,no
rKaHyPar,ISPD98_ibm01.hgr,no,no,8,16,0.03,0.0238394,2.17608,cut,1726,1273,no
rKaHyPar,ISPD98_ibm01.hgr,no,no,9,16,0.03,0.0288582,1.57615,cut,1801,1293,no
rKaHyPar,ISPD98_ibm01.hgr,no,no,0,2,0.03,0.0276035,0.551335,cut,202,202,no
rKaHyPar,ISPD98_ibm01.hgr,no,no,1,2,0.03,0.0294856,0.436417,cut,207,207,no
rKaHyPar,ISPD98_ibm01.hgr,no,no,2,2,0.03,0.0276035,0.458785,cut,202,202,no
rKaHyPar,ISPD98_ibm01.hgr,no,no,3,2,0.03,0.0276035,0.438514,cut,202,202,no
rKaHyPar,ISPD98_ibm01.hgr,no,no,4,2,0.03,0.0276035,0.580266,cut,202,202,no
rKaHyPar,ISPD98_ibm01.hgr,no,no,5,2,0.03,0.0276035,0.431901,cut,202,202,no
rKaHyPar,ISPD98_ibm01.hgr,no,no,6,2,0.03,0.0276035,0.412075,cut,202,202,no
rKaHyPar,ISPD98_ibm01.hgr,no,no,7,2,0.03,0.0294856,0.493764,cut,207,207,no
rKaHyPar,ISPD98_ibm01.hgr,no,no,8,2,0.03,0.0294856,0.626974,cut,207,207,no
rKaHyPar,ISPD98_ibm01.hgr,no,no,9,2,0.03,0.0276035,0.423605,cut,202,202,no
rKaHyPar,ISPD98_ibm01.hgr,no,no,0,32,0.03,0.0200501,2.17809,cut,2700,1725,no
rKaHyPar,ISPD98_ibm01.hgr,no,no,1,32,0.03,0.0275689,2.15283,cut,2733,1726,no
rKaHyPar,ISPD98_ibm01.hgr,no,no,2,32,0.03,0.0275689,2.16005,cut,2632,1683,no
rKaHyPar,ISPD98_ibm01.hgr,no,no,3,32,0.03,0.0275689,2.14876,cut,2733,1706,no
rKaHyPar,ISPD98_ibm01.hgr,no,no,4,32,0.03,0.0275689,2.23109,cut,2622,1696,no
rKaHyPar,ISPD98_ibm01.hgr,no,no,5,32,0.03,0.0275689,2.31852,cut,2752,1725,no
rKaHyPar,ISPD98_ibm01.hgr,no,no,6,32,0.03,0.0275689,2.18164,cut,2714,1723,no
rKaHyPar,ISPD98_ibm01.hgr,no,no,7,32,0.03,0.0250627,2.27773,cut,2681,1663,no
rKaHyPar,ISPD98_ibm01.hgr,no,no,8,32,0.03,0.0275689,3.09281,cut,2591,1760,no
rKaHyPar,ISPD98_ibm01.hgr,no,no,9,32,0.03,0.0275689,2.27185,cut,2676,1696,no
rKaHyPar,ISPD98_ibm01.hgr,no,no,0,4,0.03,0.0291719,1.08759,cut,575,540,no
rKaHyPar,ISPD98_ibm01.hgr,no,no,1,4,0.03,0.0291719,0.76843,cut,597,549,no
rKaHyPar,ISPD98_ibm01.hgr,no,no,2,4,0.03,0.0163112,0.718907,cut,527,504,no
rKaHyPar,ISPD98_ibm01.hgr,no,no,3,4,0.03,0.0194479,1.01678,cut,591,560,no
rKaHyPar,ISPD98_ibm01.hgr,no,no,4,4,0.03,0.0279172,0.984862,cut,525,499,no
rKaHyPar,ISPD98_ibm01.hgr,no,no,5,4,0.03,0.0147428,0.700213,cut,579,546,no
rKaHyPar,ISPD98_ibm01.hgr,no,no,6,4,0.03,0.0263488,1.04446,cut,604,573,no
rKaHyPar,ISPD98_ibm01.hgr,no,no,7,4,0.03,0.0247804,0.729203,cut,525,500,no
rKaHyPar,ISPD98_ibm01.hgr,no,no,8,4,0.03,0.0288582,0.811981,cut,574,542,no
rKaHyPar,ISPD98_ibm01.hgr,no,no,9,4,0.03,0.0250941,0.771947,cut,596,571,no
rKaHyPar,ISPD98_ibm01.hgr,no,no,0,64,0.03,0.03,3.2932,cut,4123,2273,no
rKaHyPar,ISPD98_ibm01.hgr,no,no,1,64,0.03,0.025,3.42483,cut,4045,2287,no
rKaHyPar,ISPD98_ibm01.hgr,no,no,2,64,0.03,0.03,3.34834,cut,4028,2253,no
rKaHyPar,ISPD98_ibm01.hgr,no,no,3,64,0.03,0.025,3.41843,cut,4041,2284,no
rKaHyPar,ISPD98_ibm01.hgr,no,no,4,64,0.03,0.03,4.5237,cut,4039,2265,no
rKaHyPar,ISPD98_ibm01.hgr,no,no,5,64,0.03,0.025,3.43308,cut,4042,2252,no
rKaHyPar,ISPD98_ibm01.hgr,no,no,6,64,0.03,0.025,4.48919,cut,4153,2251,no
rKaHyPar,ISPD98_ibm01.hgr,no,no,7,64,0.03,0.025,4.63907,cut,4121,2251,no
rKaHyPar,ISPD98_ibm01.hgr,no,no,8,64,0.03,0.03,3.35834,cut,4026,2256,no
rKaHyPar,ISPD98_ibm01.hgr,no,no,9,64,0.03,0.03,3.32908,cut,4119,2252,no
rKaHyPar,ISPD98_ibm01.hgr,no,no,0,8,0.03,0.0269762,1.10986,cut,1015,865,no
rKaHyPar,ISPD98_ibm01.hgr,no,no,1,8,0.03,0.0288582,1.11038,cut,1007,828,no
rKaHyPar,ISPD98_ibm01.hgr,no,no,2,8,0.03,0.0263488,1.115,cut,964,828,no
rKaHyPar,ISPD98_ibm01.hgr,no,no,3,8,0.03,0.0288582,1.49679,cut,996,853,no
rKaHyPar,ISPD98_ibm01.hgr,no,no,4,8,0.03,0.0294856,1.1292,cut,967,840,no
rKaHyPar,ISPD98_ibm01.hgr,no,no,5,8,0.03,0.0288582,1.15477,cut,957,800,no
rKaHyPar,ISPD98_ibm01.hgr,no,no,6,8,0.03,0.0276035,1.15833,cut,985,843,no
rKaHyPar,ISPD98_ibm01.hgr,no,no,7,8,0.03,0.0282309,1.10612,cut,1003,847,no
rKaHyPar,ISPD98_ibm01.hgr,no,no,8,8,0.03,0.0269762,1.1266,cut,1022,845,no
rKaHyPar,ISPD98_ibm01.hgr,no,no,9,8,0.03,0.0269762,1.06303,cut,959,844,no
rKaHyPar,ISPD98_ibm02.hgr,no,no,0,128,0.03,0.025974,6.12547,cut,17260,6025,no
rKaHyPar,ISPD98_ibm02.hgr,no,no,1,128,0.03,0.025974,6.07452,cut,17778,6041,no
rKaHyPar,ISPD98_ibm02.hgr,no,no,2,128,0.03,0.025974,6.05738,cut,17352,6082,no
rKaHyPar,ISPD98_ibm02.hgr,no,no,3,128,0.03,0.025974,6.12612,cut,17619,6123,no
rKaHyPar,ISPD98_ibm02.hgr,no,no,4,128,0.03,0.025974,8.41707,cut,17583,6046,no
rKaHyPar,ISPD98_ibm02.hgr,no,no,5,128,0.03,0.025974,6.08821,cut,16846,6034,no
rKaHyPar,ISPD98_ibm02.hgr,no,no,6,128,0.03,0.0194805,8.38951,cut,17449,6079,no
rKaHyPar,ISPD98_ibm02.hgr,no,no,7,128,0.03,0.025974,6.12069,cut,17538,6014,no
rKaHyPar,ISPD98_ibm02.hgr,no,no,8,128,0.03,0.025974,6.0643,cut,17378,6027,no
rKaHyPar,ISPD98_ibm02.hgr,no,no,9,128,0.03,0.025974,6.34231,cut,17114,6058,no
rKaHyPar,ISPD98_ibm02.hgr,no,no,0,16,0.03,0.0293638,3.1633,cut,5033,3427,no
rKaHyPar,ISPD98_ibm02.hgr,no,no,1,16,0.03,0.0277325,3.94507,cut,4542,3424,no
rKaHyPar,ISPD98_ibm02.hgr,no,no,2,16,0.03,0.0277325,3.11912,cut,4513,3423,no
rKaHyPar,ISPD98_ibm02.hgr,no,no,3,16,0.03,0.0285481,3.88429,cut,5065,3549,no
rKaHyPar,ISPD98_ibm02.hgr,no,no,4,16,0.03,0.0277325,2.8247,cut,4491,3412,no
rKaHyPar,ISPD98_ibm02.hgr,no,no,5,16,0.03,0.0293638,2.73519,cut,4589,3377,no
rKaHyPar,ISPD98_ibm02.hgr,no,no,6,16,0.03,0.0285481,2.90663,cut,4707,3403,no
rKaHyPar,ISPD98_ibm02.hgr,no,no,7,16,0.03,0.0277325,4.19418,cut,4742,3491,no
rKaHyPar,ISPD98_ibm02.hgr,no,no,8,16,0.03,0.0252855,3.8809,cut,4541,3386,no
rKaHyPar,ISPD98_ibm02.hgr,no,no,9,16,0.03,0.0293638,2.80203,cut,4675,3368,no
rKaHyPar,ISPD98_ibm02.hgr,no,no,0,2,0.03,0.00520355,1.00426,cut,350,350,no
rKaHyPar,ISPD98_ibm02.hgr,no,no,1,2,0.03,0.00520355,1.00494,cut,350,350,no
rKaHyPar,ISPD98_ibm02.hgr,no,no,2,2,0.03,0.00520355,0.721598,cut,350,350,no
rKaHyPar,ISPD98_ibm02.hgr,no,no,3,2,0.03,0.0298949,1.03726,cut,352,352,no
rKaHyPar,ISPD98_ibm02.hgr,no,no,4,2,0.03,0.00520355,0.777445,cut,350,350,no
rKaHyPar,ISPD98_ibm02.hgr,no,no,5,2,0.03,0.00877461,0.754514,cut,350,350,no
rKaHyPar,ISPD98_ibm02.hgr,no,no,6,2,0.03,0.00520355,0.771451,cut,350,350,no
rKaHyPar,ISPD98_ibm02.hgr,no,no,7,2,0.03,0.00520355,1.00469,cut,350,350,no
rKaHyPar,ISPD98_ibm02.hgr,no,no,8,2,0.03,0.00520355,0.974879,cut,350,350,no
rKaHyPar,ISPD98_ibm02.hgr,no,no,9,2,0.03,0.0291807,0.954567,cut,340,340,no
rKaHyPar,ISPD98_ibm02.hgr,no,no,0,32,0.03,0.0293638,4.98203,cut,8273,4439,no
rKaHyPar,ISPD98_ibm02.hgr,no,no,1,32,0.03,0.0293638,3.57399,cut,8431,4340,no
rKaHyPar,ISPD98_ibm02.hgr,no,no,2,32,0.03,0.0293638,3.48153,cut,8467,4404,no
rKaHyPar,ISPD98_ibm02.hgr,no,no,3,32,0.03,0.0293638,3.87331,cut,8326,4430,no
rKaHyPar,ISPD98_ibm02.hgr,no,no,4,32,0.03,0.0277325,3.52198,cut,8291,4423,no
rKaHyPar,ISPD98_ibm02.hgr,no,no,5,32,0.03,0.0293638,3.47342,cut,8404,4431,no
rKaHyPar,ISPD98_ibm02.hgr,no,no,6,32,0.03,0.0293638,4.87937,cut,8377,4485,no
rKaHyPar,ISPD98_ibm02.hgr,no,no,7,32,0.03,0.0293638,3.58012,cut,8296,4365,no
rKaHyPar,ISPD98_ibm02.hgr,no,no,8,32,0.03,0.0293638,4.81111,cut,8266,4399,no
rKaHyPar,ISPD98_ibm02.hgr,no,no,9,32,0.03,0.0277325,3.52572,cut,8366,4406,no
rKaHyPar,ISPD98_ibm02.hgr,no,no,0,4,0.03,0.0297898,2.2833,cut,898,834,no
rKaHyPar,ISPD98_ibm02.hgr,no,no,1,4,0.03,0.0299939,1.62959,cut,889,835,no
rKaHyPar,ISPD98_ibm02.hgr,no,no,2,4,0.03,0.0291777,1.64995,cut,923,855,no
rKaHyPar,ISPD98_ibm02.hgr,no,no,3,4,0.03,0.0165272,1.42526,cut,850,716,no
rKaHyPar,ISPD98_ibm02.hgr,no,no,4,4,0.03,0.025505,2.34854,cut,905,856,no
rKaHyPar,ISPD98_ibm02.hgr,no,no,5,4,0.03,0.025505,1.56319,cut,905,860,no
rKaHyPar,ISPD98_ibm02.hgr,no,no,6,4,0.03,0.0183636,1.74251,cut,910,856,no
rKaHyPar,ISPD98_ibm02.hgr,no,no,7,4,0.03,0.0299939,1.69642,cut,952,855,no
rKaHyPar,ISPD98_ibm02.hgr,no,no,8,4,0.03,0.025505,1.73693,cut,906,856,no
rKaHyPar,ISPD98_ibm02.hgr,no,no,9,4,0.03,0.0299939,1.95984,cut,787,686,no
rKaHyPar,ISPD98_ibm02.hgr,no,no,0,64,0.03,0.029316,4.47952,cut,12293,5280,no
rKaHyPar,ISPD98_ibm02.hgr,no,no,1,64,0.03,0.0260586,4.52006,cut,12664,5314,no
rKaHyPar,ISPD98_ibm02.hgr,no,no,2,64,0.03,0.029316,4.50308,cut,12364,5334,no
rKaHyPar,ISPD98_ibm02.hgr,no,no,3,64,0.03,0.029316,4.76851,cut,12888,5327,no
rKaHyPar,ISPD98_ibm02.hgr,no,no,4,64,0.03,0.0260586,4.52155,cut,12352,5275,no
rKaHyPar,ISPD98_ibm02.hgr,no,no,5,64,0.03,0.029316,6.30229,cut,12789,5285,no
rKaHyPar,ISPD98_ibm02.hgr,no,no,6,64,0.03,0.0228013,6.36069,cut,12790,5312,no
rKaHyPar,ISPD98_ibm02.hgr,no,no,7,64,0.03,0.0260586,6.18841,cut,12228,5329,no
rKaHyPar,ISPD98_ibm02.hgr,no,no,8,64,0.03,0.029316,6.27889,cut,12653,5302,no
rKaHyPar,ISPD98_ibm02.hgr,no,no,9,64,0.03,0.029316,4.61242,cut,12388,5325,no
rKaHyPar,ISPD98_ibm02.hgr,no,no,0,8,0.03,0.0293758,3.78769,cut,2438,2171,no
rKaHyPar,ISPD98_ibm02.hgr,no,no,1,8,0.03,0.0293758,3.09606,cut,2609,2167,no
rKaHyPar,ISPD98_ibm02.hgr,no,no,2,8,0.03,0.0293758,2.52528,cut,2445,2210,no
rKaHyPar,ISPD98_ibm02.hgr,no,no,3,8,0.03,0.0293758,3.45043,cut,2231,1978,no
rKaHyPar,ISPD98_ibm02.hgr,no,no,4,8,0.03,0.0289678,2.35195,cut,2463,2198,no
rKaHyPar,ISPD98_ibm02.hgr,no,no,5,8,0.03,0.0297838,2.86404,cut,2485,2200,no
rKaHyPar,ISPD98_ibm02.hgr,no,no,6,8,0.03,0.0289678,2.75689,cut,2454,2192,no
rKaHyPar,ISPD98_ibm02.hgr,no,no,7,8,0.03,0.0293758,3.07043,cut,2539,2219,no
rKaHyPar,ISPD98_ibm02.hgr,no,no,8,8,0.03,0.0297838,2.89384,cut,2455,2201,no
rKaHyPar,ISPD98_ibm02.hgr,no,no,9,8,0.03,0.0293758,2.30745,cut,2345,1981,no
rKaHyPar,ISPD98_ibm03.hgr,no,no,0,128,0.03,0.0276243,6.95388,cut,13452,5853,no
rKaHyPar,ISPD98_ibm03.hgr,no,no,1,128,0.03,0.0276243,6.88422,cut,13521,5838,no
rKaHyPar,ISPD98_ibm03.hgr,no,no,2,128,0.03,0.0276243,6.85252,cut,13293,5816,no
rKaHyPar,ISPD98_ibm03.hgr,no,no,3,128,0.03,0.0276243,6.92416,cut,13370,5782,no
rKaHyPar,ISPD98_ibm03.hgr,no,no,4,128,0.03,0.0276243,9.44594,cut,13637,5775,no
rKaHyPar,ISPD98_ibm03.hgr,no,no,5,128,0.03,0.0276243,6.79337,cut,13304,5745,no
rKaHyPar,ISPD98_ibm03.hgr,no,no,6,128,0.03,0.0276243,9.27611,cut,13540,5761,no
rKaHyPar,ISPD98_ibm03.hgr,no,no,7,128,0.03,0.0276243,6.91349,cut,13296,5829,no
rKaHyPar,ISPD98_ibm03.hgr,no,no,8,128,0.03,0.0276243,9.46745,cut,13300,5758,no
rKaHyPar,ISPD98_ibm03.hgr,no,no,9,128,0.03,0.0276243,6.822,cut,13466,5818,no
rKaHyPar,ISPD98_ibm03.hgr,no,no,0,16,0.03,0.0290456,2.82958,cut,5578,3362,no
rKaHyPar,ISPD98_ibm03.hgr,no,no,1,16,0.03,0.0235131,3.83336,cut,5513,3404,no
rKaHyPar,ISPD98_ibm03.hgr,no,no,2,16,0.03,0.0290456,2.89958,cut,5595,3345,no
rKaHyPar,ISPD98_ibm03.hgr,no,no,3,16,0.03,0.0283541,3.92651,cut,5388,3284,no
rKaHyPar,ISPD98_ibm03.hgr,no,no,4,16,0.03,0.0290456,2.86764,cut,5512,3341,no
rKaHyPar,ISPD98_ibm03.hgr,no,no,5,16,0.03,0.0283541,2.94789,cut,5523,3320,no
rKaHyPar,ISPD98_ibm03.hgr,no,no,6,16,0.03,0.0297372,2.91172,cut,5800,3407,no
rKaHyPar,ISPD98_ibm03.hgr,no,no,7,16,0.03,0.0262794,4.14073,cut,5347,3325,no
rKaHyPar,ISPD98_ibm03.hgr,no,no,8,16,0.03,0.0276625,3.98437,cut,5432,3325,no
rKaHyPar,ISPD98_ibm03.hgr,no,no,9,16,0.03,0.0193638,2.87071,cut,5511,3340,no
rKaHyPar,ISPD98_ibm03.hgr,no,no,0,2,0.03,0.00198824,1.03826,cut,957,957,no
rKaHyPar,ISPD98_ibm03.hgr,no,no,1,2,0.03,0,1.14602,cut,958,958,no
rKaHyPar,ISPD98_ibm03.hgr,no,no,2,2,0.03,0.00847165,0.872876,cut,959,959,no
rKaHyPar,ISPD98_ibm03.hgr,no,no,3,2,0.03,0.00976833,0.883958,cut,960,960,no
rKaHyPar,ISPD98_ibm03.hgr,no,no,4,2,0.03,0,0.869878,cut,963,963,no
rKaHyPar,ISPD98_ibm03.hgr,no,no,5,2,0.03,0.0170297,0.830338,cut,959,959,no
rKaHyPar,ISPD98_ibm03.hgr,no,no,6,2,0.03,0.00847165,0.822452,cut,959,959,no
rKaHyPar,ISPD98_ibm03.hgr,no,no,7,2,0.03,0.00198824,1.20717,cut,957,957,no
rKaHyPar,ISPD98_ibm03.hgr,no,no,8,2,0.03,0,1.15441,cut,978,978,no
rKaHyPar,ISPD98_ibm03.hgr,no,no,9,2,0.03,0.0112379,0.85835,cut,964,964,no
rKaHyPar,ISPD98_ibm03.hgr,no,no,0,32,0.03,0.0276625,4.92562,cut,7903,4137,no
rKaHyPar,ISPD98_ibm03.hgr,no,no,1,32,0.03,0.0276625,3.6278,cut,7744,4154,no
rKaHyPar,ISPD98_ibm03.hgr,no,no,2,32,0.03,0.0165975,3.74704,cut,7775,4122,no
rKaHyPar,ISPD98_ibm03.hgr,no,no,3,32,0.03,0.0276625,3.76462,cut,7907,4137,no
rKaHyPar,ISPD98_ibm03.hgr,no,no,4,32,0.03,0.0290456,3.83336,cut,7751,4120,no
rKaHyPar,ISPD98_ibm03.hgr,no,no,5,32,0.03,0.0290456,3.91286,cut,7943,4058,no
rKaHyPar,ISPD98_ibm03.hgr,no,no,6,32,0.03,0.0290456,4.93879,cut,7700,4183,no
rKaHyPar,ISPD98_ibm03.hgr,no,no,7,32,0.03,0.0290456,3.73849,cut,7751,4111,no
rKaHyPar,ISPD98_ibm03.hgr,no,no,8,32,0.03,0.0290456,5.11736,cut,7785,4165,no
rKaHyPar,ISPD98_ibm03.hgr,no,no,9,32,0.03,0.0276625,3.70264,cut,7765,4091,no
rKaHyPar,ISPD98_ibm03.hgr,no,no,0,4,0.03,0.0299101,2.1271,cut,2008,1761,no
rKaHyPar,ISPD98_ibm03.hgr,no,no,1,4,0.03,0.0299101,1.73196,cut,2036,1783,no
rKaHyPar,ISPD98_ibm03.hgr,no,no,2,4,0.03,0.0299101,1.53173,cut,1998,1749,no
rKaHyPar,ISPD98_ibm03.hgr,no,no,3,4,0.03,0.0226487,2.15524,cut,2033,1780,no
rKaHyPar,ISPD98_ibm03.hgr,no,no,4,4,0.03,0.0186722,2.17682,cut,2028,1753,no
rKaHyPar,ISPD98_ibm03.hgr,no,no,5,4,0.03,0.0299101,1.53656,cut,1993,1752,no
rKaHyPar,ISPD98_ibm03.hgr,no,no,6,4,0.03,0.0273167,1.51468,cut,2067,1788,no
rKaHyPar,ISPD98_ibm03.hgr,no,no,7,4,0.03,0.0292185,1.64078,cut,1992,1750,no
rKaHyPar,ISPD98_ibm03.hgr,no,no,8,4,0.03,0.0276625,1.91619,cut,2011,1752,no
rKaHyPar,ISPD98_ibm03.hgr,no,no,9,4,0.03,0.0266252,2.18489,cut,2002,1747,no
rKaHyPar,ISPD98_ibm03.hgr,no,no,0,64,0.03,0.0276243,4.8487,cut,10449,4875,no
rKaHyPar,ISPD98_ibm03.hgr,no,no,1,64,0.03,0.0276243,4.79386,cut,10173,4890,no
rKaHyPar,ISPD98_ibm03.hgr,no,no,2,64,0.03,0.0276243,4.81689,cut,10288,4976,no
rKaHyPar,ISPD98_ibm03.hgr,no,no,3,64,0.03,0.0276243,4.86308,cut,10278,4960,no
rKaHyPar,ISPD98_ibm03.hgr,no,no,4,64,0.03,0.0276243,6.65961,cut,10301,4836,no
rKaHyPar,ISPD98_ibm03.hgr,no,no,5,64,0.03,0.0276243,6.68777,cut,10291,4915,no
rKaHyPar,ISPD98_ibm03.hgr,no,no,6,64,0.03,0.0276243,6.69038,cut,10291,4901,no
rKaHyPar,ISPD98_ibm03.hgr,no,no,7,64,0.03,0.0276243,6.57168,cut,10176,4925,no
rKaHyPar,ISPD98_ibm03.hgr,no,no,8,64,0.03,0.0276243,6.70678,cut,10406,4952,no
rKaHyPar,ISPD98_ibm03.hgr,no,no,9,64,0.03,0.0276243,4.93525,cut,10153,4861,no
rKaHyPar,ISPD98_ibm03.hgr,no,no,0,8,0.03,0.0283541,2.1474,cut,3436,2517,no
rKaHyPar,ISPD98_ibm03.hgr,no,no,1,8,0.03,0.0245505,2.24873,cut,3475,2553,no
rKaHyPar,ISPD98_ibm03.hgr,no,no,2,8,0.03,0.0207469,2.14863,cut,3471,2541,no
rKaHyPar,ISPD98_ibm03.hgr,no,no,3,8,0.03,0.0159059,2.90996,cut,3466,2547,no
rKaHyPar,ISPD98_ibm03.hgr,no,no,4,8,0.03,0.0293914,2.25292,cut,3516,2507,no
rKaHyPar,ISPD98_ibm03.hgr,no,no,5,8,0.03,0.0297372,2.22491,cut,3408,2482,no
rKaHyPar,ISPD98_ibm03.hgr,no,no,6,8,0.03,0.0200553,2.26827,cut,3597,2584,no
rKaHyPar,ISPD98_ibm03.hgr,no,no,7,8,0.03,0.0172891,2.24389,cut,3458,2527,no
rKaHyPar,ISPD98_ibm03.hgr,no,no,8,8,0.03,0.0176349,2.17959,cut,3494,2524,no
rKaHyPar,ISPD98_ibm03.hgr,no,no,9,8,0.03,0.0283541,2.17233,cut,3388,2485,no
rKaHyPar,ISPD98_ibm04.hgr,no,no,0,128,0.03,0.027907,10.0649,cut,15049,7637,no
rKaHyPar,ISPD98_ibm04.hgr,no,no,1,128,0.03,0.027907,7.39362,cut,15092,7600,no
rKaHyPar,ISPD98_ibm04.hgr,no,no,2,128,0.03,0.027907,7.42377,cut,15146,7586,no
rKaHyPar,ISPD98_ibm04.hgr,no,no,3,128,0.03,0.027907,7.48862,cut,14957,7576,no
rKaHyPar,ISPD98_ibm04.hgr,no,no,4,128,0.03,0.027907,10.2029,cut,15019,7539,no
rKaHyPar,ISPD98_ibm04.hgr,no,no,5,128,0.03,0.027907,7.47574,cut,15052,7517,no
rKaHyPar,ISPD98_ibm04.hgr,no,no,6,128,0.03,0.027907,7.55939,cut,14774,7581,no
rKaHyPar,ISPD98_ibm04.hgr,no,no,7,128,0.03,0.027907,7.51226,cut,15002,7564,no
rKaHyPar,ISPD98_ibm04.hgr,no,no,8,128,0.03,0.027907,7.43619,cut,15181,7506,no
rKaHyPar,ISPD98_ibm04.hgr,no,no,9,128,0.03,0.027907,7.49698,cut,15129,7577,no
rKaHyPar,ISPD98_ibm04.hgr,no,no,0,16,0.03,0.0261628,4.43078,cut,5601,4040,no
rKaHyPar,ISPD98_ibm04.hgr,no,no,1,16,0.03,0.0267442,4.41224,cut,5525,3979,no
rKaHyPar,ISPD98_ibm04.hgr,no,no,2,16,0.03,0.0296512,3.3319,cut,5825,4071,no
rKaHyPar,ISPD98_ibm04.hgr,no,no,3,16,0.03,0.0296512,3.28567,cut,5828,4054,no
rKaHyPar,ISPD98_ibm04.hgr,no,no,4,16,0.03,0.0296512,3.3736,cut,5738,4127,no
rKaHyPar,ISPD98_ibm04.hgr,no,no,5,16,0.03,0.0296512,3.29786,cut,5676,4101,no
rKaHyPar,ISPD98_ibm04.hgr,no,no,6,16,0.03,0.0296512,3.45877,cut,5647,4053,no
rKaHyPar,ISPD98_ibm04.hgr,no,no,7,16,0.03,0.027907,4.56944,cut,5666,4089,no
rKaHyPar,ISPD98_ibm04.hgr,no,no,8,16,0.03,0.0186047,4.45835,cut,5812,4069,no
rKaHyPar,ISPD98_ibm04.hgr,no,no,9,16,0.03,0.0296512,3.29367,cut,5665,4067,no
rKaHyPar,ISPD98_ibm04.hgr,no,no,0,2,0.03,0.0187582,1.42311,cut,601,601,no
rKaHyPar,ISPD98_ibm04.hgr,no,no,1,2,0.03,0.0206485,1.41042,cut,580,580,no
rKaHyPar,ISPD98_ibm04.hgr,no,no,2,2,0.03,0.0221754,1.16408,cut,589,589,no
rKaHyPar,ISPD98_ibm04.hgr,no,no,3,2,0.03,0.0221754,1.11717,cut,589,589,no
rKaHyPar,ISPD98_ibm04.hgr,no,no,4,2,0.03,0.0221754,1.16292,cut,589,589,no
rKaHyPar,ISPD98_ibm04.hgr,no,no,5,2,0.03,0.0221754,1.07882,cut,589,589,no
rKaHyPar,ISPD98_ibm04.hgr,no,no,6,2,0.03,0.0187582,1.18632,cut,601,601,no
rKaHyPar,ISPD98_ibm04.hgr,no,no,7,2,0.03,0.0187582,1.5675,cut,601,601,no
rKaHyPar,ISPD98_ibm04.hgr,no,no,8,2,0.03,0.0221754,1.56677,cut,589,589,no
rKaHyPar,ISPD98_ibm04.hgr,no,no,9,2,0.03,0.0221754,1.08371,cut,589,589,no
rKaHyPar,ISPD98_ibm04.hgr,no,no,0,32,0.03,0.027907,5.85212,cut,7959,5112,no
rKaHyPar,ISPD98_ibm04.hgr,no,no,1,32,0.03,0.0290698,4.09798,cut,8094,5147,no
rKaHyPar,ISPD98_ibm04.hgr,no,no,2,32,0.03,0.027907,5.63732,cut,8179,5217,no
rKaHyPar,ISPD98_ibm04.hgr,no,no,3,32,0.03,0.0290698,4.23386,cut,8177,5173,no
rKaHyPar,ISPD98_ibm04.hgr,no,no,4,32,0.03,0.0290698,4.22367,cut,7953,5162,no
rKaHyPar,ISPD98_ibm04.hgr,no,no,5,32,0.03,0.0290698,5.70408,cut,8136,5170,no
rKaHyPar,ISPD98_ibm04.hgr,no,no,6,32,0.03,0.027907,5.78445,cut,7986,5075,no
rKaHyPar,ISPD98_ibm04.hgr,no,no,7,32,0.03,0.0290698,4.19305,cut,8298,5210,no
rKaHyPar,ISPD98_ibm04.hgr,no,no,8,32,0.03,0.0290698,4.24064,cut,8271,5241,no
rKaHyPar,ISPD98_ibm04.hgr,no,no,9,32,0.03,0.0290698,4.10725,cut,8059,5090,no
rKaHyPar,ISPD98_ibm04.hgr,no,no,0,4,0.03,0.0225389,2.4896,cut,1839,1684,no
rKaHyPar,ISPD98_ibm04.hgr,no,no,1,4,0.03,0.0251563,1.97104,cut,1819,1648,no
rKaHyPar,ISPD98_ibm04.hgr,no,no,2,4,0.03,0.0270467,2.52183,cut,1815,1640,no
rKaHyPar,ISPD98_ibm04.hgr,no,no,3,4,0.03,0.0251563,1.79225,cut,1843,1673,no
rKaHyPar,ISPD98_ibm04.hgr,no,no,4,4,0.03,0.0286462,2.43442,cut,1839,1680,no
rKaHyPar,ISPD98_ibm04.hgr,no,no,5,4,0.03,0.0271921,1.73519,cut,1850,1683,no
rKaHyPar,ISPD98_ibm04.hgr,no,no,6,4,0.03,0.028937,1.80234,cut,1865,1664,no
rKaHyPar,ISPD98_ibm04.hgr,no,no,7,4,0.03,0.026465,1.80819,cut,1847,1672,no
rKaHyPar,ISPD98_ibm04.hgr,no,no,8,4,0.03,0.0270467,2.49501,cut,1977,1695,no
rKaHyPar,ISPD98_ibm04.hgr,no,no,9,4,0.03,0.0213756,2.36995,cut,1885,1681,no
rKaHyPar,ISPD98_ibm04.hgr,no,no,0,64,0.03,0.0255814,5.37339,cut,11426,6353,no
rKaHyPar,ISPD98_ibm04.hgr,no,no,1,64,0.03,0.027907,7.57366,cut,11118,6381,no
rKaHyPar,ISPD98_ibm04.hgr,no,no,2,64,0.03,0.027907,5.46817,cut,11180,6273,no
rKaHyPar,ISPD98_ibm04.hgr,no,no,3,64,0.03,0.027907,5.45773,cut,11403,6400,no
rKaHyPar,ISPD98_ibm04.hgr,no,no,4,64,0.03,0.027907,7.45346,cut,11330,6398,no
rKaHyPar,ISPD98_ibm04.hgr,no,no,5,64,0.03,0.027907,7.35672,cut,11287,6372,no
rKaHyPar,ISPD98_ibm04.hgr,no,no,6,64,0.03,0.027907,7.41262,cut,11153,6335,no
rKaHyPar,ISPD98_ibm04.hgr,no,no,7,64,0.03,0.027907,5.54785,cut,11224,6353,no
rKaHyPar,ISPD98_ibm04.hgr,no,no,8,64,0.03,0.027907,7.43552,cut,11314,6417,no
rKaHyPar,ISPD98_ibm04.hgr,no,no,9,64,0.03,0.027907,5.37483,cut,11262,6432,no
rKaHyPar,ISPD98_ibm04.hgr,no,no,0,8,0.03,0.029369,2.49584,cut,3531,2915,no
rKaHyPar,ISPD98_ibm04.hgr,no,no,1,8,0.03,0.0299506,2.65711,cut,3431,2866,no
rKaHyPar,ISPD98_ibm04.hgr,no,no,2,8,0.03,0.029369,2.78837,cut,3438,2874,no
rKaHyPar,ISPD98_ibm04.hgr,no,no,3,8,0.03,0.029369,3.48939,cut,3581,2885,no
rKaHyPar,ISPD98_ibm04.hgr,no,no,4,8,0.03,0.029369,3.66022,cut,3583,2920,no
rKaHyPar,ISPD98_ibm04.hgr,no,no,5,8,0.03,0.0299506,2.59111,cut,3586,2908,no
rKaHyPar,ISPD98_ibm04.hgr,no,no,6,8,0.03,0.0290782,2.80988,cut,3540,2852,no
rKaHyPar,ISPD98_ibm04.hgr,no,no,7,8,0.03,0.0299506,3.64979,cut,3419,2864,no
rKaHyPar,ISPD98_ibm04.hgr,no,no,8,8,0.03,0.0296598,2.55897,cut,3545,2896,no
rKaHyPar,ISPD98_ibm04.hgr,no,no,9,8,0.03,0.0296598,2.54555,cut,3575,2898,no
rKaHyPar,ISPD98_ibm05.hgr,no,no,0,128,0.03,0.026087,9.43874,cut,27618,7973,no
rKaHyPar,ISPD98_ibm05.hgr,no,no,1,128,0.03,0.026087,6.94788,cut,27021,7822,no
rKaHyPar,ISPD98_ibm05.hgr,no,no,2,128,0.03,0.026087,6.95692,cut,26821,7867,no
rKaHyPar,ISPD98_ibm05.hgr,no,no,3,128,0.03,0.026087,6.74674,cut,27932,7739,no
rKaHyPar,ISPD98_ibm05.hgr,no,no,4,128,0.03,0.026087,9.56435,cut,26889,7834,no
rKaHyPar,ISPD98_ibm05.hgr,no,no,5,128,0.03,0.026087,6.84804,cut,26366,7986,no
rKaHyPar,ISPD98_ibm05.hgr,no,no,6,128,0.03,0.026087,7.00222,cut,26345,7924,no
rKaHyPar,ISPD98_ibm05.hgr,no,no,7,128,0.03,0.026087,7.03741,cut,29171,8037,no
rKaHyPar,ISPD98_ibm05.hgr,no,no,8,128,0.03,0.026087,9.39627,cut,27640,7744,no
rKaHyPar,ISPD98_ibm05.hgr,no,no,9,128,0.03,0.026087,6.82182,cut,26699,7894,no
rKaHyPar,ISPD98_ibm05.hgr,no,no,0,16,0.03,0.0283379,5.00835,cut,10753,5461,no
rKaHyPar,ISPD98_ibm05.hgr,no,no,1,16,0.03,0.0283379,5.01251,cut,10743,5463,no
rKaHyPar,ISPD98_ibm05.hgr,no,no,2,16,0.03,0.0299728,3.61308,cut,11161,5723,no
rKaHyPar,ISPD98_ibm05.hgr,no,no,3,16,0.03,0.0277929,3.37392,cut,10936,5599,no
rKaHyPar,ISPD98_ibm05.hgr,no,no,4,16,0.03,0.0299728,3.59117,cut,10713,5508,no
rKaHyPar,ISPD98_ibm05.hgr,no,no,5,16,0.03,0.0299728,3.50553,cut,10739,5489,no
rKaHyPar,ISPD98_ibm05.hgr,no,no,6,16,0.03,0.0283379,3.81248,cut,10537,5690,no
rKaHyPar,ISPD98_ibm05.hgr,no,no,7,16,0.03,0.0288828,5.2519,cut,10522,5671,no
rKaHyPar,ISPD98_ibm05.hgr,no,no,8,16,0.03,0.0294278,4.85204,cut,11054,5519,no
rKaHyPar,ISPD98_ibm05.hgr,no,no,9,16,0.03,0.0294278,3.57035,cut,10713,5517,no
rKaHyPar,ISPD98_ibm05.hgr,no,no,0,2,0.03,0.00620144,1.69859,cut,1720,1720,no
rKaHyPar,ISPD98_ibm05.hgr,no,no,1,2,0.03,0.00579256,1.67273,cut,1720,1720,no
rKaHyPar,ISPD98_ibm05.hgr,no,no,2,2,0.03,0.0061333,1.2747,cut,1720,1720,no
rKaHyPar,ISPD98_ibm05.hgr,no,no,3,2,0.03,0.0230339,1.27592,cut,1711,1711,no
rKaHyPar,ISPD98_ibm05.hgr,no,no,4,2,0.03,0.00579256,1.20742,cut,1720,1720,no
rKaHyPar,ISPD98_ibm05.hgr,no,no,5,2,0.03,0.00579256,1.10943,cut,1720,1720,no
rKaHyPar,ISPD98_ibm05.hgr,no,no,6,2,0.03,0.0103585,1.30727,cut,1719,1719,no
rKaHyPar,ISPD98_ibm05.hgr,no,no,7,2,0.03,0.029508,1.95806,cut,1724,1724,no
rKaHyPar,ISPD98_ibm05.hgr,no,no,8,2,0.03,0.029985,2.05567,cut,1772,1772,no
rKaHyPar,ISPD98_ibm05.hgr,no,no,9,2,0.03,0.00592885,1.15993,cut,1720,1720,no
rKaHyPar,ISPD98_ibm05.hgr,no,no,0,32,0.03,0.0283224,5.85536,cut,15748,6491,no
rKaHyPar,ISPD98_ibm05.hgr,no,no,1,32,0.03,0.0283224,4.17174,cut,15715,6602,no
rKaHyPar,ISPD98_ibm05.hgr,no,no,2,32,0.03,0.0272331,6.18921,cut,14997,6685,no
rKaHyPar,ISPD98_ibm05.hgr,no,no,3,32,0.03,0.0294118,4.21203,cut,14876,6688,no
rKaHyPar,ISPD98_ibm05.hgr,no,no,4,32,0.03,0.0283224,4.36625,cut,15468,6617,no
rKaHyPar,ISPD98_ibm05.hgr,no,no,5,32,0.03,0.0283224,5.80167,cut,15446,6520,no
rKaHyPar,ISPD98_ibm05.hgr,no,no,6,32,0.03,0.0294118,5.78651,cut,15660,6538,no
rKaHyPar,ISPD98_ibm05.hgr,no,no,7,32,0.03,0.0294118,4.35056,cut,15643,6700,no
rKaHyPar,ISPD98_ibm05.hgr,no,no,8,32,0.03,0.0283224,4.23832,cut,15997,6546,no
rKaHyPar,ISPD98_ibm05.hgr,no,no,9,32,0.03,0.0261438,4.12182,cut,15791,6559,no
rKaHyPar,ISPD98_ibm05.hgr,no,no,0,4,0.03,0.011994,2.82456,cut,3706,3071,no
rKaHyPar,ISPD98_ibm05.hgr,no,no,1,4,0.03,0.029985,2.1034,cut,4059,3198,no
rKaHyPar,ISPD98_ibm05.hgr,no,no,2,4,0.03,0.0282132,2.9799,cut,3735,3113,no
rKaHyPar,ISPD98_ibm05.hgr,no,no,3,4,0.03,0.0241243,2.75035,cut,3708,3107,no
rKaHyPar,ISPD98_ibm05.hgr,no,no,4,4,0.03,0,2.97854,cut,3665,3070,no
rKaHyPar,ISPD98_ibm05.hgr,no,no,5,4,0.03,0.0104948,1.97964,cut,3725,3093,no
rKaHyPar,ISPD98_ibm05.hgr,no,no,6,4,0.03,0.0298487,2.22932,cut,4703,3264,no
rKaHyPar,ISPD98_ibm05.hgr,no,no,7,4,0.03,0.0291672,2.52949,cut,3778,3128,no
rKaHyPar,ISPD98_ibm05.hgr,no,no,8,4,0.03,0.0298487,2.96849,cut,3750,3068,no
rKaHyPar,ISPD98_ibm05.hgr,no,no,9,4,0.03,0.0287583,2.96027,cut,3804,3063,no
rKaHyPar,ISPD98_ibm05.hgr,no,no,0,64,0.03,0.0261438,5.2388,cut,21183,7217,no
rKaHyPar,ISPD98_ibm05.hgr,no,no,1,64,0.03,0.0261438,7.22699,cut,20867,7271,no
rKaHyPar,ISPD98_ibm05.hgr,no,no,2,64,0.03,0.0283224,5.35826,cut,22558,7294,no
rKaHyPar,ISPD98_ibm05.hgr,no,no,3,64,0.03,0.0283224,5.27121,cut,21846,7354,no
rKaHyPar,ISPD98_ibm05.hgr,no,no,4,64,0.03,0.0283224,7.31721,cut,20396,7424,no
rKaHyPar,ISPD98_ibm05.hgr,no,no,5,64,0.03,0.0239651,7.20079,cut,20816,7375,no
rKaHyPar,ISPD98_ibm05.hgr,no,no,6,64,0.03,0.0239651,7.40537,cut,20705,7288,no
rKaHyPar,ISPD98_ibm05.hgr,no,no,7,64,0.03,0.0283224,5.26727,cut,21626,7294,no
rKaHyPar,ISPD98_ibm05.hgr,no,no,8,64,0.03,0.0283224,7.16686,cut,21880,7327,no
rKaHyPar,ISPD98_ibm05.hgr,no,no,9,64,0.03,0.0283224,5.34351,cut,20986,7282,no
rKaHyPar,ISPD98_ibm05.hgr,no,no,0,8,0.03,0.0272554,3.82484,cut,7172,4455,no
rKaHyPar,ISPD98_ibm05.hgr,no,no,1,8,0.03,0.0297084,3.1151,cut,7286,4560,no
rKaHyPar,ISPD98_ibm05.hgr,no,no,2,8,0.03,0.0275279,2.85548,cut,6922,4416,no
rKaHyPar,ISPD98_ibm05.hgr,no,no,3,8,0.03,0.0269828,5.19784,cut,6960,4408,no
rKaHyPar,ISPD98_ibm05.hgr,no,no,4,8,0.03,0.0297084,3.77105,cut,7222,4436,no
rKaHyPar,ISPD98_ibm05.hgr,no,no,5,8,0.03,0.0291633,3.40224,cut,7287,4525,no
rKaHyPar,ISPD98_ibm05.hgr,no,no,6,8,0.03,0.0228945,3.04489,cut,6876,4357,no
rKaHyPar,ISPD98_ibm05.hgr,no,no,7,8,0.03,0.0291633,4.3804,cut,6986,4452,no
rKaHyPar,ISPD98_ibm05.hgr,no,no,8,8,0.03,0.0269828,3.06668,cut,7168,4467,no
rKaHyPar,ISPD98_ibm05.hgr,no,no,9,8,0.03,0.0207141,2.83918,cut,7064,4438,no
rKaHyPar,ISPD98_ibm06.hgr,no,no,0,128,0.03,0.0275591,12.4659,cut,18507,6450,no
rKaHyPar,ISPD98_ibm06.hgr,no,no,1,128,0.03,0.0275591,8.90016,cut,17965,6423,no
rKaHyPar,ISPD98_ibm06.hgr,no,no,2,128,0.03,0.023622,8.89159,cut,17708,6441,no
rKaHyPar,ISPD98_ibm06.hgr,no,no,3,128,0.03,0.0275591,8.98635,cut,18147,6478,no
rKaHyPar,ISPD98_ibm06.hgr,no,no,4,128,0.03,0.0275591,12.3071,cut,17869,6462,no
rKaHyPar,ISPD98_ibm06.hgr,no,no,5,128,0.03,0.0275591,12.2109,cut,17863,6418,no
rKaHyPar,ISPD98_ibm06.hgr,no,no,6,128,0.03,0.0275591,8.94453,cut,18009,6422,no
rKaHyPar,ISPD98_ibm06.hgr,no,no,7,128,0.03,0.0275591,8.93378,cut,17948,6413,no
rKaHyPar,ISPD98_ibm06.hgr,no,no,8,128,0.03,0.0275591,12.0753,cut,17990,6411,no
rKaHyPar,ISPD98_ibm06.hgr,no,no,9,128,0.03,0.0275591,8.97437,cut,18220,6432,no
rKaHyPar,ISPD98_ibm06.hgr,no,no,0,16,0.03,0.0250984,5.79038,cut,6149,3310,no
rKaHyPar,ISPD98_ibm06.hgr,no,no,1,16,0.03,0.0290354,5.7786,cut,6059,3355,no
rKaHyPar,ISPD98_ibm06.hgr,no,no,2,16,0.03,0.0295276,5.85674,cut,6388,3470,no
rKaHyPar,ISPD98_ibm06.hgr,no,no,3,16,0.03,0.0295276,4.16201,cut,6235,3346,no
rKaHyPar,ISPD98_ibm06.hgr,no,no,4,16,0.03,0.0295276,4.33842,cut,6035,3353,no
rKaHyPar,ISPD98_ibm06.hgr,no,no,5,16,0.03,0.0295276,5.77398,cut,6091,3304,no
rKaHyPar,ISPD98_ibm06.hgr,no,no,6,16,0.03,0.0295276,4.43298,cut,6270,3317,no
rKaHyPar,ISPD98_ibm06.hgr,no,no,7,16,0.03,0.0280512,5.88213,cut,6280,3369,no
rKaHyPar,ISPD98_ibm06.hgr,no,no,8,16,0.03,0.0231299,4.32481,cut,5978,3338,no
rKaHyPar,ISPD98_ibm06.hgr,no,no,9,16,0.03,0.0295276,4.23908,cut,6330,3385,no
rKaHyPar,ISPD98_ibm06.hgr,no,no,0,2,0.03,0,1.9393,cut,978,978,no
rKaHyPar,ISPD98_ibm06.hgr,no,no,1,2,0.03,0.0238169,1.89363,cut,1039,1039,no
rKaHyPar,ISPD98_ibm06.hgr,no,no,2,2,0.03,0.0297249,2.20325,cut,982,982,no
rKaHyPar,ISPD98_ibm06.hgr,no,no,3,2,0.03,0.0141547,1.26397,cut,1103,1103,no
rKaHyPar,ISPD98_ibm06.hgr,no,no,4,2,0.03,0.0291095,1.72373,cut,985,985,no
rKaHyPar,ISPD98_ibm06.hgr,no,no,5,2,0.03,0.0296634,2.30054,cut,985,985,no
rKaHyPar,ISPD98_ibm06.hgr,no,no,6,2,0.03,0.0297249,2.06226,cut,1066,1066,no
rKaHyPar,ISPD98_ibm06.hgr,no,no,7,2,0.03,0.0299095,2.20017,cut,981,981,no
rKaHyPar,ISPD98_ibm06.hgr,no,no,8,2,0.03,0.0299711,1.58722,cut,988,988,no
rKaHyPar,ISPD98_ibm06.hgr,no,no,9,2,0.03,0.0254169,1.48252,cut,985,985,no
rKaHyPar,ISPD98_ibm06.hgr,no,no,0,32,0.03,0.0265748,7.38322,cut,9438,4325,no
rKaHyPar,ISPD98_ibm06.hgr,no,no,1,32,0.03,0.0285433,5.5918,cut,9561,4357,no
rKaHyPar,ISPD98_ibm06.hgr,no,no,2,32,0.03,0.0275591,7.38274,cut,9528,4313,no
rKaHyPar,ISPD98_ibm06.hgr,no,no,3,32,0.03,0.0285433,5.37699,cut,9499,4355,no
rKaHyPar,ISPD98_ibm06.hgr,no,no,4,32,0.03,0.0295276,5.37002,cut,9630,4386,no
rKaHyPar,ISPD98_ibm06.hgr,no,no,5,32,0.03,0.0275591,7.50433,cut,9525,4338,no
rKaHyPar,ISPD98_ibm06.hgr,no,no,6,32,0.03,0.0246063,7.31401,cut,9999,4553,no
rKaHyPar,ISPD98_ibm06.hgr,no,no,7,32,0.03,0.0295276,7.35835,cut,9693,4424,no
rKaHyPar,ISPD98_ibm06.hgr,no,no,8,32,0.03,0.0275591,5.43248,cut,9532,4419,no
rKaHyPar,ISPD98_ibm06.hgr,no,no,9,32,0.03,0.0275591,5.4029,cut,9635,4449,no
rKaHyPar,ISPD98_ibm06.hgr,no,no,0,4,0.03,0.0235077,3.21323,cut,2188,1707,no
rKaHyPar,ISPD98_ibm06.hgr,no,no,1,4,0.03,0.000492308,2.36251,cut,2174,1725,no
rKaHyPar,ISPD98_ibm06.hgr,no,no,2,4,0.03,0.0258462,3.33013,cut,2346,1816,no
rKaHyPar,ISPD98_ibm06.hgr,no,no,3,4,0.03,0.0256,2.18673,cut,2148,1559,no
rKaHyPar,ISPD98_ibm06.hgr,no,no,4,4,0.03,0.0137846,2.29142,cut,2290,1797,no
rKaHyPar,ISPD98_ibm06.hgr,no,no,5,4,0.03,0.0210462,2.49907,cut,2303,1751,no
rKaHyPar,ISPD98_ibm06.hgr,no,no,6,4,0.03,0.0291692,2.4143,cut,2364,1838,no
rKaHyPar,ISPD98_ibm06.hgr,no,no,7,4,0.03,0.0203077,2.40956,cut,2267,1724,no
rKaHyPar,ISPD98_ibm06.hgr,no,no,8,4,0.03,0.0280615,3.23606,cut,2044,1527,no
rKaHyPar,ISPD98_ibm06.hgr,no,no,9,4,0.03,0.0295385,3.27916,cut,2023,1517,no
rKaHyPar,ISPD98_ibm06.hgr,no,no,0,64,0.03,0.0295276,9.36948,cut,13404,5286,no
rKaHyPar,ISPD98_ibm06.hgr,no,no,1,64,0.03,0.0295276,9.30409,cut,13493,5303,no
rKaHyPar,ISPD98_ibm06.hgr,no,no,2,64,0.03,0.0295276,6.92401,cut,13278,5390,no
rKaHyPar,ISPD98_ibm06.hgr,no,no,3,64,0.03,0.0295276,6.82016,cut,13568,5378,no
rKaHyPar,ISPD98_ibm06.hgr,no,no,4,64,0.03,0.0295276,9.12389,cut,13352,5292,no
rKaHyPar,ISPD98_ibm06.hgr,no,no,5,64,0.03,0.0295276,9.2874,cut,13440,5334,no
rKaHyPar,ISPD98_ibm06.hgr,no,no,6,64,0.03,0.0295276,6.82375,cut,13746,5373,no
rKaHyPar,ISPD98_ibm06.hgr,no,no,7,64,0.03,0.0295276,6.99535,cut,13473,5294,no
rKaHyPar,ISPD98_ibm06.hgr,no,no,8,64,0.03,0.0255906,9.31149,cut,13463,5378,no
rKaHyPar,ISPD98_ibm06.hgr,no,no,9,64,0.03,0.0295276,9.39001,cut,13286,5285,no
rKaHyPar,ISPD98_ibm06.hgr,no,no,0,8,0.03,0.0290426,4.347,cut,3683,2429,no
rKaHyPar,ISPD98_ibm06.hgr,no,no,1,8,0.03,0.0295348,3.32018,cut,3832,2422,no
rKaHyPar,ISPD98_ibm06.hgr,no,no,2,8,0.03,0.0290426,3.24389,cut,3973,2558,no
rKaHyPar,ISPD98_ibm06.hgr,no,no,3,8,0.03,0.0295348,4.6202,cut,3774,2375,no
rKaHyPar,ISPD98_ibm06.hgr,no,no,4,8,0.03,0.0268275,4.41256,cut,3801,2405,no
rKaHyPar,ISPD98_ibm06.hgr,no,no,5,8,0.03,0.0292887,3.14917,cut,3625,2390,no
rKaHyPar,ISPD98_ibm06.hgr,no,no,6,8,0.03,0.0265813,4.47625,cut,4083,2531,no
rKaHyPar,ISPD98_ibm06.hgr,no,no,7,8,0.03,0.029781,4.38898,cut,3739,2395,no
rKaHyPar,ISPD98_ibm06.hgr,no,no,8,8,0.03,0.0285503,3.20227,cut,3674,2449,no
rKaHyPar,ISPD98_ibm06.hgr,no,no,9,8,0.03,0.0283042,4.53627,cut,3680,2435,no
rKaHyPar,ISPD98_ibm07.hgr,no,no,0,128,0.03,0.0278552,14.8811,cut,20290,9589,no
rKaHyPar,ISPD98_ibm07.hgr,no,no,1,128,0.03,0.0278552,10.8063,cut,20386,9668,no
rKaHyPar,ISPD98_ibm07.hgr,no,no,2,128,0.03,0.0278552,10.8447,cut,20514,9655,no
rKaHyPar,ISPD98_ibm07.hgr,no,no,3,128,0.03,0.0278552,11.0665,cut,20226,9604,no
rKaHyPar,ISPD98_ibm07.hgr,no,no,4,128,0.03,0.0278552,15.0108,cut,20535,9633,no
rKaHyPar,ISPD98_ibm07.hgr,no,no,5,128,0.03,0.0278552,14.6877,cut,20792,9582,no
rKaHyPar,ISPD98_ibm07.hgr,no,no,6,128,0.03,0.0278552,10.7983,cut,20120,9581,no
rKaHyPar,ISPD98_ibm07.hgr,no,no,7,128,0.03,0.0278552,10.8594,cut,20434,9713,no
rKaHyPar,ISPD98_ibm07.hgr,no,no,8,128,0.03,0.0278552,14.9149,cut,20474,9604,no
rKaHyPar,ISPD98_ibm07.hgr,no,no,9,128,0.03,0.0278552,10.8742,cut,20152,9704,no
rKaHyPar,ISPD98_ibm07.hgr,no,no,0,16,0.03,0.0296064,7.64536,cut,6995,4775,no
rKaHyPar,ISPD98_ibm07.hgr,no,no,1,16,0.03,0.0289098,7.66197,cut,6958,4743,no
rKaHyPar,ISPD98_ibm07.hgr,no,no,2,16,0.03,0.0299547,7.62026,cut,6973,4724,no
rKaHyPar,ISPD98_ibm07.hgr,no,no,3,16,0.03,0.0296064,5.63617,cut,7268,4850,no
rKaHyPar,ISPD98_ibm07.hgr,no,no,4,16,0.03,0.0282132,5.62955,cut,6958,4893,no
rKaHyPar,ISPD98_ibm07.hgr,no,no,5,16,0.03,0.0289098,7.4998,cut,7005,4761,no
rKaHyPar,ISPD98_ibm07.hgr,no,no,6,16,0.03,0.0282132,5.78913,cut,7059,4768,no
rKaHyPar,ISPD98_ibm07.hgr,no,no,7,16,0.03,0.0299547,7.88335,cut,7061,4756,no
rKaHyPar,ISPD98_ibm07.hgr,no,no,8,16,0.03,0.0299547,5.6754,cut,7042,4814,no
rKaHyPar,ISPD98_ibm07.hgr,no,no,9,16,0.03,0.0296064,5.62909,cut,7002,4788,no
rKaHyPar,ISPD98_ibm07.hgr,no,no,0,2,0.03,4.35483e-05,3.93193,cut,935,935,no
rKaHyPar,ISPD98_ibm07.hgr,no,no,1,2,0.03,0.00322258,4.2006,cut,935,935,no
rKaHyPar,ISPD98_ibm07.hgr,no,no,2,2,0.03,0.0293516,4.55389,cut,931,931,no
rKaHyPar,ISPD98_ibm07.hgr,no,no,3,2,0.03,0.00857902,3.46919,cut,954,954,no
rKaHyPar,ISPD98_ibm07.hgr,no,no,4,2,0.03,0,3.06675,cut,938,938,no
rKaHyPar,ISPD98_ibm07.hgr,no,no,5,2,0.03,0.0287419,4.24496,cut,956,956,no
rKaHyPar,ISPD98_ibm07.hgr,no,no,6,2,0.03,0.029787,3.70697,cut,907,907,no
rKaHyPar,ISPD98_ibm07.hgr,no,no,7,2,0.03,0,3.93135,cut,935,935,no
rKaHyPar,ISPD98_ibm07.hgr,no,no,8,2,0.03,0.0291338,3.12003,cut,939,939,no
rKaHyPar,ISPD98_ibm07.hgr,no,no,9,2,0.03,0.000609676,2.78154,cut,935,935,no
rKaHyPar,ISPD98_ibm07.hgr,no,no,0,32,0.03,0.0299443,9.74279,cut,10606,6421,no
rKaHyPar,ISPD98_ibm07.hgr,no,no,1,32,0.03,0.0292479,6.9802,cut,10396,6317,no
rKaHyPar,ISPD98_ibm07.hgr,no,no,2,32,0.03,0.0292479,9.53084,cut,10402,6477,no
rKaHyPar,ISPD98_ibm07.hgr,no,no,3,32,0.03,0.0299443,7.07719,cut,10579,6382,no
rKaHyPar,ISPD98_ibm07.hgr,no,no,4,32,0.03,0.0299443,6.9591,cut,10307,6386,no
rKaHyPar,ISPD98_ibm07.hgr,no,no,5,32,0.03,0.0292479,9.5453,cut,10576,6379,no
rKaHyPar,ISPD98_ibm07.hgr,no,no,6,32,0.03,0.0299443,9.60397,cut,10587,6471,no
rKaHyPar,ISPD98_ibm07.hgr,no,no,7,32,0.03,0.0299443,9.58602,cut,10453,6453,no
rKaHyPar,ISPD98_ibm07.hgr,no,no,8,32,0.03,0.0292479,6.99128,cut,10322,6339,no
rKaHyPar,ISPD98_ibm07.hgr,no,no,9,32,0.03,0.0271588,7.07001,cut,10226,6309,no
rKaHyPar,ISPD98_ibm07.hgr,no,no,0,4,0.03,0.0299599,4.20457,cut,2397,2173,no
rKaHyPar,ISPD98_ibm07.hgr,no,no,1,4,0.03,0.0299599,3.20338,cut,2387,2174,no
rKaHyPar,ISPD98_ibm07.hgr,no,no,2,4,0.03,0.0251698,4.13366,cut,2456,2233,no
rKaHyPar,ISPD98_ibm07.hgr,no,no,3,4,0.03,0.0286535,4.99667,cut,2429,2237,no
rKaHyPar,ISPD98_ibm07.hgr,no,no,4,4,0.03,0.015938,3.07261,cut,2614,2244,no
rKaHyPar,ISPD98_ibm07.hgr,no,no,5,4,0.03,0.0291761,4.04197,cut,2662,2366,no
rKaHyPar,ISPD98_ibm07.hgr,no,no,6,4,0.03,0.0127156,3.26064,cut,2358,2170,no
rKaHyPar,ISPD98_ibm07.hgr,no,no,7,4,0.03,0.028131,3.15705,cut,2397,2204,no
rKaHyPar,ISPD98_ibm07.hgr,no,no,8,4,0.03,0.0127156,4.45811,cut,2354,2170,no
rKaHyPar,ISPD98_ibm07.hgr,no,no,9,4,0.03,0.0297858,4.39032,cut,2442,2213,no
rKaHyPar,ISPD98_ibm07.hgr,no,no,0,64,0.03,0.0292479,11.7752,cut,14879,7991,no
rKaHyPar,ISPD98_ibm07.hgr,no,no,1,64,0.03,0.0278552,11.8497,cut,14628,8008,no
rKaHyPar,ISPD98_ibm07.hgr,no,no,2,64,0.03,0.0292479,8.61833,cut,14405,8045,no
rKaHyPar,ISPD98_ibm07.hgr,no,no,3,64,0.03,0.0292479,8.64894,cut,14763,7961,no
rKaHyPar,ISPD98_ibm07.hgr,no,no,4,64,0.03,0.0278552,11.5723,cut,14768,8016,no
rKaHyPar,ISPD98_ibm07.hgr,no,no,5,64,0.03,0.0292479,11.7189,cut,14932,8047,no
rKaHyPar,ISPD98_ibm07.hgr,no,no,6,64,0.03,0.0292479,8.71265,cut,14892,8013,no
rKaHyPar,ISPD98_ibm07.hgr,no,no,7,64,0.03,0.0292479,8.57694,cut,14683,8027,no
rKaHyPar,ISPD98_ibm07.hgr,no,no,8,64,0.03,0.0292479,11.6935,cut,14731,8091,no
rKaHyPar,ISPD98_ibm07.hgr,no,no,9,64,0.03,0.0278552,12.195,cut,14984,8109,no
rKaHyPar,ISPD98_ibm07.hgr,no,no,0,8,0.03,0.0256053,4.42343,cut,4423,3431,no
rKaHyPar,ISPD98_ibm07.hgr,no,no,1,8,0.03,0.0217732,4.42386,cut,4579,3457,no
rKaHyPar,ISPD98_ibm07.hgr,no,no,2,8,0.03,0.0294374,4.41507,cut,4383,3383,no
rKaHyPar,ISPD98_ibm07.hgr,no,no,3,8,0.03,0.0134123,6.23184,cut,4457,3481,no
rKaHyPar,ISPD98_ibm07.hgr,no,no,4,8,0.03,0.0259537,5.91216,cut,4473,3501,no
rKaHyPar,ISPD98_ibm07.hgr,no,no,5,8,0.03,0.0299599,4.20256,cut,4312,3406,no
rKaHyPar,ISPD98_ibm07.hgr,no,no,6,8,0.03,0.0259537,6.20741,cut,4634,3551,no
rKaHyPar,ISPD98_ibm07.hgr,no,no,7,8,0.03,0.029089,6.05556,cut,4520,3483,no
rKaHyPar,ISPD98_ibm07.hgr,no,no,8,8,0.03,0.00888347,4.42173,cut,4500,3429,no
rKaHyPar,ISPD98_ibm07.hgr,no,no,9,8,0.03,0.0195088,6.01211,cut,4289,3383,no
rKaHyPar,ISPD98_ibm08.hgr,no,no,0,128,0.03,0.0299252,18.0028,cut,23695,9876,no
rKaHyPar,ISPD98_ibm08.hgr,no,no,1,128,0.03,0.0299252,13.1332,cut,23843,9952,no
rKaHyPar,ISPD98_ibm08.hgr,no,no,2,128,0.03,0.0299252,13.0607,cut,23383,9824,no
rKaHyPar,ISPD98_ibm08.hgr,no,no,3,128,0.03,0.0299252,12.9456,cut,23198,9816,no
rKaHyPar,ISPD98_ibm08.hgr,no,no,4,128,0.03,0.0299252,17.8625,cut,23371,10002,no
rKaHyPar,ISPD98_ibm08.hgr,no,no,5,128,0.03,0.0299252,17.5291,cut,23039,9871,no
rKaHyPar,ISPD98_ibm08.hgr,no,no,6,128,0.03,0.0299252,13.3268,cut,23816,10026,no
rKaHyPar,ISPD98_ibm08.hgr,no,no,7,128,0.03,0.0299252,17.9762,cut,23272,9992,no
rKaHyPar,ISPD98_ibm08.hgr,no,no,8,128,0.03,0.0274314,17.7411,cut,23109,9884,no
rKaHyPar,ISPD98_ibm08.hgr,no,no,9,128,0.03,0.0299252,13.0585,cut,23168,9894,no
rKaHyPar,ISPD98_ibm08.hgr,no,no,0,16,0.03,0.0299345,10.5627,cut,7844,4949,no
rKaHyPar,ISPD98_ibm08.hgr,no,no,1,16,0.03,0.0296227,10.5327,cut,7516,4999,no
rKaHyPar,ISPD98_ibm08.hgr,no,no,2,16,0.03,0.0289991,10.5096,cut,7782,5019,no
rKaHyPar,ISPD98_ibm08.hgr,no,no,3,16,0.03,0.0299345,7.5812,cut,7889,4981,no
rKaHyPar,ISPD98_ibm08.hgr,no,no,4,16,0.03,0.0299345,7.51053,cut,7788,4939,no
rKaHyPar,ISPD98_ibm08.hgr,no,no,5,16,0.03,0.0280636,10.2922,cut,7891,4960,no
rKaHyPar,ISPD98_ibm08.hgr,no,no,6,16,0.03,0.0299345,7.59509,cut,7768,4977,no
rKaHyPar,ISPD98_ibm08.hgr,no,no,7,16,0.03,0.0299345,10.3801,cut,7678,4909,no
rKaHyPar,ISPD98_ibm08.hgr,no,no,8,16,0.03,0.0289991,7.51801,cut,7743,4996,no
rKaHyPar,ISPD98_ibm08.hgr,no,no,9,16,0.03,0.0299345,7.61033,cut,7743,4965,no
rKaHyPar,ISPD98_ibm08.hgr,no,no,0,2,0.03,0.00541805,3.08465,cut,1157,1157,no
rKaHyPar,ISPD98_ibm08.hgr,no,no,1,2,0.03,0,3.02588,cut,1140,1140,no
rKaHyPar,ISPD98_ibm08.hgr,no,no,2,2,0.03,0.00541805,3.06285,cut,1157,1157,no
rKaHyPar,ISPD98_ibm08.hgr,no,no,3,2,0.03,0,2.17852,cut,1140,1140,no
rKaHyPar,ISPD98_ibm08.hgr,no,no,4,2,0.03,0,2.2295,cut,1140,1140,no
rKaHyPar,ISPD98_ibm08.hgr,no,no,5,2,0.03,0,3.07629,cut,1140,1140,no
rKaHyPar,ISPD98_ibm08.hgr,no,no,6,2,0.03,0,2.23959,cut,1140,1140,no
rKaHyPar,ISPD98_ibm08.hgr,no,no,7,2,0.03,0,3.02286,cut,1140,1140,no
rKaHyPar,ISPD98_ibm08.hgr,no,no,8,2,0.03,0.00541805,2.2239,cut,1157,1157,no
rKaHyPar,ISPD98_ibm08.hgr,no,no,9,2,0.03,0,2.3202,cut,1140,1140,no
rKaHyPar,ISPD98_ibm08.hgr,no,no,0,32,0.03,0.0224439,12.7667,cut,11408,6424,no
rKaHyPar,ISPD98_ibm08.hgr,no,no,1,32,0.03,0.0299252,9.07497,cut,11482,6504,no
rKaHyPar,ISPD98_ibm08.hgr,no,no,2,32,0.03,0.0299252,12.5335,cut,11483,6491,no
rKaHyPar,ISPD98_ibm08.hgr,no,no,3,32,0.03,0.0286783,9.11771,cut,11199,6455,no
rKaHyPar,ISPD98_ibm08.hgr,no,no,4,32,0.03,0.0280549,9.30145,cut,11610,6524,no
rKaHyPar,ISPD98_ibm08.hgr,no,no,5,32,0.03,0.0293017,12.4905,cut,11598,6557,no
rKaHyPar,ISPD98_ibm08.hgr,no,no,6,32,0.03,0.0293017,12.7756,cut,11678,6622,no
rKaHyPar,ISPD98_ibm08.hgr,no,no,7,32,0.03,0.0293017,12.8251,cut,11353,6434,no
rKaHyPar,ISPD98_ibm08.hgr,no,no,8,32,0.03,0.0299252,9.18495,cut,11133,6395,no
rKaHyPar,ISPD98_ibm08.hgr,no,no,9,32,0.03,0.0293017,9.19797,cut,11305,6454,no
rKaHyPar,ISPD98_ibm08.hgr,no,no,0,4,0.03,0.00397568,5.83519,cut,2925,2534,no
rKaHyPar,ISPD98_ibm08.hgr,no,no,1,4,0.03,0.00826317,4.24726,cut,2828,2465,no
rKaHyPar,ISPD98_ibm08.hgr,no,no,2,4,0.03,0.0210477,5.69461,cut,2803,2424,no
rKaHyPar,ISPD98_ibm08.hgr,no,no,3,4,0.03,0.00904272,5.72206,cut,2837,2471,no
rKaHyPar,ISPD98_ibm08.hgr,no,no,4,4,0.03,0.0155909,4.24006,cut,2851,2467,no
rKaHyPar,ISPD98_ibm08.hgr,no,no,5,4,0.03,0.0296227,4.46918,cut,2882,2470,no
rKaHyPar,ISPD98_ibm08.hgr,no,no,6,4,0.03,0.0284534,4.33367,cut,2860,2472,no
rKaHyPar,ISPD98_ibm08.hgr,no,no,7,4,0.03,0.0289211,4.45912,cut,2818,2475,no
rKaHyPar,ISPD98_ibm08.hgr,no,no,8,4,0.03,0.0103679,6.09185,cut,2839,2466,no
rKaHyPar,ISPD98_ibm08.hgr,no,no,9,4,0.03,0.0297786,6.30119,cut,2873,2470,no
rKaHyPar,ISPD98_ibm08.hgr,no,no,0,64,0.03,0.0299252,15.4139,cut,16993,8136,no
rKaHyPar,ISPD98_ibm08.hgr,no,no,1,64,0.03,0.0299252,14.9792,cut,16476,8183,no
rKaHyPar,ISPD98_ibm08.hgr,no,no,2,64,0.03,0.0299252,10.908,cut,16773,8140,no
rKaHyPar,ISPD98_ibm08.hgr,no,no,3,64,0.03,0.0299252,10.7222,cut,16777,8305,no
rKaHyPar,ISPD98_ibm08.hgr,no,no,4,64,0.03,0.0299252,14.9207,cut,16578,8266,no
rKaHyPar,ISPD98_ibm08.hgr,no,no,5,64,0.03,0.0299252,14.9262,cut,16853,8231,no
rKaHyPar,ISPD98_ibm08.hgr,no,no,6,64,0.03,0.0299252,10.6758,cut,16841,8235,no
rKaHyPar,ISPD98_ibm08.hgr,no,no,7,64,0.03,0.0299252,10.8208,cut,16642,8121,no
rKaHyPar,ISPD98_ibm08.hgr,no,no,8,64,0.03,0.0299252,15.2189,cut,16614,8198,no
rKaHyPar,ISPD98_ibm08.hgr,no,no,9,64,0.03,0.0299252,14.8481,cut,16777,8270,no
rKaHyPar,ISPD98_ibm08.hgr,no,no,0,8,0.03,0.00405363,7.90186,cut,5127,3639,no
rKaHyPar,ISPD98_ibm08.hgr,no,no,1,8,0.03,0.0268163,5.6943,cut,4997,3621,no
rKaHyPar,ISPD98_ibm08.hgr,no,no,2,8,0.03,0.01715,5.7548,cut,5052,3608,no
rKaHyPar,ISPD98_ibm08.hgr,no,no,3,8,0.03,0.0283754,8.07881,cut,4995,3706,no
rKaHyPar,ISPD98_ibm08.hgr,no,no,4,8,0.03,0.0277518,8.15063,cut,5034,3775,no
rKaHyPar,ISPD98_ibm08.hgr,no,no,5,8,0.03,0.025725,5.99297,cut,5101,3800,no
rKaHyPar,ISPD98_ibm08.hgr,no,no,6,8,0.03,0.0279077,8.26019,cut,4974,3758,no
rKaHyPar,ISPD98_ibm08.hgr,no,no,7,8,0.03,0.0272841,8.19501,cut,4912,3706,no
rKaHyPar,ISPD98_ibm08.hgr,no,no,8,8,0.03,0.025725,5.9153,cut,4976,3702,no
rKaHyPar,ISPD98_ibm08.hgr,no,no,9,8,0.03,0.0289991,8.14533,cut,4966,3741,no
rKaHyPar,ISPD98_ibm09.hgr,no,no,0,128,0.03,0.0287081,17.2887,cut,16848,9771,no
rKaHyPar,ISPD98_ibm09.hgr,no,no,1,128,0.03,0.0287081,12.6171,cut,16926,9819,no
rKaHyPar,ISPD98_ibm09.hgr,no,no,2,128,0.03,0.0287081,12.57,cut,16876,9747,no
rKaHyPar,ISPD98_ibm09.hgr,no,no,3,128,0.03,0.0287081,12.6581,cut,16801,9815,no
rKaHyPar,ISPD98_ibm09.hgr,no,no,4,128,0.03,0.0287081,17.2399,cut,16766,9804,no
rKaHyPar,ISPD98_ibm09.hgr,no,no,5,128,0.03,0.0287081,17.3361,cut,16584,9664,no
rKaHyPar,ISPD98_ibm09.hgr,no,no,6,128,0.03,0.0287081,12.7498,cut,16725,9710,no
rKaHyPar,ISPD98_ibm09.hgr,no,no,7,128,0.03,0.0287081,17.2048,cut,16847,9724,no
rKaHyPar,ISPD98_ibm09.hgr,no,no,8,128,0.03,0.0287081,17.1732,cut,16784,9740,no
rKaHyPar,ISPD98_ibm09.hgr,no,no,9,128,0.03,0.0287081,12.6768,cut,16726,9681,no
rKaHyPar,ISPD98_ibm09.hgr,no,no,0,16,0.03,0.0299581,8.9366,cut,5243,3958,no
rKaHyPar,ISPD98_ibm09.hgr,no,no,1,16,0.03,0.027861,8.90963,cut,4967,3947,no
rKaHyPar,ISPD98_ibm09.hgr,no,no,2,16,0.03,0.0293589,8.70867,cut,5026,3949,no
rKaHyPar,ISPD98_ibm09.hgr,no,no,3,16,0.03,0.0299581,6.67586,cut,5204,3948,no
rKaHyPar,ISPD98_ibm09.hgr,no,no,4,16,0.03,0.0299581,7.03078,cut,5067,3998,no
rKaHyPar,ISPD98_ibm09.hgr,no,no,5,16,0.03,0.0293589,8.97343,cut,4938,3946,no
rKaHyPar,ISPD98_ibm09.hgr,no,no,6,16,0.03,0.0287597,6.70681,cut,5091,3955,no
rKaHyPar,ISPD98_ibm09.hgr,no,no,7,16,0.03,0.0293589,8.81667,cut,5108,3932,no
rKaHyPar,ISPD98_ibm09.hgr,no,no,8,16,0.03,0.0299581,6.63694,cut,5132,4028,no
rKaHyPar,ISPD98_ibm09.hgr,no,no,9,16,0.03,0.0293589,6.56137,cut,5173,4006,no
rKaHyPar,ISPD98_ibm09.hgr,no,no,0,2,0.03,0.0266312,2.6936,cut,620,620,no
rKaHyPar,ISPD98_ibm09.hgr,no,no,1,2,0.03,0.0266312,2.75014,cut,620,620,no
rKaHyPar,ISPD98_ibm09.hgr,no,no,2,2,0.03,0.0266312,2.69627,cut,620,620,no
rKaHyPar,ISPD98_ibm09.hgr,no,no,3,2,0.03,0.0266312,2.00117,cut,620,620,no
rKaHyPar,ISPD98_ibm09.hgr,no,no,4,2,0.03,0.0266312,2.02981,cut,620,620,no
rKaHyPar,ISPD98_ibm09.hgr,no,no,5,2,0.03,0.0266312,2.68728,cut,620,620,no
rKaHyPar,ISPD98_ibm09.hgr,no,no,6,2,0.03,0.0266312,1.88721,cut,620,620,no
rKaHyPar,ISPD98_ibm09.hgr,no,no,7,2,0.03,0.0266312,2.62099,cut,620,620,no
rKaHyPar,ISPD98_ibm09.hgr,no,no,8,2,0.03,0.0266312,1.96015,cut,620,620,no
rKaHyPar,ISPD98_ibm09.hgr,no,no,9,2,0.03,0.0266312,2.03847,cut,620,620,no
rKaHyPar,ISPD98_ibm09.hgr,no,no,0,32,0.03,0.0299581,11.3152,cut,7686,5531,no
rKaHyPar,ISPD98_ibm09.hgr,no,no,1,32,0.03,0.0287597,8.10431,cut,7865,5513,no
rKaHyPar,ISPD98_ibm09.hgr,no,no,2,32,0.03,0.0287597,11.2661,cut,7649,5495,no
rKaHyPar,ISPD98_ibm09.hgr,no,no,3,32,0.03,0.0293589,8.06957,cut,7992,5524,no
rKaHyPar,ISPD98_ibm09.hgr,no,no,4,32,0.03,0.0269623,8.18221,cut,7781,5506,no
rKaHyPar,ISPD98_ibm09.hgr,no,no,5,32,0.03,0.0299581,11.0118,cut,7675,5468,no
rKaHyPar,ISPD98_ibm09.hgr,no,no,6,32,0.03,0.0275614,11.181,cut,7830,5462,no
rKaHyPar,ISPD98_ibm09.hgr,no,no,7,32,0.03,0.0287597,11.3186,cut,7797,5594,no
rKaHyPar,ISPD98_ibm09.hgr,no,no,8,32,0.03,0.0293589,8.62901,cut,7757,5486,no
rKaHyPar,ISPD98_ibm09.hgr,no,no,9,32,0.03,0.0299581,8.1936,cut,7913,5571,no
rKaHyPar,ISPD98_ibm09.hgr,no,no,0,4,0.03,0.025545,4.9091,cut,1834,1694,no
rKaHyPar,ISPD98_ibm09.hgr,no,no,1,4,0.03,0.0219492,3.73574,cut,1877,1710,no
rKaHyPar,ISPD98_ibm09.hgr,no,no,2,4,0.03,0.022998,4.86237,cut,1866,1691,no
rKaHyPar,ISPD98_ibm09.hgr,no,no,3,4,0.03,0.022998,4.90765,cut,1865,1690,no
rKaHyPar,ISPD98_ibm09.hgr,no,no,4,4,0.03,0.0267436,3.77204,cut,1978,1786,no
rKaHyPar,ISPD98_ibm09.hgr,no,no,5,4,0.03,0.0264439,3.71047,cut,1824,1694,no
rKaHyPar,ISPD98_ibm09.hgr,no,no,6,4,0.03,0.0232227,3.5841,cut,1850,1695,no
rKaHyPar,ISPD98_ibm09.hgr,no,no,7,4,0.03,0.0249457,3.63334,cut,1844,1694,no
rKaHyPar,ISPD98_ibm09.hgr,no,no,8,4,0.03,0.0229231,4.95256,cut,1871,1712,no
rKaHyPar,ISPD98_ibm09.hgr,no,no,9,4,0.03,0.0295902,4.99053,cut,1969,1804,no
rKaHyPar,ISPD98_ibm09.hgr,no,no,0,64,0.03,0.0299401,13.8019,cut,11571,7542,no
rKaHyPar,ISPD98_ibm09.hgr,no,no,1,64,0.03,0.0299401,13.6696,cut,11400,7521,no
rKaHyPar,ISPD98_ibm09.hgr,no,no,2,64,0.03,0.0299401,10.1559,cut,11586,7511,no
rKaHyPar,ISPD98_ibm09.hgr,no,no,3,64,0.03,0.0299401,10.3987,cut,11625,7547,no
rKaHyPar,ISPD98_ibm09.hgr,no,no,4,64,0.03,0.0299401,13.6316,cut,11361,7513,no
rKaHyPar,ISPD98_ibm09.hgr,no,no,5,64,0.03,0.0299401,13.8189,cut,11752,7545,no
rKaHyPar,ISPD98_ibm09.hgr,no,no,6,64,0.03,0.0299401,10.0922,cut,11719,7652,no
rKaHyPar,ISPD98_ibm09.hgr,no,no,7,64,0.03,0.0299401,10.2093,cut,11355,7481,no
rKaHyPar,ISPD98_ibm09.hgr,no,no,8,64,0.03,0.0299401,13.9112,cut,11520,7562,no
rKaHyPar,ISPD98_ibm09.hgr,no,no,9,64,0.03,0.0299401,13.8787,cut,11383,7452,no
rKaHyPar,ISPD98_ibm09.hgr,no,no,0,8,0.03,0.0293633,5.91238,cut,3212,2791,no
rKaHyPar,ISPD98_ibm09.hgr,no,no,1,8,0.03,0.0118352,4.95568,cut,3357,2800,no
rKaHyPar,ISPD98_ibm09.hgr,no,no,2,8,0.03,0.0131835,4.92429,cut,3334,2897,no
rKaHyPar,ISPD98_ibm09.hgr,no,no,3,8,0.03,0.0292135,6.81428,cut,3290,2765,no
rKaHyPar,ISPD98_ibm09.hgr,no,no,4,8,0.03,0.028764,7.5639,cut,3226,2729,no
rKaHyPar,ISPD98_ibm09.hgr,no,no,5,8,0.03,0.0169288,5.07422,cut,3350,2759,no
rKaHyPar,ISPD98_ibm09.hgr,no,no,6,8,0.03,0.0295131,8.00427,cut,3296,2786,no
rKaHyPar,ISPD98_ibm09.hgr,no,no,7,8,0.03,0.0295131,7.45593,cut,3262,2756,no
rKaHyPar,ISPD98_ibm09.hgr,no,no,8,8,0.03,0.02397,4.97984,cut,3314,2858,no
rKaHyPar,ISPD98_ibm09.hgr,no,no,9,8,0.03,0.0217228,7.00902,cut,3275,2759,no
rKaHyPar,ISPD98_ibm10.hgr,no,no,0,128,0.03,0.0294659,22.5094,cut,27055,14948,no
rKaHyPar,ISPD98_ibm10.hgr,no,no,1,128,0.03,0.0294659,16.304,cut,26879,14934,no
rKaHyPar,ISPD98_ibm10.hgr,no,no,2,128,0.03,0.0294659,16.2354,cut,26673,14846,no
rKaHyPar,ISPD98_ibm10.hgr,no,no,3,128,0.03,0.0294659,16.2602,cut,27104,14970,no
rKaHyPar,ISPD98_ibm10.hgr,no,no,4,128,0.03,0.0294659,22.1078,cut,26064,14926,no
rKaHyPar,ISPD98_ibm10.hgr,no,no,5,128,0.03,0.0294659,21.9765,cut,26232,14930,no
rKaHyPar,ISPD98_ibm10.hgr,no,no,6,128,0.03,0.0294659,16.2519,cut,26732,14940,no
rKaHyPar,ISPD98_ibm10.hgr,no,no,7,128,0.03,0.0294659,22.1313,cut,26329,14980,no
rKaHyPar,ISPD98_ibm10.hgr,no,no,8,128,0.03,0.0294659,22.2163,cut,26808,14998,no
rKaHyPar,ISPD98_ibm10.hgr,no,no,9,128,0.03,0.0294659,16.1511,cut,26400,14795,no
rKaHyPar,ISPD98_ibm10.hgr,no,no,0,16,0.03,0.0297235,12.6674,cut,8019,6332,no
rKaHyPar,ISPD98_ibm10.hgr,no,no,1,16,0.03,0.0299539,11.9993,cut,7969,6334,no
rKaHyPar,ISPD98_ibm10.hgr,no,no,2,16,0.03,0.0299539,12.4432,cut,8212,6100,no
rKaHyPar,ISPD98_ibm10.hgr,no,no,3,16,0.03,0.0294931,9.23997,cut,8581,6075,no
rKaHyPar,ISPD98_ibm10.hgr,no,no,4,16,0.03,0.0299539,9.42132,cut,8047,6180,no
rKaHyPar,ISPD98_ibm10.hgr,no,no,5,16,0.03,0.0299539,12.4694,cut,7933,6331,no
rKaHyPar,ISPD98_ibm10.hgr,no,no,6,16,0.03,0.0299539,9.52138,cut,8007,6199,no
rKaHyPar,ISPD98_ibm10.hgr,no,no,7,16,0.03,0.0290323,12.5648,cut,8348,6325,no
rKaHyPar,ISPD98_ibm10.hgr,no,no,8,16,0.03,0.0294931,9.34398,cut,8175,6040,no
rKaHyPar,ISPD98_ibm10.hgr,no,no,9,16,0.03,0.0299539,9.71593,cut,8170,6135,no
rKaHyPar,ISPD98_ibm10.hgr,no,no,0,2,0.03,0.0255509,4.47939,cut,1475,1475,no
rKaHyPar,ISPD98_ibm10.hgr,no,no,1,2,0.03,0.023909,4.1849,cut,1475,1475,no
rKaHyPar,ISPD98_ibm10.hgr,no,no,2,2,0.03,0.0172548,4.00855,cut,1309,1309,no
rKaHyPar,ISPD98_ibm10.hgr,no,no,3,2,0.03,0.00178597,2.81625,cut,1369,1369,no
rKaHyPar,ISPD98_ibm10.hgr,no,no,4,2,0.03,0.0114936,3.19143,cut,1470,1470,no
rKaHyPar,ISPD98_ibm10.hgr,no,no,5,2,0.03,0.0297566,4.27383,cut,1458,1458,no
rKaHyPar,ISPD98_ibm10.hgr,no,no,6,2,0.03,0.00178597,3.03436,cut,1369,1369,no
rKaHyPar,ISPD98_ibm10.hgr,no,no,7,2,0.03,0.0111767,3.9411,cut,1471,1471,no
rKaHyPar,ISPD98_ibm10.hgr,no,no,8,2,0.03,0.0244563,3.01406,cut,1313,1313,no
rKaHyPar,ISPD98_ibm10.hgr,no,no,9,2,0.03,0.0110039,2.9376,cut,1318,1318,no
rKaHyPar,ISPD98_ibm10.hgr,no,no,0,32,0.03,0.0299539,15.4769,cut,12144,8657,no
rKaHyPar,ISPD98_ibm10.hgr,no,no,1,32,0.03,0.0299539,11.1954,cut,12542,8796,no
rKaHyPar,ISPD98_ibm10.hgr,no,no,2,32,0.03,0.0294931,15.1741,cut,12128,8596,no
rKaHyPar,ISPD98_ibm10.hgr,no,no,3,32,0.03,0.0294931,11.1697,cut,12451,8678,no
rKaHyPar,ISPD98_ibm10.hgr,no,no,4,32,0.03,0.0299539,11.0007,cut,11889,8495,no
rKaHyPar,ISPD98_ibm10.hgr,no,no,5,32,0.03,0.0294931,15.3854,cut,11935,8794,no
rKaHyPar,ISPD98_ibm10.hgr,no,no,6,32,0.03,0.0299539,15.4674,cut,12134,8621,no
rKaHyPar,ISPD98_ibm10.hgr,no,no,7,32,0.03,0.0299539,15.3579,cut,12074,8555,no
rKaHyPar,ISPD98_ibm10.hgr,no,no,8,32,0.03,0.0299539,11.1861,cut,12208,8661,no
rKaHyPar,ISPD98_ibm10.hgr,no,no,9,32,0.03,0.0299539,11.3102,cut,12056,8498,no
rKaHyPar,ISPD98_ibm10.hgr,no,no,0,4,0.03,0.029266,7.49226,cut,2753,2630,no
rKaHyPar,ISPD98_ibm10.hgr,no,no,1,4,0.03,0.0235626,5.53161,cut,2682,2474,no
rKaHyPar,ISPD98_ibm10.hgr,no,no,2,4,0.03,0.0255214,7.54257,cut,2827,2525,no
rKaHyPar,ISPD98_ibm10.hgr,no,no,3,4,0.03,0.0273073,8.97673,cut,2871,2502,no
rKaHyPar,ISPD98_ibm10.hgr,no,no,4,4,0.03,0.0256366,5.68579,cut,2737,2436,no
rKaHyPar,ISPD98_ibm10.hgr,no,no,5,4,0.03,0.0254638,5.04584,cut,2656,2534,no
rKaHyPar,ISPD98_ibm10.hgr,no,no,6,4,0.03,0.0297845,6.038,cut,2798,2430,no
rKaHyPar,ISPD98_ibm10.hgr,no,no,7,4,0.03,0.0299574,7.948,cut,3118,2749,no
rKaHyPar,ISPD98_ibm10.hgr,no,no,8,4,0.03,0.0295541,7.44189,cut,2747,2461,no
rKaHyPar,ISPD98_ibm10.hgr,no,no,9,4,0.03,0.0298421,7.61584,cut,2828,2483,no
rKaHyPar,ISPD98_ibm10.hgr,no,no,0,64,0.03,0.0294931,18.5434,cut,18662,11862,no
rKaHyPar,ISPD98_ibm10.hgr,no,no,1,64,0.03,0.0294931,18.3221,cut,18522,12027,no
rKaHyPar,ISPD98_ibm10.hgr,no,no,2,64,0.03,0.0294931,13.8239,cut,18840,11964,no
rKaHyPar,ISPD98_ibm10.hgr,no,no,3,64,0.03,0.0294931,13.3281,cut,18400,11925,no
rKaHyPar,ISPD98_ibm10.hgr,no,no,4,64,0.03,0.0294931,13.3933,cut,18558,11823,no
rKaHyPar,ISPD98_ibm10.hgr,no,no,5,64,0.03,0.0294931,18.1099,cut,18169,11902,no
rKaHyPar,ISPD98_ibm10.hgr,no,no,6,64,0.03,0.0285714,13.3971,cut,18179,11930,no
rKaHyPar,ISPD98_ibm10.hgr,no,no,7,64,0.03,0.0294931,13.3886,cut,18596,11919,no
rKaHyPar,ISPD98_ibm10.hgr,no,no,8,64,0.03,0.0294931,18.5754,cut,18607,11788,no
rKaHyPar,ISPD98_ibm10.hgr,no,no,9,64,0.03,0.0294931,18.5012,cut,18377,11822,no
rKaHyPar,ISPD98_ibm10.hgr,no,no,0,8,0.03,0.023505,8.16514,cut,5049,4299,no
rKaHyPar,ISPD98_ibm10.hgr,no,no,1,8,0.03,0.0299574,8.31518,cut,5059,4454,no
rKaHyPar,ISPD98_ibm10.hgr,no,no,2,8,0.03,0.0297269,7.1651,cut,5086,4346,no
rKaHyPar,ISPD98_ibm10.hgr,no,no,3,8,0.03,0.0298421,10.9347,cut,5424,4359,no
rKaHyPar,ISPD98_ibm10.hgr,no,no,4,8,0.03,0.0281138,11.3386,cut,4994,4280,no
rKaHyPar,ISPD98_ibm10.hgr,no,no,5,8,0.03,0.0293813,7.62092,cut,4918,4166,no
rKaHyPar,ISPD98_ibm10.hgr,no,no,6,8,0.03,0.0284595,11.322,cut,4966,4270,no
rKaHyPar,ISPD98_ibm10.hgr,no,no,7,8,0.03,0.0210854,7.63664,cut,4901,4200,no
rKaHyPar,ISPD98_ibm10.hgr,no,no,8,8,0.03,0.0291508,8.90287,cut,5424,4452,no
rKaHyPar,ISPD98_ibm10.hgr,no,no,9,8,0.03,0.0288052,11.0648,cut,5134,4192,no
rKaHyPar,ISPD98_ibm11.hgr,no,no,0,128,0.03,0.0289855,20.9747,cut,21384,13157,no
rKaHyPar,ISPD98_ibm11.hgr,no,no,1,128,0.03,0.0289855,15.6418,cut,21254,13046,no
rKaHyPar,ISPD98_ibm11.hgr,no,no,2,128,0.03,0.0289855,15.6008,cut,21323,13114,no
rKaHyPar,ISPD98_ibm11.hgr,no,no,3,128,0.03,0.0289855,15.5111,cut,21380,13068,no
rKaHyPar,ISPD98_ibm11.hgr,no,no,4,128,0.03,0.0289855,20.8278,cut,21639,13126,no
rKaHyPar,ISPD98_ibm11.hgr,no,no,5,128,0.03,0.0289855,20.9936,cut,21732,13009,no
rKaHyPar,ISPD98_ibm11.hgr,no,no,6,128,0.03,0.0289855,15.5346,cut,21000,13007,no
rKaHyPar,ISPD98_ibm11.hgr,no,no,7,128,0.03,0.0289855,21.5473,cut,21386,13101,no
rKaHyPar,ISPD98_ibm11.hgr,no,no,8,128,0.03,0.0289855,21.3119,cut,21313,13040,no
rKaHyPar,ISPD98_ibm11.hgr,no,no,9,128,0.03,0.0289855,15.5776,cut,21189,12944,no
rKaHyPar,ISPD98_ibm11.hgr,no,no,0,16,0.03,0.0297052,11.7864,cut,6830,5535,no
rKaHyPar,ISPD98_ibm11.hgr,no,no,1,16,0.03,0.029932,11.8901,cut,6818,5478,no
rKaHyPar,ISPD98_ibm11.hgr,no,no,2,16,0.03,0.029932,12.1008,cut,6966,5678,no
rKaHyPar,ISPD98_ibm11.hgr,no,no,3,16,0.03,0.029932,8.52256,cut,7115,5561,no
rKaHyPar,ISPD98_ibm11.hgr,no,no,4,16,0.03,0.029932,8.38238,cut,7051,5593,no
rKaHyPar,ISPD98_ibm11.hgr,no,no,5,16,0.03,0.0297052,11.2912,cut,6981,5650,no
rKaHyPar,ISPD98_ibm11.hgr,no,no,6,16,0.03,0.029932,8.56635,cut,6868,5536,no
rKaHyPar,ISPD98_ibm11.hgr,no,no,7,16,0.03,0.0297052,11.6003,cut,6919,5507,no
rKaHyPar,ISPD98_ibm11.hgr,no,no,8,16,0.03,0.029932,8.78891,cut,6702,5540,no
rKaHyPar,ISPD98_ibm11.hgr,no,no,9,16,0.03,0.029932,8.79859,cut,6609,5368,no
rKaHyPar,ISPD98_ibm11.hgr,no,no,0,2,0.03,0.0238669,3.6827,cut,1086,1086,no
rKaHyPar,ISPD98_ibm11.hgr,no,no,1,2,0.03,0.0238669,3.7885,cut,1086,1086,no
rKaHyPar,ISPD98_ibm11.hgr,no,no,2,2,0.03,0.0299895,4.18512,cut,1078,1078,no
rKaHyPar,ISPD98_ibm11.hgr,no,no,3,2,0.03,0.0282037,2.95529,cut,1076,1076,no
rKaHyPar,ISPD98_ibm11.hgr,no,no,4,2,0.03,0.028062,2.75018,cut,1063,1063,no
rKaHyPar,ISPD98_ibm11.hgr,no,no,5,2,0.03,0.0289124,3.71099,cut,1062,1062,no
rKaHyPar,ISPD98_ibm11.hgr,no,no,6,2,0.03,0.0273534,2.79064,cut,1077,1077,no
rKaHyPar,ISPD98_ibm11.hgr,no,no,7,2,0.03,0.0261912,3.66398,cut,1064,1064,no
rKaHyPar,ISPD98_ibm11.hgr,no,no,8,2,0.03,0.0289124,2.79155,cut,1062,1062,no
rKaHyPar,ISPD98_ibm11.hgr,no,no,9,2,0.03,0.0289124,2.77978,cut,1062,1062,no
rKaHyPar,ISPD98_ibm11.hgr,no,no,0,32,0.03,0.0290249,14.0805,cut,10313,7671,no
rKaHyPar,ISPD98_ibm11.hgr,no,no,1,32,0.03,0.0281179,10.4512,cut,10354,7719,no
rKaHyPar,ISPD98_ibm11.hgr,no,no,2,32,0.03,0.029932,14.0953,cut,10096,7535,no
rKaHyPar,ISPD98_ibm11.hgr,no,no,3,32,0.03,0.029932,10.7903,cut,10550,7569,no
rKaHyPar,ISPD98_ibm11.hgr,no,no,4,32,0.03,0.029932,10.5487,cut,10462,7628,no
rKaHyPar,ISPD98_ibm11.hgr,no,no,5,32,0.03,0.029932,14.1801,cut,10368,7526,no
rKaHyPar,ISPD98_ibm11.hgr,no,no,6,32,0.03,0.029932,14.3979,cut,10191,7543,no
rKaHyPar,ISPD98_ibm11.hgr,no,no,7,32,0.03,0.029932,14.6008,cut,10364,7666,no
rKaHyPar,ISPD98_ibm11.hgr,no,no,8,32,0.03,0.0285714,10.5667,cut,10193,7391,no
rKaHyPar,ISPD98_ibm11.hgr,no,no,9,32,0.03,0.0290249,10.6755,cut,10311,7524,no
rKaHyPar,ISPD98_ibm11.hgr,no,no,0,4,0.03,0.0296485,7.27728,cut,2731,2566,no
rKaHyPar,ISPD98_ibm11.hgr,no,no,1,4,0.03,0.0254535,5.27333,cut,2650,2514,no
rKaHyPar,ISPD98_ibm11.hgr,no,no,2,4,0.03,0.0299887,7.14414,cut,2675,2535,no
rKaHyPar,ISPD98_ibm11.hgr,no,no,3,4,0.03,0.027381,7.04199,cut,2737,2581,no
rKaHyPar,ISPD98_ibm11.hgr,no,no,4,4,0.03,0.0297619,5.68261,cut,2743,2599,no
rKaHyPar,ISPD98_ibm11.hgr,no,no,5,4,0.03,0.0296485,5.13678,cut,2669,2516,no
rKaHyPar,ISPD98_ibm11.hgr,no,no,6,4,0.03,0.0298186,6.14274,cut,2816,2618,no
rKaHyPar,ISPD98_ibm11.hgr,no,no,7,4,0.03,0.0232993,5.26922,cut,2772,2615,no
rKaHyPar,ISPD98_ibm11.hgr,no,no,8,4,0.03,0.0298753,7.08835,cut,2686,2542,no
rKaHyPar,ISPD98_ibm11.hgr,no,no,9,4,0.03,0.029932,7.78762,cut,2748,2575,no
rKaHyPar,ISPD98_ibm11.hgr,no,no,0,64,0.03,0.0299184,17.033,cut,14947,9932,no
rKaHyPar,ISPD98_ibm11.hgr,no,no,1,64,0.03,0.0290118,16.841,cut,15403,10004,no
rKaHyPar,ISPD98_ibm11.hgr,no,no,2,64,0.03,0.0299184,12.5458,cut,15033,9934,no
rKaHyPar,ISPD98_ibm11.hgr,no,no,3,64,0.03,0.0299184,12.561,cut,15149,9980,no
rKaHyPar,ISPD98_ibm11.hgr,no,no,4,64,0.03,0.0299184,12.2457,cut,15021,9917,no
rKaHyPar,ISPD98_ibm11.hgr,no,no,5,64,0.03,0.0299184,17.2481,cut,15041,9982,no
rKaHyPar,ISPD98_ibm11.hgr,no,no,6,64,0.03,0.0299184,12.3702,cut,14936,10018,no
rKaHyPar,ISPD98_ibm11.hgr,no,no,7,64,0.03,0.0299184,12.4993,cut,15328,10018,no
rKaHyPar,ISPD98_ibm11.hgr,no,no,8,64,0.03,0.0299184,16.8938,cut,14852,9900,no
rKaHyPar,ISPD98_ibm11.hgr,no,no,9,64,0.03,0.0299184,17.43,cut,14868,10008,no
rKaHyPar,ISPD98_ibm11.hgr,no,no,0,8,0.03,0.0278912,8.83688,cut,4319,3756,no
rKaHyPar,ISPD98_ibm11.hgr,no,no,1,8,0.03,0.0251701,6.60942,cut,4326,3726,no
rKaHyPar,ISPD98_ibm11.hgr,no,no,2,8,0.03,0.029932,6.67193,cut,4201,3681,no
rKaHyPar,ISPD98_ibm11.hgr,no,no,3,8,0.03,0.0291383,9.66839,cut,4311,3789,no
rKaHyPar,ISPD98_ibm11.hgr,no,no,4,8,0.03,0.029932,9.07366,cut,4547,3816,no
rKaHyPar,ISPD98_ibm11.hgr,no,no,5,8,0.03,0.0250567,6.49139,cut,4430,3843,no
rKaHyPar,ISPD98_ibm11.hgr,no,no,6,8,0.03,0.0255102,9.05954,cut,4219,3769,no
rKaHyPar,ISPD98_ibm11.hgr,no,no,7,8,0.03,0.0263039,6.60456,cut,4354,3799,no
rKaHyPar,ISPD98_ibm11.hgr,no,no,8,8,0.03,0.0277778,6.69995,cut,4449,3794,no
rKaHyPar,ISPD98_ibm11.hgr,no,no,9,8,0.03,0.0285714,9.15591,cut,4544,3930,no
rKaHyPar,ISPD98_ibm12.hgr,no,no,0,128,0.03,0.028777,23.8843,cut,33526,19196,no
rKaHyPar,ISPD98_ibm12.hgr,no,no,1,128,0.03,0.028777,17.2052,cut,32210,18869,no
rKaHyPar,ISPD98_ibm12.hgr,no,no,2,128,0.03,0.028777,17.1841,cut,32260,18928,no
rKaHyPar,ISPD98_ibm12.hgr,no,no,3,128,0.03,0.028777,17.2074,cut,33313,18896,no
rKaHyPar,ISPD98_ibm12.hgr,no,no,4,128,0.03,0.028777,23.7999,cut,32460,18892,no
rKaHyPar,ISPD98_ibm12.hgr,no,no,5,128,0.03,0.028777,17.5069,cut,32482,19203,no
rKaHyPar,ISPD98_ibm12.hgr,no,no,6,128,0.03,0.028777,17.511,cut,32841,19001,no
rKaHyPar,ISPD98_ibm12.hgr,no,no,7,128,0.03,0.028777,23.573,cut,33306,18812,no
rKaHyPar,ISPD98_ibm12.hgr,no,no,8,128,0.03,0.028777,17.6368,cut,32681,18780,no
rKaHyPar,ISPD98_ibm12.hgr,no,no,9,128,0.03,0.028777,17.3757,cut,32616,19308,no
rKaHyPar,ISPD98_ibm12.hgr,no,no,0,16,0.03,0.0294846,14.4083,cut,10562,8574,no
rKaHyPar,ISPD98_ibm12.hgr,no,no,1,16,0.03,0.0297097,13.1863,cut,10611,8691,no
rKaHyPar,ISPD98_ibm12.hgr,no,no,2,16,0.03,0.0299347,10.1774,cut,10972,8721,no
rKaHyPar,ISPD98_ibm12.hgr,no,no,3,16,0.03,0.0299347,10.2889,cut,10555,8671,no
rKaHyPar,ISPD98_ibm12.hgr,no,no,4,16,0.03,0.0297097,10.0989,cut,10733,8491,no
rKaHyPar,ISPD98_ibm12.hgr,no,no,5,16,0.03,0.0299347,13.5535,cut,10517,8555,no
rKaHyPar,ISPD98_ibm12.hgr,no,no,6,16,0.03,0.0294846,9.60163,cut,10775,8651,no
rKaHyPar,ISPD98_ibm12.hgr,no,no,7,16,0.03,0.0297097,13.4506,cut,10688,8619,no
rKaHyPar,ISPD98_ibm12.hgr,no,no,8,16,0.03,0.0283592,9.92671,cut,10547,8474,no
rKaHyPar,ISPD98_ibm12.hgr,no,no,9,16,0.03,0.0299347,10.3946,cut,10389,8397,no
rKaHyPar,ISPD98_ibm12.hgr,no,no,0,2,0.03,0.0294051,5.66205,cut,2164,2164,no
rKaHyPar,ISPD98_ibm12.hgr,no,no,1,2,0.03,0.0294051,5.45454,cut,2164,2164,no
rKaHyPar,ISPD98_ibm12.hgr,no,no,2,2,0.03,0.0294051,5.6716,cut,2164,2164,no
rKaHyPar,ISPD98_ibm12.hgr,no,no,3,2,0.03,0.00362992,3.48332,cut,2102,2102,no
rKaHyPar,ISPD98_ibm12.hgr,no,no,4,2,0.03,0.028561,4.15466,cut,2167,2167,no
rKaHyPar,ISPD98_ibm12.hgr,no,no,5,2,0.03,0.0247622,4.67514,cut,1936,1936,no
rKaHyPar,ISPD98_ibm12.hgr,no,no,6,2,0.03,0.0297428,3.6189,cut,2107,2107,no
rKaHyPar,ISPD98_ibm12.hgr,no,no,7,2,0.03,0,4.61811,cut,2067,2067,no
rKaHyPar,ISPD98_ibm12.hgr,no,no,8,2,0.03,0.00334853,3.67771,cut,2101,2101,no
rKaHyPar,ISPD98_ibm12.hgr,no,no,9,2,0.03,0.0294051,4.12859,cut,2164,2164,no
rKaHyPar,ISPD98_ibm12.hgr,no,no,0,32,0.03,0.0292529,16.579,cut,14839,11163,no
rKaHyPar,ISPD98_ibm12.hgr,no,no,1,32,0.03,0.029703,12.0123,cut,14448,10965,no
rKaHyPar,ISPD98_ibm12.hgr,no,no,2,32,0.03,0.029703,16.5528,cut,14806,10966,no
rKaHyPar,ISPD98_ibm12.hgr,no,no,3,32,0.03,0.029703,11.8866,cut,15116,11407,no
rKaHyPar,ISPD98_ibm12.hgr,no,no,4,32,0.03,0.029703,16.6036,cut,14775,11079,no
rKaHyPar,ISPD98_ibm12.hgr,no,no,5,32,0.03,0.029703,17.2388,cut,15504,11336,no
rKaHyPar,ISPD98_ibm12.hgr,no,no,6,32,0.03,0.0292529,16.8043,cut,14942,11222,no
rKaHyPar,ISPD98_ibm12.hgr,no,no,7,32,0.03,0.029703,11.9778,cut,14657,11116,no
rKaHyPar,ISPD98_ibm12.hgr,no,no,8,32,0.03,0.029703,12.7801,cut,14696,11040,no
rKaHyPar,ISPD98_ibm12.hgr,no,no,9,32,0.03,0.029703,12.2042,cut,14693,10995,no
rKaHyPar,ISPD98_ibm12.hgr,no,no,0,4,0.03,0.0298272,10.312,cut,4583,4201,no
rKaHyPar,ISPD98_ibm12.hgr,no,no,1,4,0.03,0.0265068,5.813,cut,4458,4202,no
rKaHyPar,ISPD98_ibm12.hgr,no,no,2,4,0.03,0.0298272,10.9476,cut,4343,4038,no
rKaHyPar,ISPD98_ibm12.hgr,no,no,3,4,0.03,0.0298835,9.63693,cut,4363,4031,no
rKaHyPar,ISPD98_ibm12.hgr,no,no,4,4,0.03,0.0269571,6.10081,cut,4674,4256,no
rKaHyPar,ISPD98_ibm12.hgr,no,no,5,4,0.03,0.0229051,6.87053,cut,4479,3953,no
rKaHyPar,ISPD98_ibm12.hgr,no,no,6,4,0.03,0.0296584,7.84504,cut,4440,4098,no
rKaHyPar,ISPD98_ibm12.hgr,no,no,7,4,0.03,0.0299961,8.50721,cut,4454,4137,no
rKaHyPar,ISPD98_ibm12.hgr,no,no,8,4,0.03,0.0286454,11.2808,cut,4311,4022,no
rKaHyPar,ISPD98_ibm12.hgr,no,no,9,4,0.03,0.0159829,9.42571,cut,4436,3933,no
rKaHyPar,ISPD98_ibm12.hgr,no,no,0,64,0.03,0.029703,19.9469,cut,22250,14909,no
rKaHyPar,ISPD98_ibm12.hgr,no,no,1,64,0.03,0.029703,19.6237,cut,21782,14498,no
rKaHyPar,ISPD98_ibm12.hgr,no,no,2,64,0.03,0.029703,14.7468,cut,21469,14696,no
rKaHyPar,ISPD98_ibm12.hgr,no,no,3,64,0.03,0.029703,14.3376,cut,22731,14953,no
rKaHyPar,ISPD98_ibm12.hgr,no,no,4,64,0.03,0.029703,14.3862,cut,21853,14652,no
rKaHyPar,ISPD98_ibm12.hgr,no,no,5,64,0.03,0.029703,19.7336,cut,21794,14852,no
rKaHyPar,ISPD98_ibm12.hgr,no,no,6,64,0.03,0.029703,14.4486,cut,22073,14834,no
rKaHyPar,ISPD98_ibm12.hgr,no,no,7,64,0.03,0.029703,14.366,cut,21678,14730,no
rKaHyPar,ISPD98_ibm12.hgr,no,no,8,64,0.03,0.029703,20.1642,cut,21558,14777,no
rKaHyPar,ISPD98_ibm12.hgr,no,no,9,64,0.03,0.029703,14.5005,cut,22111,14771,no
rKaHyPar,ISPD98_ibm12.hgr,no,no,0,8,0.03,0.0299381,10.9137,cut,7559,6371,no
rKaHyPar,ISPD98_ibm12.hgr,no,no,1,8,0.03,0.0221722,8.50666,cut,7371,6474,no
rKaHyPar,ISPD98_ibm12.hgr,no,no,2,8,0.03,0.0298255,7.84509,cut,7660,6520,no
rKaHyPar,ISPD98_ibm12.hgr,no,no,3,8,0.03,0.0299381,8.10373,cut,7394,6299,no
rKaHyPar,ISPD98_ibm12.hgr,no,no,4,8,0.03,0.0299381,11.8901,cut,7507,6413,no
rKaHyPar,ISPD98_ibm12.hgr,no,no,5,8,0.03,0.0299381,8.30552,cut,7554,6480,no
rKaHyPar,ISPD98_ibm12.hgr,no,no,6,8,0.03,0.0299381,11.0629,cut,7233,6262,no
rKaHyPar,ISPD98_ibm12.hgr,no,no,7,8,0.03,0.0299381,8.45011,cut,7477,6329,no
rKaHyPar,ISPD98_ibm12.hgr,no,no,8,8,0.03,0.0299381,8.30463,cut,7100,6240,no
rKaHyPar,ISPD98_ibm12.hgr,no,no,9,8,0.03,0.0299381,11.6078,cut,7306,6263,no
rKaHyPar,ISPD98_ibm13.hgr,no,no,0,128,0.03,0.0288754,27.2312,cut,27892,15748,no
rKaHyPar,ISPD98_ibm13.hgr,no,no,1,128,0.03,0.0288754,20.0815,cut,27565,15474,no
rKaHyPar,ISPD98_ibm13.hgr,no,no,2,128,0.03,0.0288754,20.2128,cut,27820,15732,no
rKaHyPar,ISPD98_ibm13.hgr,no,no,3,128,0.03,0.0288754,19.9899,cut,28401,15659,no
rKaHyPar,ISPD98_ibm13.hgr,no,no,4,128,0.03,0.0288754,27.5515,cut,28133,15617,no
rKaHyPar,ISPD98_ibm13.hgr,no,no,5,128,0.03,0.0288754,20.0238,cut,27941,15381,no
rKaHyPar,ISPD98_ibm13.hgr,no,no,6,128,0.03,0.0288754,20.3469,cut,27463,15574,no
rKaHyPar,ISPD98_ibm13.hgr,no,no,7,128,0.03,0.0288754,27.3873,cut,27968,15452,no
rKaHyPar,ISPD98_ibm13.hgr,no,no,8,128,0.03,0.0288754,19.9888,cut,27731,15485,no
rKaHyPar,ISPD98_ibm13.hgr,no,no,9,128,0.03,0.0288754,20.0354,cut,28277,15758,no
rKaHyPar,ISPD98_ibm13.hgr,no,no,0,16,0.03,0.0271708,17.735,cut,7338,5677,no
rKaHyPar,ISPD98_ibm13.hgr,no,no,1,16,0.03,0.0298309,18.0574,cut,7226,5589,no
rKaHyPar,ISPD98_ibm13.hgr,no,no,2,16,0.03,0.0294509,13.7195,cut,7353,5620,no
rKaHyPar,ISPD98_ibm13.hgr,no,no,3,16,0.03,0.0294509,14.8672,cut,7757,5838,no
rKaHyPar,ISPD98_ibm13.hgr,no,no,4,16,0.03,0.0298309,13.6589,cut,7521,5738,no
rKaHyPar,ISPD98_ibm13.hgr,no,no,5,16,0.03,0.0285009,17.2701,cut,7503,5644,no
rKaHyPar,ISPD98_ibm13.hgr,no,no,6,16,0.03,0.0283108,13.5907,cut,7445,5718,no
rKaHyPar,ISPD98_ibm13.hgr,no,no,7,16,0.03,0.0292609,18.5005,cut,7381,5723,no
rKaHyPar,ISPD98_ibm13.hgr,no,no,8,16,0.03,0.0296409,13.163,cut,7698,5751,no
rKaHyPar,ISPD98_ibm13.hgr,no,no,9,16,0.03,0.0279308,13.5082,cut,7228,5617,no
rKaHyPar,ISPD98_ibm13.hgr,no,no,0,2,0.03,0.004038,4.99682,cut,848,848,no
rKaHyPar,ISPD98_ibm13.hgr,no,no,1,2,0.03,0.004038,4.91716,cut,848,848,no
rKaHyPar,ISPD98_ibm13.hgr,no,no,2,2,0.03,0.004038,5.02865,cut,848,848,no
rKaHyPar,ISPD98_ibm13.hgr,no,no,3,2,0.03,0.004038,3.42428,cut,848,848,no
rKaHyPar,ISPD98_ibm13.hgr,no,no,4,2,0.03,0.0258907,3.59248,cut,831,831,no
rKaHyPar,ISPD98_ibm13.hgr,no,no,5,2,0.03,0.0169596,4.76876,cut,849,849,no
rKaHyPar,ISPD98_ibm13.hgr,no,no,6,2,0.03,0.004038,3.65026,cut,848,848,no
rKaHyPar,ISPD98_ibm13.hgr,no,no,7,2,0.03,0.004038,4.86772,cut,848,848,no
rKaHyPar,ISPD98_ibm13.hgr,no,no,8,2,0.03,0.0258907,3.5923,cut,831,831,no
rKaHyPar,ISPD98_ibm13.hgr,no,no,9,2,0.03,0.004038,3.57479,cut,848,848,no
rKaHyPar,ISPD98_ibm13.hgr,no,no,0,32,0.03,0.0296353,19.2592,cut,11893,7936,no
rKaHyPar,ISPD98_ibm13.hgr,no,no,1,32,0.03,0.0296353,13.973,cut,11323,7809,no
rKaHyPar,ISPD98_ibm13.hgr,no,no,2,32,0.03,0.0292553,18.9742,cut,10949,7568,no
rKaHyPar,ISPD98_ibm13.hgr,no,no,3,32,0.03,0.0296353,14.1376,cut,11632,7859,no
rKaHyPar,ISPD98_ibm13.hgr,no,no,4,32,0.03,0.0296353,19.1522,cut,11175,7692,no
rKaHyPar,ISPD98_ibm13.hgr,no,no,5,32,0.03,0.0296353,19.1654,cut,11542,7994,no
rKaHyPar,ISPD98_ibm13.hgr,no,no,6,32,0.03,0.0284954,19.1399,cut,11551,7881,no
rKaHyPar,ISPD98_ibm13.hgr,no,no,7,32,0.03,0.0296353,13.8777,cut,11400,7736,no
rKaHyPar,ISPD98_ibm13.hgr,no,no,8,32,0.03,0.0296353,14.3271,cut,11395,7857,no
rKaHyPar,ISPD98_ibm13.hgr,no,no,9,32,0.03,0.0292553,14.1677,cut,11371,7833,no
rKaHyPar,ISPD98_ibm13.hgr,no,no,0,4,0.03,0.0264133,8.80387,cut,2274,1988,no
rKaHyPar,ISPD98_ibm13.hgr,no,no,1,4,0.03,0.0230879,6.33673,cut,2226,1978,no
rKaHyPar,ISPD98_ibm13.hgr,no,no,2,4,0.03,0.00817102,8.84179,cut,2380,2102,no
rKaHyPar,ISPD98_ibm13.hgr,no,no,3,4,0.03,0.024133,8.76549,cut,2264,1997,no
rKaHyPar,ISPD98_ibm13.hgr,no,no,4,4,0.03,0.00736342,6.60605,cut,2264,1989,no
rKaHyPar,ISPD98_ibm13.hgr,no,no,5,4,0.03,0.00850356,6.46448,cut,2278,1997,no
rKaHyPar,ISPD98_ibm13.hgr,no,no,6,4,0.03,0.0167221,6.79356,cut,2306,2032,no
rKaHyPar,ISPD98_ibm13.hgr,no,no,7,4,0.03,0.00897862,6.50771,cut,2289,2015,no
rKaHyPar,ISPD98_ibm13.hgr,no,no,8,4,0.03,0.00598575,9.10365,cut,2306,2030,no
rKaHyPar,ISPD98_ibm13.hgr,no,no,9,4,0.03,0.0241805,9.10066,cut,2229,1978,no
rKaHyPar,ISPD98_ibm13.hgr,no,no,0,64,0.03,0.0296353,23.4194,cut,18479,12139,no
rKaHyPar,ISPD98_ibm13.hgr,no,no,1,64,0.03,0.0296353,23.8904,cut,18390,12172,no
rKaHyPar,ISPD98_ibm13.hgr,no,no,2,64,0.03,0.0296353,16.9945,cut,18454,12095,no
rKaHyPar,ISPD98_ibm13.hgr,no,no,3,64,0.03,0.0296353,17.616,cut,18803,12153,no
rKaHyPar,ISPD98_ibm13.hgr,no,no,4,64,0.03,0.0288754,17.0056,cut,18518,12065,no
rKaHyPar,ISPD98_ibm13.hgr,no,no,5,64,0.03,0.0296353,23.2311,cut,18365,12157,no
rKaHyPar,ISPD98_ibm13.hgr,no,no,6,64,0.03,0.0288754,17.3203,cut,18827,12221,no
rKaHyPar,ISPD98_ibm13.hgr,no,no,7,64,0.03,0.0296353,17.1402,cut,18706,12249,no
rKaHyPar,ISPD98_ibm13.hgr,no,no,8,64,0.03,0.0296353,23.3673,cut,18946,12275,no
rKaHyPar,ISPD98_ibm13.hgr,no,no,9,64,0.03,0.0296353,17.2529,cut,18544,12174,no
rKaHyPar,ISPD98_ibm13.hgr,no,no,0,8,0.03,0.0297387,12.3451,cut,4087,3148,no
rKaHyPar,ISPD98_ibm13.hgr,no,no,1,8,0.03,0.0291686,8.77498,cut,3986,3150,no
rKaHyPar,ISPD98_ibm13.hgr,no,no,2,8,0.03,0.0198575,9.02904,cut,3972,3162,no
rKaHyPar,ISPD98_ibm13.hgr,no,no,3,8,0.03,0.0149169,8.8532,cut,3882,3070,no
rKaHyPar,ISPD98_ibm13.hgr,no,no,4,8,0.03,0.0192874,12.0241,cut,3916,3045,no
rKaHyPar,ISPD98_ibm13.hgr,no,no,5,8,0.03,0.0206176,8.80373,cut,4009,3157,no
rKaHyPar,ISPD98_ibm13.hgr,no,no,6,8,0.03,0.0299287,12.5285,cut,3990,3086,no
rKaHyPar,ISPD98_ibm13.hgr,no,no,7,8,0.03,0.0266033,8.90222,cut,4124,3188,no
rKaHyPar,ISPD98_ibm13.hgr,no,no,8,8,0.03,0.0258432,9.02215,cut,3970,3008,no
rKaHyPar,ISPD98_ibm13.hgr,no,no,9,8,0.03,0.0253682,12.4784,cut,4029,3033,no
rKaHyPar,ISPD98_ibm14.hgr,no,no,0,128,0.03,0.0294627,45.8672,cut,38987,23245,no
rKaHyPar,ISPD98_ibm14.hgr,no,no,1,128,0.03,0.0294627,33.4881,cut,39553,23484,no
rKaHyPar,ISPD98_ibm14.hgr,no,no,2,128,0.03,0.0294627,33.3353,cut,38607,23204,no
rKaHyPar,ISPD98_ibm14.hgr,no,no,3,128,0.03,0.0294627,33.6122,cut,39491,23170,no
rKaHyPar,ISPD98_ibm14.hgr,no,no,4,128,0.03,0.0294627,46.3728,cut,38476,23190,no
rKaHyPar,ISPD98_ibm14.hgr,no,no,5,128,0.03,0.0294627,33.4746,cut,39213,23163,no
rKaHyPar,ISPD98_ibm14.hgr,no,no,6,128,0.03,0.0294627,33.5833,cut,39212,23213,no
rKaHyPar,ISPD98_ibm14.hgr,no,no,7,128,0.03,0.0294627,33.6804,cut,39061,23285,no
rKaHyPar,ISPD98_ibm14.hgr,no,no,8,128,0.03,0.0294627,33.7754,cut,39189,23404,no
rKaHyPar,ISPD98_ibm14.hgr,no,no,9,128,0.03,0.0294627,33.8858,cut,38825,23425,no
rKaHyPar,ISPD98_ibm14.hgr,no,no,0,16,0.03,0.0296987,29.4462,cut,10836,8457,no
rKaHyPar,ISPD98_ibm14.hgr,no,no,1,16,0.03,0.0299155,29.4661,cut,10423,8356,no
rKaHyPar,ISPD98_ibm14.hgr,no,no,2,16,0.03,0.0296987,25.0561,cut,11080,8691,no
rKaHyPar,ISPD98_ibm14.hgr,no,no,3,16,0.03,0.0298071,21.6426,cut,10548,8306,no
rKaHyPar,ISPD98_ibm14.hgr,no,no,4,16,0.03,0.0298071,22.7103,cut,10573,8521,no
rKaHyPar,ISPD98_ibm14.hgr,no,no,5,16,0.03,0.0295903,29.7896,cut,10416,8352,no
rKaHyPar,ISPD98_ibm14.hgr,no,no,6,16,0.03,0.0299155,22,cut,11402,8776,no
rKaHyPar,ISPD98_ibm14.hgr,no,no,7,16,0.03,0.0298071,29.1284,cut,10290,8321,no
rKaHyPar,ISPD98_ibm14.hgr,no,no,8,16,0.03,0.0299155,22.5536,cut,10504,8213,no
rKaHyPar,ISPD98_ibm14.hgr,no,no,9,16,0.03,0.0299155,22.7204,cut,10718,8511,no
rKaHyPar,ISPD98_ibm14.hgr,no,no,0,2,0.03,0,9.4795,cut,1875,1875,no
rKaHyPar,ISPD98_ibm14.hgr,no,no,1,2,0.03,0.00535209,9.35402,cut,1891,1891,no
rKaHyPar,ISPD98_ibm14.hgr,no,no,2,2,0.03,0.0257713,9.97798,cut,1888,1888,no
rKaHyPar,ISPD98_ibm14.hgr,no,no,3,2,0.03,0.0226956,7.8282,cut,1965,1965,no
rKaHyPar,ISPD98_ibm14.hgr,no,no,4,2,0.03,0,7.36703,cut,1875,1875,no
rKaHyPar,ISPD98_ibm14.hgr,no,no,5,2,0.03,0.00535209,9.5713,cut,1891,1891,no
rKaHyPar,ISPD98_ibm14.hgr,no,no,6,2,0.03,0.00535209,7.23462,cut,1891,1891,no
rKaHyPar,ISPD98_ibm14.hgr,no,no,7,2,0.03,0.00535209,9.51341,cut,1891,1891,no
rKaHyPar,ISPD98_ibm14.hgr,no,no,8,2,0.03,0,7.45934,cut,1965,1965,no
rKaHyPar,ISPD98_ibm14.hgr,no,no,9,2,0.03,0.00535209,7.21237,cut,1891,1891,no
rKaHyPar,ISPD98_ibm14.hgr,no,no,0,32,0.03,0.0299155,36.3313,cut,17377,12605,no
rKaHyPar,ISPD98_ibm14.hgr,no,no,1,32,0.03,0.0299155,25.5719,cut,17189,12354,no
rKaHyPar,ISPD98_ibm14.hgr,no,no,2,32,0.03,0.0299155,34.7394,cut,17821,13108,no
rKaHyPar,ISPD98_ibm14.hgr,no,no,3,32,0.03,0.0299155,27.4273,cut,16899,12829,no
rKaHyPar,ISPD98_ibm14.hgr,no,no,4,32,0.03,0.0299155,37.4642,cut,16941,12920,no
rKaHyPar,ISPD98_ibm14.hgr,no,no,5,32,0.03,0.0299155,36.5476,cut,17555,12541,no
rKaHyPar,ISPD98_ibm14.hgr,no,no,6,32,0.03,0.0299155,26.7078,cut,17303,12609,no
rKaHyPar,ISPD98_ibm14.hgr,no,no,7,32,0.03,0.0296987,27.5413,cut,17522,12634,no
rKaHyPar,ISPD98_ibm14.hgr,no,no,8,32,0.03,0.0299155,26.3624,cut,17804,12829,no
rKaHyPar,ISPD98_ibm14.hgr,no,no,9,32,0.03,0.0299155,25.4735,cut,17491,12940,no
rKaHyPar,ISPD98_ibm14.hgr,no,no,0,4,0.03,0.02111,17.9968,cut,3684,3375,no
rKaHyPar,ISPD98_ibm14.hgr,no,no,1,4,0.03,0.0190234,13.1572,cut,3641,3374,no
rKaHyPar,ISPD98_ibm14.hgr,no,no,2,4,0.03,0.0296461,22.2482,cut,3664,3229,no
rKaHyPar,ISPD98_ibm14.hgr,no,no,3,4,0.03,0.0212726,19.0326,cut,3814,3396,no
rKaHyPar,ISPD98_ibm14.hgr,no,no,4,4,0.03,0.0297816,17.8022,cut,3647,3210,no
rKaHyPar,ISPD98_ibm14.hgr,no,no,5,4,0.03,0.0251748,19.1568,cut,3794,3383,no
rKaHyPar,ISPD98_ibm14.hgr,no,no,6,4,0.03,0.0299713,21.6925,cut,3777,3246,no
rKaHyPar,ISPD98_ibm14.hgr,no,no,7,4,0.03,0.0276408,14.5339,cut,3781,3340,no
rKaHyPar,ISPD98_ibm14.hgr,no,no,8,4,0.03,0.0299713,22.6108,cut,4105,3606,no
rKaHyPar,ISPD98_ibm14.hgr,no,no,9,4,0.03,0.0251748,23.6263,cut,3671,3231,no
rKaHyPar,ISPD98_ibm14.hgr,no,no,0,64,0.03,0.0294755,40.913,cut,26533,17664,no
rKaHyPar,ISPD98_ibm14.hgr,no,no,1,64,0.03,0.0294755,40.2181,cut,26247,17738,no
rKaHyPar,ISPD98_ibm14.hgr,no,no,2,64,0.03,0.029909,28.6711,cut,26170,17781,no
rKaHyPar,ISPD98_ibm14.hgr,no,no,3,64,0.03,0.029909,29.4735,cut,26843,17794,no
rKaHyPar,ISPD98_ibm14.hgr,no,no,4,64,0.03,0.029909,29.7035,cut,26405,17823,no
rKaHyPar,ISPD98_ibm14.hgr,no,no,5,64,0.03,0.0294755,40.1599,cut,26216,17553,no
rKaHyPar,ISPD98_ibm14.hgr,no,no,6,64,0.03,0.029042,29.6077,cut,26506,17743,no
rKaHyPar,ISPD98_ibm14.hgr,no,no,7,64,0.03,0.0294755,29.4978,cut,26716,17948,no
rKaHyPar,ISPD98_ibm14.hgr,no,no,8,64,0.03,0.029909,40.6625,cut,26659,17998,no
rKaHyPar,ISPD98_ibm14.hgr,no,no,9,64,0.03,0.029909,29.5708,cut,26979,17697,no
rKaHyPar,ISPD98_ibm14.hgr,no,no,0,8,0.03,0.0299171,23.2492,cut,6278,5387,no
rKaHyPar,ISPD98_ibm14.hgr,no,no,1,8,0.03,0.0291041,21.2971,cut,6420,5418,no
rKaHyPar,ISPD98_ibm14.hgr,no,no,2,8,0.03,0.0299713,17.1477,cut,6127,5098,no
rKaHyPar,ISPD98_ibm14.hgr,no,no,3,8,0.03,0.0299713,19.9886,cut,6249,5214,no
rKaHyPar,ISPD98_ibm14.hgr,no,no,4,8,0.03,0.0273698,25.6339,cut,6500,5478,no
rKaHyPar,ISPD98_ibm14.hgr,no,no,5,8,0.03,0.0294835,19.0417,cut,6651,5275,no
rKaHyPar,ISPD98_ibm14.hgr,no,no,6,8,0.03,0.0257981,26.6561,cut,6198,5208,no
rKaHyPar,ISPD98_ibm14.hgr,no,no,7,8,0.03,0.0298629,23.4826,cut,6278,5135,no
rKaHyPar,ISPD98_ibm14.hgr,no,no,8,8,0.03,0.0291583,17.991,cut,5976,4956,no
rKaHyPar,ISPD98_ibm14.hgr,no,no,9,8,0.03,0.0299171,24.4,cut,6769,5648,no
rKaHyPar,ISPD98_ibm15.hgr,no,no,0,128,0.03,0.0292953,55.3779,cut,41793,25135,no
rKaHyPar,ISPD98_ibm15.hgr,no,no,1,128,0.03,0.0292953,41.7967,cut,41138,25150,no
rKaHyPar,ISPD98_ibm15.hgr,no,no,2,128,0.03,0.0292953,40.7374,cut,41016,25224,no
rKaHyPar,ISPD98_ibm15.hgr,no,no,3,128,0.03,0.0292953,40.8858,cut,40863,25121,no
rKaHyPar,ISPD98_ibm15.hgr,no,no,4,128,0.03,0.0292953,55.8321,cut,41597,24906,no
rKaHyPar,ISPD98_ibm15.hgr,no,no,5,128,0.03,0.0292953,40.6962,cut,41080,25257,no
rKaHyPar,ISPD98_ibm15.hgr,no,no,6,128,0.03,0.0292953,41.1864,cut,41502,25270,no
rKaHyPar,ISPD98_ibm15.hgr,no,no,7,128,0.03,0.0292953,40.9735,cut,41486,25156,no
rKaHyPar,ISPD98_ibm15.hgr,no,no,8,128,0.03,0.0292953,42.1504,cut,41418,25378,no
rKaHyPar,ISPD98_ibm15.hgr,no,no,9,128,0.03,0.0292953,40.8586,cut,41613,25474,no
rKaHyPar,ISPD98_ibm15.hgr,no,no,0,16,0.03,0.0289138,35.5601,cut,12489,8920,no
rKaHyPar,ISPD98_ibm15.hgr,no,no,1,16,0.03,0.0296069,36.0153,cut,12522,9261,no
rKaHyPar,ISPD98_ibm15.hgr,no,no,2,16,0.03,0.029904,25.8489,cut,12218,9099,no
rKaHyPar,ISPD98_ibm15.hgr,no,no,3,16,0.03,0.029904,25.8938,cut,12417,9352,no
rKaHyPar,ISPD98_ibm15.hgr,no,no,4,16,0.03,0.029904,25.8168,cut,12307,9126,no
rKaHyPar,ISPD98_ibm15.hgr,no,no,5,16,0.03,0.0297059,37.431,cut,12399,9337,no
rKaHyPar,ISPD98_ibm15.hgr,no,no,6,16,0.03,0.0298049,25.3007,cut,12238,9023,no
rKaHyPar,ISPD98_ibm15.hgr,no,no,7,16,0.03,0.029904,37.0042,cut,12563,9429,no
rKaHyPar,ISPD98_ibm15.hgr,no,no,8,16,0.03,0.029904,27.4038,cut,12486,9281,no
rKaHyPar,ISPD98_ibm15.hgr,no,no,9,16,0.03,0.0297059,28.0543,cut,12285,9220,no
rKaHyPar,ISPD98_ibm15.hgr,no,no,0,2,0.03,0.0298942,14.8454,cut,2779,2779,no
rKaHyPar,ISPD98_ibm15.hgr,no,no,1,2,0.03,0.0236925,13.5468,cut,2966,2966,no
rKaHyPar,ISPD98_ibm15.hgr,no,no,2,2,0.03,0.0186792,12.2297,cut,2741,2741,no
rKaHyPar,ISPD98_ibm15.hgr,no,no,3,2,0.03,0.0158198,9.40047,cut,2743,2743,no
rKaHyPar,ISPD98_ibm15.hgr,no,no,4,2,0.03,0.0186792,8.97338,cut,2741,2741,no
rKaHyPar,ISPD98_ibm15.hgr,no,no,5,2,0.03,0.0157579,12.1687,cut,2743,2743,no
rKaHyPar,ISPD98_ibm15.hgr,no,no,6,2,0.03,0.0292133,10.7285,cut,2834,2834,no
rKaHyPar,ISPD98_ibm15.hgr,no,no,7,2,0.03,0.0186792,12.361,cut,2741,2741,no
rKaHyPar,ISPD98_ibm15.hgr,no,no,8,2,0.03,0.0207836,9.90683,cut,2808,2808,no
rKaHyPar,ISPD98_ibm15.hgr,no,no,9,2,0.03,0.0186792,9.25,cut,2741,2741,no
rKaHyPar,ISPD98_ibm15.hgr,no,no,0,32,0.03,0.029703,42.9265,cut,19333,13657,no
rKaHyPar,ISPD98_ibm15.hgr,no,no,1,32,0.03,0.029901,31.7446,cut,19478,13993,no
rKaHyPar,ISPD98_ibm15.hgr,no,no,2,32,0.03,0.029901,41.7336,cut,18731,13628,no
rKaHyPar,ISPD98_ibm15.hgr,no,no,3,32,0.03,0.029505,31.2157,cut,18632,13430,no
rKaHyPar,ISPD98_ibm15.hgr,no,no,4,32,0.03,0.029703,44.3018,cut,19514,13638,no
rKaHyPar,ISPD98_ibm15.hgr,no,no,5,32,0.03,0.029901,43.0812,cut,19008,13819,no
rKaHyPar,ISPD98_ibm15.hgr,no,no,6,32,0.03,0.029901,31.4563,cut,19086,13788,no
rKaHyPar,ISPD98_ibm15.hgr,no,no,7,32,0.03,0.029703,31.5599,cut,18771,13449,no
rKaHyPar,ISPD98_ibm15.hgr,no,no,8,32,0.03,0.029901,32.2928,cut,18765,13545,no
rKaHyPar,ISPD98_ibm15.hgr,no,no,9,32,0.03,0.0285149,30.9686,cut,19744,13932,no
rKaHyPar,ISPD98_ibm15.hgr,no,no,0,4,0.03,0.00458,20.9894,cut,5486,4798,no
rKaHyPar,ISPD98_ibm15.hgr,no,no,1,4,0.03,0.00460476,16.4669,cut,5496,4797,no
rKaHyPar,ISPD98_ibm15.hgr,no,no,2,4,0.03,0.0299804,27.0289,cut,5643,5040,no
rKaHyPar,ISPD98_ibm15.hgr,no,no,3,4,0.03,0.0299804,24.0373,cut,5791,5171,no
rKaHyPar,ISPD98_ibm15.hgr,no,no,4,4,0.03,0.0140618,20.3984,cut,5847,5142,no
rKaHyPar,ISPD98_ibm15.hgr,no,no,5,4,0.03,0.0291387,18.8667,cut,5832,5108,no
rKaHyPar,ISPD98_ibm15.hgr,no,no,6,4,0.03,0.0297329,17.2272,cut,5845,5193,no
rKaHyPar,ISPD98_ibm15.hgr,no,no,7,4,0.03,0.0296091,18.4584,cut,5617,5019,no
rKaHyPar,ISPD98_ibm15.hgr,no,no,8,4,0.03,0.0228257,22.7028,cut,6058,5237,no
rKaHyPar,ISPD98_ibm15.hgr,no,no,9,4,0.03,0.0251281,24.5633,cut,6044,5277,no
rKaHyPar,ISPD98_ibm15.hgr,no,no,0,64,0.03,0.029703,49.5973,cut,28584,19128,no
rKaHyPar,ISPD98_ibm15.hgr,no,no,1,64,0.03,0.029703,49.432,cut,28727,19249,no
rKaHyPar,ISPD98_ibm15.hgr,no,no,2,64,0.03,0.029703,36.0596,cut,28961,19112,no
rKaHyPar,ISPD98_ibm15.hgr,no,no,3,64,0.03,0.029703,36.4781,cut,28742,19102,no
rKaHyPar,ISPD98_ibm15.hgr,no,no,4,64,0.03,0.029703,36.6329,cut,29367,19224,no
rKaHyPar,ISPD98_ibm15.hgr,no,no,5,64,0.03,0.029703,49.4725,cut,28495,19057,no
rKaHyPar,ISPD98_ibm15.hgr,no,no,6,64,0.03,0.029703,36.0407,cut,28073,18967,no
rKaHyPar,ISPD98_ibm15.hgr,no,no,7,64,0.03,0.029703,35.7815,cut,29075,18909,no
rKaHyPar,ISPD98_ibm15.hgr,no,no,8,64,0.03,0.029703,49.8899,cut,28300,18878,no
rKaHyPar,ISPD98_ibm15.hgr,no,no,9,64,0.03,0.029703,36.3921,cut,29000,19212,no
rKaHyPar,ISPD98_ibm15.hgr,no,no,0,8,0.03,0.0207952,28.8709,cut,8849,6887,no
rKaHyPar,ISPD98_ibm15.hgr,no,no,1,8,0.03,0.0253998,21.1463,cut,9151,7212,no
rKaHyPar,ISPD98_ibm15.hgr,no,no,2,8,0.03,0.0293113,21.1123,cut,8990,7021,no
rKaHyPar,ISPD98_ibm15.hgr,no,no,3,8,0.03,0.0295093,20.8736,cut,9080,7071,no
rKaHyPar,ISPD98_ibm15.hgr,no,no,4,8,0.03,0.0285191,27.9925,cut,8498,6778,no
rKaHyPar,ISPD98_ibm15.hgr,no,no,5,8,0.03,0.0266871,21.8362,cut,8824,6921,no
rKaHyPar,ISPD98_ibm15.hgr,no,no,6,8,0.03,0.0273803,28.911,cut,8451,6743,no
rKaHyPar,ISPD98_ibm15.hgr,no,no,7,8,0.03,0.0225281,20.633,cut,8282,6584,no
rKaHyPar,ISPD98_ibm15.hgr,no,no,8,8,0.03,0.0227757,21.5715,cut,8378,6847,no
rKaHyPar,ISPD98_ibm15.hgr,no,no,9,8,0.03,0.0293113,29.638,cut,8876,6932,no
rKaHyPar,ISPD98_ibm16.hgr,no,no,0,128,0.03,0.0299861,43.8669,cut,47413,27661,no
rKaHyPar,ISPD98_ibm16.hgr,no,no,1,128,0.03,0.0299861,43.7706,cut,47340,27467,no
rKaHyPar,ISPD98_ibm16.hgr,no,no,2,128,0.03,0.0299861,43.9594,cut,47895,27743,no
rKaHyPar,ISPD98_ibm16.hgr,no,no,3,128,0.03,0.0299861,43.9059,cut,47745,27606,no
rKaHyPar,ISPD98_ibm16.hgr,no,no,4,128,0.03,0.0299861,59.9408,cut,47387,27397,no
rKaHyPar,ISPD98_ibm16.hgr,no,no,5,128,0.03,0.0299861,44.269,cut,46327,27459,no
rKaHyPar,ISPD98_ibm16.hgr,no,no,6,128,0.03,0.0299861,45.1627,cut,47155,27725,no
rKaHyPar,ISPD98_ibm16.hgr,no,no,7,128,0.03,0.0299861,44.1521,cut,47752,27568,no
rKaHyPar,ISPD98_ibm16.hgr,no,no,8,128,0.03,0.0299861,43.4575,cut,48050,27556,no
rKaHyPar,ISPD98_ibm16.hgr,no,no,9,128,0.03,0.0299861,60.624,cut,47810,27586,no
rKaHyPar,ISPD98_ibm16.hgr,no,no,0,16,0.03,0.0299965,41.7464,cut,13681,11067,no
rKaHyPar,ISPD98_ibm16.hgr,no,no,1,16,0.03,0.0294733,39.6386,cut,13209,11048,no
rKaHyPar,ISPD98_ibm16.hgr,no,no,2,16,0.03,0.0299965,31.8216,cut,13496,11106,no
rKaHyPar,ISPD98_ibm16.hgr,no,no,3,16,0.03,0.0299965,31.7297,cut,13845,11066,no
rKaHyPar,ISPD98_ibm16.hgr,no,no,4,16,0.03,0.0287757,29.9384,cut,13320,11112,no
rKaHyPar,ISPD98_ibm16.hgr,no,no,5,16,0.03,0.0286885,40.7815,cut,13352,10999,no
rKaHyPar,ISPD98_ibm16.hgr,no,no,6,16,0.03,0.0239798,30.3433,cut,13418,11047,no
rKaHyPar,ISPD98_ibm16.hgr,no,no,7,16,0.03,0.0299965,47.1949,cut,13652,11088,no
rKaHyPar,ISPD98_ibm16.hgr,no,no,8,16,0.03,0.0299965,31.6173,cut,13414,10955,no
rKaHyPar,ISPD98_ibm16.hgr,no,no,9,16,0.03,0.0298221,35.4463,cut,13335,11046,no
rKaHyPar,ISPD98_ibm16.hgr,no,no,0,2,0.03,0.0298773,26.8922,cut,2051,2051,no
rKaHyPar,ISPD98_ibm16.hgr,no,no,1,2,0.03,0.0293105,22.9457,cut,1989,1989,no
rKaHyPar,ISPD98_ibm16.hgr,no,no,2,2,0.03,0.0274029,16.9076,cut,2004,2004,no
rKaHyPar,ISPD98_ibm16.hgr,no,no,3,2,0.03,0.0298882,14.39,cut,1996,1996,no
rKaHyPar,ISPD98_ibm16.hgr,no,no,4,2,0.03,0.00341174,9.74023,cut,2213,2213,no
rKaHyPar,ISPD98_ibm16.hgr,no,no,5,2,0.03,0.0255281,17.2898,cut,1990,1990,no
rKaHyPar,ISPD98_ibm16.hgr,no,no,6,2,0.03,0.027828,15.6853,cut,2002,2002,no
rKaHyPar,ISPD98_ibm16.hgr,no,no,7,2,0.03,0.027828,18.1231,cut,2002,2002,no
rKaHyPar,ISPD98_ibm16.hgr,no,no,8,2,0.03,0.027828,13.2828,cut,2002,2002,no
rKaHyPar,ISPD98_ibm16.hgr,no,no,9,2,0.03,0.0191079,13.7497,cut,1998,1998,no
rKaHyPar,ISPD98_ibm16.hgr,no,no,0,32,0.03,0.0299965,46.1483,cut,21213,15805,no
rKaHyPar,ISPD98_ibm16.hgr,no,no,1,32,0.03,0.0299965,35.2232,cut,21789,16215,no
rKaHyPar,ISPD98_ibm16.hgr,no,no,2,32,0.03,0.0294733,46.8103,cut,21510,15887,no
rKaHyPar,ISPD98_ibm16.hgr,no,no,3,32,0.03,0.0299965,37.0864,cut,20926,15724,no
rKaHyPar,ISPD98_ibm16.hgr,no,no,4,32,0.03,0.0298221,48.4433,cut,21977,15732,no
rKaHyPar,ISPD98_ibm16.hgr,no,no,5,32,0.03,0.0299965,48.1466,cut,21687,15771,no
rKaHyPar,ISPD98_ibm16.hgr,no,no,6,32,0.03,0.0299965,36.1411,cut,21184,15838,no
rKaHyPar,ISPD98_ibm16.hgr,no,no,7,32,0.03,0.0299965,36.0546,cut,20938,15624,no
rKaHyPar,ISPD98_ibm16.hgr,no,no,8,32,0.03,0.0299965,47.966,cut,21894,15754,no
rKaHyPar,ISPD98_ibm16.hgr,no,no,9,32,0.03,0.0298221,36.4326,cut,21511,15851,no
rKaHyPar,ISPD98_ibm16.hgr,no,no,0,4,0.03,0.0219093,27.2054,cut,4745,4396,no
rKaHyPar,ISPD98_ibm16.hgr,no,no,1,4,0.03,0.0299754,23.5055,cut,4735,4358,no
rKaHyPar,ISPD98_ibm16.hgr,no,no,2,4,0.03,0.0236097,26.4348,cut,4480,4275,no
rKaHyPar,ISPD98_ibm16.hgr,no,no,3,4,0.03,0.0299972,26.882,cut,4758,4446,no
rKaHyPar,ISPD98_ibm16.hgr,no,no,4,4,0.03,0.0229121,19.0591,cut,4558,4307,no
rKaHyPar,ISPD98_ibm16.hgr,no,no,5,4,0.03,0.0270541,18.4887,cut,4964,4402,no
rKaHyPar,ISPD98_ibm16.hgr,no,no,6,4,0.03,0.0299536,19.6672,cut,4596,4334,no
rKaHyPar,ISPD98_ibm16.hgr,no,no,7,4,0.03,0.029801,18.7128,cut,4838,4553,no
rKaHyPar,ISPD98_ibm16.hgr,no,no,8,4,0.03,0.0299972,26.4661,cut,4715,4496,no
rKaHyPar,ISPD98_ibm16.hgr,no,no,9,4,0.03,0.018443,27.2856,cut,4536,4311,no
rKaHyPar,ISPD98_ibm16.hgr,no,no,0,64,0.03,0.0299965,52.6273,cut,32054,21214,no
rKaHyPar,ISPD98_ibm16.hgr,no,no,1,64,0.03,0.0299965,53.5814,cut,32930,21428,no
rKaHyPar,ISPD98_ibm16.hgr,no,no,2,64,0.03,0.0299965,39.1588,cut,32066,21133,no
rKaHyPar,ISPD98_ibm16.hgr,no,no,3,64,0.03,0.0292989,39.1043,cut,32638,21099,no
rKaHyPar,ISPD98_ibm16.hgr,no,no,4,64,0.03,0.0292989,52.7726,cut,32234,21206,no
rKaHyPar,ISPD98_ibm16.hgr,no,no,5,64,0.03,0.0299965,53.8309,cut,31792,21178,no
rKaHyPar,ISPD98_ibm16.hgr,no,no,6,64,0.03,0.0299965,40.3856,cut,31842,21186,no
rKaHyPar,ISPD98_ibm16.hgr,no,no,7,64,0.03,0.0299965,39.0094,cut,32188,21134,no
rKaHyPar,ISPD98_ibm16.hgr,no,no,8,64,0.03,0.0299965,54.0632,cut,32446,21333,no
rKaHyPar,ISPD98_ibm16.hgr,no,no,9,64,0.03,0.0299965,38.8615,cut,33025,21444,no
rKaHyPar,ISPD98_ibm16.hgr,no,no,0,8,0.03,0.0289937,44.3533,cut,8421,7399,no
rKaHyPar,ISPD98_ibm16.hgr,no,no,1,8,0.03,0.0273805,28.337,cut,7800,6860,no
rKaHyPar,ISPD98_ibm16.hgr,no,no,2,8,0.03,0.0291245,32.4965,cut,7745,6851,no
rKaHyPar,ISPD98_ibm16.hgr,no,no,3,8,0.03,0.0298221,27.9815,cut,8223,7138,no
rKaHyPar,ISPD98_ibm16.hgr,no,no,4,8,0.03,0.0248082,39.4704,cut,8046,7248,no
rKaHyPar,ISPD98_ibm16.hgr,no,no,5,8,0.03,0.0262033,26.3825,cut,7664,6747,no
rKaHyPar,ISPD98_ibm16.hgr,no,no,6,8,0.03,0.0297349,40.245,cut,8268,7008,no
rKaHyPar,ISPD98_ibm16.hgr,no,no,7,8,0.03,0.0298221,39.9417,cut,8151,7162,no
rKaHyPar,ISPD98_ibm16.hgr,no,no,8,8,0.03,0.0299529,34.1657,cut,7492,6776,no
rKaHyPar,ISPD98_ibm16.hgr,no,no,9,8,0.03,0.0256802,46.2148,cut,7589,6904,no
rKaHyPar,ISPD98_ibm17.hgr,no,no,0,128,0.03,0.0296552,63.7195,cut,58914,36661,no
rKaHyPar,ISPD98_ibm17.hgr,no,no,1,128,0.03,0.0296552,46.9203,cut,57846,36398,no
rKaHyPar,ISPD98_ibm17.hgr,no,no,2,128,0.03,0.0296552,46.9081,cut,58950,36092,no
rKaHyPar,ISPD98_ibm17.hgr,no,no,3,128,0.03,0.0296552,47.3046,cut,61163,36582,no
rKaHyPar,ISPD98_ibm17.hgr,no,no,4,128,0.03,0.0296552,64.2943,cut,58637,36339,no
rKaHyPar,ISPD98_ibm17.hgr,no,no,5,128,0.03,0.0296552,47.1004,cut,57889,36907,no
rKaHyPar,ISPD98_ibm17.hgr,no,no,6,128,0.03,0.0296552,46.0841,cut,59508,36540,no
rKaHyPar,ISPD98_ibm17.hgr,no,no,7,128,0.03,0.0296552,47.1239,cut,58555,36776,no
rKaHyPar,ISPD98_ibm17.hgr,no,no,8,128,0.03,0.0296552,46.828,cut,58284,36543,no
rKaHyPar,ISPD98_ibm17.hgr,no,no,9,128,0.03,0.0296552,62.9749,cut,60389,35887,no
rKaHyPar,ISPD98_ibm17.hgr,no,no,0,16,0.03,0.0296705,49.1929,cut,18752,15517,no
rKaHyPar,ISPD98_ibm17.hgr,no,no,1,16,0.03,0.0296705,42.9413,cut,19221,15631,no
rKaHyPar,ISPD98_ibm17.hgr,no,no,2,16,0.03,0.0299293,37.125,cut,18913,15565,no
rKaHyPar,ISPD98_ibm17.hgr,no,no,3,16,0.03,0.0299293,35.0047,cut,19410,15832,no
rKaHyPar,ISPD98_ibm17.hgr,no,no,4,16,0.03,0.0297568,33.1923,cut,19191,15555,no
rKaHyPar,ISPD98_ibm17.hgr,no,no,5,16,0.03,0.0297568,47.5175,cut,19273,15706,no
rKaHyPar,ISPD98_ibm17.hgr,no,no,6,16,0.03,0.0299293,34.0414,cut,18910,15617,no
rKaHyPar,ISPD98_ibm17.hgr,no,no,7,16,0.03,0.0299293,45.2029,cut,18641,15240,no
rKaHyPar,ISPD98_ibm17.hgr,no,no,8,16,0.03,0.0299293,30.7895,cut,18520,14874,no
rKaHyPar,ISPD98_ibm17.hgr,no,no,9,16,0.03,0.0299293,29.956,cut,18924,15147,no
rKaHyPar,ISPD98_ibm17.hgr,no,no,0,2,0.03,0.0264049,14.7387,cut,2409,2409,no
rKaHyPar,ISPD98_ibm17.hgr,no,no,1,2,0.03,0.0282702,16.5496,cut,2341,2341,no
rKaHyPar,ISPD98_ibm17.hgr,no,no,2,2,0.03,0.0213266,19.9248,cut,2544,2544,no
rKaHyPar,ISPD98_ibm17.hgr,no,no,3,2,0.03,0.0138224,10.1359,cut,2396,2396,no
rKaHyPar,ISPD98_ibm17.hgr,no,no,4,2,0.03,0.0241299,10.3019,cut,2392,2392,no
rKaHyPar,ISPD98_ibm17.hgr,no,no,5,2,0.03,0.0227283,18.332,cut,2471,2471,no
rKaHyPar,ISPD98_ibm17.hgr,no,no,6,2,0.03,0.0275262,11.8999,cut,2334,2334,no
rKaHyPar,ISPD98_ibm17.hgr,no,no,7,2,0.03,0.0225665,22.7076,cut,2542,2542,no
rKaHyPar,ISPD98_ibm17.hgr,no,no,8,2,0.03,0.0262863,11.2733,cut,2310,2310,no
rKaHyPar,ISPD98_ibm17.hgr,no,no,9,2,0.03,0.0274939,10.2402,cut,2390,2390,no
rKaHyPar,ISPD98_ibm17.hgr,no,no,0,32,0.03,0.029498,50.2062,cut,28717,20648,no
rKaHyPar,ISPD98_ibm17.hgr,no,no,1,32,0.03,0.029843,36.2062,cut,27830,20363,no
rKaHyPar,ISPD98_ibm17.hgr,no,no,2,32,0.03,0.029843,48.5606,cut,28768,20590,no
rKaHyPar,ISPD98_ibm17.hgr,no,no,3,32,0.03,0.029843,36.5362,cut,28154,20753,no
rKaHyPar,ISPD98_ibm17.hgr,no,no,4,32,0.03,0.029843,49.792,cut,28435,20599,no
rKaHyPar,ISPD98_ibm17.hgr,no,no,5,32,0.03,0.029843,50.0975,cut,27279,20309,no
rKaHyPar,ISPD98_ibm17.hgr,no,no,6,32,0.03,0.029843,35.7219,cut,27436,20051,no
rKaHyPar,ISPD98_ibm17.hgr,no,no,7,32,0.03,0.0296705,36.4039,cut,27728,20514,no
rKaHyPar,ISPD98_ibm17.hgr,no,no,8,32,0.03,0.029498,49.6799,cut,27978,20432,no
rKaHyPar,ISPD98_ibm17.hgr,no,no,9,32,0.03,0.029843,37.2566,cut,28134,20824,no
rKaHyPar,ISPD98_ibm17.hgr,no,no,0,4,0.03,0.0299953,31.7673,cut,6791,6208,no
rKaHyPar,ISPD98_ibm17.hgr,no,no,1,4,0.03,0.0299737,20.895,cut,6615,6193,no
rKaHyPar,ISPD98_ibm17.hgr,no,no,2,4,0.03,0.0277742,31.0566,cut,6678,6242,no
rKaHyPar,ISPD98_ibm17.hgr,no,no,3,4,0.03,0.0291111,24.9919,cut,6547,6127,no
rKaHyPar,ISPD98_ibm17.hgr,no,no,4,4,0.03,0.0286367,23.3118,cut,6798,6177,no
rKaHyPar,ISPD98_ibm17.hgr,no,no,5,4,0.03,0.0291758,18.2934,cut,6519,5949,no
rKaHyPar,ISPD98_ibm17.hgr,no,no,6,4,0.03,0.0279898,19.0042,cut,6324,5958,no
rKaHyPar,ISPD98_ibm17.hgr,no,no,7,4,0.03,0.0299306,25.5986,cut,6882,6241,no
rKaHyPar,ISPD98_ibm17.hgr,no,no,8,4,0.03,0.0289171,27.3566,cut,6257,5811,no
rKaHyPar,ISPD98_ibm17.hgr,no,no,9,4,0.03,0.0242808,24.7409,cut,6499,5960,no
rKaHyPar,ISPD98_ibm17.hgr,no,no,0,64,0.03,0.0296654,55.977,cut,40389,27356,no
rKaHyPar,ISPD98_ibm17.hgr,no,no,1,64,0.03,0.0296654,55.2666,cut,39391,27247,no
rKaHyPar,ISPD98_ibm17.hgr,no,no,2,64,0.03,0.0296654,40.2777,cut,40460,27487,no
rKaHyPar,ISPD98_ibm17.hgr,no,no,3,64,0.03,0.0296654,40.2347,cut,40441,27820,no
rKaHyPar,ISPD98_ibm17.hgr,no,no,4,64,0.03,0.0296654,55.7943,cut,42896,27540,no
rKaHyPar,ISPD98_ibm17.hgr,no,no,5,64,0.03,0.0296654,56.7597,cut,40631,28322,no
rKaHyPar,ISPD98_ibm17.hgr,no,no,6,64,0.03,0.0296654,40.3175,cut,40166,27398,no
rKaHyPar,ISPD98_ibm17.hgr,no,no,7,64,0.03,0.0296654,40.2368,cut,40702,27361,no
rKaHyPar,ISPD98_ibm17.hgr,no,no,8,64,0.03,0.0296654,57.0663,cut,40637,27107,no
rKaHyPar,ISPD98_ibm17.hgr,no,no,9,64,0.03,0.0296654,40.2248,cut,40706,26852,no
rKaHyPar,ISPD98_ibm17.hgr,no,no,0,8,0.03,0.0298443,45.108,cut,11711,10416,no
rKaHyPar,ISPD98_ibm17.hgr,no,no,1,8,0.03,0.0249709,33.2706,cut,12552,10767,no
rKaHyPar,ISPD98_ibm17.hgr,no,no,2,8,0.03,0.0297149,25.5683,cut,12715,11312,no
rKaHyPar,ISPD98_ibm17.hgr,no,no,3,8,0.03,0.0299737,30.094,cut,12726,10974,no
rKaHyPar,ISPD98_ibm17.hgr,no,no,4,8,0.03,0.0299306,34.1705,cut,11378,10169,no
rKaHyPar,ISPD98_ibm17.hgr,no,no,5,8,0.03,0.0284642,33.5488,cut,11770,10187,no
rKaHyPar,ISPD98_ibm17.hgr,no,no,6,8,0.03,0.0269116,34.7104,cut,11242,9926,no
rKaHyPar,ISPD98_ibm17.hgr,no,no,7,8,0.03,0.0295855,38.5323,cut,12147,10480,no
rKaHyPar,ISPD98_ibm17.hgr,no,no,8,8,0.03,0.0272998,27.8664,cut,11922,10394,no
rKaHyPar,ISPD98_ibm17.hgr,no,no,9,8,0.03,0.0299306,46.4535,cut,12035,10531,no
rKaHyPar,ISPD98_ibm18.hgr,no,no,0,128,0.03,0.0297691,50.8166,cut,46418,25529,no
rKaHyPar,ISPD98_ibm18.hgr,no,no,1,128,0.03,0.0297691,49.6105,cut,45459,25804,no
rKaHyPar,ISPD98_ibm18.hgr,no,no,2,128,0.03,0.0297691,51.221,cut,45629,25988,no
rKaHyPar,ISPD98_ibm18.hgr,no,no,3,128,0.03,0.0297691,49.3439,cut,44978,26000,no
rKaHyPar,ISPD98_ibm18.hgr,no,no,4,128,0.03,0.0297691,68.0474,cut,46185,25659,no
rKaHyPar,ISPD98_ibm18.hgr,no,no,5,128,0.03,0.0297691,68.5617,cut,45546,25777,no
rKaHyPar,ISPD98_ibm18.hgr,no,no,6,128,0.03,0.0297691,50.9038,cut,45636,25751,no
rKaHyPar,ISPD98_ibm18.hgr,no,no,7,128,0.03,0.0297691,49.3867,cut,45031,25566,no
rKaHyPar,ISPD98_ibm18.hgr,no,no,8,128,0.03,0.0297691,50.8735,cut,45200,25702,no
rKaHyPar,ISPD98_ibm18.hgr,no,no,9,128,0.03,0.0297691,67.6657,cut,46215,26183,no
rKaHyPar,ISPD98_ibm18.hgr,no,no,0,16,0.03,0.0287147,51.8895,cut,11812,9286,no
rKaHyPar,ISPD98_ibm18.hgr,no,no,1,16,0.03,0.0297022,44.8382,cut,11811,9172,no
rKaHyPar,ISPD98_ibm18.hgr,no,no,2,16,0.03,0.0297782,47.1832,cut,11952,9271,no
rKaHyPar,ISPD98_ibm18.hgr,no,no,3,16,0.03,0.0298541,32.7883,cut,12156,9270,no
rKaHyPar,ISPD98_ibm18.hgr,no,no,4,16,0.03,0.0297782,33.2092,cut,12514,9441,no
rKaHyPar,ISPD98_ibm18.hgr,no,no,5,16,0.03,0.0276512,53.8628,cut,12650,9250,no
rKaHyPar,ISPD98_ibm18.hgr,no,no,6,16,0.03,0.0213461,32.9417,cut,12373,9419,no
rKaHyPar,ISPD98_ibm18.hgr,no,no,7,16,0.03,0.0276512,48.1583,cut,12125,9362,no
rKaHyPar,ISPD98_ibm18.hgr,no,no,8,16,0.03,0.0299301,35.2254,cut,12209,9278,no
rKaHyPar,ISPD98_ibm18.hgr,no,no,9,16,0.03,0.0292464,32.1852,cut,11940,8964,no
rKaHyPar,ISPD98_ibm18.hgr,no,no,0,2,0.03,0.0218029,15.7264,cut,1918,1918,no
rKaHyPar,ISPD98_ibm18.hgr,no,no,1,2,0.03,0.0135509,14.8843,cut,1915,1915,no
rKaHyPar,ISPD98_ibm18.hgr,no,no,2,2,0.03,0.0173873,15.931,cut,1926,1926,no
rKaHyPar,ISPD98_ibm18.hgr,no,no,3,2,0.03,0.0135509,10.9827,cut,1915,1915,no
rKaHyPar,ISPD98_ibm18.hgr,no,no,4,2,0.03,0.0220403,11.1023,cut,1974,1974,no
rKaHyPar,ISPD98_ibm18.hgr,no,no,5,2,0.03,0.0135509,11.7641,cut,1915,1915,no
rKaHyPar,ISPD98_ibm18.hgr,no,no,6,2,0.03,0.0136078,11.3619,cut,1915,1915,no
rKaHyPar,ISPD98_ibm18.hgr,no,no,7,2,0.03,0.0135509,14.8631,cut,1915,1915,no
rKaHyPar,ISPD98_ibm18.hgr,no,no,8,2,0.03,0.0179475,12.2536,cut,1970,1970,no
rKaHyPar,ISPD98_ibm18.hgr,no,no,9,2,0.03,0.00164282,10.8724,cut,1927,1927,no
rKaHyPar,ISPD98_ibm18.hgr,no,no,0,32,0.03,0.0299301,56.6128,cut,18981,13633,no
rKaHyPar,ISPD98_ibm18.hgr,no,no,1,32,0.03,0.0299301,39.9764,cut,18814,13454,no
rKaHyPar,ISPD98_ibm18.hgr,no,no,2,32,0.03,0.0299301,57.2007,cut,18781,13765,no
rKaHyPar,ISPD98_ibm18.hgr,no,no,3,32,0.03,0.0297782,39.4175,cut,18999,13663,no
rKaHyPar,ISPD98_ibm18.hgr,no,no,4,32,0.03,0.0299301,40.1122,cut,19466,13533,no
rKaHyPar,ISPD98_ibm18.hgr,no,no,5,32,0.03,0.0297782,55.0023,cut,18982,13587,no
rKaHyPar,ISPD98_ibm18.hgr,no,no,6,32,0.03,0.0299301,40.3617,cut,19063,13720,no
rKaHyPar,ISPD98_ibm18.hgr,no,no,7,32,0.03,0.0299301,57.3329,cut,19168,13564,no
rKaHyPar,ISPD98_ibm18.hgr,no,no,8,32,0.03,0.0296263,58.2622,cut,19463,13935,no
rKaHyPar,ISPD98_ibm18.hgr,no,no,9,32,0.03,0.0299301,39.5052,cut,18994,13706,no
rKaHyPar,ISPD98_ibm18.hgr,no,no,0,4,0.03,0.0290766,26.3456,cut,3462,3117,no
rKaHyPar,ISPD98_ibm18.hgr,no,no,1,4,0.03,0.0273863,18.4518,cut,3481,3023,no
rKaHyPar,ISPD98_ibm18.hgr,no,no,2,4,0.03,0.0221636,26.0864,cut,3470,3058,no
rKaHyPar,ISPD98_ibm18.hgr,no,no,3,4,0.03,0.0246515,25.0684,cut,3456,3087,no
rKaHyPar,ISPD98_ibm18.hgr,no,no,4,4,0.03,0.0173966,25.9876,cut,3513,3124,no
rKaHyPar,ISPD98_ibm18.hgr,no,no,5,4,0.03,0.0246515,19.1669,cut,3500,3071,no
rKaHyPar,ISPD98_ibm18.hgr,no,no,6,4,0.03,0.0295134,19.2316,cut,3593,3181,no
rKaHyPar,ISPD98_ibm18.hgr,no,no,7,4,0.03,0.0299312,19.3811,cut,3534,3151,no
rKaHyPar,ISPD98_ibm18.hgr,no,no,8,4,0.03,0.0170927,27.1651,cut,3532,3082,no
rKaHyPar,ISPD98_ibm18.hgr,no,no,9,4,0.03,0.0184601,25.8347,cut,3445,3063,no
rKaHyPar,ISPD98_ibm18.hgr,no,no,0,64,0.03,0.0297782,61.6321,cut,29672,19177,no
rKaHyPar,ISPD98_ibm18.hgr,no,no,1,64,0.03,0.0297782,61.4435,cut,29444,19103,no
rKaHyPar,ISPD98_ibm18.hgr,no,no,2,64,0.03,0.0297782,45.8106,cut,29172,19344,no
rKaHyPar,ISPD98_ibm18.hgr,no,no,3,64,0.03,0.0297782,61.4704,cut,30440,19344,no
rKaHyPar,ISPD98_ibm18.hgr,no,no,4,64,0.03,0.0297782,59.9051,cut,30140,19250,no
rKaHyPar,ISPD98_ibm18.hgr,no,no,5,64,0.03,0.0297782,60.9246,cut,30306,19456,no
rKaHyPar,ISPD98_ibm18.hgr,no,no,6,64,0.03,0.0297782,44.6977,cut,30132,19484,no
rKaHyPar,ISPD98_ibm18.hgr,no,no,7,64,0.03,0.0297782,44.7323,cut,30142,19203,no
rKaHyPar,ISPD98_ibm18.hgr,no,no,8,64,0.03,0.0294743,63.5224,cut,29869,19097,no
rKaHyPar,ISPD98_ibm18.hgr,no,no,9,64,0.03,0.0297782,61.9795,cut,30851,19098,no
rKaHyPar,ISPD98_ibm18.hgr,no,no,0,8,0.03,0.0299692,49.0483,cut,7289,6033,no
rKaHyPar,ISPD98_ibm18.hgr,no,no,1,8,0.03,0.0299692,31.713,cut,7162,5988,no
rKaHyPar,ISPD98_ibm18.hgr,no,no,2,8,0.03,0.0299312,35.053,cut,6899,6039,no
rKaHyPar,ISPD98_ibm18.hgr,no,no,3,8,0.03,0.0299312,27.0304,cut,7066,5969,no
rKaHyPar,ISPD98_ibm18.hgr,no,no,4,8,0.03,0.0299312,41.9418,cut,7058,5837,no
rKaHyPar,ISPD98_ibm18.hgr,no,no,5,8,0.03,0.0299692,34.9758,cut,7029,5882,no
rKaHyPar,ISPD98_ibm18.hgr,no,no,6,8,0.03,0.0299312,31.1636,cut,7108,5888,no
rKaHyPar,ISPD98_ibm18.hgr,no,no,7,8,0.03,0.0299692,45.0101,cut,6879,5844,no
rKaHyPar,ISPD98_ibm18.hgr,no,no,8,8,0.03,0.0299312,35.7855,cut,7134,5888,no
rKaHyPar,ISPD98_ibm18.hgr,no,no,9,8,0.03,0.0299312,48.9965,cut,6864,5825,no
rKaHyPar,kim1.mtx.hgr,no,no,0,128,0.03,0.0299003,25.8811,cut,19127,15471,no
rKaHyPar,kim1.mtx.hgr,no,no,1,128,0.03,0.0299003,17.5919,cut,19178,15446,no
rKaHyPar,kim1.mtx.hgr,no,no,2,128,0.03,0.0299003,17.4477,cut,19229,15443,no
rKaHyPar,kim1.mtx.hgr,no,no,3,128,0.03,0.0299003,17.5567,cut,19147,15434,no
rKaHyPar,kim1.mtx.hgr,no,no,4,128,0.03,0.0299003,25.1285,cut,19190,15440,no
rKaHyPar,kim1.mtx.hgr,no,no,5,128,0.03,0.0299003,25.4424,cut,19256,15449,no
rKaHyPar,kim1.mtx.hgr,no,no,6,128,0.03,0.0299003,17.5753,cut,19288,15452,no
rKaHyPar,kim1.mtx.hgr,no,no,7,128,0.03,0.0299003,17.7381,cut,19222,15436,no
rKaHyPar,kim1.mtx.hgr,no,no,8,128,0.03,0.0299003,17.4699,cut,19092,15436,no
rKaHyPar,kim1.mtx.hgr,no,no,9,128,0.03,0.0299003,25.3658,cut,19162,15443,no
rKaHyPar,kim1.mtx.hgr,no,no,0,16,0.03,0.0204082,11.4829,cut,4800,4512,no
rKaHyPar,kim1.mtx.hgr,no,no,1,16,0.03,0.0204082,11.2084,cut,4800,4512,no
rKaHyPar,kim1.mtx.hgr,no,no,2,16,0.03,0.0204082,11.2024,cut,4800,4512,no
rKaHyPar,kim1.mtx.hgr,no,no,3,16,0.03,0.0204082,7.86177,cut,4800,4512,no
rKaHyPar,kim1.mtx.hgr,no,no,4,16,0.03,0.0204082,7.76089,cut,4816,4526,no
rKaHyPar,kim1.mtx.hgr,no,no,5,16,0.03,0.0204082,11.2616,cut,4804,4514,no
rKaHyPar,kim1.mtx.hgr,no,no,6,16,0.03,0.0204082,8.02595,cut,4800,4512,no
rKaHyPar,kim1.mtx.hgr,no,no,7,16,0.03,0.0204082,11.2882,cut,4800,4512,no
rKaHyPar,kim1.mtx.hgr,no,no,8,16,0.03,0.0204082,7.9116,cut,4800,4512,no
rKaHyPar,kim1.mtx.hgr,no,no,9,16,0.03,0.0204082,8.43744,cut,4804,4514,no
rKaHyPar,kim1.mtx.hgr,no,no,0,2,0.03,0.00504998,5.03464,cut,772,772,no
rKaHyPar,kim1.mtx.hgr,no,no,1,2,0.03,0.00510204,4.73355,cut,780,780,no
rKaHyPar,kim1.mtx.hgr,no,no,2,2,0.03,0.00504998,4.66947,cut,772,772,no
rKaHyPar,kim1.mtx.hgr,no,no,3,2,0.03,0.00510204,3.95205,cut,780,780,no
rKaHyPar,kim1.mtx.hgr,no,no,4,2,0.03,0.00510204,3.33518,cut,780,780,no
rKaHyPar,kim1.mtx.hgr,no,no,5,2,0.03,0.00504998,3.11515,cut,772,772,no
rKaHyPar,kim1.mtx.hgr,no,no,6,2,0.03,0.00504998,3.10174,cut,772,772,no
rKaHyPar,kim1.mtx.hgr,no,no,7,2,0.03,0.00510204,5.61121,cut,780,780,no
rKaHyPar,kim1.mtx.hgr,no,no,8,2,0.03,0.00504998,3.57655,cut,772,772,no
rKaHyPar,kim1.mtx.hgr,no,no,9,2,0.03,0.00510204,3.99667,cut,780,780,no
rKaHyPar,kim1.mtx.hgr,no,no,0,32,0.03,0.0199833,14.6486,cut,8224,7413,no
rKaHyPar,kim1.mtx.hgr,no,no,1,32,0.03,0.0199833,10.3677,cut,8152,7418,no
rKaHyPar,kim1.mtx.hgr,no,no,2,32,0.03,0.020816,15.2678,cut,8160,7433,no
rKaHyPar,kim1.mtx.hgr,no,no,3,32,0.03,0.0266445,10.4353,cut,8132,7425,no
rKaHyPar,kim1.mtx.hgr,no,no,4,32,0.03,0.0199833,10.2002,cut,8088,7441,no
rKaHyPar,kim1.mtx.hgr,no,no,5,32,0.03,0.0199833,15.1352,cut,8164,7427,no
rKaHyPar,kim1.mtx.hgr,no,no,6,32,0.03,0.0199833,10.4084,cut,8104,7409,no
rKaHyPar,kim1.mtx.hgr,no,no,7,32,0.03,0.020816,15.1938,cut,8176,7425,no
rKaHyPar,kim1.mtx.hgr,no,no,8,32,0.03,0.0199833,14.8992,cut,8132,7415,no
rKaHyPar,kim1.mtx.hgr,no,no,9,32,0.03,0.0199833,10.3711,cut,8119,7425,no
rKaHyPar,kim1.mtx.hgr,no,no,0,4,0.03,0.0102041,6.88695,cut,1568,1536,no
rKaHyPar,kim1.mtx.hgr,no,no,1,4,0.03,0.0102041,4.89843,cut,1568,1536,no
rKaHyPar,kim1.mtx.hgr,no,no,2,4,0.03,0.0102041,7.02483,cut,1568,1536,no
rKaHyPar,kim1.mtx.hgr,no,no,3,4,0.03,0.0102041,7.09509,cut,1568,1536,no
rKaHyPar,kim1.mtx.hgr,no,no,4,4,0.03,0.0102041,7.05501,cut,1568,1536,no
rKaHyPar,kim1.mtx.hgr,no,no,5,4,0.03,0.0102041,4.98937,cut,1568,1536,no
rKaHyPar,kim1.mtx.hgr,no,no,6,4,0.03,0.0102041,4.86207,cut,1568,1536,no
rKaHyPar,kim1.mtx.hgr,no,no,7,4,0.03,0.0102041,5.17067,cut,1568,1536,no
rKaHyPar,kim1.mtx.hgr,no,no,8,4,0.03,0.0102041,7.13527,cut,1568,1536,no
rKaHyPar,kim1.mtx.hgr,no,no,9,4,0.03,0.0102041,6.76315,cut,1568,1536,no
rKaHyPar,kim1.mtx.hgr,no,no,0,64,0.03,0.0299501,19.0108,cut,11748,10118,no
rKaHyPar,kim1.mtx.hgr,no,no,1,64,0.03,0.0299501,18.8985,cut,11740,10117,no
rKaHyPar,kim1.mtx.hgr,no,no,2,64,0.03,0.0232945,13.1693,cut,11859,10125,no
rKaHyPar,kim1.mtx.hgr,no,no,3,64,0.03,0.014975,18.9758,cut,11740,10111,no
rKaHyPar,kim1.mtx.hgr,no,no,4,64,0.03,0.014975,18.7825,cut,11769,10108,no
rKaHyPar,kim1.mtx.hgr,no,no,5,64,0.03,0.00665557,18.8017,cut,11789,10102,no
rKaHyPar,kim1.mtx.hgr,no,no,6,64,0.03,0.00998336,13.2858,cut,11808,10118,no
rKaHyPar,kim1.mtx.hgr,no,no,7,64,0.03,0.00665557,13.4737,cut,11824,10104,no
rKaHyPar,kim1.mtx.hgr,no,no,8,64,0.03,0.0249584,18.9507,cut,11800,10101,no
rKaHyPar,kim1.mtx.hgr,no,no,9,64,0.03,0.0299501,19.0265,cut,11772,10116,no
rKaHyPar,kim1.mtx.hgr,no,no,0,8,0.03,0.0204082,8.78113,cut,3148,3052,no
rKaHyPar,kim1.mtx.hgr,no,no,1,8,0.03,0.0204082,5.99448,cut,3152,3056,no
rKaHyPar,kim1.mtx.hgr,no,no,2,8,0.03,0.0204082,6.22878,cut,3152,3056,no
rKaHyPar,kim1.mtx.hgr,no,no,3,8,0.03,0.0102041,6.48848,cut,3148,3052,no
rKaHyPar,kim1.mtx.hgr,no,no,4,8,0.03,0.0204082,9.03101,cut,3148,3052,no
rKaHyPar,kim1.mtx.hgr,no,no,5,8,0.03,0.0174927,6.38748,cut,3160,3064,no
rKaHyPar,kim1.mtx.hgr,no,no,6,8,0.03,0.0204082,6.44451,cut,3144,3048,no
rKaHyPar,kim1.mtx.hgr,no,no,7,8,0.03,0.0204082,9.37723,cut,3144,3048,no
rKaHyPar,kim1.mtx.hgr,no,no,8,8,0.03,0.0204082,6.54053,cut,3148,3052,no
rKaHyPar,kim1.mtx.hgr,no,no,9,8,0.03,0.0204082,9.2991,cut,3148,3052,no
rKaHyPar,kkt_power.mtx.hgr,no,no,0,128,0.03,0.0299591,1378.77,cut,445284,298009,no
rKaHyPar,kkt_power.mtx.hgr,no,no,1,128,0.03,0.0299591,1651.98,cut,464774,303992,no
rKaHyPar,kkt_power.mtx.hgr,no,no,2,128,0.03,0.0299591,1305.15,cut,460629,308959,no
rKaHyPar,kkt_power.mtx.hgr,no,no,3,128,0.03,0.0299591,1243.54,cut,450528,306954,no
rKaHyPar,kkt_power.mtx.hgr,no,no,4,128,0.03,0.0299591,1739.53,cut,438744,284479,no
rKaHyPar,kkt_power.mtx.hgr,no,no,5,128,0.03,0.0299591,1703.14,cut,445464,304695,no
rKaHyPar,kkt_power.mtx.hgr,no,no,6,128,0.03,0.0299591,1111.91,cut,444175,293680,no
rKaHyPar,kkt_power.mtx.hgr,no,no,7,128,0.03,0.0299591,1610.35,cut,445268,283179,no
rKaHyPar,kkt_power.mtx.hgr,no,no,8,128,0.03,0.0299591,1186.85,cut,439772,294768,no
rKaHyPar,kkt_power.mtx.hgr,no,no,9,128,0.03,0.0299591,1714.63,cut,436157,276340,no
rKaHyPar,kkt_power.mtx.hgr,no,no,0,16,0.03,0.0299995,1753.43,cut,115072,93110,no
rKaHyPar,kkt_power.mtx.hgr,no,no,1,16,0.03,0.0299995,4028.67,cut,121180,101083,no
rKaHyPar,kkt_power.mtx.hgr,no,no,2,16,0.03,0.0299995,2263.82,cut,112867,91139,no
rKaHyPar,kkt_power.mtx.hgr,no,no,3,16,0.03,0.0299995,950.01,cut,88963,68299,no
rKaHyPar,kkt_power.mtx.hgr,no,no,4,16,0.03,0.0299995,1345.84,cut,91174,73959,no
rKaHyPar,kkt_power.mtx.hgr,no,no,5,16,0.03,0.0299995,1899.65,cut,106426,84808,no
rKaHyPar,kkt_power.mtx.hgr,no,no,6,16,0.03,0.0263629,2961.48,cut,106835,84795,no
rKaHyPar,kkt_power.mtx.hgr,no,no,7,16,0.03,0.0299995,2482.05,cut,119632,96499,no
rKaHyPar,kkt_power.mtx.hgr,no,no,8,16,0.03,0.0299995,3235.67,cut,112649,95807,no
rKaHyPar,kkt_power.mtx.hgr,no,no,9,16,0.03,0.0299995,2551.61,cut,118057,98630,no
rKaHyPar,kkt_power.mtx.hgr,no,no,0,2,0.03,0.00210711,595.374,cut,9611,9611,no
rKaHyPar,kkt_power.mtx.hgr,no,no,1,2,0.03,0.00210711,392.764,cut,9611,9611,no
rKaHyPar,kkt_power.mtx.hgr,no,no,2,2,0.03,0.00210711,586.062,cut,9611,9611,no
rKaHyPar,kkt_power.mtx.hgr,no,no,3,2,0.03,0.00210711,585.613,cut,9611,9611,no
rKaHyPar,kkt_power.mtx.hgr,no,no,4,2,0.03,0.00210711,539.82,cut,9611,9611,no
rKaHyPar,kkt_power.mtx.hgr,no,no,5,2,0.03,0.00255198,154.899,cut,11940,11940,no
rKaHyPar,kkt_power.mtx.hgr,no,no,6,2,0.03,0.00210711,440.722,cut,9611,9611,no
rKaHyPar,kkt_power.mtx.hgr,no,no,7,2,0.03,0.00927747,165.904,cut,9019,9019,no
rKaHyPar,kkt_power.mtx.hgr,no,no,8,2,0.03,0.0202734,1925.57,cut,10732,10732,no
rKaHyPar,kkt_power.mtx.hgr,no,no,9,2,0.03,0.00210711,426.243,cut,9611,9611,no
rKaHyPar,kkt_power.mtx.hgr,no,no,0,32,0.03,0.0299915,3255.56,cut,219242,171691,no
rKaHyPar,kkt_power.mtx.hgr,no,no,1,32,0.03,0.0299915,1713.57,cut,195900,149047,no
rKaHyPar,kkt_power.mtx.hgr,no,no,2,32,0.03,0.0299915,2137.1,cut,201975,159707,no
rKaHyPar,kkt_power.mtx.hgr,no,no,3,32,0.03,0.0299915,1508.87,cut,176294,133781,no
rKaHyPar,kkt_power.mtx.hgr,no,no,4,32,0.03,0.0299915,1483.17,cut,223662,177218,no
rKaHyPar,kkt_power.mtx.hgr,no,no,5,32,0.03,0.0299915,2128.89,cut,200385,160622,no
rKaHyPar,kkt_power.mtx.hgr,no,no,6,32,0.03,0.0299915,2723.47,cut,230084,182610,no
rKaHyPar,kkt_power.mtx.hgr,no,no,7,32,0.03,0.0299915,2264.96,cut,203044,162162,no
rKaHyPar,kkt_power.mtx.hgr,no,no,8,32,0.03,0.0299915,3164.99,cut,220180,171349,no
rKaHyPar,kkt_power.mtx.hgr,no,no,9,32,0.03,0.0299915,2318.67,cut,198188,149548,no
rKaHyPar,kkt_power.mtx.hgr,no,no,0,4,0.03,0.024504,543.39,cut,19543,17909,no
rKaHyPar,kkt_power.mtx.hgr,no,no,1,4,0.03,0.0230328,359.218,cut,21390,18345,no
rKaHyPar,kkt_power.mtx.hgr,no,no,2,4,0.03,0.0299996,747.88,cut,20366,17997,no
rKaHyPar,kkt_power.mtx.hgr,no,no,3,4,0.03,0.0209741,768.9,cut,24849,21441,no
rKaHyPar,kkt_power.mtx.hgr,no,no,4,4,0.03,0.0299996,554.001,cut,22148,19401,no
rKaHyPar,kkt_power.mtx.hgr,no,no,5,4,0.03,0.0202239,807.612,cut,27472,22782,no
rKaHyPar,kkt_power.mtx.hgr,no,no,6,4,0.03,0.0299996,576.216,cut,19097,18723,no
rKaHyPar,kkt_power.mtx.hgr,no,no,7,4,0.03,0.0299996,506.382,cut,23788,18254,no
rKaHyPar,kkt_power.mtx.hgr,no,no,8,4,0.03,0.0230328,1117.32,cut,23768,20479,no
rKaHyPar,kkt_power.mtx.hgr,no,no,9,4,0.03,0.0291195,571.458,cut,21153,19796,no
rKaHyPar,kkt_power.mtx.hgr,no,no,0,64,0.03,0.029991,2274.89,cut,318393,226823,no
rKaHyPar,kkt_power.mtx.hgr,no,no,1,64,0.03,0.029991,2257.97,cut,320339,231433,no
rKaHyPar,kkt_power.mtx.hgr,no,no,2,64,0.03,0.029991,1829.2,cut,319288,226369,no
rKaHyPar,kkt_power.mtx.hgr,no,no,3,64,0.03,0.029991,1890.76,cut,302892,218420,no
rKaHyPar,kkt_power.mtx.hgr,no,no,4,64,0.03,0.029991,1945.74,cut,291205,211538,no
rKaHyPar,kkt_power.mtx.hgr,no,no,5,64,0.03,0.029991,2760.21,cut,338438,250060,no
rKaHyPar,kkt_power.mtx.hgr,no,no,6,64,0.03,0.029991,1375.5,cut,308986,226901,no
rKaHyPar,kkt_power.mtx.hgr,no,no,7,64,0.03,0.029991,1630.03,cut,337365,248096,no
rKaHyPar,kkt_power.mtx.hgr,no,no,8,64,0.03,0.029991,1515.37,cut,314976,224745,no
rKaHyPar,kkt_power.mtx.hgr,no,no,9,64,0.03,0.029991,1826.46,cut,288636,206293,no
rKaHyPar,kkt_power.mtx.hgr,no,no,0,8,0.03,0.0299879,1126.5,cut,43848,36203,no
rKaHyPar,kkt_power.mtx.hgr,no,no,1,8,0.03,0.0277316,782.707,cut,43288,36240,no
rKaHyPar,kkt_power.mtx.hgr,no,no,2,8,0.03,0.0297088,1408.77,cut,50003,40770,no
rKaHyPar,kkt_power.mtx.hgr,no,no,3,8,0.03,0.0299996,1427.97,cut,45505,39749,no
rKaHyPar,kkt_power.mtx.hgr,no,no,4,8,0.03,0.0299996,5518.48,cut,69868,60042,no
rKaHyPar,kkt_power.mtx.hgr,no,no,5,8,0.03,0.0299996,1024.32,cut,46098,37289,no
rKaHyPar,kkt_power.mtx.hgr,no,no,6,8,0.03,0.0232731,728.84,cut,43430,35304,no
rKaHyPar,kkt_power.mtx.hgr,no,no,7,8,0.03,0.0299996,1814.67,cut,50366,41529,no
rKaHyPar,kkt_power.mtx.hgr,no,no,8,8,0.03,0.0299957,2969.89,cut,71547,61624,no
rKaHyPar,kkt_power.mtx.hgr,no,no,9,8,0.03,0.0288481,1632.85,cut,45524,36905,no
rKaHyPar,kron_g500-logn16.mtx.hgr,no,no,0,128,0.03,0.0292969,1022.45,cut,834197,46173,no
rKaHyPar,kron_g500-logn16.mtx.hgr,no,no,1,128,0.03,0.0214844,712.71,cut,837379,46103,no
rKaHyPar,kron_g500-logn16.mtx.hgr,no,no,2,128,0.03,0.0214844,690.8,cut,836112,46128,no
rKaHyPar,kron_g500-logn16.mtx.hgr,no,no,3,128,0.03,0.0292969,686.044,cut,835752,46166,no
rKaHyPar,kron_g500-logn16.mtx.hgr,no,no,4,128,0.03,0.0292969,1050.53,cut,832703,46142,no
rKaHyPar,kron_g500-logn16.mtx.hgr,no,no,5,128,0.03,0.0253906,1031.84,cut,842505,46088,no
rKaHyPar,kron_g500-logn16.mtx.hgr,no,no,6,128,0.03,0.0292969,711.621,cut,839582,46137,no
rKaHyPar,kron_g500-logn16.mtx.hgr,no,no,7,128,0.03,0.0292969,1068.82,cut,833214,46068,no
rKaHyPar,kron_g500-logn16.mtx.hgr,no,no,8,128,0.03,0.0214844,706.203,cut,836313,46098,no
rKaHyPar,kron_g500-logn16.mtx.hgr,no,no,9,128,0.03,0.0273438,1078.94,cut,837199,46069,no
rKaHyPar,kron_g500-logn16.mtx.hgr,no,no,0,16,0.03,0.0297852,1054.01,cut,206820,41718,no
rKaHyPar,kron_g500-logn16.mtx.hgr,no,no,1,16,0.03,0.0297852,1056.26,cut,205808,41656,no
rKaHyPar,kron_g500-logn16.mtx.hgr,no,no,2,16,0.03,0.0297852,1001.82,cut,207453,41766,no
rKaHyPar,kron_g500-logn16.mtx.hgr,no,no,3,16,0.03,0.0297852,669.725,cut,206701,41679,no
rKaHyPar,kron_g500-logn16.mtx.hgr,no,no,4,16,0.03,0.0297852,1058.54,cut,206876,41697,no
rKaHyPar,kron_g500-logn16.mtx.hgr,no,no,5,16,0.03,0.0297852,1025.89,cut,206282,41688,no
rKaHyPar,kron_g500-logn16.mtx.hgr,no,no,6,16,0.03,0.0297852,682.227,cut,207650,41693,no
rKaHyPar,kron_g500-logn16.mtx.hgr,no,no,7,16,0.03,0.0297852,688.621,cut,206364,41778,no
rKaHyPar,kron_g500-logn16.mtx.hgr,no,no,8,16,0.03,0.0297852,693.327,cut,206068,41645,no
rKaHyPar,kron_g500-logn16.mtx.hgr,no,no,9,16,0.03,0.0297852,689.497,cut,206102,41743,no
rKaHyPar,kron_g500-logn16.mtx.hgr,no,no,0,2,0.03,0.0299988,1256.02,cut,10081,10081,no
rKaHyPar,kron_g500-logn16.mtx.hgr,no,no,1,2,0.03,0.0299988,844.955,cut,10119,10119,no
rKaHyPar,kron_g500-logn16.mtx.hgr,no,no,2,2,0.03,0.0299988,1212.03,cut,10119,10119,no
rKaHyPar,kron_g500-logn16.mtx.hgr,no,no,3,2,0.03,0.0299988,808.279,cut,10140,10140,no
rKaHyPar,kron_g500-logn16.mtx.hgr,no,no,4,2,0.03,0.0299988,1243.72,cut,10123,10123,no
rKaHyPar,kron_g500-logn16.mtx.hgr,no,no,5,2,0.03,0.0299988,810.233,cut,10147,10147,no
rKaHyPar,kron_g500-logn16.mtx.hgr,no,no,6,2,0.03,0.0299988,820.505,cut,10233,10233,no
rKaHyPar,kron_g500-logn16.mtx.hgr,no,no,7,2,0.03,0.0299988,1264.25,cut,10120,10120,no
rKaHyPar,kron_g500-logn16.mtx.hgr,no,no,8,2,0.03,0.0299988,818.917,cut,10118,10118,no
rKaHyPar,kron_g500-logn16.mtx.hgr,no,no,9,2,0.03,0.0299988,828.936,cut,10129,10129,no
rKaHyPar,kron_g500-logn16.mtx.hgr,no,no,0,32,0.03,0.0297852,1044.97,cut,354163,44469,no
rKaHyPar,kron_g500-logn16.mtx.hgr,no,no,1,32,0.03,0.0297852,696.171,cut,352332,44459,no
rKaHyPar,kron_g500-logn16.mtx.hgr,no,no,2,32,0.03,0.0297852,1029.15,cut,354833,44601,no
rKaHyPar,kron_g500-logn16.mtx.hgr,no,no,3,32,0.03,0.0297852,670.501,cut,353629,44471,no
rKaHyPar,kron_g500-logn16.mtx.hgr,no,no,4,32,0.03,0.0297852,699.185,cut,353472,44475,no
rKaHyPar,kron_g500-logn16.mtx.hgr,no,no,5,32,0.03,0.0297852,1065.7,cut,354619,44473,no
rKaHyPar,kron_g500-logn16.mtx.hgr,no,no,6,32,0.03,0.0297852,1035.3,cut,354555,44527,no
rKaHyPar,kron_g500-logn16.mtx.hgr,no,no,7,32,0.03,0.0297852,1052.96,cut,353442,44410,no
rKaHyPar,kron_g500-logn16.mtx.hgr,no,no,8,32,0.03,0.0297852,1046.03,cut,354419,44480,no
rKaHyPar,kron_g500-logn16.mtx.hgr,no,no,9,32,0.03,0.0297852,1026.7,cut,352312,44425,no
rKaHyPar,kron_g500-logn16.mtx.hgr,no,no,0,4,0.03,0.0299683,1073.79,cut,43811,26013,no
rKaHyPar,kron_g500-logn16.mtx.hgr,no,no,1,4,0.03,0.0299683,698.033,cut,43633,25947,no
rKaHyPar,kron_g500-logn16.mtx.hgr,no,no,2,4,0.03,0.0299683,1050.47,cut,43688,26059,no
rKaHyPar,kron_g500-logn16.mtx.hgr,no,no,3,4,0.03,0.0299683,695.875,cut,43675,25939,no
rKaHyPar,kron_g500-logn16.mtx.hgr,no,no,4,4,0.03,0.0299683,1061.35,cut,43466,25843,no
rKaHyPar,kron_g500-logn16.mtx.hgr,no,no,5,4,0.03,0.0299683,707.829,cut,43891,26147,no
rKaHyPar,kron_g500-logn16.mtx.hgr,no,no,6,4,0.03,0.0299683,697.081,cut,43601,25979,no
rKaHyPar,kron_g500-logn16.mtx.hgr,no,no,7,4,0.03,0.0299683,710.205,cut,43661,25891,no
rKaHyPar,kron_g500-logn16.mtx.hgr,no,no,8,4,0.03,0.0299683,1069.72,cut,43656,25856,no
rKaHyPar,kron_g500-logn16.mtx.hgr,no,no,9,4,0.03,0.0299683,1069.01,cut,43433,25792,no
rKaHyPar,kron_g500-logn16.mtx.hgr,no,no,0,64,0.03,0.0244141,1029.76,cut,560057,45624,no
rKaHyPar,kron_g500-logn16.mtx.hgr,no,no,1,64,0.03,0.0263672,1067.13,cut,558822,45703,no
rKaHyPar,kron_g500-logn16.mtx.hgr,no,no,2,64,0.03,0.0292969,1007.15,cut,558966,45628,no
rKaHyPar,kron_g500-logn16.mtx.hgr,no,no,3,64,0.03,0.0244141,1023.81,cut,561932,45710,no
rKaHyPar,kron_g500-logn16.mtx.hgr,no,no,4,64,0.03,0.0244141,1031.9,cut,560025,45660,no
rKaHyPar,kron_g500-logn16.mtx.hgr,no,no,5,64,0.03,0.0244141,1013.79,cut,558267,45709,no
rKaHyPar,kron_g500-logn16.mtx.hgr,no,no,6,64,0.03,0.0244141,689.052,cut,558990,45718,no
rKaHyPar,kron_g500-logn16.mtx.hgr,no,no,7,64,0.03,0.0244141,693.653,cut,561229,45715,no
rKaHyPar,kron_g500-logn16.mtx.hgr,no,no,8,64,0.03,0.0292969,706.765,cut,560130,45671,no
rKaHyPar,kron_g500-logn16.mtx.hgr,no,no,9,64,0.03,0.0244141,1080.09,cut,560510,45695,no
rKaHyPar,kron_g500-logn16.mtx.hgr,no,no,0,8,0.03,0.0299072,1052.35,cut,106653,36044,no
rKaHyPar,kron_g500-logn16.mtx.hgr,no,no,1,8,0.03,0.0299072,711.991,cut,106833,36095,no
rKaHyPar,kron_g500-logn16.mtx.hgr,no,no,2,8,0.03,0.0299072,666.169,cut,107289,36324,no
rKaHyPar,kron_g500-logn16.mtx.hgr,no,no,3,8,0.03,0.0299072,676.053,cut,106760,36087,no
rKaHyPar,kron_g500-logn16.mtx.hgr,no,no,4,8,0.03,0.0299072,1042.11,cut,106709,36048,no
rKaHyPar,kron_g500-logn16.mtx.hgr,no,no,5,8,0.03,0.0299072,1020.56,cut,106235,36096,no
rKaHyPar,kron_g500-logn16.mtx.hgr,no,no,6,8,0.03,0.0299072,709.162,cut,106710,36042,no
rKaHyPar,kron_g500-logn16.mtx.hgr,no,no,7,8,0.03,0.0299072,1062.38,cut,106446,36044,no
rKaHyPar,kron_g500-logn16.mtx.hgr,no,no,8,8,0.03,0.0299072,695.329,cut,106592,35930,no
rKaHyPar,kron_g500-logn16.mtx.hgr,no,no,9,8,0.03,0.0299072,1097.16,cut,106603,36085,no
rKaHyPar,laminar_duct3D.mtx.hgr,no,no,0,128,0.03,0.0285714,18.1842,cut,107395,35559,no
rKaHyPar,laminar_duct3D.mtx.hgr,no,no,1,128,0.03,0.0285714,18.6772,cut,103873,35264,no
rKaHyPar,laminar_duct3D.mtx.hgr,no,no,2,128,0.03,0.0285714,18.231,cut,104414,35492,no
rKaHyPar,laminar_duct3D.mtx.hgr,no,no,3,128,0.03,0.0285714,18.1711,cut,109166,35289,no
rKaHyPar,laminar_duct3D.mtx.hgr,no,no,4,128,0.03,0.0285714,25.6774,cut,107121,35617,no
rKaHyPar,laminar_duct3D.mtx.hgr,no,no,5,128,0.03,0.0285714,25.5702,cut,108869,35366,no
rKaHyPar,laminar_duct3D.mtx.hgr,no,no,6,128,0.03,0.0285714,17.7717,cut,101615,35051,no
rKaHyPar,laminar_duct3D.mtx.hgr,no,no,7,128,0.03,0.0285714,25.9261,cut,101719,35139,no
rKaHyPar,laminar_duct3D.mtx.hgr,no,no,8,128,0.03,0.0285714,18.0177,cut,105097,35383,no
rKaHyPar,laminar_duct3D.mtx.hgr,no,no,9,128,0.03,0.0285714,17.8201,cut,99424,35238,no
rKaHyPar,laminar_duct3D.mtx.hgr,no,no,0,16,0.03,0.023577,10.4348,cut,23291,14298,no
rKaHyPar,laminar_duct3D.mtx.hgr,no,no,1,16,0.03,0.0292927,14.3699,cut,25712,14520,no
rKaHyPar,laminar_duct3D.mtx.hgr,no,no,2,16,0.03,0.0283401,14.1316,cut,23666,14387,no
rKaHyPar,laminar_duct3D.mtx.hgr,no,no,3,16,0.03,0.0176232,14.0174,cut,24027,14451,no
rKaHyPar,laminar_duct3D.mtx.hgr,no,no,4,16,0.03,0.029769,14.5356,cut,23377,14466,no
rKaHyPar,laminar_duct3D.mtx.hgr,no,no,5,16,0.03,0.0278638,14.386,cut,23019,14394,no
rKaHyPar,laminar_duct3D.mtx.hgr,no,no,6,16,0.03,0.0288164,10.3502,cut,22164,14398,no
rKaHyPar,laminar_duct3D.mtx.hgr,no,no,7,16,0.03,0.0295308,9.82287,cut,24414,14693,no
rKaHyPar,laminar_duct3D.mtx.hgr,no,no,8,16,0.03,0.0295308,10.6651,cut,24145,14408,no
rKaHyPar,laminar_duct3D.mtx.hgr,no,no,9,16,0.03,0.0290545,10.2579,cut,23990,14580,no
rKaHyPar,laminar_duct3D.mtx.hgr,no,no,0,2,0.03,0.0152142,6.09718,cut,1866,1866,no
rKaHyPar,laminar_duct3D.mtx.hgr,no,no,1,2,0.03,0.0152142,4.03674,cut,1866,1866,no
rKaHyPar,laminar_duct3D.mtx.hgr,no,no,2,2,0.03,0.0152142,4.74391,cut,1866,1866,no
rKaHyPar,laminar_duct3D.mtx.hgr,no,no,3,2,0.03,0.0152142,4.119,cut,1866,1866,no
rKaHyPar,laminar_duct3D.mtx.hgr,no,no,4,2,0.03,0.0152142,5.67346,cut,1866,1866,no
rKaHyPar,laminar_duct3D.mtx.hgr,no,no,5,2,0.03,0.0152142,4.31526,cut,1866,1866,no
rKaHyPar,laminar_duct3D.mtx.hgr,no,no,6,2,0.03,0.0152142,4.36755,cut,1866,1866,no
rKaHyPar,laminar_duct3D.mtx.hgr,no,no,7,2,0.03,0.0152142,4.74669,cut,1866,1866,no
rKaHyPar,laminar_duct3D.mtx.hgr,no,no,8,2,0.03,0.0152142,4.59788,cut,1866,1866,no
rKaHyPar,laminar_duct3D.mtx.hgr,no,no,9,2,0.03,0.0152142,3.48432,cut,1866,1866,no
rKaHyPar,laminar_duct3D.mtx.hgr,no,no,0,32,0.03,0.03,18.7919,cut,41063,21029,no
rKaHyPar,laminar_duct3D.mtx.hgr,no,no,1,32,0.03,0.03,12.8895,cut,41071,21136,no
rKaHyPar,laminar_duct3D.mtx.hgr,no,no,2,32,0.03,0.03,17.9926,cut,37253,20966,no
rKaHyPar,laminar_duct3D.mtx.hgr,no,no,3,32,0.03,0.0290476,12.6657,cut,40478,21113,no
rKaHyPar,laminar_duct3D.mtx.hgr,no,no,4,32,0.03,0.0295238,12.7533,cut,38216,21200,no
rKaHyPar,laminar_duct3D.mtx.hgr,no,no,5,32,0.03,0.03,12.8647,cut,43542,20916,no
rKaHyPar,laminar_duct3D.mtx.hgr,no,no,6,32,0.03,0.0295238,17.9528,cut,41357,21085,no
rKaHyPar,laminar_duct3D.mtx.hgr,no,no,7,32,0.03,0.0295238,17.6161,cut,38672,20999,no
rKaHyPar,laminar_duct3D.mtx.hgr,no,no,8,32,0.03,0.03,13.1976,cut,37276,21142,no
rKaHyPar,laminar_duct3D.mtx.hgr,no,no,9,32,0.03,0.0295238,18.0463,cut,40862,21146,no
rKaHyPar,laminar_duct3D.mtx.hgr,no,no,0,4,0.03,0.0174467,9.05566,cut,6068,5053,no
rKaHyPar,laminar_duct3D.mtx.hgr,no,no,1,4,0.03,0.0188758,5.83972,cut,5965,5027,no
rKaHyPar,laminar_duct3D.mtx.hgr,no,no,2,4,0.03,0.0250089,5.62405,cut,6042,5046,no
rKaHyPar,laminar_duct3D.mtx.hgr,no,no,3,4,0.03,0.0101227,6.4243,cut,6059,5043,no
rKaHyPar,laminar_duct3D.mtx.hgr,no,no,4,4,0.03,0.015184,8.82816,cut,6019,5024,no
rKaHyPar,laminar_duct3D.mtx.hgr,no,no,5,4,0.03,0.015184,6.02792,cut,6023,5031,no
rKaHyPar,laminar_duct3D.mtx.hgr,no,no,6,4,0.03,0.0151244,5.77498,cut,6019,5027,no
rKaHyPar,laminar_duct3D.mtx.hgr,no,no,7,4,0.03,0.0151244,6.00179,cut,6019,5027,no
rKaHyPar,laminar_duct3D.mtx.hgr,no,no,8,4,0.03,0.0168513,6.747,cut,6030,5038,no
rKaHyPar,laminar_duct3D.mtx.hgr,no,no,9,4,0.03,0.0148863,8.42332,cut,6048,5056,no
rKaHyPar,laminar_duct3D.mtx.hgr,no,no,0,64,0.03,0.0295238,21.9469,cut,71299,27822,no
rKaHyPar,laminar_duct3D.mtx.hgr,no,no,1,64,0.03,0.0295238,15.2289,cut,72913,27710,no
rKaHyPar,laminar_duct3D.mtx.hgr,no,no,2,64,0.03,0.0285714,21.8918,cut,70150,27668,no
rKaHyPar,laminar_duct3D.mtx.hgr,no,no,3,64,0.03,0.0295238,21.714,cut,70008,27780,no
rKaHyPar,laminar_duct3D.mtx.hgr,no,no,4,64,0.03,0.0295238,15.1466,cut,70733,27418,no
rKaHyPar,laminar_duct3D.mtx.hgr,no,no,5,64,0.03,0.0285714,21.4157,cut,67816,27674,no
rKaHyPar,laminar_duct3D.mtx.hgr,no,no,6,64,0.03,0.0285714,15.2193,cut,64951,27635,no
rKaHyPar,laminar_duct3D.mtx.hgr,no,no,7,64,0.03,0.0295238,21.4419,cut,70611,27660,no
rKaHyPar,laminar_duct3D.mtx.hgr,no,no,8,64,0.03,0.0285714,15.7575,cut,62832,27321,no
rKaHyPar,laminar_duct3D.mtx.hgr,no,no,9,64,0.03,0.0295238,21.5514,cut,71181,27708,no
rKaHyPar,laminar_duct3D.mtx.hgr,no,no,0,8,0.03,0.0298916,11.2992,cut,12236,8557,no
rKaHyPar,laminar_duct3D.mtx.hgr,no,no,1,8,0.03,0.0298916,7.84717,cut,12220,8584,no
rKaHyPar,laminar_duct3D.mtx.hgr,no,no,2,8,0.03,0.0298916,7.89121,cut,12319,8609,no
rKaHyPar,laminar_duct3D.mtx.hgr,no,no,3,8,0.03,0.0296534,7.49904,cut,11720,8690,no
rKaHyPar,laminar_duct3D.mtx.hgr,no,no,4,8,0.03,0.0296534,11.0049,cut,12930,8610,no
rKaHyPar,laminar_duct3D.mtx.hgr,no,no,5,8,0.03,0.0296534,10.9562,cut,10759,8595,no
rKaHyPar,laminar_duct3D.mtx.hgr,no,no,6,8,0.03,0.0295344,7.45097,cut,12839,8585,no
rKaHyPar,laminar_duct3D.mtx.hgr,no,no,7,8,0.03,0.0298916,7.6653,cut,11908,8630,no
rKaHyPar,laminar_duct3D.mtx.hgr,no,no,8,8,0.03,0.0298916,8.04605,cut,11547,8555,no
rKaHyPar,laminar_duct3D.mtx.hgr,no,no,9,8,0.03,0.0296534,10.3212,cut,12813,8566,no
rKaHyPar,language.mtx.hgr,no,no,0,128,0.03,0.0272523,200.766,cut,123662,33283,no
rKaHyPar,language.mtx.hgr,no,no,1,128,0.03,0.0230843,150.089,cut,123676,33396,no
rKaHyPar,language.mtx.hgr,no,no,2,128,0.03,0.0288554,150.278,cut,124505,33190,no
rKaHyPar,language.mtx.hgr,no,no,3,128,0.03,0.0288554,148.119,cut,124343,33293,no
rKaHyPar,language.mtx.hgr,no,no,4,128,0.03,0.029176,198.868,cut,124370,33478,no
rKaHyPar,language.mtx.hgr,no,no,5,128,0.03,0.0266111,202.149,cut,123640,33430,no
rKaHyPar,language.mtx.hgr,no,no,6,128,0.03,0.0195576,152.805,cut,124341,33384,no
rKaHyPar,language.mtx.hgr,no,no,7,128,0.03,0.0230843,202.809,cut,124050,32976,no
rKaHyPar,language.mtx.hgr,no,no,8,128,0.03,0.0294966,152.446,cut,124503,33516,no
rKaHyPar,language.mtx.hgr,no,no,9,128,0.03,0.0269317,153.168,cut,124532,33450,no
rKaHyPar,language.mtx.hgr,no,no,0,16,0.03,0.0230899,140.727,cut,67723,28530,no
rKaHyPar,language.mtx.hgr,no,no,1,16,0.03,0.0139501,188.562,cut,67611,28424,no
rKaHyPar,language.mtx.hgr,no,no,2,16,0.03,0.0244528,185.301,cut,67583,28291,no
rKaHyPar,language.mtx.hgr,no,no,3,16,0.03,0.0283011,180.012,cut,67716,28427,no
rKaHyPar,language.mtx.hgr,no,no,4,16,0.03,0.0294236,185.312,cut,68008,28454,no
rKaHyPar,language.mtx.hgr,no,no,5,16,0.03,0.0272188,184.064,cut,67459,28152,no
rKaHyPar,language.mtx.hgr,no,no,6,16,0.03,0.0196825,188.503,cut,67668,28544,no
rKaHyPar,language.mtx.hgr,no,no,7,16,0.03,0.0290628,140.202,cut,68347,28669,no
rKaHyPar,language.mtx.hgr,no,no,8,16,0.03,0.0265774,137.282,cut,68234,28246,no
rKaHyPar,language.mtx.hgr,no,no,9,16,0.03,0.0161549,139.322,cut,67280,28169,no
rKaHyPar,language.mtx.hgr,no,no,0,2,0.03,0,202.245,cut,13375,13375,no
rKaHyPar,language.mtx.hgr,no,no,1,2,0.03,0,172.809,cut,13260,13260,no
rKaHyPar,language.mtx.hgr,no,no,2,2,0.03,0,222.672,cut,13347,13347,no
rKaHyPar,language.mtx.hgr,no,no,3,2,0.03,0,162.482,cut,13278,13278,no
rKaHyPar,language.mtx.hgr,no,no,4,2,0.03,0,253.069,cut,13333,13333,no
rKaHyPar,language.mtx.hgr,no,no,5,2,0.03,0,180.445,cut,13254,13254,no
rKaHyPar,language.mtx.hgr,no,no,6,2,0.03,0,195.754,cut,13303,13303,no
rKaHyPar,language.mtx.hgr,no,no,7,2,0.03,0,222.591,cut,13283,13283,no
rKaHyPar,language.mtx.hgr,no,no,8,2,0.03,0,163.282,cut,13221,13221,no
rKaHyPar,language.mtx.hgr,no,no,9,2,0.03,0,165.409,cut,13232,13232,no
rKaHyPar,language.mtx.hgr,no,no,0,32,0.03,0.028702,190.445,cut,86785,30276,no
rKaHyPar,language.mtx.hgr,no,no,1,32,0.03,0.0298244,145.164,cut,87712,29964,no
rKaHyPar,language.mtx.hgr,no,no,2,32,0.03,0.028221,191.744,cut,87102,30084,no
rKaHyPar,language.mtx.hgr,no,no,3,32,0.03,0.0299848,143.018,cut,87255,30320,no
rKaHyPar,language.mtx.hgr,no,no,4,32,0.03,0.0278201,140.526,cut,86785,30561,no
rKaHyPar,language.mtx.hgr,no,no,5,32,0.03,0.0292632,143.793,cut,87070,30434,no
rKaHyPar,language.mtx.hgr,no,no,6,32,0.03,0.0297442,194.316,cut,86911,30086,no
rKaHyPar,language.mtx.hgr,no,no,7,32,0.03,0.0275796,196.212,cut,87013,30335,no
rKaHyPar,language.mtx.hgr,no,no,8,32,0.03,0.0297442,141.959,cut,87719,30587,no
rKaHyPar,language.mtx.hgr,no,no,9,32,0.03,0.0298244,192.05,cut,86662,30446,no
rKaHyPar,language.mtx.hgr,no,no,0,4,0.03,0.0278204,188.447,cut,29930,21157,no
rKaHyPar,language.mtx.hgr,no,no,1,4,0.03,0.0217271,136.54,cut,29431,21023,no
rKaHyPar,language.mtx.hgr,no,no,2,4,0.03,0.029955,140.113,cut,29263,21022,no
rKaHyPar,language.mtx.hgr,no,no,3,4,0.03,0.0213664,140.804,cut,29250,20946,no
rKaHyPar,language.mtx.hgr,no,no,4,4,0.03,0.0266979,190.854,cut,29651,21017,no
rKaHyPar,language.mtx.hgr,no,no,5,4,0.03,0.0279206,141.85,cut,29872,21041,no
rKaHyPar,language.mtx.hgr,no,no,6,4,0.03,0.0191716,144.659,cut,29970,21273,no
rKaHyPar,language.mtx.hgr,no,no,7,4,0.03,0.0287123,132.697,cut,29254,20926,no
rKaHyPar,language.mtx.hgr,no,no,8,4,0.03,0.0275097,135.468,cut,29551,20938,no
rKaHyPar,language.mtx.hgr,no,no,9,4,0.03,0.0224287,182.252,cut,28998,20841,no
rKaHyPar,language.mtx.hgr,no,no,0,64,0.03,0.029822,197.009,cut,105932,32077,no
rKaHyPar,language.mtx.hgr,no,no,1,64,0.03,0.0299824,147.48,cut,106138,32020,no
rKaHyPar,language.mtx.hgr,no,no,2,64,0.03,0.0299824,193.434,cut,105781,32084,no
rKaHyPar,language.mtx.hgr,no,no,3,64,0.03,0.0299824,193.097,cut,105553,32060,no
rKaHyPar,language.mtx.hgr,no,no,4,64,0.03,0.0299824,145.014,cut,106549,32069,no
rKaHyPar,language.mtx.hgr,no,no,5,64,0.03,0.0299824,195.365,cut,106349,32029,no
rKaHyPar,language.mtx.hgr,no,no,6,64,0.03,0.0296617,149.022,cut,105594,32089,no
rKaHyPar,language.mtx.hgr,no,no,7,64,0.03,0.029822,197.721,cut,106944,32283,no
rKaHyPar,language.mtx.hgr,no,no,8,64,0.03,0.0296617,148.269,cut,106499,32266,no
rKaHyPar,language.mtx.hgr,no,no,9,64,0.03,0.0285394,205.969,cut,106512,32013,no
rKaHyPar,language.mtx.hgr,no,no,0,8,0.03,0.00769662,184.196,cut,47658,25646,no
rKaHyPar,language.mtx.hgr,no,no,1,8,0.03,0.0146917,137.954,cut,48361,25798,no
rKaHyPar,language.mtx.hgr,no,no,2,8,0.03,0.0205644,133.829,cut,48161,25656,no
rKaHyPar,language.mtx.hgr,no,no,3,8,0.03,0.0173374,134.714,cut,48070,25672,no
rKaHyPar,language.mtx.hgr,no,no,4,8,0.03,0.0132486,177.374,cut,48077,25640,no
rKaHyPar,language.mtx.hgr,no,no,5,8,0.03,0.0111842,181.631,cut,48293,25726,no
rKaHyPar,language.mtx.hgr,no,no,6,8,0.03,0.0134891,138.03,cut,48518,25647,no
rKaHyPar,language.mtx.hgr,no,no,7,8,0.03,0.00146316,134.449,cut,48233,25634,no
rKaHyPar,language.mtx.hgr,no,no,8,8,0.03,0.000821775,134.212,cut,48603,25840,no
rKaHyPar,language.mtx.hgr,no,no,9,8,0.03,0.0148922,182.116,cut,48530,25769,no
rKaHyPar,lhr14.mtx.hgr,no,no,0,128,0.03,0.0267857,7.3262,cut,10820,5345,no
rKaHyPar,lhr14.mtx.hgr,no,no,1,128,0.03,0.0267857,7.40114,cut,10865,5441,no
rKaHyPar,lhr14.mtx.hgr,no,no,2,128,0.03,0.0267857,11.5765,cut,10802,5452,no
rKaHyPar,lhr14.mtx.hgr,no,no,3,128,0.03,0.0267857,7.18516,cut,10675,5386,no
rKaHyPar,lhr14.mtx.hgr,no,no,4,128,0.03,0.0267857,11.4559,cut,10658,5353,no
rKaHyPar,lhr14.mtx.hgr,no,no,5,128,0.03,0.0267857,7.48541,cut,10859,5478,no
rKaHyPar,lhr14.mtx.hgr,no,no,6,128,0.03,0.0267857,7.74303,cut,10903,5523,no
rKaHyPar,lhr14.mtx.hgr,no,no,7,128,0.03,0.0267857,11.2231,cut,10973,5402,no
rKaHyPar,lhr14.mtx.hgr,no,no,8,128,0.03,0.0267857,11.7404,cut,11125,5463,no
rKaHyPar,lhr14.mtx.hgr,no,no,9,128,0.03,0.0267857,7.39968,cut,10880,5450,no
rKaHyPar,lhr14.mtx.hgr,no,no,0,16,0.03,0.0280269,2.42897,cut,1196,1067,no
rKaHyPar,lhr14.mtx.hgr,no,no,1,16,0.03,0.0280269,3.6901,cut,1197,1067,no
rKaHyPar,lhr14.mtx.hgr,no,no,2,16,0.03,0.0280269,2.62642,cut,1198,1067,no
rKaHyPar,lhr14.mtx.hgr,no,no,3,16,0.03,0.029148,3.72491,cut,1197,1066,no
rKaHyPar,lhr14.mtx.hgr,no,no,4,16,0.03,0.029148,3.85905,cut,1205,1091,no
rKaHyPar,lhr14.mtx.hgr,no,no,5,16,0.03,0.0280269,3.99849,cut,1194,1077,no
rKaHyPar,lhr14.mtx.hgr,no,no,6,16,0.03,0.0280269,2.4057,cut,1230,1098,no
rKaHyPar,lhr14.mtx.hgr,no,no,7,16,0.03,0.0280269,2.47025,cut,1198,1067,no
rKaHyPar,lhr14.mtx.hgr,no,no,8,16,0.03,0.029148,2.62713,cut,1229,1097,no
rKaHyPar,lhr14.mtx.hgr,no,no,9,16,0.03,0.029148,2.49553,cut,1233,1160,no
rKaHyPar,lhr14.mtx.hgr,no,no,0,2,0.03,0.00560617,0.931167,cut,97,97,no
rKaHyPar,lhr14.mtx.hgr,no,no,1,2,0.03,0.00560617,0.53824,cut,97,97,no
rKaHyPar,lhr14.mtx.hgr,no,no,2,2,0.03,0.00560617,0.699611,cut,97,97,no
rKaHyPar,lhr14.mtx.hgr,no,no,3,2,0.03,0.00560617,0.551317,cut,97,97,no
rKaHyPar,lhr14.mtx.hgr,no,no,4,2,0.03,0.00560617,0.93645,cut,97,97,no
rKaHyPar,lhr14.mtx.hgr,no,no,5,2,0.03,0.00560617,1.03011,cut,97,97,no
rKaHyPar,lhr14.mtx.hgr,no,no,6,2,0.03,0.00560617,0.609402,cut,97,97,no
rKaHyPar,lhr14.mtx.hgr,no,no,7,2,0.03,0.00560617,0.888317,cut,97,97,no
rKaHyPar,lhr14.mtx.hgr,no,no,8,2,0.03,0.00560617,0.82842,cut,97,97,no
rKaHyPar,lhr14.mtx.hgr,no,no,9,2,0.03,0.00560617,0.683973,cut,97,97,no
rKaHyPar,lhr14.mtx.hgr,no,no,0,32,0.03,0.029148,5.50518,cut,2630,2296,no
rKaHyPar,lhr14.mtx.hgr,no,no,1,32,0.03,0.029148,5.52657,cut,2738,2440,no
rKaHyPar,lhr14.mtx.hgr,no,no,2,32,0.03,0.029148,5.55415,cut,2628,2310,no
rKaHyPar,lhr14.mtx.hgr,no,no,3,32,0.03,0.029148,3.68019,cut,2620,2298,no
rKaHyPar,lhr14.mtx.hgr,no,no,4,32,0.03,0.029148,3.75613,cut,2625,2295,no
rKaHyPar,lhr14.mtx.hgr,no,no,5,32,0.03,0.029148,3.63841,cut,2663,2361,no
rKaHyPar,lhr14.mtx.hgr,no,no,6,32,0.03,0.029148,5.50336,cut,2641,2340,no
rKaHyPar,lhr14.mtx.hgr,no,no,7,32,0.03,0.029148,3.67881,cut,2637,2353,no
rKaHyPar,lhr14.mtx.hgr,no,no,8,32,0.03,0.029148,3.8359,cut,2721,2388,no
rKaHyPar,lhr14.mtx.hgr,no,no,9,32,0.03,0.029148,5.63598,cut,2718,2352,no
rKaHyPar,lhr14.mtx.hgr,no,no,0,4,0.03,0.00840807,1.85695,cut,285,285,no
rKaHyPar,lhr14.mtx.hgr,no,no,1,4,0.03,0.00840807,1.01191,cut,286,285,no
rKaHyPar,lhr14.mtx.hgr,no,no,2,4,0.03,0.00840807,1.23167,cut,286,285,no
rKaHyPar,lhr14.mtx.hgr,no,no,3,4,0.03,0.00840807,1.09788,cut,285,285,no
rKaHyPar,lhr14.mtx.hgr,no,no,4,4,0.03,0.00840807,1.85404,cut,286,285,no
rKaHyPar,lhr14.mtx.hgr,no,no,5,4,0.03,0.00840807,1.23614,cut,317,285,no
rKaHyPar,lhr14.mtx.hgr,no,no,6,4,0.03,0.00840807,1.1949,cut,285,285,no
rKaHyPar,lhr14.mtx.hgr,no,no,7,4,0.03,0.0184978,1.82209,cut,285,285,no
rKaHyPar,lhr14.mtx.hgr,no,no,8,4,0.03,0.00840807,1.3852,cut,286,285,no
rKaHyPar,lhr14.mtx.hgr,no,no,9,4,0.03,0.00840807,1.82508,cut,286,285,no
rKaHyPar,lhr14.mtx.hgr,no,no,0,64,0.03,0.0269058,5.25916,cut,5479,4325,no
rKaHyPar,lhr14.mtx.hgr,no,no,1,64,0.03,0.0269058,5.23763,cut,5580,4412,no
rKaHyPar,lhr14.mtx.hgr,no,no,2,64,0.03,0.0269058,8.34834,cut,5505,4258,no
rKaHyPar,lhr14.mtx.hgr,no,no,3,64,0.03,0.0269058,8.09908,cut,5524,4340,no
rKaHyPar,lhr14.mtx.hgr,no,no,4,64,0.03,0.0269058,5.22683,cut,5527,4324,no
rKaHyPar,lhr14.mtx.hgr,no,no,5,64,0.03,0.0269058,8.43798,cut,5508,4304,no
rKaHyPar,lhr14.mtx.hgr,no,no,6,64,0.03,0.0269058,5.30154,cut,5672,4412,no
rKaHyPar,lhr14.mtx.hgr,no,no,7,64,0.03,0.0269058,7.97637,cut,5573,4440,no
rKaHyPar,lhr14.mtx.hgr,no,no,8,64,0.03,0.0269058,5.38233,cut,5566,4294,no
rKaHyPar,lhr14.mtx.hgr,no,no,9,64,0.03,0.0269058,5.26755,cut,5631,4328,no
rKaHyPar,lhr14.mtx.hgr,no,no,0,8,0.03,0.0297085,1.72938,cut,625,558,no
rKaHyPar,lhr14.mtx.hgr,no,no,1,8,0.03,0.0179372,1.6196,cut,667,599,no
rKaHyPar,lhr14.mtx.hgr,no,no,2,8,0.03,0.0285874,1.83829,cut,630,564,no
rKaHyPar,lhr14.mtx.hgr,no,no,3,8,0.03,0.0285874,2.68241,cut,703,576,no
rKaHyPar,lhr14.mtx.hgr,no,no,4,8,0.03,0.0297085,2.68909,cut,627,563,no
rKaHyPar,lhr14.mtx.hgr,no,no,5,8,0.03,0.0297085,2.81522,cut,656,560,no
rKaHyPar,lhr14.mtx.hgr,no,no,6,8,0.03,0.029148,2.8258,cut,663,565,no
rKaHyPar,lhr14.mtx.hgr,no,no,7,8,0.03,0.0297085,1.85204,cut,710,584,no
rKaHyPar,lhr14.mtx.hgr,no,no,8,8,0.03,0.0297085,1.9285,cut,630,564,no
rKaHyPar,lhr14.mtx.hgr,no,no,9,8,0.03,0.0196188,2.8165,cut,696,569,no
rKaHyPar,light_in_tissue.mtx.hgr,no,no,0,128,0.03,0.0218341,11.1052,cut,11694,9328,no
rKaHyPar,light_in_tissue.mtx.hgr,no,no,1,128,0.03,0.0262009,8.10134,cut,11666,9290,no
rKaHyPar,light_in_tissue.mtx.hgr,no,no,2,128,0.03,0.0218341,11.1782,cut,11682,9278,no
rKaHyPar,light_in_tissue.mtx.hgr,no,no,3,128,0.03,0.0218341,7.94659,cut,11642,9254,no
rKaHyPar,light_in_tissue.mtx.hgr,no,no,4,128,0.03,0.0174672,11.0659,cut,11688,9346,no
rKaHyPar,light_in_tissue.mtx.hgr,no,no,5,128,0.03,0.0262009,8.03228,cut,11684,9304,no
rKaHyPar,light_in_tissue.mtx.hgr,no,no,6,128,0.03,0.0218341,7.99737,cut,11768,9368,no
rKaHyPar,light_in_tissue.mtx.hgr,no,no,7,128,0.03,0.0218341,11.1086,cut,11690,9306,no
rKaHyPar,light_in_tissue.mtx.hgr,no,no,8,128,0.03,0.0218341,11.2179,cut,11574,9298,no
rKaHyPar,light_in_tissue.mtx.hgr,no,no,9,128,0.03,0.0218341,7.94387,cut,11664,9280,no
rKaHyPar,light_in_tissue.mtx.hgr,no,no,0,16,0.03,0.0103768,2.85424,cut,2970,2802,no
rKaHyPar,light_in_tissue.mtx.hgr,no,no,1,16,0.03,0.00928454,3.85583,cut,2988,2812,no
rKaHyPar,light_in_tissue.mtx.hgr,no,no,2,16,0.03,0.0267613,2.69759,cut,2950,2804,no
rKaHyPar,light_in_tissue.mtx.hgr,no,no,3,16,0.03,0.00983069,3.70333,cut,2962,2804,no
rKaHyPar,light_in_tissue.mtx.hgr,no,no,4,16,0.03,0.0278536,3.74738,cut,2968,2804,no
rKaHyPar,light_in_tissue.mtx.hgr,no,no,5,16,0.03,0.0212998,3.79852,cut,2974,2802,no
rKaHyPar,light_in_tissue.mtx.hgr,no,no,6,16,0.03,0.0273075,3.75713,cut,2986,2826,no
rKaHyPar,light_in_tissue.mtx.hgr,no,no,7,16,0.03,0.0158383,2.85195,cut,2996,2802,no
rKaHyPar,light_in_tissue.mtx.hgr,no,no,8,16,0.03,0.0169306,2.72878,cut,2954,2810,no
rKaHyPar,light_in_tissue.mtx.hgr,no,no,9,16,0.03,0.0278536,2.69178,cut,2986,2798,no
rKaHyPar,light_in_tissue.mtx.hgr,no,no,0,2,0.03,6.83013e-05,1.05487,cut,484,484,no
rKaHyPar,light_in_tissue.mtx.hgr,no,no,1,2,0.03,6.83013e-05,0.814001,cut,484,484,no
rKaHyPar,light_in_tissue.mtx.hgr,no,no,2,2,0.03,6.83013e-05,0.874848,cut,484,484,no
rKaHyPar,light_in_tissue.mtx.hgr,no,no,3,2,0.03,6.83013e-05,0.775669,cut,484,484,no
rKaHyPar,light_in_tissue.mtx.hgr,no,no,4,2,0.03,6.83013e-05,1.09544,cut,484,484,no
rKaHyPar,light_in_tissue.mtx.hgr,no,no,5,2,0.03,6.83013e-05,1.07835,cut,484,484,no
rKaHyPar,light_in_tissue.mtx.hgr,no,no,6,2,0.03,6.83013e-05,0.802347,cut,484,484,no
rKaHyPar,light_in_tissue.mtx.hgr,no,no,7,2,0.03,6.83013e-05,1.17486,cut,484,484,no
rKaHyPar,light_in_tissue.mtx.hgr,no,no,8,2,0.03,6.83013e-05,0.881193,cut,484,484,no
rKaHyPar,light_in_tissue.mtx.hgr,no,no,9,2,0.03,6.83013e-05,0.767535,cut,484,484,no
rKaHyPar,light_in_tissue.mtx.hgr,no,no,0,32,0.03,0.0196507,5.62359,cut,4900,4470,no
rKaHyPar,light_in_tissue.mtx.hgr,no,no,1,32,0.03,0.0283843,5.61534,cut,4920,4520,no
rKaHyPar,light_in_tissue.mtx.hgr,no,no,2,32,0.03,0.0229258,5.45916,cut,4940,4444,no
rKaHyPar,light_in_tissue.mtx.hgr,no,no,3,32,0.03,0.0240175,3.89931,cut,4864,4448,no
rKaHyPar,light_in_tissue.mtx.hgr,no,no,4,32,0.03,0.0218341,4.17122,cut,4896,4510,no
rKaHyPar,light_in_tissue.mtx.hgr,no,no,5,32,0.03,0.029476,4.14549,cut,4874,4464,no
rKaHyPar,light_in_tissue.mtx.hgr,no,no,6,32,0.03,0.0283843,5.41899,cut,4902,4444,no
rKaHyPar,light_in_tissue.mtx.hgr,no,no,7,32,0.03,0.0196507,3.90695,cut,4922,4524,no
rKaHyPar,light_in_tissue.mtx.hgr,no,no,8,32,0.03,0.0283843,3.89273,cut,4862,4454,no
rKaHyPar,light_in_tissue.mtx.hgr,no,no,9,32,0.03,0.0196507,5.49948,cut,4942,4488,no
rKaHyPar,light_in_tissue.mtx.hgr,no,no,0,4,0.03,0.000136593,1.83891,cut,968,956,no
rKaHyPar,light_in_tissue.mtx.hgr,no,no,1,4,0.03,0,1.28864,cut,974,958,no
rKaHyPar,light_in_tissue.mtx.hgr,no,no,2,4,0.03,0.0206256,1.41089,cut,970,956,no
rKaHyPar,light_in_tissue.mtx.hgr,no,no,3,4,0.03,0.0184401,1.28211,cut,968,950,no
rKaHyPar,light_in_tissue.mtx.hgr,no,no,4,4,0.03,0.0290944,1.93027,cut,968,954,no
rKaHyPar,light_in_tissue.mtx.hgr,no,no,5,4,0.03,0.021172,1.37222,cut,962,950,no
rKaHyPar,light_in_tissue.mtx.hgr,no,no,6,4,0.03,0.000136593,1.36332,cut,962,950,no
rKaHyPar,light_in_tissue.mtx.hgr,no,no,7,4,0.03,0.000136593,1.94063,cut,972,958,no
rKaHyPar,light_in_tissue.mtx.hgr,no,no,8,4,0.03,0.0282748,1.3845,cut,964,950,no
rKaHyPar,light_in_tissue.mtx.hgr,no,no,9,4,0.03,0.0266357,1.78568,cut,962,950,no
rKaHyPar,light_in_tissue.mtx.hgr,no,no,0,64,0.03,0.0262009,5.80176,cut,7320,6340,no
rKaHyPar,light_in_tissue.mtx.hgr,no,no,1,64,0.03,0.0196507,5.5283,cut,7334,6368,no
rKaHyPar,light_in_tissue.mtx.hgr,no,no,2,64,0.03,0.0174672,7.80336,cut,7262,6346,no
rKaHyPar,light_in_tissue.mtx.hgr,no,no,3,64,0.03,0.0283843,7.60898,cut,7270,6326,no
rKaHyPar,light_in_tissue.mtx.hgr,no,no,4,64,0.03,0.0262009,5.76439,cut,7316,6338,no
rKaHyPar,light_in_tissue.mtx.hgr,no,no,5,64,0.03,0.0196507,7.70783,cut,7378,6366,no
rKaHyPar,light_in_tissue.mtx.hgr,no,no,6,64,0.03,0.0262009,5.65774,cut,7398,6370,no
rKaHyPar,light_in_tissue.mtx.hgr,no,no,7,64,0.03,0.0240175,7.8856,cut,7340,6346,no
rKaHyPar,light_in_tissue.mtx.hgr,no,no,8,64,0.03,0.0283843,5.56722,cut,7334,6356,no
rKaHyPar,light_in_tissue.mtx.hgr,no,no,9,64,0.03,0.0283843,5.55368,cut,7552,6430,no
rKaHyPar,light_in_tissue.mtx.hgr,no,no,0,8,0.03,0.0245834,1.91419,cut,1932,1872,no
rKaHyPar,light_in_tissue.mtx.hgr,no,no,1,8,0.03,0.000273149,1.92621,cut,1886,1850,no
rKaHyPar,light_in_tissue.mtx.hgr,no,no,2,8,0.03,0.0122917,1.95344,cut,1920,1870,no
rKaHyPar,light_in_tissue.mtx.hgr,no,no,3,8,0.03,0.0120186,2.64939,cut,1926,1864,no
rKaHyPar,light_in_tissue.mtx.hgr,no,no,4,8,0.03,0.012838,2.71796,cut,1912,1852,no
rKaHyPar,light_in_tissue.mtx.hgr,no,no,5,8,0.03,0,2.64721,cut,1914,1856,no
rKaHyPar,light_in_tissue.mtx.hgr,no,no,6,8,0.03,0.0215788,1.92903,cut,1914,1864,no
rKaHyPar,light_in_tissue.mtx.hgr,no,no,7,8,0.03,0,1.8882,cut,1946,1872,no
rKaHyPar,light_in_tissue.mtx.hgr,no,no,8,8,0.03,0.0254029,2.03718,cut,1898,1860,no
rKaHyPar,light_in_tissue.mtx.hgr,no,no,9,8,0.03,0.00409724,2.70786,cut,1924,1874,no
rKaHyPar,li.mtx.hgr,no,no,0,128,0.03,0.0280899,19.676,cut,86426,20128,no
rKaHyPar,li.mtx.hgr,no,no,1,128,0.03,0.0280899,19.2736,cut,80754,19997,no
rKaHyPar,li.mtx.hgr,no,no,2,128,0.03,0.0280899,28.8658,cut,81679,19978,no
rKaHyPar,li.mtx.hgr,no,no,3,128,0.03,0.0280899,19.5725,cut,83971,20116,no
rKaHyPar,li.mtx.hgr,no,no,4,128,0.03,0.0280899,19.4313,cut,83455,20033,no
rKaHyPar,li.mtx.hgr,no,no,5,128,0.03,0.0280899,18.9662,cut,86322,20026,no
rKaHyPar,li.mtx.hgr,no,no,6,128,0.03,0.0280899,19.2905,cut,83315,19988,no
rKaHyPar,li.mtx.hgr,no,no,7,128,0.03,0.0280899,19.453,cut,81848,20036,no
rKaHyPar,li.mtx.hgr,no,no,8,128,0.03,0.0280899,28.9508,cut,81993,20036,no
rKaHyPar,li.mtx.hgr,no,no,9,128,0.03,0.0280899,19.434,cut,87068,20076,no
rKaHyPar,li.mtx.hgr,no,no,0,16,0.03,0.0295983,14.1469,cut,17550,11575,no
rKaHyPar,li.mtx.hgr,no,no,1,16,0.03,0.0295983,21.1107,cut,17930,11519,no
rKaHyPar,li.mtx.hgr,no,no,2,16,0.03,0.0295983,14.0553,cut,17646,11527,no
rKaHyPar,li.mtx.hgr,no,no,3,16,0.03,0.0295983,21.9457,cut,17763,11499,no
rKaHyPar,li.mtx.hgr,no,no,4,16,0.03,0.0295983,14.7468,cut,18018,11468,no
rKaHyPar,li.mtx.hgr,no,no,5,16,0.03,0.0295983,20.4233,cut,19275,11774,no
rKaHyPar,li.mtx.hgr,no,no,6,16,0.03,0.0295983,14.1195,cut,18371,11607,no
rKaHyPar,li.mtx.hgr,no,no,7,16,0.03,0.0295983,20.9836,cut,19485,11881,no
rKaHyPar,li.mtx.hgr,no,no,8,16,0.03,0.0295983,14.5096,cut,17874,11569,no
rKaHyPar,li.mtx.hgr,no,no,9,16,0.03,0.0295983,14.5451,cut,17368,11368,no
rKaHyPar,li.mtx.hgr,no,no,0,2,0.03,0.00555164,9.92907,cut,2005,2005,no
rKaHyPar,li.mtx.hgr,no,no,1,2,0.03,0.00308424,8.77812,cut,1978,1978,no
rKaHyPar,li.mtx.hgr,no,no,2,2,0.03,0.0200916,6.73936,cut,1978,1978,no
rKaHyPar,li.mtx.hgr,no,no,3,2,0.03,0.0053754,6.3129,cut,1978,1978,no
rKaHyPar,li.mtx.hgr,no,no,4,2,0.03,0.0053754,6.5844,cut,1978,1978,no
rKaHyPar,li.mtx.hgr,no,no,5,2,0.03,0.00299612,10.1281,cut,2004,2004,no
rKaHyPar,li.mtx.hgr,no,no,6,2,0.03,0.0053754,6.8622,cut,1978,1978,no
rKaHyPar,li.mtx.hgr,no,no,7,2,0.03,0.00528728,9.46801,cut,2005,2005,no
rKaHyPar,li.mtx.hgr,no,no,8,2,0.03,0.00264364,8.38136,cut,2005,2005,no
rKaHyPar,li.mtx.hgr,no,no,9,2,0.03,0.0136588,6.4323,cut,1978,1978,no
rKaHyPar,li.mtx.hgr,no,no,0,32,0.03,0.0295775,24.3928,cut,29046,14737,no
rKaHyPar,li.mtx.hgr,no,no,1,32,0.03,0.0295775,24.0132,cut,30477,14711,no
rKaHyPar,li.mtx.hgr,no,no,2,32,0.03,0.0295775,23.8085,cut,31960,14644,no
rKaHyPar,li.mtx.hgr,no,no,3,32,0.03,0.0295775,16.3371,cut,29917,14809,no
rKaHyPar,li.mtx.hgr,no,no,4,32,0.03,0.0295775,15.7035,cut,29843,14880,no
rKaHyPar,li.mtx.hgr,no,no,5,32,0.03,0.0295775,16.3318,cut,29097,14645,no
rKaHyPar,li.mtx.hgr,no,no,6,32,0.03,0.0295775,24.4703,cut,29340,14393,no
rKaHyPar,li.mtx.hgr,no,no,7,32,0.03,0.0295775,16.0675,cut,31159,14811,no
rKaHyPar,li.mtx.hgr,no,no,8,32,0.03,0.0295775,16.1577,cut,30418,14872,no
rKaHyPar,li.mtx.hgr,no,no,9,32,0.03,0.0295775,24.6002,cut,30383,14881,no
rKaHyPar,li.mtx.hgr,no,no,0,4,0.03,0.0280226,16.2465,cut,5436,5097,no
rKaHyPar,li.mtx.hgr,no,no,1,4,0.03,0.0278463,11.7782,cut,5414,5086,no
rKaHyPar,li.mtx.hgr,no,no,2,4,0.03,0.0299612,11.9891,cut,5507,5133,no
rKaHyPar,li.mtx.hgr,no,no,3,4,0.03,0.0280226,17.3537,cut,5492,5115,no
rKaHyPar,li.mtx.hgr,no,no,4,4,0.03,0.0299612,15.7532,cut,5759,5159,no
rKaHyPar,li.mtx.hgr,no,no,5,4,0.03,0.0294325,9.89708,cut,5583,5189,no
rKaHyPar,li.mtx.hgr,no,no,6,4,0.03,0.0299612,10.8199,cut,5447,5099,no
rKaHyPar,li.mtx.hgr,no,no,7,4,0.03,0.0274938,16.2306,cut,5795,5197,no
rKaHyPar,li.mtx.hgr,no,no,8,4,0.03,0.0260839,11.5341,cut,5560,5119,no
rKaHyPar,li.mtx.hgr,no,no,9,4,0.03,0.0299612,17.1812,cut,5855,5168,no
rKaHyPar,li.mtx.hgr,no,no,0,64,0.03,0.028169,17.8493,cut,47350,17795,no
rKaHyPar,li.mtx.hgr,no,no,1,64,0.03,0.028169,17.8117,cut,49127,17784,no
rKaHyPar,li.mtx.hgr,no,no,2,64,0.03,0.028169,17.9454,cut,49966,17914,no
rKaHyPar,li.mtx.hgr,no,no,3,64,0.03,0.028169,27.3297,cut,49088,17897,no
rKaHyPar,li.mtx.hgr,no,no,4,64,0.03,0.028169,17.891,cut,48345,17788,no
rKaHyPar,li.mtx.hgr,no,no,5,64,0.03,0.028169,26.5044,cut,48663,17886,no
rKaHyPar,li.mtx.hgr,no,no,6,64,0.03,0.028169,17.7949,cut,48631,17872,no
rKaHyPar,li.mtx.hgr,no,no,7,64,0.03,0.028169,27.008,cut,49879,17742,no
rKaHyPar,li.mtx.hgr,no,no,8,64,0.03,0.028169,17.6884,cut,50408,17896,no
rKaHyPar,li.mtx.hgr,no,no,9,64,0.03,0.028169,18.1837,cut,50283,17872,no
rKaHyPar,li.mtx.hgr,no,no,0,8,0.03,0.0299612,13.2654,cut,10936,8424,no
rKaHyPar,li.mtx.hgr,no,no,1,8,0.03,0.0299612,13.147,cut,10960,8282,no
rKaHyPar,li.mtx.hgr,no,no,2,8,0.03,0.0299612,19.2017,cut,10860,8352,no
rKaHyPar,li.mtx.hgr,no,no,3,8,0.03,0.0222066,19.9013,cut,11129,8451,no
rKaHyPar,li.mtx.hgr,no,no,4,8,0.03,0.0299612,19.3834,cut,10685,8292,no
rKaHyPar,li.mtx.hgr,no,no,5,8,0.03,0.0299612,13.1387,cut,10891,8289,no
rKaHyPar,li.mtx.hgr,no,no,6,8,0.03,0.0299612,19.2641,cut,10663,8244,no
rKaHyPar,li.mtx.hgr,no,no,7,8,0.03,0.0158618,12.9936,cut,10786,8314,no
rKaHyPar,li.mtx.hgr,no,no,8,8,0.03,0.0207966,19.1946,cut,10769,8356,no
rKaHyPar,li.mtx.hgr,no,no,9,8,0.03,0.0264364,19.6474,cut,10891,8456,no
rKaHyPar,Lin.mtx.hgr,no,no,0,128,0.03,0.03,121.921,cut,82235,68428,no
rKaHyPar,Lin.mtx.hgr,no,no,1,128,0.03,0.0295,90.1626,cut,82596,68722,no
rKaHyPar,Lin.mtx.hgr,no,no,2,128,0.03,0.03,122.959,cut,81360,67829,no
rKaHyPar,Lin.mtx.hgr,no,no,3,128,0.03,0.03,92.0515,cut,81045,67609,no
rKaHyPar,Lin.mtx.hgr,no,no,4,128,0.03,0.03,91.0984,cut,82128,68392,no
rKaHyPar,Lin.mtx.hgr,no,no,5,128,0.03,0.03,91.392,cut,85681,70637,no
rKaHyPar,Lin.mtx.hgr,no,no,6,128,0.03,0.03,89.6754,cut,84546,70389,no
rKaHyPar,Lin.mtx.hgr,no,no,7,128,0.03,0.03,92.2828,cut,83661,69394,no
rKaHyPar,Lin.mtx.hgr,no,no,8,128,0.03,0.03,122.526,cut,84108,69685,no
rKaHyPar,Lin.mtx.hgr,no,no,9,128,0.03,0.03,91.7375,cut,82700,68992,no
rKaHyPar,Lin.mtx.hgr,no,no,0,16,0.03,0.03,79.5053,cut,33958,31885,no
rKaHyPar,Lin.mtx.hgr,no,no,1,16,0.03,0.0289375,96.7266,cut,34247,31939,no
rKaHyPar,Lin.mtx.hgr,no,no,2,16,0.03,0.026125,91.8385,cut,31634,29610,no
rKaHyPar,Lin.mtx.hgr,no,no,3,16,0.03,0.02975,98.2443,cut,33290,31170,no
rKaHyPar,Lin.mtx.hgr,no,no,4,16,0.03,0.029625,84.0867,cut,32538,30449,no
rKaHyPar,Lin.mtx.hgr,no,no,5,16,0.03,0.027375,114.131,cut,32327,30371,no
rKaHyPar,Lin.mtx.hgr,no,no,6,16,0.03,0.02975,121.844,cut,31840,29786,no
rKaHyPar,Lin.mtx.hgr,no,no,7,16,0.03,0.029375,118.498,cut,33882,31699,no
rKaHyPar,Lin.mtx.hgr,no,no,8,16,0.03,0.029,82.6488,cut,32252,30219,no
rKaHyPar,Lin.mtx.hgr,no,no,9,16,0.03,0.0289375,82.356,cut,32457,30429,no
rKaHyPar,Lin.mtx.hgr,no,no,0,2,0.03,0,39.5464,cut,6400,6400,no
rKaHyPar,Lin.mtx.hgr,no,no,1,2,0.03,0,37.8653,cut,6400,6400,no
rKaHyPar,Lin.mtx.hgr,no,no,2,2,0.03,0,30.2368,cut,6400,6400,no
rKaHyPar,Lin.mtx.hgr,no,no,3,2,0.03,0,29.697,cut,6400,6400,no
rKaHyPar,Lin.mtx.hgr,no,no,4,2,0.03,0,30.8591,cut,6400,6400,no
rKaHyPar,Lin.mtx.hgr,no,no,5,2,0.03,0,39.457,cut,6400,6400,no
rKaHyPar,Lin.mtx.hgr,no,no,6,2,0.03,0,32.1659,cut,6400,6400,no
rKaHyPar,Lin.mtx.hgr,no,no,7,2,0.03,0,41.403,cut,6400,6400,no
rKaHyPar,Lin.mtx.hgr,no,no,8,2,0.03,0,30.9001,cut,6400,6400,no
rKaHyPar,Lin.mtx.hgr,no,no,9,2,0.03,0,32.7021,cut,6400,6400,no
rKaHyPar,Lin.mtx.hgr,no,no,0,32,0.03,0.03,99.3337,cut,45446,41279,no
rKaHyPar,Lin.mtx.hgr,no,no,1,32,0.03,0.03,99.5272,cut,44442,40392,no
rKaHyPar,Lin.mtx.hgr,no,no,2,32,0.03,0.03,112.006,cut,45653,41266,no
rKaHyPar,Lin.mtx.hgr,no,no,3,32,0.03,0.029875,76.131,cut,46134,41874,no
rKaHyPar,Lin.mtx.hgr,no,no,4,32,0.03,0.0295,71.7262,cut,47181,42973,no
rKaHyPar,Lin.mtx.hgr,no,no,5,32,0.03,0.03,73.9828,cut,47299,42892,no
rKaHyPar,Lin.mtx.hgr,no,no,6,32,0.03,0.029875,118.967,cut,43370,39544,no
rKaHyPar,Lin.mtx.hgr,no,no,7,32,0.03,0.03,77.4432,cut,44325,40302,no
rKaHyPar,Lin.mtx.hgr,no,no,8,32,0.03,0.03,75.2294,cut,45734,41532,no
rKaHyPar,Lin.mtx.hgr,no,no,9,32,0.03,0.0295,105.774,cut,44866,40675,no
rKaHyPar,Lin.mtx.hgr,no,no,0,4,0.03,0,68.4006,cut,12593,12383,no
rKaHyPar,Lin.mtx.hgr,no,no,1,4,0.03,0.0267187,58.6696,cut,12569,12355,no
rKaHyPar,Lin.mtx.hgr,no,no,2,4,0.03,0.0282813,56.38,cut,12377,12166,no
rKaHyPar,Lin.mtx.hgr,no,no,3,4,0.03,0.0280469,65.5603,cut,12555,12339,no
rKaHyPar,Lin.mtx.hgr,no,no,4,4,0.03,0.0297188,75.2002,cut,12571,12354,no
rKaHyPar,Lin.mtx.hgr,no,no,5,4,0.03,0,46.3181,cut,12626,12424,no
rKaHyPar,Lin.mtx.hgr,no,no,6,4,0.03,0.0297969,54.6106,cut,12472,12256,no
rKaHyPar,Lin.mtx.hgr,no,no,7,4,0.03,0.0276562,80.7522,cut,12506,12293,no
rKaHyPar,Lin.mtx.hgr,no,no,8,4,0.03,0.0278437,51.0241,cut,12612,12404,no
rKaHyPar,Lin.mtx.hgr,no,no,9,4,0.03,0.000640625,64.8476,cut,12648,12447,no
rKaHyPar,Lin.mtx.hgr,no,no,0,64,0.03,0.02975,81.2772,cut,60725,53084,no
rKaHyPar,Lin.mtx.hgr,no,no,1,64,0.03,0.03,82.8011,cut,63049,54859,no
rKaHyPar,Lin.mtx.hgr,no,no,2,64,0.03,0.03,85.0502,cut,59803,52285,no
rKaHyPar,Lin.mtx.hgr,no,no,3,64,0.03,0.03,109.823,cut,60858,53239,no
rKaHyPar,Lin.mtx.hgr,no,no,4,64,0.03,0.03,82.4849,cut,64491,56197,no
rKaHyPar,Lin.mtx.hgr,no,no,5,64,0.03,0.03,113.094,cut,63641,55358,no
rKaHyPar,Lin.mtx.hgr,no,no,6,64,0.03,0.03,84.2015,cut,57727,50486,no
rKaHyPar,Lin.mtx.hgr,no,no,7,64,0.03,0.03,111.832,cut,61076,53263,no
rKaHyPar,Lin.mtx.hgr,no,no,8,64,0.03,0.03,83.931,cut,63540,55309,no
rKaHyPar,Lin.mtx.hgr,no,no,9,64,0.03,0.03,87.358,cut,65525,57028,no
rKaHyPar,Lin.mtx.hgr,no,no,0,8,0.03,0.0299688,93.0587,cut,22443,21614,no
rKaHyPar,Lin.mtx.hgr,no,no,1,8,0.03,0.03,143.933,cut,21090,20266,no
rKaHyPar,Lin.mtx.hgr,no,no,2,8,0.03,0.0259063,150.285,cut,21580,20810,no
rKaHyPar,Lin.mtx.hgr,no,no,3,8,0.03,0.0299063,135.011,cut,21366,20557,no
rKaHyPar,Lin.mtx.hgr,no,no,4,8,0.03,0.02575,141.28,cut,22182,21369,no
rKaHyPar,Lin.mtx.hgr,no,no,5,8,0.03,0.0250313,109.732,cut,21465,20660,no
rKaHyPar,Lin.mtx.hgr,no,no,6,8,0.03,0.0299688,126.373,cut,21361,20613,no
rKaHyPar,Lin.mtx.hgr,no,no,7,8,0.03,0.03,106.838,cut,21241,20392,no
rKaHyPar,Lin.mtx.hgr,no,no,8,8,0.03,0.0295313,154.658,cut,21540,20732,no
rKaHyPar,Lin.mtx.hgr,no,no,9,8,0.03,0.02975,146.533,cut,21891,21054,no
rKaHyPar,lp_nug20.mtx.hgr,no,no,0,128,0.03,0.0246479,15.3979,cut,144488,12135,no
rKaHyPar,lp_nug20.mtx.hgr,no,no,1,128,0.03,0.0299296,15.413,cut,149288,12190,no
rKaHyPar,lp_nug20.mtx.hgr,no,no,2,128,0.03,0.0176056,21.3269,cut,150214,12304,no
rKaHyPar,lp_nug20.mtx.hgr,no,no,3,128,0.03,0.0176056,15.2513,cut,149219,12309,no
rKaHyPar,lp_nug20.mtx.hgr,no,no,4,128,0.03,0.0211268,15.3794,cut,151812,12264,no
rKaHyPar,lp_nug20.mtx.hgr,no,no,5,128,0.03,0.0299296,15.0353,cut,141057,11629,no
rKaHyPar,lp_nug20.mtx.hgr,no,no,6,128,0.03,0.0228873,15.0482,cut,149575,12352,no
rKaHyPar,lp_nug20.mtx.hgr,no,no,7,128,0.03,0.0264085,15.2584,cut,137927,11727,no
rKaHyPar,lp_nug20.mtx.hgr,no,no,8,128,0.03,0.0246479,20.6671,cut,136378,11781,no
rKaHyPar,lp_nug20.mtx.hgr,no,no,9,128,0.03,0.0264085,15.0743,cut,138500,11751,no
rKaHyPar,lp_nug20.mtx.hgr,no,no,0,16,0.03,0.0204936,17.5891,cut,67503,12070,no
rKaHyPar,lp_nug20.mtx.hgr,no,no,1,16,0.03,0.0299691,17.6464,cut,67026,11929,no
rKaHyPar,lp_nug20.mtx.hgr,no,no,2,16,0.03,0.0196122,12.5823,cut,68303,11852,no
rKaHyPar,lp_nug20.mtx.hgr,no,no,3,16,0.03,0.0233583,17.5256,cut,67897,11929,no
rKaHyPar,lp_nug20.mtx.hgr,no,no,4,16,0.03,0.0222565,12.445,cut,68389,11984,no
rKaHyPar,lp_nug20.mtx.hgr,no,no,5,16,0.03,0.0165271,17.3431,cut,63101,11491,no
rKaHyPar,lp_nug20.mtx.hgr,no,no,6,16,0.03,0.0277655,12.5942,cut,67778,12011,no
rKaHyPar,lp_nug20.mtx.hgr,no,no,7,16,0.03,0.028647,16.9126,cut,65757,11117,no
rKaHyPar,lp_nug20.mtx.hgr,no,no,8,16,0.03,0.0290877,12.033,cut,68145,11556,no
rKaHyPar,lp_nug20.mtx.hgr,no,no,9,16,0.03,0.01829,12.3328,cut,69281,11396,no
rKaHyPar,lp_nug20.mtx.hgr,no,no,0,2,0.03,0.00325069,12.582,cut,7643,7643,no
rKaHyPar,lp_nug20.mtx.hgr,no,no,1,2,0.03,0,12.955,cut,7707,7707,no
rKaHyPar,lp_nug20.mtx.hgr,no,no,2,2,0.03,0.00030303,9.16599,cut,7636,7636,no
rKaHyPar,lp_nug20.mtx.hgr,no,no,3,2,0.03,0,8.85404,cut,7503,7503,no
rKaHyPar,lp_nug20.mtx.hgr,no,no,4,2,0.03,0.0299725,8.88164,cut,7448,7448,no
rKaHyPar,lp_nug20.mtx.hgr,no,no,5,2,0.03,0.0166116,13.143,cut,7162,7162,no
rKaHyPar,lp_nug20.mtx.hgr,no,no,6,2,0.03,0.03,9.06412,cut,7485,7485,no
rKaHyPar,lp_nug20.mtx.hgr,no,no,7,2,0.03,0.00917355,12.9859,cut,7330,7330,no
rKaHyPar,lp_nug20.mtx.hgr,no,no,8,2,0.03,0.03,9.42408,cut,7484,7484,no
rKaHyPar,lp_nug20.mtx.hgr,no,no,9,2,0.03,0.0293939,12.4878,cut,7333,7333,no
rKaHyPar,lp_nug20.mtx.hgr,no,no,0,32,0.03,0.0251212,18.6103,cut,100540,12356,no
rKaHyPar,lp_nug20.mtx.hgr,no,no,1,32,0.03,0.0273248,18.7469,cut,94908,12068,no
rKaHyPar,lp_nug20.mtx.hgr,no,no,2,32,0.03,0.0215954,12.9648,cut,99363,12303,no
rKaHyPar,lp_nug20.mtx.hgr,no,no,3,32,0.03,0.0242398,13.1175,cut,96835,12168,no
rKaHyPar,lp_nug20.mtx.hgr,no,no,4,32,0.03,0.012781,13.3137,cut,94127,12130,no
rKaHyPar,lp_nug20.mtx.hgr,no,no,5,32,0.03,0.0277655,12.6443,cut,90922,11633,no
rKaHyPar,lp_nug20.mtx.hgr,no,no,6,32,0.03,0.0215954,18.5033,cut,99771,12215,no
rKaHyPar,lp_nug20.mtx.hgr,no,no,7,32,0.03,0.023799,12.4052,cut,88800,11365,no
rKaHyPar,lp_nug20.mtx.hgr,no,no,8,32,0.03,0.0268841,17.8824,cut,91150,11738,no
rKaHyPar,lp_nug20.mtx.hgr,no,no,9,32,0.03,0.0220361,18.2277,cut,92428,11792,no
rKaHyPar,lp_nug20.mtx.hgr,no,no,0,4,0.03,0.0147107,25.9786,cut,22214,10450,no
rKaHyPar,lp_nug20.mtx.hgr,no,no,1,4,0.03,0.0030303,14.6495,cut,20096,10248,no
rKaHyPar,lp_nug20.mtx.hgr,no,no,2,4,0.03,0.0258402,20.1523,cut,21155,10542,no
rKaHyPar,lp_nug20.mtx.hgr,no,no,3,4,0.03,0.0299174,26.0428,cut,19472,9803,no
rKaHyPar,lp_nug20.mtx.hgr,no,no,4,4,0.03,0.0174105,19.3817,cut,21547,10426,no
rKaHyPar,lp_nug20.mtx.hgr,no,no,5,4,0.03,0.0283747,19.2818,cut,19983,9881,no
rKaHyPar,lp_nug20.mtx.hgr,no,no,6,4,0.03,0.0238567,14.9197,cut,20728,10403,no
rKaHyPar,lp_nug20.mtx.hgr,no,no,7,4,0.03,0.00440771,15.1806,cut,19784,9624,no
rKaHyPar,lp_nug20.mtx.hgr,no,no,8,4,0.03,0.0299174,17.4808,cut,19185,9840,no
rKaHyPar,lp_nug20.mtx.hgr,no,no,9,4,0.03,0.0148209,27.8964,cut,20018,10015,no
rKaHyPar,lp_nug20.mtx.hgr,no,no,0,64,0.03,0.014978,13.9609,cut,125695,12174,no
rKaHyPar,lp_nug20.mtx.hgr,no,no,1,64,0.03,0.0132159,14.1454,cut,120988,12067,no
rKaHyPar,lp_nug20.mtx.hgr,no,no,2,64,0.03,0.0229075,14.2781,cut,120469,12044,no
rKaHyPar,lp_nug20.mtx.hgr,no,no,3,64,0.03,0.0273128,20.0327,cut,121127,12203,no
rKaHyPar,lp_nug20.mtx.hgr,no,no,4,64,0.03,0.0211454,13.8458,cut,120822,12196,no
rKaHyPar,lp_nug20.mtx.hgr,no,no,5,64,0.03,0.0105727,18.8842,cut,112753,11739,no
rKaHyPar,lp_nug20.mtx.hgr,no,no,6,64,0.03,0.00704846,13.9938,cut,126518,12182,no
rKaHyPar,lp_nug20.mtx.hgr,no,no,7,64,0.03,0.015859,19.2681,cut,117829,11754,no
rKaHyPar,lp_nug20.mtx.hgr,no,no,8,64,0.03,0.015859,13.6984,cut,115656,11799,no
rKaHyPar,lp_nug20.mtx.hgr,no,no,9,64,0.03,0.0220264,13.7643,cut,115880,11691,no
rKaHyPar,lp_nug20.mtx.hgr,no,no,0,8,0.03,0.0266667,12.3303,cut,42029,11460,no
rKaHyPar,lp_nug20.mtx.hgr,no,no,1,8,0.03,0.0264463,12.7002,cut,42979,11475,no
rKaHyPar,lp_nug20.mtx.hgr,no,no,2,8,0.03,0.0285399,18.2872,cut,43116,11543,no
rKaHyPar,lp_nug20.mtx.hgr,no,no,3,8,0.03,0.0285399,16.9914,cut,40467,11021,no
rKaHyPar,lp_nug20.mtx.hgr,no,no,4,8,0.03,0.0294215,12.9546,cut,44013,11528,no
rKaHyPar,lp_nug20.mtx.hgr,no,no,5,8,0.03,0.0287603,11.5219,cut,37756,10816,no
rKaHyPar,lp_nug20.mtx.hgr,no,no,6,8,0.03,0.0286501,18.0189,cut,44360,11599,no
rKaHyPar,lp_nug20.mtx.hgr,no,no,7,8,0.03,0.0204959,11.4495,cut,40133,10807,no
rKaHyPar,lp_nug20.mtx.hgr,no,no,8,8,0.03,0.0298623,17.6976,cut,40210,11108,no
rKaHyPar,lp_nug20.mtx.hgr,no,no,9,8,0.03,0.0294215,16.3892,cut,40639,10921,no
rKaHyPar,lp_pds_20.mtx.hgr,no,no,0,128,0.03,0.0271868,14.4152,cut,28746,5477,no
rKaHyPar,lp_pds_20.mtx.hgr,no,no,1,128,0.03,0.0283688,10.613,cut,27757,5637,no
rKaHyPar,lp_pds_20.mtx.hgr,no,no,2,128,0.03,0.0248227,14.93,cut,28242,5564,no
rKaHyPar,lp_pds_20.mtx.hgr,no,no,3,128,0.03,0.0271868,10.6378,cut,25777,5564,no
rKaHyPar,lp_pds_20.mtx.hgr,no,no,4,128,0.03,0.0295508,10.7931,cut,27501,5606,no
rKaHyPar,lp_pds_20.mtx.hgr,no,no,5,128,0.03,0.0283688,10.8176,cut,25527,5565,no
rKaHyPar,lp_pds_20.mtx.hgr,no,no,6,128,0.03,0.0283688,10.5496,cut,27781,5651,no
rKaHyPar,lp_pds_20.mtx.hgr,no,no,7,128,0.03,0.0295508,10.6264,cut,25529,5795,no
rKaHyPar,lp_pds_20.mtx.hgr,no,no,8,128,0.03,0.0295508,15.0854,cut,25633,5749,no
rKaHyPar,lp_pds_20.mtx.hgr,no,no,9,128,0.03,0.0283688,10.7497,cut,26748,5580,no
rKaHyPar,lp_pds_20.mtx.hgr,no,no,0,16,0.03,0.028694,7.86355,cut,9218,3297,no
rKaHyPar,lp_pds_20.mtx.hgr,no,no,1,16,0.03,0.0289898,8.4102,cut,9094,3306,no
rKaHyPar,lp_pds_20.mtx.hgr,no,no,2,16,0.03,0.0297293,5.93665,cut,8192,3115,no
rKaHyPar,lp_pds_20.mtx.hgr,no,no,3,16,0.03,0.0269191,8.21493,cut,8177,3300,no
rKaHyPar,lp_pds_20.mtx.hgr,no,no,4,16,0.03,0.0241089,6.06302,cut,8818,3307,no
rKaHyPar,lp_pds_20.mtx.hgr,no,no,5,16,0.03,0.0278065,8.26514,cut,8664,3244,no
rKaHyPar,lp_pds_20.mtx.hgr,no,no,6,16,0.03,0.0226298,8.70717,cut,8770,3266,no
rKaHyPar,lp_pds_20.mtx.hgr,no,no,7,16,0.03,0.0291377,8.30097,cut,8115,3108,no
rKaHyPar,lp_pds_20.mtx.hgr,no,no,8,16,0.03,0.0294335,6.13491,cut,7728,3367,no
rKaHyPar,lp_pds_20.mtx.hgr,no,no,9,16,0.03,0.0291377,6.15026,cut,7971,3408,no
rKaHyPar,lp_pds_20.mtx.hgr,no,no,0,2,0.03,0.0291747,6.30856,cut,987,987,no
rKaHyPar,lp_pds_20.mtx.hgr,no,no,1,2,0.03,0.0297293,3.41883,cut,907,907,no
rKaHyPar,lp_pds_20.mtx.hgr,no,no,2,2,0.03,0.0249223,1.73052,cut,700,700,no
rKaHyPar,lp_pds_20.mtx.hgr,no,no,3,2,0.03,0.0249223,1.73376,cut,700,700,no
rKaHyPar,lp_pds_20.mtx.hgr,no,no,4,2,0.03,0.0249223,1.70409,cut,700,700,no
rKaHyPar,lp_pds_20.mtx.hgr,no,no,5,2,0.03,0.0249223,2.46663,cut,700,700,no
rKaHyPar,lp_pds_20.mtx.hgr,no,no,6,2,0.03,0.0249223,1.67454,cut,700,700,no
rKaHyPar,lp_pds_20.mtx.hgr,no,no,7,2,0.03,0.0249223,2.35917,cut,700,700,no
rKaHyPar,lp_pds_20.mtx.hgr,no,no,8,2,0.03,0.0249223,1.78745,cut,700,700,no
rKaHyPar,lp_pds_20.mtx.hgr,no,no,9,2,0.03,0.0249223,2.50424,cut,700,700,no
rKaHyPar,lp_pds_20.mtx.hgr,no,no,0,32,0.03,0.0298728,9.6282,cut,15820,4001,no
rKaHyPar,lp_pds_20.mtx.hgr,no,no,1,32,0.03,0.029577,9.82596,cut,13141,3982,no
rKaHyPar,lp_pds_20.mtx.hgr,no,no,2,32,0.03,0.0289855,6.96538,cut,13897,3601,no
rKaHyPar,lp_pds_20.mtx.hgr,no,no,3,32,0.03,0.0298728,7.23065,cut,15211,4024,no
rKaHyPar,lp_pds_20.mtx.hgr,no,no,4,32,0.03,0.028394,7.26762,cut,13215,3771,no
rKaHyPar,lp_pds_20.mtx.hgr,no,no,5,32,0.03,0.0298728,7.10821,cut,13799,3853,no
rKaHyPar,lp_pds_20.mtx.hgr,no,no,6,32,0.03,0.0289855,10.178,cut,14170,3890,no
rKaHyPar,lp_pds_20.mtx.hgr,no,no,7,32,0.03,0.0266193,7.14957,cut,12446,3896,no
rKaHyPar,lp_pds_20.mtx.hgr,no,no,8,32,0.03,0.0239574,10.2262,cut,13730,3913,no
rKaHyPar,lp_pds_20.mtx.hgr,no,no,9,32,0.03,0.0266193,10.1916,cut,12796,3827,no
rKaHyPar,lp_pds_20.mtx.hgr,no,no,0,4,0.03,0.0299882,5.80402,cut,2291,1742,no
rKaHyPar,lp_pds_20.mtx.hgr,no,no,1,4,0.03,0.0148277,3.85857,cut,2302,1744,no
rKaHyPar,lp_pds_20.mtx.hgr,no,no,2,4,0.03,0.0149016,5.10064,cut,2262,1695,no
rKaHyPar,lp_pds_20.mtx.hgr,no,no,3,4,0.03,0.0253291,5.2406,cut,2194,1715,no
rKaHyPar,lp_pds_20.mtx.hgr,no,no,4,4,0.03,0.0225558,5.11454,cut,2322,1683,no
rKaHyPar,lp_pds_20.mtx.hgr,no,no,5,4,0.03,0.0148277,3.96066,cut,2260,1669,no
rKaHyPar,lp_pds_20.mtx.hgr,no,no,6,4,0.03,0.0148277,3.81815,cut,2264,1703,no
rKaHyPar,lp_pds_20.mtx.hgr,no,no,7,4,0.03,0.0147168,5.45614,cut,2382,1735,no
rKaHyPar,lp_pds_20.mtx.hgr,no,no,8,4,0.03,0.0148647,5.30669,cut,2293,1665,no
rKaHyPar,lp_pds_20.mtx.hgr,no,no,9,4,0.03,0.0293965,4.73497,cut,2227,1659,no
rKaHyPar,lp_pds_20.mtx.hgr,no,no,0,64,0.03,0.0295683,8.25345,cut,21651,4618,no
rKaHyPar,lp_pds_20.mtx.hgr,no,no,1,64,0.03,0.0295683,8.99235,cut,19141,4917,no
rKaHyPar,lp_pds_20.mtx.hgr,no,no,2,64,0.03,0.0295683,8.8835,cut,18686,4894,no
rKaHyPar,lp_pds_20.mtx.hgr,no,no,3,64,0.03,0.0295683,12.4477,cut,20038,4799,no
rKaHyPar,lp_pds_20.mtx.hgr,no,no,4,64,0.03,0.0295683,8.89948,cut,21019,4763,no
rKaHyPar,lp_pds_20.mtx.hgr,no,no,5,64,0.03,0.0289769,12.0328,cut,20024,4722,no
rKaHyPar,lp_pds_20.mtx.hgr,no,no,6,64,0.03,0.0266115,8.71229,cut,22038,4710,no
rKaHyPar,lp_pds_20.mtx.hgr,no,no,7,64,0.03,0.0266115,12.2434,cut,18552,4945,no
rKaHyPar,lp_pds_20.mtx.hgr,no,no,8,64,0.03,0.0236546,8.76161,cut,18966,4850,no
rKaHyPar,lp_pds_20.mtx.hgr,no,no,9,64,0.03,0.0295683,8.74671,cut,18501,4680,no
rKaHyPar,lp_pds_20.mtx.hgr,no,no,0,8,0.03,0.0295814,4.72734,cut,5155,2732,no
rKaHyPar,lp_pds_20.mtx.hgr,no,no,1,8,0.03,0.0297293,4.88162,cut,4701,2461,no
rKaHyPar,lp_pds_20.mtx.hgr,no,no,2,8,0.03,0.0293596,7.20924,cut,4620,2550,no
rKaHyPar,lp_pds_20.mtx.hgr,no,no,3,8,0.03,0.0298772,6.54985,cut,4283,2646,no
rKaHyPar,lp_pds_20.mtx.hgr,no,no,4,8,0.03,0.0287679,4.87844,cut,4679,2464,no
rKaHyPar,lp_pds_20.mtx.hgr,no,no,5,8,0.03,0.0299512,5.15571,cut,4731,2522,no
rKaHyPar,lp_pds_20.mtx.hgr,no,no,6,8,0.03,0.0298772,5.01639,cut,4801,2377,no
rKaHyPar,lp_pds_20.mtx.hgr,no,no,7,8,0.03,0.0124242,4.84355,cut,4746,2494,no
rKaHyPar,lp_pds_20.mtx.hgr,no,no,8,8,0.03,0.0266972,6.51063,cut,4446,2305,no
rKaHyPar,lp_pds_20.mtx.hgr,no,no,9,8,0.03,0.026993,6.42936,cut,4600,2284,no
rKaHyPar,lung2.mtx.hgr,no,no,0,128,0.03,0.0280374,9.00585,cut,1040,760,no
rKaHyPar,lung2.mtx.hgr,no,no,1,128,0.03,0.0280374,9.07775,cut,1042,768,no
rKaHyPar,lung2.mtx.hgr,no,no,2,128,0.03,0.0292056,12.3294,cut,1031,748,no
rKaHyPar,lung2.mtx.hgr,no,no,3,128,0.03,0.0280374,8.91868,cut,1034,762,no
rKaHyPar,lung2.mtx.hgr,no,no,4,128,0.03,0.0292056,8.99683,cut,1047,757,no
rKaHyPar,lung2.mtx.hgr,no,no,5,128,0.03,0.0280374,9.0122,cut,1050,767,no
rKaHyPar,lung2.mtx.hgr,no,no,6,128,0.03,0.0292056,8.88913,cut,1056,768,no
rKaHyPar,lung2.mtx.hgr,no,no,7,128,0.03,0.0292056,8.87251,cut,1022,746,no
rKaHyPar,lung2.mtx.hgr,no,no,8,128,0.03,0.0292056,8.89978,cut,998,751,no
rKaHyPar,lung2.mtx.hgr,no,no,9,128,0.03,0.0292056,9.01093,cut,1031,759,no
rKaHyPar,lung2.mtx.hgr,no,no,0,16,0.03,0.0266004,5.49998,cut,128,104,no
rKaHyPar,lung2.mtx.hgr,no,no,1,16,0.03,0.0263081,5.51025,cut,132,104,no
rKaHyPar,lung2.mtx.hgr,no,no,2,16,0.03,0.0263081,3.97945,cut,128,100,no
rKaHyPar,lung2.mtx.hgr,no,no,3,16,0.03,0.0268927,5.48147,cut,126,100,no
rKaHyPar,lung2.mtx.hgr,no,no,4,16,0.03,0.0266004,3.94787,cut,126,100,no
rKaHyPar,lung2.mtx.hgr,no,no,5,16,0.03,0.0263081,5.50158,cut,132,106,no
rKaHyPar,lung2.mtx.hgr,no,no,6,16,0.03,0.0268927,3.94401,cut,130,100,no
rKaHyPar,lung2.mtx.hgr,no,no,7,16,0.03,0.0266004,5.36244,cut,128,106,no
rKaHyPar,lung2.mtx.hgr,no,no,8,16,0.03,0.0257235,5.36601,cut,128,104,no
rKaHyPar,lung2.mtx.hgr,no,no,9,16,0.03,0.0266004,3.85523,cut,120,104,no
rKaHyPar,lung2.mtx.hgr,no,no,0,2,0.03,0.0150923,1.84274,cut,12,12,no
rKaHyPar,lung2.mtx.hgr,no,no,1,2,0.03,0.00149826,1.96013,cut,12,12,no
rKaHyPar,lung2.mtx.hgr,no,no,2,2,0.03,0.00138864,1.77208,cut,8,8,no
rKaHyPar,lung2.mtx.hgr,no,no,3,2,0.03,0.0151654,1.32304,cut,12,12,no
rKaHyPar,lung2.mtx.hgr,no,no,4,2,0.03,0.00142518,1.3293,cut,12,12,no
rKaHyPar,lung2.mtx.hgr,no,no,5,2,0.03,0.00138864,1.84653,cut,8,8,no
rKaHyPar,lung2.mtx.hgr,no,no,6,2,0.03,0.00149826,1.26356,cut,12,12,no
rKaHyPar,lung2.mtx.hgr,no,no,7,2,0.03,0.00138864,1.6764,cut,8,8,no
rKaHyPar,lung2.mtx.hgr,no,no,8,2,0.03,0.00138864,1.6991,cut,8,8,no
rKaHyPar,lung2.mtx.hgr,no,no,9,2,0.03,0.00135209,1.76343,cut,12,12,no
rKaHyPar,lung2.mtx.hgr,no,no,0,32,0.03,0.0219234,6.80474,cut,290,232,no
rKaHyPar,lung2.mtx.hgr,no,no,1,32,0.03,0.022508,7.0621,cut,286,224,no
rKaHyPar,lung2.mtx.hgr,no,no,2,32,0.03,0.022508,5.0985,cut,294,232,no
rKaHyPar,lung2.mtx.hgr,no,no,3,32,0.03,0.0119848,4.9746,cut,268,222,no
rKaHyPar,lung2.mtx.hgr,no,no,4,32,0.03,0.0242619,6.82536,cut,282,222,no
rKaHyPar,lung2.mtx.hgr,no,no,5,32,0.03,0.0125694,4.9979,cut,282,228,no
rKaHyPar,lung2.mtx.hgr,no,no,6,32,0.03,0.022508,6.77773,cut,270,214,no
rKaHyPar,lung2.mtx.hgr,no,no,7,32,0.03,0.0219234,4.91798,cut,272,216,no
rKaHyPar,lung2.mtx.hgr,no,no,8,32,0.03,0.0149079,6.75632,cut,286,226,no
rKaHyPar,lung2.mtx.hgr,no,no,9,32,0.03,0.0230927,6.92297,cut,272,218,no
rKaHyPar,lung2.mtx.hgr,no,no,0,4,0.03,0.0180157,3.14821,cut,24,22,no
rKaHyPar,lung2.mtx.hgr,no,no,1,4,0.03,0.0122419,2.35418,cut,26,24,no
rKaHyPar,lung2.mtx.hgr,no,no,2,4,0.03,0.0121688,3.16453,cut,24,22,no
rKaHyPar,lung2.mtx.hgr,no,no,3,4,0.03,0.012315,3.1337,cut,24,22,no
rKaHyPar,lung2.mtx.hgr,no,no,4,4,0.03,0.0180157,2.20847,cut,24,20,no
rKaHyPar,lung2.mtx.hgr,no,no,5,4,0.03,0.012315,2.33011,cut,20,18,no
rKaHyPar,lung2.mtx.hgr,no,no,6,4,0.03,0.0180157,2.24091,cut,24,20,no
rKaHyPar,lung2.mtx.hgr,no,no,7,4,0.03,0.0123881,3.04533,cut,24,20,no
rKaHyPar,lung2.mtx.hgr,no,no,8,4,0.03,0.0123881,3.13492,cut,26,22,no
rKaHyPar,lung2.mtx.hgr,no,no,9,4,0.03,0.0180157,3.05913,cut,28,24,no
rKaHyPar,lung2.mtx.hgr,no,no,0,64,0.03,0.0286382,6.32046,cut,584,440,no
rKaHyPar,lung2.mtx.hgr,no,no,1,64,0.03,0.0175336,6.53309,cut,566,434,no
rKaHyPar,lung2.mtx.hgr,no,no,2,64,0.03,0.019287,6.42391,cut,554,430,no
rKaHyPar,lung2.mtx.hgr,no,no,3,64,0.03,0.0298071,8.7237,cut,558,432,no
rKaHyPar,lung2.mtx.hgr,no,no,4,64,0.03,0.0169492,6.36391,cut,552,438,no
rKaHyPar,lung2.mtx.hgr,no,no,5,64,0.03,0.0227937,8.8075,cut,532,428,no
rKaHyPar,lung2.mtx.hgr,no,no,6,64,0.03,0.0298071,6.31699,cut,568,440,no
rKaHyPar,lung2.mtx.hgr,no,no,7,64,0.03,0.0216248,8.61682,cut,540,420,no
rKaHyPar,lung2.mtx.hgr,no,no,8,64,0.03,0.0298071,6.37361,cut,552,434,no
rKaHyPar,lung2.mtx.hgr,no,no,9,64,0.03,0.0286382,6.32117,cut,568,444,no
rKaHyPar,lung2.mtx.hgr,no,no,0,8,0.03,0.0149821,3.11883,cut,64,54,no
rKaHyPar,lung2.mtx.hgr,no,no,1,8,0.03,0.0189286,3.28111,cut,66,52,no
rKaHyPar,lung2.mtx.hgr,no,no,2,8,0.03,0.0148359,4.34189,cut,66,54,no
rKaHyPar,lung2.mtx.hgr,no,no,3,8,0.03,0.0186363,3.04943,cut,58,48,no
rKaHyPar,lung2.mtx.hgr,no,no,4,8,0.03,0.0148359,3.08833,cut,64,48,no
rKaHyPar,lung2.mtx.hgr,no,no,5,8,0.03,0.0149821,3.20157,cut,58,46,no
rKaHyPar,lung2.mtx.hgr,no,no,6,8,0.03,0.0148359,4.19485,cut,56,48,no
rKaHyPar,lung2.mtx.hgr,no,no,7,8,0.03,0.0148359,3.05246,cut,60,48,no
rKaHyPar,lung2.mtx.hgr,no,no,8,8,0.03,0.0149821,4.18096,cut,60,50,no
rKaHyPar,lung2.mtx.hgr,no,no,9,8,0.03,0.0148359,4.06979,cut,60,52,no
rKaHyPar,m14b.mtx.hgr,no,no,0,128,0.03,0.0297974,120.695,cut,86557,62872,no
rKaHyPar,m14b.mtx.hgr,no,no,1,128,0.03,0.0297974,88.1907,cut,86574,62726,no
rKaHyPar,m14b.mtx.hgr,no,no,2,128,0.03,0.0297974,121.574,cut,86465,62623,no
rKaHyPar,m14b.mtx.hgr,no,no,3,128,0.03,0.0297974,88.4585,cut,87585,63152,no
rKaHyPar,m14b.mtx.hgr,no,no,4,128,0.03,0.0297974,88.7984,cut,86110,62706,no
rKaHyPar,m14b.mtx.hgr,no,no,5,128,0.03,0.0297974,88.7312,cut,86541,62431,no
rKaHyPar,m14b.mtx.hgr,no,no,6,128,0.03,0.0297974,87.1704,cut,87071,62797,no
rKaHyPar,m14b.mtx.hgr,no,no,7,128,0.03,0.0297974,88.4101,cut,87000,63078,no
rKaHyPar,m14b.mtx.hgr,no,no,8,128,0.03,0.0297974,87.3503,cut,86095,62458,no
rKaHyPar,m14b.mtx.hgr,no,no,9,128,0.03,0.0297974,88.0023,cut,86476,62766,no
rKaHyPar,m14b.mtx.hgr,no,no,0,16,0.03,0.0298741,125.092,cut,23641,21215,no
rKaHyPar,m14b.mtx.hgr,no,no,1,16,0.03,0.0297996,109.167,cut,23971,21179,no
rKaHyPar,m14b.mtx.hgr,no,no,2,16,0.03,0.0296506,89.8259,cut,24162,21269,no
rKaHyPar,m14b.mtx.hgr,no,no,3,16,0.03,0.0299486,111.566,cut,24381,21489,no
rKaHyPar,m14b.mtx.hgr,no,no,4,16,0.03,0.0299486,86.4326,cut,23729,21155,no
rKaHyPar,m14b.mtx.hgr,no,no,5,16,0.03,0.0297996,115.5,cut,24308,21572,no
rKaHyPar,m14b.mtx.hgr,no,no,6,16,0.03,0.0299486,123.233,cut,23674,21139,no
rKaHyPar,m14b.mtx.hgr,no,no,7,16,0.03,0.0289801,121.85,cut,23501,20898,no
rKaHyPar,m14b.mtx.hgr,no,no,8,16,0.03,0.0294271,123.864,cut,23694,21182,no
rKaHyPar,m14b.mtx.hgr,no,no,9,16,0.03,0.0298741,84.6892,cut,23836,21118,no
rKaHyPar,m14b.mtx.hgr,no,no,0,2,0.03,0.00302655,46.7036,cut,1777,1777,no
rKaHyPar,m14b.mtx.hgr,no,no,1,2,0.03,0.00302655,46.975,cut,1777,1777,no
rKaHyPar,m14b.mtx.hgr,no,no,2,2,0.03,0.00302655,46.8556,cut,1777,1777,no
rKaHyPar,m14b.mtx.hgr,no,no,3,2,0.03,0.00302655,36.4012,cut,1777,1777,no
rKaHyPar,m14b.mtx.hgr,no,no,4,2,0.03,0.00302655,35.2072,cut,1777,1777,no
rKaHyPar,m14b.mtx.hgr,no,no,5,2,0.03,0.00302655,45.8903,cut,1777,1777,no
rKaHyPar,m14b.mtx.hgr,no,no,6,2,0.03,0.00302655,34.7324,cut,1777,1777,no
rKaHyPar,m14b.mtx.hgr,no,no,7,2,0.03,0.00302655,46.6619,cut,1777,1777,no
rKaHyPar,m14b.mtx.hgr,no,no,8,2,0.03,0.00302655,47.6406,cut,1777,1777,no
rKaHyPar,m14b.mtx.hgr,no,no,9,2,0.03,0.00302655,47.7858,cut,1777,1777,no
rKaHyPar,m14b.mtx.hgr,no,no,0,32,0.03,0.0292014,112.706,cut,38031,31676,no
rKaHyPar,m14b.mtx.hgr,no,no,1,32,0.03,0.0297974,102.739,cut,37333,31376,no
rKaHyPar,m14b.mtx.hgr,no,no,2,32,0.03,0.0297974,80.4092,cut,37717,31674,no
rKaHyPar,m14b.mtx.hgr,no,no,3,32,0.03,0.0299464,77.4334,cut,37627,31430,no
rKaHyPar,m14b.mtx.hgr,no,no,4,32,0.03,0.0299464,97.2125,cut,37562,31543,no
rKaHyPar,m14b.mtx.hgr,no,no,5,32,0.03,0.0297974,78.7591,cut,38414,31966,no
rKaHyPar,m14b.mtx.hgr,no,no,6,32,0.03,0.0299464,110.502,cut,37454,31357,no
rKaHyPar,m14b.mtx.hgr,no,no,7,32,0.03,0.0297974,77.6104,cut,37821,31735,no
rKaHyPar,m14b.mtx.hgr,no,no,8,32,0.03,0.0299464,107.336,cut,37597,31320,no
rKaHyPar,m14b.mtx.hgr,no,no,9,32,0.03,0.0293504,111.479,cut,37874,31696,no
rKaHyPar,m14b.mtx.hgr,no,no,0,4,0.03,0.0272666,58.9606,cut,6334,6060,no
rKaHyPar,m14b.mtx.hgr,no,no,1,4,0.03,0.0249944,42.0937,cut,6310,6072,no
rKaHyPar,m14b.mtx.hgr,no,no,2,4,0.03,0.0279185,56.2354,cut,6182,6061,no
rKaHyPar,m14b.mtx.hgr,no,no,3,4,0.03,0.0272666,55.9896,cut,6181,6060,no
rKaHyPar,m14b.mtx.hgr,no,no,4,4,0.03,0.0296692,44.5557,cut,6176,6092,no
rKaHyPar,m14b.mtx.hgr,no,no,5,4,0.03,0.0296878,46.6039,cut,6327,6089,no
rKaHyPar,m14b.mtx.hgr,no,no,6,4,0.03,0.0298182,43.2002,cut,6168,6083,no
rKaHyPar,m14b.mtx.hgr,no,no,7,4,0.03,0.0289429,61.1112,cut,6342,6122,no
rKaHyPar,m14b.mtx.hgr,no,no,8,4,0.03,0.0272666,59.3453,cut,6181,6060,no
rKaHyPar,m14b.mtx.hgr,no,no,9,4,0.03,0.0298368,56.9751,cut,6160,6081,no
rKaHyPar,m14b.mtx.hgr,no,no,0,64,0.03,0.0297974,82.4146,cut,58138,45424,no
rKaHyPar,m14b.mtx.hgr,no,no,1,64,0.03,0.0297974,78.6178,cut,58738,45761,no
rKaHyPar,m14b.mtx.hgr,no,no,2,64,0.03,0.0297974,82.1913,cut,58683,45827,no
rKaHyPar,m14b.mtx.hgr,no,no,3,64,0.03,0.0297974,110.374,cut,59039,45961,no
rKaHyPar,m14b.mtx.hgr,no,no,4,64,0.03,0.0297974,85.7792,cut,57975,45998,no
rKaHyPar,m14b.mtx.hgr,no,no,5,64,0.03,0.0297974,115.119,cut,59275,46471,no
rKaHyPar,m14b.mtx.hgr,no,no,6,64,0.03,0.0297974,79.7261,cut,58234,45762,no
rKaHyPar,m14b.mtx.hgr,no,no,7,64,0.03,0.0297974,109.797,cut,58423,45666,no
rKaHyPar,m14b.mtx.hgr,no,no,8,64,0.03,0.0297974,81.7015,cut,57785,45599,no
rKaHyPar,m14b.mtx.hgr,no,no,9,64,0.03,0.0297974,82.6776,cut,58732,46373,no
rKaHyPar,m14b.mtx.hgr,no,no,0,8,0.03,0.0297623,58.864,cut,12955,12121,no
rKaHyPar,m14b.mtx.hgr,no,no,1,8,0.03,0.0299858,63.225,cut,12970,12156,no
rKaHyPar,m14b.mtx.hgr,no,no,2,8,0.03,0.0298741,85.903,cut,13053,12234,no
rKaHyPar,m14b.mtx.hgr,no,no,3,8,0.03,0.0294271,59.8689,cut,12913,12121,no
rKaHyPar,m14b.mtx.hgr,no,no,4,8,0.03,0.0297251,67.7251,cut,13083,12253,no
rKaHyPar,m14b.mtx.hgr,no,no,5,8,0.03,0.0297251,62.1527,cut,13057,12283,no
rKaHyPar,m14b.mtx.hgr,no,no,6,8,0.03,0.0298368,67.0829,cut,13023,12194,no
rKaHyPar,m14b.mtx.hgr,no,no,7,8,0.03,0.0297623,65.0078,cut,13031,12113,no
rKaHyPar,m14b.mtx.hgr,no,no,8,8,0.03,0.0297623,87.5173,cut,12931,12156,no
rKaHyPar,m14b.mtx.hgr,no,no,9,8,0.03,0.0297623,85.7334,cut,13159,12282,no
rKaHyPar,mac_econ_fwd500.mtx.hgr,no,no,0,128,0.03,0.0297398,51.9863,cut,42912,38125,no
rKaHyPar,mac_econ_fwd500.mtx.hgr,no,no,1,128,0.03,0.0297398,53.555,cut,43361,38213,no
rKaHyPar,mac_econ_fwd500.mtx.hgr,no,no,2,128,0.03,0.0297398,69.8781,cut,42896,37929,no
rKaHyPar,mac_econ_fwd500.mtx.hgr,no,no,3,128,0.03,0.0291202,52.7946,cut,42796,37861,no
rKaHyPar,mac_econ_fwd500.mtx.hgr,no,no,4,128,0.03,0.0297398,51.7649,cut,42807,37835,no
rKaHyPar,mac_econ_fwd500.mtx.hgr,no,no,5,128,0.03,0.0297398,53.2713,cut,43200,38065,no
rKaHyPar,mac_econ_fwd500.mtx.hgr,no,no,6,128,0.03,0.0297398,52.8914,cut,43195,38028,no
rKaHyPar,mac_econ_fwd500.mtx.hgr,no,no,7,128,0.03,0.0297398,52.4267,cut,43152,38012,no
rKaHyPar,mac_econ_fwd500.mtx.hgr,no,no,8,128,0.03,0.0297398,53.2799,cut,43329,38189,no
rKaHyPar,mac_econ_fwd500.mtx.hgr,no,no,9,128,0.03,0.0297398,53.4665,cut,43285,38268,no
rKaHyPar,mac_econ_fwd500.mtx.hgr,no,no,0,16,0.03,0.0158829,38.4288,cut,4718,4590,no
rKaHyPar,mac_econ_fwd500.mtx.hgr,no,no,1,16,0.03,0.0209964,39.0981,cut,4786,4590,no
rKaHyPar,mac_econ_fwd500.mtx.hgr,no,no,2,16,0.03,0.0203765,28.6965,cut,5196,4896,no
rKaHyPar,mac_econ_fwd500.mtx.hgr,no,no,3,16,0.03,0.0299837,37.5946,cut,5032,4844,no
rKaHyPar,mac_econ_fwd500.mtx.hgr,no,no,4,16,0.03,0.0298288,28.7311,cut,5348,5136,no
rKaHyPar,mac_econ_fwd500.mtx.hgr,no,no,5,16,0.03,0.0217711,37.7863,cut,4828,4590,no
rKaHyPar,mac_econ_fwd500.mtx.hgr,no,no,6,16,0.03,0.0172774,29.055,cut,4715,4590,no
rKaHyPar,mac_econ_fwd500.mtx.hgr,no,no,7,16,0.03,0.0210738,29.0009,cut,5156,4889,no
rKaHyPar,mac_econ_fwd500.mtx.hgr,no,no,8,16,0.03,0.0156504,39.1892,cut,5180,4887,no
rKaHyPar,mac_econ_fwd500.mtx.hgr,no,no,9,16,0.03,0.017045,28.9735,cut,4799,4590,no
rKaHyPar,mac_econ_fwd500.mtx.hgr,no,no,0,2,0.03,0,17.2107,cut,306,306,no
rKaHyPar,mac_econ_fwd500.mtx.hgr,no,no,1,2,0.03,0,18.5383,cut,306,306,no
rKaHyPar,mac_econ_fwd500.mtx.hgr,no,no,2,2,0.03,0,20.1144,cut,306,306,no
rKaHyPar,mac_econ_fwd500.mtx.hgr,no,no,3,2,0.03,0,17.1917,cut,306,306,no
rKaHyPar,mac_econ_fwd500.mtx.hgr,no,no,4,2,0.03,0,12.9015,cut,306,306,no
rKaHyPar,mac_econ_fwd500.mtx.hgr,no,no,5,2,0.03,0,19.5637,cut,306,306,no
rKaHyPar,mac_econ_fwd500.mtx.hgr,no,no,6,2,0.03,0,16.0146,cut,306,306,no
rKaHyPar,mac_econ_fwd500.mtx.hgr,no,no,7,2,0.03,0,14.786,cut,306,306,no
rKaHyPar,mac_econ_fwd500.mtx.hgr,no,no,8,2,0.03,0,23.3992,cut,306,306,no
rKaHyPar,mac_econ_fwd500.mtx.hgr,no,no,9,2,0.03,0,23.7655,cut,306,306,no
rKaHyPar,mac_econ_fwd500.mtx.hgr,no,no,0,32,0.03,0.0224667,32.9781,cut,9877,9486,no
rKaHyPar,mac_econ_fwd500.mtx.hgr,no,no,1,32,0.03,0.0224667,44.752,cut,9920,9487,no
rKaHyPar,mac_econ_fwd500.mtx.hgr,no,no,2,32,0.03,0.0226216,33.1931,cut,10458,9792,no
rKaHyPar,mac_econ_fwd500.mtx.hgr,no,no,3,32,0.03,0.0226216,45.0351,cut,10366,9792,no
rKaHyPar,mac_econ_fwd500.mtx.hgr,no,no,4,32,0.03,0.0224667,44.3407,cut,10402,9766,no
rKaHyPar,mac_econ_fwd500.mtx.hgr,no,no,5,32,0.03,0.0224667,33.0628,cut,9692,9486,no
rKaHyPar,mac_econ_fwd500.mtx.hgr,no,no,6,32,0.03,0.0224667,32.8792,cut,10406,9763,no
rKaHyPar,mac_econ_fwd500.mtx.hgr,no,no,7,32,0.03,0.024326,33.3057,cut,10431,9795,no
rKaHyPar,mac_econ_fwd500.mtx.hgr,no,no,8,32,0.03,0.0227766,45.6919,cut,9896,9487,no
rKaHyPar,mac_econ_fwd500.mtx.hgr,no,no,9,32,0.03,0.0238612,33.4782,cut,10111,9797,no
rKaHyPar,mac_econ_fwd500.mtx.hgr,no,no,0,4,0.03,0,25.0418,cut,918,918,no
rKaHyPar,mac_econ_fwd500.mtx.hgr,no,no,1,4,0.03,0,21.6358,cut,928,918,no
rKaHyPar,mac_econ_fwd500.mtx.hgr,no,no,2,4,0.03,0,26.1012,cut,955,918,no
rKaHyPar,mac_econ_fwd500.mtx.hgr,no,no,3,4,0.03,0,27.7104,cut,956,918,no
rKaHyPar,mac_econ_fwd500.mtx.hgr,no,no,4,4,0.03,0,21.2918,cut,949,918,no
rKaHyPar,mac_econ_fwd500.mtx.hgr,no,no,5,4,0.03,0,20.1683,cut,927,918,no
rKaHyPar,mac_econ_fwd500.mtx.hgr,no,no,6,4,0.03,0,26.4502,cut,961,918,no
rKaHyPar,mac_econ_fwd500.mtx.hgr,no,no,7,4,0.03,0,29.136,cut,952,918,no
rKaHyPar,mac_econ_fwd500.mtx.hgr,no,no,8,4,0.03,0,29.1166,cut,953,918,no
rKaHyPar,mac_econ_fwd500.mtx.hgr,no,no,9,4,0.03,0,27.2634,cut,918,918,no
rKaHyPar,mac_econ_fwd500.mtx.hgr,no,no,0,64,0.03,0.0278897,40.4009,cut,20439,19356,no
rKaHyPar,mac_econ_fwd500.mtx.hgr,no,no,1,64,0.03,0.0281996,40.8283,cut,20426,19437,no
rKaHyPar,mac_econ_fwd500.mtx.hgr,no,no,2,64,0.03,0.0294391,41.2529,cut,20863,19635,no
rKaHyPar,mac_econ_fwd500.mtx.hgr,no,no,3,64,0.03,0.0291292,53.8806,cut,20902,19638,no
rKaHyPar,mac_econ_fwd500.mtx.hgr,no,no,4,64,0.03,0.0291292,40.9999,cut,20810,19644,no
rKaHyPar,mac_econ_fwd500.mtx.hgr,no,no,5,64,0.03,0.0275798,40.757,cut,20639,19387,no
rKaHyPar,mac_econ_fwd500.mtx.hgr,no,no,6,64,0.03,0.0288193,40.6856,cut,20777,19657,no
rKaHyPar,mac_econ_fwd500.mtx.hgr,no,no,7,64,0.03,0.029749,56.3783,cut,21051,19686,no
rKaHyPar,mac_econ_fwd500.mtx.hgr,no,no,8,64,0.03,0.0281996,55.2345,cut,20719,19449,no
rKaHyPar,mac_econ_fwd500.mtx.hgr,no,no,9,64,0.03,0.02696,40.9125,cut,21072,19685,no
rKaHyPar,mac_econ_fwd500.mtx.hgr,no,no,0,8,0.03,0.00635339,23.7914,cut,2201,2142,no
rKaHyPar,mac_econ_fwd500.mtx.hgr,no,no,1,8,0.03,0.00631465,24.291,cut,2256,2142,no
rKaHyPar,mac_econ_fwd500.mtx.hgr,no,no,2,8,0.03,0.00654709,35.151,cut,2222,2142,no
rKaHyPar,mac_econ_fwd500.mtx.hgr,no,no,3,8,0.03,0.00588851,24.5378,cut,2551,2448,no
rKaHyPar,mac_econ_fwd500.mtx.hgr,no,no,4,8,0.03,0.00573355,25.1727,cut,2524,2448,no
rKaHyPar,mac_econ_fwd500.mtx.hgr,no,no,5,8,0.03,0.025646,23.0373,cut,2255,2142,no
rKaHyPar,mac_econ_fwd500.mtx.hgr,no,no,6,8,0.03,0.00565606,34.1863,cut,2213,2142,no
rKaHyPar,mac_econ_fwd500.mtx.hgr,no,no,7,8,0.03,0.0056948,25.0566,cut,2592,2448,no
rKaHyPar,mac_econ_fwd500.mtx.hgr,no,no,8,8,0.03,0.0055011,25.5295,cut,2224,2142,no
rKaHyPar,mac_econ_fwd500.mtx.hgr,no,no,9,8,0.03,0.00654709,33.4203,cut,2248,2142,no
rKaHyPar,Maragal_6.mtx.hgr,no,no,0,128,0.03,0.025,29.9494,cut,153697,9202,no
rKaHyPar,Maragal_6.mtx.hgr,no,no,1,128,0.03,0.025,17.5524,cut,148537,9022,no
rKaHyPar,Maragal_6.mtx.hgr,no,no,2,128,0.03,0.025,28.7917,cut,147312,8899,no
rKaHyPar,Maragal_6.mtx.hgr,no,no,3,128,0.03,0.025,17.9905,cut,148051,8940,no
rKaHyPar,Maragal_6.mtx.hgr,no,no,4,128,0.03,0.025,17.2139,cut,150400,8795,no
rKaHyPar,Maragal_6.mtx.hgr,no,no,5,128,0.03,0.025,17.5382,cut,154391,8972,no
rKaHyPar,Maragal_6.mtx.hgr,no,no,6,128,0.03,0.025,17.8317,cut,149241,9323,no
rKaHyPar,Maragal_6.mtx.hgr,no,no,7,128,0.03,0.025,17.5327,cut,152252,8857,no
rKaHyPar,Maragal_6.mtx.hgr,no,no,8,128,0.03,0.025,17.5728,cut,150489,8929,no
rKaHyPar,Maragal_6.mtx.hgr,no,no,9,128,0.03,0.025,17.3428,cut,151202,8871,no
rKaHyPar,Maragal_6.mtx.hgr,no,no,0,16,0.03,0.0251969,27.3445,cut,35006,7032,no
rKaHyPar,Maragal_6.mtx.hgr,no,no,1,16,0.03,0.0299213,26.5484,cut,34056,6100,no
rKaHyPar,Maragal_6.mtx.hgr,no,no,2,16,0.03,0.0267717,15.6707,cut,35172,7133,no
rKaHyPar,Maragal_6.mtx.hgr,no,no,3,16,0.03,0.0299213,27.0787,cut,33637,6105,no
rKaHyPar,Maragal_6.mtx.hgr,no,no,4,16,0.03,0.0299213,15.4718,cut,35281,6265,no
rKaHyPar,Maragal_6.mtx.hgr,no,no,5,16,0.03,0.0299213,26.4732,cut,34206,6052,no
rKaHyPar,Maragal_6.mtx.hgr,no,no,6,16,0.03,0.0299213,27.1783,cut,34820,6106,no
rKaHyPar,Maragal_6.mtx.hgr,no,no,7,16,0.03,0.0299213,15.4591,cut,34865,6037,no
rKaHyPar,Maragal_6.mtx.hgr,no,no,8,16,0.03,0.0299213,26.9856,cut,35130,6163,no
rKaHyPar,Maragal_6.mtx.hgr,no,no,9,16,0.03,0.0299213,15.6262,cut,35937,7012,no
rKaHyPar,Maragal_6.mtx.hgr,no,no,0,2,0.03,0.0175335,24.599,cut,1807,1807,no
rKaHyPar,Maragal_6.mtx.hgr,no,no,1,2,0.03,0,24.0413,cut,1850,1850,no
rKaHyPar,Maragal_6.mtx.hgr,no,no,2,2,0.03,0.0279748,23.9146,cut,1779,1779,no
rKaHyPar,Maragal_6.mtx.hgr,no,no,3,2,0.03,0.00394011,14.2514,cut,1794,1794,no
rKaHyPar,Maragal_6.mtx.hgr,no,no,4,2,0.03,0.0149724,13.6154,cut,1839,1839,no
rKaHyPar,Maragal_6.mtx.hgr,no,no,5,2,0.03,0,24.887,cut,1793,1793,no
rKaHyPar,Maragal_6.mtx.hgr,no,no,6,2,0.03,0,14.2947,cut,1837,1837,no
rKaHyPar,Maragal_6.mtx.hgr,no,no,7,2,0.03,0.0151694,13.8973,cut,1854,1854,no
rKaHyPar,Maragal_6.mtx.hgr,no,no,8,2,0.03,0,23.7927,cut,1871,1871,no
rKaHyPar,Maragal_6.mtx.hgr,no,no,9,2,0.03,0.000197006,24.9321,cut,1834,1834,no
rKaHyPar,Maragal_6.mtx.hgr,no,no,0,32,0.03,0.0251572,15.9888,cut,62094,7398,no
rKaHyPar,Maragal_6.mtx.hgr,no,no,1,32,0.03,0.0220126,26.5295,cut,62113,7429,no
rKaHyPar,Maragal_6.mtx.hgr,no,no,2,32,0.03,0.0283019,15.94,cut,63252,7865,no
rKaHyPar,Maragal_6.mtx.hgr,no,no,3,32,0.03,0.0283019,27.3573,cut,61100,7392,no
rKaHyPar,Maragal_6.mtx.hgr,no,no,4,32,0.03,0.0283019,26.612,cut,62969,7301,no
rKaHyPar,Maragal_6.mtx.hgr,no,no,5,32,0.03,0.0283019,16.138,cut,63480,7840,no
rKaHyPar,Maragal_6.mtx.hgr,no,no,6,32,0.03,0.0283019,15.9541,cut,63568,7428,no
rKaHyPar,Maragal_6.mtx.hgr,no,no,7,32,0.03,0.0283019,15.9811,cut,65093,7340,no
rKaHyPar,Maragal_6.mtx.hgr,no,no,8,32,0.03,0.0283019,27.4975,cut,64596,7964,no
rKaHyPar,Maragal_6.mtx.hgr,no,no,9,32,0.03,0.0283019,15.899,cut,64679,7941,no
rKaHyPar,Maragal_6.mtx.hgr,no,no,0,4,0.03,0.0299448,26.4724,cut,6143,2338,no
rKaHyPar,Maragal_6.mtx.hgr,no,no,1,4,0.03,0.0299448,15.1997,cut,6062,2382,no
rKaHyPar,Maragal_6.mtx.hgr,no,no,2,4,0.03,0.0299448,25.6767,cut,5964,2455,no
rKaHyPar,Maragal_6.mtx.hgr,no,no,3,4,0.03,0.0299448,26.453,cut,6152,2355,no
rKaHyPar,Maragal_6.mtx.hgr,no,no,4,4,0.03,0.0299448,15.1634,cut,6305,2488,no
rKaHyPar,Maragal_6.mtx.hgr,no,no,5,4,0.03,0.0299448,15.5271,cut,6413,2409,no
rKaHyPar,Maragal_6.mtx.hgr,no,no,6,4,0.03,0.0299448,27.3429,cut,6180,2410,no
rKaHyPar,Maragal_6.mtx.hgr,no,no,7,4,0.03,0.0299448,25.9547,cut,6323,2453,no
rKaHyPar,Maragal_6.mtx.hgr,no,no,8,4,0.03,0.0299448,25.8054,cut,6207,2370,no
rKaHyPar,Maragal_6.mtx.hgr,no,no,9,4,0.03,0.0299448,25.7906,cut,6171,2386,no
rKaHyPar,Maragal_6.mtx.hgr,no,no,0,64,0.03,0.0251572,16.9844,cut,105341,8147,no
rKaHyPar,Maragal_6.mtx.hgr,no,no,1,64,0.03,0.0251572,16.5684,cut,101577,8195,no
rKaHyPar,Maragal_6.mtx.hgr,no,no,2,64,0.03,0.0251572,16.5649,cut,100558,8164,no
rKaHyPar,Maragal_6.mtx.hgr,no,no,3,64,0.03,0.0251572,28.9098,cut,101161,8203,no
rKaHyPar,Maragal_6.mtx.hgr,no,no,4,64,0.03,0.0251572,16.6289,cut,104222,8245,no
rKaHyPar,Maragal_6.mtx.hgr,no,no,5,64,0.03,0.0251572,16.7713,cut,106167,8705,no
rKaHyPar,Maragal_6.mtx.hgr,no,no,6,64,0.03,0.0251572,16.937,cut,104335,8741,no
rKaHyPar,Maragal_6.mtx.hgr,no,no,7,64,0.03,0.0251572,28.0629,cut,107517,8740,no
rKaHyPar,Maragal_6.mtx.hgr,no,no,8,64,0.03,0.0251572,28.401,cut,105108,8087,no
rKaHyPar,Maragal_6.mtx.hgr,no,no,9,64,0.03,0.0251572,16.5963,cut,104417,8277,no
rKaHyPar,Maragal_6.mtx.hgr,no,no,0,8,0.03,0.0267928,15.5441,cut,16956,4788,no
rKaHyPar,Maragal_6.mtx.hgr,no,no,1,8,0.03,0.0291568,15.1555,cut,16385,4756,no
rKaHyPar,Maragal_6.mtx.hgr,no,no,2,8,0.03,0.0252167,26.8037,cut,16412,4749,no
rKaHyPar,Maragal_6.mtx.hgr,no,no,3,8,0.03,0.0283688,15.6785,cut,16276,4753,no
rKaHyPar,Maragal_6.mtx.hgr,no,no,4,8,0.03,0.0299448,15.5802,cut,17754,5780,no
rKaHyPar,Maragal_6.mtx.hgr,no,no,5,8,0.03,0.0236407,15.5865,cut,16628,4762,no
rKaHyPar,Maragal_6.mtx.hgr,no,no,6,8,0.03,0.0299448,15.8038,cut,16620,4767,no
rKaHyPar,Maragal_6.mtx.hgr,no,no,7,8,0.03,0.0283688,15.2641,cut,16784,4752,no
rKaHyPar,Maragal_6.mtx.hgr,no,no,8,8,0.03,0.0299448,16.0079,cut,17984,5674,no
rKaHyPar,Maragal_6.mtx.hgr,no,no,9,8,0.03,0.0299448,26.2383,cut,16563,4830,no
rKaHyPar,mc2depi.mtx.hgr,no,no,0,128,0.03,0.0282307,107.548,cut,26133,25543,no
rKaHyPar,mc2depi.mtx.hgr,no,no,1,128,0.03,0.0294476,111.099,cut,26125,25557,no
rKaHyPar,mc2depi.mtx.hgr,no,no,2,128,0.03,0.0296909,151.604,cut,26118,25559,no
rKaHyPar,mc2depi.mtx.hgr,no,no,3,128,0.03,0.0272572,106.689,cut,26127,25552,no
rKaHyPar,mc2depi.mtx.hgr,no,no,4,128,0.03,0.027744,108.687,cut,26157,25564,no
rKaHyPar,mc2depi.mtx.hgr,no,no,5,128,0.03,0.0284741,108.998,cut,26103,25554,no
rKaHyPar,mc2depi.mtx.hgr,no,no,6,128,0.03,0.0250669,111.14,cut,26113,25547,no
rKaHyPar,mc2depi.mtx.hgr,no,no,7,128,0.03,0.0243368,107.065,cut,26120,25553,no
rKaHyPar,mc2depi.mtx.hgr,no,no,8,128,0.03,0.0253103,107.441,cut,26116,25565,no
rKaHyPar,mc2depi.mtx.hgr,no,no,9,128,0.03,0.0292042,109.563,cut,26115,25573,no
rKaHyPar,mc2depi.mtx.hgr,no,no,0,16,0.03,0.0270196,144.56,cut,7336,7299,no
rKaHyPar,mc2depi.mtx.hgr,no,no,1,16,0.03,0.0286931,138.884,cut,7328,7296,no
rKaHyPar,mc2depi.mtx.hgr,no,no,2,16,0.03,0.0270805,100.965,cut,7331,7299,no
rKaHyPar,mc2depi.mtx.hgr,no,no,3,16,0.03,0.0270196,149.68,cut,7342,7299,no
rKaHyPar,mc2depi.mtx.hgr,no,no,4,16,0.03,0.0296972,104.337,cut,7341,7298,no
rKaHyPar,mc2depi.mtx.hgr,no,no,5,16,0.03,0.0271109,141.824,cut,7335,7299,no
rKaHyPar,mc2depi.mtx.hgr,no,no,6,16,0.03,0.0270501,104.381,cut,7341,7298,no
rKaHyPar,mc2depi.mtx.hgr,no,no,7,16,0.03,0.0271109,103.637,cut,7321,7295,no
rKaHyPar,mc2depi.mtx.hgr,no,no,8,16,0.03,0.0270196,146.796,cut,7333,7298,no
rKaHyPar,mc2depi.mtx.hgr,no,no,9,16,0.03,0.0280846,141.309,cut,7328,7297,no
rKaHyPar,mc2depi.mtx.hgr,no,no,0,2,0.03,0.000486853,115.302,cut,769,769,no
rKaHyPar,mc2depi.mtx.hgr,no,no,1,2,0.03,0.000486853,116.539,cut,769,769,no
rKaHyPar,mc2depi.mtx.hgr,no,no,2,2,0.03,0.000486853,123.513,cut,769,769,no
rKaHyPar,mc2depi.mtx.hgr,no,no,3,2,0.03,0.000486853,93.2122,cut,769,769,no
rKaHyPar,mc2depi.mtx.hgr,no,no,4,2,0.03,0.000486853,91.0069,cut,769,769,no
rKaHyPar,mc2depi.mtx.hgr,no,no,5,2,0.03,0.000486853,125.389,cut,769,769,no
rKaHyPar,mc2depi.mtx.hgr,no,no,6,2,0.03,0.000486853,83.6968,cut,769,769,no
rKaHyPar,mc2depi.mtx.hgr,no,no,7,2,0.03,0.000486853,93.3455,cut,769,769,no
rKaHyPar,mc2depi.mtx.hgr,no,no,8,2,0.03,0.000486853,126.289,cut,769,769,no
rKaHyPar,mc2depi.mtx.hgr,no,no,9,2,0.03,0.000486853,86.1029,cut,769,769,no
rKaHyPar,mc2depi.mtx.hgr,no,no,0,32,0.03,0.0296963,101.728,cut,11530,11425,no
rKaHyPar,mc2depi.mtx.hgr,no,no,1,32,0.03,0.0296963,143.863,cut,11531,11426,no
rKaHyPar,mc2depi.mtx.hgr,no,no,2,32,0.03,0.0283576,143.447,cut,11532,11432,no
rKaHyPar,mc2depi.mtx.hgr,no,no,3,32,0.03,0.0296963,145.69,cut,11520,11423,no
rKaHyPar,mc2depi.mtx.hgr,no,no,4,32,0.03,0.0296963,141.816,cut,11523,11425,no
rKaHyPar,mc2depi.mtx.hgr,no,no,5,32,0.03,0.0296963,101.73,cut,11528,11426,no
rKaHyPar,mc2depi.mtx.hgr,no,no,6,32,0.03,0.0296963,105.662,cut,11535,11433,no
rKaHyPar,mc2depi.mtx.hgr,no,no,7,32,0.03,0.0296963,102.801,cut,11530,11427,no
rKaHyPar,mc2depi.mtx.hgr,no,no,8,32,0.03,0.0296963,105.203,cut,11575,11476,no
rKaHyPar,mc2depi.mtx.hgr,no,no,9,32,0.03,0.0296963,102.671,cut,11524,11428,no
rKaHyPar,mc2depi.mtx.hgr,no,no,0,4,0.03,0.0019474,128.439,cut,2307,2307,no
rKaHyPar,mc2depi.mtx.hgr,no,no,1,4,0.03,0.0019474,98.278,cut,2307,2307,no
rKaHyPar,mc2depi.mtx.hgr,no,no,2,4,0.03,0.0019474,133.743,cut,2307,2307,no
rKaHyPar,mc2depi.mtx.hgr,no,no,3,4,0.03,0.0019474,135.525,cut,2307,2307,no
rKaHyPar,mc2depi.mtx.hgr,no,no,4,4,0.03,0.0019474,100.201,cut,2307,2307,no
rKaHyPar,mc2depi.mtx.hgr,no,no,5,4,0.03,0.0019474,96.0868,cut,2307,2307,no
rKaHyPar,mc2depi.mtx.hgr,no,no,6,4,0.03,0.0019474,135.893,cut,2307,2307,no
rKaHyPar,mc2depi.mtx.hgr,no,no,7,4,0.03,0.0019474,136.375,cut,2307,2307,no
rKaHyPar,mc2depi.mtx.hgr,no,no,8,4,0.03,0.0019474,95.5959,cut,2307,2307,no
rKaHyPar,mc2depi.mtx.hgr,no,no,9,4,0.03,0.0019474,130.904,cut,2307,2307,no
rKaHyPar,mc2depi.mtx.hgr,no,no,0,64,0.03,0.0299379,107.499,cut,17718,17468,no
rKaHyPar,mc2depi.mtx.hgr,no,no,1,64,0.03,0.0299379,146.706,cut,17749,17480,no
rKaHyPar,mc2depi.mtx.hgr,no,no,2,64,0.03,0.0299379,105.31,cut,17718,17473,no
rKaHyPar,mc2depi.mtx.hgr,no,no,3,64,0.03,0.0299379,151.37,cut,17744,17475,no
rKaHyPar,mc2depi.mtx.hgr,no,no,4,64,0.03,0.0299379,104.023,cut,17715,17476,no
rKaHyPar,mc2depi.mtx.hgr,no,no,5,64,0.03,0.0299379,105.107,cut,17737,17478,no
rKaHyPar,mc2depi.mtx.hgr,no,no,6,64,0.03,0.0299379,104.947,cut,17724,17470,no
rKaHyPar,mc2depi.mtx.hgr,no,no,7,64,0.03,0.0299379,146.187,cut,17717,17464,no
rKaHyPar,mc2depi.mtx.hgr,no,no,8,64,0.03,0.0299379,147.326,cut,17712,17461,no
rKaHyPar,mc2depi.mtx.hgr,no,no,9,64,0.03,0.0299379,104.13,cut,17736,17474,no
rKaHyPar,mc2depi.mtx.hgr,no,no,0,8,0.03,0.0266397,96.5647,cut,4317,4305,no
rKaHyPar,mc2depi.mtx.hgr,no,no,1,8,0.03,0.0266397,135.545,cut,4316,4305,no
rKaHyPar,mc2depi.mtx.hgr,no,no,2,8,0.03,0.0266397,133.613,cut,4315,4305,no
rKaHyPar,mc2depi.mtx.hgr,no,no,3,8,0.03,0.0266397,98.9054,cut,4314,4305,no
rKaHyPar,mc2depi.mtx.hgr,no,no,4,8,0.03,0.0266397,135.965,cut,4315,4305,no
rKaHyPar,mc2depi.mtx.hgr,no,no,5,8,0.03,0.0266397,97.2969,cut,4314,4305,no
rKaHyPar,mc2depi.mtx.hgr,no,no,6,8,0.03,0.0266397,136.644,cut,4315,4305,no
rKaHyPar,mc2depi.mtx.hgr,no,no,7,8,0.03,0.0266397,98.4028,cut,4314,4305,no
rKaHyPar,mc2depi.mtx.hgr,no,no,8,8,0.03,0.0266397,96.009,cut,4315,4305,no
rKaHyPar,mc2depi.mtx.hgr,no,no,9,8,0.03,0.0266397,139.582,cut,4318,4305,no
rKaHyPar,mixtank_new.mtx.hgr,no,no,0,128,0.03,0.0297872,22.868,cut,136667,23220,no
rKaHyPar,mixtank_new.mtx.hgr,no,no,1,128,0.03,0.0297872,16.1014,cut,135864,23221,no
rKaHyPar,mixtank_new.mtx.hgr,no,no,2,128,0.03,0.0297872,23.1504,cut,139633,23346,no
rKaHyPar,mixtank_new.mtx.hgr,no,no,3,128,0.03,0.0297872,16.2383,cut,135812,23275,no
rKaHyPar,mixtank_new.mtx.hgr,no,no,4,128,0.03,0.0297872,15.5859,cut,136795,23162,no
rKaHyPar,mixtank_new.mtx.hgr,no,no,5,128,0.03,0.0297872,15.4826,cut,139737,23333,no
rKaHyPar,mixtank_new.mtx.hgr,no,no,6,128,0.03,0.0297872,15.6422,cut,133907,23174,no
rKaHyPar,mixtank_new.mtx.hgr,no,no,7,128,0.03,0.0297872,15.5669,cut,138688,23410,no
rKaHyPar,mixtank_new.mtx.hgr,no,no,8,128,0.03,0.0297872,16.289,cut,141672,23218,no
rKaHyPar,mixtank_new.mtx.hgr,no,no,9,128,0.03,0.0297872,15.5261,cut,141086,23398,no
rKaHyPar,mixtank_new.mtx.hgr,no,no,0,16,0.03,0.02189,14.4385,cut,39808,12516,no
rKaHyPar,mixtank_new.mtx.hgr,no,no,1,16,0.03,0.0181527,14.5913,cut,37173,12747,no
rKaHyPar,mixtank_new.mtx.hgr,no,no,2,16,0.03,0.0293647,10.3278,cut,38307,12296,no
rKaHyPar,mixtank_new.mtx.hgr,no,no,3,16,0.03,0.0288308,14.9484,cut,35728,12986,no
rKaHyPar,mixtank_new.mtx.hgr,no,no,4,16,0.03,0.0282968,9.80605,cut,36697,12533,no
rKaHyPar,mixtank_new.mtx.hgr,no,no,5,16,0.03,0.0261612,14.042,cut,36497,12384,no
rKaHyPar,mixtank_new.mtx.hgr,no,no,6,16,0.03,0.0298986,9.79415,cut,33220,12710,no
rKaHyPar,mixtank_new.mtx.hgr,no,no,7,16,0.03,0.0293647,9.98883,cut,41098,13040,no
rKaHyPar,mixtank_new.mtx.hgr,no,no,8,16,0.03,0.0298986,14.8134,cut,35209,12260,no
rKaHyPar,mixtank_new.mtx.hgr,no,no,9,16,0.03,0.0245595,14.059,cut,30487,12712,no
rKaHyPar,mixtank_new.mtx.hgr,no,no,0,2,0.03,0.00113492,5.60446,cut,2925,2925,no
rKaHyPar,mixtank_new.mtx.hgr,no,no,1,2,0.03,0.0298418,5.85154,cut,2930,2930,no
rKaHyPar,mixtank_new.mtx.hgr,no,no,2,2,0.03,0.00347153,5.33887,cut,2943,2943,no
rKaHyPar,mixtank_new.mtx.hgr,no,no,3,2,0.03,0.00413913,4.11801,cut,2914,2914,no
rKaHyPar,mixtank_new.mtx.hgr,no,no,4,2,0.03,0,3.44821,cut,2925,2925,no
rKaHyPar,mixtank_new.mtx.hgr,no,no,5,2,0.03,0.00120168,5.23735,cut,2914,2914,no
rKaHyPar,mixtank_new.mtx.hgr,no,no,6,2,0.03,0.0198945,3.89949,cut,2902,2902,no
rKaHyPar,mixtank_new.mtx.hgr,no,no,7,2,0.03,0.0190266,3.73231,cut,2935,2935,no
rKaHyPar,mixtank_new.mtx.hgr,no,no,8,2,0.03,0.00387209,5.87973,cut,2925,2925,no
rKaHyPar,mixtank_new.mtx.hgr,no,no,9,2,0.03,0.0013352,3.73643,cut,2914,2914,no
rKaHyPar,mixtank_new.mtx.hgr,no,no,0,32,0.03,0.0298826,12.0699,cut,62927,16411,no
rKaHyPar,mixtank_new.mtx.hgr,no,no,1,32,0.03,0.0277481,16.9198,cut,56283,16315,no
rKaHyPar,mixtank_new.mtx.hgr,no,no,2,32,0.03,0.0245464,17.3516,cut,49065,15948,no
rKaHyPar,mixtank_new.mtx.hgr,no,no,3,32,0.03,0.022412,17.9804,cut,54808,16405,no
rKaHyPar,mixtank_new.mtx.hgr,no,no,4,32,0.03,0.0288154,17.2798,cut,51588,16207,no
rKaHyPar,mixtank_new.mtx.hgr,no,no,5,32,0.03,0.0298826,11.7491,cut,55861,16470,no
rKaHyPar,mixtank_new.mtx.hgr,no,no,6,32,0.03,0.0288154,11.8572,cut,57358,16192,no
rKaHyPar,mixtank_new.mtx.hgr,no,no,7,32,0.03,0.0288154,12.0061,cut,53329,16370,no
rKaHyPar,mixtank_new.mtx.hgr,no,no,8,32,0.03,0.0298826,12.3624,cut,55029,15826,no
rKaHyPar,mixtank_new.mtx.hgr,no,no,9,32,0.03,0.0288154,12.1856,cut,59041,16266,no
rKaHyPar,mixtank_new.mtx.hgr,no,no,0,4,0.03,0.0249666,8.56941,cut,6750,5438,no
rKaHyPar,mixtank_new.mtx.hgr,no,no,1,4,0.03,0.0228304,5.94593,cut,6758,5446,no
rKaHyPar,mixtank_new.mtx.hgr,no,no,2,4,0.03,0.0182911,9.59455,cut,8170,5733,no
rKaHyPar,mixtank_new.mtx.hgr,no,no,3,4,0.03,0.0205607,9.70242,cut,8165,5741,no
rKaHyPar,mixtank_new.mtx.hgr,no,no,4,4,0.03,0.0269693,6.31421,cut,8447,5630,no
rKaHyPar,mixtank_new.mtx.hgr,no,no,5,4,0.03,0.0220294,5.77932,cut,8825,5417,no
rKaHyPar,mixtank_new.mtx.hgr,no,no,6,4,0.03,0.024032,8.97559,cut,8584,5435,no
rKaHyPar,mixtank_new.mtx.hgr,no,no,7,4,0.03,0.0277704,8.56989,cut,9211,5674,no
rKaHyPar,mixtank_new.mtx.hgr,no,no,8,4,0.03,0.0058745,6.54879,cut,8280,5813,no
rKaHyPar,mixtank_new.mtx.hgr,no,no,9,4,0.03,0.0225634,8.63941,cut,8765,5417,no
rKaHyPar,mixtank_new.mtx.hgr,no,no,0,64,0.03,0.0298507,13.9337,cut,88983,19890,no
rKaHyPar,mixtank_new.mtx.hgr,no,no,1,64,0.03,0.0298507,20.6916,cut,86606,19896,no
rKaHyPar,mixtank_new.mtx.hgr,no,no,2,64,0.03,0.0255864,14.2245,cut,86492,19860,no
rKaHyPar,mixtank_new.mtx.hgr,no,no,3,64,0.03,0.0255864,20.6634,cut,85906,20097,no
rKaHyPar,mixtank_new.mtx.hgr,no,no,4,64,0.03,0.0277186,14.1101,cut,87303,19937,no
rKaHyPar,mixtank_new.mtx.hgr,no,no,5,64,0.03,0.0255864,13.6791,cut,88891,19974,no
rKaHyPar,mixtank_new.mtx.hgr,no,no,6,64,0.03,0.0234542,14.3081,cut,96212,19918,no
rKaHyPar,mixtank_new.mtx.hgr,no,no,7,64,0.03,0.0255864,20.2276,cut,88181,20015,no
rKaHyPar,mixtank_new.mtx.hgr,no,no,8,64,0.03,0.0298507,20.9031,cut,82469,19791,no
rKaHyPar,mixtank_new.mtx.hgr,no,no,9,64,0.03,0.0277186,14.3278,cut,94216,20102,no
rKaHyPar,mixtank_new.mtx.hgr,no,no,0,8,0.03,0.024032,8.31804,cut,22327,9613,no
rKaHyPar,mixtank_new.mtx.hgr,no,no,1,8,0.03,0.0280374,11.315,cut,22521,9170,no
rKaHyPar,mixtank_new.mtx.hgr,no,no,2,8,0.03,0.0275033,11.5789,cut,21630,9117,no
rKaHyPar,mixtank_new.mtx.hgr,no,no,3,8,0.03,0.0299065,8.39,cut,15138,9352,no
rKaHyPar,mixtank_new.mtx.hgr,no,no,4,8,0.03,0.0283044,11.4117,cut,22917,9060,no
rKaHyPar,mixtank_new.mtx.hgr,no,no,5,8,0.03,0.0272363,8.14682,cut,20804,9238,no
rKaHyPar,mixtank_new.mtx.hgr,no,no,6,8,0.03,0.0299065,8.53843,cut,18093,9175,no
rKaHyPar,mixtank_new.mtx.hgr,no,no,7,8,0.03,0.0130841,7.89067,cut,22467,9666,no
rKaHyPar,mixtank_new.mtx.hgr,no,no,8,8,0.03,0.0296395,8.14726,cut,17702,9318,no
rKaHyPar,mixtank_new.mtx.hgr,no,no,9,8,0.03,0.0192256,11.8862,cut,19079,9230,no
rKaHyPar,mono_500Hz.mtx.hgr,no,no,0,128,0.03,0.0287009,117.737,cut,269264,81802,no
rKaHyPar,mono_500Hz.mtx.hgr,no,no,1,128,0.03,0.0294562,117.509,cut,262338,81452,no
rKaHyPar,mono_500Hz.mtx.hgr,no,no,2,128,0.03,0.0294562,161.207,cut,251496,81863,no
rKaHyPar,mono_500Hz.mtx.hgr,no,no,3,128,0.03,0.0294562,113.608,cut,272082,81049,no
rKaHyPar,mono_500Hz.mtx.hgr,no,no,4,128,0.03,0.0294562,117.7,cut,265024,81656,no
rKaHyPar,mono_500Hz.mtx.hgr,no,no,5,128,0.03,0.0294562,115.522,cut,260614,81389,no
rKaHyPar,mono_500Hz.mtx.hgr,no,no,6,128,0.03,0.0287009,116.749,cut,263042,81446,no
rKaHyPar,mono_500Hz.mtx.hgr,no,no,7,128,0.03,0.0294562,116.166,cut,273603,81716,no
rKaHyPar,mono_500Hz.mtx.hgr,no,no,8,128,0.03,0.0294562,163.574,cut,276121,81520,no
rKaHyPar,mono_500Hz.mtx.hgr,no,no,9,128,0.03,0.0294562,116.614,cut,274828,81726,no
rKaHyPar,mono_500Hz.mtx.hgr,no,no,0,16,0.03,0.0275758,145.242,cut,74736,34682,no
rKaHyPar,mono_500Hz.mtx.hgr,no,no,1,16,0.03,0.0291812,143.949,cut,64986,34574,no
rKaHyPar,mono_500Hz.mtx.hgr,no,no,2,16,0.03,0.0298423,89.9744,cut,70939,34519,no
rKaHyPar,mono_500Hz.mtx.hgr,no,no,3,16,0.03,0.0291812,145.197,cut,57260,34307,no
rKaHyPar,mono_500Hz.mtx.hgr,no,no,4,16,0.03,0.028048,91.5143,cut,72655,34108,no
rKaHyPar,mono_500Hz.mtx.hgr,no,no,5,16,0.03,0.0285202,107.339,cut,59106,34405,no
rKaHyPar,mono_500Hz.mtx.hgr,no,no,6,16,0.03,0.0298423,105.466,cut,72121,34449,no
rKaHyPar,mono_500Hz.mtx.hgr,no,no,7,16,0.03,0.0293701,102.515,cut,72912,34925,no
rKaHyPar,mono_500Hz.mtx.hgr,no,no,8,16,0.03,0.0249315,94.7683,cut,83635,34301,no
rKaHyPar,mono_500Hz.mtx.hgr,no,no,9,16,0.03,0.0294645,122.979,cut,78664,34158,no
rKaHyPar,mono_500Hz.mtx.hgr,no,no,0,2,0.03,0.00387226,96.1383,cut,7413,7413,no
rKaHyPar,mono_500Hz.mtx.hgr,no,no,1,2,0.03,0.0243787,118.49,cut,7300,7300,no
rKaHyPar,mono_500Hz.mtx.hgr,no,no,2,2,0.03,0.00387226,76.2258,cut,7413,7413,no
rKaHyPar,mono_500Hz.mtx.hgr,no,no,3,2,0.03,0.00387226,67.4689,cut,7413,7413,no
rKaHyPar,mono_500Hz.mtx.hgr,no,no,4,2,0.03,0.0281329,78.5002,cut,7305,7305,no
rKaHyPar,mono_500Hz.mtx.hgr,no,no,5,2,0.03,0.00357712,71.5016,cut,7413,7413,no
rKaHyPar,mono_500Hz.mtx.hgr,no,no,6,2,0.03,0.0243787,84.2239,cut,7300,7300,no
rKaHyPar,mono_500Hz.mtx.hgr,no,no,7,2,0.03,0.00387226,72.4724,cut,7413,7413,no
rKaHyPar,mono_500Hz.mtx.hgr,no,no,8,2,0.03,0.023694,129.363,cut,7300,7300,no
rKaHyPar,mono_500Hz.mtx.hgr,no,no,9,2,0.03,0.0243787,82.0313,cut,7300,7300,no
rKaHyPar,mono_500Hz.mtx.hgr,no,no,0,32,0.03,0.0298395,100.087,cut,110420,48824,no
rKaHyPar,mono_500Hz.mtx.hgr,no,no,1,32,0.03,0.0292729,105.394,cut,104228,48692,no
rKaHyPar,mono_500Hz.mtx.hgr,no,no,2,32,0.03,0.0273843,140.975,cut,118807,48402,no
rKaHyPar,mono_500Hz.mtx.hgr,no,no,3,32,0.03,0.029084,143.806,cut,107419,48592,no
rKaHyPar,mono_500Hz.mtx.hgr,no,no,4,32,0.03,0.0292729,101.565,cut,113551,48306,no
rKaHyPar,mono_500Hz.mtx.hgr,no,no,5,32,0.03,0.0294618,100.832,cut,118283,48635,no
rKaHyPar,mono_500Hz.mtx.hgr,no,no,6,32,0.03,0.0292729,101.156,cut,122233,48553,no
rKaHyPar,mono_500Hz.mtx.hgr,no,no,7,32,0.03,0.0298395,97.945,cut,113450,47978,no
rKaHyPar,mono_500Hz.mtx.hgr,no,no,8,32,0.03,0.0294618,103.433,cut,98898,47995,no
rKaHyPar,mono_500Hz.mtx.hgr,no,no,9,32,0.03,0.0273843,100.346,cut,120236,48316,no
rKaHyPar,mono_500Hz.mtx.hgr,no,no,0,4,0.03,0.0293722,193.432,cut,19734,15164,no
rKaHyPar,mono_500Hz.mtx.hgr,no,no,1,4,0.03,0.0255708,108.887,cut,21273,15230,no
rKaHyPar,mono_500Hz.mtx.hgr,no,no,2,4,0.03,0.0291833,235.561,cut,22671,15232,no
rKaHyPar,mono_500Hz.mtx.hgr,no,no,3,4,0.03,0.0283097,190.341,cut,22052,15253,no
rKaHyPar,mono_500Hz.mtx.hgr,no,no,4,4,0.03,0.027625,251.588,cut,20496,15400,no
rKaHyPar,mono_500Hz.mtx.hgr,no,no,5,4,0.03,0.0297972,131.289,cut,20286,15136,no
rKaHyPar,mono_500Hz.mtx.hgr,no,no,6,4,0.03,0.0240361,104.161,cut,21378,15256,no
rKaHyPar,mono_500Hz.mtx.hgr,no,no,7,4,0.03,0.0293722,209.906,cut,19792,15138,no
rKaHyPar,mono_500Hz.mtx.hgr,no,no,8,4,0.03,0.0299152,122.315,cut,20858,15198,no
rKaHyPar,mono_500Hz.mtx.hgr,no,no,9,4,0.03,0.0275541,138.74,cut,20514,15422,no
rKaHyPar,mono_500Hz.mtx.hgr,no,no,0,64,0.03,0.0298338,107.752,cut,174723,64643,no
rKaHyPar,mono_500Hz.mtx.hgr,no,no,1,64,0.03,0.0298338,151.319,cut,153254,64208,no
rKaHyPar,mono_500Hz.mtx.hgr,no,no,2,64,0.03,0.0298338,106.722,cut,190188,64817,no
rKaHyPar,mono_500Hz.mtx.hgr,no,no,3,64,0.03,0.0298338,108.567,cut,174878,64638,no
rKaHyPar,mono_500Hz.mtx.hgr,no,no,4,64,0.03,0.0298338,109.252,cut,178657,65199,no
rKaHyPar,mono_500Hz.mtx.hgr,no,no,5,64,0.03,0.0298338,106.785,cut,158986,64340,no
rKaHyPar,mono_500Hz.mtx.hgr,no,no,6,64,0.03,0.0298338,106.896,cut,169361,65395,no
rKaHyPar,mono_500Hz.mtx.hgr,no,no,7,64,0.03,0.0290785,151.287,cut,162768,64094,no
rKaHyPar,mono_500Hz.mtx.hgr,no,no,8,64,0.03,0.0290785,155.126,cut,176735,64897,no
rKaHyPar,mono_500Hz.mtx.hgr,no,no,9,64,0.03,0.0294562,107.745,cut,165004,64857,no
rKaHyPar,mono_500Hz.mtx.hgr,no,no,0,8,0.03,0.0248855,131.623,cut,36559,23794,no
rKaHyPar,mono_500Hz.mtx.hgr,no,no,1,8,0.03,0.0281437,143.886,cut,42734,24074,no
rKaHyPar,mono_500Hz.mtx.hgr,no,no,2,8,0.03,0.0293715,132.071,cut,37148,23792,no
rKaHyPar,mono_500Hz.mtx.hgr,no,no,3,8,0.03,0.0246966,184.3,cut,39214,23584,no
rKaHyPar,mono_500Hz.mtx.hgr,no,no,4,8,0.03,0.0299854,114.913,cut,53554,23746,no
rKaHyPar,mono_500Hz.mtx.hgr,no,no,5,8,0.03,0.0299854,113.236,cut,32781,23978,no
rKaHyPar,mono_500Hz.mtx.hgr,no,no,6,8,0.03,0.0284743,108.844,cut,39960,23754,no
rKaHyPar,mono_500Hz.mtx.hgr,no,no,7,8,0.03,0.0296076,104.746,cut,35031,24173,no
rKaHyPar,mono_500Hz.mtx.hgr,no,no,8,8,0.03,0.0298909,129.802,cut,37328,23590,no
rKaHyPar,mono_500Hz.mtx.hgr,no,no,9,8,0.03,0.0299854,88.2544,cut,36744,23818,no
rKaHyPar,mri1.mtx.hgr,no,no,0,128,0.03,0.0286458,21.523,cut,7499,6727,no
rKaHyPar,mri1.mtx.hgr,no,no,1,128,0.03,0.0286458,15.5175,cut,7523,6694,no
rKaHyPar,mri1.mtx.hgr,no,no,2,128,0.03,0.0295139,21.4007,cut,7540,6817,no
rKaHyPar,mri1.mtx.hgr,no,no,3,128,0.03,0.0295139,15.1026,cut,7454,6720,no
rKaHyPar,mri1.mtx.hgr,no,no,4,128,0.03,0.0295139,15.2846,cut,7513,6758,no
rKaHyPar,mri1.mtx.hgr,no,no,5,128,0.03,0.0286458,15.4072,cut,7642,6743,no
rKaHyPar,mri1.mtx.hgr,no,no,6,128,0.03,0.0286458,15.3593,cut,7561,6710,no
rKaHyPar,mri1.mtx.hgr,no,no,7,128,0.03,0.0269097,15.4944,cut,7489,6708,no
rKaHyPar,mri1.mtx.hgr,no,no,8,128,0.03,0.0295139,20.8925,cut,7443,6673,no
rKaHyPar,mri1.mtx.hgr,no,no,9,128,0.03,0.0295139,15.2598,cut,7601,6819,no
rKaHyPar,mri1.mtx.hgr,no,no,0,16,0.03,0.022678,11.326,cut,2139,2042,no
rKaHyPar,mri1.mtx.hgr,no,no,1,16,0.03,0.0287543,11.6841,cut,2166,2028,no
rKaHyPar,mri1.mtx.hgr,no,no,2,16,0.03,0.0283203,8.53316,cut,2192,2072,no
rKaHyPar,mri1.mtx.hgr,no,no,3,16,0.03,0.0209418,11.942,cut,2209,2083,no
rKaHyPar,mri1.mtx.hgr,no,no,4,16,0.03,0.0285373,8.39499,cut,2202,2033,no
rKaHyPar,mri1.mtx.hgr,no,no,5,16,0.03,0.0299479,8.69933,cut,2195,2077,no
rKaHyPar,mri1.mtx.hgr,no,no,6,16,0.03,0.0288628,8.80813,cut,2190,2016,no
rKaHyPar,mri1.mtx.hgr,no,no,7,16,0.03,0.0275608,8.26605,cut,2146,2041,no
rKaHyPar,mri1.mtx.hgr,no,no,8,16,0.03,0.0269097,9.41224,cut,2170,2036,no
rKaHyPar,mri1.mtx.hgr,no,no,9,16,0.03,0.0277778,11.3433,cut,2149,2022,no
rKaHyPar,mri1.mtx.hgr,no,no,0,2,0.03,0.0299886,18.7039,cut,438,438,no
rKaHyPar,mri1.mtx.hgr,no,no,1,2,0.03,0.028361,12.7889,cut,390,390,no
rKaHyPar,mri1.mtx.hgr,no,no,2,2,0.03,0.0225423,12.2479,cut,393,393,no
rKaHyPar,mri1.mtx.hgr,no,no,3,2,0.03,0.0289849,13.9115,cut,397,397,no
rKaHyPar,mri1.mtx.hgr,no,no,4,2,0.03,0.0265978,10.4641,cut,386,386,no
rKaHyPar,mri1.mtx.hgr,no,no,5,2,0.03,0.0280762,12.2046,cut,383,383,no
rKaHyPar,mri1.mtx.hgr,no,no,6,2,0.03,0.0296766,14.0971,cut,394,394,no
rKaHyPar,mri1.mtx.hgr,no,no,7,2,0.03,0.0253906,14.0494,cut,383,383,no
rKaHyPar,mri1.mtx.hgr,no,no,8,2,0.03,0.0297038,15.9128,cut,402,402,no
rKaHyPar,mri1.mtx.hgr,no,no,9,2,0.03,0.0250787,12.9736,cut,384,384,no
rKaHyPar,mri1.mtx.hgr,no,no,0,32,0.03,0.0290799,9.96526,cut,3417,3177,no
rKaHyPar,mri1.mtx.hgr,no,no,1,32,0.03,0.0299479,9.6058,cut,3316,3068,no
rKaHyPar,mri1.mtx.hgr,no,no,2,32,0.03,0.0297309,14.0546,cut,3402,3199,no
rKaHyPar,mri1.mtx.hgr,no,no,3,32,0.03,0.0288628,13.2813,cut,3416,3182,no
rKaHyPar,mri1.mtx.hgr,no,no,4,32,0.03,0.0299479,10.1215,cut,3310,3094,no
rKaHyPar,mri1.mtx.hgr,no,no,5,32,0.03,0.0271267,10.1794,cut,3395,3159,no
rKaHyPar,mri1.mtx.hgr,no,no,6,32,0.03,0.0290799,9.81513,cut,3329,3156,no
rKaHyPar,mri1.mtx.hgr,no,no,7,32,0.03,0.0288628,9.82439,cut,3252,3066,no
rKaHyPar,mri1.mtx.hgr,no,no,8,32,0.03,0.0282118,10.2314,cut,3316,3121,no
rKaHyPar,mri1.mtx.hgr,no,no,9,32,0.03,0.0266927,10.2962,cut,3371,3136,no
rKaHyPar,mri1.mtx.hgr,no,no,0,4,0.03,0.0280219,9.31831,cut,848,807,no
rKaHyPar,mri1.mtx.hgr,no,no,1,4,0.03,0.029324,9.98582,cut,813,800,no
rKaHyPar,mri1.mtx.hgr,no,no,2,4,0.03,0.0242513,10.7472,cut,839,822,no
rKaHyPar,mri1.mtx.hgr,no,no,3,4,0.03,0.0272352,10.2127,cut,838,812,no
rKaHyPar,mri1.mtx.hgr,no,no,4,4,0.03,0.029975,9.95359,cut,822,777,no
rKaHyPar,mri1.mtx.hgr,no,no,5,4,0.03,0.0283746,8.6076,cut,837,815,no
rKaHyPar,mri1.mtx.hgr,no,no,6,4,0.03,0.0278049,9.11548,cut,820,789,no
rKaHyPar,mri1.mtx.hgr,no,no,7,4,0.03,0.0273166,10.3708,cut,833,810,no
rKaHyPar,mri1.mtx.hgr,no,no,8,4,0.03,0.029975,7.2329,cut,827,782,no
rKaHyPar,mri1.mtx.hgr,no,no,9,4,0.03,0.029975,9.26646,cut,838,795,no
rKaHyPar,mri1.mtx.hgr,no,no,0,64,0.03,0.0299479,11.894,cut,5133,4715,no
rKaHyPar,mri1.mtx.hgr,no,no,1,64,0.03,0.0286458,16.7883,cut,5006,4614,no
rKaHyPar,mri1.mtx.hgr,no,no,2,64,0.03,0.0299479,11.8497,cut,5052,4658,no
rKaHyPar,mri1.mtx.hgr,no,no,3,64,0.03,0.0295139,11.7515,cut,5124,4712,no
rKaHyPar,mri1.mtx.hgr,no,no,4,64,0.03,0.0295139,11.9403,cut,5089,4661,no
rKaHyPar,mri1.mtx.hgr,no,no,5,64,0.03,0.0286458,12.1046,cut,5190,4703,no
rKaHyPar,mri1.mtx.hgr,no,no,6,64,0.03,0.0299479,12.2136,cut,5299,4766,no
rKaHyPar,mri1.mtx.hgr,no,no,7,64,0.03,0.0299479,16.5077,cut,5163,4694,no
rKaHyPar,mri1.mtx.hgr,no,no,8,64,0.03,0.0286458,17.0274,cut,5151,4676,no
rKaHyPar,mri1.mtx.hgr,no,no,9,64,0.03,0.0290799,11.9598,cut,5183,4745,no
rKaHyPar,mri1.mtx.hgr,no,no,0,8,0.03,0.0296766,10.2502,cut,1316,1229,no
rKaHyPar,mri1.mtx.hgr,no,no,1,8,0.03,0.0268555,11.0881,cut,1336,1302,no
rKaHyPar,mri1.mtx.hgr,no,no,2,8,0.03,0.0251736,10.3081,cut,1349,1276,no
rKaHyPar,mri1.mtx.hgr,no,no,3,8,0.03,0.0231662,10.361,cut,1297,1240,no
rKaHyPar,mri1.mtx.hgr,no,no,4,8,0.03,0.0148112,9.85605,cut,1294,1226,no
rKaHyPar,mri1.mtx.hgr,no,no,5,8,0.03,0.0272352,7.75239,cut,1315,1236,no
rKaHyPar,mri1.mtx.hgr,no,no,6,8,0.03,0.0268555,11.7951,cut,1336,1278,no
rKaHyPar,mri1.mtx.hgr,no,no,7,8,0.03,0.0297309,7.82166,cut,1356,1319,no
rKaHyPar,mri1.mtx.hgr,no,no,8,8,0.03,0.0165473,7.60255,cut,1332,1240,no
rKaHyPar,mri1.mtx.hgr,no,no,9,8,0.03,0.0290256,8.0327,cut,1320,1280,no
rKaHyPar,msc10848.mtx.hgr,no,no,0,128,0.03,0.0235294,2.10914,cut,61398,10284,no
rKaHyPar,msc10848.mtx.hgr,no,no,1,128,0.03,0.0235294,3.18488,cut,64863,10302,no
rKaHyPar,msc10848.mtx.hgr,no,no,2,128,0.03,0.0235294,3.03419,cut,62136,10341,no
rKaHyPar,msc10848.mtx.hgr,no,no,3,128,0.03,0.0235294,1.99546,cut,62502,10305,no
rKaHyPar,msc10848.mtx.hgr,no,no,4,128,0.03,0.0235294,3.17303,cut,63510,10308,no
rKaHyPar,msc10848.mtx.hgr,no,no,5,128,0.03,0.0235294,2.11123,cut,62910,10332,no
rKaHyPar,msc10848.mtx.hgr,no,no,6,128,0.03,0.0235294,2.11062,cut,64149,10323,no
rKaHyPar,msc10848.mtx.hgr,no,no,7,128,0.03,0.0235294,2.05959,cut,65223,10293,no
rKaHyPar,msc10848.mtx.hgr,no,no,8,128,0.03,0.0235294,3.13575,cut,62652,10320,no
rKaHyPar,msc10848.mtx.hgr,no,no,9,128,0.03,0.0235294,2.10954,cut,64131,10332,no
rKaHyPar,msc10848.mtx.hgr,no,no,0,16,0.03,0.0221239,2.23397,cut,11754,5100,no
rKaHyPar,msc10848.mtx.hgr,no,no,1,16,0.03,0.0176991,2.04831,cut,12132,5205,no
rKaHyPar,msc10848.mtx.hgr,no,no,2,16,0.03,0.00884956,1.53876,cut,10980,5148,no
rKaHyPar,msc10848.mtx.hgr,no,no,3,16,0.03,0.00442478,2.23617,cut,12525,5238,no
rKaHyPar,msc10848.mtx.hgr,no,no,4,16,0.03,0.00147493,1.45473,cut,12501,5187,no
rKaHyPar,msc10848.mtx.hgr,no,no,5,16,0.03,0.0221239,1.49298,cut,12249,5169,no
rKaHyPar,msc10848.mtx.hgr,no,no,6,16,0.03,0.0117994,1.50061,cut,11898,5223,no
rKaHyPar,msc10848.mtx.hgr,no,no,7,16,0.03,0.0176991,1.43443,cut,12162,5199,no
rKaHyPar,msc10848.mtx.hgr,no,no,8,16,0.03,0.0221239,1.4997,cut,12267,5229,no
rKaHyPar,msc10848.mtx.hgr,no,no,9,16,0.03,0,2.18401,cut,12630,5208,no
rKaHyPar,msc10848.mtx.hgr,no,no,0,2,0.03,0.00497788,0.549942,cut,903,903,no
rKaHyPar,msc10848.mtx.hgr,no,no,1,2,0.03,0.00497788,0.394333,cut,903,903,no
rKaHyPar,msc10848.mtx.hgr,no,no,2,2,0.03,0.00608407,0.357199,cut,903,903,no
rKaHyPar,msc10848.mtx.hgr,no,no,3,2,0.03,0.00497788,0.370486,cut,903,903,no
rKaHyPar,msc10848.mtx.hgr,no,no,4,2,0.03,0.00497788,0.535881,cut,903,903,no
rKaHyPar,msc10848.mtx.hgr,no,no,5,2,0.03,0.00497788,0.39567,cut,903,903,no
rKaHyPar,msc10848.mtx.hgr,no,no,6,2,0.03,0.00497788,0.375238,cut,903,903,no
rKaHyPar,msc10848.mtx.hgr,no,no,7,2,0.03,0.00497788,0.536598,cut,903,903,no
rKaHyPar,msc10848.mtx.hgr,no,no,8,2,0.03,0.00553097,0.544271,cut,903,903,no
rKaHyPar,msc10848.mtx.hgr,no,no,9,2,0.03,0.00497788,0.398094,cut,903,903,no
rKaHyPar,msc10848.mtx.hgr,no,no,0,32,0.03,0.0265487,1.73328,cut,21711,7434,no
rKaHyPar,msc10848.mtx.hgr,no,no,1,32,0.03,0.0265487,1.71182,cut,20049,7296,no
rKaHyPar,msc10848.mtx.hgr,no,no,2,32,0.03,0.0294985,2.71727,cut,19983,7224,no
rKaHyPar,msc10848.mtx.hgr,no,no,3,32,0.03,0.0176991,2.77206,cut,21753,7344,no
rKaHyPar,msc10848.mtx.hgr,no,no,4,32,0.03,0.0265487,1.76562,cut,20958,7359,no
rKaHyPar,msc10848.mtx.hgr,no,no,5,32,0.03,0.0176991,1.87265,cut,21525,7272,no
rKaHyPar,msc10848.mtx.hgr,no,no,6,32,0.03,0.0176991,1.82024,cut,21264,7329,no
rKaHyPar,msc10848.mtx.hgr,no,no,7,32,0.03,0.0265487,1.85211,cut,22116,7314,no
rKaHyPar,msc10848.mtx.hgr,no,no,8,32,0.03,0.0265487,1.80665,cut,20970,7224,no
rKaHyPar,msc10848.mtx.hgr,no,no,9,32,0.03,0.0176991,1.71951,cut,19680,7311,no
rKaHyPar,msc10848.mtx.hgr,no,no,0,4,0.03,0.00553097,1.07905,cut,2769,2136,no
rKaHyPar,msc10848.mtx.hgr,no,no,1,4,0.03,0.00553097,1.04594,cut,2712,2115,no
rKaHyPar,msc10848.mtx.hgr,no,no,2,4,0.03,0.00774336,1.01999,cut,2580,2115,no
rKaHyPar,msc10848.mtx.hgr,no,no,3,4,0.03,0.00553097,1.00987,cut,2802,2115,no
rKaHyPar,msc10848.mtx.hgr,no,no,4,4,0.03,0.0176991,0.962992,cut,2370,2109,no
rKaHyPar,msc10848.mtx.hgr,no,no,5,4,0.03,0.0298673,0.739233,cut,2676,2109,no
rKaHyPar,msc10848.mtx.hgr,no,no,6,4,0.03,0.0243363,0.724968,cut,2829,2136,no
rKaHyPar,msc10848.mtx.hgr,no,no,7,4,0.03,0.0254425,1.01261,cut,2670,2136,no
rKaHyPar,msc10848.mtx.hgr,no,no,8,4,0.03,0.0210177,0.718763,cut,2685,2151,no
rKaHyPar,msc10848.mtx.hgr,no,no,9,4,0.03,0.0210177,1.12951,cut,2685,2151,no
rKaHyPar,msc10848.mtx.hgr,no,no,0,64,0.03,0.0235294,1.92556,cut,37278,9030,no
rKaHyPar,msc10848.mtx.hgr,no,no,1,64,0.03,0.0235294,2.89053,cut,37902,9030,no
rKaHyPar,msc10848.mtx.hgr,no,no,2,64,0.03,0.0235294,2.92959,cut,35931,9060,no
rKaHyPar,msc10848.mtx.hgr,no,no,3,64,0.03,0.0235294,1.92542,cut,36750,9072,no
rKaHyPar,msc10848.mtx.hgr,no,no,4,64,0.03,0.0235294,1.98337,cut,35451,9000,no
rKaHyPar,msc10848.mtx.hgr,no,no,5,64,0.03,0.0235294,2.8658,cut,34905,9060,no
rKaHyPar,msc10848.mtx.hgr,no,no,6,64,0.03,0.0235294,1.96418,cut,36009,8955,no
rKaHyPar,msc10848.mtx.hgr,no,no,7,64,0.03,0.0235294,2.99168,cut,36279,9051,no
rKaHyPar,msc10848.mtx.hgr,no,no,8,64,0.03,0.0235294,1.95986,cut,36159,9000,no
rKaHyPar,msc10848.mtx.hgr,no,no,9,64,0.03,0.0235294,1.9888,cut,36714,9024,no
rKaHyPar,msc10848.mtx.hgr,no,no,0,8,0.03,0.0154867,1.62942,cut,6360,3330,no
rKaHyPar,msc10848.mtx.hgr,no,no,1,8,0.03,0.0110619,1.52248,cut,5682,3396,no
rKaHyPar,msc10848.mtx.hgr,no,no,2,8,0.03,0.0154867,1.09395,cut,5151,3375,no
rKaHyPar,msc10848.mtx.hgr,no,no,3,8,0.03,0.00884956,1.62139,cut,5751,3396,no
rKaHyPar,msc10848.mtx.hgr,no,no,4,8,0.03,0.0154867,1.58999,cut,6681,3330,no
rKaHyPar,msc10848.mtx.hgr,no,no,5,8,0.03,0.0265487,1.10605,cut,6759,3360,no
rKaHyPar,msc10848.mtx.hgr,no,no,6,8,0.03,0.00884956,1.60082,cut,5115,3375,no
rKaHyPar,msc10848.mtx.hgr,no,no,7,8,0.03,0.0199115,1.12363,cut,5508,3414,no
rKaHyPar,msc10848.mtx.hgr,no,no,8,8,0.03,0.00884956,1.05197,cut,5052,3381,no
rKaHyPar,msc10848.mtx.hgr,no,no,9,8,0.03,0.0176991,1.1552,cut,6489,3438,no
rKaHyPar,msdoor.mtx.hgr,no,no,0,128,0.03,0.0298553,19.9035,cut,59521,48118,no
rKaHyPar,msdoor.mtx.hgr,no,no,1,128,0.03,0.0298553,19.8608,cut,58303,48027,no
rKaHyPar,msdoor.mtx.hgr,no,no,2,128,0.03,0.0298553,19.9556,cut,57638,48027,no
rKaHyPar,msdoor.mtx.hgr,no,no,3,128,0.03,0.0298553,14.6328,cut,60466,48475,no
rKaHyPar,msdoor.mtx.hgr,no,no,4,128,0.03,0.0298553,19.8835,cut,58429,48881,no
rKaHyPar,msdoor.mtx.hgr,no,no,5,128,0.03,0.0298553,14.7874,cut,58884,48804,no
rKaHyPar,msdoor.mtx.hgr,no,no,6,128,0.03,0.0298553,14.7648,cut,58436,48076,no
rKaHyPar,msdoor.mtx.hgr,no,no,7,128,0.03,0.0298553,14.645,cut,59220,47593,no
rKaHyPar,msdoor.mtx.hgr,no,no,8,128,0.03,0.0298553,19.7948,cut,60305,49098,no
rKaHyPar,msdoor.mtx.hgr,no,no,9,128,0.03,0.0298553,14.6984,cut,59906,47859,no
rKaHyPar,msdoor.mtx.hgr,no,no,0,16,0.03,0.025277,8.38163,cut,14266,13013,no
rKaHyPar,msdoor.mtx.hgr,no,no,1,16,0.03,0.0298553,8.18073,cut,13881,12446,no
rKaHyPar,msdoor.mtx.hgr,no,no,2,16,0.03,0.0241998,6.22334,cut,13202,12348,no
rKaHyPar,msdoor.mtx.hgr,no,no,3,16,0.03,0.029586,8.32077,cut,15050,12992,no
rKaHyPar,msdoor.mtx.hgr,no,no,4,16,0.03,0.0298553,6.26948,cut,13216,12257,no
rKaHyPar,msdoor.mtx.hgr,no,no,5,16,0.03,0.0250077,6.28763,cut,14686,12740,no
rKaHyPar,msdoor.mtx.hgr,no,no,6,16,0.03,0.0293167,6.42468,cut,13440,12404,no
rKaHyPar,msdoor.mtx.hgr,no,no,7,16,0.03,0.0258156,6.26879,cut,14679,13027,no
rKaHyPar,msdoor.mtx.hgr,no,no,8,16,0.03,0.0244691,6.37825,cut,14007,12558,no
rKaHyPar,msdoor.mtx.hgr,no,no,9,16,0.03,0.029586,8.32447,cut,15414,12817,no
rKaHyPar,msdoor.mtx.hgr,no,no,0,2,0.03,0.0255324,5.05727,cut,1624,1624,no
rKaHyPar,msdoor.mtx.hgr,no,no,1,2,0.03,0.0255324,4.67008,cut,1645,1645,no
rKaHyPar,msdoor.mtx.hgr,no,no,2,2,0.03,0.00381856,4.99831,cut,1652,1652,no
rKaHyPar,msdoor.mtx.hgr,no,no,3,2,0.03,0.0255324,3.87936,cut,1624,1624,no
rKaHyPar,msdoor.mtx.hgr,no,no,4,2,0.03,0.0146923,4.8483,cut,1645,1645,no
rKaHyPar,msdoor.mtx.hgr,no,no,5,2,0.03,0.0255324,4.80567,cut,1624,1624,no
rKaHyPar,msdoor.mtx.hgr,no,no,6,2,0.03,0.00479484,3.98572,cut,1652,1652,no
rKaHyPar,msdoor.mtx.hgr,no,no,7,2,0.03,0.0255324,6.23503,cut,1624,1624,no
rKaHyPar,msdoor.mtx.hgr,no,no,8,2,0.03,0.0255324,6.27128,cut,1624,1624,no
rKaHyPar,msdoor.mtx.hgr,no,no,9,2,0.03,0.0285286,4.67034,cut,1652,1652,no
rKaHyPar,msdoor.mtx.hgr,no,no,0,32,0.03,0.0298553,7.62792,cut,24129,20293,no
rKaHyPar,msdoor.mtx.hgr,no,no,1,32,0.03,0.0287781,7.70153,cut,23023,20328,no
rKaHyPar,msdoor.mtx.hgr,no,no,2,32,0.03,0.0282395,10.47,cut,23359,20958,no
rKaHyPar,msdoor.mtx.hgr,no,no,3,32,0.03,0.0293167,10.2271,cut,24276,20615,no
rKaHyPar,msdoor.mtx.hgr,no,no,4,32,0.03,0.0250077,7.85208,cut,23065,20930,no
rKaHyPar,msdoor.mtx.hgr,no,no,5,32,0.03,0.0266236,7.75543,cut,24304,20293,no
rKaHyPar,msdoor.mtx.hgr,no,no,6,32,0.03,0.0298553,7.77034,cut,23765,21112,no
rKaHyPar,msdoor.mtx.hgr,no,no,7,32,0.03,0.0298553,7.58107,cut,25109,20790,no
rKaHyPar,msdoor.mtx.hgr,no,no,8,32,0.03,0.0298553,7.66587,cut,23212,20482,no
rKaHyPar,msdoor.mtx.hgr,no,no,9,32,0.03,0.0298553,7.73553,cut,23317,20153,no
rKaHyPar,msdoor.mtx.hgr,no,no,0,4,0.03,0.0266433,9.96892,cut,4403,3962,no
rKaHyPar,msdoor.mtx.hgr,no,no,1,4,0.03,0.0245561,7.65264,cut,4291,4060,no
rKaHyPar,msdoor.mtx.hgr,no,no,2,4,0.03,0.0245561,7.92185,cut,4172,4060,no
rKaHyPar,msdoor.mtx.hgr,no,no,3,4,0.03,0.0295385,9.91469,cut,4452,4053,no
rKaHyPar,msdoor.mtx.hgr,no,no,4,4,0.03,0.0245561,9.86179,cut,4179,4074,no
rKaHyPar,msdoor.mtx.hgr,no,no,5,4,0.03,0.0295385,5.3656,cut,4214,4067,no
rKaHyPar,msdoor.mtx.hgr,no,no,6,4,0.03,0.0245561,5.91681,cut,4291,4060,no
rKaHyPar,msdoor.mtx.hgr,no,no,7,4,0.03,0.0288652,10.0231,cut,4277,4039,no
rKaHyPar,msdoor.mtx.hgr,no,no,8,4,0.03,0.0242868,7.74434,cut,4410,4046,no
rKaHyPar,msdoor.mtx.hgr,no,no,9,4,0.03,0.0138507,10.4002,cut,4564,4032,no
rKaHyPar,msdoor.mtx.hgr,no,no,0,64,0.03,0.0298553,10.3966,cut,37170,31325,no
rKaHyPar,msdoor.mtx.hgr,no,no,1,64,0.03,0.0298553,13.8215,cut,36757,31857,no
rKaHyPar,msdoor.mtx.hgr,no,no,2,64,0.03,0.0287781,13.9216,cut,36939,31339,no
rKaHyPar,msdoor.mtx.hgr,no,no,3,64,0.03,0.0287781,10.4429,cut,38584,32172,no
rKaHyPar,msdoor.mtx.hgr,no,no,4,64,0.03,0.0298553,10.3807,cut,36547,31752,no
rKaHyPar,msdoor.mtx.hgr,no,no,5,64,0.03,0.0298553,13.9435,cut,38010,32214,no
rKaHyPar,msdoor.mtx.hgr,no,no,6,64,0.03,0.0298553,10.3727,cut,36736,31983,no
rKaHyPar,msdoor.mtx.hgr,no,no,7,64,0.03,0.0298553,14.0768,cut,37464,31787,no
rKaHyPar,msdoor.mtx.hgr,no,no,8,64,0.03,0.0298553,10.395,cut,37394,32172,no
rKaHyPar,msdoor.mtx.hgr,no,no,9,64,0.03,0.0298553,10.42,cut,37912,31829,no
rKaHyPar,msdoor.mtx.hgr,no,no,0,8,0.03,0.0281246,7.23323,cut,8799,7539,no
rKaHyPar,msdoor.mtx.hgr,no,no,1,8,0.03,0.0279899,7.10497,cut,8253,7287,no
rKaHyPar,msdoor.mtx.hgr,no,no,2,8,0.03,0.0281246,5.58527,cut,7924,7294,no
rKaHyPar,msdoor.mtx.hgr,no,no,3,8,0.03,0.0212569,7.4821,cut,8799,7525,no
rKaHyPar,msdoor.mtx.hgr,no,no,4,8,0.03,0.0297405,7.68181,cut,8134,7609,no
rKaHyPar,msdoor.mtx.hgr,no,no,5,8,0.03,0.0231422,6.29894,cut,8379,7567,no
rKaHyPar,msdoor.mtx.hgr,no,no,6,8,0.03,0.0278553,7.49955,cut,8029,7462,no
rKaHyPar,msdoor.mtx.hgr,no,no,7,8,0.03,0.0279899,5.94303,cut,9009,7560,no
rKaHyPar,msdoor.mtx.hgr,no,no,8,8,0.03,0.0230075,5.7262,cut,8267,7581,no
rKaHyPar,msdoor.mtx.hgr,no,no,9,8,0.03,0.0219302,6.18767,cut,8750,7623,no
rKaHyPar,mult_dcop_01.mtx.hgr,no,no,0,128,0.03,0.0253807,26.7073,cut,91092,22671,no
rKaHyPar,mult_dcop_01.mtx.hgr,no,no,1,128,0.03,0.0253807,43.3299,cut,91894,22623,no
rKaHyPar,mult_dcop_01.mtx.hgr,no,no,2,128,0.03,0.0203046,42.8528,cut,89821,22660,no
rKaHyPar,mult_dcop_01.mtx.hgr,no,no,3,128,0.03,0.0253807,26.3448,cut,91187,22657,no
rKaHyPar,mult_dcop_01.mtx.hgr,no,no,4,128,0.03,0.0253807,43.1115,cut,90134,22668,no
rKaHyPar,mult_dcop_01.mtx.hgr,no,no,5,128,0.03,0.0203046,27.044,cut,90096,22645,no
rKaHyPar,mult_dcop_01.mtx.hgr,no,no,6,128,0.03,0.0253807,25.9787,cut,89707,22652,no
rKaHyPar,mult_dcop_01.mtx.hgr,no,no,7,128,0.03,0.0203046,26.3308,cut,90162,22637,no
rKaHyPar,mult_dcop_01.mtx.hgr,no,no,8,128,0.03,0.0253807,43.0637,cut,90256,22674,no
rKaHyPar,mult_dcop_01.mtx.hgr,no,no,9,128,0.03,0.0253807,26.5726,cut,90519,22631,no
rKaHyPar,mult_dcop_01.mtx.hgr,no,no,0,16,0.03,0.0298413,26.8877,cut,60527,21467,no
rKaHyPar,mult_dcop_01.mtx.hgr,no,no,1,16,0.03,0.0298413,42.5958,cut,60979,21433,no
rKaHyPar,mult_dcop_01.mtx.hgr,no,no,2,16,0.03,0.0298413,26.625,cut,60235,21441,no
rKaHyPar,mult_dcop_01.mtx.hgr,no,no,3,16,0.03,0.0298413,42.5014,cut,59965,21444,no
rKaHyPar,mult_dcop_01.mtx.hgr,no,no,4,16,0.03,0.0298413,26.5708,cut,61080,21427,no
rKaHyPar,mult_dcop_01.mtx.hgr,no,no,5,16,0.03,0.0298413,26.4747,cut,60594,21453,no
rKaHyPar,mult_dcop_01.mtx.hgr,no,no,6,16,0.03,0.0298413,26.5365,cut,60911,21430,no
rKaHyPar,mult_dcop_01.mtx.hgr,no,no,7,16,0.03,0.0292063,26.4834,cut,61323,21403,no
rKaHyPar,mult_dcop_01.mtx.hgr,no,no,8,16,0.03,0.0298413,27.0691,cut,60291,21443,no
rKaHyPar,mult_dcop_01.mtx.hgr,no,no,9,16,0.03,0.0298413,26.5574,cut,61024,21435,no
rKaHyPar,mult_dcop_01.mtx.hgr,no,no,0,2,0.03,0.0299349,42.1449,cut,11008,11008,no
rKaHyPar,mult_dcop_01.mtx.hgr,no,no,1,2,0.03,0.0299349,24.3234,cut,11032,11032,no
rKaHyPar,mult_dcop_01.mtx.hgr,no,no,2,2,0.03,0.0299349,25.3997,cut,10983,10983,no
rKaHyPar,mult_dcop_01.mtx.hgr,no,no,3,2,0.03,0.0299349,24.9761,cut,10943,10943,no
rKaHyPar,mult_dcop_01.mtx.hgr,no,no,4,2,0.03,0.0299349,41.804,cut,11089,11089,no
rKaHyPar,mult_dcop_01.mtx.hgr,no,no,5,2,0.03,0.0299349,25.8042,cut,11048,11048,no
rKaHyPar,mult_dcop_01.mtx.hgr,no,no,6,2,0.03,0.0299349,26.5238,cut,10922,10922,no
rKaHyPar,mult_dcop_01.mtx.hgr,no,no,7,2,0.03,0.0299349,41.4876,cut,10987,10987,no
rKaHyPar,mult_dcop_01.mtx.hgr,no,no,8,2,0.03,0.0299349,41.2438,cut,11040,11040,no
rKaHyPar,mult_dcop_01.mtx.hgr,no,no,9,2,0.03,0.0299349,41.0846,cut,11011,11011,no
rKaHyPar,mult_dcop_01.mtx.hgr,no,no,0,32,0.03,0.0291878,26.7081,cut,73819,22192,no
rKaHyPar,mult_dcop_01.mtx.hgr,no,no,1,32,0.03,0.0291878,27.1978,cut,73177,22170,no
rKaHyPar,mult_dcop_01.mtx.hgr,no,no,2,32,0.03,0.0291878,41.2557,cut,72894,22178,no
rKaHyPar,mult_dcop_01.mtx.hgr,no,no,3,32,0.03,0.0279188,43.865,cut,73542,22181,no
rKaHyPar,mult_dcop_01.mtx.hgr,no,no,4,32,0.03,0.0291878,26.7964,cut,73060,22183,no
rKaHyPar,mult_dcop_01.mtx.hgr,no,no,5,32,0.03,0.0279188,26.8922,cut,73755,22176,no
rKaHyPar,mult_dcop_01.mtx.hgr,no,no,6,32,0.03,0.0291878,26.8224,cut,73978,22199,no
rKaHyPar,mult_dcop_01.mtx.hgr,no,no,7,32,0.03,0.0291878,26.707,cut,73396,22184,no
rKaHyPar,mult_dcop_01.mtx.hgr,no,no,8,32,0.03,0.0291878,43.6627,cut,72792,22187,no
rKaHyPar,mult_dcop_01.mtx.hgr,no,no,9,32,0.03,0.0291878,26.5847,cut,74603,22179,no
rKaHyPar,mult_dcop_01.mtx.hgr,no,no,0,4,0.03,0.0298555,43.944,cut,26064,16771,no
rKaHyPar,mult_dcop_01.mtx.hgr,no,no,1,4,0.03,0.0296967,42.7212,cut,26596,16847,no
rKaHyPar,mult_dcop_01.mtx.hgr,no,no,2,4,0.03,0.0298555,27.7018,cut,26167,16766,no
rKaHyPar,mult_dcop_01.mtx.hgr,no,no,3,4,0.03,0.0296967,43.1951,cut,26279,16765,no
rKaHyPar,mult_dcop_01.mtx.hgr,no,no,4,4,0.03,0.0298555,43.4692,cut,26255,16782,no
rKaHyPar,mult_dcop_01.mtx.hgr,no,no,5,4,0.03,0.0298555,42.7153,cut,26638,16772,no
rKaHyPar,mult_dcop_01.mtx.hgr,no,no,6,4,0.03,0.0298555,27.1514,cut,26072,16783,no
rKaHyPar,mult_dcop_01.mtx.hgr,no,no,7,4,0.03,0.0298555,42.8562,cut,26112,16768,no
rKaHyPar,mult_dcop_01.mtx.hgr,no,no,8,4,0.03,0.0298555,42.7627,cut,26450,16794,no
rKaHyPar,mult_dcop_01.mtx.hgr,no,no,9,4,0.03,0.0298555,43.1107,cut,26369,16791,no
rKaHyPar,mult_dcop_01.mtx.hgr,no,no,0,64,0.03,0.0253807,26.8676,cut,83334,22519,no
rKaHyPar,mult_dcop_01.mtx.hgr,no,no,1,64,0.03,0.0279188,26.581,cut,82852,22516,no
rKaHyPar,mult_dcop_01.mtx.hgr,no,no,2,64,0.03,0.0279188,42.4944,cut,83345,22480,no
rKaHyPar,mult_dcop_01.mtx.hgr,no,no,3,64,0.03,0.0253807,25.9745,cut,82561,22489,no
rKaHyPar,mult_dcop_01.mtx.hgr,no,no,4,64,0.03,0.0279188,26.0988,cut,82831,22505,no
rKaHyPar,mult_dcop_01.mtx.hgr,no,no,5,64,0.03,0.0279188,42.397,cut,83114,22478,no
rKaHyPar,mult_dcop_01.mtx.hgr,no,no,6,64,0.03,0.0279188,26.1959,cut,84024,22521,no
rKaHyPar,mult_dcop_01.mtx.hgr,no,no,7,64,0.03,0.0279188,42.6123,cut,83752,22519,no
rKaHyPar,mult_dcop_01.mtx.hgr,no,no,8,64,0.03,0.0279188,27.8419,cut,83352,22517,no
rKaHyPar,mult_dcop_01.mtx.hgr,no,no,9,64,0.03,0.0253807,26.8557,cut,83383,22501,no
rKaHyPar,mult_dcop_01.mtx.hgr,no,no,0,8,0.03,0.0298507,42.5878,cut,44574,19874,no
rKaHyPar,mult_dcop_01.mtx.hgr,no,no,1,8,0.03,0.0298507,27.088,cut,44832,19841,no
rKaHyPar,mult_dcop_01.mtx.hgr,no,no,2,8,0.03,0.0298507,26.478,cut,44153,19865,no
rKaHyPar,mult_dcop_01.mtx.hgr,no,no,3,8,0.03,0.0298507,42.6073,cut,44317,19915,no
rKaHyPar,mult_dcop_01.mtx.hgr,no,no,4,8,0.03,0.0298507,26.0515,cut,44429,19889,no
rKaHyPar,mult_dcop_01.mtx.hgr,no,no,5,8,0.03,0.0298507,26.1348,cut,44723,19942,no
rKaHyPar,mult_dcop_01.mtx.hgr,no,no,6,8,0.03,0.0298507,42.646,cut,44452,19860,no
rKaHyPar,mult_dcop_01.mtx.hgr,no,no,7,8,0.03,0.0298507,26.8136,cut,44514,19917,no
rKaHyPar,mult_dcop_01.mtx.hgr,no,no,8,8,0.03,0.0298507,27.1836,cut,44312,19844,no
rKaHyPar,mult_dcop_01.mtx.hgr,no,no,9,8,0.03,0.0298507,26.7304,cut,44889,19904,no
rKaHyPar,nasasrb.mtx.hgr,no,no,0,128,0.03,0.027972,14.9467,cut,31145,24183,no
rKaHyPar,nasasrb.mtx.hgr,no,no,1,128,0.03,0.027972,15.06,cut,31576,24273,no
rKaHyPar,nasasrb.mtx.hgr,no,no,2,128,0.03,0.027972,15.1573,cut,31880,24328,no
rKaHyPar,nasasrb.mtx.hgr,no,no,3,128,0.03,0.027972,10.2051,cut,31143,24023,no
rKaHyPar,nasasrb.mtx.hgr,no,no,4,128,0.03,0.027972,14.738,cut,31876,24335,no
rKaHyPar,nasasrb.mtx.hgr,no,no,5,128,0.03,0.027972,10.311,cut,31470,24141,no
rKaHyPar,nasasrb.mtx.hgr,no,no,6,128,0.03,0.027972,10.3353,cut,31460,24286,no
rKaHyPar,nasasrb.mtx.hgr,no,no,7,128,0.03,0.027972,10.2558,cut,31851,24221,no
rKaHyPar,nasasrb.mtx.hgr,no,no,8,128,0.03,0.027972,14.865,cut,32067,24344,no
rKaHyPar,nasasrb.mtx.hgr,no,no,9,128,0.03,0.027972,10.3724,cut,31429,24186,no
rKaHyPar,nasasrb.mtx.hgr,no,no,0,16,0.03,0.025656,4.19835,cut,9010,8307,no
rKaHyPar,nasasrb.mtx.hgr,no,no,1,16,0.03,0.0186589,5.93521,cut,8969,8291,no
rKaHyPar,nasasrb.mtx.hgr,no,no,2,16,0.03,0.016035,4.32792,cut,9046,8325,no
rKaHyPar,nasasrb.mtx.hgr,no,no,3,16,0.03,0.0285714,6.01289,cut,8978,8288,no
rKaHyPar,nasasrb.mtx.hgr,no,no,4,16,0.03,0.0285714,4.15856,cut,8928,8246,no
rKaHyPar,nasasrb.mtx.hgr,no,no,5,16,0.03,0.0285714,4.15724,cut,9035,8314,no
rKaHyPar,nasasrb.mtx.hgr,no,no,6,16,0.03,0.0285714,4.38551,cut,9008,8303,no
rKaHyPar,nasasrb.mtx.hgr,no,no,7,16,0.03,0.0285714,4.2839,cut,8951,8278,no
rKaHyPar,nasasrb.mtx.hgr,no,no,8,16,0.03,0.0198251,4.06911,cut,8996,8323,no
rKaHyPar,nasasrb.mtx.hgr,no,no,9,16,0.03,0.0285714,4.09413,cut,8954,8287,no
rKaHyPar,nasasrb.mtx.hgr,no,no,0,2,0.03,0.00426463,2.82033,cut,540,540,no
rKaHyPar,nasasrb.mtx.hgr,no,no,1,2,0.03,0.00426463,1.98886,cut,540,540,no
rKaHyPar,nasasrb.mtx.hgr,no,no,2,2,0.03,0.00426463,1.7477,cut,540,540,no
rKaHyPar,nasasrb.mtx.hgr,no,no,3,2,0.03,0.00426463,1.82448,cut,540,540,no
rKaHyPar,nasasrb.mtx.hgr,no,no,4,2,0.03,0.00426463,2.70615,cut,540,540,no
rKaHyPar,nasasrb.mtx.hgr,no,no,5,2,0.03,0.00426463,2.25902,cut,540,540,no
rKaHyPar,nasasrb.mtx.hgr,no,no,6,2,0.03,0.00426463,1.96051,cut,540,540,no
rKaHyPar,nasasrb.mtx.hgr,no,no,7,2,0.03,0.00426463,2.67247,cut,540,540,no
rKaHyPar,nasasrb.mtx.hgr,no,no,8,2,0.03,0.00426463,2.512,cut,540,540,no
rKaHyPar,nasasrb.mtx.hgr,no,no,9,2,0.03,0.00426463,2.64521,cut,540,540,no
rKaHyPar,nasasrb.mtx.hgr,no,no,0,32,0.03,0.0291545,5.78185,cut,14008,12370,no
rKaHyPar,nasasrb.mtx.hgr,no,no,1,32,0.03,0.0291545,5.78859,cut,14067,12377,no
rKaHyPar,nasasrb.mtx.hgr,no,no,2,32,0.03,0.0297376,8.16281,cut,13969,12365,no
rKaHyPar,nasasrb.mtx.hgr,no,no,3,32,0.03,0.0297376,8.22605,cut,14332,12456,no
rKaHyPar,nasasrb.mtx.hgr,no,no,4,32,0.03,0.0297376,5.69313,cut,14016,12406,no
rKaHyPar,nasasrb.mtx.hgr,no,no,5,32,0.03,0.0291545,5.63399,cut,14060,12366,no
rKaHyPar,nasasrb.mtx.hgr,no,no,6,32,0.03,0.0291545,5.68872,cut,14113,12398,no
rKaHyPar,nasasrb.mtx.hgr,no,no,7,32,0.03,0.0291545,5.66428,cut,14125,12406,no
rKaHyPar,nasasrb.mtx.hgr,no,no,8,32,0.03,0.0285714,8.37742,cut,14177,12669,no
rKaHyPar,nasasrb.mtx.hgr,no,no,9,32,0.03,0.0291545,5.65899,cut,14150,12545,no
rKaHyPar,nasasrb.mtx.hgr,no,no,0,4,0.03,0.0234728,3.99017,cut,1620,1620,no
rKaHyPar,nasasrb.mtx.hgr,no,no,1,4,0.03,0.0234728,3.67817,cut,1620,1620,no
rKaHyPar,nasasrb.mtx.hgr,no,no,2,4,0.03,0.00728969,2.582,cut,1620,1620,no
rKaHyPar,nasasrb.mtx.hgr,no,no,3,4,0.03,0.00728969,3.76529,cut,1620,1620,no
rKaHyPar,nasasrb.mtx.hgr,no,no,4,4,0.03,0.0046654,3.75409,cut,1620,1620,no
rKaHyPar,nasasrb.mtx.hgr,no,no,5,4,0.03,0.0046654,3.76385,cut,1620,1620,no
rKaHyPar,nasasrb.mtx.hgr,no,no,6,4,0.03,0.0046654,2.64509,cut,1620,1620,no
rKaHyPar,nasasrb.mtx.hgr,no,no,7,4,0.03,0.0046654,3.50459,cut,1620,1620,no
rKaHyPar,nasasrb.mtx.hgr,no,no,8,4,0.03,0.00728969,3.74822,cut,1620,1620,no
rKaHyPar,nasasrb.mtx.hgr,no,no,9,4,0.03,0.0046654,3.7023,cut,1620,1620,no
rKaHyPar,nasasrb.mtx.hgr,no,no,0,64,0.03,0.027972,7.53789,cut,20618,17043,no
rKaHyPar,nasasrb.mtx.hgr,no,no,1,64,0.03,0.0291375,7.50729,cut,20504,16994,no
rKaHyPar,nasasrb.mtx.hgr,no,no,2,64,0.03,0.027972,10.9377,cut,20241,16935,no
rKaHyPar,nasasrb.mtx.hgr,no,no,3,64,0.03,0.027972,7.50136,cut,20183,16849,no
rKaHyPar,nasasrb.mtx.hgr,no,no,4,64,0.03,0.027972,7.55438,cut,20331,16987,no
rKaHyPar,nasasrb.mtx.hgr,no,no,5,64,0.03,0.027972,10.6608,cut,20312,16979,no
rKaHyPar,nasasrb.mtx.hgr,no,no,6,64,0.03,0.027972,7.63788,cut,20564,16939,no
rKaHyPar,nasasrb.mtx.hgr,no,no,7,64,0.03,0.027972,10.9218,cut,20144,16888,no
rKaHyPar,nasasrb.mtx.hgr,no,no,8,64,0.03,0.027972,7.66767,cut,20226,16931,no
rKaHyPar,nasasrb.mtx.hgr,no,no,9,64,0.03,0.0291375,7.50745,cut,20288,16885,no
rKaHyPar,nasasrb.mtx.hgr,no,no,0,8,0.03,0.0297419,4.8258,cut,4236,4141,no
rKaHyPar,nasasrb.mtx.hgr,no,no,1,8,0.03,0.0234728,3.53856,cut,4179,4135,no
rKaHyPar,nasasrb.mtx.hgr,no,no,2,8,0.03,0.0234728,3.37931,cut,4155,4111,no
rKaHyPar,nasasrb.mtx.hgr,no,no,3,8,0.03,0.0234728,5.05807,cut,4170,4126,no
rKaHyPar,nasasrb.mtx.hgr,no,no,4,8,0.03,0.0234728,3.32339,cut,4155,4111,no
rKaHyPar,nasasrb.mtx.hgr,no,no,5,8,0.03,0.0234728,3.51734,cut,4164,4120,no
rKaHyPar,nasasrb.mtx.hgr,no,no,6,8,0.03,0.0234728,4.54066,cut,4155,4111,no
rKaHyPar,nasasrb.mtx.hgr,no,no,7,8,0.03,0.0234728,3.37319,cut,4155,4111,no
rKaHyPar,nasasrb.mtx.hgr,no,no,8,8,0.03,0.0234728,3.13322,cut,4167,4123,no
rKaHyPar,nasasrb.mtx.hgr,no,no,9,8,0.03,0.0234728,3.32901,cut,4155,4111,no
rKaHyPar,nd12k.mtx.hgr,no,no,0,128,0.03,0.0283688,136.413,cut,663763,35830,no
rKaHyPar,nd12k.mtx.hgr,no,no,1,128,0.03,0.0283688,249.531,cut,664790,35838,no
rKaHyPar,nd12k.mtx.hgr,no,no,2,128,0.03,0.0283688,235.085,cut,727087,35872,no
rKaHyPar,nd12k.mtx.hgr,no,no,3,128,0.03,0.0283688,131.107,cut,646810,35833,no
rKaHyPar,nd12k.mtx.hgr,no,no,4,128,0.03,0.0283688,231.105,cut,682971,35831,no
rKaHyPar,nd12k.mtx.hgr,no,no,5,128,0.03,0.0283688,136.03,cut,652898,35829,no
rKaHyPar,nd12k.mtx.hgr,no,no,6,128,0.03,0.0283688,140.198,cut,709184,35870,no
rKaHyPar,nd12k.mtx.hgr,no,no,7,128,0.03,0.0248227,144.72,cut,642349,35840,no
rKaHyPar,nd12k.mtx.hgr,no,no,8,128,0.03,0.0283688,134.077,cut,628832,35842,no
rKaHyPar,nd12k.mtx.hgr,no,no,9,128,0.03,0.0283688,138.18,cut,687797,35851,no
rKaHyPar,nd12k.mtx.hgr,no,no,0,16,0.03,0.0288889,128.342,cut,95248,30443,no
rKaHyPar,nd12k.mtx.hgr,no,no,1,16,0.03,0.0297778,235.592,cut,95337,30291,no
rKaHyPar,nd12k.mtx.hgr,no,no,2,16,0.03,0.0288889,221.593,cut,102237,30457,no
rKaHyPar,nd12k.mtx.hgr,no,no,3,16,0.03,0.0297778,218.193,cut,105736,30495,no
rKaHyPar,nd12k.mtx.hgr,no,no,4,16,0.03,0.0297778,128.398,cut,98387,30567,no
rKaHyPar,nd12k.mtx.hgr,no,no,5,16,0.03,0.0293333,221.785,cut,100300,30498,no
rKaHyPar,nd12k.mtx.hgr,no,no,6,16,0.03,0.0297778,136.341,cut,100791,30508,no
rKaHyPar,nd12k.mtx.hgr,no,no,7,16,0.03,0.0297778,128.818,cut,107887,31096,no
rKaHyPar,nd12k.mtx.hgr,no,no,8,16,0.03,0.0297778,125.688,cut,96004,30651,no
rKaHyPar,nd12k.mtx.hgr,no,no,9,16,0.03,0.0297778,130.62,cut,100254,30446,no
rKaHyPar,nd12k.mtx.hgr,no,no,0,2,0.03,0.0299444,153.566,cut,10398,10398,no
rKaHyPar,nd12k.mtx.hgr,no,no,1,2,0.03,0.0298889,95.1297,cut,10340,10340,no
rKaHyPar,nd12k.mtx.hgr,no,no,2,2,0.03,0.0293333,109.667,cut,10515,10515,no
rKaHyPar,nd12k.mtx.hgr,no,no,3,2,0.03,0.0294444,86.5156,cut,10398,10398,no
rKaHyPar,nd12k.mtx.hgr,no,no,4,2,0.03,0.0298333,156.94,cut,10836,10836,no
rKaHyPar,nd12k.mtx.hgr,no,no,5,2,0.03,0.0236111,89.7011,cut,10389,10389,no
rKaHyPar,nd12k.mtx.hgr,no,no,6,2,0.03,0.0252222,90.6219,cut,10300,10300,no
rKaHyPar,nd12k.mtx.hgr,no,no,7,2,0.03,0.0272778,160.219,cut,10422,10422,no
rKaHyPar,nd12k.mtx.hgr,no,no,8,2,0.03,0.0299444,169.473,cut,10808,10808,no
rKaHyPar,nd12k.mtx.hgr,no,no,9,2,0.03,0.0297778,154.191,cut,10421,10421,no
rKaHyPar,nd12k.mtx.hgr,no,no,0,32,0.03,0.0293333,136.051,cut,189637,33724,no
rKaHyPar,nd12k.mtx.hgr,no,no,1,32,0.03,0.0293333,247.979,cut,178618,33525,no
rKaHyPar,nd12k.mtx.hgr,no,no,2,32,0.03,0.0293333,231.403,cut,191431,33784,no
rKaHyPar,nd12k.mtx.hgr,no,no,3,32,0.03,0.0293333,229.14,cut,184156,33487,no
rKaHyPar,nd12k.mtx.hgr,no,no,4,32,0.03,0.0284444,226.826,cut,179357,33440,no
rKaHyPar,nd12k.mtx.hgr,no,no,5,32,0.03,0.0293333,135.317,cut,178954,33470,no
rKaHyPar,nd12k.mtx.hgr,no,no,6,32,0.03,0.0284444,138.9,cut,185510,33819,no
rKaHyPar,nd12k.mtx.hgr,no,no,7,32,0.03,0.0293333,230.199,cut,190241,33694,no
rKaHyPar,nd12k.mtx.hgr,no,no,8,32,0.03,0.0293333,227.195,cut,180224,33690,no
rKaHyPar,nd12k.mtx.hgr,no,no,9,32,0.03,0.0284444,134.977,cut,170806,33349,no
rKaHyPar,nd12k.mtx.hgr,no,no,0,4,0.03,0.03,190.156,cut,27046,18142,no
rKaHyPar,nd12k.mtx.hgr,no,no,1,4,0.03,0.0297778,121.143,cut,27183,18008,no
rKaHyPar,nd12k.mtx.hgr,no,no,2,4,0.03,0.03,135.099,cut,27542,18545,no
rKaHyPar,nd12k.mtx.hgr,no,no,3,4,0.03,0.0298889,208.681,cut,28923,18732,no
rKaHyPar,nd12k.mtx.hgr,no,no,4,4,0.03,0.028,218.257,cut,28773,18903,no
rKaHyPar,nd12k.mtx.hgr,no,no,5,4,0.03,0.0294444,193.833,cut,26882,18131,no
rKaHyPar,nd12k.mtx.hgr,no,no,6,4,0.03,0.03,126.771,cut,26268,18163,no
rKaHyPar,nd12k.mtx.hgr,no,no,7,4,0.03,0.0284444,133.752,cut,27885,18072,no
rKaHyPar,nd12k.mtx.hgr,no,no,8,4,0.03,0.0294444,174.322,cut,27866,18456,no
rKaHyPar,nd12k.mtx.hgr,no,no,9,4,0.03,0.0284444,183.069,cut,26517,17907,no
rKaHyPar,nd12k.mtx.hgr,no,no,0,64,0.03,0.026643,236.29,cut,363272,35284,no
rKaHyPar,nd12k.mtx.hgr,no,no,1,64,0.03,0.0284192,141.945,cut,343499,35176,no
rKaHyPar,nd12k.mtx.hgr,no,no,2,64,0.03,0.0284192,232.701,cut,382076,35241,no
rKaHyPar,nd12k.mtx.hgr,no,no,3,64,0.03,0.0284192,228.339,cut,348198,35269,no
rKaHyPar,nd12k.mtx.hgr,no,no,4,64,0.03,0.0230906,138.012,cut,341625,35202,no
rKaHyPar,nd12k.mtx.hgr,no,no,5,64,0.03,0.026643,234.016,cut,331405,35177,no
rKaHyPar,nd12k.mtx.hgr,no,no,6,64,0.03,0.026643,240.619,cut,351552,35227,no
rKaHyPar,nd12k.mtx.hgr,no,no,7,64,0.03,0.026643,236.057,cut,360510,35263,no
rKaHyPar,nd12k.mtx.hgr,no,no,8,64,0.03,0.026643,131.526,cut,343068,35155,no
rKaHyPar,nd12k.mtx.hgr,no,no,9,64,0.03,0.0284192,135.348,cut,360967,35260,no
rKaHyPar,nd12k.mtx.hgr,no,no,0,8,0.03,0.0297778,123.453,cut,52755,24729,no
rKaHyPar,nd12k.mtx.hgr,no,no,1,8,0.03,0.022,129.774,cut,52894,25068,no
rKaHyPar,nd12k.mtx.hgr,no,no,2,8,0.03,0.0291111,121.816,cut,58029,24559,no
rKaHyPar,nd12k.mtx.hgr,no,no,3,8,0.03,0.03,117.462,cut,58504,25147,no
rKaHyPar,nd12k.mtx.hgr,no,no,4,8,0.03,0.03,122.751,cut,59413,25506,no
rKaHyPar,nd12k.mtx.hgr,no,no,5,8,0.03,0.0291111,121.305,cut,56855,24922,no
rKaHyPar,nd12k.mtx.hgr,no,no,6,8,0.03,0.0262222,132.704,cut,55984,24822,no
rKaHyPar,nd12k.mtx.hgr,no,no,7,8,0.03,0.0257778,122.431,cut,58628,25019,no
rKaHyPar,nd12k.mtx.hgr,no,no,8,8,0.03,0.0275556,118.16,cut,53020,25004,no
rKaHyPar,nd12k.mtx.hgr,no,no,9,8,0.03,0.03,121.512,cut,55201,24705,no
rKaHyPar,net100.mtx.hgr,no,no,0,128,0.03,0.00854701,77.9098,cut,500158,26445,no
rKaHyPar,net100.mtx.hgr,no,no,1,128,0.03,0.0299145,74.9819,cut,501157,26418,no
rKaHyPar,net100.mtx.hgr,no,no,2,128,0.03,0.025641,77.445,cut,516457,26675,no
rKaHyPar,net100.mtx.hgr,no,no,3,128,0.03,0.0299145,49.2912,cut,513707,26592,no
rKaHyPar,net100.mtx.hgr,no,no,4,128,0.03,0.0299145,82.6332,cut,472400,26564,no
rKaHyPar,net100.mtx.hgr,no,no,5,128,0.03,0.0299145,48.7443,cut,491869,26769,no
rKaHyPar,net100.mtx.hgr,no,no,6,128,0.03,0.025641,51.6603,cut,474055,26636,no
rKaHyPar,net100.mtx.hgr,no,no,7,128,0.03,0.025641,48.8653,cut,492136,26330,no
rKaHyPar,net100.mtx.hgr,no,no,8,128,0.03,0.0299145,53.316,cut,540760,26589,no
rKaHyPar,net100.mtx.hgr,no,no,9,128,0.03,0.025641,48.8717,cut,470363,26437,no
rKaHyPar,net100.mtx.hgr,no,no,0,16,0.03,0.0176471,46.1327,cut,92134,23963,no
rKaHyPar,net100.mtx.hgr,no,no,1,16,0.03,0.0251337,77.8642,cut,88900,23878,no
rKaHyPar,net100.mtx.hgr,no,no,2,16,0.03,0.00909091,79.4531,cut,90258,23664,no
rKaHyPar,net100.mtx.hgr,no,no,3,16,0.03,0.0245989,78.0041,cut,87186,23867,no
rKaHyPar,net100.mtx.hgr,no,no,4,16,0.03,0.026738,48.4554,cut,89148,23700,no
rKaHyPar,net100.mtx.hgr,no,no,5,16,0.03,0.0176471,76.5526,cut,85333,23964,no
rKaHyPar,net100.mtx.hgr,no,no,6,16,0.03,0.0262032,47.4704,cut,86305,23970,no
rKaHyPar,net100.mtx.hgr,no,no,7,16,0.03,0.0262032,44.5148,cut,86570,23626,no
rKaHyPar,net100.mtx.hgr,no,no,8,16,0.03,0.0213904,50.5648,cut,90072,24156,no
rKaHyPar,net100.mtx.hgr,no,no,9,16,0.03,0.0112299,46.6813,cut,90859,23887,no
rKaHyPar,net100.mtx.hgr,no,no,0,2,0.03,0.00835561,31.2031,cut,9214,9214,no
rKaHyPar,net100.mtx.hgr,no,no,1,2,0.03,0.0204545,18.1084,cut,9214,9214,no
rKaHyPar,net100.mtx.hgr,no,no,2,2,0.03,0.0204545,17.9441,cut,9214,9214,no
rKaHyPar,net100.mtx.hgr,no,no,3,2,0.03,0.0204545,18.1408,cut,9214,9214,no
rKaHyPar,net100.mtx.hgr,no,no,4,2,0.03,0.00835561,29.9926,cut,9214,9214,no
rKaHyPar,net100.mtx.hgr,no,no,5,2,0.03,0.0204545,17.9239,cut,9214,9214,no
rKaHyPar,net100.mtx.hgr,no,no,6,2,0.03,0.0135695,18.3715,cut,9214,9214,no
rKaHyPar,net100.mtx.hgr,no,no,7,2,0.03,0.0204545,30.5148,cut,9214,9214,no
rKaHyPar,net100.mtx.hgr,no,no,8,2,0.03,0.0256684,31.5397,cut,9214,9214,no
rKaHyPar,net100.mtx.hgr,no,no,9,2,0.03,0.0204545,31.4155,cut,9214,9214,no
rKaHyPar,net100.mtx.hgr,no,no,0,32,0.03,0.0299465,49.8348,cut,158751,25348,no
rKaHyPar,net100.mtx.hgr,no,no,1,32,0.03,0.0299465,80.1707,cut,174823,25505,no
rKaHyPar,net100.mtx.hgr,no,no,2,32,0.03,0.0192513,82.102,cut,165437,25489,no
rKaHyPar,net100.mtx.hgr,no,no,3,32,0.03,0.0299465,71.6636,cut,161529,25381,no
rKaHyPar,net100.mtx.hgr,no,no,4,32,0.03,0.0192513,75.2857,cut,157258,25394,no
rKaHyPar,net100.mtx.hgr,no,no,5,32,0.03,0.0245989,46.7456,cut,158283,25426,no
rKaHyPar,net100.mtx.hgr,no,no,6,32,0.03,0.0192513,43.673,cut,163130,25412,no
rKaHyPar,net100.mtx.hgr,no,no,7,32,0.03,0.026738,83.1653,cut,160266,25414,no
rKaHyPar,net100.mtx.hgr,no,no,8,32,0.03,0.0245989,77.2496,cut,155703,25396,no
rKaHyPar,net100.mtx.hgr,no,no,9,32,0.03,0.0299465,46.8627,cut,163988,25496,no
rKaHyPar,net100.mtx.hgr,no,no,0,4,0.03,0.0279412,70.2104,cut,27667,19367,no
rKaHyPar,net100.mtx.hgr,no,no,1,4,0.03,0.0296791,54.0131,cut,25789,19994,no
rKaHyPar,net100.mtx.hgr,no,no,2,4,0.03,0.0291444,54.3189,cut,27410,20251,no
rKaHyPar,net100.mtx.hgr,no,no,3,4,0.03,0.0295455,80.7794,cut,27421,20191,no
rKaHyPar,net100.mtx.hgr,no,no,4,4,0.03,0.0270053,72.3567,cut,26774,19288,no
rKaHyPar,net100.mtx.hgr,no,no,5,4,0.03,0.0299465,69.1589,cut,24081,19568,no
rKaHyPar,net100.mtx.hgr,no,no,6,4,0.03,0.0207219,46.7654,cut,26987,20146,no
rKaHyPar,net100.mtx.hgr,no,no,7,4,0.03,0.0298128,49.1316,cut,26972,20153,no
rKaHyPar,net100.mtx.hgr,no,no,8,4,0.03,0.0299465,86.9551,cut,26658,18170,no
rKaHyPar,net100.mtx.hgr,no,no,9,4,0.03,0.0291444,73.8635,cut,26049,19352,no
rKaHyPar,net100.mtx.hgr,no,no,0,64,0.03,0.0277778,77.9801,cut,291231,26201,no
rKaHyPar,net100.mtx.hgr,no,no,1,64,0.03,0.0299145,47.6594,cut,289199,26326,no
rKaHyPar,net100.mtx.hgr,no,no,2,64,0.03,0.0213675,72.0423,cut,286081,26084,no
rKaHyPar,net100.mtx.hgr,no,no,3,64,0.03,0.0299145,48.9345,cut,298242,26362,no
rKaHyPar,net100.mtx.hgr,no,no,4,64,0.03,0.0277778,47.5738,cut,327263,23626,no
rKaHyPar,net100.mtx.hgr,no,no,5,64,0.03,0.0299145,76.9412,cut,273065,26204,no
rKaHyPar,net100.mtx.hgr,no,no,6,64,0.03,0.0299145,79.9475,cut,285313,26090,no
rKaHyPar,net100.mtx.hgr,no,no,7,64,0.03,0.0213675,79.8646,cut,306863,25950,no
rKaHyPar,net100.mtx.hgr,no,no,8,64,0.03,0.0277778,54.6358,cut,290064,26304,no
rKaHyPar,net100.mtx.hgr,no,no,9,64,0.03,0.0277778,48.3473,cut,264434,26326,no
rKaHyPar,net100.mtx.hgr,no,no,0,8,0.03,0.023262,45.1461,cut,54619,22579,no
rKaHyPar,net100.mtx.hgr,no,no,1,8,0.03,0.0278075,45.1013,cut,53302,22533,no
rKaHyPar,net100.mtx.hgr,no,no,2,8,0.03,0.0291444,43.5818,cut,52791,23143,no
rKaHyPar,net100.mtx.hgr,no,no,3,8,0.03,0.0294118,44.6928,cut,50384,23064,no
rKaHyPar,net100.mtx.hgr,no,no,4,8,0.03,0.0221925,49.177,cut,51908,22589,no
rKaHyPar,net100.mtx.hgr,no,no,5,8,0.03,0.0139037,45.2715,cut,53254,23064,no
rKaHyPar,net100.mtx.hgr,no,no,6,8,0.03,0.0299465,47.8707,cut,51534,22595,no
rKaHyPar,net100.mtx.hgr,no,no,7,8,0.03,0.0299465,45.3578,cut,49381,22586,no
rKaHyPar,net100.mtx.hgr,no,no,8,8,0.03,0.0294118,55.0815,cut,52657,23205,no
rKaHyPar,net100.mtx.hgr,no,no,9,8,0.03,0.0243316,47.7181,cut,54000,22642,no
rKaHyPar,nlpkkt120.mtx.hgr,no,no,0,128,0.03,0.0299187,4299.24,cut,826864,717636,no
rKaHyPar,nlpkkt120.mtx.hgr,no,no,1,128,0.03,0.0288347,5684.99,cut,826216,718498,no
rKaHyPar,nlpkkt120.mtx.hgr,no,no,2,128,0.03,0.0299548,5822.9,cut,825908,719336,no
rKaHyPar,nlpkkt120.mtx.hgr,no,no,3,128,0.03,0.0299187,4715.54,cut,828077,718399,no
rKaHyPar,nlpkkt120.mtx.hgr,no,no,4,128,0.03,0.0299187,4309.1,cut,825764,717998,no
rKaHyPar,nlpkkt120.mtx.hgr,no,no,5,128,0.03,0.029991,4390.38,cut,825715,717937,no
rKaHyPar,nlpkkt120.mtx.hgr,no,no,6,128,0.03,0.029991,4303.72,cut,825124,717751,no
rKaHyPar,nlpkkt120.mtx.hgr,no,no,7,128,0.03,0.0280036,4267.35,cut,827145,717870,no
rKaHyPar,nlpkkt120.mtx.hgr,no,no,8,128,0.03,0.0299187,4193.97,cut,824301,717313,no
rKaHyPar,nlpkkt120.mtx.hgr,no,no,9,128,0.03,0.029991,4404.12,cut,826121,718429,no
rKaHyPar,nlpkkt120.mtx.hgr,no,no,0,16,0.03,0.0244173,4919.5,cut,302754,288685,no
rKaHyPar,nlpkkt120.mtx.hgr,no,no,1,16,0.03,0.0242728,6534.27,cut,303314,288923,no
rKaHyPar,nlpkkt120.mtx.hgr,no,no,2,16,0.03,0.0249639,7735.99,cut,303458,288841,no
rKaHyPar,nlpkkt120.mtx.hgr,no,no,3,16,0.03,0.0174119,6849.22,cut,302488,288446,no
rKaHyPar,nlpkkt120.mtx.hgr,no,no,4,16,0.03,0.0247967,6849.94,cut,302540,288188,no
rKaHyPar,nlpkkt120.mtx.hgr,no,no,5,16,0.03,0.0168383,7101.6,cut,302888,288677,no
rKaHyPar,nlpkkt120.mtx.hgr,no,no,6,16,0.03,0.0243857,5758.13,cut,303141,288944,no
rKaHyPar,nlpkkt120.mtx.hgr,no,no,7,16,0.03,0.0247832,7113.29,cut,303147,288934,no
rKaHyPar,nlpkkt120.mtx.hgr,no,no,8,16,0.03,0.0248013,5421.57,cut,303079,288856,no
rKaHyPar,nlpkkt120.mtx.hgr,no,no,9,16,0.03,0.0248509,5047.49,cut,303028,288852,no
rKaHyPar,nlpkkt120.mtx.hgr,no,no,0,2,0.03,0.00812444,6462.63,cut,59099,59099,no
rKaHyPar,nlpkkt120.mtx.hgr,no,no,1,2,0.03,0.0246635,6392.13,cut,59038,59038,no
rKaHyPar,nlpkkt120.mtx.hgr,no,no,2,2,0.03,0.0164883,3915.15,cut,59181,59181,no
rKaHyPar,nlpkkt120.mtx.hgr,no,no,3,2,0.03,0.0164916,3768.94,cut,59104,59104,no
rKaHyPar,nlpkkt120.mtx.hgr,no,no,4,2,0.03,0.0246562,4900.81,cut,59105,59105,no
rKaHyPar,nlpkkt120.mtx.hgr,no,no,5,2,0.03,0.0249322,5699.31,cut,59166,59166,no
rKaHyPar,nlpkkt120.mtx.hgr,no,no,6,2,0.03,0.024668,5039.85,cut,59117,59117,no
rKaHyPar,nlpkkt120.mtx.hgr,no,no,7,2,0.03,0.0246652,7471.27,cut,59085,59085,no
rKaHyPar,nlpkkt120.mtx.hgr,no,no,8,2,0.03,0.00812387,6824.77,cut,59062,59062,no
rKaHyPar,nlpkkt120.mtx.hgr,no,no,9,2,0.03,0.0164984,6580.48,cut,59022,59022,no
rKaHyPar,nlpkkt120.mtx.hgr,no,no,0,32,0.03,0.0246161,5916.88,cut,429737,399155,no
rKaHyPar,nlpkkt120.mtx.hgr,no,no,1,32,0.03,0.0256369,6260.91,cut,430075,399187,no
rKaHyPar,nlpkkt120.mtx.hgr,no,no,2,32,0.03,0.0246612,9724.65,cut,430473,399428,no
rKaHyPar,nlpkkt120.mtx.hgr,no,no,3,32,0.03,0.0250587,4628.38,cut,429897,399533,no
rKaHyPar,nlpkkt120.mtx.hgr,no,no,4,32,0.03,0.0253388,6144.14,cut,429751,399003,no
rKaHyPar,nlpkkt120.mtx.hgr,no,no,5,32,0.03,0.0255014,4652.14,cut,429772,399499,no
rKaHyPar,nlpkkt120.mtx.hgr,no,no,6,32,0.03,0.0245438,6406,cut,429885,399495,no
rKaHyPar,nlpkkt120.mtx.hgr,no,no,7,32,0.03,0.0254201,6376.61,cut,429546,399212,no
rKaHyPar,nlpkkt120.mtx.hgr,no,no,8,32,0.03,0.0245528,6297.75,cut,429333,399115,no
rKaHyPar,nlpkkt120.mtx.hgr,no,no,9,32,0.03,0.0169196,6371.78,cut,429808,399351,no
rKaHyPar,nlpkkt120.mtx.hgr,no,no,0,4,0.03,0.0163911,6018.56,cut,119167,117207,no
rKaHyPar,nlpkkt120.mtx.hgr,no,no,1,4,0.03,0.0164036,5844.97,cut,119241,117284,no
rKaHyPar,nlpkkt120.mtx.hgr,no,no,2,4,0.03,0.024755,5543.25,cut,119344,117290,no
rKaHyPar,nlpkkt120.mtx.hgr,no,no,3,4,0.03,0.0246285,5560.78,cut,119197,117200,no
rKaHyPar,nlpkkt120.mtx.hgr,no,no,4,4,0.03,0.0250136,8230.88,cut,119294,117273,no
rKaHyPar,nlpkkt120.mtx.hgr,no,no,5,4,0.03,0.0247414,8293.98,cut,119286,117289,no
rKaHyPar,nlpkkt120.mtx.hgr,no,no,6,4,0.03,0.0250136,8075.57,cut,119546,117419,no
rKaHyPar,nlpkkt120.mtx.hgr,no,no,7,4,0.03,0.0163844,6341.35,cut,119210,117206,no
rKaHyPar,nlpkkt120.mtx.hgr,no,no,8,4,0.03,0.00815154,7983.33,cut,119175,117172,no
rKaHyPar,nlpkkt120.mtx.hgr,no,no,9,4,0.03,0.0169591,7220.24,cut,119225,117259,no
rKaHyPar,nlpkkt120.mtx.hgr,no,no,0,64,0.03,0.025402,5503.67,cut,561090,505902,no
rKaHyPar,nlpkkt120.mtx.hgr,no,no,1,64,0.03,0.0263234,4164.82,cut,561599,505929,no
rKaHyPar,nlpkkt120.mtx.hgr,no,no,3,64,0.03,0.0261608,5576.38,cut,561078,506116,no
rKaHyPar,nlpkkt120.mtx.hgr,no,no,4,64,0.03,0.0263776,4160.68,cut,560346,505447,no
rKaHyPar,nlpkkt120.mtx.hgr,no,no,5,64,0.03,0.0261247,4271.8,cut,560775,505818,no
rKaHyPar,nlpkkt120.mtx.hgr,no,no,6,64,0.03,0.0259982,5601.16,cut,560764,505957,no
rKaHyPar,nlpkkt120.mtx.hgr,no,no,7,64,0.03,0.0263053,5502.58,cut,560574,505523,no
rKaHyPar,nlpkkt120.mtx.hgr,no,no,8,64,0.03,0.0266486,4110.97,cut,560098,505615,no
rKaHyPar,nlpkkt120.mtx.hgr,no,no,9,64,0.03,0.0258537,4310.89,cut,560617,505670,no
rKaHyPar,nlpkkt120.mtx.hgr,no,no,0,8,0.03,0.024799,5291.98,cut,180342,174382,no
rKaHyPar,nlpkkt120.mtx.hgr,no,no,1,8,0.03,0.0247967,5152.15,cut,180284,174390,no
rKaHyPar,nlpkkt120.mtx.hgr,no,no,2,8,0.03,0.0248035,7075.82,cut,180447,174366,no
rKaHyPar,nlpkkt120.mtx.hgr,no,no,3,8,0.03,0.0247629,5118.8,cut,180394,174419,no
rKaHyPar,nlpkkt120.mtx.hgr,no,no,4,8,0.03,0.0250768,5613.61,cut,180511,174404,no
rKaHyPar,nlpkkt120.mtx.hgr,no,no,5,8,0.03,0.0247877,5628.44,cut,180593,174552,no
rKaHyPar,nlpkkt120.mtx.hgr,no,no,6,8,0.03,0.0250858,5419.02,cut,180860,174570,no
rKaHyPar,nlpkkt120.mtx.hgr,no,no,7,8,0.03,0.024799,5954.31,cut,180337,174389,no
rKaHyPar,nlpkkt120.mtx.hgr,no,no,8,8,0.03,0.0247064,6757.37,cut,180236,174259,no
rKaHyPar,nlpkkt120.mtx.hgr,no,no,9,8,0.03,0.0250903,5563.13,cut,180392,174356,no
rKaHyPar,nopoly.mtx.hgr,no,no,0,128,0.03,0.0235294,6.70974,cut,3218,2735,no
rKaHyPar,nopoly.mtx.hgr,no,no,1,128,0.03,0.0235294,6.73649,cut,3213,2746,no
rKaHyPar,nopoly.mtx.hgr,no,no,2,128,0.03,0.0235294,6.69647,cut,3150,2730,no
rKaHyPar,nopoly.mtx.hgr,no,no,3,128,0.03,0.0235294,4.83947,cut,3182,2747,no
rKaHyPar,nopoly.mtx.hgr,no,no,4,128,0.03,0.0235294,4.90484,cut,3205,2739,no
rKaHyPar,nopoly.mtx.hgr,no,no,5,128,0.03,0.0235294,4.79148,cut,3181,2739,no
rKaHyPar,nopoly.mtx.hgr,no,no,6,128,0.03,0.0235294,4.8928,cut,3192,2732,no
rKaHyPar,nopoly.mtx.hgr,no,no,7,128,0.03,0.0235294,4.89613,cut,3182,2716,no
rKaHyPar,nopoly.mtx.hgr,no,no,8,128,0.03,0.0235294,4.96602,cut,3145,2738,no
rKaHyPar,nopoly.mtx.hgr,no,no,9,128,0.03,0.0235294,4.84176,cut,3184,2727,no
rKaHyPar,nopoly.mtx.hgr,no,no,0,16,0.03,0.0252226,1.47582,cut,543,525,no
rKaHyPar,nopoly.mtx.hgr,no,no,1,16,0.03,0.0207715,1.94051,cut,565,544,no
rKaHyPar,nopoly.mtx.hgr,no,no,2,16,0.03,0.0148368,1.81692,cut,554,539,no
rKaHyPar,nopoly.mtx.hgr,no,no,3,16,0.03,0.0267062,1.86162,cut,531,510,no
rKaHyPar,nopoly.mtx.hgr,no,no,4,16,0.03,0.0296736,1.87828,cut,566,524,no
rKaHyPar,nopoly.mtx.hgr,no,no,5,16,0.03,0.0252226,1.94992,cut,544,528,no
rKaHyPar,nopoly.mtx.hgr,no,no,6,16,0.03,0.0252226,1.37845,cut,540,525,no
rKaHyPar,nopoly.mtx.hgr,no,no,7,16,0.03,0.0237389,1.90547,cut,531,512,no
rKaHyPar,nopoly.mtx.hgr,no,no,8,16,0.03,0.0267062,1.41868,cut,551,529,no
rKaHyPar,nopoly.mtx.hgr,no,no,9,16,0.03,0.0133531,1.36683,cut,566,538,no
rKaHyPar,nopoly.mtx.hgr,no,no,0,2,0.03,0.0271023,0.329849,cut,56,56,no
rKaHyPar,nopoly.mtx.hgr,no,no,1,2,0.03,0.0289586,0.373106,cut,56,56,no
rKaHyPar,nopoly.mtx.hgr,no,no,2,2,0.03,0.0261741,0.264601,cut,56,56,no
rKaHyPar,nopoly.mtx.hgr,no,no,3,2,0.03,0.0289586,0.288968,cut,56,56,no
rKaHyPar,nopoly.mtx.hgr,no,no,4,2,0.03,0.0289586,0.28179,cut,56,56,no
rKaHyPar,nopoly.mtx.hgr,no,no,5,2,0.03,0.00649712,0.214091,cut,60,60,no
rKaHyPar,nopoly.mtx.hgr,no,no,6,2,0.03,0.0261741,0.259774,cut,56,56,no
rKaHyPar,nopoly.mtx.hgr,no,no,7,2,0.03,0.0271023,0.230582,cut,56,56,no
rKaHyPar,nopoly.mtx.hgr,no,no,8,2,0.03,0.0261741,0.368679,cut,56,56,no
rKaHyPar,nopoly.mtx.hgr,no,no,9,2,0.03,0.0261741,0.382406,cut,56,56,no
rKaHyPar,nopoly.mtx.hgr,no,no,0,32,0.03,0.0237389,3.15567,cut,1018,967,no
rKaHyPar,nopoly.mtx.hgr,no,no,1,32,0.03,0.0296736,3.12141,cut,1021,967,no
rKaHyPar,nopoly.mtx.hgr,no,no,2,32,0.03,0.0296736,3.25936,cut,1024,968,no
rKaHyPar,nopoly.mtx.hgr,no,no,3,32,0.03,0.0296736,2.37293,cut,1046,983,no
rKaHyPar,nopoly.mtx.hgr,no,no,4,32,0.03,0.0296736,3.00381,cut,995,946,no
rKaHyPar,nopoly.mtx.hgr,no,no,5,32,0.03,0.0296736,2.23477,cut,1010,957,no
rKaHyPar,nopoly.mtx.hgr,no,no,6,32,0.03,0.0296736,3.20705,cut,1022,963,no
rKaHyPar,nopoly.mtx.hgr,no,no,7,32,0.03,0.0296736,3.06833,cut,1004,946,no
rKaHyPar,nopoly.mtx.hgr,no,no,8,32,0.03,0.0267062,3.21771,cut,1019,966,no
rKaHyPar,nopoly.mtx.hgr,no,no,9,32,0.03,0.0296736,3.09101,cut,995,942,no
rKaHyPar,nopoly.mtx.hgr,no,no,0,4,0.03,0.028582,0.508501,cut,139,139,no
rKaHyPar,nopoly.mtx.hgr,no,no,1,4,0.03,0.0274684,0.545661,cut,138,138,no
rKaHyPar,nopoly.mtx.hgr,no,no,2,4,0.03,0.0293244,0.480477,cut,142,142,no
rKaHyPar,nopoly.mtx.hgr,no,no,3,4,0.03,0.0296956,0.459792,cut,141,141,no
rKaHyPar,nopoly.mtx.hgr,no,no,4,4,0.03,0.0274684,0.703178,cut,138,138,no
rKaHyPar,nopoly.mtx.hgr,no,no,5,4,0.03,0.028582,0.669354,cut,138,138,no
rKaHyPar,nopoly.mtx.hgr,no,no,6,4,0.03,0.028582,0.698514,cut,148,148,no
rKaHyPar,nopoly.mtx.hgr,no,no,7,4,0.03,0.0296956,0.523369,cut,134,134,no
rKaHyPar,nopoly.mtx.hgr,no,no,8,4,0.03,0.0293244,0.636258,cut,136,136,no
rKaHyPar,nopoly.mtx.hgr,no,no,9,4,0.03,0.0296956,0.759922,cut,134,134,no
rKaHyPar,nopoly.mtx.hgr,no,no,0,64,0.03,0.0295858,4.72222,cut,1917,1751,no
rKaHyPar,nopoly.mtx.hgr,no,no,1,64,0.03,0.0295858,3.51681,cut,1909,1760,no
rKaHyPar,nopoly.mtx.hgr,no,no,3,64,0.03,0.0295858,3.49722,cut,1935,1755,no
rKaHyPar,nopoly.mtx.hgr,no,no,4,64,0.03,0.0295858,3.41506,cut,1914,1756,no
rKaHyPar,nopoly.mtx.hgr,no,no,5,64,0.03,0.0295858,3.39541,cut,1850,1726,no
rKaHyPar,nopoly.mtx.hgr,no,no,6,64,0.03,0.0236686,4.70203,cut,1867,1728,no
rKaHyPar,nopoly.mtx.hgr,no,no,7,64,0.03,0.0295858,4.67939,cut,1869,1716,no
rKaHyPar,nopoly.mtx.hgr,no,no,8,64,0.03,0.0236686,3.45931,cut,1881,1730,no
rKaHyPar,nopoly.mtx.hgr,no,no,9,64,0.03,0.0295858,3.68392,cut,1891,1745,no
rKaHyPar,nopoly.mtx.hgr,no,no,0,8,0.03,0.0267261,0.837382,cut,302,299,no
rKaHyPar,nopoly.mtx.hgr,no,no,1,8,0.03,0.0178174,0.866104,cut,284,281,no
rKaHyPar,nopoly.mtx.hgr,no,no,2,8,0.03,0.0237565,1.17335,cut,312,312,no
rKaHyPar,nopoly.mtx.hgr,no,no,3,8,0.03,0.0282108,0.861391,cut,287,281,no
rKaHyPar,nopoly.mtx.hgr,no,no,4,8,0.03,0.0274684,0.80743,cut,285,276,no
rKaHyPar,nopoly.mtx.hgr,no,no,5,8,0.03,0.0207869,0.851773,cut,303,300,no
rKaHyPar,nopoly.mtx.hgr,no,no,6,8,0.03,0.0267261,0.849107,cut,304,301,no
rKaHyPar,nopoly.mtx.hgr,no,no,7,8,0.03,0.0289532,0.834582,cut,286,283,no
rKaHyPar,nopoly.mtx.hgr,no,no,8,8,0.03,0.0207869,1.14532,cut,304,301,no
rKaHyPar,nopoly.mtx.hgr,no,no,9,8,0.03,0.0296956,0.821902,cut,311,311,no
rKaHyPar,NotreDame_actors.mtx.hgr,no,no,0,128,0.03,0.029029,112.904,cut,328506,73543,no
rKaHyPar,NotreDame_actors.mtx.hgr,no,no,1,128,0.03,0.029029,159.412,cut,327860,73005,no
rKaHyPar,NotreDame_actors.mtx.hgr,no,no,2,128,0.03,0.029029,157.112,cut,323816,73289,no
rKaHyPar,NotreDame_actors.mtx.hgr,no,no,3,128,0.03,0.029029,101.368,cut,327253,72657,no
rKaHyPar,NotreDame_actors.mtx.hgr,no,no,4,128,0.03,0.029029,110.491,cut,323642,72853,no
rKaHyPar,NotreDame_actors.mtx.hgr,no,no,5,128,0.03,0.029029,112.047,cut,324596,73048,no
rKaHyPar,NotreDame_actors.mtx.hgr,no,no,6,128,0.03,0.029029,108.416,cut,324913,73469,no
rKaHyPar,NotreDame_actors.mtx.hgr,no,no,7,128,0.03,0.029029,114.944,cut,322791,73011,no
rKaHyPar,NotreDame_actors.mtx.hgr,no,no,8,128,0.03,0.029029,114.005,cut,328314,72914,no
rKaHyPar,NotreDame_actors.mtx.hgr,no,no,9,128,0.03,0.029029,105.99,cut,328388,73213,no
rKaHyPar,NotreDame_actors.mtx.hgr,no,no,0,16,0.03,0.0299161,121.744,cut,92706,46488,no
rKaHyPar,NotreDame_actors.mtx.hgr,no,no,1,16,0.03,0.0299161,125.875,cut,90133,46398,no
rKaHyPar,NotreDame_actors.mtx.hgr,no,no,2,16,0.03,0.0299161,123.843,cut,89349,46264,no
rKaHyPar,NotreDame_actors.mtx.hgr,no,no,3,16,0.03,0.0299161,121.329,cut,90274,46264,no
rKaHyPar,NotreDame_actors.mtx.hgr,no,no,4,16,0.03,0.0299161,125.787,cut,89240,45758,no
rKaHyPar,NotreDame_actors.mtx.hgr,no,no,5,16,0.03,0.0299161,128.681,cut,91991,46330,no
rKaHyPar,NotreDame_actors.mtx.hgr,no,no,6,16,0.03,0.0299161,88.5153,cut,90494,46242,no
rKaHyPar,NotreDame_actors.mtx.hgr,no,no,7,16,0.03,0.0299161,117.893,cut,89166,45978,no
rKaHyPar,NotreDame_actors.mtx.hgr,no,no,8,16,0.03,0.0299161,95.72,cut,89590,46051,no
rKaHyPar,NotreDame_actors.mtx.hgr,no,no,9,16,0.03,0.0299161,87.8718,cut,90894,46289,no
rKaHyPar,NotreDame_actors.mtx.hgr,no,no,0,2,0.03,0.0299944,60.113,cut,11353,11353,no
rKaHyPar,NotreDame_actors.mtx.hgr,no,no,1,2,0.03,0.0299944,47.7598,cut,11244,11244,no
rKaHyPar,NotreDame_actors.mtx.hgr,no,no,2,2,0.03,0.0299944,38.8877,cut,11217,11217,no
rKaHyPar,NotreDame_actors.mtx.hgr,no,no,3,2,0.03,0.0299787,50.4558,cut,11143,11143,no
rKaHyPar,NotreDame_actors.mtx.hgr,no,no,4,2,0.03,0.0299944,38.7589,cut,11238,11238,no
rKaHyPar,NotreDame_actors.mtx.hgr,no,no,5,2,0.03,0.0299944,38.4879,cut,11201,11201,no
rKaHyPar,NotreDame_actors.mtx.hgr,no,no,6,2,0.03,0.0299787,37.007,cut,11206,11206,no
rKaHyPar,NotreDame_actors.mtx.hgr,no,no,7,2,0.03,0.0299787,36.6752,cut,11283,11283,no
rKaHyPar,NotreDame_actors.mtx.hgr,no,no,8,2,0.03,0.0299944,51.239,cut,11182,11182,no
rKaHyPar,NotreDame_actors.mtx.hgr,no,no,9,2,0.03,0.0299787,40.0374,cut,11346,11346,no
rKaHyPar,NotreDame_actors.mtx.hgr,no,no,0,32,0.03,0.0297872,132.696,cut,146614,55687,no
rKaHyPar,NotreDame_actors.mtx.hgr,no,no,1,32,0.03,0.0297872,139.933,cut,146306,55431,no
rKaHyPar,NotreDame_actors.mtx.hgr,no,no,2,32,0.03,0.0297872,103.493,cut,145341,55530,no
rKaHyPar,NotreDame_actors.mtx.hgr,no,no,3,32,0.03,0.0297872,102.132,cut,146872,55470,no
rKaHyPar,NotreDame_actors.mtx.hgr,no,no,4,32,0.03,0.0297872,134.768,cut,146007,55430,no
rKaHyPar,NotreDame_actors.mtx.hgr,no,no,5,32,0.03,0.0297872,100.774,cut,146485,55391,no
rKaHyPar,NotreDame_actors.mtx.hgr,no,no,6,32,0.03,0.0297872,129.066,cut,146709,56159,no
rKaHyPar,NotreDame_actors.mtx.hgr,no,no,7,32,0.03,0.0297872,130.656,cut,146703,55652,no
rKaHyPar,NotreDame_actors.mtx.hgr,no,no,8,32,0.03,0.0297872,133.557,cut,144135,55879,no
rKaHyPar,NotreDame_actors.mtx.hgr,no,no,9,32,0.03,0.0297872,130.366,cut,144847,56256,no
rKaHyPar,NotreDame_actors.mtx.hgr,no,no,0,4,0.03,0.0299161,68.5623,cut,24113,18907,no
rKaHyPar,NotreDame_actors.mtx.hgr,no,no,1,4,0.03,0.0298848,93.9354,cut,25380,19533,no
rKaHyPar,NotreDame_actors.mtx.hgr,no,no,2,4,0.03,0.0298848,95.907,cut,24109,18757,no
rKaHyPar,NotreDame_actors.mtx.hgr,no,no,3,4,0.03,0.0299474,67.2709,cut,24644,19218,no
rKaHyPar,NotreDame_actors.mtx.hgr,no,no,4,4,0.03,0.0299474,90.5628,cut,23932,18684,no
rKaHyPar,NotreDame_actors.mtx.hgr,no,no,5,4,0.03,0.0299474,67.4287,cut,24088,18725,no
rKaHyPar,NotreDame_actors.mtx.hgr,no,no,6,4,0.03,0.0299787,93.9518,cut,24110,18885,no
rKaHyPar,NotreDame_actors.mtx.hgr,no,no,7,4,0.03,0.0298535,69.5503,cut,24088,18707,no
rKaHyPar,NotreDame_actors.mtx.hgr,no,no,8,4,0.03,0.0285392,70.3434,cut,24069,18729,no
rKaHyPar,NotreDame_actors.mtx.hgr,no,no,9,4,0.03,0.0299474,90.8774,cut,24123,18877,no
rKaHyPar,NotreDame_actors.mtx.hgr,no,no,0,64,0.03,0.0295295,148.089,cut,225250,65648,no
rKaHyPar,NotreDame_actors.mtx.hgr,no,no,1,64,0.03,0.0295295,105.266,cut,222790,65338,no
rKaHyPar,NotreDame_actors.mtx.hgr,no,no,3,64,0.03,0.0295295,129.227,cut,229001,65296,no
rKaHyPar,NotreDame_actors.mtx.hgr,no,no,4,64,0.03,0.0295295,105.224,cut,225846,65690,no
rKaHyPar,NotreDame_actors.mtx.hgr,no,no,5,64,0.03,0.0295295,103.621,cut,224613,65132,no
rKaHyPar,NotreDame_actors.mtx.hgr,no,no,6,64,0.03,0.0295295,138.755,cut,227784,65601,no
rKaHyPar,NotreDame_actors.mtx.hgr,no,no,7,64,0.03,0.0295295,139.005,cut,224365,65524,no
rKaHyPar,NotreDame_actors.mtx.hgr,no,no,8,64,0.03,0.0295295,107.454,cut,226128,65507,no
rKaHyPar,NotreDame_actors.mtx.hgr,no,no,9,64,0.03,0.0295295,99.4081,cut,228127,65832,no
rKaHyPar,NotreDame_actors.mtx.hgr,no,no,0,8,0.03,0.0299787,84.7718,cut,52241,33840,no
rKaHyPar,NotreDame_actors.mtx.hgr,no,no,1,8,0.03,0.0299161,78.4229,cut,52274,33783,no
rKaHyPar,NotreDame_actors.mtx.hgr,no,no,2,8,0.03,0.0299787,108.462,cut,51687,33829,no
rKaHyPar,NotreDame_actors.mtx.hgr,no,no,3,8,0.03,0.0299787,78.1981,cut,55345,33573,no
rKaHyPar,NotreDame_actors.mtx.hgr,no,no,4,8,0.03,0.0299787,103.429,cut,51291,33201,no
rKaHyPar,NotreDame_actors.mtx.hgr,no,no,5,8,0.03,0.0299787,81.0175,cut,52489,33935,no
rKaHyPar,NotreDame_actors.mtx.hgr,no,no,6,8,0.03,0.0299161,78.9802,cut,52909,33875,no
rKaHyPar,NotreDame_actors.mtx.hgr,no,no,7,8,0.03,0.0299787,80.2268,cut,51972,33834,no
rKaHyPar,NotreDame_actors.mtx.hgr,no,no,8,8,0.03,0.0299787,109.739,cut,52250,34229,no
rKaHyPar,NotreDame_actors.mtx.hgr,no,no,9,8,0.03,0.0298535,76.4763,cut,51569,33647,no
rKaHyPar,NotreDame_www.mtx.hgr,no,no,0,128,0.03,0.0298625,43.5328,cut,38844,18575,no
rKaHyPar,NotreDame_www.mtx.hgr,no,no,1,128,0.03,0.0298625,43.5067,cut,40278,18632,no
rKaHyPar,NotreDame_www.mtx.hgr,no,no,2,128,0.03,0.0298625,44.0448,cut,39817,18473,no
rKaHyPar,NotreDame_www.mtx.hgr,no,no,3,128,0.03,0.0298625,31.9144,cut,40131,18691,no
rKaHyPar,NotreDame_www.mtx.hgr,no,no,4,128,0.03,0.0298625,30.0296,cut,39215,18641,no
rKaHyPar,NotreDame_www.mtx.hgr,no,no,5,128,0.03,0.0298625,30.9412,cut,39932,18637,no
rKaHyPar,NotreDame_www.mtx.hgr,no,no,6,128,0.03,0.0298625,29.9418,cut,42926,18584,no
rKaHyPar,NotreDame_www.mtx.hgr,no,no,7,128,0.03,0.0298625,30.8423,cut,38044,18568,no
rKaHyPar,NotreDame_www.mtx.hgr,no,no,8,128,0.03,0.0298625,30.1501,cut,38926,18698,no
rKaHyPar,NotreDame_www.mtx.hgr,no,no,9,128,0.03,0.0298625,29.9305,cut,41693,18465,no
rKaHyPar,NotreDame_www.mtx.hgr,no,no,0,16,0.03,0.0296675,25.69,cut,9104,4428,no
rKaHyPar,NotreDame_www.mtx.hgr,no,no,1,16,0.03,0.0299622,25.7905,cut,9039,4372,no
rKaHyPar,NotreDame_www.mtx.hgr,no,no,2,16,0.03,0.0299622,25.8316,cut,8538,4350,no
rKaHyPar,NotreDame_www.mtx.hgr,no,no,3,16,0.03,0.0298148,25.0591,cut,8528,4356,no
rKaHyPar,NotreDame_www.mtx.hgr,no,no,4,16,0.03,0.0299622,26.1458,cut,8717,4489,no
rKaHyPar,NotreDame_www.mtx.hgr,no,no,5,16,0.03,0.0297657,26.2402,cut,8860,4381,no
rKaHyPar,NotreDame_www.mtx.hgr,no,no,6,16,0.03,0.0294219,18.5875,cut,8689,4354,no
rKaHyPar,NotreDame_www.mtx.hgr,no,no,7,16,0.03,0.0294219,26.0306,cut,8641,4372,no
rKaHyPar,NotreDame_www.mtx.hgr,no,no,8,16,0.03,0.0299131,18.1528,cut,8988,4334,no
rKaHyPar,NotreDame_www.mtx.hgr,no,no,9,16,0.03,0.0298148,19.5384,cut,9064,4719,no
rKaHyPar,NotreDame_www.mtx.hgr,no,no,0,2,0.03,0.0181807,6.88408,cut,3,3,no
rKaHyPar,NotreDame_www.mtx.hgr,no,no,1,2,0.03,0.0181807,6.95504,cut,3,3,no
rKaHyPar,NotreDame_www.mtx.hgr,no,no,2,2,0.03,0.0181868,5.00976,cut,3,3,no
rKaHyPar,NotreDame_www.mtx.hgr,no,no,3,2,0.03,0.0263101,7.04322,cut,16,16,no
rKaHyPar,NotreDame_www.mtx.hgr,no,no,4,2,0.03,0.0128082,5.17909,cut,5,5,no
rKaHyPar,NotreDame_www.mtx.hgr,no,no,5,2,0.03,0.0181746,5.18641,cut,3,3,no
rKaHyPar,NotreDame_www.mtx.hgr,no,no,6,2,0.03,0.0181991,5.01374,cut,3,3,no
rKaHyPar,NotreDame_www.mtx.hgr,no,no,7,2,0.03,0.017315,5.19775,cut,4,4,no
rKaHyPar,NotreDame_www.mtx.hgr,no,no,8,2,0.03,0.0182237,6.80534,cut,3,3,no
rKaHyPar,NotreDame_www.mtx.hgr,no,no,9,2,0.03,0.0181807,4.91516,cut,3,3,no
rKaHyPar,NotreDame_www.mtx.hgr,no,no,0,32,0.03,0.0299607,30.4048,cut,13914,5739,no
rKaHyPar,NotreDame_www.mtx.hgr,no,no,1,32,0.03,0.0298625,30.9434,cut,14316,5752,no
rKaHyPar,NotreDame_www.mtx.hgr,no,no,2,32,0.03,0.0291749,21.7082,cut,14084,5938,no
rKaHyPar,NotreDame_www.mtx.hgr,no,no,3,32,0.03,0.0298625,22.2264,cut,15490,5999,no
rKaHyPar,NotreDame_www.mtx.hgr,no,no,4,32,0.03,0.0299607,31.5659,cut,13990,6181,no
rKaHyPar,NotreDame_www.mtx.hgr,no,no,5,32,0.03,0.0299607,22.2316,cut,13835,6137,no
rKaHyPar,NotreDame_www.mtx.hgr,no,no,6,32,0.03,0.0295678,30.7392,cut,15834,5813,no
rKaHyPar,NotreDame_www.mtx.hgr,no,no,7,32,0.03,0.0292731,31.001,cut,14475,5733,no
rKaHyPar,NotreDame_www.mtx.hgr,no,no,8,32,0.03,0.029666,31.4909,cut,14948,5651,no
rKaHyPar,NotreDame_www.mtx.hgr,no,no,9,32,0.03,0.0298625,30.844,cut,13808,5918,no
rKaHyPar,NotreDame_www.mtx.hgr,no,no,0,4,0.03,0.0298036,10.6646,cut,939,937,no
rKaHyPar,NotreDame_www.mtx.hgr,no,no,1,4,0.03,0.0299756,11.0841,cut,1015,1013,no
rKaHyPar,NotreDame_www.mtx.hgr,no,no,2,4,0.03,0.029951,17.7703,cut,1031,1016,no
rKaHyPar,NotreDame_www.mtx.hgr,no,no,3,4,0.03,0.0297914,11.5837,cut,1035,1033,no
rKaHyPar,NotreDame_www.mtx.hgr,no,no,4,4,0.03,0.0299756,14.5375,cut,967,956,no
rKaHyPar,NotreDame_www.mtx.hgr,no,no,5,4,0.03,0.0298896,11.8458,cut,941,925,no
rKaHyPar,NotreDame_www.mtx.hgr,no,no,6,4,0.03,0.0298896,15.0189,cut,973,970,no
rKaHyPar,NotreDame_www.mtx.hgr,no,no,7,4,0.03,0.029951,12.6757,cut,1042,1026,no
rKaHyPar,NotreDame_www.mtx.hgr,no,no,8,4,0.03,0.0297914,12.6242,cut,1101,1048,no
rKaHyPar,NotreDame_www.mtx.hgr,no,no,9,4,0.03,0.0297791,14.9605,cut,947,945,no
rKaHyPar,NotreDame_www.mtx.hgr,no,no,0,64,0.03,0.0298625,37.992,cut,26634,11764,no
rKaHyPar,NotreDame_www.mtx.hgr,no,no,1,64,0.03,0.0298625,26.273,cut,24812,11691,no
rKaHyPar,NotreDame_www.mtx.hgr,no,no,3,64,0.03,0.0298625,26.2329,cut,24591,11746,no
rKaHyPar,NotreDame_www.mtx.hgr,no,no,4,64,0.03,0.0298625,26.8044,cut,25520,11678,no
rKaHyPar,NotreDame_www.mtx.hgr,no,no,5,64,0.03,0.0298625,26.964,cut,24756,11776,no
rKaHyPar,NotreDame_www.mtx.hgr,no,no,6,64,0.03,0.0298625,39.2077,cut,25599,11773,no
rKaHyPar,NotreDame_www.mtx.hgr,no,no,7,64,0.03,0.0298625,38.6489,cut,25559,11749,no
rKaHyPar,NotreDame_www.mtx.hgr,no,no,8,64,0.03,0.0298625,26.4522,cut,25020,11770,no
rKaHyPar,NotreDame_www.mtx.hgr,no,no,9,64,0.03,0.0298625,26.9301,cut,25237,11724,no
rKaHyPar,NotreDame_www.mtx.hgr,no,no,0,8,0.03,0.0297664,14.6193,cut,3774,3089,no
rKaHyPar,NotreDame_www.mtx.hgr,no,no,1,8,0.03,0.0299875,14.8093,cut,4198,3210,no
rKaHyPar,NotreDame_www.mtx.hgr,no,no,2,8,0.03,0.0299384,21.2435,cut,4123,3211,no
rKaHyPar,NotreDame_www.mtx.hgr,no,no,3,8,0.03,0.0297664,15.0598,cut,3933,3171,no
rKaHyPar,NotreDame_www.mtx.hgr,no,no,4,8,0.03,0.0299384,20.3355,cut,4080,3198,no
rKaHyPar,NotreDame_www.mtx.hgr,no,no,5,8,0.03,0.0296682,14.8214,cut,4093,3202,no
rKaHyPar,NotreDame_www.mtx.hgr,no,no,6,8,0.03,0.0286121,14.9362,cut,4016,3138,no
rKaHyPar,NotreDame_www.mtx.hgr,no,no,7,8,0.03,0.0299875,15.0986,cut,4058,3103,no
rKaHyPar,NotreDame_www.mtx.hgr,no,no,8,8,0.03,0.0196969,20.8865,cut,3921,3166,no
rKaHyPar,NotreDame_www.mtx.hgr,no,no,9,8,0.03,0.0298156,14.3983,cut,3847,3073,no
rKaHyPar,obstclae.mtx.hgr,no,no,0,128,0.03,0.028754,10.1231,cut,7025,6568,no
rKaHyPar,obstclae.mtx.hgr,no,no,1,128,0.03,0.028754,13.8474,cut,6905,6451,no
rKaHyPar,obstclae.mtx.hgr,no,no,2,128,0.03,0.028754,10.1703,cut,6966,6513,no
rKaHyPar,obstclae.mtx.hgr,no,no,3,128,0.03,0.0255591,10.1638,cut,7344,6875,no
rKaHyPar,obstclae.mtx.hgr,no,no,4,128,0.03,0.028754,10.2244,cut,6990,6518,no
rKaHyPar,obstclae.mtx.hgr,no,no,5,128,0.03,0.028754,10.081,cut,7018,6545,no
rKaHyPar,obstclae.mtx.hgr,no,no,6,128,0.03,0.028754,10.0753,cut,7238,6752,no
rKaHyPar,obstclae.mtx.hgr,no,no,7,128,0.03,0.028754,10.3925,cut,7085,6592,no
rKaHyPar,obstclae.mtx.hgr,no,no,8,128,0.03,0.028754,13.9117,cut,7310,6804,no
rKaHyPar,obstclae.mtx.hgr,no,no,9,128,0.03,0.028754,10.0155,cut,6926,6455,no
rKaHyPar,obstclae.mtx.hgr,no,no,0,16,0.03,0.03,4.9738,cut,2242,2196,no
rKaHyPar,obstclae.mtx.hgr,no,no,1,16,0.03,0.0296,5.37221,cut,2162,2119,no
rKaHyPar,obstclae.mtx.hgr,no,no,2,16,0.03,0.024,3.97,cut,2190,2144,no
rKaHyPar,obstclae.mtx.hgr,no,no,3,16,0.03,0.0252,4.99654,cut,2259,2220,no
rKaHyPar,obstclae.mtx.hgr,no,no,4,16,0.03,0.0296,5.27146,cut,2099,2060,no
rKaHyPar,obstclae.mtx.hgr,no,no,5,16,0.03,0.0296,3.85846,cut,2247,2209,no
rKaHyPar,obstclae.mtx.hgr,no,no,6,16,0.03,0.0296,3.80241,cut,2141,2103,no
rKaHyPar,obstclae.mtx.hgr,no,no,7,16,0.03,0.0276,5.29014,cut,2146,2108,no
rKaHyPar,obstclae.mtx.hgr,no,no,8,16,0.03,0.0292,3.66339,cut,2202,2162,no
rKaHyPar,obstclae.mtx.hgr,no,no,9,16,0.03,0.03,3.82185,cut,2049,2013,no
rKaHyPar,obstclae.mtx.hgr,no,no,0,2,0.03,0,1.71393,cut,396,396,no
rKaHyPar,obstclae.mtx.hgr,no,no,1,2,0.03,0,1.65655,cut,396,396,no
rKaHyPar,obstclae.mtx.hgr,no,no,2,2,0.03,0,1.76062,cut,396,396,no
rKaHyPar,obstclae.mtx.hgr,no,no,3,2,0.03,0,1.68707,cut,396,396,no
rKaHyPar,obstclae.mtx.hgr,no,no,4,2,0.03,0,1.25576,cut,396,396,no
rKaHyPar,obstclae.mtx.hgr,no,no,5,2,0.03,0,1.69103,cut,396,396,no
rKaHyPar,obstclae.mtx.hgr,no,no,6,2,0.03,0,1.25509,cut,396,396,no
rKaHyPar,obstclae.mtx.hgr,no,no,7,2,0.03,0,1.27691,cut,396,396,no
rKaHyPar,obstclae.mtx.hgr,no,no,8,2,0.03,0,1.66405,cut,396,396,no
rKaHyPar,obstclae.mtx.hgr,no,no,9,2,0.03,0,1.13656,cut,396,396,no
rKaHyPar,obstclae.mtx.hgr,no,no,0,32,0.03,0.028,6.73448,cut,3457,3364,no
rKaHyPar,obstclae.mtx.hgr,no,no,1,32,0.03,0.0296,5.29547,cut,3289,3202,no
rKaHyPar,obstclae.mtx.hgr,no,no,2,32,0.03,0.0296,5.15337,cut,3338,3243,no
rKaHyPar,obstclae.mtx.hgr,no,no,3,32,0.03,0.0296,5.0146,cut,3524,3427,no
rKaHyPar,obstclae.mtx.hgr,no,no,4,32,0.03,0.0256,5.0977,cut,3512,3421,no
rKaHyPar,obstclae.mtx.hgr,no,no,5,32,0.03,0.0288,4.90737,cut,3527,3430,no
rKaHyPar,obstclae.mtx.hgr,no,no,6,32,0.03,0.0288,6.95498,cut,3196,3106,no
rKaHyPar,obstclae.mtx.hgr,no,no,7,32,0.03,0.028,5.06723,cut,3170,3074,no
rKaHyPar,obstclae.mtx.hgr,no,no,8,32,0.03,0.0288,6.83264,cut,3279,3191,no
rKaHyPar,obstclae.mtx.hgr,no,no,9,32,0.03,0.0296,6.96136,cut,3067,2977,no
rKaHyPar,obstclae.mtx.hgr,no,no,0,4,0.03,0.0223,2.09096,cut,773,769,no
rKaHyPar,obstclae.mtx.hgr,no,no,1,4,0.03,0,2.04521,cut,756,752,no
rKaHyPar,obstclae.mtx.hgr,no,no,2,4,0.03,0,2.95686,cut,771,766,no
rKaHyPar,obstclae.mtx.hgr,no,no,3,4,0.03,0.0033,2.00218,cut,771,767,no
rKaHyPar,obstclae.mtx.hgr,no,no,4,4,0.03,0.0061,2.90137,cut,771,766,no
rKaHyPar,obstclae.mtx.hgr,no,no,5,4,0.03,0.0284,2.03526,cut,778,774,no
rKaHyPar,obstclae.mtx.hgr,no,no,6,4,0.03,0,2.59958,cut,770,766,no
rKaHyPar,obstclae.mtx.hgr,no,no,7,4,0.03,0.0265,3.09865,cut,746,742,no
rKaHyPar,obstclae.mtx.hgr,no,no,8,4,0.03,0,2.06574,cut,767,763,no
rKaHyPar,obstclae.mtx.hgr,no,no,9,4,0.03,0,2.67857,cut,778,774,no
rKaHyPar,obstclae.mtx.hgr,no,no,0,64,0.03,0.0272,7.0685,cut,4721,4510,no
rKaHyPar,obstclae.mtx.hgr,no,no,1,64,0.03,0.0288,6.95557,cut,5007,4789,no
rKaHyPar,obstclae.mtx.hgr,no,no,3,64,0.03,0.0288,9.57039,cut,4979,4767,no
rKaHyPar,obstclae.mtx.hgr,no,no,4,64,0.03,0.0288,7.15832,cut,4817,4597,no
rKaHyPar,obstclae.mtx.hgr,no,no,5,64,0.03,0.0272,6.98807,cut,4978,4760,no
rKaHyPar,obstclae.mtx.hgr,no,no,6,64,0.03,0.0288,9.61838,cut,4599,4384,no
rKaHyPar,obstclae.mtx.hgr,no,no,7,64,0.03,0.024,9.64664,cut,4698,4488,no
rKaHyPar,obstclae.mtx.hgr,no,no,8,64,0.03,0.0288,6.98461,cut,4980,4750,no
rKaHyPar,obstclae.mtx.hgr,no,no,9,64,0.03,0.0272,7.02118,cut,4645,4437,no
rKaHyPar,obstclae.mtx.hgr,no,no,0,8,0.03,0.0244,2.90686,cut,1403,1386,no
rKaHyPar,obstclae.mtx.hgr,no,no,1,8,0.03,0.02,3.07222,cut,1380,1365,no
rKaHyPar,obstclae.mtx.hgr,no,no,2,8,0.03,0.0268,4.41954,cut,1376,1362,no
rKaHyPar,obstclae.mtx.hgr,no,no,3,8,0.03,0,3.46707,cut,1519,1506,no
rKaHyPar,obstclae.mtx.hgr,no,no,4,8,0.03,0.0264,4.31628,cut,1327,1313,no
rKaHyPar,obstclae.mtx.hgr,no,no,5,8,0.03,0.021,2.78172,cut,1472,1456,no
rKaHyPar,obstclae.mtx.hgr,no,no,6,8,0.03,0.0206,3.82965,cut,1402,1386,no
rKaHyPar,obstclae.mtx.hgr,no,no,7,8,0.03,0.0224,3.32306,cut,1346,1331,no
rKaHyPar,obstclae.mtx.hgr,no,no,8,8,0.03,0.0136,3.72986,cut,1472,1460,no
rKaHyPar,obstclae.mtx.hgr,no,no,9,8,0.03,0.027,4.56449,cut,1335,1322,no
rKaHyPar,olafu.mtx.hgr,no,no,0,128,0.03,0.023622,8.37493,cut,27383,12387,no
rKaHyPar,olafu.mtx.hgr,no,no,1,128,0.03,0.023622,8.46153,cut,26223,12223,no
rKaHyPar,olafu.mtx.hgr,no,no,2,128,0.03,0.023622,5.59705,cut,26735,12208,no
rKaHyPar,olafu.mtx.hgr,no,no,3,128,0.03,0.023622,5.2373,cut,26980,12340,no
rKaHyPar,olafu.mtx.hgr,no,no,4,128,0.03,0.023622,5.55677,cut,27378,12307,no
rKaHyPar,olafu.mtx.hgr,no,no,5,128,0.03,0.023622,5.46387,cut,28388,12392,no
rKaHyPar,olafu.mtx.hgr,no,no,6,128,0.03,0.023622,5.52146,cut,28595,12332,no
rKaHyPar,olafu.mtx.hgr,no,no,7,128,0.03,0.023622,5.59679,cut,26256,12274,no
rKaHyPar,olafu.mtx.hgr,no,no,8,128,0.03,0.023622,8.23526,cut,27691,12182,no
rKaHyPar,olafu.mtx.hgr,no,no,9,128,0.03,0.023622,5.40619,cut,26107,12297,no
rKaHyPar,olafu.mtx.hgr,no,no,0,16,0.03,0.0277228,3.55631,cut,4487,3791,no
rKaHyPar,olafu.mtx.hgr,no,no,1,16,0.03,0.0277228,3.64403,cut,4513,3743,no
rKaHyPar,olafu.mtx.hgr,no,no,2,16,0.03,0.0277228,2.34241,cut,4828,3828,no
rKaHyPar,olafu.mtx.hgr,no,no,3,16,0.03,0.0217822,3.56333,cut,4619,3895,no
rKaHyPar,olafu.mtx.hgr,no,no,4,16,0.03,0.0277228,3.56195,cut,4441,3791,no
rKaHyPar,olafu.mtx.hgr,no,no,5,16,0.03,0.0217822,2.40558,cut,4711,3918,no
rKaHyPar,olafu.mtx.hgr,no,no,6,16,0.03,0.0277228,2.31468,cut,4421,3791,no
rKaHyPar,olafu.mtx.hgr,no,no,7,16,0.03,0.0277228,3.49557,cut,4589,3840,no
rKaHyPar,olafu.mtx.hgr,no,no,8,16,0.03,0.0277228,2.40984,cut,4502,3771,no
rKaHyPar,olafu.mtx.hgr,no,no,9,16,0.03,0.0277228,2.38705,cut,4877,4217,no
rKaHyPar,olafu.mtx.hgr,no,no,0,2,0.03,0.0107767,0.868157,cut,624,624,no
rKaHyPar,olafu.mtx.hgr,no,no,1,2,0.03,0.0107767,0.903294,cut,624,624,no
rKaHyPar,olafu.mtx.hgr,no,no,2,2,0.03,0.0286139,1.03801,cut,672,672,no
rKaHyPar,olafu.mtx.hgr,no,no,3,2,0.03,0.0107767,1.11326,cut,624,624,no
rKaHyPar,olafu.mtx.hgr,no,no,4,2,0.03,0.0107767,0.751947,cut,624,624,no
rKaHyPar,olafu.mtx.hgr,no,no,5,2,0.03,0.0040877,1.47826,cut,768,768,no
rKaHyPar,olafu.mtx.hgr,no,no,6,2,0.03,0.0107767,0.645766,cut,624,624,no
rKaHyPar,olafu.mtx.hgr,no,no,7,2,0.03,0.025641,0.726719,cut,636,636,no
rKaHyPar,olafu.mtx.hgr,no,no,8,2,0.03,0.0107767,0.912496,cut,624,624,no
rKaHyPar,olafu.mtx.hgr,no,no,9,2,0.03,0.0226682,0.600547,cut,648,648,no
rKaHyPar,olafu.mtx.hgr,no,no,0,32,0.03,0.029703,5.42501,cut,7908,6102,no
rKaHyPar,olafu.mtx.hgr,no,no,1,32,0.03,0.0277228,3.49462,cut,7734,6175,no
rKaHyPar,olafu.mtx.hgr,no,no,2,32,0.03,0.0257426,3.76167,cut,8116,6303,no
rKaHyPar,olafu.mtx.hgr,no,no,3,32,0.03,0.029703,3.68107,cut,8104,6179,no
rKaHyPar,olafu.mtx.hgr,no,no,4,32,0.03,0.029703,3.58636,cut,8098,6165,no
rKaHyPar,olafu.mtx.hgr,no,no,5,32,0.03,0.0217822,3.68707,cut,8812,6194,no
rKaHyPar,olafu.mtx.hgr,no,no,6,32,0.03,0.0217822,5.32462,cut,8292,6233,no
rKaHyPar,olafu.mtx.hgr,no,no,7,32,0.03,0.0217822,3.59836,cut,8000,6214,no
rKaHyPar,olafu.mtx.hgr,no,no,8,32,0.03,0.0257426,5.42453,cut,8682,6205,no
rKaHyPar,olafu.mtx.hgr,no,no,9,32,0.03,0.0217822,5.41437,cut,7473,6045,no
rKaHyPar,olafu.mtx.hgr,no,no,0,4,0.03,0.0225415,1.22603,cut,1464,1392,no
rKaHyPar,olafu.mtx.hgr,no,no,1,4,0.03,0.0210552,0.96453,cut,1212,1164,no
rKaHyPar,olafu.mtx.hgr,no,no,2,4,0.03,0.0299728,1.46486,cut,1428,1302,no
rKaHyPar,olafu.mtx.hgr,no,no,3,4,0.03,0.0210552,0.987363,cut,1212,1164,no
rKaHyPar,olafu.mtx.hgr,no,no,4,4,0.03,0.0210552,1.43754,cut,1212,1164,no
rKaHyPar,olafu.mtx.hgr,no,no,5,4,0.03,0.0210552,1.19039,cut,1260,1212,no
rKaHyPar,olafu.mtx.hgr,no,no,6,4,0.03,0.0210552,1.42791,cut,1212,1164,no
rKaHyPar,olafu.mtx.hgr,no,no,7,4,0.03,0.0210552,1.54431,cut,1212,1164,no
rKaHyPar,olafu.mtx.hgr,no,no,8,4,0.03,0.0210552,0.951315,cut,1212,1164,no
rKaHyPar,olafu.mtx.hgr,no,no,9,4,0.03,0.0284865,1.65165,cut,1344,1284,no
rKaHyPar,olafu.mtx.hgr,no,no,0,64,0.03,0.0197628,4.54029,cut,15602,8992,no
rKaHyPar,olafu.mtx.hgr,no,no,1,64,0.03,0.027668,4.74185,cut,15094,8945,no
rKaHyPar,olafu.mtx.hgr,no,no,3,64,0.03,0.027668,4.73419,cut,15188,8862,no
rKaHyPar,olafu.mtx.hgr,no,no,4,64,0.03,0.027668,4.6243,cut,14299,8938,no
rKaHyPar,olafu.mtx.hgr,no,no,5,64,0.03,0.027668,4.74253,cut,14778,8898,no
rKaHyPar,olafu.mtx.hgr,no,no,6,64,0.03,0.0237154,6.97097,cut,15159,8890,no
rKaHyPar,olafu.mtx.hgr,no,no,7,64,0.03,0.0197628,6.97802,cut,14064,8907,no
rKaHyPar,olafu.mtx.hgr,no,no,8,64,0.03,0.0197628,4.71639,cut,15658,8964,no
rKaHyPar,olafu.mtx.hgr,no,no,9,64,0.03,0.0197628,4.58593,cut,15713,8923,no
rKaHyPar,olafu.mtx.hgr,no,no,0,8,0.03,0.0287271,2.59188,cut,2915,2496,no
rKaHyPar,olafu.mtx.hgr,no,no,1,8,0.03,0.0297177,1.62403,cut,2569,2306,no
rKaHyPar,olafu.mtx.hgr,no,no,2,8,0.03,0.0104012,2.49505,cut,2472,2244,no
rKaHyPar,olafu.mtx.hgr,no,no,3,8,0.03,0.02526,2.34601,cut,2585,2315,no
rKaHyPar,olafu.mtx.hgr,no,no,4,8,0.03,0.0282318,2.22264,cut,2496,2256,no
rKaHyPar,olafu.mtx.hgr,no,no,5,8,0.03,0.0193165,1.59301,cut,2559,2291,no
rKaHyPar,olafu.mtx.hgr,no,no,6,8,0.03,0.02526,2.28802,cut,2484,2268,no
rKaHyPar,olafu.mtx.hgr,no,no,7,8,0.03,0.0282318,1.52479,cut,2553,2201,no
rKaHyPar,olafu.mtx.hgr,no,no,8,8,0.03,0.0282318,2.35064,cut,2507,2261,no
rKaHyPar,olafu.mtx.hgr,no,no,9,8,0.03,0.0163447,2.45149,cut,2562,2346,no
rKaHyPar,opt1.mtx.hgr,no,no,0,128,0.03,0.0247934,3.22973,cut,80835,14235,no
rKaHyPar,opt1.mtx.hgr,no,no,1,128,0.03,0.0247934,3.26256,cut,73024,14241,no
rKaHyPar,opt1.mtx.hgr,no,no,2,128,0.03,0.0247934,3.17315,cut,73148,14200,no
rKaHyPar,opt1.mtx.hgr,no,no,3,128,0.03,0.0247934,3.0719,cut,78583,14196,no
rKaHyPar,opt1.mtx.hgr,no,no,4,128,0.03,0.0247934,4.84386,cut,74105,14185,no
rKaHyPar,opt1.mtx.hgr,no,no,5,128,0.03,0.0247934,3.20615,cut,74842,14170,no
rKaHyPar,opt1.mtx.hgr,no,no,6,128,0.03,0.0247934,3.26105,cut,73886,14196,no
rKaHyPar,opt1.mtx.hgr,no,no,7,128,0.03,0.0247934,3.36415,cut,72422,14261,no
rKaHyPar,opt1.mtx.hgr,no,no,8,128,0.03,0.0247934,4.74879,cut,77907,14244,no
rKaHyPar,opt1.mtx.hgr,no,no,9,128,0.03,0.0247934,3.02183,cut,80079,14268,no
rKaHyPar,opt1.mtx.hgr,no,no,0,16,0.03,0.0248447,3.20251,cut,16938,6805,no
rKaHyPar,opt1.mtx.hgr,no,no,1,16,0.03,0.0279503,2.18688,cut,14362,6922,no
rKaHyPar,opt1.mtx.hgr,no,no,2,16,0.03,0.0248447,2.16559,cut,16441,6952,no
rKaHyPar,opt1.mtx.hgr,no,no,3,16,0.03,0.0279503,3.17981,cut,16894,7007,no
rKaHyPar,opt1.mtx.hgr,no,no,4,16,0.03,0.0279503,3.15879,cut,15852,6730,no
rKaHyPar,opt1.mtx.hgr,no,no,5,16,0.03,0.0248447,2.08369,cut,15724,6880,no
rKaHyPar,opt1.mtx.hgr,no,no,6,16,0.03,0.0248447,2.10658,cut,14829,6674,no
rKaHyPar,opt1.mtx.hgr,no,no,7,16,0.03,0.0248447,3.40706,cut,14971,6787,no
rKaHyPar,opt1.mtx.hgr,no,no,8,16,0.03,0.0248447,2.05912,cut,16553,6649,no
rKaHyPar,opt1.mtx.hgr,no,no,9,16,0.03,0.0289855,2.15552,cut,15841,6985,no
rKaHyPar,opt1.mtx.hgr,no,no,0,2,0.03,0.0133333,0.904641,cut,1323,1323,no
rKaHyPar,opt1.mtx.hgr,no,no,1,2,0.03,0,0.803424,cut,1405,1405,no
rKaHyPar,opt1.mtx.hgr,no,no,2,2,0.03,0.012945,0.773631,cut,1466,1466,no
rKaHyPar,opt1.mtx.hgr,no,no,3,2,0.03,0.0173463,0.895398,cut,1323,1323,no
rKaHyPar,opt1.mtx.hgr,no,no,4,2,0.03,0.0283495,0.638993,cut,1328,1328,no
rKaHyPar,opt1.mtx.hgr,no,no,5,2,0.03,0.012945,0.859063,cut,1323,1323,no
rKaHyPar,opt1.mtx.hgr,no,no,6,2,0.03,0.00828479,0.587928,cut,1363,1363,no
rKaHyPar,opt1.mtx.hgr,no,no,7,2,0.03,0.0144984,0.603942,cut,1363,1363,no
rKaHyPar,opt1.mtx.hgr,no,no,8,2,0.03,0.0286084,0.965766,cut,1404,1404,no
rKaHyPar,opt1.mtx.hgr,no,no,9,2,0.03,0.0152751,0.579648,cut,1363,1363,no
rKaHyPar,opt1.mtx.hgr,no,no,0,32,0.03,0.0289855,2.50142,cut,27609,9490,no
rKaHyPar,opt1.mtx.hgr,no,no,1,32,0.03,0.0248447,2.61539,cut,27777,9356,no
rKaHyPar,opt1.mtx.hgr,no,no,2,32,0.03,0.0289855,2.55024,cut,28858,9444,no
rKaHyPar,opt1.mtx.hgr,no,no,3,32,0.03,0.0289855,3.80129,cut,25785,9418,no
rKaHyPar,opt1.mtx.hgr,no,no,4,32,0.03,0.0289855,2.54103,cut,29164,9319,no
rKaHyPar,opt1.mtx.hgr,no,no,5,32,0.03,0.0269151,2.53168,cut,25980,9430,no
rKaHyPar,opt1.mtx.hgr,no,no,6,32,0.03,0.0144928,4.07981,cut,26372,9405,no
rKaHyPar,opt1.mtx.hgr,no,no,7,32,0.03,0.0227743,2.5788,cut,25847,9292,no
rKaHyPar,opt1.mtx.hgr,no,no,8,32,0.03,0.0124224,3.7053,cut,27834,9651,no
rKaHyPar,opt1.mtx.hgr,no,no,9,32,0.03,0.0289855,2.60599,cut,28480,9431,no
rKaHyPar,opt1.mtx.hgr,no,no,0,4,0.03,0.0160497,1.46391,cut,3354,2528,no
rKaHyPar,opt1.mtx.hgr,no,no,1,4,0.03,0.0176029,0.919501,cut,4149,2677,no
rKaHyPar,opt1.mtx.hgr,no,no,2,4,0.03,0.013461,1.48025,cut,3083,2408,no
rKaHyPar,opt1.mtx.hgr,no,no,3,4,0.03,0.00983691,1.37881,cut,3323,2727,no
rKaHyPar,opt1.mtx.hgr,no,no,4,4,0.03,0.0132022,1.50129,cut,3083,2408,no
rKaHyPar,opt1.mtx.hgr,no,no,5,4,0.03,0.00983691,0.945758,cut,3104,2429,no
rKaHyPar,opt1.mtx.hgr,no,no,6,4,0.03,0.0100958,0.951651,cut,3955,2687,no
rKaHyPar,opt1.mtx.hgr,no,no,7,4,0.03,0.0269221,1.56927,cut,3548,2742,no
rKaHyPar,opt1.mtx.hgr,no,no,8,4,0.03,0.00828372,0.984829,cut,3308,2585,no
rKaHyPar,opt1.mtx.hgr,no,no,9,4,0.03,0.0269221,1.0034,cut,4027,2872,no
rKaHyPar,opt1.mtx.hgr,no,no,0,64,0.03,0.0289256,2.90973,cut,46327,11981,no
rKaHyPar,opt1.mtx.hgr,no,no,1,64,0.03,0.0289256,3.06135,cut,45533,12003,no
rKaHyPar,opt1.mtx.hgr,no,no,2,64,0.03,0.0289256,3.03555,cut,46667,12073,no
rKaHyPar,opt1.mtx.hgr,no,no,3,64,0.03,0.0289256,4.39677,cut,43409,12079,no
rKaHyPar,opt1.mtx.hgr,no,no,4,64,0.03,0.0289256,3.02735,cut,46816,12091,no
rKaHyPar,opt1.mtx.hgr,no,no,5,64,0.03,0.0289256,4.41559,cut,46633,11850,no
rKaHyPar,opt1.mtx.hgr,no,no,6,64,0.03,0.0289256,4.53733,cut,43864,12088,no
rKaHyPar,opt1.mtx.hgr,no,no,7,64,0.03,0.0289256,4.62754,cut,43514,12136,no
rKaHyPar,opt1.mtx.hgr,no,no,8,64,0.03,0.0289256,4.42232,cut,44880,11958,no
rKaHyPar,opt1.mtx.hgr,no,no,9,64,0.03,0.0289256,3.03776,cut,44193,11999,no
rKaHyPar,opt1.mtx.hgr,no,no,0,8,0.03,0.0243271,1.54466,cut,8604,4450,no
rKaHyPar,opt1.mtx.hgr,no,no,1,8,0.03,0.00931677,1.52273,cut,8081,4583,no
rKaHyPar,opt1.mtx.hgr,no,no,2,8,0.03,0.0243271,2.32791,cut,8603,4477,no
rKaHyPar,opt1.mtx.hgr,no,no,3,8,0.03,0.0196687,2.13736,cut,7572,4499,no
rKaHyPar,opt1.mtx.hgr,no,no,4,8,0.03,0.0186335,2.26878,cut,7601,4417,no
rKaHyPar,opt1.mtx.hgr,no,no,5,8,0.03,0.0295031,1.42783,cut,7958,4518,no
rKaHyPar,opt1.mtx.hgr,no,no,6,8,0.03,0.00828157,2.43217,cut,7999,4583,no
rKaHyPar,opt1.mtx.hgr,no,no,7,8,0.03,0.0248447,1.53618,cut,7644,4677,no
rKaHyPar,opt1.mtx.hgr,no,no,8,8,0.03,0.0289855,1.54605,cut,7194,4323,no
rKaHyPar,opt1.mtx.hgr,no,no,9,8,0.03,0.0248447,2.1285,cut,8339,4685,no
rKaHyPar,Oregon-1.mtx.hgr,no,no,0,128,0.03,0.0222222,4.79616,cut,12426,2838,no
rKaHyPar,Oregon-1.mtx.hgr,no,no,1,128,0.03,0.0222222,3.01525,cut,12226,2817,no
rKaHyPar,Oregon-1.mtx.hgr,no,no,2,128,0.03,0.0222222,3.05654,cut,12209,2817,no
rKaHyPar,Oregon-1.mtx.hgr,no,no,3,128,0.03,0.0222222,2.98951,cut,12160,2784,no
rKaHyPar,Oregon-1.mtx.hgr,no,no,4,128,0.03,0.0222222,4.54936,cut,12156,2762,no
rKaHyPar,Oregon-1.mtx.hgr,no,no,5,128,0.03,0.0222222,3.22137,cut,12268,2785,no
rKaHyPar,Oregon-1.mtx.hgr,no,no,6,128,0.03,0.0222222,3.18378,cut,12099,2772,no
rKaHyPar,Oregon-1.mtx.hgr,no,no,7,128,0.03,0.0222222,3.02484,cut,12219,2768,no
rKaHyPar,Oregon-1.mtx.hgr,no,no,8,128,0.03,0.0222222,4.43498,cut,12335,2789,no
rKaHyPar,Oregon-1.mtx.hgr,no,no,9,128,0.03,0.0222222,2.89592,cut,11930,2762,no
rKaHyPar,Oregon-1.mtx.hgr,no,no,0,16,0.03,0.0292072,3.47102,cut,4005,1556,no
rKaHyPar,Oregon-1.mtx.hgr,no,no,1,16,0.03,0.0292072,2.2845,cut,3927,1527,no
rKaHyPar,Oregon-1.mtx.hgr,no,no,2,16,0.03,0.0292072,2.26869,cut,3931,1566,no
rKaHyPar,Oregon-1.mtx.hgr,no,no,3,16,0.03,0.0292072,3.37718,cut,3920,1549,no
rKaHyPar,Oregon-1.mtx.hgr,no,no,4,16,0.03,0.0292072,3.18012,cut,3803,1570,no
rKaHyPar,Oregon-1.mtx.hgr,no,no,5,16,0.03,0.0292072,2.41228,cut,4027,1558,no
rKaHyPar,Oregon-1.mtx.hgr,no,no,6,16,0.03,0.0292072,2.28222,cut,3957,1562,no
rKaHyPar,Oregon-1.mtx.hgr,no,no,7,16,0.03,0.0292072,3.54311,cut,4003,1567,no
rKaHyPar,Oregon-1.mtx.hgr,no,no,8,16,0.03,0.0292072,2.23841,cut,3766,1548,no
rKaHyPar,Oregon-1.mtx.hgr,no,no,9,16,0.03,0.0292072,2.33275,cut,3978,1556,no
rKaHyPar,Oregon-1.mtx.hgr,no,no,0,2,0.03,0.0297598,2.43144,cut,138,138,no
rKaHyPar,Oregon-1.mtx.hgr,no,no,1,2,0.03,0.0299339,2.74822,cut,124,124,no
rKaHyPar,Oregon-1.mtx.hgr,no,no,2,2,0.03,0.0294118,2.54225,cut,137,137,no
rKaHyPar,Oregon-1.mtx.hgr,no,no,3,2,0.03,0.0290637,2.53206,cut,160,160,no
rKaHyPar,Oregon-1.mtx.hgr,no,no,4,2,0.03,0.0290637,1.65355,cut,148,148,no
rKaHyPar,Oregon-1.mtx.hgr,no,no,5,2,0.03,0.0294118,2.55415,cut,141,141,no
rKaHyPar,Oregon-1.mtx.hgr,no,no,6,2,0.03,0.0297598,1.63904,cut,139,139,no
rKaHyPar,Oregon-1.mtx.hgr,no,no,7,2,0.03,0.0297598,1.58576,cut,148,148,no
rKaHyPar,Oregon-1.mtx.hgr,no,no,8,2,0.03,0.0295858,2.60392,cut,137,137,no
rKaHyPar,Oregon-1.mtx.hgr,no,no,9,2,0.03,0.0297598,1.80598,cut,140,140,no
rKaHyPar,Oregon-1.mtx.hgr,no,no,0,32,0.03,0.0277778,2.49713,cut,6531,2027,no
rKaHyPar,Oregon-1.mtx.hgr,no,no,1,32,0.03,0.0277778,2.47904,cut,6228,1980,no
rKaHyPar,Oregon-1.mtx.hgr,no,no,2,32,0.03,0.0277778,2.45009,cut,6073,2003,no
rKaHyPar,Oregon-1.mtx.hgr,no,no,3,32,0.03,0.0277778,3.85928,cut,6315,2041,no
rKaHyPar,Oregon-1.mtx.hgr,no,no,4,32,0.03,0.0277778,2.37998,cut,6091,2002,no
rKaHyPar,Oregon-1.mtx.hgr,no,no,5,32,0.03,0.0277778,2.49023,cut,6312,2024,no
rKaHyPar,Oregon-1.mtx.hgr,no,no,6,32,0.03,0.0277778,3.78271,cut,6248,2044,no
rKaHyPar,Oregon-1.mtx.hgr,no,no,7,32,0.03,0.0277778,2.41005,cut,6310,1985,no
rKaHyPar,Oregon-1.mtx.hgr,no,no,8,32,0.03,0.0277778,3.83134,cut,6279,1986,no
rKaHyPar,Oregon-1.mtx.hgr,no,no,9,32,0.03,0.0277778,2.38815,cut,6114,1997,no
rKaHyPar,Oregon-1.mtx.hgr,no,no,0,4,0.03,0.0142708,2.83799,cut,1116,845,no
rKaHyPar,Oregon-1.mtx.hgr,no,no,1,4,0.03,0.0146189,1.96982,cut,1033,749,no
rKaHyPar,Oregon-1.mtx.hgr,no,no,2,4,0.03,0.0139227,2.8057,cut,1113,847,no
rKaHyPar,Oregon-1.mtx.hgr,no,no,3,4,0.03,0.0142708,2.80913,cut,1018,758,no
rKaHyPar,Oregon-1.mtx.hgr,no,no,4,4,0.03,0.0149669,2.62114,cut,1022,787,no
rKaHyPar,Oregon-1.mtx.hgr,no,no,5,4,0.03,0.0146189,1.98353,cut,986,733,no
rKaHyPar,Oregon-1.mtx.hgr,no,no,6,4,0.03,0.0146189,1.93682,cut,1001,738,no
rKaHyPar,Oregon-1.mtx.hgr,no,no,7,4,0.03,0.0146189,3.03371,cut,1039,753,no
rKaHyPar,Oregon-1.mtx.hgr,no,no,8,4,0.03,0.0142708,1.81469,cut,1004,735,no
rKaHyPar,Oregon-1.mtx.hgr,no,no,9,4,0.03,0.0142708,2.0191,cut,1019,750,no
rKaHyPar,Oregon-1.mtx.hgr,no,no,0,64,0.03,0.0277778,2.58307,cut,8809,2377,no
rKaHyPar,Oregon-1.mtx.hgr,no,no,1,64,0.03,0.0277778,2.7438,cut,9317,2421,no
rKaHyPar,Oregon-1.mtx.hgr,no,no,2,64,0.03,0.0222222,2.76538,cut,9056,2333,no
rKaHyPar,Oregon-1.mtx.hgr,no,no,3,64,0.03,0.0277778,2.78906,cut,8995,2386,no
rKaHyPar,Oregon-1.mtx.hgr,no,no,4,64,0.03,0.0277778,2.56758,cut,8938,2413,no
rKaHyPar,Oregon-1.mtx.hgr,no,no,5,64,0.03,0.0277778,4.16312,cut,9136,2377,no
rKaHyPar,Oregon-1.mtx.hgr,no,no,6,64,0.03,0.0277778,4.04556,cut,8817,2333,no
rKaHyPar,Oregon-1.mtx.hgr,no,no,7,64,0.03,0.0277778,4.02421,cut,9079,2338,no
rKaHyPar,Oregon-1.mtx.hgr,no,no,8,64,0.03,0.0277778,3.97531,cut,8830,2394,no
rKaHyPar,Oregon-1.mtx.hgr,no,no,9,64,0.03,0.0277778,2.55445,cut,8733,2379,no
rKaHyPar,Oregon-1.mtx.hgr,no,no,0,8,0.03,0.0299235,3.09585,cut,2212,1045,no
rKaHyPar,Oregon-1.mtx.hgr,no,no,1,8,0.03,0.0299235,2.14909,cut,2286,1103,no
rKaHyPar,Oregon-1.mtx.hgr,no,no,2,8,0.03,0.0299235,3.16092,cut,2241,1076,no
rKaHyPar,Oregon-1.mtx.hgr,no,no,3,8,0.03,0.0285317,3.24603,cut,2235,1076,no
rKaHyPar,Oregon-1.mtx.hgr,no,no,4,8,0.03,0.0299235,2.88085,cut,2194,1127,no
rKaHyPar,Oregon-1.mtx.hgr,no,no,5,8,0.03,0.0299235,2.14053,cut,2240,1068,no
rKaHyPar,Oregon-1.mtx.hgr,no,no,6,8,0.03,0.0299235,3.21084,cut,2306,1173,no
rKaHyPar,Oregon-1.mtx.hgr,no,no,7,8,0.03,0.0299235,2.08951,cut,2243,1093,no
rKaHyPar,Oregon-1.mtx.hgr,no,no,8,8,0.03,0.0299235,2.15615,cut,2211,1067,no
rKaHyPar,Oregon-1.mtx.hgr,no,no,9,8,0.03,0.0299235,3.32184,cut,2241,1084,no
rKaHyPar,p2p-Gnutella25.mtx.hgr,no,no,0,128,0.03,0.011236,3.35761,cut,33426,4221,no
rKaHyPar,p2p-Gnutella25.mtx.hgr,no,no,1,128,0.03,0.0168539,3.2782,cut,33680,4256,no
rKaHyPar,p2p-Gnutella25.mtx.hgr,no,no,2,128,0.03,0.00561798,3.16092,cut,33641,4251,no
rKaHyPar,p2p-Gnutella25.mtx.hgr,no,no,3,128,0.03,0.011236,3.20364,cut,33371,4240,no
rKaHyPar,p2p-Gnutella25.mtx.hgr,no,no,4,128,0.03,0.00561798,4.59277,cut,33585,4250,no
rKaHyPar,p2p-Gnutella25.mtx.hgr,no,no,5,128,0.03,0.0224719,3.22179,cut,33508,4264,no
rKaHyPar,p2p-Gnutella25.mtx.hgr,no,no,6,128,0.03,0.011236,4.76165,cut,33628,4271,no
rKaHyPar,p2p-Gnutella25.mtx.hgr,no,no,7,128,0.03,0.0168539,3.14821,cut,33607,4254,no
rKaHyPar,p2p-Gnutella25.mtx.hgr,no,no,8,128,0.03,0.0224719,4.61823,cut,33725,4248,no
rKaHyPar,p2p-Gnutella25.mtx.hgr,no,no,9,128,0.03,0.0168539,3.07365,cut,33559,4253,no
rKaHyPar,p2p-Gnutella25.mtx.hgr,no,no,0,16,0.03,0.0141044,2.77987,cut,23727,4068,no
rKaHyPar,p2p-Gnutella25.mtx.hgr,no,no,1,16,0.03,0.0119887,2.01094,cut,23361,4057,no
rKaHyPar,p2p-Gnutella25.mtx.hgr,no,no,2,16,0.03,0.0267983,1.94496,cut,23887,4086,no
rKaHyPar,p2p-Gnutella25.mtx.hgr,no,no,3,16,0.03,0.0105783,2.72862,cut,23766,4052,no
rKaHyPar,p2p-Gnutella25.mtx.hgr,no,no,4,16,0.03,0.0169252,2.73989,cut,23513,4066,no
rKaHyPar,p2p-Gnutella25.mtx.hgr,no,no,5,16,0.03,0.0190409,1.85221,cut,23817,4068,no
rKaHyPar,p2p-Gnutella25.mtx.hgr,no,no,6,16,0.03,0.0119887,2.82426,cut,23667,4069,no
rKaHyPar,p2p-Gnutella25.mtx.hgr,no,no,7,16,0.03,0.01622,2.90423,cut,23557,4054,no
rKaHyPar,p2p-Gnutella25.mtx.hgr,no,no,8,16,0.03,0.0169252,1.95863,cut,23245,4103,no
rKaHyPar,p2p-Gnutella25.mtx.hgr,no,no,9,16,0.03,0.0077574,1.88857,cut,23750,4100,no
rKaHyPar,p2p-Gnutella25.mtx.hgr,no,no,0,2,0.03,0.0298836,4.47674,cut,2888,2888,no
rKaHyPar,p2p-Gnutella25.mtx.hgr,no,no,1,2,0.03,0.0299718,4.25133,cut,2866,2866,no
rKaHyPar,p2p-Gnutella25.mtx.hgr,no,no,2,2,0.03,0.0296192,4.5629,cut,2940,2940,no
rKaHyPar,p2p-Gnutella25.mtx.hgr,no,no,3,2,0.03,0.0297073,4.39016,cut,2906,2906,no
rKaHyPar,p2p-Gnutella25.mtx.hgr,no,no,4,2,0.03,0.0297955,3.42357,cut,2814,2814,no
rKaHyPar,p2p-Gnutella25.mtx.hgr,no,no,5,2,0.03,0.0299718,4.76049,cut,2928,2928,no
rKaHyPar,p2p-Gnutella25.mtx.hgr,no,no,6,2,0.03,0.0297073,3.31151,cut,2821,2821,no
rKaHyPar,p2p-Gnutella25.mtx.hgr,no,no,7,2,0.03,0.0298836,3.80393,cut,2896,2896,no
rKaHyPar,p2p-Gnutella25.mtx.hgr,no,no,8,2,0.03,0.0297955,3.76061,cut,2897,2897,no
rKaHyPar,p2p-Gnutella25.mtx.hgr,no,no,9,2,0.03,0.0298836,2.93304,cut,2942,2942,no
rKaHyPar,p2p-Gnutella25.mtx.hgr,no,no,0,32,0.03,0.0126939,2.30646,cut,28487,4135,no
rKaHyPar,p2p-Gnutella25.mtx.hgr,no,no,1,32,0.03,0.0169252,2.15189,cut,28531,4141,no
rKaHyPar,p2p-Gnutella25.mtx.hgr,no,no,2,32,0.03,0.0126939,2.22814,cut,28415,4154,no
rKaHyPar,p2p-Gnutella25.mtx.hgr,no,no,3,32,0.03,0.0126939,3.26926,cut,28529,4152,no
rKaHyPar,p2p-Gnutella25.mtx.hgr,no,no,4,32,0.03,0.022567,2.3286,cut,28655,4141,no
rKaHyPar,p2p-Gnutella25.mtx.hgr,no,no,5,32,0.03,0.0183357,3.25043,cut,28663,4165,no
rKaHyPar,p2p-Gnutella25.mtx.hgr,no,no,6,32,0.03,0.0282087,3.19786,cut,28073,4130,no
rKaHyPar,p2p-Gnutella25.mtx.hgr,no,no,7,32,0.03,0.00705219,2.29457,cut,28388,4121,no
rKaHyPar,p2p-Gnutella25.mtx.hgr,no,no,8,32,0.03,0.0112835,2.36325,cut,28760,4141,no
rKaHyPar,p2p-Gnutella25.mtx.hgr,no,no,9,32,0.03,0.0126939,2.29238,cut,28590,4163,no
rKaHyPar,p2p-Gnutella25.mtx.hgr,no,no,0,4,0.03,0.0297955,2.31417,cut,8639,3704,no
rKaHyPar,p2p-Gnutella25.mtx.hgr,no,no,1,4,0.03,0.0297955,1.60688,cut,8689,3703,no
rKaHyPar,p2p-Gnutella25.mtx.hgr,no,no,2,4,0.03,0.0297955,1.70928,cut,8683,3703,no
rKaHyPar,p2p-Gnutella25.mtx.hgr,no,no,3,4,0.03,0.0294429,2.42917,cut,8624,3664,no
rKaHyPar,p2p-Gnutella25.mtx.hgr,no,no,4,4,0.03,0.0297955,2.35817,cut,8852,3695,no
rKaHyPar,p2p-Gnutella25.mtx.hgr,no,no,5,4,0.03,0.0285614,1.67815,cut,8755,3706,no
rKaHyPar,p2p-Gnutella25.mtx.hgr,no,no,6,4,0.03,0.0148096,1.68615,cut,8998,3755,no
rKaHyPar,p2p-Gnutella25.mtx.hgr,no,no,7,4,0.03,0.0278561,2.30144,cut,8703,3698,no
rKaHyPar,p2p-Gnutella25.mtx.hgr,no,no,8,4,0.03,0.0287377,1.60881,cut,8810,3703,no
rKaHyPar,p2p-Gnutella25.mtx.hgr,no,no,9,4,0.03,0.0146333,1.7476,cut,8666,3745,no
rKaHyPar,p2p-Gnutella25.mtx.hgr,no,no,0,64,0.03,0.0084507,2.64151,cut,31659,4209,no
rKaHyPar,p2p-Gnutella25.mtx.hgr,no,no,1,64,0.03,0.0084507,2.61591,cut,31536,4203,no
rKaHyPar,p2p-Gnutella25.mtx.hgr,no,no,2,64,0.03,0.0056338,2.68213,cut,31344,4183,no
rKaHyPar,p2p-Gnutella25.mtx.hgr,no,no,3,64,0.03,0.0197183,3.93102,cut,31495,4179,no
rKaHyPar,p2p-Gnutella25.mtx.hgr,no,no,4,64,0.03,0.0253521,2.79939,cut,31495,4192,no
rKaHyPar,p2p-Gnutella25.mtx.hgr,no,no,5,64,0.03,0.0169014,4.07159,cut,31357,4208,no
rKaHyPar,p2p-Gnutella25.mtx.hgr,no,no,6,64,0.03,0.0169014,3.90023,cut,31390,4200,no
rKaHyPar,p2p-Gnutella25.mtx.hgr,no,no,7,64,0.03,0.0056338,3.95889,cut,31239,4189,no
rKaHyPar,p2p-Gnutella25.mtx.hgr,no,no,8,64,0.03,0.0140845,3.94021,cut,31445,4198,no
rKaHyPar,p2p-Gnutella25.mtx.hgr,no,no,9,64,0.03,0.0253521,2.59237,cut,31547,4201,no
rKaHyPar,p2p-Gnutella25.mtx.hgr,no,no,0,8,0.03,0.0278561,1.62348,cut,16450,3921,no
rKaHyPar,p2p-Gnutella25.mtx.hgr,no,no,1,8,0.03,0.01622,1.73912,cut,16478,3916,no
rKaHyPar,p2p-Gnutella25.mtx.hgr,no,no,2,8,0.03,0.0282087,2.51673,cut,16446,3929,no
rKaHyPar,p2p-Gnutella25.mtx.hgr,no,no,3,8,0.03,0.0275035,2.50824,cut,16310,3919,no
rKaHyPar,p2p-Gnutella25.mtx.hgr,no,no,4,8,0.03,0.0271509,1.75352,cut,16555,3932,no
rKaHyPar,p2p-Gnutella25.mtx.hgr,no,no,5,8,0.03,0.0250353,1.68509,cut,16537,3956,no
rKaHyPar,p2p-Gnutella25.mtx.hgr,no,no,6,8,0.03,0.0271509,2.29659,cut,16660,3905,no
rKaHyPar,p2p-Gnutella25.mtx.hgr,no,no,7,8,0.03,0.0236248,1.75858,cut,16860,3934,no
rKaHyPar,p2p-Gnutella25.mtx.hgr,no,no,8,8,0.03,0.0299718,1.75297,cut,16543,3929,no
rKaHyPar,p2p-Gnutella25.mtx.hgr,no,no,9,8,0.03,0.0299718,2.499,cut,16585,3935,no
rKaHyPar,para-4.mtx.hgr,no,no,0,128,0.03,0.0292154,28.338,cut,135865,77686,no
rKaHyPar,para-4.mtx.hgr,no,no,1,128,0.03,0.0292154,20.3913,cut,135410,78054,no
rKaHyPar,para-4.mtx.hgr,no,no,2,128,0.03,0.0292154,20.7231,cut,134522,78000,no
rKaHyPar,para-4.mtx.hgr,no,no,3,128,0.03,0.0292154,20.3714,cut,135973,77560,no
rKaHyPar,para-4.mtx.hgr,no,no,4,128,0.03,0.0292154,28.2025,cut,138087,77968,no
rKaHyPar,para-4.mtx.hgr,no,no,5,128,0.03,0.0292154,20.6747,cut,137901,78530,no
rKaHyPar,para-4.mtx.hgr,no,no,6,128,0.03,0.0292154,28.8051,cut,134807,78527,no
rKaHyPar,para-4.mtx.hgr,no,no,7,128,0.03,0.0292154,20.7941,cut,138402,78500,no
rKaHyPar,para-4.mtx.hgr,no,no,8,128,0.03,0.0292154,28.8239,cut,136040,78347,no
rKaHyPar,para-4.mtx.hgr,no,no,9,128,0.03,0.0292154,21.1586,cut,134022,78161,no
rKaHyPar,para-4.mtx.hgr,no,no,0,16,0.03,0.0299676,19.4522,cut,40566,32624,no
rKaHyPar,para-4.mtx.hgr,no,no,1,16,0.03,0.0297588,12.2427,cut,39996,32270,no
rKaHyPar,para-4.mtx.hgr,no,no,2,16,0.03,0.0299676,12.5514,cut,39966,32506,no
rKaHyPar,para-4.mtx.hgr,no,no,3,16,0.03,0.0297588,19.2066,cut,41625,32767,no
rKaHyPar,para-4.mtx.hgr,no,no,4,16,0.03,0.02955,20.8367,cut,41781,33262,no
rKaHyPar,para-4.mtx.hgr,no,no,5,16,0.03,0.0292367,15.1611,cut,39782,32254,no
rKaHyPar,para-4.mtx.hgr,no,no,6,16,0.03,0.0294455,17.8653,cut,40280,32575,no
rKaHyPar,para-4.mtx.hgr,no,no,7,16,0.03,0.0294455,18.1143,cut,40630,32531,no
rKaHyPar,para-4.mtx.hgr,no,no,8,16,0.03,0.0293411,15.0105,cut,40033,31753,no
rKaHyPar,para-4.mtx.hgr,no,no,9,16,0.03,0.0299676,13.8422,cut,42042,32714,no
rKaHyPar,para-4.mtx.hgr,no,no,0,2,0.03,0.0296164,14.7623,cut,6431,6431,no
rKaHyPar,para-4.mtx.hgr,no,no,1,2,0.03,0.0298122,6.95986,cut,6337,6337,no
rKaHyPar,para-4.mtx.hgr,no,no,2,2,0.03,0.0298774,14.4213,cut,6316,6316,no
rKaHyPar,para-4.mtx.hgr,no,no,3,2,0.03,0.0294989,10.0348,cut,6433,6433,no
rKaHyPar,para-4.mtx.hgr,no,no,4,2,0.03,0.0299166,14.0523,cut,6521,6521,no
rKaHyPar,para-4.mtx.hgr,no,no,5,2,0.03,0.0299558,13.0914,cut,6347,6347,no
rKaHyPar,para-4.mtx.hgr,no,no,6,2,0.03,0.0298383,12.6952,cut,6340,6340,no
rKaHyPar,para-4.mtx.hgr,no,no,7,2,0.03,0.0298905,5.57243,cut,6328,6328,no
rKaHyPar,para-4.mtx.hgr,no,no,8,2,0.03,0.0299296,6.90484,cut,6331,6331,no
rKaHyPar,para-4.mtx.hgr,no,no,9,2,0.03,0.0298905,6.03367,cut,6343,6343,no
rKaHyPar,para-4.mtx.hgr,no,no,0,32,0.03,0.0298601,15.2366,cut,62136,45302,no
rKaHyPar,para-4.mtx.hgr,no,no,1,32,0.03,0.0296513,15.7953,cut,61880,45233,no
rKaHyPar,para-4.mtx.hgr,no,no,2,32,0.03,0.027772,14.6783,cut,63582,45550,no
rKaHyPar,para-4.mtx.hgr,no,no,3,32,0.03,0.0298601,19.9425,cut,63111,45739,no
rKaHyPar,para-4.mtx.hgr,no,no,4,32,0.03,0.0294425,14.5279,cut,63041,45132,no
rKaHyPar,para-4.mtx.hgr,no,no,5,32,0.03,0.0294425,21.2143,cut,60608,44976,no
rKaHyPar,para-4.mtx.hgr,no,no,6,32,0.03,0.0298601,22.0581,cut,61370,45407,no
rKaHyPar,para-4.mtx.hgr,no,no,7,32,0.03,0.0294425,16.3301,cut,63470,45572,no
rKaHyPar,para-4.mtx.hgr,no,no,8,32,0.03,0.0269367,15.2265,cut,61844,44943,no
rKaHyPar,para-4.mtx.hgr,no,no,9,32,0.03,0.0283984,15.5644,cut,62347,45593,no
rKaHyPar,para-4.mtx.hgr,no,no,0,4,0.03,0.025139,12.7579,cut,13915,12733,no
rKaHyPar,para-4.mtx.hgr,no,no,1,4,0.03,0.0215887,8.73951,cut,13659,12696,no
rKaHyPar,para-4.mtx.hgr,no,no,2,4,0.03,0.0299684,9.61216,cut,13617,12684,no
rKaHyPar,para-4.mtx.hgr,no,no,3,4,0.03,0.0262615,13.1091,cut,15450,13394,no
rKaHyPar,para-4.mtx.hgr,no,no,4,4,0.03,0.0299423,15.1519,cut,14301,13229,no
rKaHyPar,para-4.mtx.hgr,no,no,5,4,0.03,0.0140705,8.64314,cut,13626,12705,no
rKaHyPar,para-4.mtx.hgr,no,no,6,4,0.03,0.0293419,8.89579,cut,13627,12694,no
rKaHyPar,para-4.mtx.hgr,no,no,7,4,0.03,0.0278017,10.1591,cut,13897,12691,no
rKaHyPar,para-4.mtx.hgr,no,no,8,4,0.03,0.0264704,8.76631,cut,13722,12411,no
rKaHyPar,para-4.mtx.hgr,no,no,9,4,0.03,0.0271752,9.7135,cut,13708,12670,no
rKaHyPar,para-4.mtx.hgr,no,no,0,64,0.03,0.0296451,17.6243,cut,91574,61221,no
rKaHyPar,para-4.mtx.hgr,no,no,1,64,0.03,0.0296451,17.7211,cut,91922,61269,no
rKaHyPar,para-4.mtx.hgr,no,no,2,64,0.03,0.0283925,17.4931,cut,94701,61004,no
rKaHyPar,para-4.mtx.hgr,no,no,3,64,0.03,0.0296451,17.0838,cut,94505,61474,no
rKaHyPar,para-4.mtx.hgr,no,no,4,64,0.03,0.0283925,17.2742,cut,96161,60770,no
rKaHyPar,para-4.mtx.hgr,no,no,5,64,0.03,0.0296451,24.3577,cut,92367,61378,no
rKaHyPar,para-4.mtx.hgr,no,no,6,64,0.03,0.0296451,24.1582,cut,92448,60903,no
rKaHyPar,para-4.mtx.hgr,no,no,7,64,0.03,0.0296451,24.8967,cut,93629,61187,no
rKaHyPar,para-4.mtx.hgr,no,no,8,64,0.03,0.0292276,25.0673,cut,92327,60709,no
rKaHyPar,para-4.mtx.hgr,no,no,9,64,0.03,0.0296451,18.2212,cut,93911,60585,no
rKaHyPar,para-4.mtx.hgr,no,no,0,8,0.03,0.0299154,18.9237,cut,24367,21693,no
rKaHyPar,para-4.mtx.hgr,no,no,1,8,0.03,0.0299154,10.4726,cut,24132,21546,no
rKaHyPar,para-4.mtx.hgr,no,no,2,8,0.03,0.0293933,15.9344,cut,24555,21436,no
rKaHyPar,para-4.mtx.hgr,no,no,3,8,0.03,0.0284536,21.4846,cut,25443,21837,no
rKaHyPar,para-4.mtx.hgr,no,no,4,8,0.03,0.029811,13.0649,cut,26625,22306,no
rKaHyPar,para-4.mtx.hgr,no,no,5,8,0.03,0.0299676,11.4841,cut,24505,21754,no
rKaHyPar,para-4.mtx.hgr,no,no,6,8,0.03,0.0299154,19.6245,cut,24465,21577,no
rKaHyPar,para-4.mtx.hgr,no,no,7,8,0.03,0.0298632,13.0229,cut,24833,22054,no
rKaHyPar,para-4.mtx.hgr,no,no,8,8,0.03,0.0297066,19.7857,cut,24558,21358,no
rKaHyPar,para-4.mtx.hgr,no,no,9,8,0.03,0.0299676,16.1916,cut,24243,21462,no
rKaHyPar,parabolic_fem.mtx.hgr,no,no,0,128,0.03,0.0296909,71.8108,cut,30579,29737,no
rKaHyPar,parabolic_fem.mtx.hgr,no,no,1,128,0.03,0.0299343,72.644,cut,30722,29829,no
rKaHyPar,parabolic_fem.mtx.hgr,no,no,2,128,0.03,0.0299343,74.2154,cut,30666,29811,no
rKaHyPar,parabolic_fem.mtx.hgr,no,no,3,128,0.03,0.0299343,72.2943,cut,30636,29759,no
rKaHyPar,parabolic_fem.mtx.hgr,no,no,4,128,0.03,0.0299343,97.6799,cut,30697,29834,no
rKaHyPar,parabolic_fem.mtx.hgr,no,no,5,128,0.03,0.0299343,72.3912,cut,30643,29762,no
rKaHyPar,parabolic_fem.mtx.hgr,no,no,6,128,0.03,0.0296909,97.6601,cut,30710,29813,no
rKaHyPar,parabolic_fem.mtx.hgr,no,no,7,128,0.03,0.0292042,73.0024,cut,30747,29897,no
rKaHyPar,parabolic_fem.mtx.hgr,no,no,8,128,0.03,0.0296909,98.3388,cut,30580,29678,no
rKaHyPar,parabolic_fem.mtx.hgr,no,no,9,128,0.03,0.0299343,72.3279,cut,30677,29853,no
rKaHyPar,parabolic_fem.mtx.hgr,no,no,0,16,0.03,0.0278716,86.539,cut,8971,8924,no
rKaHyPar,parabolic_fem.mtx.hgr,no,no,1,16,0.03,0.0251027,63.3796,cut,8994,8940,no
rKaHyPar,parabolic_fem.mtx.hgr,no,no,2,16,0.03,0.0297277,66.0701,cut,8922,8871,no
rKaHyPar,parabolic_fem.mtx.hgr,no,no,3,16,0.03,0.0269283,86.153,cut,8988,8935,no
rKaHyPar,parabolic_fem.mtx.hgr,no,no,4,16,0.03,0.0295147,86.8573,cut,8977,8924,no
rKaHyPar,parabolic_fem.mtx.hgr,no,no,5,16,0.03,0.0269283,62.6748,cut,8987,8940,no
rKaHyPar,parabolic_fem.mtx.hgr,no,no,6,16,0.03,0.0267458,89.3215,cut,8982,8929,no
rKaHyPar,parabolic_fem.mtx.hgr,no,no,7,16,0.03,0.0284193,82.1537,cut,8977,8924,no
rKaHyPar,parabolic_fem.mtx.hgr,no,no,8,16,0.03,0.0217861,62.7885,cut,8983,8931,no
rKaHyPar,parabolic_fem.mtx.hgr,no,no,9,16,0.03,0.0212384,65.7754,cut,8970,8913,no
rKaHyPar,parabolic_fem.mtx.hgr,no,no,0,2,0.03,0,45.05,cut,1026,1026,no
rKaHyPar,parabolic_fem.mtx.hgr,no,no,1,2,0.03,0,47.9524,cut,1026,1026,no
rKaHyPar,parabolic_fem.mtx.hgr,no,no,2,2,0.03,0,47.668,cut,1026,1026,no
rKaHyPar,parabolic_fem.mtx.hgr,no,no,3,2,0.03,0,46.4398,cut,1026,1026,no
rKaHyPar,parabolic_fem.mtx.hgr,no,no,4,2,0.03,0,34.5766,cut,1026,1026,no
rKaHyPar,parabolic_fem.mtx.hgr,no,no,5,2,0.03,0,47.4486,cut,1026,1026,no
rKaHyPar,parabolic_fem.mtx.hgr,no,no,6,2,0.03,0,35.2471,cut,1026,1026,no
rKaHyPar,parabolic_fem.mtx.hgr,no,no,7,2,0.03,0,35.4051,cut,1026,1026,no
rKaHyPar,parabolic_fem.mtx.hgr,no,no,8,2,0.03,0,47.0947,cut,1026,1026,no
rKaHyPar,parabolic_fem.mtx.hgr,no,no,9,2,0.03,0,35.8128,cut,1026,1026,no
rKaHyPar,parabolic_fem.mtx.hgr,no,no,0,32,0.03,0.0297572,63.9133,cut,13751,13585,no
rKaHyPar,parabolic_fem.mtx.hgr,no,no,1,32,0.03,0.0295746,65.7521,cut,13697,13523,no
rKaHyPar,parabolic_fem.mtx.hgr,no,no,2,32,0.03,0.0294529,71.0516,cut,13715,13562,no
rKaHyPar,parabolic_fem.mtx.hgr,no,no,3,32,0.03,0.0265928,90.5558,cut,13743,13581,no
rKaHyPar,parabolic_fem.mtx.hgr,no,no,4,32,0.03,0.0285401,65.8808,cut,13694,13509,no
rKaHyPar,parabolic_fem.mtx.hgr,no,no,5,32,0.03,0.0280533,92.1185,cut,13757,13596,no
rKaHyPar,parabolic_fem.mtx.hgr,no,no,6,32,0.03,0.0278707,90.6248,cut,13669,13500,no
rKaHyPar,parabolic_fem.mtx.hgr,no,no,7,32,0.03,0.0271405,67.0332,cut,13655,13488,no
rKaHyPar,parabolic_fem.mtx.hgr,no,no,8,32,0.03,0.0297572,63.9687,cut,13694,13544,no
rKaHyPar,parabolic_fem.mtx.hgr,no,no,9,32,0.03,0.0251932,66.526,cut,13794,13656,no
rKaHyPar,parabolic_fem.mtx.hgr,no,no,0,4,0.03,0.0280776,83.2673,cut,3063,3063,no
rKaHyPar,parabolic_fem.mtx.hgr,no,no,1,4,0.03,0,42.9497,cut,3078,3078,no
rKaHyPar,parabolic_fem.mtx.hgr,no,no,2,4,0.03,0,43.6565,cut,3078,3078,no
rKaHyPar,parabolic_fem.mtx.hgr,no,no,3,4,0.03,0.0280776,81.9564,cut,3063,3063,no
rKaHyPar,parabolic_fem.mtx.hgr,no,no,4,4,0.03,0,57.7446,cut,3078,3078,no
rKaHyPar,parabolic_fem.mtx.hgr,no,no,5,4,0.03,0,43.2352,cut,3078,3078,no
rKaHyPar,parabolic_fem.mtx.hgr,no,no,6,4,0.03,0.02807,63.7379,cut,3063,3063,no
rKaHyPar,parabolic_fem.mtx.hgr,no,no,7,4,0.03,0.02807,83.2116,cut,3063,3063,no
rKaHyPar,parabolic_fem.mtx.hgr,no,no,8,4,0.03,0.0280776,63.3,cut,3063,3063,no
rKaHyPar,parabolic_fem.mtx.hgr,no,no,9,4,0.03,0,44.2394,cut,3078,3078,no
rKaHyPar,parabolic_fem.mtx.hgr,no,no,0,64,0.03,0.0282341,65.3774,cut,21232,20897,no
rKaHyPar,parabolic_fem.mtx.hgr,no,no,1,64,0.03,0.0244615,64.1541,cut,21265,20915,no
rKaHyPar,parabolic_fem.mtx.hgr,no,no,2,64,0.03,0.0288426,65.3914,cut,21274,20909,no
rKaHyPar,parabolic_fem.mtx.hgr,no,no,3,64,0.03,0.0287209,65.7026,cut,21232,20885,no
rKaHyPar,parabolic_fem.mtx.hgr,no,no,4,64,0.03,0.0244615,65.5438,cut,21187,20824,no
rKaHyPar,parabolic_fem.mtx.hgr,no,no,5,64,0.03,0.0266521,88.3528,cut,21225,20849,no
rKaHyPar,parabolic_fem.mtx.hgr,no,no,6,64,0.03,0.0279908,66.3389,cut,21200,20836,no
rKaHyPar,parabolic_fem.mtx.hgr,no,no,7,64,0.03,0.0282341,91.2957,cut,21258,20905,no
rKaHyPar,parabolic_fem.mtx.hgr,no,no,8,64,0.03,0.0272606,88.6767,cut,21266,20906,no
rKaHyPar,parabolic_fem.mtx.hgr,no,no,9,64,0.03,0.0247049,65.2041,cut,21139,20784,no
rKaHyPar,parabolic_fem.mtx.hgr,no,no,0,8,0.03,0.0287088,64.1064,cut,5243,5225,no
rKaHyPar,parabolic_fem.mtx.hgr,no,no,1,8,0.03,0.0282524,65.5661,cut,5216,5198,no
rKaHyPar,parabolic_fem.mtx.hgr,no,no,2,8,0.03,0.0296368,88.1815,cut,5236,5216,no
rKaHyPar,parabolic_fem.mtx.hgr,no,no,3,8,0.03,0.0258333,92.9288,cut,5223,5205,no
rKaHyPar,parabolic_fem.mtx.hgr,no,no,4,8,0.03,0.0280242,66.3625,cut,5258,5240,no
rKaHyPar,parabolic_fem.mtx.hgr,no,no,5,8,0.03,0.0293478,65.2381,cut,5228,5209,no
rKaHyPar,parabolic_fem.mtx.hgr,no,no,6,8,0.03,0.0289674,65.6161,cut,5232,5212,no
rKaHyPar,parabolic_fem.mtx.hgr,no,no,7,8,0.03,0.028937,66.1924,cut,5248,5229,no
rKaHyPar,parabolic_fem.mtx.hgr,no,no,8,8,0.03,0.02737,65.9894,cut,5246,5228,no
rKaHyPar,parabolic_fem.mtx.hgr,no,no,9,8,0.03,0.0294695,68.8427,cut,5243,5225,no
rKaHyPar,pdb1HYS.mtx.hgr,no,no,0,128,0.03,0.0210526,14.1079,cut,103170,29910,no
rKaHyPar,pdb1HYS.mtx.hgr,no,no,1,128,0.03,0.0210526,9.19624,cut,101419,29871,no
rKaHyPar,pdb1HYS.mtx.hgr,no,no,2,128,0.03,0.0210526,9.27226,cut,104194,30054,no
rKaHyPar,pdb1HYS.mtx.hgr,no,no,3,128,0.03,0.0210526,9.4364,cut,102972,30020,no
rKaHyPar,pdb1HYS.mtx.hgr,no,no,4,128,0.03,0.0210526,14.0968,cut,103944,30078,no
rKaHyPar,pdb1HYS.mtx.hgr,no,no,5,128,0.03,0.0210526,9.33727,cut,103178,29949,no
rKaHyPar,pdb1HYS.mtx.hgr,no,no,6,128,0.03,0.0210526,14.1666,cut,98926,29823,no
rKaHyPar,pdb1HYS.mtx.hgr,no,no,7,128,0.03,0.0210526,9.20173,cut,105482,29856,no
rKaHyPar,pdb1HYS.mtx.hgr,no,no,8,128,0.03,0.0245614,14.0724,cut,101511,29757,no
rKaHyPar,pdb1HYS.mtx.hgr,no,no,9,128,0.03,0.0280702,9.53297,cut,100482,29750,no
rKaHyPar,pdb1HYS.mtx.hgr,no,no,0,16,0.03,0.0289855,8.16867,cut,17148,13185,no
rKaHyPar,pdb1HYS.mtx.hgr,no,no,1,16,0.03,0.0289855,5.46467,cut,18908,13071,no
rKaHyPar,pdb1HYS.mtx.hgr,no,no,2,16,0.03,0.0289855,5.51846,cut,17697,13089,no
rKaHyPar,pdb1HYS.mtx.hgr,no,no,3,16,0.03,0.0289855,8.19692,cut,17391,13017,no
rKaHyPar,pdb1HYS.mtx.hgr,no,no,4,16,0.03,0.0289855,8.08927,cut,17320,13122,no
rKaHyPar,pdb1HYS.mtx.hgr,no,no,5,16,0.03,0.0289855,5.3628,cut,17315,13029,no
rKaHyPar,pdb1HYS.mtx.hgr,no,no,6,16,0.03,0.0289855,8.14941,cut,17639,13008,no
rKaHyPar,pdb1HYS.mtx.hgr,no,no,7,16,0.03,0.0289855,8.38652,cut,16914,13032,no
rKaHyPar,pdb1HYS.mtx.hgr,no,no,8,16,0.03,0.0289855,5.42322,cut,17309,13023,no
rKaHyPar,pdb1HYS.mtx.hgr,no,no,9,16,0.03,0.0289855,5.53853,cut,17289,13041,no
rKaHyPar,pdb1HYS.mtx.hgr,no,no,0,2,0.03,0.0125762,4.14086,cut,1938,1938,no
rKaHyPar,pdb1HYS.mtx.hgr,no,no,1,2,0.03,0.0125762,3.85496,cut,1938,1938,no
rKaHyPar,pdb1HYS.mtx.hgr,no,no,2,2,0.03,0.0124114,3.64958,cut,1938,1938,no
rKaHyPar,pdb1HYS.mtx.hgr,no,no,3,2,0.03,0.0138942,4.62568,cut,1944,1944,no
rKaHyPar,pdb1HYS.mtx.hgr,no,no,4,2,0.03,0.0134,2.76201,cut,1938,1938,no
rKaHyPar,pdb1HYS.mtx.hgr,no,no,5,2,0.03,0.0130705,3.75984,cut,1938,1938,no
rKaHyPar,pdb1HYS.mtx.hgr,no,no,6,2,0.03,0.0134,2.75977,cut,1938,1938,no
rKaHyPar,pdb1HYS.mtx.hgr,no,no,7,2,0.03,0.0138942,2.97707,cut,1938,1938,no
rKaHyPar,pdb1HYS.mtx.hgr,no,no,8,2,0.03,0.0134,4.73409,cut,1941,1941,no
rKaHyPar,pdb1HYS.mtx.hgr,no,no,9,2,0.03,0.0129057,2.4419,cut,1941,1941,no
rKaHyPar,pdb1HYS.mtx.hgr,no,no,0,32,0.03,0.0298507,6.74481,cut,34346,19434,no
rKaHyPar,pdb1HYS.mtx.hgr,no,no,1,32,0.03,0.0298507,6.94632,cut,34428,19335,no
rKaHyPar,pdb1HYS.mtx.hgr,no,no,2,32,0.03,0.0298507,6.81849,cut,32821,19671,no
rKaHyPar,pdb1HYS.mtx.hgr,no,no,3,32,0.03,0.0298507,10.2551,cut,33434,19473,no
rKaHyPar,pdb1HYS.mtx.hgr,no,no,4,32,0.03,0.0298507,6.75553,cut,33839,19470,no
rKaHyPar,pdb1HYS.mtx.hgr,no,no,5,32,0.03,0.0298507,10.2869,cut,33246,19407,no
rKaHyPar,pdb1HYS.mtx.hgr,no,no,6,32,0.03,0.0298507,10.4176,cut,34648,19356,no
rKaHyPar,pdb1HYS.mtx.hgr,no,no,7,32,0.03,0.0298507,6.81632,cut,34594,19524,no
rKaHyPar,pdb1HYS.mtx.hgr,no,no,8,32,0.03,0.0272169,6.90418,cut,33984,19536,no
rKaHyPar,pdb1HYS.mtx.hgr,no,no,9,32,0.03,0.0298507,6.91175,cut,34660,19302,no
rKaHyPar,pdb1HYS.mtx.hgr,no,no,0,4,0.03,0.0299835,4.54223,cut,4194,3846,no
rKaHyPar,pdb1HYS.mtx.hgr,no,no,1,4,0.03,0.0299835,3.01874,cut,4080,3948,no
rKaHyPar,pdb1HYS.mtx.hgr,no,no,2,4,0.03,0.0299835,3.04416,cut,3969,3837,no
rKaHyPar,pdb1HYS.mtx.hgr,no,no,3,4,0.03,0.029654,4.49646,cut,4008,3876,no
rKaHyPar,pdb1HYS.mtx.hgr,no,no,4,4,0.03,0.0299835,4.25072,cut,3960,3828,no
rKaHyPar,pdb1HYS.mtx.hgr,no,no,5,4,0.03,0.0299835,2.56907,cut,4062,3930,no
rKaHyPar,pdb1HYS.mtx.hgr,no,no,6,4,0.03,0.0299835,3.01349,cut,3960,3828,no
rKaHyPar,pdb1HYS.mtx.hgr,no,no,7,4,0.03,0.029654,4.58526,cut,3966,3834,no
rKaHyPar,pdb1HYS.mtx.hgr,no,no,8,4,0.03,0.0299835,2.9323,cut,3975,3843,no
rKaHyPar,pdb1HYS.mtx.hgr,no,no,9,4,0.03,0.0299835,2.93671,cut,3993,3849,no
rKaHyPar,pdb1HYS.mtx.hgr,no,no,0,64,0.03,0.0263158,8.26641,cut,58954,25221,no
rKaHyPar,pdb1HYS.mtx.hgr,no,no,1,64,0.03,0.0263158,8.29598,cut,62789,25425,no
rKaHyPar,pdb1HYS.mtx.hgr,no,no,2,64,0.03,0.0263158,8.39829,cut,60209,25443,no
rKaHyPar,pdb1HYS.mtx.hgr,no,no,3,64,0.03,0.0263158,8.27419,cut,61460,25443,no
rKaHyPar,pdb1HYS.mtx.hgr,no,no,4,64,0.03,0.0263158,8.2757,cut,58780,25227,no
rKaHyPar,pdb1HYS.mtx.hgr,no,no,5,64,0.03,0.0263158,12.4972,cut,61761,25317,no
rKaHyPar,pdb1HYS.mtx.hgr,no,no,6,64,0.03,0.0263158,8.35105,cut,62655,25544,no
rKaHyPar,pdb1HYS.mtx.hgr,no,no,7,64,0.03,0.0263158,12.2986,cut,61852,25221,no
rKaHyPar,pdb1HYS.mtx.hgr,no,no,8,64,0.03,0.0263158,12.2351,cut,61015,25317,no
rKaHyPar,pdb1HYS.mtx.hgr,no,no,9,64,0.03,0.0263158,8.26291,cut,60636,25383,no
rKaHyPar,pdb1HYS.mtx.hgr,no,no,0,8,0.03,0.0298704,7.77439,cut,9273,8040,no
rKaHyPar,pdb1HYS.mtx.hgr,no,no,1,8,0.03,0.0272348,4.76497,cut,9141,7671,no
rKaHyPar,pdb1HYS.mtx.hgr,no,no,2,8,0.03,0.0298704,7.07619,cut,9000,7749,no
rKaHyPar,pdb1HYS.mtx.hgr,no,no,3,8,0.03,0.0298704,7.52591,cut,8418,7668,no
rKaHyPar,pdb1HYS.mtx.hgr,no,no,4,8,0.03,0.0298704,5.07201,cut,8544,7653,no
rKaHyPar,pdb1HYS.mtx.hgr,no,no,5,8,0.03,0.0298704,4.87821,cut,9390,8163,no
rKaHyPar,pdb1HYS.mtx.hgr,no,no,6,8,0.03,0.0278937,5.29873,cut,8565,7671,no
rKaHyPar,pdb1HYS.mtx.hgr,no,no,7,8,0.03,0.0298704,5.24296,cut,9180,7701,no
rKaHyPar,pdb1HYS.mtx.hgr,no,no,8,8,0.03,0.0292115,4.7184,cut,8901,7683,no
rKaHyPar,pdb1HYS.mtx.hgr,no,no,9,8,0.03,0.0292115,5.00274,cut,8550,7662,no
rKaHyPar,Pd_rhs.mtx.hgr,no,no,0,128,0.03,0,0.810724,cut,0,0,no
rKaHyPar,Pd_rhs.mtx.hgr,no,no,1,128,0.03,0,0.848118,cut,0,0,no
rKaHyPar,Pd_rhs.mtx.hgr,no,no,2,128,0.03,0,0.809057,cut,0,0,no
rKaHyPar,Pd_rhs.mtx.hgr,no,no,3,128,0.03,0,0.816258,cut,0,0,no
rKaHyPar,Pd_rhs.mtx.hgr,no,no,4,128,0.03,0,1.3838,cut,0,0,no
rKaHyPar,Pd_rhs.mtx.hgr,no,no,5,128,0.03,0,0.81628,cut,0,0,no
rKaHyPar,Pd_rhs.mtx.hgr,no,no,6,128,0.03,0,1.36825,cut,0,0,no
rKaHyPar,Pd_rhs.mtx.hgr,no,no,7,128,0.03,0,0.806281,cut,0,0,no
rKaHyPar,Pd_rhs.mtx.hgr,no,no,8,128,0.03,0,1.33039,cut,0,0,no
rKaHyPar,Pd_rhs.mtx.hgr,no,no,9,128,0.03,0,0.81393,cut,0,0,no
rKaHyPar,Pd_rhs.mtx.hgr,no,no,0,16,0.03,0,0.581676,cut,0,0,no
rKaHyPar,Pd_rhs.mtx.hgr,no,no,1,16,0.03,0,0.347564,cut,0,0,no
rKaHyPar,Pd_rhs.mtx.hgr,no,no,2,16,0.03,0,0.346682,cut,0,0,no
rKaHyPar,Pd_rhs.mtx.hgr,no,no,3,16,0.03,0,0.604904,cut,0,0,no
rKaHyPar,Pd_rhs.mtx.hgr,no,no,4,16,0.03,0,0.363299,cut,0,0,no
rKaHyPar,Pd_rhs.mtx.hgr,no,no,5,16,0.03,0,0.365757,cut,0,0,no
rKaHyPar,Pd_rhs.mtx.hgr,no,no,6,16,0.03,0,0.610829,cut,0,0,no
rKaHyPar,Pd_rhs.mtx.hgr,no,no,7,16,0.03,0,0.604507,cut,0,0,no
rKaHyPar,Pd_rhs.mtx.hgr,no,no,8,16,0.03,0,0.355955,cut,0,0,no
rKaHyPar,Pd_rhs.mtx.hgr,no,no,9,16,0.03,0,0.349837,cut,0,0,no
rKaHyPar,Pd_rhs.mtx.hgr,no,no,0,2,0.03,0,0.15496,cut,0,0,no
rKaHyPar,Pd_rhs.mtx.hgr,no,no,1,2,0.03,0,0.0890788,cut,0,0,no
rKaHyPar,Pd_rhs.mtx.hgr,no,no,2,2,0.03,0,0.146771,cut,0,0,no
rKaHyPar,Pd_rhs.mtx.hgr,no,no,3,2,0.03,0,0.15199,cut,0,0,no
rKaHyPar,Pd_rhs.mtx.hgr,no,no,4,2,0.03,0,0.0897359,cut,0,0,no
rKaHyPar,Pd_rhs.mtx.hgr,no,no,5,2,0.03,0,0.152343,cut,0,0,no
rKaHyPar,Pd_rhs.mtx.hgr,no,no,6,2,0.03,0,0.0911051,cut,0,0,no
rKaHyPar,Pd_rhs.mtx.hgr,no,no,7,2,0.03,0,0.150086,cut,0,0,no
rKaHyPar,Pd_rhs.mtx.hgr,no,no,8,2,0.03,0,0.150087,cut,0,0,no
rKaHyPar,Pd_rhs.mtx.hgr,no,no,9,2,0.03,0,0.0952523,cut,0,0,no
rKaHyPar,Pd_rhs.mtx.hgr,no,no,0,32,0.03,0,0.45741,cut,0,0,no
rKaHyPar,Pd_rhs.mtx.hgr,no,no,1,32,0.03,0,0.447073,cut,0,0,no
rKaHyPar,Pd_rhs.mtx.hgr,no,no,2,32,0.03,0,0.437809,cut,0,0,no
rKaHyPar,Pd_rhs.mtx.hgr,no,no,3,32,0.03,0,0.737922,cut,0,0,no
rKaHyPar,Pd_rhs.mtx.hgr,no,no,4,32,0.03,0,0.436452,cut,0,0,no
rKaHyPar,Pd_rhs.mtx.hgr,no,no,5,32,0.03,0,0.768285,cut,0,0,no
rKaHyPar,Pd_rhs.mtx.hgr,no,no,6,32,0.03,0,0.461168,cut,0,0,no
rKaHyPar,Pd_rhs.mtx.hgr,no,no,7,32,0.03,0,0.438145,cut,0,0,no
rKaHyPar,Pd_rhs.mtx.hgr,no,no,8,32,0.03,0,0.436898,cut,0,0,no
rKaHyPar,Pd_rhs.mtx.hgr,no,no,9,32,0.03,0,0.442207,cut,0,0,no
rKaHyPar,Pd_rhs.mtx.hgr,no,no,0,4,0.03,0,0.289811,cut,0,0,no
rKaHyPar,Pd_rhs.mtx.hgr,no,no,1,4,0.03,0,0.176378,cut,0,0,no
rKaHyPar,Pd_rhs.mtx.hgr,no,no,2,4,0.03,0,0.174608,cut,0,0,no
rKaHyPar,Pd_rhs.mtx.hgr,no,no,3,4,0.03,0,0.298016,cut,0,0,no
rKaHyPar,Pd_rhs.mtx.hgr,no,no,4,4,0.03,0,0.298894,cut,0,0,no
rKaHyPar,Pd_rhs.mtx.hgr,no,no,5,4,0.03,0,0.175434,cut,0,0,no
rKaHyPar,Pd_rhs.mtx.hgr,no,no,6,4,0.03,0,0.174598,cut,0,0,no
rKaHyPar,Pd_rhs.mtx.hgr,no,no,7,4,0.03,0,0.303104,cut,0,0,no
rKaHyPar,Pd_rhs.mtx.hgr,no,no,8,4,0.03,0,0.180665,cut,0,0,no
rKaHyPar,Pd_rhs.mtx.hgr,no,no,9,4,0.03,0,0.18406,cut,0,0,no
rKaHyPar,Pd_rhs.mtx.hgr,no,no,0,64,0.03,0,0.537761,cut,0,0,no
rKaHyPar,Pd_rhs.mtx.hgr,no,no,1,64,0.03,0,0.536987,cut,0,0,no
rKaHyPar,Pd_rhs.mtx.hgr,no,no,2,64,0.03,0,0.535181,cut,0,0,no
rKaHyPar,Pd_rhs.mtx.hgr,no,no,3,64,0.03,0,0.551114,cut,0,0,no
rKaHyPar,Pd_rhs.mtx.hgr,no,no,4,64,0.03,0,0.542962,cut,0,0,no
rKaHyPar,Pd_rhs.mtx.hgr,no,no,5,64,0.03,0,0.904109,cut,0,0,no
rKaHyPar,Pd_rhs.mtx.hgr,no,no,6,64,0.03,0,0.541559,cut,0,0,no
rKaHyPar,Pd_rhs.mtx.hgr,no,no,7,64,0.03,0,0.905842,cut,0,0,no
rKaHyPar,Pd_rhs.mtx.hgr,no,no,8,64,0.03,0,0.933334,cut,0,0,no
rKaHyPar,Pd_rhs.mtx.hgr,no,no,9,64,0.03,0,0.540903,cut,0,0,no
rKaHyPar,Pd_rhs.mtx.hgr,no,no,0,8,0.03,0,0.274589,cut,0,0,no
rKaHyPar,Pd_rhs.mtx.hgr,no,no,1,8,0.03,0,0.269659,cut,0,0,no
rKaHyPar,Pd_rhs.mtx.hgr,no,no,2,8,0.03,0,0.257423,cut,0,0,no
rKaHyPar,Pd_rhs.mtx.hgr,no,no,3,8,0.03,0,0.432177,cut,0,0,no
rKaHyPar,Pd_rhs.mtx.hgr,no,no,4,8,0.03,0,0.262641,cut,0,0,no
rKaHyPar,Pd_rhs.mtx.hgr,no,no,5,8,0.03,0,0.259783,cut,0,0,no
rKaHyPar,Pd_rhs.mtx.hgr,no,no,6,8,0.03,0,0.275442,cut,0,0,no
rKaHyPar,Pd_rhs.mtx.hgr,no,no,7,8,0.03,0,0.275279,cut,0,0,no
rKaHyPar,Pd_rhs.mtx.hgr,no,no,8,8,0.03,0,0.272278,cut,0,0,no
rKaHyPar,Pd_rhs.mtx.hgr,no,no,9,8,0.03,0,0.272031,cut,0,0,no
rKaHyPar,pds-90.mtx.hgr,no,no,0,128,0.03,0.0298789,65.3707,cut,59489,16676,no
rKaHyPar,pds-90.mtx.hgr,no,no,1,128,0.03,0.0298789,48.0091,cut,63192,16471,no
rKaHyPar,pds-90.mtx.hgr,no,no,2,128,0.03,0.0296097,47.331,cut,67196,17445,no
rKaHyPar,pds-90.mtx.hgr,no,no,3,128,0.03,0.0290713,47.6791,cut,66450,18293,no
rKaHyPar,pds-90.mtx.hgr,no,no,4,128,0.03,0.0298789,65.0053,cut,62216,17933,no
rKaHyPar,pds-90.mtx.hgr,no,no,5,128,0.03,0.0298789,47.4124,cut,63032,16732,no
rKaHyPar,pds-90.mtx.hgr,no,no,6,128,0.03,0.0293405,66.6777,cut,63714,17051,no
rKaHyPar,pds-90.mtx.hgr,no,no,7,128,0.03,0.0298789,47.505,cut,64881,17336,no
rKaHyPar,pds-90.mtx.hgr,no,no,8,128,0.03,0.0298789,65.2372,cut,60682,17093,no
rKaHyPar,pds-90.mtx.hgr,no,no,9,128,0.03,0.0298789,48.4864,cut,61809,17501,no
rKaHyPar,pds-90.mtx.hgr,no,no,0,16,0.03,0.0298492,48.9848,cut,15090,9379,no
rKaHyPar,pds-90.mtx.hgr,no,no,1,16,0.03,0.0297819,34.0143,cut,15675,9496,no
rKaHyPar,pds-90.mtx.hgr,no,no,2,16,0.03,0.0299838,35.5407,cut,16048,9524,no
rKaHyPar,pds-90.mtx.hgr,no,no,3,16,0.03,0.0293108,45.647,cut,16370,9385,no
rKaHyPar,pds-90.mtx.hgr,no,no,4,16,0.03,0.028907,33.5974,cut,16404,9493,no
rKaHyPar,pds-90.mtx.hgr,no,no,5,16,0.03,0.0294791,34.5105,cut,17023,10383,no
rKaHyPar,pds-90.mtx.hgr,no,no,6,16,0.03,0.0292435,48.3616,cut,18072,9852,no
rKaHyPar,pds-90.mtx.hgr,no,no,7,16,0.03,0.0291425,48.6872,cut,17325,9943,no
rKaHyPar,pds-90.mtx.hgr,no,no,8,16,0.03,0.0140665,33.7993,cut,18045,9802,no
rKaHyPar,pds-90.mtx.hgr,no,no,9,16,0.03,0.0294791,34.3363,cut,17602,9870,no
rKaHyPar,pds-90.mtx.hgr,no,no,0,2,0.03,0,16.9362,cut,1054,1054,no
rKaHyPar,pds-90.mtx.hgr,no,no,1,2,0.03,0,12.7661,cut,1054,1054,no
rKaHyPar,pds-90.mtx.hgr,no,no,2,2,0.03,0,18.0901,cut,1054,1054,no
rKaHyPar,pds-90.mtx.hgr,no,no,3,2,0.03,0,15.5186,cut,1054,1054,no
rKaHyPar,pds-90.mtx.hgr,no,no,4,2,0.03,0,11.3519,cut,1054,1054,no
rKaHyPar,pds-90.mtx.hgr,no,no,5,2,0.03,0,16.395,cut,1054,1054,no
rKaHyPar,pds-90.mtx.hgr,no,no,6,2,0.03,0.00257441,12.5847,cut,1054,1054,no
rKaHyPar,pds-90.mtx.hgr,no,no,7,2,0.03,0,18.7773,cut,1054,1054,no
rKaHyPar,pds-90.mtx.hgr,no,no,8,2,0.03,0,16.1132,cut,1054,1054,no
rKaHyPar,pds-90.mtx.hgr,no,no,9,2,0.03,0,11.3674,cut,1054,1054,no
rKaHyPar,pds-90.mtx.hgr,no,no,0,32,0.03,0.0290079,41.573,cut,29413,11891,no
rKaHyPar,pds-90.mtx.hgr,no,no,1,32,0.03,0.0294791,40.2325,cut,29231,12639,no
rKaHyPar,pds-90.mtx.hgr,no,no,2,32,0.03,0.0298156,39.9058,cut,30542,12123,no
rKaHyPar,pds-90.mtx.hgr,no,no,3,32,0.03,0.0299502,53.2443,cut,27769,12064,no
rKaHyPar,pds-90.mtx.hgr,no,no,4,32,0.03,0.0298156,38.1161,cut,25463,11576,no
rKaHyPar,pds-90.mtx.hgr,no,no,5,32,0.03,0.0294791,54.2878,cut,28396,12477,no
rKaHyPar,pds-90.mtx.hgr,no,no,6,32,0.03,0.0297483,38.4359,cut,28223,12424,no
rKaHyPar,pds-90.mtx.hgr,no,no,7,32,0.03,0.026585,40.5842,cut,29779,13032,no
rKaHyPar,pds-90.mtx.hgr,no,no,8,32,0.03,0.0299502,41.7369,cut,29737,12474,no
rKaHyPar,pds-90.mtx.hgr,no,no,9,32,0.03,0.0298829,40.3193,cut,28415,12167,no
rKaHyPar,pds-90.mtx.hgr,no,no,0,4,0.03,0,28.5205,cut,4217,3124,no
rKaHyPar,pds-90.mtx.hgr,no,no,1,4,0.03,0,21.6153,cut,3157,3124,no
rKaHyPar,pds-90.mtx.hgr,no,no,2,4,0.03,0,22.7856,cut,3968,3124,no
rKaHyPar,pds-90.mtx.hgr,no,no,3,4,0.03,0,28.534,cut,4320,3124,no
rKaHyPar,pds-90.mtx.hgr,no,no,4,4,0.03,0,28.7342,cut,4718,3124,no
rKaHyPar,pds-90.mtx.hgr,no,no,5,4,0.03,0,21.7144,cut,3796,3124,no
rKaHyPar,pds-90.mtx.hgr,no,no,6,4,0.03,0,21.3065,cut,3894,3124,no
rKaHyPar,pds-90.mtx.hgr,no,no,7,4,0.03,0,29.8987,cut,4229,3124,no
rKaHyPar,pds-90.mtx.hgr,no,no,8,4,0.03,0,20.9984,cut,3859,3124,no
rKaHyPar,pds-90.mtx.hgr,no,no,9,4,0.03,0,21.8728,cut,4384,3124,no
rKaHyPar,pds-90.mtx.hgr,no,no,0,64,0.03,0.0297483,42.7721,cut,49613,14705,no
rKaHyPar,pds-90.mtx.hgr,no,no,1,64,0.03,0.0297483,44.1968,cut,42332,14432,no
rKaHyPar,pds-90.mtx.hgr,no,no,2,64,0.03,0.0297483,43.8071,cut,43016,15536,no
rKaHyPar,pds-90.mtx.hgr,no,no,3,64,0.03,0.0297483,43.4828,cut,43843,15599,no
rKaHyPar,pds-90.mtx.hgr,no,no,4,64,0.03,0.0298829,42.5315,cut,42047,15330,no
rKaHyPar,pds-90.mtx.hgr,no,no,5,64,0.03,0.0297483,62.4819,cut,45002,14655,no
rKaHyPar,pds-90.mtx.hgr,no,no,6,64,0.03,0.0296137,41.9661,cut,44842,14551,no
rKaHyPar,pds-90.mtx.hgr,no,no,7,64,0.03,0.0296137,59.9221,cut,44759,14588,no
rKaHyPar,pds-90.mtx.hgr,no,no,8,64,0.03,0.0297483,57.9671,cut,46719,14465,no
rKaHyPar,pds-90.mtx.hgr,no,no,9,64,0.03,0.0298829,43.5032,cut,44036,15483,no
rKaHyPar,pds-90.mtx.hgr,no,no,0,8,0.03,0.0299507,36.7515,cut,8705,6651,no
rKaHyPar,pds-90.mtx.hgr,no,no,1,8,0.03,0.0274941,29.2449,cut,7818,6370,no
rKaHyPar,pds-90.mtx.hgr,no,no,2,8,0.03,0.0285709,28.414,cut,9010,6425,no
rKaHyPar,pds-90.mtx.hgr,no,no,3,8,0.03,0.0284027,36.1612,cut,9638,6111,no
rKaHyPar,pds-90.mtx.hgr,no,no,4,8,0.03,0.0260134,26.6488,cut,8954,6539,no
rKaHyPar,pds-90.mtx.hgr,no,no,5,8,0.03,0.0293618,29.7819,cut,8155,6555,no
rKaHyPar,pds-90.mtx.hgr,no,no,6,8,0.03,0.0299844,27.9502,cut,8423,6686,no
rKaHyPar,pds-90.mtx.hgr,no,no,7,8,0.03,0.0299339,30.4424,cut,9212,7010,no
rKaHyPar,pds-90.mtx.hgr,no,no,8,8,0.03,0.0254581,27.1387,cut,8928,6963,no
rKaHyPar,pds-90.mtx.hgr,no,no,9,8,0.03,0.0299507,29.1758,cut,10394,6673,no
rKaHyPar,pesa.mtx.hgr,no,no,0,128,0.03,0.0217391,5.22508,cut,4110,3438,no
rKaHyPar,pesa.mtx.hgr,no,no,1,128,0.03,0.0217391,5.25894,cut,4059,3413,no
rKaHyPar,pesa.mtx.hgr,no,no,2,128,0.03,0.0217391,5.28435,cut,4111,3446,no
rKaHyPar,pesa.mtx.hgr,no,no,3,128,0.03,0.0217391,5.36782,cut,4051,3401,no
rKaHyPar,pesa.mtx.hgr,no,no,4,128,0.03,0.0217391,7.35277,cut,4073,3412,no
rKaHyPar,pesa.mtx.hgr,no,no,5,128,0.03,0.0217391,5.32238,cut,4075,3404,no
rKaHyPar,pesa.mtx.hgr,no,no,6,128,0.03,0.0217391,5.16029,cut,4042,3400,no
rKaHyPar,pesa.mtx.hgr,no,no,7,128,0.03,0.0217391,5.23303,cut,4055,3402,no
rKaHyPar,pesa.mtx.hgr,no,no,8,128,0.03,0.0217391,7.27717,cut,4067,3421,no
rKaHyPar,pesa.mtx.hgr,no,no,9,128,0.03,0.0217391,5.16561,cut,4100,3433,no
rKaHyPar,pesa.mtx.hgr,no,no,0,16,0.03,0.0299728,2.07723,cut,764,725,no
rKaHyPar,pesa.mtx.hgr,no,no,1,16,0.03,0.013624,1.60796,cut,795,749,no
rKaHyPar,pesa.mtx.hgr,no,no,2,16,0.03,0.0299728,1.57558,cut,773,725,no
rKaHyPar,pesa.mtx.hgr,no,no,3,16,0.03,0.0149864,2.11631,cut,795,752,no
rKaHyPar,pesa.mtx.hgr,no,no,4,16,0.03,0.0286104,1.58757,cut,791,729,no
rKaHyPar,pesa.mtx.hgr,no,no,5,16,0.03,0.0231608,1.56973,cut,785,755,no
rKaHyPar,pesa.mtx.hgr,no,no,6,16,0.03,0.027248,2.12997,cut,782,740,no
rKaHyPar,pesa.mtx.hgr,no,no,7,16,0.03,0.0258856,2.04883,cut,788,733,no
rKaHyPar,pesa.mtx.hgr,no,no,8,16,0.03,0.0299728,1.55543,cut,787,749,no
rKaHyPar,pesa.mtx.hgr,no,no,9,16,0.03,0.027248,1.5905,cut,783,744,no
rKaHyPar,pesa.mtx.hgr,no,no,0,2,0.03,0.0279434,0.483851,cut,70,70,no
rKaHyPar,pesa.mtx.hgr,no,no,1,2,0.03,0.0279434,0.369271,cut,70,70,no
rKaHyPar,pesa.mtx.hgr,no,no,2,2,0.03,0.0279434,0.471674,cut,70,70,no
rKaHyPar,pesa.mtx.hgr,no,no,3,2,0.03,0,0.361147,cut,81,81,no
rKaHyPar,pesa.mtx.hgr,no,no,4,2,0.03,0.0279434,0.350958,cut,70,70,no
rKaHyPar,pesa.mtx.hgr,no,no,5,2,0.03,0.0279434,0.448452,cut,70,70,no
rKaHyPar,pesa.mtx.hgr,no,no,6,2,0.03,0.0279434,0.369744,cut,70,70,no
rKaHyPar,pesa.mtx.hgr,no,no,7,2,0.03,0.0279434,0.496768,cut,70,70,no
rKaHyPar,pesa.mtx.hgr,no,no,8,2,0.03,0.0279434,0.423619,cut,70,70,no
rKaHyPar,pesa.mtx.hgr,no,no,9,2,0.03,0.0279434,0.346131,cut,70,70,no
rKaHyPar,pesa.mtx.hgr,no,no,0,32,0.03,0.0299728,2.37692,cut,1389,1274,no
rKaHyPar,pesa.mtx.hgr,no,no,1,32,0.03,0.0299728,2.49426,cut,1429,1317,no
rKaHyPar,pesa.mtx.hgr,no,no,2,32,0.03,0.027248,2.44435,cut,1408,1292,no
rKaHyPar,pesa.mtx.hgr,no,no,3,32,0.03,0.027248,3.40415,cut,1434,1326,no
rKaHyPar,pesa.mtx.hgr,no,no,4,32,0.03,0.0245232,2.46112,cut,1430,1328,no
rKaHyPar,pesa.mtx.hgr,no,no,5,32,0.03,0.027248,2.44929,cut,1455,1342,no
rKaHyPar,pesa.mtx.hgr,no,no,6,32,0.03,0.0299728,2.44627,cut,1373,1271,no
rKaHyPar,pesa.mtx.hgr,no,no,7,32,0.03,0.0245232,2.4712,cut,1399,1302,no
rKaHyPar,pesa.mtx.hgr,no,no,8,32,0.03,0.0299728,3.37591,cut,1403,1279,no
rKaHyPar,pesa.mtx.hgr,no,no,9,32,0.03,0.0299728,2.50686,cut,1390,1270,no
rKaHyPar,pesa.mtx.hgr,no,no,0,4,0.03,0.0211244,0.746984,cut,176,176,no
rKaHyPar,pesa.mtx.hgr,no,no,1,4,0.03,0.0211244,0.542616,cut,176,176,no
rKaHyPar,pesa.mtx.hgr,no,no,2,4,0.03,0.0211244,0.715507,cut,176,176,no
rKaHyPar,pesa.mtx.hgr,no,no,3,4,0.03,0.0211244,0.687409,cut,179,176,no
rKaHyPar,pesa.mtx.hgr,no,no,4,4,0.03,0.0211244,0.727105,cut,176,176,no
rKaHyPar,pesa.mtx.hgr,no,no,5,4,0.03,0.0211244,0.554211,cut,176,176,no
rKaHyPar,pesa.mtx.hgr,no,no,6,4,0.03,0.0211244,0.534365,cut,176,176,no
rKaHyPar,pesa.mtx.hgr,no,no,7,4,0.03,0.0211244,0.72515,cut,176,176,no
rKaHyPar,pesa.mtx.hgr,no,no,8,4,0.03,0.0211244,0.527048,cut,176,176,no
rKaHyPar,pesa.mtx.hgr,no,no,9,4,0.03,0.0211244,0.550499,cut,176,176,no
rKaHyPar,pesa.mtx.hgr,no,no,0,64,0.03,0.0271739,3.75172,cut,2427,2193,no
rKaHyPar,pesa.mtx.hgr,no,no,1,64,0.03,0.0271739,3.86995,cut,2466,2213,no
rKaHyPar,pesa.mtx.hgr,no,no,2,64,0.03,0.0271739,3.75674,cut,2482,2206,no
rKaHyPar,pesa.mtx.hgr,no,no,3,64,0.03,0.0271739,3.70421,cut,2463,2220,no
rKaHyPar,pesa.mtx.hgr,no,no,4,64,0.03,0.0271739,3.9067,cut,2482,2223,no
rKaHyPar,pesa.mtx.hgr,no,no,5,64,0.03,0.0271739,5.22177,cut,2456,2210,no
rKaHyPar,pesa.mtx.hgr,no,no,6,64,0.03,0.0271739,3.70196,cut,2436,2192,no
rKaHyPar,pesa.mtx.hgr,no,no,7,64,0.03,0.0217391,5.13107,cut,2421,2185,no
rKaHyPar,pesa.mtx.hgr,no,no,8,64,0.03,0.0271739,5.20025,cut,2475,2218,no
rKaHyPar,pesa.mtx.hgr,no,no,9,64,0.03,0.0271739,3.69052,cut,2476,2228,no
rKaHyPar,pesa.mtx.hgr,no,no,0,8,0.03,0.0245232,0.924211,cut,404,386,no
rKaHyPar,pesa.mtx.hgr,no,no,1,8,0.03,0.0279292,1.25476,cut,384,369,no
rKaHyPar,pesa.mtx.hgr,no,no,2,8,0.03,0.0258856,0.900361,cut,399,381,no
rKaHyPar,pesa.mtx.hgr,no,no,3,8,0.03,0.0190736,1.27847,cut,400,382,no
rKaHyPar,pesa.mtx.hgr,no,no,4,8,0.03,0.01703,1.24829,cut,400,382,no
rKaHyPar,pesa.mtx.hgr,no,no,5,8,0.03,0.0190736,0.934991,cut,399,381,no
rKaHyPar,pesa.mtx.hgr,no,no,6,8,0.03,0.0265668,0.879347,cut,404,384,no
rKaHyPar,pesa.mtx.hgr,no,no,7,8,0.03,0.0265668,0.883159,cut,403,385,no
rKaHyPar,pesa.mtx.hgr,no,no,8,8,0.03,0.0183924,0.946126,cut,404,392,no
rKaHyPar,pesa.mtx.hgr,no,no,9,8,0.03,0.0143052,0.947748,cut,401,389,no
rKaHyPar,PGPgiantcompo.mtx.hgr,no,no,0,128,0.03,0.0238095,3.99534,cut,6911,1543,no
rKaHyPar,PGPgiantcompo.mtx.hgr,no,no,1,128,0.03,0.0238095,2.87017,cut,7587,1562,no
rKaHyPar,PGPgiantcompo.mtx.hgr,no,no,2,128,0.03,0.0238095,2.85667,cut,7411,1571,no
rKaHyPar,PGPgiantcompo.mtx.hgr,no,no,3,128,0.03,0.0238095,2.96351,cut,7466,1536,no
rKaHyPar,PGPgiantcompo.mtx.hgr,no,no,4,128,0.03,0.0238095,4.12316,cut,7498,1549,no
rKaHyPar,PGPgiantcompo.mtx.hgr,no,no,5,128,0.03,0.0238095,2.96911,cut,6958,1543,no
rKaHyPar,PGPgiantcompo.mtx.hgr,no,no,6,128,0.03,0.0238095,2.85057,cut,7501,1547,no
rKaHyPar,PGPgiantcompo.mtx.hgr,no,no,7,128,0.03,0.0238095,2.82148,cut,6998,1543,no
rKaHyPar,PGPgiantcompo.mtx.hgr,no,no,8,128,0.03,0.0238095,3.93975,cut,6900,1547,no
rKaHyPar,PGPgiantcompo.mtx.hgr,no,no,9,128,0.03,0.0238095,2.90909,cut,6840,1549,no
rKaHyPar,PGPgiantcompo.mtx.hgr,no,no,0,16,0.03,0.0269461,1.31482,cut,2511,941,no
rKaHyPar,PGPgiantcompo.mtx.hgr,no,no,1,16,0.03,0.0299401,0.963182,cut,2570,940,no
rKaHyPar,PGPgiantcompo.mtx.hgr,no,no,2,16,0.03,0.0299401,0.950204,cut,2402,959,no
rKaHyPar,PGPgiantcompo.mtx.hgr,no,no,3,16,0.03,0.0209581,1.3726,cut,2474,950,no
rKaHyPar,PGPgiantcompo.mtx.hgr,no,no,4,16,0.03,0.0284431,0.936683,cut,2715,950,no
rKaHyPar,PGPgiantcompo.mtx.hgr,no,no,5,16,0.03,0.0299401,0.977273,cut,2383,951,no
rKaHyPar,PGPgiantcompo.mtx.hgr,no,no,6,16,0.03,0.0284431,1.42449,cut,2472,942,no
rKaHyPar,PGPgiantcompo.mtx.hgr,no,no,7,16,0.03,0.0254491,1.32938,cut,2418,966,no
rKaHyPar,PGPgiantcompo.mtx.hgr,no,no,8,16,0.03,0.0284431,0.948981,cut,2394,966,no
rKaHyPar,PGPgiantcompo.mtx.hgr,no,no,9,16,0.03,0.0269461,0.888033,cut,2382,963,no
rKaHyPar,PGPgiantcompo.mtx.hgr,no,no,0,2,0.03,0.0174157,0.354489,cut,350,350,no
rKaHyPar,PGPgiantcompo.mtx.hgr,no,no,1,2,0.03,0,0.263242,cut,358,358,no
rKaHyPar,PGPgiantcompo.mtx.hgr,no,no,2,2,0.03,0,0.370103,cut,352,352,no
rKaHyPar,PGPgiantcompo.mtx.hgr,no,no,3,2,0.03,0.00898876,0.363661,cut,347,347,no
rKaHyPar,PGPgiantcompo.mtx.hgr,no,no,4,2,0.03,0.00617978,0.250019,cut,348,348,no
rKaHyPar,PGPgiantcompo.mtx.hgr,no,no,5,2,0.03,0.0234082,0.36606,cut,351,351,no
rKaHyPar,PGPgiantcompo.mtx.hgr,no,no,6,2,0.03,0,0.269546,cut,353,353,no
rKaHyPar,PGPgiantcompo.mtx.hgr,no,no,7,2,0.03,0.0104869,0.369121,cut,359,359,no
rKaHyPar,PGPgiantcompo.mtx.hgr,no,no,8,2,0.03,0.000749064,0.351051,cut,349,349,no
rKaHyPar,PGPgiantcompo.mtx.hgr,no,no,9,2,0.03,0.0106742,0.256163,cut,348,348,no
rKaHyPar,PGPgiantcompo.mtx.hgr,no,no,0,32,0.03,0.0299401,1.29883,cut,3586,1125,no
rKaHyPar,PGPgiantcompo.mtx.hgr,no,no,1,32,0.03,0.0269461,1.37728,cut,3901,1170,no
rKaHyPar,PGPgiantcompo.mtx.hgr,no,no,2,32,0.03,0.0149701,1.34845,cut,3582,1146,no
rKaHyPar,PGPgiantcompo.mtx.hgr,no,no,3,32,0.03,0.0269461,1.81124,cut,3487,1129,no
rKaHyPar,PGPgiantcompo.mtx.hgr,no,no,4,32,0.03,0.0299401,1.38616,cut,3766,1153,no
rKaHyPar,PGPgiantcompo.mtx.hgr,no,no,5,32,0.03,0.0299401,1.34486,cut,3746,1142,no
rKaHyPar,PGPgiantcompo.mtx.hgr,no,no,6,32,0.03,0.0299401,1.37216,cut,3720,1158,no
rKaHyPar,PGPgiantcompo.mtx.hgr,no,no,7,32,0.03,0.0299401,1.36221,cut,3590,1147,no
rKaHyPar,PGPgiantcompo.mtx.hgr,no,no,8,32,0.03,0.0269461,1.8558,cut,3640,1145,no
rKaHyPar,PGPgiantcompo.mtx.hgr,no,no,9,32,0.03,0.0209581,1.27639,cut,3584,1149,no
rKaHyPar,PGPgiantcompo.mtx.hgr,no,no,0,4,0.03,0.0284644,0.625143,cut,886,537,no
rKaHyPar,PGPgiantcompo.mtx.hgr,no,no,1,4,0.03,0.0277154,0.480134,cut,946,557,no
rKaHyPar,PGPgiantcompo.mtx.hgr,no,no,2,4,0.03,0.0292135,0.663609,cut,925,550,no
rKaHyPar,PGPgiantcompo.mtx.hgr,no,no,3,4,0.03,0.0292135,0.661692,cut,888,533,no
rKaHyPar,PGPgiantcompo.mtx.hgr,no,no,4,4,0.03,0.0292135,0.651675,cut,923,545,no
rKaHyPar,PGPgiantcompo.mtx.hgr,no,no,5,4,0.03,0.0247191,0.485039,cut,875,545,no
rKaHyPar,PGPgiantcompo.mtx.hgr,no,no,6,4,0.03,0.0292135,0.521686,cut,947,558,no
rKaHyPar,PGPgiantcompo.mtx.hgr,no,no,7,4,0.03,0.0299625,0.695393,cut,880,545,no
rKaHyPar,PGPgiantcompo.mtx.hgr,no,no,8,4,0.03,0.0284644,0.475893,cut,864,535,no
rKaHyPar,PGPgiantcompo.mtx.hgr,no,no,9,4,0.03,0.029588,0.459505,cut,897,547,no
rKaHyPar,PGPgiantcompo.mtx.hgr,no,no,0,64,0.03,0.0299401,2.1679,cut,5040,1317,no
rKaHyPar,PGPgiantcompo.mtx.hgr,no,no,1,64,0.03,0.0299401,2.06279,cut,5361,1323,no
rKaHyPar,PGPgiantcompo.mtx.hgr,no,no,2,64,0.03,0.0299401,2.05322,cut,5020,1296,no
rKaHyPar,PGPgiantcompo.mtx.hgr,no,no,3,64,0.03,0.0299401,2.06174,cut,5117,1298,no
rKaHyPar,PGPgiantcompo.mtx.hgr,no,no,4,64,0.03,0.0299401,2.03542,cut,5452,1326,no
rKaHyPar,PGPgiantcompo.mtx.hgr,no,no,5,64,0.03,0.0239521,2.90963,cut,5117,1330,no
rKaHyPar,PGPgiantcompo.mtx.hgr,no,no,6,64,0.03,0.0299401,2.12806,cut,5481,1303,no
rKaHyPar,PGPgiantcompo.mtx.hgr,no,no,7,64,0.03,0.0299401,2.90716,cut,5213,1321,no
rKaHyPar,PGPgiantcompo.mtx.hgr,no,no,8,64,0.03,0.0179641,2.8698,cut,5014,1306,no
rKaHyPar,PGPgiantcompo.mtx.hgr,no,no,9,64,0.03,0.0299401,2.01625,cut,5034,1295,no
rKaHyPar,PGPgiantcompo.mtx.hgr,no,no,0,8,0.03,0.0299625,0.956756,cut,1637,743,no
rKaHyPar,PGPgiantcompo.mtx.hgr,no,no,1,8,0.03,0.0209738,0.939431,cut,1588,742,no
rKaHyPar,PGPgiantcompo.mtx.hgr,no,no,2,8,0.03,0.0194757,0.735861,cut,1660,741,no
rKaHyPar,PGPgiantcompo.mtx.hgr,no,no,3,8,0.03,0.0292135,0.933089,cut,1458,749,no
rKaHyPar,PGPgiantcompo.mtx.hgr,no,no,4,8,0.03,0.0284644,0.970801,cut,1620,748,no
rKaHyPar,PGPgiantcompo.mtx.hgr,no,no,5,8,0.03,0.0247191,0.707855,cut,1514,735,no
rKaHyPar,PGPgiantcompo.mtx.hgr,no,no,6,8,0.03,0.0202247,0.698176,cut,1611,745,no
rKaHyPar,PGPgiantcompo.mtx.hgr,no,no,7,8,0.03,0.0292135,0.682182,cut,1487,724,no
rKaHyPar,PGPgiantcompo.mtx.hgr,no,no,8,8,0.03,0.0299625,0.675573,cut,1426,728,no
rKaHyPar,PGPgiantcompo.mtx.hgr,no,no,9,8,0.03,0.0277154,0.684883,cut,1413,730,no
rKaHyPar,pkustk11.mtx.hgr,no,no,0,128,0.03,0.0233236,7.24421,cut,58626,39912,no
rKaHyPar,pkustk11.mtx.hgr,no,no,1,128,0.03,0.0233236,7.3301,cut,58176,40056,no
rKaHyPar,pkustk11.mtx.hgr,no,no,2,128,0.03,0.0233236,7.33585,cut,58488,39672,no
rKaHyPar,pkustk11.mtx.hgr,no,no,3,128,0.03,0.0233236,7.32101,cut,57078,39612,no
rKaHyPar,pkustk11.mtx.hgr,no,no,4,128,0.03,0.0233236,10.19,cut,58314,39822,no
rKaHyPar,pkustk11.mtx.hgr,no,no,5,128,0.03,0.0233236,7.63581,cut,58746,39930,no
rKaHyPar,pkustk11.mtx.hgr,no,no,6,128,0.03,0.0233236,7.46536,cut,59250,39594,no
rKaHyPar,pkustk11.mtx.hgr,no,no,7,128,0.03,0.0233236,7.33331,cut,57360,39792,no
rKaHyPar,pkustk11.mtx.hgr,no,no,8,128,0.03,0.0233236,7.31496,cut,58560,39474,no
rKaHyPar,pkustk11.mtx.hgr,no,no,9,128,0.03,0.0233236,7.36415,cut,57156,39948,no
rKaHyPar,pkustk11.mtx.hgr,no,no,0,16,0.03,0.0298834,3.89115,cut,16242,14730,no
rKaHyPar,pkustk11.mtx.hgr,no,no,1,16,0.03,0.0298834,2.82297,cut,16350,15042,no
rKaHyPar,pkustk11.mtx.hgr,no,no,2,16,0.03,0.0276968,2.80413,cut,16758,15000,no
rKaHyPar,pkustk11.mtx.hgr,no,no,3,16,0.03,0.0298834,3.7794,cut,16704,15156,no
rKaHyPar,pkustk11.mtx.hgr,no,no,4,16,0.03,0.0276968,2.87586,cut,16830,15126,no
rKaHyPar,pkustk11.mtx.hgr,no,no,5,16,0.03,0.0255102,2.94356,cut,16794,15450,no
rKaHyPar,pkustk11.mtx.hgr,no,no,6,16,0.03,0.0276968,3.89756,cut,16782,15438,no
rKaHyPar,pkustk11.mtx.hgr,no,no,7,16,0.03,0.0266035,4.06095,cut,16806,15366,no
rKaHyPar,pkustk11.mtx.hgr,no,no,8,16,0.03,0.0244169,3.00569,cut,16380,15144,no
rKaHyPar,pkustk11.mtx.hgr,no,no,9,16,0.03,0.0255102,2.97398,cut,16650,15402,no
rKaHyPar,pkustk11.mtx.hgr,no,no,0,2,0.03,0.0034167,1.15623,cut,2904,2904,no
rKaHyPar,pkustk11.mtx.hgr,no,no,1,2,0.03,0.0034167,0.783527,cut,2904,2904,no
rKaHyPar,pkustk11.mtx.hgr,no,no,2,2,0.03,0.00369004,1.10898,cut,2904,2904,no
rKaHyPar,pkustk11.mtx.hgr,no,no,3,2,0.03,0.0034167,1.10341,cut,2904,2904,no
rKaHyPar,pkustk11.mtx.hgr,no,no,4,2,0.03,0.0034167,0.841542,cut,2904,2904,no
rKaHyPar,pkustk11.mtx.hgr,no,no,5,2,0.03,0.00369004,1.13402,cut,2904,2904,no
rKaHyPar,pkustk11.mtx.hgr,no,no,6,2,0.03,0.0034167,0.842814,cut,2904,2904,no
rKaHyPar,pkustk11.mtx.hgr,no,no,7,2,0.03,0.00369004,1.09516,cut,2904,2904,no
rKaHyPar,pkustk11.mtx.hgr,no,no,8,2,0.03,0.00369004,1.12599,cut,2904,2904,no
rKaHyPar,pkustk11.mtx.hgr,no,no,9,2,0.03,0.0034167,0.762021,cut,2904,2904,no
rKaHyPar,pkustk11.mtx.hgr,no,no,0,32,0.03,0.0298834,4.01448,cut,25110,21552,no
rKaHyPar,pkustk11.mtx.hgr,no,no,1,32,0.03,0.0276968,4.03185,cut,24528,21516,no
rKaHyPar,pkustk11.mtx.hgr,no,no,2,32,0.03,0.0276968,4.12509,cut,24882,21528,no
rKaHyPar,pkustk11.mtx.hgr,no,no,3,32,0.03,0.0276968,5.60839,cut,25086,21594,no
rKaHyPar,pkustk11.mtx.hgr,no,no,4,32,0.03,0.0298834,4.07669,cut,24732,21426,no
rKaHyPar,pkustk11.mtx.hgr,no,no,5,32,0.03,0.0298834,4.08146,cut,25104,21534,no
rKaHyPar,pkustk11.mtx.hgr,no,no,6,32,0.03,0.0276968,4.13411,cut,24570,21252,no
rKaHyPar,pkustk11.mtx.hgr,no,no,7,32,0.03,0.0276968,4.05663,cut,25344,21414,no
rKaHyPar,pkustk11.mtx.hgr,no,no,8,32,0.03,0.0298834,5.59807,cut,24756,21498,no
rKaHyPar,pkustk11.mtx.hgr,no,no,9,32,0.03,0.0298834,3.98495,cut,25062,21432,no
rKaHyPar,pkustk11.mtx.hgr,no,no,0,4,0.03,0.0034167,1.81724,cut,5688,5496,no
rKaHyPar,pkustk11.mtx.hgr,no,no,1,4,0.03,0.00724341,1.35599,cut,5688,5496,no
rKaHyPar,pkustk11.mtx.hgr,no,no,2,4,0.03,0.00369004,1.76232,cut,5688,5496,no
rKaHyPar,pkustk11.mtx.hgr,no,no,3,4,0.03,0.00779008,1.78373,cut,5688,5496,no
rKaHyPar,pkustk11.mtx.hgr,no,no,4,4,0.03,0.00724341,1.39431,cut,5688,5496,no
rKaHyPar,pkustk11.mtx.hgr,no,no,5,4,0.03,0.00369004,1.28494,cut,5688,5496,no
rKaHyPar,pkustk11.mtx.hgr,no,no,6,4,0.03,0.0034167,1.27994,cut,5688,5496,no
rKaHyPar,pkustk11.mtx.hgr,no,no,7,4,0.03,0.00369004,1.75013,cut,5688,5496,no
rKaHyPar,pkustk11.mtx.hgr,no,no,8,4,0.03,0.00369004,1.37755,cut,5688,5496,no
rKaHyPar,pkustk11.mtx.hgr,no,no,9,4,0.03,0.00369004,1.36269,cut,5688,5496,no
rKaHyPar,pkustk11.mtx.hgr,no,no,0,64,0.03,0.0276968,5.69468,cut,38514,30108,no
rKaHyPar,pkustk11.mtx.hgr,no,no,1,64,0.03,0.0276968,5.62303,cut,38940,30282,no
rKaHyPar,pkustk11.mtx.hgr,no,no,2,64,0.03,0.0276968,5.40925,cut,38970,30072,no
rKaHyPar,pkustk11.mtx.hgr,no,no,3,64,0.03,0.0276968,5.63005,cut,38808,30270,no
rKaHyPar,pkustk11.mtx.hgr,no,no,4,64,0.03,0.0276968,5.68755,cut,37902,29862,no
rKaHyPar,pkustk11.mtx.hgr,no,no,5,64,0.03,0.0276968,7.49538,cut,39198,30252,no
rKaHyPar,pkustk11.mtx.hgr,no,no,6,64,0.03,0.0276968,7.80555,cut,37758,29802,no
rKaHyPar,pkustk11.mtx.hgr,no,no,7,64,0.03,0.0276968,7.41014,cut,37062,29664,no
rKaHyPar,pkustk11.mtx.hgr,no,no,8,64,0.03,0.0276968,7.45311,cut,39120,30696,no
rKaHyPar,pkustk11.mtx.hgr,no,no,9,64,0.03,0.0233236,7.77812,cut,37704,29676,no
rKaHyPar,pkustk11.mtx.hgr,no,no,0,8,0.03,0.0282434,2.87243,cut,10242,9720,no
rKaHyPar,pkustk11.mtx.hgr,no,no,1,8,0.03,0.0298834,2.93435,cut,9966,9552,no
rKaHyPar,pkustk11.mtx.hgr,no,no,2,8,0.03,0.0276968,1.98462,cut,9600,9120,no
rKaHyPar,pkustk11.mtx.hgr,no,no,3,8,0.03,0.0293367,2.85677,cut,9600,9120,no
rKaHyPar,pkustk11.mtx.hgr,no,no,4,8,0.03,0.0222303,2.75098,cut,9912,9372,no
rKaHyPar,pkustk11.mtx.hgr,no,no,5,8,0.03,0.0255102,2.16202,cut,9600,9120,no
rKaHyPar,pkustk11.mtx.hgr,no,no,6,8,0.03,0.0282434,2.92537,cut,10278,9768,no
rKaHyPar,pkustk11.mtx.hgr,no,no,7,8,0.03,0.0298834,2.17197,cut,10278,9726,no
rKaHyPar,pkustk11.mtx.hgr,no,no,8,8,0.03,0.00419096,2.09097,cut,9624,9240,no
rKaHyPar,pkustk11.mtx.hgr,no,no,9,8,0.03,0.0293367,2.8172,cut,9612,9132,no
rKaHyPar,poisson3Db.mtx.hgr,no,no,0,128,0.03,0.0298954,89.4272,cut,191310,49588,no
rKaHyPar,poisson3Db.mtx.hgr,no,no,1,128,0.03,0.0298954,62.0136,cut,185079,49806,no
rKaHyPar,poisson3Db.mtx.hgr,no,no,2,128,0.03,0.0298954,61.5065,cut,179151,49590,no
rKaHyPar,poisson3Db.mtx.hgr,no,no,3,128,0.03,0.0298954,62.2796,cut,186535,49605,no
rKaHyPar,poisson3Db.mtx.hgr,no,no,4,128,0.03,0.0298954,90.7551,cut,190126,50020,no
rKaHyPar,poisson3Db.mtx.hgr,no,no,5,128,0.03,0.0298954,62.4391,cut,183529,49871,no
rKaHyPar,poisson3Db.mtx.hgr,no,no,6,128,0.03,0.0298954,63.1954,cut,185101,50027,no
rKaHyPar,poisson3Db.mtx.hgr,no,no,7,128,0.03,0.0298954,63.6068,cut,179215,49517,no
rKaHyPar,poisson3Db.mtx.hgr,no,no,8,128,0.03,0.0298954,63.5023,cut,185863,49829,no
rKaHyPar,poisson3Db.mtx.hgr,no,no,9,128,0.03,0.0298954,63.2254,cut,186177,49854,no
rKaHyPar,poisson3Db.mtx.hgr,no,no,0,16,0.03,0.029148,63.6402,cut,44486,22012,no
rKaHyPar,poisson3Db.mtx.hgr,no,no,1,16,0.03,0.0298954,40.4142,cut,37878,21633,no
rKaHyPar,poisson3Db.mtx.hgr,no,no,2,16,0.03,0.0298954,42.7417,cut,47059,21976,no
rKaHyPar,poisson3Db.mtx.hgr,no,no,3,16,0.03,0.0293348,59.8023,cut,46391,22295,no
rKaHyPar,poisson3Db.mtx.hgr,no,no,4,16,0.03,0.0250374,44.7049,cut,47059,21678,no
rKaHyPar,poisson3Db.mtx.hgr,no,no,5,16,0.03,0.0276532,43.8191,cut,42854,22215,no
rKaHyPar,poisson3Db.mtx.hgr,no,no,6,16,0.03,0.0298954,59.2536,cut,45808,22294,no
rKaHyPar,poisson3Db.mtx.hgr,no,no,7,16,0.03,0.029148,64.599,cut,49562,22376,no
rKaHyPar,poisson3Db.mtx.hgr,no,no,8,16,0.03,0.0289611,42.3579,cut,51378,22139,no
rKaHyPar,poisson3Db.mtx.hgr,no,no,9,16,0.03,0.0282138,42.7164,cut,43671,21293,no
rKaHyPar,poisson3Db.mtx.hgr,no,no,0,2,0.03,0.0285901,29.5561,cut,4268,4268,no
rKaHyPar,poisson3Db.mtx.hgr,no,no,1,2,0.03,0.0156965,17.6614,cut,4256,4256,no
rKaHyPar,poisson3Db.mtx.hgr,no,no,2,2,0.03,0.00450808,24.7102,cut,4291,4291,no
rKaHyPar,poisson3Db.mtx.hgr,no,no,3,2,0.03,0.0102308,28.7569,cut,4258,4258,no
rKaHyPar,poisson3Db.mtx.hgr,no,no,4,2,0.03,0.029104,21.5474,cut,4270,4270,no
rKaHyPar,poisson3Db.mtx.hgr,no,no,5,2,0.03,0.0295011,26.9003,cut,4269,4269,no
rKaHyPar,poisson3Db.mtx.hgr,no,no,6,2,0.03,0.00450808,21.349,cut,4291,4291,no
rKaHyPar,poisson3Db.mtx.hgr,no,no,7,2,0.03,0.00450808,24.9155,cut,4291,4291,no
rKaHyPar,poisson3Db.mtx.hgr,no,no,8,2,0.03,0.0102308,23.4451,cut,4258,4258,no
rKaHyPar,poisson3Db.mtx.hgr,no,no,9,2,0.03,0.0156965,21.7525,cut,4256,4256,no
rKaHyPar,poisson3Db.mtx.hgr,no,no,0,32,0.03,0.0298954,48.1718,cut,72380,28954,no
rKaHyPar,poisson3Db.mtx.hgr,no,no,1,32,0.03,0.0298954,48.2871,cut,81046,29559,no
rKaHyPar,poisson3Db.mtx.hgr,no,no,2,32,0.03,0.0298954,48.5994,cut,76125,28977,no
rKaHyPar,poisson3Db.mtx.hgr,no,no,3,32,0.03,0.0298954,66.7354,cut,76866,29047,no
rKaHyPar,poisson3Db.mtx.hgr,no,no,4,32,0.03,0.0287743,49.4306,cut,73103,28565,no
rKaHyPar,poisson3Db.mtx.hgr,no,no,5,32,0.03,0.029148,46.9409,cut,75119,28764,no
rKaHyPar,poisson3Db.mtx.hgr,no,no,6,32,0.03,0.0298954,51.6548,cut,78207,29567,no
rKaHyPar,poisson3Db.mtx.hgr,no,no,7,32,0.03,0.0298954,50.2235,cut,81942,29902,no
rKaHyPar,poisson3Db.mtx.hgr,no,no,8,32,0.03,0.0298954,67.4485,cut,72019,28920,no
rKaHyPar,poisson3Db.mtx.hgr,no,no,9,32,0.03,0.0287743,49.8983,cut,75554,28764,no
rKaHyPar,poisson3Db.mtx.hgr,no,no,0,4,0.03,0.0287303,52.9479,cut,11109,8720,no
rKaHyPar,poisson3Db.mtx.hgr,no,no,1,4,0.03,0.0270018,32.4343,cut,10763,8722,no
rKaHyPar,poisson3Db.mtx.hgr,no,no,2,4,0.03,0.0298047,42.0777,cut,12725,8849,no
rKaHyPar,poisson3Db.mtx.hgr,no,no,3,4,0.03,0.0150892,35.604,cut,10920,8773,no
rKaHyPar,poisson3Db.mtx.hgr,no,no,4,4,0.03,0.0278894,34.316,cut,11375,8763,no
rKaHyPar,poisson3Db.mtx.hgr,no,no,5,4,0.03,0.0160703,29.9486,cut,10753,8718,no
rKaHyPar,poisson3Db.mtx.hgr,no,no,6,4,0.03,0.0299916,32.4108,cut,11166,8820,no
rKaHyPar,poisson3Db.mtx.hgr,no,no,7,4,0.03,0.0165841,48.4014,cut,10914,8718,no
rKaHyPar,poisson3Db.mtx.hgr,no,no,8,4,0.03,0.0160703,30.5088,cut,10753,8718,no
rKaHyPar,poisson3Db.mtx.hgr,no,no,9,4,0.03,0.0279828,35.6266,cut,10821,8764,no
rKaHyPar,poisson3Db.mtx.hgr,no,no,0,64,0.03,0.0298954,58.0055,cut,119524,38735,no
rKaHyPar,poisson3Db.mtx.hgr,no,no,1,64,0.03,0.0298954,54.9211,cut,115233,39321,no
rKaHyPar,poisson3Db.mtx.hgr,no,no,2,64,0.03,0.0298954,56.5312,cut,118024,38384,no
rKaHyPar,poisson3Db.mtx.hgr,no,no,3,64,0.03,0.0298954,54.8374,cut,121261,38800,no
rKaHyPar,poisson3Db.mtx.hgr,no,no,4,64,0.03,0.0298954,58.4554,cut,118917,39146,no
rKaHyPar,poisson3Db.mtx.hgr,no,no,5,64,0.03,0.0298954,78.0724,cut,117341,39147,no
rKaHyPar,poisson3Db.mtx.hgr,no,no,6,64,0.03,0.0298954,78.9289,cut,113838,38285,no
rKaHyPar,poisson3Db.mtx.hgr,no,no,7,64,0.03,0.0298954,80.229,cut,119703,38966,no
rKaHyPar,poisson3Db.mtx.hgr,no,no,8,64,0.03,0.0298954,80.1918,cut,118572,39001,no
rKaHyPar,poisson3Db.mtx.hgr,no,no,9,64,0.03,0.0298954,79.2216,cut,110705,38510,no
rKaHyPar,poisson3Db.mtx.hgr,no,no,0,8,0.03,0.0286835,50.0346,cut,24415,15577,no
rKaHyPar,poisson3Db.mtx.hgr,no,no,1,8,0.03,0.0298982,50.3569,cut,24709,15622,no
rKaHyPar,poisson3Db.mtx.hgr,no,no,2,8,0.03,0.0234514,35.6277,cut,27675,15878,no
rKaHyPar,poisson3Db.mtx.hgr,no,no,3,8,0.03,0.0286835,47.6968,cut,24875,15613,no
rKaHyPar,poisson3Db.mtx.hgr,no,no,4,8,0.03,0.0277492,62.9112,cut,23630,16013,no
rKaHyPar,poisson3Db.mtx.hgr,no,no,5,8,0.03,0.0223302,35.6599,cut,27179,15798,no
rKaHyPar,poisson3Db.mtx.hgr,no,no,6,8,0.03,0.0285901,49.1452,cut,22251,15769,no
rKaHyPar,poisson3Db.mtx.hgr,no,no,7,8,0.03,0.0296179,52.1968,cut,23030,15654,no
rKaHyPar,poisson3Db.mtx.hgr,no,no,8,8,0.03,0.0203681,35.069,cut,22472,15692,no
rKaHyPar,poisson3Db.mtx.hgr,no,no,9,8,0.03,0.0286835,76.6375,cut,25999,15845,no
rKaHyPar,poli3.mtx.hgr,no,no,0,128,0.03,0.0075188,2.10042,cut,3208,345,no
rKaHyPar,poli3.mtx.hgr,no,no,1,128,0.03,0.0225564,1.96106,cut,3114,342,no
rKaHyPar,poli3.mtx.hgr,no,no,2,128,0.03,0.0225564,1.96883,cut,3115,333,no
rKaHyPar,poli3.mtx.hgr,no,no,3,128,0.03,0.0225564,1.96924,cut,3076,338,no
rKaHyPar,poli3.mtx.hgr,no,no,4,128,0.03,0.0225564,2.85108,cut,3219,337,no
rKaHyPar,poli3.mtx.hgr,no,no,5,128,0.03,0.0225564,2.13448,cut,3246,340,no
rKaHyPar,poli3.mtx.hgr,no,no,6,128,0.03,0.0225564,2.08459,cut,3013,340,no
rKaHyPar,poli3.mtx.hgr,no,no,7,128,0.03,0.0225564,1.97447,cut,3194,336,no
rKaHyPar,poli3.mtx.hgr,no,no,8,128,0.03,0.0225564,2.08793,cut,3162,340,no
rKaHyPar,poli3.mtx.hgr,no,no,9,128,0.03,0.0225564,1.96608,cut,3129,336,no
rKaHyPar,poli3.mtx.hgr,no,no,0,16,0.03,0.0141509,1.04514,cut,1044,236,no
rKaHyPar,poli3.mtx.hgr,no,no,1,16,0.03,0.000943396,0.703403,cut,1051,237,no
rKaHyPar,poli3.mtx.hgr,no,no,2,16,0.03,0.00283019,0.676835,cut,1052,244,no
rKaHyPar,poli3.mtx.hgr,no,no,3,16,0.03,0.0122642,1.02838,cut,1074,238,no
rKaHyPar,poli3.mtx.hgr,no,no,4,16,0.03,0.0292453,1.00659,cut,1034,230,no
rKaHyPar,poli3.mtx.hgr,no,no,5,16,0.03,0.0132075,0.659332,cut,1056,240,no
rKaHyPar,poli3.mtx.hgr,no,no,6,16,0.03,0.0254717,1.0042,cut,1043,236,no
rKaHyPar,poli3.mtx.hgr,no,no,7,16,0.03,0.0198113,0.694283,cut,1012,232,no
rKaHyPar,poli3.mtx.hgr,no,no,8,16,0.03,0.00849057,0.670819,cut,1049,232,no
rKaHyPar,poli3.mtx.hgr,no,no,9,16,0.03,0.0132075,0.673671,cut,1026,231,no
rKaHyPar,poli3.mtx.hgr,no,no,0,2,0.03,0,0.405417,cut,107,107,no
rKaHyPar,poli3.mtx.hgr,no,no,1,2,0.03,0,0.382082,cut,109,109,no
rKaHyPar,poli3.mtx.hgr,no,no,2,2,0.03,0,0.383776,cut,110,110,no
rKaHyPar,poli3.mtx.hgr,no,no,3,2,0.03,0,0.397777,cut,108,108,no
rKaHyPar,poli3.mtx.hgr,no,no,4,2,0.03,0,0.384982,cut,108,108,no
rKaHyPar,poli3.mtx.hgr,no,no,5,2,0.03,0,0.373883,cut,104,104,no
rKaHyPar,poli3.mtx.hgr,no,no,6,2,0.03,0,0.245486,cut,105,105,no
rKaHyPar,poli3.mtx.hgr,no,no,7,2,0.03,0,0.259855,cut,107,107,no
rKaHyPar,poli3.mtx.hgr,no,no,8,2,0.03,0,0.360618,cut,111,111,no
rKaHyPar,poli3.mtx.hgr,no,no,9,2,0.03,0,0.280745,cut,108,108,no
rKaHyPar,poli3.mtx.hgr,no,no,0,32,0.03,0.0132075,0.888471,cut,1646,269,no
rKaHyPar,poli3.mtx.hgr,no,no,1,32,0.03,0.00754717,0.902077,cut,1679,263,no
rKaHyPar,poli3.mtx.hgr,no,no,2,32,0.03,0.00566038,0.880205,cut,1683,268,no
rKaHyPar,poli3.mtx.hgr,no,no,3,32,0.03,0.00377358,1.31067,cut,1642,267,no
rKaHyPar,poli3.mtx.hgr,no,no,4,32,0.03,0.0207547,0.95101,cut,1707,271,no
rKaHyPar,poli3.mtx.hgr,no,no,5,32,0.03,0,0.94308,cut,1651,265,no
rKaHyPar,poli3.mtx.hgr,no,no,6,32,0.03,0,0.911558,cut,1706,267,no
rKaHyPar,poli3.mtx.hgr,no,no,7,32,0.03,0.0245283,0.920633,cut,1625,261,no
rKaHyPar,poli3.mtx.hgr,no,no,8,32,0.03,0.00754717,1.35757,cut,1682,258,no
rKaHyPar,poli3.mtx.hgr,no,no,9,32,0.03,0.0113208,0.934854,cut,1641,260,no
rKaHyPar,poli3.mtx.hgr,no,no,0,4,0.03,0.0195801,0.593631,cut,284,125,no
rKaHyPar,poli3.mtx.hgr,no,no,1,4,0.03,0.0193442,0.364123,cut,285,131,no
rKaHyPar,poli3.mtx.hgr,no,no,2,4,0.03,0.0186365,0.590249,cut,286,126,no
rKaHyPar,poli3.mtx.hgr,no,no,3,4,0.03,0.0212314,0.581973,cut,285,129,no
rKaHyPar,poli3.mtx.hgr,no,no,4,4,0.03,0.0212314,0.381355,cut,292,123,no
rKaHyPar,poli3.mtx.hgr,no,no,5,4,0.03,0.0226469,0.37739,cut,270,124,no
rKaHyPar,poli3.mtx.hgr,no,no,6,4,0.03,0.0143902,0.382844,cut,284,124,no
rKaHyPar,poli3.mtx.hgr,no,no,7,4,0.03,0.0181647,0.561732,cut,271,125,no
rKaHyPar,poli3.mtx.hgr,no,no,8,4,0.03,0.0155697,0.388907,cut,283,128,no
rKaHyPar,poli3.mtx.hgr,no,no,9,4,0.03,0.027129,0.58834,cut,281,123,no
rKaHyPar,poli3.mtx.hgr,no,no,0,64,0.03,0.00754717,1.22752,cut,2414,306,no
rKaHyPar,poli3.mtx.hgr,no,no,1,64,0.03,0.00754717,1.22031,cut,2359,305,no
rKaHyPar,poli3.mtx.hgr,no,no,2,64,0.03,0.00754717,1.26676,cut,2467,296,no
rKaHyPar,poli3.mtx.hgr,no,no,3,64,0.03,0.00754717,1.3042,cut,2386,306,no
rKaHyPar,poli3.mtx.hgr,no,no,4,64,0.03,0.00377358,1.24455,cut,2467,292,no
rKaHyPar,poli3.mtx.hgr,no,no,5,64,0.03,0.00377358,1.78748,cut,2301,300,no
rKaHyPar,poli3.mtx.hgr,no,no,6,64,0.03,0.0113208,1.87298,cut,2307,304,no
rKaHyPar,poli3.mtx.hgr,no,no,7,64,0.03,0.0150943,1.86531,cut,2392,302,no
rKaHyPar,poli3.mtx.hgr,no,no,8,64,0.03,0.00754717,1.83161,cut,2392,301,no
rKaHyPar,poli3.mtx.hgr,no,no,9,64,0.03,0.00377358,1.92641,cut,2456,298,no
rKaHyPar,poli3.mtx.hgr,no,no,0,8,0.03,0.00141509,0.771233,cut,573,191,no
rKaHyPar,poli3.mtx.hgr,no,no,1,8,0.03,0.0245283,0.746063,cut,589,187,no
rKaHyPar,poli3.mtx.hgr,no,no,2,8,0.03,0.025,0.779348,cut,591,193,no
rKaHyPar,poli3.mtx.hgr,no,no,3,8,0.03,0.0240566,0.738381,cut,561,188,no
rKaHyPar,poli3.mtx.hgr,no,no,4,8,0.03,0.0273585,0.770546,cut,590,190,no
rKaHyPar,poli3.mtx.hgr,no,no,5,8,0.03,0.0259434,0.505601,cut,588,193,no
rKaHyPar,poli3.mtx.hgr,no,no,6,8,0.03,0.0273585,0.778919,cut,568,190,no
rKaHyPar,poli3.mtx.hgr,no,no,7,8,0.03,0.0226415,0.528905,cut,576,190,no
rKaHyPar,poli3.mtx.hgr,no,no,8,8,0.03,0.0179245,0.527745,cut,587,184,no
rKaHyPar,poli3.mtx.hgr,no,no,9,8,0.03,0.0141509,0.779516,cut,590,196,no
rKaHyPar,powersim.mtx.hgr,no,no,0,128,0.03,0.0241935,5.79613,cut,1389,820,no
rKaHyPar,powersim.mtx.hgr,no,no,1,128,0.03,0.0241935,4.08964,cut,1406,814,no
rKaHyPar,powersim.mtx.hgr,no,no,2,128,0.03,0.0241935,4.17851,cut,1378,807,no
rKaHyPar,powersim.mtx.hgr,no,no,3,128,0.03,0.0241935,4.10339,cut,1396,817,no
rKaHyPar,powersim.mtx.hgr,no,no,4,128,0.03,0.0241935,5.62145,cut,1418,809,no
rKaHyPar,powersim.mtx.hgr,no,no,5,128,0.03,0.0241935,4.11969,cut,1390,817,no
rKaHyPar,powersim.mtx.hgr,no,no,6,128,0.03,0.0241935,4.13042,cut,1413,816,no
rKaHyPar,powersim.mtx.hgr,no,no,7,128,0.03,0.0241935,4.09433,cut,1360,809,no
rKaHyPar,powersim.mtx.hgr,no,no,8,128,0.03,0.0241935,4.06258,cut,1411,804,no
rKaHyPar,powersim.mtx.hgr,no,no,9,128,0.03,0.0241935,4.14943,cut,1396,809,no
rKaHyPar,powersim.mtx.hgr,no,no,0,16,0.03,0.0282828,1.15086,cut,253,216,no
rKaHyPar,powersim.mtx.hgr,no,no,1,16,0.03,0.0272727,0.86415,cut,254,219,no
rKaHyPar,powersim.mtx.hgr,no,no,2,16,0.03,0.0272727,0.812928,cut,244,211,no
rKaHyPar,powersim.mtx.hgr,no,no,3,16,0.03,0.0272727,1.14694,cut,238,213,no
rKaHyPar,powersim.mtx.hgr,no,no,4,16,0.03,0.0272727,1.13206,cut,246,211,no
rKaHyPar,powersim.mtx.hgr,no,no,5,16,0.03,0.0272727,0.79082,cut,266,221,no
rKaHyPar,powersim.mtx.hgr,no,no,6,16,0.03,0.0272727,1.16948,cut,242,215,no
rKaHyPar,powersim.mtx.hgr,no,no,7,16,0.03,0.0292929,0.783948,cut,252,211,no
rKaHyPar,powersim.mtx.hgr,no,no,8,16,0.03,0.0272727,0.803936,cut,256,213,no
rKaHyPar,powersim.mtx.hgr,no,no,9,16,0.03,0.0282828,0.844468,cut,266,223,no
rKaHyPar,powersim.mtx.hgr,no,no,0,2,0.03,0.00239929,0.17106,cut,10,10,no
rKaHyPar,powersim.mtx.hgr,no,no,1,2,0.03,0.00239929,0.177121,cut,10,10,no
rKaHyPar,powersim.mtx.hgr,no,no,2,2,0.03,0.00239929,0.17541,cut,10,10,no
rKaHyPar,powersim.mtx.hgr,no,no,3,2,0.03,0.00239929,0.20025,cut,10,10,no
rKaHyPar,powersim.mtx.hgr,no,no,4,2,0.03,0.00239929,0.17409,cut,10,10,no
rKaHyPar,powersim.mtx.hgr,no,no,5,2,0.03,0.00239929,0.17593,cut,10,10,no
rKaHyPar,powersim.mtx.hgr,no,no,6,2,0.03,0.00239929,0.123972,cut,10,10,no
rKaHyPar,powersim.mtx.hgr,no,no,7,2,0.03,0.00239929,0.130131,cut,10,10,no
rKaHyPar,powersim.mtx.hgr,no,no,8,2,0.03,0.00239929,0.194138,cut,10,10,no
rKaHyPar,powersim.mtx.hgr,no,no,9,2,0.03,0.00239929,0.130724,cut,10,10,no
rKaHyPar,powersim.mtx.hgr,no,no,0,32,0.03,0.0282828,1.39312,cut,494,350,no
rKaHyPar,powersim.mtx.hgr,no,no,1,32,0.03,0.0282828,1.46975,cut,471,360,no
rKaHyPar,powersim.mtx.hgr,no,no,2,32,0.03,0.0282828,1.44602,cut,497,356,no
rKaHyPar,powersim.mtx.hgr,no,no,3,32,0.03,0.0282828,1.98459,cut,493,362,no
rKaHyPar,powersim.mtx.hgr,no,no,4,32,0.03,0.0282828,1.43649,cut,501,366,no
rKaHyPar,powersim.mtx.hgr,no,no,5,32,0.03,0.0282828,1.36992,cut,522,367,no
rKaHyPar,powersim.mtx.hgr,no,no,6,32,0.03,0.0282828,1.41756,cut,502,361,no
rKaHyPar,powersim.mtx.hgr,no,no,7,32,0.03,0.0141414,1.42372,cut,499,368,no
rKaHyPar,powersim.mtx.hgr,no,no,8,32,0.03,0.0282828,1.97751,cut,480,357,no
rKaHyPar,powersim.mtx.hgr,no,no,9,32,0.03,0.0282828,1.51885,cut,478,363,no
rKaHyPar,powersim.mtx.hgr,no,no,0,4,0.03,0.0290404,0.400221,cut,51,51,no
rKaHyPar,powersim.mtx.hgr,no,no,1,4,0.03,0.0171717,0.284721,cut,55,55,no
rKaHyPar,powersim.mtx.hgr,no,no,2,4,0.03,0.0232323,0.403143,cut,55,55,no
rKaHyPar,powersim.mtx.hgr,no,no,3,4,0.03,0.0194444,0.428268,cut,53,51,no
rKaHyPar,powersim.mtx.hgr,no,no,4,4,0.03,0.0287879,0.272898,cut,51,51,no
rKaHyPar,powersim.mtx.hgr,no,no,5,4,0.03,0.0287879,0.271315,cut,51,51,no
rKaHyPar,powersim.mtx.hgr,no,no,6,4,0.03,0.0194444,0.283126,cut,53,51,no
rKaHyPar,powersim.mtx.hgr,no,no,7,4,0.03,0.0287879,0.378546,cut,51,51,no
rKaHyPar,powersim.mtx.hgr,no,no,8,4,0.03,0.0194444,0.303766,cut,53,51,no
rKaHyPar,powersim.mtx.hgr,no,no,9,4,0.03,0.0287879,0.401884,cut,51,51,no
rKaHyPar,powersim.mtx.hgr,no,no,0,64,0.03,0.0282258,2.51498,cut,825,544,no
rKaHyPar,powersim.mtx.hgr,no,no,1,64,0.03,0.0282258,2.55847,cut,875,532,no
rKaHyPar,powersim.mtx.hgr,no,no,2,64,0.03,0.0282258,2.47115,cut,854,547,no
rKaHyPar,powersim.mtx.hgr,no,no,3,64,0.03,0.0282258,2.46253,cut,852,535,no
rKaHyPar,powersim.mtx.hgr,no,no,4,64,0.03,0.0282258,2.64197,cut,860,529,no
rKaHyPar,powersim.mtx.hgr,no,no,5,64,0.03,0.0282258,3.35553,cut,875,542,no
rKaHyPar,powersim.mtx.hgr,no,no,6,64,0.03,0.0282258,3.46929,cut,870,537,no
rKaHyPar,powersim.mtx.hgr,no,no,7,64,0.03,0.0282258,3.36163,cut,841,538,no
rKaHyPar,powersim.mtx.hgr,no,no,8,64,0.03,0.0282258,3.44201,cut,867,554,no
rKaHyPar,powersim.mtx.hgr,no,no,9,64,0.03,0.0282258,3.49439,cut,840,535,no
rKaHyPar,powersim.mtx.hgr,no,no,0,8,0.03,0.0212121,0.689207,cut,124,121,no
rKaHyPar,powersim.mtx.hgr,no,no,1,8,0.03,0.0116162,0.704918,cut,114,113,no
rKaHyPar,powersim.mtx.hgr,no,no,2,8,0.03,0.0116162,0.634627,cut,120,113,no
rKaHyPar,powersim.mtx.hgr,no,no,3,8,0.03,0.0126263,0.712208,cut,116,113,no
rKaHyPar,powersim.mtx.hgr,no,no,4,8,0.03,0.0136364,0.661626,cut,124,117,no
rKaHyPar,powersim.mtx.hgr,no,no,5,8,0.03,0.0141414,0.489476,cut,127,117,no
rKaHyPar,powersim.mtx.hgr,no,no,6,8,0.03,0.0116162,0.705442,cut,116,115,no
rKaHyPar,powersim.mtx.hgr,no,no,7,8,0.03,0.0141414,0.480628,cut,138,123,no
rKaHyPar,powersim.mtx.hgr,no,no,8,8,0.03,0.0116162,0.510682,cut,119,119,no
rKaHyPar,powersim.mtx.hgr,no,no,9,8,0.03,0.0176768,0.692778,cut,120,117,no
rKaHyPar,pre2.mtx.hgr,no,no,0,128,0.03,0.0299087,212.484,cut,138095,52382,no
rKaHyPar,pre2.mtx.hgr,no,no,1,128,0.03,0.0299087,211.991,cut,142796,53690,no
rKaHyPar,pre2.mtx.hgr,no,no,2,128,0.03,0.0299087,212.753,cut,144868,55860,no
rKaHyPar,pre2.mtx.hgr,no,no,3,128,0.03,0.0299087,307.573,cut,146303,53696,no
rKaHyPar,pre2.mtx.hgr,no,no,4,128,0.03,0.0299087,309.187,cut,138196,51673,no
rKaHyPar,pre2.mtx.hgr,no,no,5,128,0.03,0.0299087,208.755,cut,137992,53163,no
rKaHyPar,pre2.mtx.hgr,no,no,6,128,0.03,0.0299087,211.598,cut,142997,53701,no
rKaHyPar,pre2.mtx.hgr,no,no,7,128,0.03,0.0299087,214.078,cut,147399,53861,no
rKaHyPar,pre2.mtx.hgr,no,no,8,128,0.03,0.0299087,214.189,cut,143096,53146,no
rKaHyPar,pre2.mtx.hgr,no,no,9,128,0.03,0.0299087,208.258,cut,142503,53251,no
rKaHyPar,pre2.mtx.hgr,no,no,0,16,0.03,0.029983,235.405,cut,46748,28335,no
rKaHyPar,pre2.mtx.hgr,no,no,1,16,0.03,0.0296188,160.431,cut,43729,28485,no
rKaHyPar,pre2.mtx.hgr,no,no,2,16,0.03,0.029983,168.366,cut,45695,28724,no
rKaHyPar,pre2.mtx.hgr,no,no,3,16,0.03,0.0299587,282.345,cut,46387,28628,no
rKaHyPar,pre2.mtx.hgr,no,no,4,16,0.03,0.029983,216.438,cut,44593,28372,no
rKaHyPar,pre2.mtx.hgr,no,no,5,16,0.03,0.029983,151.27,cut,43704,26747,no
rKaHyPar,pre2.mtx.hgr,no,no,6,16,0.03,0.029983,154.234,cut,43055,28660,no
rKaHyPar,pre2.mtx.hgr,no,no,7,16,0.03,0.029983,151.13,cut,38489,27566,no
rKaHyPar,pre2.mtx.hgr,no,no,8,16,0.03,0.029983,159.325,cut,43347,28172,no
rKaHyPar,pre2.mtx.hgr,no,no,9,16,0.03,0.029983,182.563,cut,41998,26864,no
rKaHyPar,pre2.mtx.hgr,no,no,0,2,0.03,0.0195255,66.1959,cut,3120,3120,no
rKaHyPar,pre2.mtx.hgr,no,no,1,2,0.03,0.0195802,66.6396,cut,3120,3120,no
rKaHyPar,pre2.mtx.hgr,no,no,2,2,0.03,0.019565,82.2916,cut,3120,3120,no
rKaHyPar,pre2.mtx.hgr,no,no,3,2,0.03,0.0168428,69.9592,cut,3276,3276,no
rKaHyPar,pre2.mtx.hgr,no,no,4,2,0.03,0.0195589,64.0713,cut,3120,3120,no
rKaHyPar,pre2.mtx.hgr,no,no,5,2,0.03,0.0195043,65.4375,cut,3120,3120,no
rKaHyPar,pre2.mtx.hgr,no,no,6,2,0.03,0.0247271,48.5325,cut,3636,3636,no
rKaHyPar,pre2.mtx.hgr,no,no,7,2,0.03,0.0168277,49.6056,cut,3276,3276,no
rKaHyPar,pre2.mtx.hgr,no,no,8,2,0.03,0.0195255,64.5274,cut,3612,3612,no
rKaHyPar,pre2.mtx.hgr,no,no,9,2,0.03,0.0195043,46.8321,cut,3120,3120,no
rKaHyPar,pre2.mtx.hgr,no,no,0,32,0.03,0.0299587,170.592,cut,74715,35537,no
rKaHyPar,pre2.mtx.hgr,no,no,1,32,0.03,0.0299587,173.431,cut,81022,35383,no
rKaHyPar,pre2.mtx.hgr,no,no,2,32,0.03,0.0299587,253.605,cut,77182,36803,no
rKaHyPar,pre2.mtx.hgr,no,no,3,32,0.03,0.0299587,251.373,cut,74533,34348,no
rKaHyPar,pre2.mtx.hgr,no,no,4,32,0.03,0.0299587,173.61,cut,76120,34813,no
rKaHyPar,pre2.mtx.hgr,no,no,5,32,0.03,0.0299587,169.896,cut,72717,34934,no
rKaHyPar,pre2.mtx.hgr,no,no,6,32,0.03,0.0299102,169.063,cut,73782,34031,no
rKaHyPar,pre2.mtx.hgr,no,no,7,32,0.03,0.0299102,178.024,cut,77259,35804,no
rKaHyPar,pre2.mtx.hgr,no,no,8,32,0.03,0.0299587,173.036,cut,80304,34021,no
rKaHyPar,pre2.mtx.hgr,no,no,9,32,0.03,0.0299587,171.552,cut,77924,35727,no
rKaHyPar,pre2.mtx.hgr,no,no,0,4,0.03,0.0299953,123.035,cut,8612,8583,no
rKaHyPar,pre2.mtx.hgr,no,no,1,4,0.03,0.0299893,87.1659,cut,8638,8607,no
rKaHyPar,pre2.mtx.hgr,no,no,2,4,0.03,0.0141904,158.605,cut,9908,9548,no
rKaHyPar,pre2.mtx.hgr,no,no,3,4,0.03,0.0195194,163.91,cut,10548,10044,no
rKaHyPar,pre2.mtx.hgr,no,no,4,4,0.03,0.0293216,169.041,cut,10472,9848,no
rKaHyPar,pre2.mtx.hgr,no,no,5,4,0.03,0.0192038,93.2645,cut,9293,8987,no
rKaHyPar,pre2.mtx.hgr,no,no,6,4,0.03,0.0294794,90.277,cut,8830,8687,no
rKaHyPar,pre2.mtx.hgr,no,no,7,4,0.03,0.0299953,121.287,cut,8482,8482,no
rKaHyPar,pre2.mtx.hgr,no,no,8,4,0.03,0.0195983,159.734,cut,10584,9600,no
rKaHyPar,pre2.mtx.hgr,no,no,9,4,0.03,0.0204116,121.334,cut,8468,8468,no
rKaHyPar,pre2.mtx.hgr,no,no,0,64,0.03,0.0299087,192.911,cut,110228,43017,no
rKaHyPar,pre2.mtx.hgr,no,no,1,64,0.03,0.0299087,187.805,cut,102149,39982,no
rKaHyPar,pre2.mtx.hgr,no,no,2,64,0.03,0.0298116,191.312,cut,102310,40140,no
rKaHyPar,pre2.mtx.hgr,no,no,3,64,0.03,0.0299087,192.387,cut,104067,42012,no
rKaHyPar,pre2.mtx.hgr,no,no,4,64,0.03,0.0299087,192.614,cut,106589,41668,no
rKaHyPar,pre2.mtx.hgr,no,no,5,64,0.03,0.0299087,282.148,cut,109700,43664,no
rKaHyPar,pre2.mtx.hgr,no,no,6,64,0.03,0.0298116,275.768,cut,103590,39490,no
rKaHyPar,pre2.mtx.hgr,no,no,7,64,0.03,0.0299087,281.895,cut,103769,40091,no
rKaHyPar,pre2.mtx.hgr,no,no,8,64,0.03,0.0299087,277.446,cut,105007,39019,no
rKaHyPar,pre2.mtx.hgr,no,no,9,64,0.03,0.0299087,283.958,cut,112365,43531,no
rKaHyPar,pre2.mtx.hgr,no,no,0,8,0.03,0.0238286,173.74,cut,18145,16435,no
rKaHyPar,pre2.mtx.hgr,no,no,1,8,0.03,0.0249575,121.307,cut,17938,16618,no
rKaHyPar,pre2.mtx.hgr,no,no,2,8,0.03,0.0299951,176.815,cut,19227,17157,no
rKaHyPar,pre2.mtx.hgr,no,no,3,8,0.03,0.0264385,174.145,cut,19254,16950,no
rKaHyPar,pre2.mtx.hgr,no,no,4,8,0.03,0.0299709,193.729,cut,22161,19179,no
rKaHyPar,pre2.mtx.hgr,no,no,5,8,0.03,0.0242049,117.533,cut,18025,16077,no
rKaHyPar,pre2.mtx.hgr,no,no,6,8,0.03,0.0298373,183.787,cut,19047,16615,no
rKaHyPar,pre2.mtx.hgr,no,no,7,8,0.03,0.0241806,171.623,cut,21499,19279,no
rKaHyPar,pre2.mtx.hgr,no,no,8,8,0.03,0.029983,131.923,cut,23445,19378,no
rKaHyPar,pre2.mtx.hgr,no,no,9,8,0.03,0.0274096,277.549,cut,19474,16529,no
rKaHyPar,Pres_Poisson.mtx.hgr,no,no,0,128,0.03,0.0172414,7.74971,cut,22528,11300,no
rKaHyPar,Pres_Poisson.mtx.hgr,no,no,1,128,0.03,0.0172414,5.1894,cut,22384,11242,no
rKaHyPar,Pres_Poisson.mtx.hgr,no,no,2,128,0.03,0.0172414,5.13153,cut,22446,11272,no
rKaHyPar,Pres_Poisson.mtx.hgr,no,no,3,128,0.03,0.0172414,7.59426,cut,21734,11242,no
rKaHyPar,Pres_Poisson.mtx.hgr,no,no,4,128,0.03,0.0172414,7.73538,cut,22926,11326,no
rKaHyPar,Pres_Poisson.mtx.hgr,no,no,5,128,0.03,0.0172414,5.38226,cut,21626,11234,no
rKaHyPar,Pres_Poisson.mtx.hgr,no,no,6,128,0.03,0.0172414,5.11216,cut,21530,11232,no
rKaHyPar,Pres_Poisson.mtx.hgr,no,no,7,128,0.03,0.0172414,5.18569,cut,22202,11302,no
rKaHyPar,Pres_Poisson.mtx.hgr,no,no,8,128,0.03,0.0172414,5.07901,cut,22736,11262,no
rKaHyPar,Pres_Poisson.mtx.hgr,no,no,9,128,0.03,0.0172414,5.10672,cut,22484,11262,no
rKaHyPar,Pres_Poisson.mtx.hgr,no,no,0,16,0.03,0.0248112,3.40038,cut,4256,3776,no
rKaHyPar,Pres_Poisson.mtx.hgr,no,no,1,16,0.03,0.0269687,2.29249,cut,4304,3792,no
rKaHyPar,Pres_Poisson.mtx.hgr,no,no,2,16,0.03,0.0291262,2.23207,cut,4390,3822,no
rKaHyPar,Pres_Poisson.mtx.hgr,no,no,3,16,0.03,0.0291262,3.29739,cut,4314,3784,no
rKaHyPar,Pres_Poisson.mtx.hgr,no,no,4,16,0.03,0.0291262,3.50624,cut,4258,3756,no
rKaHyPar,Pres_Poisson.mtx.hgr,no,no,5,16,0.03,0.0291262,2.29271,cut,4348,3798,no
rKaHyPar,Pres_Poisson.mtx.hgr,no,no,6,16,0.03,0.0269687,2.36843,cut,4290,3792,no
rKaHyPar,Pres_Poisson.mtx.hgr,no,no,7,16,0.03,0.0291262,2.35189,cut,4344,3798,no
rKaHyPar,Pres_Poisson.mtx.hgr,no,no,8,16,0.03,0.0291262,2.27688,cut,4344,3784,no
rKaHyPar,Pres_Poisson.mtx.hgr,no,no,9,16,0.03,0.0291262,2.40508,cut,4252,3768,no
rKaHyPar,Pres_Poisson.mtx.hgr,no,no,0,2,0.03,0.00472271,0.755752,cut,408,408,no
rKaHyPar,Pres_Poisson.mtx.hgr,no,no,1,2,0.03,0.00472271,0.660127,cut,408,408,no
rKaHyPar,Pres_Poisson.mtx.hgr,no,no,2,2,0.03,0.00472271,0.736537,cut,408,408,no
rKaHyPar,Pres_Poisson.mtx.hgr,no,no,3,2,0.03,0.0228039,0.777901,cut,408,408,no
rKaHyPar,Pres_Poisson.mtx.hgr,no,no,4,2,0.03,0.00472271,0.701094,cut,408,408,no
rKaHyPar,Pres_Poisson.mtx.hgr,no,no,5,2,0.03,0.0228039,0.740699,cut,408,408,no
rKaHyPar,Pres_Poisson.mtx.hgr,no,no,6,2,0.03,0.018486,0.482144,cut,408,408,no
rKaHyPar,Pres_Poisson.mtx.hgr,no,no,7,2,0.03,0.00472271,0.494582,cut,408,408,no
rKaHyPar,Pres_Poisson.mtx.hgr,no,no,8,2,0.03,0.00904062,0.746577,cut,408,408,no
rKaHyPar,Pres_Poisson.mtx.hgr,no,no,9,2,0.03,0.00472271,0.468595,cut,408,408,no
rKaHyPar,Pres_Poisson.mtx.hgr,no,no,0,32,0.03,0.0258621,3.41274,cut,7020,5658,no
rKaHyPar,Pres_Poisson.mtx.hgr,no,no,1,32,0.03,0.0258621,3.27507,cut,7298,5718,no
rKaHyPar,Pres_Poisson.mtx.hgr,no,no,2,32,0.03,0.0258621,5.04347,cut,7276,5704,no
rKaHyPar,Pres_Poisson.mtx.hgr,no,no,3,32,0.03,0.0258621,4.74745,cut,7288,5700,no
rKaHyPar,Pres_Poisson.mtx.hgr,no,no,4,32,0.03,0.0258621,3.33041,cut,7050,5700,no
rKaHyPar,Pres_Poisson.mtx.hgr,no,no,5,32,0.03,0.0258621,3.44321,cut,7074,5676,no
rKaHyPar,Pres_Poisson.mtx.hgr,no,no,6,32,0.03,0.0258621,3.43867,cut,7350,5718,no
rKaHyPar,Pres_Poisson.mtx.hgr,no,no,7,32,0.03,0.0258621,3.30266,cut,6968,5656,no
rKaHyPar,Pres_Poisson.mtx.hgr,no,no,8,32,0.03,0.0258621,3.39926,cut,7382,5694,no
rKaHyPar,Pres_Poisson.mtx.hgr,no,no,9,32,0.03,0.0258621,3.33608,cut,7224,5666,no
rKaHyPar,Pres_Poisson.mtx.hgr,no,no,0,4,0.03,0.0259039,1.53577,cut,1216,1216,no
rKaHyPar,Pres_Poisson.mtx.hgr,no,no,1,4,0.03,0.0259039,1.10821,cut,1216,1216,no
rKaHyPar,Pres_Poisson.mtx.hgr,no,no,2,4,0.03,0.0183486,1.53421,cut,1216,1216,no
rKaHyPar,Pres_Poisson.mtx.hgr,no,no,3,4,0.03,0.011333,1.52268,cut,1224,1224,no
rKaHyPar,Pres_Poisson.mtx.hgr,no,no,4,4,0.03,0.0199676,1.09673,cut,1208,1208,no
rKaHyPar,Pres_Poisson.mtx.hgr,no,no,5,4,0.03,0.00377766,1.00203,cut,1232,1232,no
rKaHyPar,Pres_Poisson.mtx.hgr,no,no,6,4,0.03,0.0296816,1.00398,cut,1236,1236,no
rKaHyPar,Pres_Poisson.mtx.hgr,no,no,7,4,0.03,0.0183486,1.45451,cut,1230,1230,no
rKaHyPar,Pres_Poisson.mtx.hgr,no,no,8,4,0.03,0.0140313,1.06385,cut,1224,1224,no
rKaHyPar,Pres_Poisson.mtx.hgr,no,no,9,4,0.03,0.0183486,1.4411,cut,1216,1216,no
rKaHyPar,Pres_Poisson.mtx.hgr,no,no,0,64,0.03,0.0258621,4.35058,cut,12190,8390,no
rKaHyPar,Pres_Poisson.mtx.hgr,no,no,1,64,0.03,0.0258621,4.44012,cut,12714,8394,no
rKaHyPar,Pres_Poisson.mtx.hgr,no,no,2,64,0.03,0.0258621,4.27124,cut,12958,8416,no
rKaHyPar,Pres_Poisson.mtx.hgr,no,no,3,64,0.03,0.0258621,4.18261,cut,12306,8326,no
rKaHyPar,Pres_Poisson.mtx.hgr,no,no,4,64,0.03,0.0258621,4.27021,cut,12720,8420,no
rKaHyPar,Pres_Poisson.mtx.hgr,no,no,5,64,0.03,0.0258621,6.22038,cut,12210,8310,no
rKaHyPar,Pres_Poisson.mtx.hgr,no,no,6,64,0.03,0.0258621,6.40175,cut,12232,8328,no
rKaHyPar,Pres_Poisson.mtx.hgr,no,no,7,64,0.03,0.0258621,6.42068,cut,12542,8374,no
rKaHyPar,Pres_Poisson.mtx.hgr,no,no,8,64,0.03,0.0258621,6.37315,cut,12916,8436,no
rKaHyPar,Pres_Poisson.mtx.hgr,no,no,9,64,0.03,0.0258621,6.44476,cut,12452,8374,no
rKaHyPar,Pres_Poisson.mtx.hgr,no,no,0,8,0.03,0.0275229,2.40145,cut,2394,2234,no
rKaHyPar,Pres_Poisson.mtx.hgr,no,no,1,8,0.03,0.0102536,1.67674,cut,2384,2224,no
rKaHyPar,Pres_Poisson.mtx.hgr,no,no,2,8,0.03,0.0199676,2.37355,cut,2408,2242,no
rKaHyPar,Pres_Poisson.mtx.hgr,no,no,3,8,0.03,0.0124123,2.29923,cut,2402,2228,no
rKaHyPar,Pres_Poisson.mtx.hgr,no,no,4,8,0.03,0.0199676,2.35611,cut,2416,2256,no
rKaHyPar,Pres_Poisson.mtx.hgr,no,no,5,8,0.03,0.00809498,1.61808,cut,2492,2262,no
rKaHyPar,Pres_Poisson.mtx.hgr,no,no,6,8,0.03,0.0199676,2.37437,cut,2408,2244,no
rKaHyPar,Pres_Poisson.mtx.hgr,no,no,7,8,0.03,0.0221263,2.29489,cut,2376,2216,no
rKaHyPar,Pres_Poisson.mtx.hgr,no,no,8,8,0.03,0.014571,1.54269,cut,2416,2252,no
rKaHyPar,Pres_Poisson.mtx.hgr,no,no,9,8,0.03,0.0102536,2.25136,cut,2416,2256,no
rKaHyPar,psse2.mtx.hgr,no,no,0,128,0.03,0.0229885,4.61053,cut,3120,3072,no
rKaHyPar,psse2.mtx.hgr,no,no,1,128,0.03,0.0114943,4.67398,cut,3096,3036,no
rKaHyPar,psse2.mtx.hgr,no,no,2,128,0.03,0.0229885,4.54036,cut,3112,3058,no
rKaHyPar,psse2.mtx.hgr,no,no,3,128,0.03,0.0229885,6.5809,cut,3084,3040,no
rKaHyPar,psse2.mtx.hgr,no,no,4,128,0.03,0.0229885,6.58092,cut,3098,3047,no
rKaHyPar,psse2.mtx.hgr,no,no,5,128,0.03,0.0229885,4.71254,cut,3131,3071,no
rKaHyPar,psse2.mtx.hgr,no,no,6,128,0.03,0.0229885,4.71089,cut,3108,3050,no
rKaHyPar,psse2.mtx.hgr,no,no,7,128,0.03,0.0229885,4.59875,cut,3105,3049,no
rKaHyPar,psse2.mtx.hgr,no,no,8,128,0.03,0.0114943,6.4308,cut,3083,3039,no
rKaHyPar,psse2.mtx.hgr,no,no,9,128,0.03,0.0229885,4.58871,cut,3102,3058,no
rKaHyPar,psse2.mtx.hgr,no,no,0,16,0.03,0.026087,1.19494,cut,876,872,no
rKaHyPar,psse2.mtx.hgr,no,no,1,16,0.03,0.0115942,0.893159,cut,904,900,no
rKaHyPar,psse2.mtx.hgr,no,no,2,16,0.03,0.0173913,0.874317,cut,870,866,no
rKaHyPar,psse2.mtx.hgr,no,no,3,16,0.03,0.026087,1.16503,cut,894,888,no
rKaHyPar,psse2.mtx.hgr,no,no,4,16,0.03,0.026087,1.20844,cut,888,880,no
rKaHyPar,psse2.mtx.hgr,no,no,5,16,0.03,0.0202899,0.910011,cut,912,906,no
rKaHyPar,psse2.mtx.hgr,no,no,6,16,0.03,0.0202899,0.898572,cut,896,892,no
rKaHyPar,psse2.mtx.hgr,no,no,7,16,0.03,0.026087,0.848122,cut,902,896,no
rKaHyPar,psse2.mtx.hgr,no,no,8,16,0.03,0.0231884,0.903438,cut,886,882,no
rKaHyPar,psse2.mtx.hgr,no,no,9,16,0.03,0.0231884,0.853575,cut,906,900,no
rKaHyPar,psse2.mtx.hgr,no,no,0,2,0.03,0.0210374,0.264148,cut,96,96,no
rKaHyPar,psse2.mtx.hgr,no,no,1,2,0.03,0.0243018,0.248126,cut,90,90,no
rKaHyPar,psse2.mtx.hgr,no,no,2,2,0.03,0.0243018,0.239034,cut,90,90,no
rKaHyPar,psse2.mtx.hgr,no,no,3,2,0.03,0.0253899,0.253403,cut,92,92,no
rKaHyPar,psse2.mtx.hgr,no,no,4,2,0.03,0.0243018,0.249687,cut,90,90,no
rKaHyPar,psse2.mtx.hgr,no,no,5,2,0.03,0.0243018,0.241998,cut,90,90,no
rKaHyPar,psse2.mtx.hgr,no,no,6,2,0.03,0.0282916,0.185492,cut,94,94,no
rKaHyPar,psse2.mtx.hgr,no,no,7,2,0.03,0.010156,0.165011,cut,106,106,no
rKaHyPar,psse2.mtx.hgr,no,no,8,2,0.03,0.010156,0.223296,cut,106,106,no
rKaHyPar,psse2.mtx.hgr,no,no,9,2,0.03,0.0083424,0.184203,cut,98,98,no
rKaHyPar,psse2.mtx.hgr,no,no,0,32,0.03,0.026087,1.38216,cut,1338,1328,no
rKaHyPar,psse2.mtx.hgr,no,no,1,32,0.03,0.0202899,1.39348,cut,1334,1320,no
rKaHyPar,psse2.mtx.hgr,no,no,2,32,0.03,0.026087,1.97506,cut,1328,1312,no
rKaHyPar,psse2.mtx.hgr,no,no,3,32,0.03,0.0289855,1.92759,cut,1364,1360,no
rKaHyPar,psse2.mtx.hgr,no,no,4,32,0.03,0.026087,1.98858,cut,1348,1342,no
rKaHyPar,psse2.mtx.hgr,no,no,5,32,0.03,0.026087,1.44548,cut,1372,1360,no
rKaHyPar,psse2.mtx.hgr,no,no,6,32,0.03,0.026087,1.43833,cut,1362,1350,no
rKaHyPar,psse2.mtx.hgr,no,no,7,32,0.03,0.026087,1.45198,cut,1340,1326,no
rKaHyPar,psse2.mtx.hgr,no,no,8,32,0.03,0.026087,1.36427,cut,1374,1364,no
rKaHyPar,psse2.mtx.hgr,no,no,9,32,0.03,0.026087,1.37658,cut,1380,1370,no
rKaHyPar,psse2.mtx.hgr,no,no,0,4,0.03,0.0083424,0.485946,cut,272,270,no
rKaHyPar,psse2.mtx.hgr,no,no,1,4,0.03,0.00398984,0.350397,cut,278,276,no
rKaHyPar,psse2.mtx.hgr,no,no,2,4,0.03,0.0214001,0.469233,cut,254,252,no
rKaHyPar,psse2.mtx.hgr,no,no,3,4,0.03,0.0293798,0.46232,cut,240,240,no
rKaHyPar,psse2.mtx.hgr,no,no,4,4,0.03,0.0272035,0.350447,cut,274,272,no
rKaHyPar,psse2.mtx.hgr,no,no,5,4,0.03,0.0184984,0.357834,cut,274,274,no
rKaHyPar,psse2.mtx.hgr,no,no,6,4,0.03,0.0286543,0.317667,cut,262,262,no
rKaHyPar,psse2.mtx.hgr,no,no,7,4,0.03,0.0272035,0.471886,cut,278,278,no
rKaHyPar,psse2.mtx.hgr,no,no,8,4,0.03,0.0257526,0.355324,cut,276,276,no
rKaHyPar,psse2.mtx.hgr,no,no,9,4,0.03,0.0286543,0.463996,cut,282,280,no
rKaHyPar,psse2.mtx.hgr,no,no,0,64,0.03,0.0289017,2.71991,cut,2082,2056,no
rKaHyPar,psse2.mtx.hgr,no,no,1,64,0.03,0.0289017,2.66082,cut,2046,2016,no
rKaHyPar,psse2.mtx.hgr,no,no,2,64,0.03,0.0289017,2.85013,cut,2052,2034,no
rKaHyPar,psse2.mtx.hgr,no,no,3,64,0.03,0.0289017,2.71317,cut,2048,2024,no
rKaHyPar,psse2.mtx.hgr,no,no,4,64,0.03,0.0289017,2.76375,cut,2086,2064,no
rKaHyPar,psse2.mtx.hgr,no,no,5,64,0.03,0.0289017,3.77753,cut,2080,2060,no
rKaHyPar,psse2.mtx.hgr,no,no,6,64,0.03,0.0289017,2.76767,cut,2110,2090,no
rKaHyPar,psse2.mtx.hgr,no,no,7,64,0.03,0.0289017,3.78388,cut,2114,2088,no
rKaHyPar,psse2.mtx.hgr,no,no,8,64,0.03,0.0289017,3.87495,cut,2092,2076,no
rKaHyPar,psse2.mtx.hgr,no,no,9,64,0.03,0.0289017,2.74532,cut,2140,2112,no
rKaHyPar,psse2.mtx.hgr,no,no,0,8,0.03,0.0282814,0.570753,cut,540,536,no
rKaHyPar,psse2.mtx.hgr,no,no,1,8,0.03,0.0297317,0.571347,cut,542,538,no
rKaHyPar,psse2.mtx.hgr,no,no,2,8,0.03,0.0253807,0.753605,cut,532,528,no
rKaHyPar,psse2.mtx.hgr,no,no,3,8,0.03,0.0297317,0.774788,cut,566,562,no
rKaHyPar,psse2.mtx.hgr,no,no,4,8,0.03,0.0253807,0.790063,cut,514,514,no
rKaHyPar,psse2.mtx.hgr,no,no,5,8,0.03,0.0282814,0.564731,cut,516,514,no
rKaHyPar,psse2.mtx.hgr,no,no,6,8,0.03,0.0297317,0.756062,cut,548,546,no
rKaHyPar,psse2.mtx.hgr,no,no,7,8,0.03,0.0297317,0.736373,cut,514,514,no
rKaHyPar,psse2.mtx.hgr,no,no,8,8,0.03,0.0297317,0.560515,cut,522,522,no
rKaHyPar,psse2.mtx.hgr,no,no,9,8,0.03,0.0239304,0.753051,cut,550,546,no
rKaHyPar,qa8fk.mtx.hgr,no,no,0,128,0.03,0.0290135,48.8088,cut,54392,33571,no
rKaHyPar,qa8fk.mtx.hgr,no,no,1,128,0.03,0.0290135,34.2373,cut,52629,33433,no
rKaHyPar,qa8fk.mtx.hgr,no,no,2,128,0.03,0.0290135,33.7911,cut,52382,33408,no
rKaHyPar,qa8fk.mtx.hgr,no,no,3,128,0.03,0.0290135,48.0203,cut,54528,33743,no
rKaHyPar,qa8fk.mtx.hgr,no,no,4,128,0.03,0.0290135,48.1371,cut,53554,33867,no
rKaHyPar,qa8fk.mtx.hgr,no,no,5,128,0.03,0.0290135,33.9546,cut,54053,33691,no
rKaHyPar,qa8fk.mtx.hgr,no,no,6,128,0.03,0.0290135,33.9478,cut,54807,33883,no
rKaHyPar,qa8fk.mtx.hgr,no,no,7,128,0.03,0.0290135,34.2324,cut,52061,33309,no
rKaHyPar,qa8fk.mtx.hgr,no,no,8,128,0.03,0.0290135,48.3319,cut,53846,33671,no
rKaHyPar,qa8fk.mtx.hgr,no,no,9,128,0.03,0.0290135,33.9404,cut,52665,33499,no
rKaHyPar,qa8fk.mtx.hgr,no,no,0,16,0.03,0.0297605,30.5831,cut,15119,13053,no
rKaHyPar,qa8fk.mtx.hgr,no,no,1,16,0.03,0.0297605,21.2701,cut,15275,13209,no
rKaHyPar,qa8fk.mtx.hgr,no,no,2,16,0.03,0.0246794,21.5728,cut,15718,12939,no
rKaHyPar,qa8fk.mtx.hgr,no,no,3,16,0.03,0.0290346,30.1972,cut,14979,13010,no
rKaHyPar,qa8fk.mtx.hgr,no,no,4,16,0.03,0.0283087,30.7615,cut,15036,12988,no
rKaHyPar,qa8fk.mtx.hgr,no,no,5,16,0.03,0.0283087,20.9512,cut,14995,13000,no
rKaHyPar,qa8fk.mtx.hgr,no,no,6,16,0.03,0.0198403,20.4764,cut,15533,12942,no
rKaHyPar,qa8fk.mtx.hgr,no,no,7,16,0.03,0.0297605,21.059,cut,14972,12911,no
rKaHyPar,qa8fk.mtx.hgr,no,no,8,16,0.03,0.0275829,21.9717,cut,15122,13013,no
rKaHyPar,qa8fk.mtx.hgr,no,no,9,16,0.03,0.027099,21.5972,cut,15043,13020,no
rKaHyPar,qa8fk.mtx.hgr,no,no,0,2,0.03,0,6.80785,cut,672,672,no
rKaHyPar,qa8fk.mtx.hgr,no,no,1,2,0.03,0,7.58395,cut,672,672,no
rKaHyPar,qa8fk.mtx.hgr,no,no,2,2,0.03,0,7.15599,cut,672,672,no
rKaHyPar,qa8fk.mtx.hgr,no,no,3,2,0.03,0,7.32069,cut,672,672,no
rKaHyPar,qa8fk.mtx.hgr,no,no,4,2,0.03,0,6.91721,cut,672,672,no
rKaHyPar,qa8fk.mtx.hgr,no,no,5,2,0.03,0,7.24743,cut,672,672,no
rKaHyPar,qa8fk.mtx.hgr,no,no,6,2,0.03,0,4.48313,cut,672,672,no
rKaHyPar,qa8fk.mtx.hgr,no,no,7,2,0.03,0,4.54307,cut,672,672,no
rKaHyPar,qa8fk.mtx.hgr,no,no,8,2,0.03,0,6.56276,cut,672,672,no
rKaHyPar,qa8fk.mtx.hgr,no,no,9,2,0.03,0,4.79583,cut,672,672,no
rKaHyPar,qa8fk.mtx.hgr,no,no,0,32,0.03,0.0290276,27.5007,cut,24649,19994,no
rKaHyPar,qa8fk.mtx.hgr,no,no,1,32,0.03,0.0299952,27.0234,cut,24937,20011,no
rKaHyPar,qa8fk.mtx.hgr,no,no,2,32,0.03,0.0290276,37.9469,cut,24137,19863,no
rKaHyPar,qa8fk.mtx.hgr,no,no,3,32,0.03,0.0295114,36.7332,cut,24117,19852,no
rKaHyPar,qa8fk.mtx.hgr,no,no,4,32,0.03,0.0295114,38.7276,cut,24230,19870,no
rKaHyPar,qa8fk.mtx.hgr,no,no,5,32,0.03,0.0290276,27.7574,cut,24543,20153,no
rKaHyPar,qa8fk.mtx.hgr,no,no,6,32,0.03,0.0299952,26.5604,cut,24575,20091,no
rKaHyPar,qa8fk.mtx.hgr,no,no,7,32,0.03,0.0299952,26.2397,cut,24486,19791,no
rKaHyPar,qa8fk.mtx.hgr,no,no,8,32,0.03,0.0299952,26.8101,cut,24379,19818,no
rKaHyPar,qa8fk.mtx.hgr,no,no,9,32,0.03,0.0299952,26.7556,cut,25013,19711,no
rKaHyPar,qa8fk.mtx.hgr,no,no,0,4,0.03,0.000181466,18.1727,cut,5368,5208,no
rKaHyPar,qa8fk.mtx.hgr,no,no,1,4,0.03,0.0218969,12.223,cut,5056,4972,no
rKaHyPar,qa8fk.mtx.hgr,no,no,2,4,0.03,0.0205662,17.9748,cut,4720,4720,no
rKaHyPar,qa8fk.mtx.hgr,no,no,3,4,0.03,0.0205662,19.0171,cut,5060,4976,no
rKaHyPar,qa8fk.mtx.hgr,no,no,4,4,0.03,0.0205662,12.6872,cut,4720,4720,no
rKaHyPar,qa8fk.mtx.hgr,no,no,5,4,0.03,0.0205662,13.1782,cut,4720,4720,no
rKaHyPar,qa8fk.mtx.hgr,no,no,6,4,0.03,0.0205662,12.0878,cut,4720,4720,no
rKaHyPar,qa8fk.mtx.hgr,no,no,7,4,0.03,0.0205662,18.8603,cut,5060,4976,no
rKaHyPar,qa8fk.mtx.hgr,no,no,8,4,0.03,0.0205662,13.1988,cut,5060,4976,no
rKaHyPar,qa8fk.mtx.hgr,no,no,9,4,0.03,0.0205662,18.1112,cut,4720,4720,no
rKaHyPar,qa8fk.mtx.hgr,no,no,0,64,0.03,0.0299807,29.3113,cut,36635,26543,no
rKaHyPar,qa8fk.mtx.hgr,no,no,1,64,0.03,0.0299807,29.7186,cut,36996,26783,no
rKaHyPar,qa8fk.mtx.hgr,no,no,2,64,0.03,0.0299807,29.7211,cut,37633,26698,no
rKaHyPar,qa8fk.mtx.hgr,no,no,3,64,0.03,0.0299807,30.0865,cut,35747,26389,no
rKaHyPar,qa8fk.mtx.hgr,no,no,4,64,0.03,0.0299807,29.8725,cut,35600,26446,no
rKaHyPar,qa8fk.mtx.hgr,no,no,5,64,0.03,0.0299807,41.3882,cut,37631,27100,no
rKaHyPar,qa8fk.mtx.hgr,no,no,6,64,0.03,0.0299807,29.6376,cut,37687,26891,no
rKaHyPar,qa8fk.mtx.hgr,no,no,7,64,0.03,0.0299807,41.891,cut,36588,26582,no
rKaHyPar,qa8fk.mtx.hgr,no,no,8,64,0.03,0.0299807,41.898,cut,36863,26608,no
rKaHyPar,qa8fk.mtx.hgr,no,no,9,64,0.03,0.0299807,30.1167,cut,37077,26808,no
rKaHyPar,qa8fk.mtx.hgr,no,no,0,8,0.03,0.0154851,17.4831,cut,9830,9096,no
rKaHyPar,qa8fk.mtx.hgr,no,no,1,8,0.03,0.0174208,17.8153,cut,9832,9108,no
rKaHyPar,qa8fk.mtx.hgr,no,no,2,8,0.03,0.0172998,24.889,cut,9794,9066,no
rKaHyPar,qa8fk.mtx.hgr,no,no,3,8,0.03,0.0209291,25.496,cut,9738,9014,no
rKaHyPar,qa8fk.mtx.hgr,no,no,4,8,0.03,0.0139124,24.8074,cut,9798,9078,no
rKaHyPar,qa8fk.mtx.hgr,no,no,5,8,0.03,0.016211,17.1964,cut,9796,9076,no
rKaHyPar,qa8fk.mtx.hgr,no,no,6,8,0.03,0.0297605,27.0707,cut,9794,9074,no
rKaHyPar,qa8fk.mtx.hgr,no,no,7,8,0.03,0.0197193,24.7483,cut,9878,9182,no
rKaHyPar,qa8fk.mtx.hgr,no,no,8,8,0.03,0.0293975,17.9809,cut,9734,9026,no
rKaHyPar,qa8fk.mtx.hgr,no,no,9,8,0.03,0.0156061,24.4882,cut,9780,9068,no
rKaHyPar,rajat26.mtx.hgr,no,no,0,128,0.03,0.0275689,12.38,cut,26241,15023,no
rKaHyPar,rajat26.mtx.hgr,no,no,1,128,0.03,0.0275689,11.8629,cut,24938,14716,no
rKaHyPar,rajat26.mtx.hgr,no,no,2,128,0.03,0.0275689,11.8695,cut,25046,14808,no
rKaHyPar,rajat26.mtx.hgr,no,no,3,128,0.03,0.0275689,17.5037,cut,24835,14730,no
rKaHyPar,rajat26.mtx.hgr,no,no,4,128,0.03,0.0275689,17.2608,cut,26202,14758,no
rKaHyPar,rajat26.mtx.hgr,no,no,5,128,0.03,0.0275689,12.0251,cut,26193,14756,no
rKaHyPar,rajat26.mtx.hgr,no,no,6,128,0.03,0.0275689,11.8896,cut,26187,14775,no
rKaHyPar,rajat26.mtx.hgr,no,no,7,128,0.03,0.0275689,11.8896,cut,24875,14743,no
rKaHyPar,rajat26.mtx.hgr,no,no,8,128,0.03,0.0275689,17.7363,cut,26334,14880,no
rKaHyPar,rajat26.mtx.hgr,no,no,9,128,0.03,0.0275689,11.8187,cut,26076,14832,no
rKaHyPar,rajat26.mtx.hgr,no,no,0,16,0.03,0.0297806,10.6605,cut,3347,2990,no
rKaHyPar,rajat26.mtx.hgr,no,no,1,16,0.03,0.0297806,10.4122,cut,3326,3039,no
rKaHyPar,rajat26.mtx.hgr,no,no,2,16,0.03,0.0297806,7.01677,cut,3463,3098,no
rKaHyPar,rajat26.mtx.hgr,no,no,3,16,0.03,0.0297806,10.3936,cut,3246,3000,no
rKaHyPar,rajat26.mtx.hgr,no,no,4,16,0.03,0.0297806,6.84348,cut,3354,2972,no
rKaHyPar,rajat26.mtx.hgr,no,no,5,16,0.03,0.0294671,7.02696,cut,3272,2948,no
rKaHyPar,rajat26.mtx.hgr,no,no,6,16,0.03,0.0297806,6.31717,cut,3331,3023,no
rKaHyPar,rajat26.mtx.hgr,no,no,7,16,0.03,0.0297806,6.63364,cut,3232,3003,no
rKaHyPar,rajat26.mtx.hgr,no,no,8,16,0.03,0.0297806,7.18984,cut,3331,3050,no
rKaHyPar,rajat26.mtx.hgr,no,no,9,16,0.03,0.0297806,6.80881,cut,3224,2984,no
rKaHyPar,rajat26.mtx.hgr,no,no,0,2,0.03,0.0206145,2.48132,cut,27,27,no
rKaHyPar,rajat26.mtx.hgr,no,no,1,2,0.03,0.0262972,1.55629,cut,27,27,no
rKaHyPar,rajat26.mtx.hgr,no,no,2,2,0.03,0.018655,2.46482,cut,27,27,no
rKaHyPar,rajat26.mtx.hgr,no,no,3,2,0.03,0.0177928,2.38208,cut,27,27,no
rKaHyPar,rajat26.mtx.hgr,no,no,4,2,0.03,0.0274338,1.58247,cut,27,27,no
rKaHyPar,rajat26.mtx.hgr,no,no,5,2,0.03,0.0241809,2.41288,cut,27,27,no
rKaHyPar,rajat26.mtx.hgr,no,no,6,2,0.03,0.0258269,1.54512,cut,27,27,no
rKaHyPar,rajat26.mtx.hgr,no,no,7,2,0.03,0,2.40161,cut,27,27,no
rKaHyPar,rajat26.mtx.hgr,no,no,8,2,0.03,0.0219078,2.54382,cut,27,27,no
rKaHyPar,rajat26.mtx.hgr,no,no,9,2,0.03,0,1.50998,cut,27,27,no
rKaHyPar,rajat26.mtx.hgr,no,no,0,32,0.03,0.0294671,8.27279,cut,6735,5424,no
rKaHyPar,rajat26.mtx.hgr,no,no,1,32,0.03,0.0294671,7.77002,cut,6866,5528,no
rKaHyPar,rajat26.mtx.hgr,no,no,2,32,0.03,0.0294671,12.1333,cut,6869,5472,no
rKaHyPar,rajat26.mtx.hgr,no,no,3,32,0.03,0.0294671,12.2398,cut,6756,5464,no
rKaHyPar,rajat26.mtx.hgr,no,no,4,32,0.03,0.0294671,12.0337,cut,8167,5516,no
rKaHyPar,rajat26.mtx.hgr,no,no,5,32,0.03,0.0294671,7.85349,cut,6946,5513,no
rKaHyPar,rajat26.mtx.hgr,no,no,6,32,0.03,0.0294671,8.08643,cut,6744,5411,no
rKaHyPar,rajat26.mtx.hgr,no,no,7,32,0.03,0.0294671,8.35862,cut,6640,5403,no
rKaHyPar,rajat26.mtx.hgr,no,no,8,32,0.03,0.0294671,8.03153,cut,6782,5363,no
rKaHyPar,rajat26.mtx.hgr,no,no,9,32,0.03,0.0294671,8.01656,cut,6785,5495,no
rKaHyPar,rajat26.mtx.hgr,no,no,0,4,0.03,0.0276689,5.2839,cut,164,164,no
rKaHyPar,rajat26.mtx.hgr,no,no,1,4,0.03,0.0276689,3.33339,cut,165,164,no
rKaHyPar,rajat26.mtx.hgr,no,no,2,4,0.03,0.0284527,5.02278,cut,165,164,no
rKaHyPar,rajat26.mtx.hgr,no,no,3,4,0.03,0.0245336,5.16569,cut,185,184,no
rKaHyPar,rajat26.mtx.hgr,no,no,4,4,0.03,0.0276689,3.36791,cut,178,172,no
rKaHyPar,rajat26.mtx.hgr,no,no,5,4,0.03,0.0298636,3.24625,cut,173,171,no
rKaHyPar,rajat26.mtx.hgr,no,no,6,4,0.03,0.0276689,3.32395,cut,172,171,no
rKaHyPar,rajat26.mtx.hgr,no,no,7,4,0.03,0.0276689,5.10418,cut,165,164,no
rKaHyPar,rajat26.mtx.hgr,no,no,8,4,0.03,0.0276689,3.23186,cut,165,164,no
rKaHyPar,rajat26.mtx.hgr,no,no,9,4,0.03,0.0276689,3.39205,cut,164,164,no
rKaHyPar,rajat26.mtx.hgr,no,no,0,64,0.03,0.0288221,9.79914,cut,14997,9957,no
rKaHyPar,rajat26.mtx.hgr,no,no,1,64,0.03,0.0288221,9.93778,cut,14887,10041,no
rKaHyPar,rajat26.mtx.hgr,no,no,2,64,0.03,0.0288221,9.77728,cut,15199,9976,no
rKaHyPar,rajat26.mtx.hgr,no,no,3,64,0.03,0.0288221,9.86683,cut,15099,10068,no
rKaHyPar,rajat26.mtx.hgr,no,no,4,64,0.03,0.0288221,10.0218,cut,14469,9939,no
rKaHyPar,rajat26.mtx.hgr,no,no,5,64,0.03,0.0288221,14.5988,cut,15026,10019,no
rKaHyPar,rajat26.mtx.hgr,no,no,6,64,0.03,0.0288221,9.75226,cut,14722,10039,no
rKaHyPar,rajat26.mtx.hgr,no,no,7,64,0.03,0.0288221,14.7595,cut,13925,9935,no
rKaHyPar,rajat26.mtx.hgr,no,no,8,64,0.03,0.0288221,13.7334,cut,14675,9915,no
rKaHyPar,rajat26.mtx.hgr,no,no,9,64,0.03,0.0288221,9.84077,cut,14896,10037,no
rKaHyPar,rajat26.mtx.hgr,no,no,0,8,0.03,0.0296285,5.24465,cut,688,613,no
rKaHyPar,rajat26.mtx.hgr,no,no,1,8,0.03,0.029942,5.2991,cut,594,559,no
rKaHyPar,rajat26.mtx.hgr,no,no,2,8,0.03,0.0297852,5.18345,cut,685,608,no
rKaHyPar,rajat26.mtx.hgr,no,no,3,8,0.03,0.0297852,7.99987,cut,645,590,no
rKaHyPar,rajat26.mtx.hgr,no,no,4,8,0.03,0.0297852,8.03292,cut,623,569,no
rKaHyPar,rajat26.mtx.hgr,no,no,5,8,0.03,0.0297852,5.29553,cut,618,569,no
rKaHyPar,rajat26.mtx.hgr,no,no,6,8,0.03,0.0286879,7.83077,cut,697,574,no
rKaHyPar,rajat26.mtx.hgr,no,no,7,8,0.03,0.029942,8.07668,cut,593,561,no
rKaHyPar,rajat26.mtx.hgr,no,no,8,8,0.03,0.0290014,4.8982,cut,627,572,no
rKaHyPar,rajat26.mtx.hgr,no,no,9,8,0.03,0.0297852,8.0135,cut,616,572,no
rKaHyPar,Reuters911.mtx.hgr,no,no,0,128,0.03,0.0190476,21.8784,cut,128256,10262,no
rKaHyPar,Reuters911.mtx.hgr,no,no,1,128,0.03,0.0190476,14.704,cut,128245,10360,no
rKaHyPar,Reuters911.mtx.hgr,no,no,2,128,0.03,0.0190476,14.4855,cut,129791,10204,no
rKaHyPar,Reuters911.mtx.hgr,no,no,3,128,0.03,0.0190476,23.0656,cut,129522,10330,no
rKaHyPar,Reuters911.mtx.hgr,no,no,4,128,0.03,0.0285714,23.0616,cut,130501,10183,no
rKaHyPar,Reuters911.mtx.hgr,no,no,5,128,0.03,0.0190476,14.8392,cut,127939,10191,no
rKaHyPar,Reuters911.mtx.hgr,no,no,6,128,0.03,0.0285714,15.4302,cut,128470,10335,no
rKaHyPar,Reuters911.mtx.hgr,no,no,7,128,0.03,0.00952381,15.814,cut,129923,10203,no
rKaHyPar,Reuters911.mtx.hgr,no,no,8,128,0.03,0.0285714,21.6551,cut,128531,10324,no
rKaHyPar,Reuters911.mtx.hgr,no,no,9,128,0.03,0.00952381,14.8585,cut,128620,10323,no
rKaHyPar,Reuters911.mtx.hgr,no,no,0,16,0.03,0.0215827,21.469,cut,45892,9747,no
rKaHyPar,Reuters911.mtx.hgr,no,no,1,16,0.03,0.0275779,21.1788,cut,45706,9665,no
rKaHyPar,Reuters911.mtx.hgr,no,no,2,16,0.03,0.0275779,13.732,cut,45744,9625,no
rKaHyPar,Reuters911.mtx.hgr,no,no,3,16,0.03,0.029976,22.324,cut,45485,9675,no
rKaHyPar,Reuters911.mtx.hgr,no,no,4,16,0.03,0.0227818,13.9954,cut,46269,9676,no
rKaHyPar,Reuters911.mtx.hgr,no,no,5,16,0.03,0.0275779,13.893,cut,46175,9660,no
rKaHyPar,Reuters911.mtx.hgr,no,no,6,16,0.03,0.0215827,15.4671,cut,45668,9777,no
rKaHyPar,Reuters911.mtx.hgr,no,no,7,16,0.03,0.0263789,14.6608,cut,46223,9603,no
rKaHyPar,Reuters911.mtx.hgr,no,no,8,16,0.03,0.0275779,14.7136,cut,46231,9747,no
rKaHyPar,Reuters911.mtx.hgr,no,no,9,16,0.03,0.0275779,14.0807,cut,46746,9657,no
rKaHyPar,Reuters911.mtx.hgr,no,no,0,2,0.03,0.029853,22.9171,cut,4120,4120,no
rKaHyPar,Reuters911.mtx.hgr,no,no,1,2,0.03,0.029853,16.02,cut,4122,4122,no
rKaHyPar,Reuters911.mtx.hgr,no,no,2,2,0.03,0.029853,22.1407,cut,4030,4030,no
rKaHyPar,Reuters911.mtx.hgr,no,no,3,2,0.03,0.029853,23.1441,cut,4132,4132,no
rKaHyPar,Reuters911.mtx.hgr,no,no,4,2,0.03,0.029853,15.6975,cut,4129,4129,no
rKaHyPar,Reuters911.mtx.hgr,no,no,5,2,0.03,0.029853,23.2398,cut,4118,4118,no
rKaHyPar,Reuters911.mtx.hgr,no,no,6,2,0.03,0.029853,16.7159,cut,4193,4193,no
rKaHyPar,Reuters911.mtx.hgr,no,no,7,2,0.03,0.029853,23.7783,cut,4082,4082,no
rKaHyPar,Reuters911.mtx.hgr,no,no,8,2,0.03,0.029853,23.1658,cut,4096,4096,no
rKaHyPar,Reuters911.mtx.hgr,no,no,9,2,0.03,0.029853,15.9367,cut,4126,4126,no
rKaHyPar,Reuters911.mtx.hgr,no,no,0,32,0.03,0.0167866,14.8766,cut,69264,10030,no
rKaHyPar,Reuters911.mtx.hgr,no,no,1,32,0.03,0.0167866,14.4075,cut,69446,9994,no
rKaHyPar,Reuters911.mtx.hgr,no,no,2,32,0.03,0.028777,20.2928,cut,68820,9985,no
rKaHyPar,Reuters911.mtx.hgr,no,no,3,32,0.03,0.0239808,23.2584,cut,70760,9968,no
rKaHyPar,Reuters911.mtx.hgr,no,no,4,32,0.03,0.0167866,20.5141,cut,69450,9991,no
rKaHyPar,Reuters911.mtx.hgr,no,no,5,32,0.03,0.0167866,13.686,cut,70447,9959,no
rKaHyPar,Reuters911.mtx.hgr,no,no,6,32,0.03,0.0263789,15.0105,cut,69087,10099,no
rKaHyPar,Reuters911.mtx.hgr,no,no,7,32,0.03,0.028777,14.8046,cut,70217,9928,no
rKaHyPar,Reuters911.mtx.hgr,no,no,8,32,0.03,0.0263789,13.8558,cut,69522,9938,no
rKaHyPar,Reuters911.mtx.hgr,no,no,9,32,0.03,0.0215827,14.4014,cut,69566,10065,no
rKaHyPar,Reuters911.mtx.hgr,no,no,0,4,0.03,0.029703,21.5175,cut,13300,7476,no
rKaHyPar,Reuters911.mtx.hgr,no,no,1,4,0.03,0.029703,14.2332,cut,13361,7479,no
rKaHyPar,Reuters911.mtx.hgr,no,no,2,4,0.03,0.029703,20.5195,cut,13307,7460,no
rKaHyPar,Reuters911.mtx.hgr,no,no,3,4,0.03,0.029703,20.5953,cut,13442,7522,no
rKaHyPar,Reuters911.mtx.hgr,no,no,4,4,0.03,0.029703,13.9488,cut,13399,7447,no
rKaHyPar,Reuters911.mtx.hgr,no,no,5,4,0.03,0.029703,14.1035,cut,13297,7446,no
rKaHyPar,Reuters911.mtx.hgr,no,no,6,4,0.03,0.029703,14.0966,cut,13256,7471,no
rKaHyPar,Reuters911.mtx.hgr,no,no,7,4,0.03,0.029703,22.5392,cut,13410,7512,no
rKaHyPar,Reuters911.mtx.hgr,no,no,8,4,0.03,0.029703,14.9387,cut,13411,7577,no
rKaHyPar,Reuters911.mtx.hgr,no,no,9,4,0.03,0.029703,14.3359,cut,13338,7440,no
rKaHyPar,Reuters911.mtx.hgr,no,no,0,64,0.03,0.0287081,15.1556,cut,97680,10250,no
rKaHyPar,Reuters911.mtx.hgr,no,no,1,64,0.03,0.0239234,14.1623,cut,96971,10190,no
rKaHyPar,Reuters911.mtx.hgr,no,no,2,64,0.03,0.0287081,14.4282,cut,97205,10090,no
rKaHyPar,Reuters911.mtx.hgr,no,no,3,64,0.03,0.0143541,15.8571,cut,98154,10060,no
rKaHyPar,Reuters911.mtx.hgr,no,no,4,64,0.03,0.0191388,14.0912,cut,97552,10133,no
rKaHyPar,Reuters911.mtx.hgr,no,no,5,64,0.03,0.0191388,21.0225,cut,96763,10203,no
rKaHyPar,Reuters911.mtx.hgr,no,no,6,64,0.03,0.0287081,15.3191,cut,97033,10259,no
rKaHyPar,Reuters911.mtx.hgr,no,no,7,64,0.03,0.0287081,22.4062,cut,96965,10213,no
rKaHyPar,Reuters911.mtx.hgr,no,no,8,64,0.03,0.0287081,21.0269,cut,97643,10121,no
rKaHyPar,Reuters911.mtx.hgr,no,no,9,64,0.03,0.0287081,14.781,cut,98113,10103,no
rKaHyPar,Reuters911.mtx.hgr,no,no,0,8,0.03,0.0293941,14.0914,cut,27231,9043,no
rKaHyPar,Reuters911.mtx.hgr,no,no,1,8,0.03,0.029994,14.5303,cut,27366,9015,no
rKaHyPar,Reuters911.mtx.hgr,no,no,2,8,0.03,0.0293941,14.0439,cut,27217,8927,no
rKaHyPar,Reuters911.mtx.hgr,no,no,3,8,0.03,0.029994,20.2189,cut,27621,8966,no
rKaHyPar,Reuters911.mtx.hgr,no,no,4,8,0.03,0.029994,20.2712,cut,27557,9000,no
rKaHyPar,Reuters911.mtx.hgr,no,no,5,8,0.03,0.029994,13.8672,cut,27354,8976,no
rKaHyPar,Reuters911.mtx.hgr,no,no,6,8,0.03,0.029994,22.2149,cut,27355,9085,no
rKaHyPar,Reuters911.mtx.hgr,no,no,7,8,0.03,0.029994,21.2182,cut,27288,9003,no
rKaHyPar,Reuters911.mtx.hgr,no,no,8,8,0.03,0.029994,14.4068,cut,27464,8991,no
rKaHyPar,Reuters911.mtx.hgr,no,no,9,8,0.03,0.029994,21.4976,cut,27152,8974,no
rKaHyPar,RFdevice.mtx.hgr,no,no,0,128,0.03,0.029361,18.834,cut,32303,24761,no
rKaHyPar,RFdevice.mtx.hgr,no,no,1,128,0.03,0.029361,18.6901,cut,32523,24772,no
rKaHyPar,RFdevice.mtx.hgr,no,no,2,128,0.03,0.029361,18.7541,cut,32441,24738,no
rKaHyPar,RFdevice.mtx.hgr,no,no,3,128,0.03,0.029361,18.7755,cut,32166,24680,no
rKaHyPar,RFdevice.mtx.hgr,no,no,4,128,0.03,0.029361,25.695,cut,32401,24739,no
rKaHyPar,RFdevice.mtx.hgr,no,no,5,128,0.03,0.029361,18.6413,cut,32450,24792,no
rKaHyPar,RFdevice.mtx.hgr,no,no,6,128,0.03,0.029361,25.7152,cut,32569,24754,no
rKaHyPar,RFdevice.mtx.hgr,no,no,7,128,0.03,0.029361,19.1638,cut,32670,24784,no
rKaHyPar,RFdevice.mtx.hgr,no,no,8,128,0.03,0.029361,25.9595,cut,32368,24721,no
rKaHyPar,RFdevice.mtx.hgr,no,no,9,128,0.03,0.029361,19.0153,cut,32265,24735,no
rKaHyPar,RFdevice.mtx.hgr,no,no,0,16,0.03,0.0220207,13.6762,cut,10886,9935,no
rKaHyPar,RFdevice.mtx.hgr,no,no,1,16,0.03,0.0297927,15.0834,cut,10795,9918,no
rKaHyPar,RFdevice.mtx.hgr,no,no,2,16,0.03,0.0280656,8.9104,cut,10809,9867,no
rKaHyPar,RFdevice.mtx.hgr,no,no,3,16,0.03,0.0295769,11.8882,cut,10874,9913,no
rKaHyPar,RFdevice.mtx.hgr,no,no,4,16,0.03,0.0220207,9.0776,cut,10777,9913,no
rKaHyPar,RFdevice.mtx.hgr,no,no,5,16,0.03,0.0200777,8.75408,cut,10808,9928,no
rKaHyPar,RFdevice.mtx.hgr,no,no,6,16,0.03,0.0297927,11.968,cut,10833,9890,no
rKaHyPar,RFdevice.mtx.hgr,no,no,7,16,0.03,0.0289292,9.02376,cut,10901,9935,no
rKaHyPar,RFdevice.mtx.hgr,no,no,8,16,0.03,0.0289292,9.83626,cut,10678,9872,no
rKaHyPar,RFdevice.mtx.hgr,no,no,9,16,0.03,0.0291451,13.0212,cut,10868,9954,no
rKaHyPar,RFdevice.mtx.hgr,no,no,0,2,0.03,0.0103098,4.32913,cut,1745,1745,no
rKaHyPar,RFdevice.mtx.hgr,no,no,1,2,0.03,0.0176509,3.01666,cut,1739,1739,no
rKaHyPar,RFdevice.mtx.hgr,no,no,2,2,0.03,0.0176509,4.08607,cut,1739,1739,no
rKaHyPar,RFdevice.mtx.hgr,no,no,3,2,0.03,0.0103098,4.47916,cut,1745,1745,no
rKaHyPar,RFdevice.mtx.hgr,no,no,4,2,0.03,0.0103098,3.49192,cut,1745,1745,no
rKaHyPar,RFdevice.mtx.hgr,no,no,5,2,0.03,0.0115513,4.39356,cut,1745,1745,no
rKaHyPar,RFdevice.mtx.hgr,no,no,6,2,0.03,0.0176509,4.04518,cut,1739,1739,no
rKaHyPar,RFdevice.mtx.hgr,no,no,7,2,0.03,0.0175969,4.83525,cut,1739,1739,no
rKaHyPar,RFdevice.mtx.hgr,no,no,8,2,0.03,0.0176239,5.39812,cut,1739,1739,no
rKaHyPar,RFdevice.mtx.hgr,no,no,9,2,0.03,0.0103098,3.2934,cut,1745,1745,no
rKaHyPar,RFdevice.mtx.hgr,no,no,0,32,0.03,0.0280656,11.8538,cut,15018,13152,no
rKaHyPar,RFdevice.mtx.hgr,no,no,1,32,0.03,0.0297927,11.346,cut,14913,13114,no
rKaHyPar,RFdevice.mtx.hgr,no,no,2,32,0.03,0.029361,11.2556,cut,14993,13131,no
rKaHyPar,RFdevice.mtx.hgr,no,no,3,32,0.03,0.0272021,15.1667,cut,15003,13125,no
rKaHyPar,RFdevice.mtx.hgr,no,no,4,32,0.03,0.0284974,16.1051,cut,14990,13136,no
rKaHyPar,RFdevice.mtx.hgr,no,no,5,32,0.03,0.029361,14.6322,cut,14799,13120,no
rKaHyPar,RFdevice.mtx.hgr,no,no,6,32,0.03,0.0297927,11.31,cut,15007,13135,no
rKaHyPar,RFdevice.mtx.hgr,no,no,7,32,0.03,0.029361,12.3107,cut,15247,13155,no
rKaHyPar,RFdevice.mtx.hgr,no,no,8,32,0.03,0.0272021,15.2376,cut,14908,13125,no
rKaHyPar,RFdevice.mtx.hgr,no,no,9,32,0.03,0.029361,11.7218,cut,15191,13148,no
rKaHyPar,RFdevice.mtx.hgr,no,no,0,4,0.03,0.0265033,8.19841,cut,3499,3453,no
rKaHyPar,RFdevice.mtx.hgr,no,no,1,4,0.03,0.0255857,5.33876,cut,3514,3457,no
rKaHyPar,RFdevice.mtx.hgr,no,no,2,4,0.03,0.0255857,4.98791,cut,3489,3457,no
rKaHyPar,RFdevice.mtx.hgr,no,no,3,4,0.03,0.0265033,7.41579,cut,3485,3453,no
rKaHyPar,RFdevice.mtx.hgr,no,no,4,4,0.03,0.0265033,5.39705,cut,3500,3453,no
rKaHyPar,RFdevice.mtx.hgr,no,no,5,4,0.03,0.0255857,5.34115,cut,3499,3457,no
rKaHyPar,RFdevice.mtx.hgr,no,no,6,4,0.03,0.0255857,5.49563,cut,3488,3457,no
rKaHyPar,RFdevice.mtx.hgr,no,no,7,4,0.03,0.0266112,8.02953,cut,3516,3459,no
rKaHyPar,RFdevice.mtx.hgr,no,no,8,4,0.03,0.0266112,6.11005,cut,3511,3459,no
rKaHyPar,RFdevice.mtx.hgr,no,no,9,4,0.03,0.0265033,5.75181,cut,3500,3453,no
rKaHyPar,RFdevice.mtx.hgr,no,no,0,64,0.03,0.029361,14.9029,cut,22918,19029,no
rKaHyPar,RFdevice.mtx.hgr,no,no,1,64,0.03,0.029361,14.5497,cut,22927,19051,no
rKaHyPar,RFdevice.mtx.hgr,no,no,2,64,0.03,0.029361,14.757,cut,22978,19064,no
rKaHyPar,RFdevice.mtx.hgr,no,no,3,64,0.03,0.029361,14.363,cut,22794,19081,no
rKaHyPar,RFdevice.mtx.hgr,no,no,4,64,0.03,0.029361,15.6417,cut,22904,19039,no
rKaHyPar,RFdevice.mtx.hgr,no,no,5,64,0.03,0.0284974,19.7029,cut,22822,19056,no
rKaHyPar,RFdevice.mtx.hgr,no,no,6,64,0.03,0.029361,14.3751,cut,23061,19032,no
rKaHyPar,RFdevice.mtx.hgr,no,no,7,64,0.03,0.029361,20.7477,cut,22902,19063,no
rKaHyPar,RFdevice.mtx.hgr,no,no,8,64,0.03,0.029361,20.7663,cut,22698,19037,no
rKaHyPar,RFdevice.mtx.hgr,no,no,9,64,0.03,0.029361,15.0017,cut,23052,19066,no
rKaHyPar,RFdevice.mtx.hgr,no,no,0,8,0.03,0.0232106,7.90085,cut,6929,6628,no
rKaHyPar,RFdevice.mtx.hgr,no,no,1,8,0.03,0.0151139,7.13954,cut,6961,6625,no
rKaHyPar,RFdevice.mtx.hgr,no,no,2,8,0.03,0.0157616,7.14775,cut,6988,6625,no
rKaHyPar,RFdevice.mtx.hgr,no,no,3,8,0.03,0.029796,10.6252,cut,7040,6699,no
rKaHyPar,RFdevice.mtx.hgr,no,no,4,8,0.03,0.0210515,10.0963,cut,6993,6635,no
rKaHyPar,RFdevice.mtx.hgr,no,no,5,8,0.03,0.029796,7.1932,cut,6985,6636,no
rKaHyPar,RFdevice.mtx.hgr,no,no,6,8,0.03,0.0208356,9.52922,cut,6955,6629,no
rKaHyPar,RFdevice.mtx.hgr,no,no,7,8,0.03,0.0187844,7.1719,cut,6991,6632,no
rKaHyPar,RFdevice.mtx.hgr,no,no,8,8,0.03,0.0185685,7.92863,cut,6952,6622,no
rKaHyPar,RFdevice.mtx.hgr,no,no,9,8,0.03,0.0225629,10.0973,cut,6981,6630,no
rKaHyPar,rgg_n_2_18_s0.mtx.hgr,no,no,0,128,0.03,0.0297852,59.7329,cut,18704,17814,no
rKaHyPar,rgg_n_2_18_s0.mtx.hgr,no,no,1,128,0.03,0.0297852,43.8419,cut,18558,17689,no
rKaHyPar,rgg_n_2_18_s0.mtx.hgr,no,no,2,128,0.03,0.0297852,43.7905,cut,18786,17841,no
rKaHyPar,rgg_n_2_18_s0.mtx.hgr,no,no,3,128,0.03,0.0297852,44.2792,cut,18802,17895,no
rKaHyPar,rgg_n_2_18_s0.mtx.hgr,no,no,4,128,0.03,0.0297852,59.5584,cut,18777,17887,no
rKaHyPar,rgg_n_2_18_s0.mtx.hgr,no,no,5,128,0.03,0.0297852,43.9265,cut,18940,17966,no
rKaHyPar,rgg_n_2_18_s0.mtx.hgr,no,no,6,128,0.03,0.0292969,59.3246,cut,18596,17710,no
rKaHyPar,rgg_n_2_18_s0.mtx.hgr,no,no,7,128,0.03,0.0297852,44.0487,cut,18561,17706,no
rKaHyPar,rgg_n_2_18_s0.mtx.hgr,no,no,8,128,0.03,0.0297852,59.5677,cut,18698,17817,no
rKaHyPar,rgg_n_2_18_s0.mtx.hgr,no,no,9,128,0.03,0.0297852,43.9179,cut,18437,17624,no
rKaHyPar,rgg_n_2_18_s0.mtx.hgr,no,no,0,16,0.03,0.0292969,43.3211,cut,5156,5031,no
rKaHyPar,rgg_n_2_18_s0.mtx.hgr,no,no,1,16,0.03,0.0256958,43.8335,cut,5051,4975,no
rKaHyPar,rgg_n_2_18_s0.mtx.hgr,no,no,2,16,0.03,0.0281372,31.3814,cut,5026,4943,no
rKaHyPar,rgg_n_2_18_s0.mtx.hgr,no,no,3,16,0.03,0.0228882,40.9882,cut,5027,4907,no
rKaHyPar,rgg_n_2_18_s0.mtx.hgr,no,no,4,16,0.03,0.0299072,31.3363,cut,5043,4947,no
rKaHyPar,rgg_n_2_18_s0.mtx.hgr,no,no,5,16,0.03,0.0269775,32.211,cut,5091,4964,no
rKaHyPar,rgg_n_2_18_s0.mtx.hgr,no,no,6,16,0.03,0.0299072,42.5342,cut,5080,4966,no
rKaHyPar,rgg_n_2_18_s0.mtx.hgr,no,no,7,16,0.03,0.0272827,30.8577,cut,5002,4921,no
rKaHyPar,rgg_n_2_18_s0.mtx.hgr,no,no,8,16,0.03,0.0281982,31.5844,cut,5103,4991,no
rKaHyPar,rgg_n_2_18_s0.mtx.hgr,no,no,9,16,0.03,0.0247192,44.6633,cut,5151,5043,no
rKaHyPar,rgg_n_2_18_s0.mtx.hgr,no,no,0,2,0.03,0.00062561,25.4134,cut,811,811,no
rKaHyPar,rgg_n_2_18_s0.mtx.hgr,no,no,1,2,0.03,0.0290909,16.9808,cut,842,842,no
rKaHyPar,rgg_n_2_18_s0.mtx.hgr,no,no,2,2,0.03,0.000610352,25.9723,cut,811,811,no
rKaHyPar,rgg_n_2_18_s0.mtx.hgr,no,no,3,2,0.03,0.00063324,25.0141,cut,811,811,no
rKaHyPar,rgg_n_2_18_s0.mtx.hgr,no,no,4,2,0.03,0.00063324,19.3434,cut,811,811,no
rKaHyPar,rgg_n_2_18_s0.mtx.hgr,no,no,5,2,0.03,0.00062561,25.8462,cut,811,811,no
rKaHyPar,rgg_n_2_18_s0.mtx.hgr,no,no,6,2,0.03,0.0290756,28.4142,cut,855,855,no
rKaHyPar,rgg_n_2_18_s0.mtx.hgr,no,no,7,2,0.03,0.00063324,25.2787,cut,811,811,no
rKaHyPar,rgg_n_2_18_s0.mtx.hgr,no,no,8,2,0.03,0.000617981,24.7584,cut,811,811,no
rKaHyPar,rgg_n_2_18_s0.mtx.hgr,no,no,9,2,0.03,0.0290985,22.2387,cut,855,855,no
rKaHyPar,rgg_n_2_18_s0.mtx.hgr,no,no,0,32,0.03,0.0297852,34.1137,cut,8119,7905,no
rKaHyPar,rgg_n_2_18_s0.mtx.hgr,no,no,1,32,0.03,0.0296631,34.5557,cut,8301,8060,no
rKaHyPar,rgg_n_2_18_s0.mtx.hgr,no,no,2,32,0.03,0.0267334,35.3391,cut,8295,8071,no
rKaHyPar,rgg_n_2_18_s0.mtx.hgr,no,no,3,32,0.03,0.0285645,46.1148,cut,8214,7984,no
rKaHyPar,rgg_n_2_18_s0.mtx.hgr,no,no,4,32,0.03,0.029541,45.561,cut,8245,7987,no
rKaHyPar,rgg_n_2_18_s0.mtx.hgr,no,no,5,32,0.03,0.029541,46.1689,cut,8179,7931,no
rKaHyPar,rgg_n_2_18_s0.mtx.hgr,no,no,6,32,0.03,0.0289307,34.1918,cut,8418,8178,no
rKaHyPar,rgg_n_2_18_s0.mtx.hgr,no,no,7,32,0.03,0.0297852,34.0585,cut,8230,7996,no
rKaHyPar,rgg_n_2_18_s0.mtx.hgr,no,no,8,32,0.03,0.02771,45.9375,cut,8199,8039,no
rKaHyPar,rgg_n_2_18_s0.mtx.hgr,no,no,9,32,0.03,0.0290527,34.023,cut,8112,7892,no
rKaHyPar,rgg_n_2_18_s0.mtx.hgr,no,no,0,4,0.03,0.00717163,31.2634,cut,1632,1625,no
rKaHyPar,rgg_n_2_18_s0.mtx.hgr,no,no,1,4,0.03,0.00714111,23.1776,cut,1632,1625,no
rKaHyPar,rgg_n_2_18_s0.mtx.hgr,no,no,2,4,0.03,0.00714111,24.102,cut,1632,1625,no
rKaHyPar,rgg_n_2_18_s0.mtx.hgr,no,no,3,4,0.03,0.00714111,30.6502,cut,1632,1625,no
rKaHyPar,rgg_n_2_18_s0.mtx.hgr,no,no,4,4,0.03,0.00714111,23.5443,cut,1632,1625,no
rKaHyPar,rgg_n_2_18_s0.mtx.hgr,no,no,5,4,0.03,0.00714111,24.5816,cut,1632,1625,no
rKaHyPar,rgg_n_2_18_s0.mtx.hgr,no,no,6,4,0.03,0.021225,26.204,cut,1716,1696,no
rKaHyPar,rgg_n_2_18_s0.mtx.hgr,no,no,7,4,0.03,0.00714111,31.0526,cut,1632,1625,no
rKaHyPar,rgg_n_2_18_s0.mtx.hgr,no,no,8,4,0.03,0.00714111,23.75,cut,1632,1625,no
rKaHyPar,rgg_n_2_18_s0.mtx.hgr,no,no,9,4,0.03,0.0162201,24.1002,cut,1718,1696,no
rKaHyPar,rgg_n_2_18_s0.mtx.hgr,no,no,0,64,0.03,0.0297852,37.6851,cut,12368,11873,no
rKaHyPar,rgg_n_2_18_s0.mtx.hgr,no,no,1,64,0.03,0.029541,38.461,cut,12542,12061,no
rKaHyPar,rgg_n_2_18_s0.mtx.hgr,no,no,2,64,0.03,0.0285645,37.9554,cut,12471,12015,no
rKaHyPar,rgg_n_2_18_s0.mtx.hgr,no,no,3,64,0.03,0.0297852,38.2035,cut,12317,11870,no
rKaHyPar,rgg_n_2_18_s0.mtx.hgr,no,no,4,64,0.03,0.029541,37.5597,cut,12394,11897,no
rKaHyPar,rgg_n_2_18_s0.mtx.hgr,no,no,5,64,0.03,0.029541,50.7719,cut,12200,11811,no
rKaHyPar,rgg_n_2_18_s0.mtx.hgr,no,no,6,64,0.03,0.029541,37.9265,cut,12517,11951,no
rKaHyPar,rgg_n_2_18_s0.mtx.hgr,no,no,7,64,0.03,0.0297852,50.8587,cut,12435,11983,no
rKaHyPar,rgg_n_2_18_s0.mtx.hgr,no,no,8,64,0.03,0.0297852,51.0973,cut,12302,11862,no
rKaHyPar,rgg_n_2_18_s0.mtx.hgr,no,no,9,64,0.03,0.029541,37.1547,cut,12330,11884,no
rKaHyPar,rgg_n_2_18_s0.mtx.hgr,no,no,0,8,0.03,0.0278015,27.3071,cut,3285,3239,no
rKaHyPar,rgg_n_2_18_s0.mtx.hgr,no,no,1,8,0.03,0.0233154,30.5151,cut,3244,3213,no
rKaHyPar,rgg_n_2_18_s0.mtx.hgr,no,no,2,8,0.03,0.022583,28.9684,cut,3172,3134,no
rKaHyPar,rgg_n_2_18_s0.mtx.hgr,no,no,3,8,0.03,0.0252686,37.239,cut,3212,3165,no
rKaHyPar,rgg_n_2_18_s0.mtx.hgr,no,no,4,8,0.03,0.0229187,37.8051,cut,3238,3175,no
rKaHyPar,rgg_n_2_18_s0.mtx.hgr,no,no,5,8,0.03,0.025238,27.5493,cut,3227,3165,no
rKaHyPar,rgg_n_2_18_s0.mtx.hgr,no,no,6,8,0.03,0.0220032,36.7565,cut,3227,3175,no
rKaHyPar,rgg_n_2_18_s0.mtx.hgr,no,no,7,8,0.03,0.0292664,28.5394,cut,3153,3134,no
rKaHyPar,rgg_n_2_18_s0.mtx.hgr,no,no,8,8,0.03,0.025116,27.5584,cut,3222,3172,no
rKaHyPar,rgg_n_2_18_s0.mtx.hgr,no,no,9,8,0.03,0.0294495,41.8919,cut,3137,3070,no
rKaHyPar,rim.mtx.hgr,no,no,0,128,0.03,0.00564972,6.71045,cut,39145,13940,no
rKaHyPar,rim.mtx.hgr,no,no,1,128,0.03,0.0282486,6.7526,cut,38117,13924,no
rKaHyPar,rim.mtx.hgr,no,no,2,128,0.03,0.0282486,6.64249,cut,37702,13845,no
rKaHyPar,rim.mtx.hgr,no,no,3,128,0.03,0.0169492,6.7315,cut,39937,13979,no
rKaHyPar,rim.mtx.hgr,no,no,4,128,0.03,0.0225989,9.84969,cut,39463,13901,no
rKaHyPar,rim.mtx.hgr,no,no,5,128,0.03,0.0169492,6.6369,cut,39003,13965,no
rKaHyPar,rim.mtx.hgr,no,no,6,128,0.03,0.0225989,10.1635,cut,39131,13957,no
rKaHyPar,rim.mtx.hgr,no,no,7,128,0.03,0.0169492,6.7367,cut,39071,13904,no
rKaHyPar,rim.mtx.hgr,no,no,8,128,0.03,0.0282486,6.78371,cut,39521,13965,no
rKaHyPar,rim.mtx.hgr,no,no,9,128,0.03,0.0282486,6.85113,cut,40047,13922,no
rKaHyPar,rim.mtx.hgr,no,no,0,16,0.03,0.00283688,3.89382,cut,5481,3072,no
rKaHyPar,rim.mtx.hgr,no,no,1,16,0.03,0.00070922,3.89718,cut,5172,3072,no
rKaHyPar,rim.mtx.hgr,no,no,2,16,0.03,0.00141844,3.82103,cut,4614,3072,no
rKaHyPar,rim.mtx.hgr,no,no,3,16,0.03,0,3.85359,cut,5298,3072,no
rKaHyPar,rim.mtx.hgr,no,no,4,16,0.03,0.00283688,2.66432,cut,4647,3072,no
rKaHyPar,rim.mtx.hgr,no,no,5,16,0.03,0.00141844,3.92256,cut,5264,3126,no
rKaHyPar,rim.mtx.hgr,no,no,6,16,0.03,0.00283688,4.05653,cut,4681,3070,no
rKaHyPar,rim.mtx.hgr,no,no,7,16,0.03,0.00070922,2.71028,cut,4830,3099,no
rKaHyPar,rim.mtx.hgr,no,no,8,16,0.03,0.00283688,4.02152,cut,4389,3072,no
rKaHyPar,rim.mtx.hgr,no,no,9,16,0.03,0.00070922,3.95563,cut,5025,3072,no
rKaHyPar,rim.mtx.hgr,no,no,0,2,0.03,0,0.869583,cut,384,384,no
rKaHyPar,rim.mtx.hgr,no,no,1,2,0.03,0,0.595827,cut,384,384,no
rKaHyPar,rim.mtx.hgr,no,no,2,2,0.03,0,1.03179,cut,382,382,no
rKaHyPar,rim.mtx.hgr,no,no,3,2,0.03,0,0.986087,cut,382,382,no
rKaHyPar,rim.mtx.hgr,no,no,4,2,0.03,0,0.622125,cut,384,384,no
rKaHyPar,rim.mtx.hgr,no,no,5,2,0.03,0,0.849583,cut,384,384,no
rKaHyPar,rim.mtx.hgr,no,no,6,2,0.03,0,0.967769,cut,382,382,no
rKaHyPar,rim.mtx.hgr,no,no,7,2,0.03,0,0.998733,cut,382,382,no
rKaHyPar,rim.mtx.hgr,no,no,8,2,0.03,0.00531915,0.891975,cut,384,384,no
rKaHyPar,rim.mtx.hgr,no,no,9,2,0.03,0,0.609025,cut,384,384,no
rKaHyPar,rim.mtx.hgr,no,no,0,32,0.03,0.00141844,3.77605,cut,11340,6183,no
rKaHyPar,rim.mtx.hgr,no,no,1,32,0.03,0.00425532,5.76894,cut,11004,6144,no
rKaHyPar,rim.mtx.hgr,no,no,2,32,0.03,0.00567376,3.84059,cut,11058,6144,no
rKaHyPar,rim.mtx.hgr,no,no,3,32,0.03,0.00283688,5.66163,cut,10560,6144,no
rKaHyPar,rim.mtx.hgr,no,no,4,32,0.03,0.00141844,3.80431,cut,10984,6181,no
rKaHyPar,rim.mtx.hgr,no,no,5,32,0.03,0.00283688,5.73188,cut,10848,6183,no
rKaHyPar,rim.mtx.hgr,no,no,6,32,0.03,0.00425532,3.87464,cut,9867,6144,no
rKaHyPar,rim.mtx.hgr,no,no,7,32,0.03,0.00283688,3.87506,cut,11240,6183,no
rKaHyPar,rim.mtx.hgr,no,no,8,32,0.03,0.00567376,5.60422,cut,9693,6144,no
rKaHyPar,rim.mtx.hgr,no,no,9,32,0.03,0.0070922,3.91065,cut,10879,6142,no
rKaHyPar,rim.mtx.hgr,no,no,0,4,0.03,0.0106383,1.78901,cut,1104,768,no
rKaHyPar,rim.mtx.hgr,no,no,1,4,0.03,0,1.6551,cut,1302,768,no
rKaHyPar,rim.mtx.hgr,no,no,2,4,0.03,0,1.16145,cut,933,766,no
rKaHyPar,rim.mtx.hgr,no,no,3,4,0.03,0.0106383,1.63931,cut,1167,768,no
rKaHyPar,rim.mtx.hgr,no,no,4,4,0.03,0.0106383,1.15427,cut,1188,768,no
rKaHyPar,rim.mtx.hgr,no,no,5,4,0.03,0.0109929,1.16264,cut,960,768,no
rKaHyPar,rim.mtx.hgr,no,no,6,4,0.03,0,1.13448,cut,1067,766,no
rKaHyPar,rim.mtx.hgr,no,no,7,4,0.03,0.0106383,1.18027,cut,960,768,no
rKaHyPar,rim.mtx.hgr,no,no,8,4,0.03,0.0106383,1.19919,cut,960,768,no
rKaHyPar,rim.mtx.hgr,no,no,9,4,0.03,0,1.18315,cut,960,768,no
rKaHyPar,rim.mtx.hgr,no,no,0,64,0.03,0.00566572,7.909,cut,23395,9270,no
rKaHyPar,rim.mtx.hgr,no,no,1,64,0.03,0.00566572,5.37211,cut,22095,9318,no
rKaHyPar,rim.mtx.hgr,no,no,2,64,0.03,0.00566572,5.48217,cut,22825,9261,no
rKaHyPar,rim.mtx.hgr,no,no,3,64,0.03,0.0113314,5.35716,cut,23099,9261,no
rKaHyPar,rim.mtx.hgr,no,no,4,64,0.03,0.00283286,5.37887,cut,23668,9244,no
rKaHyPar,rim.mtx.hgr,no,no,5,64,0.03,0,8.0397,cut,23338,9241,no
rKaHyPar,rim.mtx.hgr,no,no,6,64,0.03,0,5.4463,cut,23314,9216,no
rKaHyPar,rim.mtx.hgr,no,no,7,64,0.03,0.00283286,7.91951,cut,23923,9227,no
rKaHyPar,rim.mtx.hgr,no,no,8,64,0.03,0.0226629,8.06734,cut,23386,9260,no
rKaHyPar,rim.mtx.hgr,no,no,9,64,0.03,0.00566572,5.31736,cut,24507,9248,no
rKaHyPar,rim.mtx.hgr,no,no,0,8,0.03,0.0212766,1.8473,cut,2502,1536,no
rKaHyPar,rim.mtx.hgr,no,no,1,8,0.03,0.0212766,1.77675,cut,2454,1536,no
rKaHyPar,rim.mtx.hgr,no,no,2,8,0.03,0.0237589,1.88557,cut,2475,1534,no
rKaHyPar,rim.mtx.hgr,no,no,3,8,0.03,0.0212766,2.78556,cut,2208,1536,no
rKaHyPar,rim.mtx.hgr,no,no,4,8,0.03,0.0212766,2.89744,cut,2205,1536,no
rKaHyPar,rim.mtx.hgr,no,no,5,8,0.03,0.0212766,1.80909,cut,2187,1536,no
rKaHyPar,rim.mtx.hgr,no,no,6,8,0.03,0.0212766,1.8973,cut,2424,1536,no
rKaHyPar,rim.mtx.hgr,no,no,7,8,0.03,0.0212766,1.7597,cut,2388,1536,no
rKaHyPar,rim.mtx.hgr,no,no,8,8,0.03,0.0212766,1.79892,cut,2382,1536,no
rKaHyPar,rim.mtx.hgr,no,no,9,8,0.03,0.00496454,1.79767,cut,2308,1534,no
rKaHyPar,RM07R.mtx.hgr,no,no,0,128,0.03,0.0288397,49.537,cut,385345,181295,no
rKaHyPar,RM07R.mtx.hgr,no,no,1,128,0.03,0.0295104,34.0601,cut,398469,183620,no
rKaHyPar,RM07R.mtx.hgr,no,no,2,128,0.03,0.0295104,34.1214,cut,381860,182047,no
rKaHyPar,RM07R.mtx.hgr,no,no,3,128,0.03,0.0295104,35.6382,cut,375741,181030,no
rKaHyPar,RM07R.mtx.hgr,no,no,4,128,0.03,0.0278337,48.2761,cut,394114,182960,no
rKaHyPar,RM07R.mtx.hgr,no,no,5,128,0.03,0.0298457,34.4702,cut,388951,182809,no
rKaHyPar,RM07R.mtx.hgr,no,no,6,128,0.03,0.0298457,49.7064,cut,384352,182919,no
rKaHyPar,RM07R.mtx.hgr,no,no,7,128,0.03,0.0298457,35.1882,cut,393710,184625,no
rKaHyPar,RM07R.mtx.hgr,no,no,8,128,0.03,0.0295104,34.3332,cut,384629,180890,no
rKaHyPar,RM07R.mtx.hgr,no,no,9,128,0.03,0.0298457,34.7257,cut,388572,180758,no
rKaHyPar,RM07R.mtx.hgr,no,no,0,16,0.03,0.0299296,46.6522,cut,106485,84932,no
rKaHyPar,RM07R.mtx.hgr,no,no,1,16,0.03,0.0299296,44.0322,cut,111334,87055,no
rKaHyPar,RM07R.mtx.hgr,no,no,2,16,0.03,0.0267857,43.1507,cut,105443,85056,no
rKaHyPar,RM07R.mtx.hgr,no,no,3,16,0.03,0.02972,45.8773,cut,107807,86711,no
rKaHyPar,RM07R.mtx.hgr,no,no,4,16,0.03,0.0295104,31.6318,cut,109998,85561,no
rKaHyPar,RM07R.mtx.hgr,no,no,5,16,0.03,0.0299296,44.1794,cut,108534,85065,no
rKaHyPar,RM07R.mtx.hgr,no,no,6,16,0.03,0.0284624,46.7337,cut,108795,85065,no
rKaHyPar,RM07R.mtx.hgr,no,no,7,16,0.03,0.0299296,33.2425,cut,111769,86002,no
rKaHyPar,RM07R.mtx.hgr,no,no,8,16,0.03,0.028672,42.793,cut,110184,86687,no
rKaHyPar,RM07R.mtx.hgr,no,no,9,16,0.03,0.0295104,48.4784,cut,108942,87165,no
rKaHyPar,RM07R.mtx.hgr,no,no,0,2,0.03,0.0266971,295.63,cut,18786,18786,no
rKaHyPar,RM07R.mtx.hgr,no,no,1,2,0.03,0.0299143,200.902,cut,18385,18385,no
rKaHyPar,RM07R.mtx.hgr,no,no,2,2,0.03,0.0299458,238.332,cut,18422,18422,no
rKaHyPar,RM07R.mtx.hgr,no,no,3,2,0.03,0.0265137,250.935,cut,18486,18486,no
rKaHyPar,RM07R.mtx.hgr,no,no,4,2,0.03,0.027876,136.775,cut,18368,18368,no
rKaHyPar,RM07R.mtx.hgr,no,no,5,2,0.03,0.029579,280.49,cut,18402,18402,no
rKaHyPar,RM07R.mtx.hgr,no,no,6,2,0.03,0.0298672,225.005,cut,18358,18358,no
rKaHyPar,RM07R.mtx.hgr,no,no,7,2,0.03,0.0297309,229.104,cut,18504,18504,no
rKaHyPar,RM07R.mtx.hgr,no,no,8,2,0.03,0.0297047,280.076,cut,18407,18407,no
rKaHyPar,RM07R.mtx.hgr,no,no,9,2,0.03,0.0299196,203.769,cut,18515,18515,no
rKaHyPar,RM07R.mtx.hgr,no,no,0,32,0.03,0.0299296,31.1096,cut,167447,114970,no
rKaHyPar,RM07R.mtx.hgr,no,no,1,32,0.03,0.0290074,44.8296,cut,162384,113417,no
rKaHyPar,RM07R.mtx.hgr,no,no,2,32,0.03,0.0299296,30.8572,cut,162112,114547,no
rKaHyPar,RM07R.mtx.hgr,no,no,3,32,0.03,0.0299296,47.4446,cut,165775,114563,no
rKaHyPar,RM07R.mtx.hgr,no,no,4,32,0.03,0.0295942,30.5922,cut,161727,113677,no
rKaHyPar,RM07R.mtx.hgr,no,no,5,32,0.03,0.0299296,43.9067,cut,170953,116932,no
rKaHyPar,RM07R.mtx.hgr,no,no,6,32,0.03,0.0299296,29.8446,cut,163255,114023,no
rKaHyPar,RM07R.mtx.hgr,no,no,7,32,0.03,0.0299296,33.1137,cut,168366,118906,no
rKaHyPar,RM07R.mtx.hgr,no,no,8,32,0.03,0.0299296,43.3817,cut,168478,117638,no
rKaHyPar,RM07R.mtx.hgr,no,no,9,32,0.03,0.0295104,31.2834,cut,159553,113188,no
rKaHyPar,RM07R.mtx.hgr,no,no,0,4,0.03,0.0270375,42.7095,cut,32025,30630,no
rKaHyPar,RM07R.mtx.hgr,no,no,1,4,0.03,0.0281064,50.8375,cut,31932,30591,no
rKaHyPar,RM07R.mtx.hgr,no,no,2,4,0.03,0.0224684,36.3955,cut,32084,30694,no
rKaHyPar,RM07R.mtx.hgr,no,no,3,4,0.03,0.0188319,47.3755,cut,31937,30462,no
rKaHyPar,RM07R.mtx.hgr,no,no,4,4,0.03,0.0282007,35.4795,cut,32013,30634,no
rKaHyPar,RM07R.mtx.hgr,no,no,5,4,0.03,0.0196179,30.4663,cut,31863,30527,no
rKaHyPar,RM07R.mtx.hgr,no,no,6,4,0.03,0.0230238,34.3264,cut,31932,30609,no
rKaHyPar,RM07R.mtx.hgr,no,no,7,4,0.03,0.0181508,35.1498,cut,31778,30503,no
rKaHyPar,RM07R.mtx.hgr,no,no,8,4,0.03,0.0278968,34.4739,cut,31884,30607,no
rKaHyPar,RM07R.mtx.hgr,no,no,9,4,0.03,0.0217558,33.3215,cut,31962,30604,no
rKaHyPar,RM07R.mtx.hgr,no,no,0,64,0.03,0.0295104,45.7168,cut,259512,148916,no
rKaHyPar,RM07R.mtx.hgr,no,no,1,64,0.03,0.0298457,31.8683,cut,251316,149991,no
rKaHyPar,RM07R.mtx.hgr,no,no,2,64,0.03,0.0295104,32.011,cut,254056,150015,no
rKaHyPar,RM07R.mtx.hgr,no,no,3,64,0.03,0.0295104,33.0547,cut,251323,149141,no
rKaHyPar,RM07R.mtx.hgr,no,no,4,64,0.03,0.0295104,31.9328,cut,256503,150300,no
rKaHyPar,RM07R.mtx.hgr,no,no,5,64,0.03,0.028672,44.8902,cut,246984,148894,no
rKaHyPar,RM07R.mtx.hgr,no,no,6,64,0.03,0.0298457,32.5554,cut,254355,151250,no
rKaHyPar,RM07R.mtx.hgr,no,no,7,64,0.03,0.0295104,45.8443,cut,254847,149634,no
rKaHyPar,RM07R.mtx.hgr,no,no,8,64,0.03,0.0298457,46.0479,cut,259928,151481,no
rKaHyPar,RM07R.mtx.hgr,no,no,9,64,0.03,0.0295104,32.1616,cut,258474,150190,no
rKaHyPar,RM07R.mtx.hgr,no,no,0,8,0.03,0.0291331,39.5269,cut,66694,57350,no
rKaHyPar,RM07R.mtx.hgr,no,no,1,8,0.03,0.0289864,34.8134,cut,64620,57121,no
rKaHyPar,RM07R.mtx.hgr,no,no,2,8,0.03,0.02972,34.0585,cut,66661,57390,no
rKaHyPar,RM07R.mtx.hgr,no,no,3,8,0.03,0.0288816,53.8753,cut,66401,57561,no
rKaHyPar,RM07R.mtx.hgr,no,no,4,8,0.03,0.0295104,51.7808,cut,66409,57181,no
rKaHyPar,RM07R.mtx.hgr,no,no,5,8,0.03,0.0269953,32.0769,cut,64999,56537,no
rKaHyPar,RM07R.mtx.hgr,no,no,6,8,0.03,0.02972,35.8357,cut,65055,57869,no
rKaHyPar,RM07R.mtx.hgr,no,no,7,8,0.03,0.0299296,36.8727,cut,66187,57539,no
rKaHyPar,RM07R.mtx.hgr,no,no,8,8,0.03,0.0273097,39.3685,cut,65882,57037,no
rKaHyPar,RM07R.mtx.hgr,no,no,9,8,0.03,0.029196,39.6419,cut,67105,57125,no
rKaHyPar,rma10.mtx.hgr,no,no,0,128,0.03,0.0273224,8.412,cut,33653,17252,no
rKaHyPar,rma10.mtx.hgr,no,no,1,128,0.03,0.0273224,8.25759,cut,35058,17212,no
rKaHyPar,rma10.mtx.hgr,no,no,2,128,0.03,0.0273224,8.36036,cut,35090,17150,no
rKaHyPar,rma10.mtx.hgr,no,no,3,128,0.03,0.0273224,8.42577,cut,36220,17311,no
rKaHyPar,rma10.mtx.hgr,no,no,4,128,0.03,0.0273224,8.59764,cut,33555,17203,no
rKaHyPar,rma10.mtx.hgr,no,no,5,128,0.03,0.0273224,8.4098,cut,34653,17215,no
rKaHyPar,rma10.mtx.hgr,no,no,6,128,0.03,0.0273224,11.98,cut,34106,17273,no
rKaHyPar,rma10.mtx.hgr,no,no,7,128,0.03,0.0273224,8.48766,cut,35179,17159,no
rKaHyPar,rma10.mtx.hgr,no,no,8,128,0.03,0.0273224,8.29954,cut,35660,17149,no
rKaHyPar,rma10.mtx.hgr,no,no,9,128,0.03,0.0273224,8.37252,cut,35664,17305,no
rKaHyPar,rma10.mtx.hgr,no,no,0,16,0.03,0.022541,3.88689,cut,5567,3905,no
rKaHyPar,rma10.mtx.hgr,no,no,1,16,0.03,0.028347,2.67581,cut,5251,3787,no
rKaHyPar,rma10.mtx.hgr,no,no,2,16,0.03,0.0276639,3.98821,cut,5466,3968,no
rKaHyPar,rma10.mtx.hgr,no,no,3,16,0.03,0.0252732,3.73238,cut,5926,3852,no
rKaHyPar,rma10.mtx.hgr,no,no,4,16,0.03,0.0252732,2.72592,cut,5562,3803,no
rKaHyPar,rma10.mtx.hgr,no,no,5,16,0.03,0.0259563,3.81187,cut,5441,3853,no
rKaHyPar,rma10.mtx.hgr,no,no,6,16,0.03,0.0273224,4.01725,cut,5715,3856,no
rKaHyPar,rma10.mtx.hgr,no,no,7,16,0.03,0.0286885,3.8446,cut,5934,3806,no
rKaHyPar,rma10.mtx.hgr,no,no,8,16,0.03,0.00956284,3.93172,cut,5597,3820,no
rKaHyPar,rma10.mtx.hgr,no,no,9,16,0.03,0.0280055,3.78147,cut,5867,3926,no
rKaHyPar,rma10.mtx.hgr,no,no,0,2,0.03,0.00525237,1.16966,cut,340,340,no
rKaHyPar,rma10.mtx.hgr,no,no,1,2,0.03,0.00525237,0.981425,cut,340,340,no
rKaHyPar,rma10.mtx.hgr,no,no,2,2,0.03,0.0179776,1.03591,cut,362,362,no
rKaHyPar,rma10.mtx.hgr,no,no,3,2,0.03,0.00525237,1.07069,cut,340,340,no
rKaHyPar,rma10.mtx.hgr,no,no,4,2,0.03,0.00525237,0.830754,cut,340,340,no
rKaHyPar,rma10.mtx.hgr,no,no,5,2,0.03,0.0179776,1.12442,cut,362,362,no
rKaHyPar,rma10.mtx.hgr,no,no,6,2,0.03,0.00525237,1.23675,cut,340,340,no
rKaHyPar,rma10.mtx.hgr,no,no,7,2,0.03,0.00525237,0.785275,cut,340,340,no
rKaHyPar,rma10.mtx.hgr,no,no,8,2,0.03,0.0125117,1.09765,cut,358,358,no
rKaHyPar,rma10.mtx.hgr,no,no,9,2,0.03,0.00525237,0.888881,cut,340,340,no
rKaHyPar,rma10.mtx.hgr,no,no,0,32,0.03,0.0239071,4.27799,cut,11198,6664,no
rKaHyPar,rma10.mtx.hgr,no,no,1,32,0.03,0.023224,5.62276,cut,10724,6708,no
rKaHyPar,rma10.mtx.hgr,no,no,2,32,0.03,0.0286885,4.09453,cut,10354,6748,no
rKaHyPar,rma10.mtx.hgr,no,no,3,32,0.03,0.0280055,5.6041,cut,10689,6678,no
rKaHyPar,rma10.mtx.hgr,no,no,4,32,0.03,0.0280055,4.06284,cut,10734,6661,no
rKaHyPar,rma10.mtx.hgr,no,no,5,32,0.03,0.0204918,5.91335,cut,10776,6764,no
rKaHyPar,rma10.mtx.hgr,no,no,6,32,0.03,0.0286885,4.16859,cut,10421,6729,no
rKaHyPar,rma10.mtx.hgr,no,no,7,32,0.03,0.0286885,4.0761,cut,10698,6497,no
rKaHyPar,rma10.mtx.hgr,no,no,8,32,0.03,0.0259563,5.62249,cut,10532,6603,no
rKaHyPar,rma10.mtx.hgr,no,no,9,32,0.03,0.0245902,4.24194,cut,11061,6701,no
rKaHyPar,rma10.mtx.hgr,no,no,0,4,0.03,0.0134939,1.66182,cut,1173,894,no
rKaHyPar,rma10.mtx.hgr,no,no,1,4,0.03,0.00734478,1.58119,cut,1193,890,no
rKaHyPar,rma10.mtx.hgr,no,no,2,4,0.03,0.0133231,1.11018,cut,1119,894,no
rKaHyPar,rma10.mtx.hgr,no,no,3,4,0.03,0.0137501,1.09987,cut,1181,894,no
rKaHyPar,rma10.mtx.hgr,no,no,4,4,0.03,0.00649073,1.12949,cut,1126,890,no
rKaHyPar,rma10.mtx.hgr,no,no,5,4,0.03,0.0292937,1.06665,cut,1272,902,no
rKaHyPar,rma10.mtx.hgr,no,no,6,4,0.03,0.0269878,1.19975,cut,972,958,no
rKaHyPar,rma10.mtx.hgr,no,no,7,4,0.03,0.00819882,1.11146,cut,1229,910,no
rKaHyPar,rma10.mtx.hgr,no,no,8,4,0.03,0.0253651,1.23745,cut,1256,974,no
rKaHyPar,rma10.mtx.hgr,no,no,9,4,0.03,0.00794261,1.19775,cut,1208,890,no
rKaHyPar,rma10.mtx.hgr,no,no,0,64,0.03,0.0273224,8.3158,cut,19618,11404,no
rKaHyPar,rma10.mtx.hgr,no,no,1,64,0.03,0.0286885,6.06684,cut,19729,11181,no
rKaHyPar,rma10.mtx.hgr,no,no,2,64,0.03,0.0273224,6.03166,cut,20460,11119,no
rKaHyPar,rma10.mtx.hgr,no,no,3,64,0.03,0.0259563,5.89641,cut,19626,11192,no
rKaHyPar,rma10.mtx.hgr,no,no,4,64,0.03,0.0245902,6.07644,cut,20428,11228,no
rKaHyPar,rma10.mtx.hgr,no,no,5,64,0.03,0.0286885,8.37172,cut,20243,11263,no
rKaHyPar,rma10.mtx.hgr,no,no,6,64,0.03,0.0259563,5.96339,cut,20126,11238,no
rKaHyPar,rma10.mtx.hgr,no,no,7,64,0.03,0.0286885,8.52886,cut,19386,11332,no
rKaHyPar,rma10.mtx.hgr,no,no,8,64,0.03,0.0286885,8.39181,cut,19509,11008,no
rKaHyPar,rma10.mtx.hgr,no,no,9,64,0.03,0.0273224,6.00801,cut,20927,11512,no
rKaHyPar,rma10.mtx.hgr,no,no,0,8,0.03,0.0247652,2.158,cut,2302,2089,no
rKaHyPar,rma10.mtx.hgr,no,no,1,8,0.03,0.0177626,1.99545,cut,2696,2119,no
rKaHyPar,rma10.mtx.hgr,no,no,2,8,0.03,0.0266439,2.73838,cut,3046,2076,no
rKaHyPar,rma10.mtx.hgr,no,no,3,8,0.03,0.0247652,2.66415,cut,2351,2134,no
rKaHyPar,rma10.mtx.hgr,no,no,4,8,0.03,0.0269855,2.8226,cut,2407,1999,no
rKaHyPar,rma10.mtx.hgr,no,no,5,8,0.03,0.029889,2.06256,cut,2588,2005,no
rKaHyPar,rma10.mtx.hgr,no,no,6,8,0.03,0.0257899,1.90763,cut,2561,2033,no
rKaHyPar,rma10.mtx.hgr,no,no,7,8,0.03,0.00649018,2.15845,cut,2779,2136,no
rKaHyPar,rma10.mtx.hgr,no,no,8,8,0.03,0.029035,1.90636,cut,2569,1885,no
rKaHyPar,rma10.mtx.hgr,no,no,9,8,0.03,0.0295474,2.11749,cut,2633,2078,no
rKaHyPar,Rucci1.mtx.hgr,no,no,0,128,0.03,0.0291036,171.462,cut,513473,467952,no
rKaHyPar,Rucci1.mtx.hgr,no,no,1,128,0.03,0.0291036,126.93,cut,514840,472401,no
rKaHyPar,Rucci1.mtx.hgr,no,no,2,128,0.03,0.0291036,129.148,cut,515195,472768,no
rKaHyPar,Rucci1.mtx.hgr,no,no,3,128,0.03,0.0291036,124.579,cut,505278,461734,no
rKaHyPar,Rucci1.mtx.hgr,no,no,4,128,0.03,0.0291036,128.692,cut,508735,467099,no
rKaHyPar,Rucci1.mtx.hgr,no,no,5,128,0.03,0.0291036,122.838,cut,506517,464878,no
rKaHyPar,Rucci1.mtx.hgr,no,no,6,128,0.03,0.0291036,169.278,cut,512713,469826,no
rKaHyPar,Rucci1.mtx.hgr,no,no,7,128,0.03,0.0291036,126.19,cut,515240,471784,no
rKaHyPar,Rucci1.mtx.hgr,no,no,8,128,0.03,0.0291036,124.387,cut,508163,467051,no
rKaHyPar,Rucci1.mtx.hgr,no,no,9,128,0.03,0.0291036,126.095,cut,511525,468177,no
rKaHyPar,Rucci1.mtx.hgr,no,no,0,16,0.03,0.0299898,157.21,cut,185751,181752,no
rKaHyPar,Rucci1.mtx.hgr,no,no,1,16,0.03,0.0299898,153.644,cut,188673,186195,no
rKaHyPar,Rucci1.mtx.hgr,no,no,2,16,0.03,0.0299898,145.569,cut,195822,192469,no
rKaHyPar,Rucci1.mtx.hgr,no,no,3,16,0.03,0.0299898,132.574,cut,186285,183276,no
rKaHyPar,Rucci1.mtx.hgr,no,no,4,16,0.03,0.0299898,142.061,cut,185949,181963,no
rKaHyPar,Rucci1.mtx.hgr,no,no,5,16,0.03,0.0299898,172.108,cut,194801,191487,no
rKaHyPar,Rucci1.mtx.hgr,no,no,6,16,0.03,0.0299898,165.318,cut,192387,188654,no
rKaHyPar,Rucci1.mtx.hgr,no,no,7,16,0.03,0.0299898,155.546,cut,189475,184816,no
rKaHyPar,Rucci1.mtx.hgr,no,no,8,16,0.03,0.0299898,138.633,cut,187434,183978,no
rKaHyPar,Rucci1.mtx.hgr,no,no,9,16,0.03,0.0298442,124.186,cut,194309,191630,no
rKaHyPar,Rucci1.mtx.hgr,no,no,0,2,0.03,0,37.3209,cut,32499,32499,no
rKaHyPar,Rucci1.mtx.hgr,no,no,1,2,0.03,0,37.5378,cut,32499,32499,no
rKaHyPar,Rucci1.mtx.hgr,no,no,2,2,0.03,0,36.9484,cut,32499,32499,no
rKaHyPar,Rucci1.mtx.hgr,no,no,3,2,0.03,0,36.0305,cut,32499,32499,no
rKaHyPar,Rucci1.mtx.hgr,no,no,4,2,0.03,0,27.5161,cut,32499,32499,no
rKaHyPar,Rucci1.mtx.hgr,no,no,5,2,0.03,0,36.4772,cut,32499,32499,no
rKaHyPar,Rucci1.mtx.hgr,no,no,6,2,0.03,0,37.3756,cut,32499,32499,no
rKaHyPar,Rucci1.mtx.hgr,no,no,7,2,0.03,0,27.6593,cut,32499,32499,no
rKaHyPar,Rucci1.mtx.hgr,no,no,8,2,0.03,0,36.9787,cut,32499,32499,no
rKaHyPar,Rucci1.mtx.hgr,no,no,9,2,0.03,0,27.7555,cut,32499,32499,no
rKaHyPar,Rucci1.mtx.hgr,no,no,0,32,0.03,0.0299854,108.508,cut,264234,253448,no
rKaHyPar,Rucci1.mtx.hgr,no,no,1,32,0.03,0.0299854,137.718,cut,262356,251255,no
rKaHyPar,Rucci1.mtx.hgr,no,no,2,32,0.03,0.0299854,134.096,cut,267557,257421,no
rKaHyPar,Rucci1.mtx.hgr,no,no,3,32,0.03,0.0299854,161.771,cut,262079,252035,no
rKaHyPar,Rucci1.mtx.hgr,no,no,4,32,0.03,0.0299854,102.31,cut,263964,253377,no
rKaHyPar,Rucci1.mtx.hgr,no,no,5,32,0.03,0.0299854,160.629,cut,258080,247364,no
rKaHyPar,Rucci1.mtx.hgr,no,no,6,32,0.03,0.0299854,107.796,cut,258669,247259,no
rKaHyPar,Rucci1.mtx.hgr,no,no,7,32,0.03,0.0296943,125.814,cut,272550,261003,no
rKaHyPar,Rucci1.mtx.hgr,no,no,8,32,0.03,0.0299854,150.85,cut,271096,260523,no
rKaHyPar,Rucci1.mtx.hgr,no,no,9,32,0.03,0.0299854,115.785,cut,263239,254052,no
rKaHyPar,Rucci1.mtx.hgr,no,no,0,4,0.03,0.0299909,110.88,cut,72316,72220,no
rKaHyPar,Rucci1.mtx.hgr,no,no,1,4,0.03,0.0299909,100.094,cut,71448,71403,no
rKaHyPar,Rucci1.mtx.hgr,no,no,2,4,0.03,0.0299909,73.2339,cut,71771,71651,no
rKaHyPar,Rucci1.mtx.hgr,no,no,3,4,0.03,0.0267516,61.7041,cut,69759,69759,no
rKaHyPar,Rucci1.mtx.hgr,no,no,4,4,0.03,0.0267516,62.4746,cut,69759,69759,no
rKaHyPar,Rucci1.mtx.hgr,no,no,5,4,0.03,0.0267516,62.2184,cut,69759,69759,no
rKaHyPar,Rucci1.mtx.hgr,no,no,6,4,0.03,0.0296269,92.4753,cut,71490,71349,no
rKaHyPar,Rucci1.mtx.hgr,no,no,7,4,0.03,0.0299181,73.0186,cut,71685,71565,no
rKaHyPar,Rucci1.mtx.hgr,no,no,8,4,0.03,0.0267516,59.3038,cut,69759,69759,no
rKaHyPar,Rucci1.mtx.hgr,no,no,9,4,0.03,0.0267516,60.5808,cut,69759,69759,no
rKaHyPar,Rucci1.mtx.hgr,no,no,0,64,0.03,0.0296857,152.123,cut,361781,339721,no
rKaHyPar,Rucci1.mtx.hgr,no,no,1,64,0.03,0.0296857,116.337,cut,374690,351950,no
rKaHyPar,Rucci1.mtx.hgr,no,no,2,64,0.03,0.0296857,112.898,cut,365463,343978,no
rKaHyPar,Rucci1.mtx.hgr,no,no,3,64,0.03,0.0296857,117.085,cut,367040,344200,no
rKaHyPar,Rucci1.mtx.hgr,no,no,4,64,0.03,0.0296857,119.346,cut,369803,346709,no
rKaHyPar,Rucci1.mtx.hgr,no,no,5,64,0.03,0.0296857,160.543,cut,371032,347645,no
rKaHyPar,Rucci1.mtx.hgr,no,no,6,64,0.03,0.0296857,120.896,cut,374547,350996,no
rKaHyPar,Rucci1.mtx.hgr,no,no,7,64,0.03,0.0296857,153.485,cut,365777,343017,no
rKaHyPar,Rucci1.mtx.hgr,no,no,8,64,0.03,0.0296857,160.634,cut,365365,341943,no
rKaHyPar,Rucci1.mtx.hgr,no,no,9,64,0.03,0.0296857,118.932,cut,364208,341772,no
rKaHyPar,Rucci1.mtx.hgr,no,no,0,8,0.03,0.0270782,68.7941,cut,123503,122818,no
rKaHyPar,Rucci1.mtx.hgr,no,no,1,8,0.03,0.0147765,73.9155,cut,118467,118311,no
rKaHyPar,Rucci1.mtx.hgr,no,no,2,8,0.03,0.0262047,118.456,cut,123078,122139,no
rKaHyPar,Rucci1.mtx.hgr,no,no,3,8,0.03,0.0299898,90.8756,cut,122056,121645,no
rKaHyPar,Rucci1.mtx.hgr,no,no,4,8,0.03,0.02504,96.3719,cut,121593,121224,no
rKaHyPar,Rucci1.mtx.hgr,no,no,5,8,0.03,0.0292619,68.206,cut,123696,123621,no
rKaHyPar,Rucci1.mtx.hgr,no,no,6,8,0.03,0.0283884,104.522,cut,122007,121449,no
rKaHyPar,Rucci1.mtx.hgr,no,no,7,8,0.03,0.0299898,74.6559,cut,124670,123759,no
rKaHyPar,Rucci1.mtx.hgr,no,no,8,8,0.03,0.0299898,100.669,cut,124536,124116,no
rKaHyPar,Rucci1.mtx.hgr,no,no,9,8,0.03,0.0292619,68.6178,cut,122337,122337,no
rKaHyPar,s4dkt3m2.mtx.hgr,no,no,0,128,0.03,0.0268741,6.05728,cut,33957,28749,no
rKaHyPar,s4dkt3m2.mtx.hgr,no,no,1,128,0.03,0.0268741,6.30044,cut,33546,28512,no
rKaHyPar,s4dkt3m2.mtx.hgr,no,no,2,128,0.03,0.0226308,5.96772,cut,33420,28410,no
rKaHyPar,s4dkt3m2.mtx.hgr,no,no,3,128,0.03,0.0268741,8.5804,cut,33988,28498,no
rKaHyPar,s4dkt3m2.mtx.hgr,no,no,4,128,0.03,0.0268741,6.04032,cut,34044,28542,no
rKaHyPar,s4dkt3m2.mtx.hgr,no,no,5,128,0.03,0.0268741,5.9611,cut,34122,28656,no
rKaHyPar,s4dkt3m2.mtx.hgr,no,no,6,128,0.03,0.0268741,8.26116,cut,33700,28546,no
rKaHyPar,s4dkt3m2.mtx.hgr,no,no,7,128,0.03,0.0268741,5.9843,cut,33718,28456,no
rKaHyPar,s4dkt3m2.mtx.hgr,no,no,8,128,0.03,0.0268741,5.99143,cut,34020,28620,no
rKaHyPar,s4dkt3m2.mtx.hgr,no,no,9,128,0.03,0.0268741,8.41895,cut,33762,28404,no
rKaHyPar,s4dkt3m2.mtx.hgr,no,no,0,16,0.03,0.0134418,1.90317,cut,9282,8862,no
rKaHyPar,s4dkt3m2.mtx.hgr,no,no,1,16,0.03,0.00495225,2.00239,cut,9348,8994,no
rKaHyPar,s4dkt3m2.mtx.hgr,no,no,2,16,0.03,0.0123806,2.62626,cut,9396,8976,no
rKaHyPar,s4dkt3m2.mtx.hgr,no,no,3,16,0.03,0.0219314,1.93708,cut,9228,8832,no
rKaHyPar,s4dkt3m2.mtx.hgr,no,no,4,16,0.03,0.0166254,2.00688,cut,9270,8886,no
rKaHyPar,s4dkt3m2.mtx.hgr,no,no,5,16,0.03,0.0176866,2.75825,cut,9336,8994,no
rKaHyPar,s4dkt3m2.mtx.hgr,no,no,6,16,0.03,0.0240538,2.04628,cut,9354,8958,no
rKaHyPar,s4dkt3m2.mtx.hgr,no,no,7,16,0.03,0.0282985,2.64642,cut,9480,9090,no
rKaHyPar,s4dkt3m2.mtx.hgr,no,no,8,16,0.03,0.0208702,2.61368,cut,9372,8958,no
rKaHyPar,s4dkt3m2.mtx.hgr,no,no,9,16,0.03,0.0166254,2.03646,cut,9336,8976,no
rKaHyPar,s4dkt3m2.mtx.hgr,no,no,0,2,0.03,2.21117e-05,0.792077,cut,1206,1206,no
rKaHyPar,s4dkt3m2.mtx.hgr,no,no,1,2,0.03,2.21117e-05,0.813147,cut,1206,1206,no
rKaHyPar,s4dkt3m2.mtx.hgr,no,no,2,2,0.03,2.21117e-05,0.757494,cut,1206,1206,no
rKaHyPar,s4dkt3m2.mtx.hgr,no,no,3,2,0.03,2.21117e-05,0.782323,cut,1206,1206,no
rKaHyPar,s4dkt3m2.mtx.hgr,no,no,4,2,0.03,2.21117e-05,0.537708,cut,1206,1206,no
rKaHyPar,s4dkt3m2.mtx.hgr,no,no,5,2,0.03,2.21117e-05,0.76917,cut,1206,1206,no
rKaHyPar,s4dkt3m2.mtx.hgr,no,no,6,2,0.03,2.21117e-05,0.569603,cut,1206,1206,no
rKaHyPar,s4dkt3m2.mtx.hgr,no,no,7,2,0.03,2.21117e-05,0.569804,cut,1206,1206,no
rKaHyPar,s4dkt3m2.mtx.hgr,no,no,8,2,0.03,2.21117e-05,0.746552,cut,1206,1206,no
rKaHyPar,s4dkt3m2.mtx.hgr,no,no,9,2,0.03,2.21117e-05,0.813346,cut,1206,1206,no
rKaHyPar,s4dkt3m2.mtx.hgr,no,no,0,32,0.03,0.0166254,3.03586,cut,14544,13518,no
rKaHyPar,s4dkt3m2.mtx.hgr,no,no,1,32,0.03,0.0222851,4.07669,cut,14448,13452,no
rKaHyPar,s4dkt3m2.mtx.hgr,no,no,2,32,0.03,0.0208702,2.90457,cut,14424,13464,no
rKaHyPar,s4dkt3m2.mtx.hgr,no,no,3,32,0.03,0.0293597,4.04433,cut,14364,13344,no
rKaHyPar,s4dkt3m2.mtx.hgr,no,no,4,32,0.03,0.0293597,3.0513,cut,14628,13512,no
rKaHyPar,s4dkt3m2.mtx.hgr,no,no,5,32,0.03,0.0229926,3.18518,cut,14652,13590,no
rKaHyPar,s4dkt3m2.mtx.hgr,no,no,6,32,0.03,0.014503,3.09007,cut,14598,13536,no
rKaHyPar,s4dkt3m2.mtx.hgr,no,no,7,32,0.03,0.0208702,2.91717,cut,14490,13506,no
rKaHyPar,s4dkt3m2.mtx.hgr,no,no,8,32,0.03,0.0272374,3.11189,cut,14610,13524,no
rKaHyPar,s4dkt3m2.mtx.hgr,no,no,9,32,0.03,0.0219314,2.92565,cut,14442,13530,no
rKaHyPar,s4dkt3m2.mtx.hgr,no,no,0,4,0.03,0.0167603,1.33525,cut,3102,3066,no
rKaHyPar,s4dkt3m2.mtx.hgr,no,no,1,4,0.03,0.0199885,1.40819,cut,3108,3072,no
rKaHyPar,s4dkt3m2.mtx.hgr,no,no,2,4,0.03,0.023659,1.46068,cut,3096,3060,no
rKaHyPar,s4dkt3m2.mtx.hgr,no,no,3,4,0.03,0.0131783,0.954047,cut,3150,3114,no
rKaHyPar,s4dkt3m2.mtx.hgr,no,no,4,4,0.03,0.0161412,1.03254,cut,3126,3084,no
rKaHyPar,s4dkt3m2.mtx.hgr,no,no,5,4,0.03,0.0146818,1.02614,cut,3156,3114,no
rKaHyPar,s4dkt3m2.mtx.hgr,no,no,6,4,0.03,0.0202096,1.03419,cut,3102,3054,no
rKaHyPar,s4dkt3m2.mtx.hgr,no,no,7,4,0.03,0.0284792,1.07891,cut,3096,3054,no
rKaHyPar,s4dkt3m2.mtx.hgr,no,no,8,4,0.03,0.0174236,1.01464,cut,3102,3060,no
rKaHyPar,s4dkt3m2.mtx.hgr,no,no,9,4,0.03,0.027639,1.06259,cut,3102,3060,no
rKaHyPar,s4dkt3m2.mtx.hgr,no,no,0,64,0.03,0.0226308,5.88749,cut,22224,20070,no
rKaHyPar,s4dkt3m2.mtx.hgr,no,no,1,64,0.03,0.0268741,4.46609,cut,22182,19956,no
rKaHyPar,s4dkt3m2.mtx.hgr,no,no,2,64,0.03,0.0268741,4.35267,cut,22356,19980,no
rKaHyPar,s4dkt3m2.mtx.hgr,no,no,3,64,0.03,0.0289958,4.33202,cut,22038,19830,no
rKaHyPar,s4dkt3m2.mtx.hgr,no,no,4,64,0.03,0.0183876,4.28808,cut,22314,20070,no
rKaHyPar,s4dkt3m2.mtx.hgr,no,no,5,64,0.03,0.0268741,6.12993,cut,22530,20136,no
rKaHyPar,s4dkt3m2.mtx.hgr,no,no,6,64,0.03,0.0226308,4.49184,cut,22284,20046,no
rKaHyPar,s4dkt3m2.mtx.hgr,no,no,7,64,0.03,0.0268741,6.08106,cut,22434,20076,no
rKaHyPar,s4dkt3m2.mtx.hgr,no,no,8,64,0.03,0.0289958,6.03756,cut,22542,20064,no
rKaHyPar,s4dkt3m2.mtx.hgr,no,no,9,64,0.03,0.0268741,4.29347,cut,22440,20010,no
rKaHyPar,s4dkt3m2.mtx.hgr,no,no,0,8,0.03,0.00663306,1.26595,cut,5556,5442,no
rKaHyPar,s4dkt3m2.mtx.hgr,no,no,1,8,0.03,0.00504112,1.31373,cut,5586,5448,no
rKaHyPar,s4dkt3m2.mtx.hgr,no,no,2,8,0.03,0.0023879,1.71348,cut,5616,5442,no
rKaHyPar,s4dkt3m2.mtx.hgr,no,no,3,8,0.03,0.000795967,1.85085,cut,5580,5472,no
rKaHyPar,s4dkt3m2.mtx.hgr,no,no,4,8,0.03,8.84408e-05,1.35937,cut,5562,5454,no
rKaHyPar,s4dkt3m2.mtx.hgr,no,no,5,8,0.03,0.00221102,1.29487,cut,5640,5496,no
rKaHyPar,s4dkt3m2.mtx.hgr,no,no,6,8,0.03,0.0023879,1.24475,cut,5658,5514,no
rKaHyPar,s4dkt3m2.mtx.hgr,no,no,7,8,0.03,0.00857876,1.37265,cut,5484,5376,no
rKaHyPar,s4dkt3m2.mtx.hgr,no,no,8,8,0.03,0.00663306,1.33109,cut,5580,5430,no
rKaHyPar,s4dkt3m2.mtx.hgr,no,no,9,8,0.03,0.00769435,1.26699,cut,5538,5430,no
rKaHyPar,sat14_10pipe_q0_k.cnf.dual.hgr,no,no,0,128,0.03,0.0292635,14957.7,cut,108971,7766,no
rKaHyPar,sat14_10pipe_q0_k.cnf.dual.hgr,no,no,1,128,0.03,0.0299398,12503.1,cut,116911,7917,no
rKaHyPar,sat14_10pipe_q0_k.cnf.dual.hgr,no,no,2,128,0.03,0.0298783,12013.6,cut,113878,8042,no
rKaHyPar,sat14_10pipe_q0_k.cnf.dual.hgr,no,no,3,128,0.03,0.0298783,16471.9,cut,113637,7855,no
rKaHyPar,sat14_10pipe_q0_k.cnf.dual.hgr,no,no,4,128,0.03,0.0299398,14407.3,cut,108493,7778,no
rKaHyPar,sat14_10pipe_q0_k.cnf.dual.hgr,no,no,5,128,0.03,0.0298783,13073.2,cut,119058,7633,no
rKaHyPar,sat14_10pipe_q0_k.cnf.dual.hgr,no,no,6,128,0.03,0.0298783,17396.4,cut,114737,7947,no
rKaHyPar,sat14_10pipe_q0_k.cnf.dual.hgr,no,no,7,128,0.03,0.0290791,13055.6,cut,106306,7710,no
rKaHyPar,sat14_10pipe_q0_k.cnf.dual.hgr,no,no,8,128,0.03,0.0298783,12554.5,cut,112120,7648,no
rKaHyPar,sat14_10pipe_q0_k.cnf.dual.hgr,no,no,9,128,0.03,0.0296938,15382.7,cut,111648,7957,no
rKaHyPar,sat14_10pipe_q0_k.cnf.dual.hgr,no,no,0,16,0.03,0.0296019,11715.3,cut,28923,4955,no
rKaHyPar,sat14_10pipe_q0_k.cnf.dual.hgr,no,no,1,16,0.03,0.0296787,11619.3,cut,29021,4832,no
rKaHyPar,sat14_10pipe_q0_k.cnf.dual.hgr,no,no,2,16,0.03,0.0283646,15551.1,cut,29603,4899,no
rKaHyPar,sat14_10pipe_q0_k.cnf.dual.hgr,no,no,3,16,0.03,0.0277037,11206.7,cut,28957,4897,no
rKaHyPar,sat14_10pipe_q0_k.cnf.dual.hgr,no,no,4,16,0.03,0.0299707,12724.6,cut,28775,4895,no
rKaHyPar,sat14_10pipe_q0_k.cnf.dual.hgr,no,no,5,16,0.03,0.0169142,17362.8,cut,28579,4931,no
rKaHyPar,sat14_10pipe_q0_k.cnf.dual.hgr,no,no,6,16,0.03,0.0274501,11207.9,cut,27651,4884,no
rKaHyPar,sat14_10pipe_q0_k.cnf.dual.hgr,no,no,7,16,0.03,0.0284414,16763.7,cut,27737,4903,no
rKaHyPar,sat14_10pipe_q0_k.cnf.dual.hgr,no,no,8,16,0.03,0.0188662,15349.9,cut,28118,4857,no
rKaHyPar,sat14_10pipe_q0_k.cnf.dual.hgr,no,no,9,16,0.03,0.0197653,12576.4,cut,26544,5074,no
rKaHyPar,sat14_10pipe_q0_k.cnf.dual.hgr,no,no,0,2,0.03,0.0230353,9953.74,cut,1484,1484,no
rKaHyPar,sat14_10pipe_q0_k.cnf.dual.hgr,no,no,1,2,0.03,0.0231132,9801.02,cut,1484,1484,no
rKaHyPar,sat14_10pipe_q0_k.cnf.dual.hgr,no,no,2,2,0.03,0.0230353,9715.34,cut,1484,1484,no
rKaHyPar,sat14_10pipe_q0_k.cnf.dual.hgr,no,no,3,2,0.03,0.0231602,10126.6,cut,1484,1484,no
rKaHyPar,sat14_10pipe_q0_k.cnf.dual.hgr,no,no,4,2,0.03,0,8322.91,cut,1559,1559,no
rKaHyPar,sat14_10pipe_q0_k.cnf.dual.hgr,no,no,5,2,0.03,0.0231602,10698.5,cut,1484,1484,no
rKaHyPar,sat14_10pipe_q0_k.cnf.dual.hgr,no,no,6,2,0.03,0.0230305,7684.39,cut,1484,1484,no
rKaHyPar,sat14_10pipe_q0_k.cnf.dual.hgr,no,no,7,2,0.03,0,8369.76,cut,1559,1559,no
rKaHyPar,sat14_10pipe_q0_k.cnf.dual.hgr,no,no,8,2,0.03,0.0230353,10029,cut,1484,1484,no
rKaHyPar,sat14_10pipe_q0_k.cnf.dual.hgr,no,no,9,2,0.03,0.0231083,9804.01,cut,1484,1484,no
rKaHyPar,sat14_10pipe_q0_k.cnf.dual.hgr,no,no,0,32,0.03,0.029909,11632.2,cut,51140,5275,no
rKaHyPar,sat14_10pipe_q0_k.cnf.dual.hgr,no,no,1,32,0.03,0.0299244,16617.5,cut,51098,5287,no
rKaHyPar,sat14_10pipe_q0_k.cnf.dual.hgr,no,no,2,32,0.03,0.0291405,10959.2,cut,47902,5266,no
rKaHyPar,sat14_10pipe_q0_k.cnf.dual.hgr,no,no,3,32,0.03,0.0291405,15701.5,cut,49972,5249,no
rKaHyPar,sat14_10pipe_q0_k.cnf.dual.hgr,no,no,4,32,0.03,0.0291405,12857.6,cut,50747,5078,no
rKaHyPar,sat14_10pipe_q0_k.cnf.dual.hgr,no,no,5,32,0.03,0.0295401,12685.9,cut,53702,5082,no
rKaHyPar,sat14_10pipe_q0_k.cnf.dual.hgr,no,no,6,32,0.03,0.0297861,12169.2,cut,50490,5358,no
rKaHyPar,sat14_10pipe_q0_k.cnf.dual.hgr,no,no,7,32,0.03,0.0299705,11340.1,cut,51385,5043,no
rKaHyPar,sat14_10pipe_q0_k.cnf.dual.hgr,no,no,8,32,0.03,0.0299244,11623.6,cut,52997,5416,no
rKaHyPar,sat14_10pipe_q0_k.cnf.dual.hgr,no,no,9,32,0.03,0.0298936,12123,cut,51273,5436,no
rKaHyPar,sat14_10pipe_q0_k.cnf.dual.hgr,no,no,1,4,0.03,0.0148817,13473.5,cut,5965,4001,no
rKaHyPar,sat14_10pipe_q0_k.cnf.dual.hgr,no,no,2,4,0.03,0.0299056,14324.4,cut,6097,4187,no
rKaHyPar,sat14_10pipe_q0_k.cnf.dual.hgr,no,no,3,4,0.03,0.0105667,9795.44,cut,6061,4083,no
rKaHyPar,sat14_10pipe_q0_k.cnf.dual.hgr,no,no,4,4,0.03,0.0299959,12160.7,cut,5976,4114,no
rKaHyPar,sat14_10pipe_q0_k.cnf.dual.hgr,no,no,5,4,0.03,0.0299728,11517.5,cut,6083,4360,no
rKaHyPar,sat14_10pipe_q0_k.cnf.dual.hgr,no,no,6,4,0.03,0.0299863,11212.5,cut,6025,4265,no
rKaHyPar,sat14_10pipe_q0_k.cnf.dual.hgr,no,no,7,4,0.03,0.0299728,12016.5,cut,6189,4265,no
rKaHyPar,sat14_10pipe_q0_k.cnf.dual.hgr,no,no,8,4,0.03,0.0299863,11901.2,cut,6152,4171,no
rKaHyPar,sat14_10pipe_q0_k.cnf.dual.hgr,no,no,9,4,0.03,0.0299555,10038.2,cut,6243,4078,no
rKaHyPar,sat14_10pipe_q0_k.cnf.dual.hgr,no,no,0,64,0.03,0.0297553,17851.7,cut,78140,6624,no
rKaHyPar,sat14_10pipe_q0_k.cnf.dual.hgr,no,no,1,64,0.03,0.0298783,12183.3,cut,80093,6580,no
rKaHyPar,sat14_10pipe_q0_k.cnf.dual.hgr,no,no,3,64,0.03,0.0299705,11681.6,cut,77741,6423,no
rKaHyPar,sat14_10pipe_q0_k.cnf.dual.hgr,no,no,4,64,0.03,0.0298783,13566.4,cut,80008,6485,no
rKaHyPar,sat14_10pipe_q0_k.cnf.dual.hgr,no,no,5,64,0.03,0.0298475,17509.8,cut,77944,6489,no
rKaHyPar,sat14_10pipe_q0_k.cnf.dual.hgr,no,no,6,64,0.03,0.0298475,13162.4,cut,80475,6387,no
rKaHyPar,sat14_10pipe_q0_k.cnf.dual.hgr,no,no,7,64,0.03,0.0296324,17563.7,cut,79203,6613,no
rKaHyPar,sat14_10pipe_q0_k.cnf.dual.hgr,no,no,9,64,0.03,0.0296631,12066.2,cut,77514,6375,no
rKaHyPar,sat14_10pipe_q0_k.cnf.dual.hgr,no,no,0,8,0.03,0.0204224,12614,cut,15966,4767,no
rKaHyPar,sat14_10pipe_q0_k.cnf.dual.hgr,no,no,1,8,0.03,0.0203302,12121.2,cut,15644,4895,no
rKaHyPar,sat14_10pipe_q0_k.cnf.dual.hgr,no,no,2,8,0.03,0.0204532,14739.6,cut,15244,4603,no
rKaHyPar,sat14_10pipe_q0_k.cnf.dual.hgr,no,no,3,8,0.03,0.0162496,15581.5,cut,14912,4961,no
rKaHyPar,sat14_10pipe_q0_k.cnf.dual.hgr,no,no,4,8,0.03,0.0298863,11845.9,cut,14645,4567,no
rKaHyPar,sat14_10pipe_q0_k.cnf.dual.hgr,no,no,5,8,0.03,0.028772,11276.2,cut,13987,4567,no
rKaHyPar,sat14_10pipe_q0_k.cnf.dual.hgr,no,no,6,8,0.03,0.020311,11541.1,cut,13934,4823,no
rKaHyPar,sat14_10pipe_q0_k.cnf.dual.hgr,no,no,7,8,0.03,0.0238652,11900.6,cut,13909,4821,no
rKaHyPar,sat14_10pipe_q0_k.cnf.dual.hgr,no,no,8,8,0.03,0.0199191,11575.6,cut,14560,4863,no
rKaHyPar,sat14_10pipe_q0_k.cnf.dual.hgr,no,no,9,8,0.03,0.0151391,11353.5,cut,14220,4611,no
rKaHyPar,sat14_10pipe_q0_k.cnf.hgr,no,no,0,128,0.03,0.029654,329.498,cut,1261612,1033224,no
rKaHyPar,sat14_10pipe_q0_k.cnf.hgr,no,no,1,128,0.03,0.029654,331.583,cut,1366503,1032914,no
rKaHyPar,sat14_10pipe_q0_k.cnf.hgr,no,no,2,128,0.03,0.029654,502.449,cut,1299948,1043267,no
rKaHyPar,sat14_10pipe_q0_k.cnf.hgr,no,no,3,128,0.03,0.029654,473.153,cut,1343253,1035487,no
rKaHyPar,sat14_10pipe_q0_k.cnf.hgr,no,no,4,128,0.03,0.029654,332.604,cut,1386874,1028157,no
rKaHyPar,sat14_10pipe_q0_k.cnf.hgr,no,no,5,128,0.03,0.029654,411.999,cut,1266033,1035170,no
rKaHyPar,sat14_10pipe_q0_k.cnf.hgr,no,no,6,128,0.03,0.029654,477.319,cut,1333761,1036332,no
rKaHyPar,sat14_10pipe_q0_k.cnf.hgr,no,no,7,128,0.03,0.029654,349.611,cut,1277866,1030367,no
rKaHyPar,sat14_10pipe_q0_k.cnf.hgr,no,no,8,128,0.03,0.029654,514.106,cut,1331561,1035426,no
rKaHyPar,sat14_10pipe_q0_k.cnf.hgr,no,no,9,128,0.03,0.029654,473.343,cut,1278173,1038113,no
rKaHyPar,sat14_10pipe_q0_k.cnf.hgr,no,no,0,16,0.03,0.0299845,418.528,cut,566492,477125,no
rKaHyPar,sat14_10pipe_q0_k.cnf.hgr,no,no,1,16,0.03,0.0299845,385.317,cut,545448,458873,no
rKaHyPar,sat14_10pipe_q0_k.cnf.hgr,no,no,2,16,0.03,0.0299845,381.51,cut,523635,459788,no
rKaHyPar,sat14_10pipe_q0_k.cnf.hgr,no,no,3,16,0.03,0.0299845,429.592,cut,557966,480756,no
rKaHyPar,sat14_10pipe_q0_k.cnf.hgr,no,no,4,16,0.03,0.0299845,395.045,cut,536604,463625,no
rKaHyPar,sat14_10pipe_q0_k.cnf.hgr,no,no,5,16,0.03,0.0299845,377.314,cut,552746,478410,no
rKaHyPar,sat14_10pipe_q0_k.cnf.hgr,no,no,6,16,0.03,0.0299845,349.47,cut,577801,465630,no
rKaHyPar,sat14_10pipe_q0_k.cnf.hgr,no,no,7,16,0.03,0.0299845,667.164,cut,559853,486601,no
rKaHyPar,sat14_10pipe_q0_k.cnf.hgr,no,no,8,16,0.03,0.0299845,546.132,cut,541015,458885,no
rKaHyPar,sat14_10pipe_q0_k.cnf.hgr,no,no,9,16,0.03,0.0299845,377.601,cut,533033,465327,no
rKaHyPar,sat14_10pipe_q0_k.cnf.hgr,no,no,0,2,0.03,0.0299978,1461.7,cut,48882,48882,no
rKaHyPar,sat14_10pipe_q0_k.cnf.hgr,no,no,1,2,0.03,0.0299978,5164.2,cut,50011,50011,no
rKaHyPar,sat14_10pipe_q0_k.cnf.hgr,no,no,2,2,0.03,0.0299978,2852.14,cut,50907,50907,no
rKaHyPar,sat14_10pipe_q0_k.cnf.hgr,no,no,3,2,0.03,0.0299334,1459.48,cut,50648,50648,no
rKaHyPar,sat14_10pipe_q0_k.cnf.hgr,no,no,4,2,0.03,0.0299978,4245.74,cut,49560,49560,no
rKaHyPar,sat14_10pipe_q0_k.cnf.hgr,no,no,5,2,0.03,0.0299978,3048.65,cut,49671,49671,no
rKaHyPar,sat14_10pipe_q0_k.cnf.hgr,no,no,6,2,0.03,0.0299978,2867.12,cut,49199,49199,no
rKaHyPar,sat14_10pipe_q0_k.cnf.hgr,no,no,7,2,0.03,0.0299721,1195.84,cut,51906,51906,no
rKaHyPar,sat14_10pipe_q0_k.cnf.hgr,no,no,8,2,0.03,0.0299978,3143.83,cut,48873,48873,no
rKaHyPar,sat14_10pipe_q0_k.cnf.hgr,no,no,9,2,0.03,0.0299978,3678.8,cut,49639,49639,no
rKaHyPar,sat14_10pipe_q0_k.cnf.hgr,no,no,0,32,0.03,0.0298784,328.359,cut,845323,672611,no
rKaHyPar,sat14_10pipe_q0_k.cnf.hgr,no,no,1,32,0.03,0.0298784,404.498,cut,798929,680475,no
rKaHyPar,sat14_10pipe_q0_k.cnf.hgr,no,no,2,32,0.03,0.0298784,362.439,cut,813961,685419,no
rKaHyPar,sat14_10pipe_q0_k.cnf.hgr,no,no,3,32,0.03,0.0298784,514.432,cut,815741,699195,no
rKaHyPar,sat14_10pipe_q0_k.cnf.hgr,no,no,4,32,0.03,0.0298784,486.516,cut,792372,675753,no
rKaHyPar,sat14_10pipe_q0_k.cnf.hgr,no,no,5,32,0.03,0.0298784,352.298,cut,797860,676333,no
rKaHyPar,sat14_10pipe_q0_k.cnf.hgr,no,no,6,32,0.03,0.0298784,322.684,cut,897999,682209,no
rKaHyPar,sat14_10pipe_q0_k.cnf.hgr,no,no,7,32,0.03,0.0298784,457.188,cut,791719,688068,no
rKaHyPar,sat14_10pipe_q0_k.cnf.hgr,no,no,8,32,0.03,0.0298784,372.908,cut,832513,683433,no
rKaHyPar,sat14_10pipe_q0_k.cnf.hgr,no,no,9,32,0.03,0.0298784,489.213,cut,842620,691762,no
rKaHyPar,sat14_10pipe_q0_k.cnf.hgr,no,no,0,4,0.03,0.0274601,726.917,cut,179140,155748,no
rKaHyPar,sat14_10pipe_q0_k.cnf.hgr,no,no,1,4,0.03,0.0284132,771.443,cut,174085,156981,no
rKaHyPar,sat14_10pipe_q0_k.cnf.hgr,no,no,2,4,0.03,0.0299073,1144.79,cut,174560,155615,no
rKaHyPar,sat14_10pipe_q0_k.cnf.hgr,no,no,3,4,0.03,0.0299845,959.691,cut,128318,108834,no
rKaHyPar,sat14_10pipe_q0_k.cnf.hgr,no,no,4,4,0.03,0.0298815,1114.53,cut,173873,155616,no
rKaHyPar,sat14_10pipe_q0_k.cnf.hgr,no,no,5,4,0.03,0.0299588,445.502,cut,174255,155009,no
rKaHyPar,sat14_10pipe_q0_k.cnf.hgr,no,no,6,4,0.03,0.0299845,763.687,cut,178207,152165,no
rKaHyPar,sat14_10pipe_q0_k.cnf.hgr,no,no,7,4,0.03,0.0297785,882.045,cut,179195,162350,no
rKaHyPar,sat14_10pipe_q0_k.cnf.hgr,no,no,8,4,0.03,0.0299588,478.903,cut,181029,152119,no
rKaHyPar,sat14_10pipe_q0_k.cnf.hgr,no,no,9,4,0.03,0.0296497,639.358,cut,176547,154883,no
rKaHyPar,sat14_10pipe_q0_k.cnf.hgr,no,no,0,64,0.03,0.0296663,341.163,cut,1094696,861056,no
rKaHyPar,sat14_10pipe_q0_k.cnf.hgr,no,no,1,64,0.03,0.0296663,348.676,cut,1047107,861331,no
rKaHyPar,sat14_10pipe_q0_k.cnf.hgr,no,no,3,64,0.03,0.0296663,453.515,cut,1038437,864854,no
rKaHyPar,sat14_10pipe_q0_k.cnf.hgr,no,no,4,64,0.03,0.0296663,367.897,cut,1039659,863785,no
rKaHyPar,sat14_10pipe_q0_k.cnf.hgr,no,no,5,64,0.03,0.0296663,417.331,cut,1018488,857307,no
rKaHyPar,sat14_10pipe_q0_k.cnf.hgr,no,no,6,64,0.03,0.0296663,520.966,cut,1025185,856851,no
rKaHyPar,sat14_10pipe_q0_k.cnf.hgr,no,no,7,64,0.03,0.0296663,487.404,cut,1099979,858225,no
rKaHyPar,sat14_10pipe_q0_k.cnf.hgr,no,no,9,64,0.03,0.0296663,427.13,cut,1057076,875319,no
rKaHyPar,sat14_10pipe_q0_k.cnf.hgr,no,no,0,8,0.03,0.0198867,657.457,cut,295112,233751,no
rKaHyPar,sat14_10pipe_q0_k.cnf.hgr,no,no,1,8,0.03,0.0299845,509.37,cut,279480,237492,no
rKaHyPar,sat14_10pipe_q0_k.cnf.hgr,no,no,2,8,0.03,0.0198867,749.147,cut,270203,234273,no
rKaHyPar,sat14_10pipe_q0_k.cnf.hgr,no,no,3,8,0.03,0.0299845,844.345,cut,285069,233291,no
rKaHyPar,sat14_10pipe_q0_k.cnf.hgr,no,no,4,8,0.03,0.028645,582.877,cut,265523,233068,no
rKaHyPar,sat14_10pipe_q0_k.cnf.hgr,no,no,5,8,0.03,0.0299845,623.041,cut,270332,233844,no
rKaHyPar,sat14_10pipe_q0_k.cnf.hgr,no,no,6,8,0.03,0.0299845,838.924,cut,267508,224444,no
rKaHyPar,sat14_10pipe_q0_k.cnf.hgr,no,no,7,8,0.03,0.0299845,617.398,cut,270059,235660,no
rKaHyPar,sat14_10pipe_q0_k.cnf.hgr,no,no,8,8,0.03,0.0299845,617.647,cut,299508,226493,no
rKaHyPar,sat14_10pipe_q0_k.cnf.hgr,no,no,9,8,0.03,0.0238537,669.481,cut,288133,235128,no
rKaHyPar,sat14_10pipe_q0_k.cnf.primal.hgr,no,no,0,128,0.03,0.029654,316.825,cut,1509548,1354880,no
rKaHyPar,sat14_10pipe_q0_k.cnf.primal.hgr,no,no,1,128,0.03,0.029654,223.737,cut,1460974,1312655,no
rKaHyPar,sat14_10pipe_q0_k.cnf.primal.hgr,no,no,2,128,0.03,0.029654,300.67,cut,1495774,1348546,no
rKaHyPar,sat14_10pipe_q0_k.cnf.primal.hgr,no,no,3,128,0.03,0.029654,274.729,cut,1486488,1335798,no
rKaHyPar,sat14_10pipe_q0_k.cnf.primal.hgr,no,no,4,128,0.03,0.029654,203.378,cut,1482658,1334768,no
rKaHyPar,sat14_10pipe_q0_k.cnf.primal.hgr,no,no,5,128,0.03,0.029654,348.044,cut,1507194,1357263,no
rKaHyPar,sat14_10pipe_q0_k.cnf.primal.hgr,no,no,6,128,0.03,0.029654,301.636,cut,1492516,1344731,no
rKaHyPar,sat14_10pipe_q0_k.cnf.primal.hgr,no,no,7,128,0.03,0.029654,218.292,cut,1491209,1340652,no
rKaHyPar,sat14_10pipe_q0_k.cnf.primal.hgr,no,no,8,128,0.03,0.029654,315.09,cut,1514849,1354979,no
rKaHyPar,sat14_10pipe_q0_k.cnf.primal.hgr,no,no,9,128,0.03,0.029654,287.857,cut,1469592,1322132,no
rKaHyPar,sat14_10pipe_q0_k.cnf.primal.hgr,no,no,0,16,0.03,0.0298784,211.836,cut,739683,691411,no
rKaHyPar,sat14_10pipe_q0_k.cnf.primal.hgr,no,no,1,16,0.03,0.0298784,193.4,cut,726268,678329,no
rKaHyPar,sat14_10pipe_q0_k.cnf.primal.hgr,no,no,2,16,0.03,0.0298784,216.043,cut,726650,682765,no
rKaHyPar,sat14_10pipe_q0_k.cnf.primal.hgr,no,no,3,16,0.03,0.0298784,276.567,cut,733685,689813,no
rKaHyPar,sat14_10pipe_q0_k.cnf.primal.hgr,no,no,4,16,0.03,0.0298784,236.595,cut,743405,694594,no
rKaHyPar,sat14_10pipe_q0_k.cnf.primal.hgr,no,no,5,16,0.03,0.0298784,230.58,cut,743160,694445,no
rKaHyPar,sat14_10pipe_q0_k.cnf.primal.hgr,no,no,6,16,0.03,0.0298784,269.679,cut,735929,685876,no
rKaHyPar,sat14_10pipe_q0_k.cnf.primal.hgr,no,no,7,16,0.03,0.0298784,356.668,cut,737785,690544,no
rKaHyPar,sat14_10pipe_q0_k.cnf.primal.hgr,no,no,8,16,0.03,0.0298784,302.681,cut,726955,681664,no
rKaHyPar,sat14_10pipe_q0_k.cnf.primal.hgr,no,no,9,16,0.03,0.0298784,211.607,cut,726075,681021,no
rKaHyPar,sat14_10pipe_q0_k.cnf.primal.hgr,no,no,0,2,0.03,0,248.702,cut,137355,137355,no
rKaHyPar,sat14_10pipe_q0_k.cnf.primal.hgr,no,no,1,2,0.03,0.00528078,106.224,cut,137250,137250,no
rKaHyPar,sat14_10pipe_q0_k.cnf.primal.hgr,no,no,2,2,0.03,0.017594,185.871,cut,136932,136932,no
rKaHyPar,sat14_10pipe_q0_k.cnf.primal.hgr,no,no,3,2,0.03,0,123.36,cut,137353,137353,no
rKaHyPar,sat14_10pipe_q0_k.cnf.primal.hgr,no,no,4,2,0.03,0.00010304,102.586,cut,137377,137377,no
rKaHyPar,sat14_10pipe_q0_k.cnf.primal.hgr,no,no,5,2,0.03,0.00780526,314.868,cut,137235,137235,no
rKaHyPar,sat14_10pipe_q0_k.cnf.primal.hgr,no,no,6,2,0.03,0.0299845,1352.64,cut,96303,96303,no
rKaHyPar,sat14_10pipe_q0_k.cnf.primal.hgr,no,no,7,2,0.03,0.00618238,134.751,cut,137212,137212,no
rKaHyPar,sat14_10pipe_q0_k.cnf.primal.hgr,no,no,8,2,0.03,0.0299845,1942.62,cut,89505,89505,no
rKaHyPar,sat14_10pipe_q0_k.cnf.primal.hgr,no,no,9,2,0.03,0,190.971,cut,137402,137402,no
rKaHyPar,sat14_10pipe_q0_k.cnf.primal.hgr,no,no,0,32,0.03,0.0296663,290.567,cut,949065,873622,no
rKaHyPar,sat14_10pipe_q0_k.cnf.primal.hgr,no,no,1,32,0.03,0.0296663,223.705,cut,948100,880419,no
rKaHyPar,sat14_10pipe_q0_k.cnf.primal.hgr,no,no,2,32,0.03,0.0296663,212.849,cut,932212,862851,no
rKaHyPar,sat14_10pipe_q0_k.cnf.primal.hgr,no,no,3,32,0.03,0.0296663,298.387,cut,932101,864964,no
rKaHyPar,sat14_10pipe_q0_k.cnf.primal.hgr,no,no,4,32,0.03,0.0296663,327.855,cut,946195,877577,no
rKaHyPar,sat14_10pipe_q0_k.cnf.primal.hgr,no,no,5,32,0.03,0.0296663,241.737,cut,936891,867109,no
rKaHyPar,sat14_10pipe_q0_k.cnf.primal.hgr,no,no,6,32,0.03,0.0296663,257.008,cut,940004,865726,no
rKaHyPar,sat14_10pipe_q0_k.cnf.primal.hgr,no,no,7,32,0.03,0.0296663,224.757,cut,940971,873870,no
rKaHyPar,sat14_10pipe_q0_k.cnf.primal.hgr,no,no,8,32,0.03,0.0296663,221.111,cut,952174,877325,no
rKaHyPar,sat14_10pipe_q0_k.cnf.primal.hgr,no,no,9,32,0.03,0.0296663,252.174,cut,954268,885778,no
rKaHyPar,sat14_10pipe_q0_k.cnf.primal.hgr,no,no,0,4,0.03,0.0299845,173.861,cut,215381,210574,no
rKaHyPar,sat14_10pipe_q0_k.cnf.primal.hgr,no,no,1,4,0.03,0.0299845,159.255,cut,215996,210755,no
rKaHyPar,sat14_10pipe_q0_k.cnf.primal.hgr,no,no,2,4,0.03,0.0299845,315.455,cut,220065,214134,no
rKaHyPar,sat14_10pipe_q0_k.cnf.primal.hgr,no,no,3,4,0.03,0.0299845,208.328,cut,217521,212053,no
rKaHyPar,sat14_10pipe_q0_k.cnf.primal.hgr,no,no,4,4,0.03,0.0299845,446.311,cut,215940,210786,no
rKaHyPar,sat14_10pipe_q0_k.cnf.primal.hgr,no,no,5,4,0.03,0.0299845,259.297,cut,216091,210648,no
rKaHyPar,sat14_10pipe_q0_k.cnf.primal.hgr,no,no,6,4,0.03,0.0299845,1015.55,cut,233545,221044,no
rKaHyPar,sat14_10pipe_q0_k.cnf.primal.hgr,no,no,7,4,0.03,0.0299845,279.087,cut,216004,210911,no
rKaHyPar,sat14_10pipe_q0_k.cnf.primal.hgr,no,no,8,4,0.03,0.0299845,946.647,cut,229849,214740,no
rKaHyPar,sat14_10pipe_q0_k.cnf.primal.hgr,no,no,9,4,0.03,0.0299845,197.102,cut,216111,210489,no
rKaHyPar,sat14_10pipe_q0_k.cnf.primal.hgr,no,no,0,64,0.03,0.029654,223.519,cut,1145331,1051871,no
rKaHyPar,sat14_10pipe_q0_k.cnf.primal.hgr,no,no,1,64,0.03,0.029654,247.384,cut,1146203,1043636,no
rKaHyPar,sat14_10pipe_q0_k.cnf.primal.hgr,no,no,3,64,0.03,0.029654,289.057,cut,1149055,1052355,no
rKaHyPar,sat14_10pipe_q0_k.cnf.primal.hgr,no,no,4,64,0.03,0.029654,246.36,cut,1134312,1036200,no
rKaHyPar,sat14_10pipe_q0_k.cnf.primal.hgr,no,no,5,64,0.03,0.029654,322.08,cut,1155346,1049827,no
rKaHyPar,sat14_10pipe_q0_k.cnf.primal.hgr,no,no,6,64,0.03,0.029654,306.054,cut,1145467,1044181,no
rKaHyPar,sat14_10pipe_q0_k.cnf.primal.hgr,no,no,7,64,0.03,0.029654,341.985,cut,1148959,1048556,no
rKaHyPar,sat14_10pipe_q0_k.cnf.primal.hgr,no,no,9,64,0.03,0.029654,209.505,cut,1148980,1050378,no
rKaHyPar,sat14_10pipe_q0_k.cnf.primal.hgr,no,no,0,8,0.03,0.0299845,282.759,cut,466819,443260,no
rKaHyPar,sat14_10pipe_q0_k.cnf.primal.hgr,no,no,1,8,0.03,0.0299845,195.277,cut,469384,444334,no
rKaHyPar,sat14_10pipe_q0_k.cnf.primal.hgr,no,no,2,8,0.03,0.0299845,379.719,cut,480052,455838,no
rKaHyPar,sat14_10pipe_q0_k.cnf.primal.hgr,no,no,3,8,0.03,0.0299845,248.244,cut,474468,452118,no
rKaHyPar,sat14_10pipe_q0_k.cnf.primal.hgr,no,no,4,8,0.03,0.0299845,258.063,cut,469878,446777,no
rKaHyPar,sat14_10pipe_q0_k.cnf.primal.hgr,no,no,5,8,0.03,0.0299845,305.253,cut,486784,461366,no
rKaHyPar,sat14_10pipe_q0_k.cnf.primal.hgr,no,no,6,8,0.03,0.0299845,298.712,cut,470478,444539,no
rKaHyPar,sat14_10pipe_q0_k.cnf.primal.hgr,no,no,7,8,0.03,0.0299845,243.54,cut,473905,450511,no
rKaHyPar,sat14_10pipe_q0_k.cnf.primal.hgr,no,no,8,8,0.03,0.0299845,193.873,cut,467917,446453,no
rKaHyPar,sat14_10pipe_q0_k.cnf.primal.hgr,no,no,9,8,0.03,0.0299845,281.817,cut,466276,444073,no
rKaHyPar,sat14_11pipe_k.cnf.dual.hgr,no,yes,0,128,0.03,1,28800,cut,2147483647,2147483647,no
rKaHyPar,sat14_11pipe_k.cnf.dual.hgr,no,yes,1,128,0.03,1,28800,cut,2147483647,2147483647,no
rKaHyPar,sat14_11pipe_k.cnf.dual.hgr,no,yes,2,128,0.03,1,28800,cut,2147483647,2147483647,no
rKaHyPar,sat14_11pipe_k.cnf.dual.hgr,no,yes,3,128,0.03,1,28800,cut,2147483647,2147483647,no
rKaHyPar,sat14_11pipe_k.cnf.dual.hgr,no,yes,4,128,0.03,1,28800,cut,2147483647,2147483647,no
rKaHyPar,sat14_11pipe_k.cnf.dual.hgr,no,yes,5,128,0.03,1,28800,cut,2147483647,2147483647,no
rKaHyPar,sat14_11pipe_k.cnf.dual.hgr,no,yes,6,128,0.03,1,28800,cut,2147483647,2147483647,no
rKaHyPar,sat14_11pipe_k.cnf.dual.hgr,no,yes,7,128,0.03,1,28800,cut,2147483647,2147483647,no
rKaHyPar,sat14_11pipe_k.cnf.dual.hgr,no,yes,8,128,0.03,1,28800,cut,2147483647,2147483647,no
rKaHyPar,sat14_11pipe_k.cnf.dual.hgr,no,yes,9,128,0.03,1,28800,cut,2147483647,2147483647,no
rKaHyPar,sat14_11pipe_k.cnf.dual.hgr,no,yes,0,16,0.03,1,28800,cut,2147483647,2147483647,no
rKaHyPar,sat14_11pipe_k.cnf.dual.hgr,no,yes,1,16,0.03,1,28800,cut,2147483647,2147483647,no
rKaHyPar,sat14_11pipe_k.cnf.dual.hgr,no,yes,2,16,0.03,1,28800,cut,2147483647,2147483647,no
rKaHyPar,sat14_11pipe_k.cnf.dual.hgr,no,yes,3,16,0.03,1,28800,cut,2147483647,2147483647,no
rKaHyPar,sat14_11pipe_k.cnf.dual.hgr,no,yes,4,16,0.03,1,28800,cut,2147483647,2147483647,no
rKaHyPar,sat14_11pipe_k.cnf.dual.hgr,no,yes,5,16,0.03,1,28800,cut,2147483647,2147483647,no
rKaHyPar,sat14_11pipe_k.cnf.dual.hgr,no,yes,6,16,0.03,1,28800,cut,2147483647,2147483647,no
rKaHyPar,sat14_11pipe_k.cnf.dual.hgr,no,yes,7,16,0.03,1,28800,cut,2147483647,2147483647,no
rKaHyPar,sat14_11pipe_k.cnf.dual.hgr,no,yes,8,16,0.03,1,28800,cut,2147483647,2147483647,no
rKaHyPar,sat14_11pipe_k.cnf.dual.hgr,no,yes,9,16,0.03,1,28800,cut,2147483647,2147483647,no
rKaHyPar,sat14_11pipe_k.cnf.dual.hgr,no,yes,1,2,0.03,1,28800,cut,2147483647,2147483647,no
rKaHyPar,sat14_11pipe_k.cnf.dual.hgr,no,yes,2,2,0.03,1,28800,cut,2147483647,2147483647,no
rKaHyPar,sat14_11pipe_k.cnf.dual.hgr,no,yes,3,2,0.03,1,28800,cut,2147483647,2147483647,no
rKaHyPar,sat14_11pipe_k.cnf.dual.hgr,no,yes,4,2,0.03,1,28800,cut,2147483647,2147483647,no
rKaHyPar,sat14_11pipe_k.cnf.dual.hgr,no,yes,5,2,0.03,1,28800,cut,2147483647,2147483647,no
rKaHyPar,sat14_11pipe_k.cnf.dual.hgr,no,yes,6,2,0.03,1,28800,cut,2147483647,2147483647,no
rKaHyPar,sat14_11pipe_k.cnf.dual.hgr,no,yes,7,2,0.03,1,28800,cut,2147483647,2147483647,no
rKaHyPar,sat14_11pipe_k.cnf.dual.hgr,no,yes,8,2,0.03,1,28800,cut,2147483647,2147483647,no
rKaHyPar,sat14_11pipe_k.cnf.dual.hgr,no,yes,9,2,0.03,1,28800,cut,2147483647,2147483647,no
rKaHyPar,sat14_11pipe_k.cnf.dual.hgr,no,yes,0,32,0.03,1,28800,cut,2147483647,2147483647,no
rKaHyPar,sat14_11pipe_k.cnf.dual.hgr,no,yes,1,32,0.03,1,28800,cut,2147483647,2147483647,no
rKaHyPar,sat14_11pipe_k.cnf.dual.hgr,no,yes,3,32,0.03,1,28800,cut,2147483647,2147483647,no
rKaHyPar,sat14_11pipe_k.cnf.dual.hgr,no,yes,4,32,0.03,1,28800,cut,2147483647,2147483647,no
rKaHyPar,sat14_11pipe_k.cnf.dual.hgr,no,yes,5,32,0.03,1,28800,cut,2147483647,2147483647,no
rKaHyPar,sat14_11pipe_k.cnf.dual.hgr,no,yes,6,32,0.03,1,28800,cut,2147483647,2147483647,no
rKaHyPar,sat14_11pipe_k.cnf.dual.hgr,no,yes,7,32,0.03,1,28800,cut,2147483647,2147483647,no
rKaHyPar,sat14_11pipe_k.cnf.dual.hgr,no,yes,9,32,0.03,1,28800,cut,2147483647,2147483647,no
rKaHyPar,sat14_11pipe_k.cnf.dual.hgr,no,yes,1,4,0.03,1,28800,cut,2147483647,2147483647,no
rKaHyPar,sat14_11pipe_k.cnf.dual.hgr,no,yes,2,4,0.03,1,28800,cut,2147483647,2147483647,no
rKaHyPar,sat14_11pipe_k.cnf.dual.hgr,no,yes,3,4,0.03,1,28800,cut,2147483647,2147483647,no
rKaHyPar,sat14_11pipe_k.cnf.dual.hgr,no,yes,4,4,0.03,1,28800,cut,2147483647,2147483647,no
rKaHyPar,sat14_11pipe_k.cnf.dual.hgr,no,yes,7,4,0.03,1,28800,cut,2147483647,2147483647,no
rKaHyPar,sat14_11pipe_k.cnf.dual.hgr,no,yes,8,4,0.03,1,28800,cut,2147483647,2147483647,no
rKaHyPar,sat14_11pipe_k.cnf.dual.hgr,no,yes,9,4,0.03,1,28800,cut,2147483647,2147483647,no
rKaHyPar,sat14_11pipe_k.cnf.dual.hgr,no,yes,0,64,0.03,1,28800,cut,2147483647,2147483647,no
rKaHyPar,sat14_11pipe_k.cnf.dual.hgr,no,yes,1,64,0.03,1,28800,cut,2147483647,2147483647,no
rKaHyPar,sat14_11pipe_k.cnf.dual.hgr,no,yes,3,64,0.03,1,28800,cut,2147483647,2147483647,no
rKaHyPar,sat14_11pipe_k.cnf.dual.hgr,no,yes,4,64,0.03,1,28800,cut,2147483647,2147483647,no
rKaHyPar,sat14_11pipe_k.cnf.dual.hgr,no,yes,5,64,0.03,1,28800,cut,2147483647,2147483647,no
rKaHyPar,sat14_11pipe_k.cnf.dual.hgr,no,yes,6,64,0.03,1,28800,cut,2147483647,2147483647,no
rKaHyPar,sat14_11pipe_k.cnf.dual.hgr,no,yes,9,64,0.03,1,28800,cut,2147483647,2147483647,no
rKaHyPar,sat14_11pipe_k.cnf.dual.hgr,no,yes,0,8,0.03,1,28800,cut,2147483647,2147483647,no
rKaHyPar,sat14_11pipe_k.cnf.dual.hgr,no,yes,1,8,0.03,1,28800,cut,2147483647,2147483647,no
rKaHyPar,sat14_11pipe_k.cnf.dual.hgr,no,yes,2,8,0.03,1,28800,cut,2147483647,2147483647,no
rKaHyPar,sat14_11pipe_k.cnf.dual.hgr,no,yes,3,8,0.03,1,28800,cut,2147483647,2147483647,no
rKaHyPar,sat14_11pipe_k.cnf.dual.hgr,no,yes,4,8,0.03,1,28800,cut,2147483647,2147483647,no
rKaHyPar,sat14_11pipe_k.cnf.dual.hgr,no,yes,5,8,0.03,1,28800,cut,2147483647,2147483647,no
rKaHyPar,sat14_11pipe_k.cnf.dual.hgr,no,yes,7,8,0.03,1,28800,cut,2147483647,2147483647,no
rKaHyPar,sat14_11pipe_k.cnf.dual.hgr,no,yes,8,8,0.03,1,28800,cut,2147483647,2147483647,no
rKaHyPar,sat14_11pipe_k.cnf.dual.hgr,no,yes,9,8,0.03,1,28800,cut,2147483647,2147483647,no
rKaHyPar,sat14_11pipe_k.cnf.hgr,no,no,0,128,0.03,0.0293696,3645.29,cut,4590751,4058628,no
rKaHyPar,sat14_11pipe_k.cnf.hgr,no,no,1,128,0.03,0.0293696,3379.98,cut,4532075,4071324,no
rKaHyPar,sat14_11pipe_k.cnf.hgr,no,no,2,128,0.03,0.0293696,4293.33,cut,4534559,4060905,no
rKaHyPar,sat14_11pipe_k.cnf.hgr,no,no,3,128,0.03,0.0293696,3748.02,cut,4590287,4057118,no
rKaHyPar,sat14_11pipe_k.cnf.hgr,no,no,4,128,0.03,0.0293696,2543.69,cut,4564594,4060740,no
rKaHyPar,sat14_11pipe_k.cnf.hgr,no,no,5,128,0.03,0.0293696,2937.59,cut,4554478,4067754,no
rKaHyPar,sat14_11pipe_k.cnf.hgr,no,no,6,128,0.03,0.0293696,3369.22,cut,4498756,4062897,no
rKaHyPar,sat14_11pipe_k.cnf.hgr,no,no,7,128,0.03,0.0293696,1988.9,cut,4506683,4068556,no
rKaHyPar,sat14_11pipe_k.cnf.hgr,no,no,8,128,0.03,0.0293696,2499.01,cut,4622314,4062813,no
rKaHyPar,sat14_11pipe_k.cnf.hgr,no,no,9,128,0.03,0.0293696,3076.11,cut,4581249,4059340,no
rKaHyPar,sat14_11pipe_k.cnf.hgr,no,no,0,16,0.03,0.0299149,3780.29,cut,2301476,2134111,no
rKaHyPar,sat14_11pipe_k.cnf.hgr,no,no,1,16,0.03,0.0299149,5983.32,cut,2309237,2168514,no
rKaHyPar,sat14_11pipe_k.cnf.hgr,no,no,2,16,0.03,0.0299149,3752.04,cut,2263399,2111108,no
rKaHyPar,sat14_11pipe_k.cnf.hgr,no,no,3,16,0.03,0.0299149,4343.27,cut,2218540,2075031,no
rKaHyPar,sat14_11pipe_k.cnf.hgr,no,no,4,16,0.03,0.0299149,5791.84,cut,2199495,2072647,no
rKaHyPar,sat14_11pipe_k.cnf.hgr,no,no,5,16,0.03,0.0299149,2867.25,cut,2203556,2049821,no
rKaHyPar,sat14_11pipe_k.cnf.hgr,no,no,6,16,0.03,0.0299149,6661.23,cut,2204377,2070597,no
rKaHyPar,sat14_11pipe_k.cnf.hgr,no,no,7,16,0.03,0.0299149,7425.09,cut,2210691,2078671,no
rKaHyPar,sat14_11pipe_k.cnf.hgr,no,no,8,16,0.03,0.0299149,5468.46,cut,2139713,2007004,no
rKaHyPar,sat14_11pipe_k.cnf.hgr,no,no,9,16,0.03,0.0299149,3849.66,cut,2327852,2198042,no
rKaHyPar,sat14_11pipe_k.cnf.hgr,no,no,1,2,0.03,0.0299054,6073.02,cut,52184,52184,no
rKaHyPar,sat14_11pipe_k.cnf.hgr,no,no,2,2,0.03,0.0297598,4875.45,cut,51885,51885,no
rKaHyPar,sat14_11pipe_k.cnf.hgr,no,no,3,2,0.03,0.0299166,4343.4,cut,51788,51788,no
rKaHyPar,sat14_11pipe_k.cnf.hgr,no,no,4,2,0.03,0.0296479,5071.7,cut,51946,51946,no
rKaHyPar,sat14_11pipe_k.cnf.hgr,no,no,5,2,0.03,0.0293792,5515.07,cut,51813,51813,no
rKaHyPar,sat14_11pipe_k.cnf.hgr,no,no,7,2,0.03,0.0294351,3558.27,cut,52039,52039,no
rKaHyPar,sat14_11pipe_k.cnf.hgr,no,no,8,2,0.03,0.029995,3765.22,cut,51561,51561,no
rKaHyPar,sat14_11pipe_k.cnf.hgr,no,no,9,2,0.03,0.029995,5967.1,cut,51585,51585,no
rKaHyPar,sat14_11pipe_k.cnf.hgr,no,no,0,32,0.03,0.0299122,3471.27,cut,3252914,3047256,no
rKaHyPar,sat14_11pipe_k.cnf.hgr,no,no,1,32,0.03,0.0299122,6853.91,cut,3328076,3115230,no
rKaHyPar,sat14_11pipe_k.cnf.hgr,no,no,3,32,0.03,0.0299122,14429.5,cut,3247375,3026441,no
rKaHyPar,sat14_11pipe_k.cnf.hgr,no,no,4,32,0.03,0.0299122,5575.33,cut,3337441,3091465,no
rKaHyPar,sat14_11pipe_k.cnf.hgr,no,no,5,32,0.03,0.0299122,3138.89,cut,3338191,3130884,no
rKaHyPar,sat14_11pipe_k.cnf.hgr,no,no,6,32,0.03,0.0299122,4498.6,cut,3306176,3099453,no
rKaHyPar,sat14_11pipe_k.cnf.hgr,no,no,7,32,0.03,0.0299122,2801.45,cut,3229300,3044657,no
rKaHyPar,sat14_11pipe_k.cnf.hgr,no,no,9,32,0.03,0.0299122,4338.03,cut,3218010,3027527,no
rKaHyPar,sat14_11pipe_k.cnf.hgr,no,no,1,4,0.03,0.0299834,982.548,cut,294549,253168,no
rKaHyPar,sat14_11pipe_k.cnf.hgr,no,no,2,4,0.03,0.0299386,1369.46,cut,293096,251768,no
rKaHyPar,sat14_11pipe_k.cnf.hgr,no,no,3,4,0.03,0.0299834,1491.22,cut,289471,248137,no
rKaHyPar,sat14_11pipe_k.cnf.hgr,no,no,4,4,0.03,0.0299834,1814.1,cut,288551,246813,no
rKaHyPar,sat14_11pipe_k.cnf.hgr,no,no,6,4,0.03,0.0299834,1111.99,cut,290203,248662,no
rKaHyPar,sat14_11pipe_k.cnf.hgr,no,no,7,4,0.03,0.029961,1653.83,cut,284866,243498,no
rKaHyPar,sat14_11pipe_k.cnf.hgr,no,no,8,4,0.03,0.0299834,1044.47,cut,282630,240446,no
rKaHyPar,sat14_11pipe_k.cnf.hgr,no,no,9,4,0.03,0.029961,964.643,cut,281666,240325,no
rKaHyPar,sat14_11pipe_k.cnf.hgr,no,no,0,64,0.03,0.0297278,4132.5,cut,4051813,3691940,no
rKaHyPar,sat14_11pipe_k.cnf.hgr,no,no,1,64,0.03,0.0297278,3943.39,cut,4008712,3687221,no
rKaHyPar,sat14_11pipe_k.cnf.hgr,no,no,3,64,0.03,0.0297278,10041.5,cut,3995218,3685226,no
rKaHyPar,sat14_11pipe_k.cnf.hgr,no,no,4,64,0.03,0.0297278,3831.2,cut,4038184,3693337,no
rKaHyPar,sat14_11pipe_k.cnf.hgr,no,no,5,64,0.03,0.0297278,3806.93,cut,4032063,3685013,no
rKaHyPar,sat14_11pipe_k.cnf.hgr,no,no,6,64,0.03,0.0297278,3375.75,cut,3993861,3674275,no
rKaHyPar,sat14_11pipe_k.cnf.hgr,no,no,9,64,0.03,0.0297278,2963.91,cut,4048504,3677819,no
rKaHyPar,sat14_11pipe_k.cnf.hgr,no,no,0,8,0.03,0.029961,4917.38,cut,957958,860734,no
rKaHyPar,sat14_11pipe_k.cnf.hgr,no,no,1,8,0.03,0.029961,3258.99,cut,873849,772262,no
rKaHyPar,sat14_11pipe_k.cnf.hgr,no,no,2,8,0.03,0.029961,3311.97,cut,820151,716497,no
rKaHyPar,sat14_11pipe_k.cnf.hgr,no,no,3,8,0.03,0.029961,5490.12,cut,1006461,925694,no
rKaHyPar,sat14_11pipe_k.cnf.hgr,no,no,4,8,0.03,0.029961,2720.98,cut,779411,681005,no
rKaHyPar,sat14_11pipe_k.cnf.hgr,no,no,5,8,0.03,0.029961,4227.96,cut,846063,747412,no
rKaHyPar,sat14_11pipe_k.cnf.hgr,no,no,7,8,0.03,0.029961,3731.75,cut,789263,689696,no
rKaHyPar,sat14_11pipe_k.cnf.hgr,no,no,8,8,0.03,0.029961,2723.49,cut,817295,720950,no
rKaHyPar,sat14_11pipe_k.cnf.hgr,no,no,9,8,0.03,0.029961,4519.16,cut,813621,710927,no
rKaHyPar,sat14_11pipe_k.cnf.primal.hgr,no,no,0,128,0.03,0.0286533,2046.31,cut,5090605,4529015,no
rKaHyPar,sat14_11pipe_k.cnf.primal.hgr,no,no,1,128,0.03,0.0286533,2003.8,cut,4960965,4532705,no
rKaHyPar,sat14_11pipe_k.cnf.primal.hgr,no,no,2,128,0.03,0.0286533,3058.1,cut,4921761,4532335,no
rKaHyPar,sat14_11pipe_k.cnf.primal.hgr,no,no,3,128,0.03,0.0286533,2048.76,cut,5071689,4546975,no
rKaHyPar,sat14_11pipe_k.cnf.primal.hgr,no,no,4,128,0.03,0.0286533,2447.06,cut,4962898,4527953,no
rKaHyPar,sat14_11pipe_k.cnf.primal.hgr,no,no,5,128,0.03,0.0286533,2529.23,cut,4915862,4535728,no
rKaHyPar,sat14_11pipe_k.cnf.primal.hgr,no,no,6,128,0.03,0.0286533,2613.45,cut,5009102,4557332,no
rKaHyPar,sat14_11pipe_k.cnf.primal.hgr,no,no,7,128,0.03,0.0286533,1831.78,cut,4936254,4541527,no
rKaHyPar,sat14_11pipe_k.cnf.primal.hgr,no,no,8,128,0.03,0.0286533,3136.04,cut,5028077,4529553,no
rKaHyPar,sat14_11pipe_k.cnf.primal.hgr,no,no,9,128,0.03,0.0286533,3265.14,cut,5014879,4528513,no
rKaHyPar,sat14_11pipe_k.cnf.primal.hgr,no,no,0,16,0.03,0.0299122,5884.37,cut,3192813,3075625,no
rKaHyPar,sat14_11pipe_k.cnf.primal.hgr,no,no,1,16,0.03,0.0299122,7378.95,cut,3155174,3062819,no
rKaHyPar,sat14_11pipe_k.cnf.primal.hgr,no,no,2,16,0.03,0.0299122,4192.2,cut,3203974,3092777,no
rKaHyPar,sat14_11pipe_k.cnf.primal.hgr,no,no,3,16,0.03,0.0299122,6811.5,cut,3180720,3077368,no
rKaHyPar,sat14_11pipe_k.cnf.primal.hgr,no,no,4,16,0.03,0.0299122,24500.8,cut,3205791,3106251,no
rKaHyPar,sat14_11pipe_k.cnf.primal.hgr,no,no,5,16,0.03,0.0299122,4958.54,cut,3153984,3058780,no
rKaHyPar,sat14_11pipe_k.cnf.primal.hgr,no,no,6,16,0.03,0.0299122,8397.44,cut,3236424,3149455,no
rKaHyPar,sat14_11pipe_k.cnf.primal.hgr,no,no,7,16,0.03,0.0299122,4672.04,cut,3197740,3081990,no
rKaHyPar,sat14_11pipe_k.cnf.primal.hgr,no,no,8,16,0.03,0.0299122,4515.86,cut,3165062,3067595,no
rKaHyPar,sat14_11pipe_k.cnf.primal.hgr,no,no,9,16,0.03,0.0299122,4442.03,cut,3273349,3163557,no
rKaHyPar,sat14_11pipe_k.cnf.primal.hgr,no,no,0,2,0.03,0.0299834,1425.21,cut,233877,233877,no
rKaHyPar,sat14_11pipe_k.cnf.primal.hgr,no,no,1,2,0.03,0.0299834,3331.23,cut,236085,236085,no
rKaHyPar,sat14_11pipe_k.cnf.primal.hgr,no,no,2,2,0.03,0.0299834,2472.92,cut,238377,238377,no
rKaHyPar,sat14_11pipe_k.cnf.primal.hgr,no,no,3,2,0.03,0.0299834,2600.53,cut,257785,257785,no
rKaHyPar,sat14_11pipe_k.cnf.primal.hgr,no,no,4,2,0.03,0.0299834,1937.46,cut,256784,256784,no
rKaHyPar,sat14_11pipe_k.cnf.primal.hgr,no,no,5,2,0.03,0.0299834,2521.18,cut,239895,239895,no
rKaHyPar,sat14_11pipe_k.cnf.primal.hgr,no,no,6,2,0.03,0.0299834,2478.48,cut,256568,256568,no
rKaHyPar,sat14_11pipe_k.cnf.primal.hgr,no,no,7,2,0.03,0.0299834,2871.64,cut,236315,236315,no
rKaHyPar,sat14_11pipe_k.cnf.primal.hgr,no,no,8,2,0.03,0.0299834,1562.46,cut,246066,246066,no
rKaHyPar,sat14_11pipe_k.cnf.primal.hgr,no,no,9,2,0.03,0.0299834,2539.18,cut,242905,242905,no
rKaHyPar,sat14_11pipe_k.cnf.primal.hgr,no,no,0,32,0.03,0.0297278,4854.54,cut,3859538,3693271,no
rKaHyPar,sat14_11pipe_k.cnf.primal.hgr,no,no,1,32,0.03,0.0297278,3569.69,cut,3876193,3698117,no
rKaHyPar,sat14_11pipe_k.cnf.primal.hgr,no,no,2,32,0.03,0.0297278,4898.23,cut,3940417,3712834,no
rKaHyPar,sat14_11pipe_k.cnf.primal.hgr,no,no,3,32,0.03,0.0297278,4588.03,cut,3896470,3685952,no
rKaHyPar,sat14_11pipe_k.cnf.primal.hgr,no,no,4,32,0.03,0.0297278,3642.08,cut,3849714,3689732,no
rKaHyPar,sat14_11pipe_k.cnf.primal.hgr,no,no,5,32,0.03,0.0297278,14655,cut,3852745,3684780,no
rKaHyPar,sat14_11pipe_k.cnf.primal.hgr,no,no,6,32,0.03,0.0297278,2387.29,cut,3875362,3706075,no
rKaHyPar,sat14_11pipe_k.cnf.primal.hgr,no,no,7,32,0.03,0.0297278,2608.38,cut,3880585,3703706,no
rKaHyPar,sat14_11pipe_k.cnf.primal.hgr,no,no,8,32,0.03,0.0297278,4940.78,cut,3824712,3680029,no
rKaHyPar,sat14_11pipe_k.cnf.primal.hgr,no,no,9,32,0.03,0.0297278,3130.22,cut,3868625,3710622,no
rKaHyPar,sat14_11pipe_k.cnf.primal.hgr,no,no,1,4,0.03,0.029961,4843.42,cut,880590,869601,no
rKaHyPar,sat14_11pipe_k.cnf.primal.hgr,no,no,2,4,0.03,0.029961,10438.6,cut,841517,828840,no
rKaHyPar,sat14_11pipe_k.cnf.primal.hgr,no,no,3,4,0.03,0.029961,9344.85,cut,1010945,989611,no
rKaHyPar,sat14_11pipe_k.cnf.primal.hgr,no,no,4,4,0.03,0.029961,6404.66,cut,832789,815927,no
rKaHyPar,sat14_11pipe_k.cnf.primal.hgr,no,no,5,4,0.03,0.029961,6127.1,cut,904620,893836,no
rKaHyPar,sat14_11pipe_k.cnf.primal.hgr,no,no,7,4,0.03,0.029961,12841,cut,897538,881355,no
rKaHyPar,sat14_11pipe_k.cnf.primal.hgr,no,no,8,4,0.03,0.029961,3884.41,cut,804652,790070,no
rKaHyPar,sat14_11pipe_k.cnf.primal.hgr,no,no,9,4,0.03,0.029961,8444,cut,881705,868244,no
rKaHyPar,sat14_11pipe_k.cnf.primal.hgr,no,no,0,64,0.03,0.0293696,3373.43,cut,4389511,4091621,no
rKaHyPar,sat14_11pipe_k.cnf.primal.hgr,no,no,1,64,0.03,0.0293696,2821.8,cut,4381872,4058066,no
rKaHyPar,sat14_11pipe_k.cnf.primal.hgr,no,no,3,64,0.03,0.0293696,3082.48,cut,4351472,4071346,no
rKaHyPar,sat14_11pipe_k.cnf.primal.hgr,no,no,4,64,0.03,0.0293696,3484.5,cut,4347994,4105238,no
rKaHyPar,sat14_11pipe_k.cnf.primal.hgr,no,no,5,64,0.03,0.0293696,8433.01,cut,4399464,4082618,no
rKaHyPar,sat14_11pipe_k.cnf.primal.hgr,no,no,6,64,0.03,0.0293696,13419.7,cut,4333531,4079444,no
rKaHyPar,sat14_11pipe_k.cnf.primal.hgr,no,no,7,64,0.03,0.0293696,2953.55,cut,4339494,4072965,no
rKaHyPar,sat14_11pipe_k.cnf.primal.hgr,no,no,9,64,0.03,0.0293696,2203.5,cut,4318630,4060895,no
rKaHyPar,sat14_11pipe_k.cnf.primal.hgr,no,no,0,8,0.03,0.0299149,7576.53,cut,2185607,2134497,no
rKaHyPar,sat14_11pipe_k.cnf.primal.hgr,no,no,1,8,0.03,0.0299149,6029.8,cut,2145343,2100171,no
rKaHyPar,sat14_11pipe_k.cnf.primal.hgr,no,no,2,8,0.03,0.0299149,6229.07,cut,2119760,2071788,no
rKaHyPar,sat14_11pipe_k.cnf.primal.hgr,no,no,3,8,0.03,0.0299149,5932.29,cut,2201125,2151677,no
rKaHyPar,sat14_11pipe_k.cnf.primal.hgr,no,no,5,8,0.03,0.0299149,6603.23,cut,2171156,2123620,no
rKaHyPar,sat14_11pipe_k.cnf.primal.hgr,no,no,7,8,0.03,0.0299149,6654.27,cut,2181607,2130273,no
rKaHyPar,sat14_11pipe_k.cnf.primal.hgr,no,no,8,8,0.03,0.0299149,3973.7,cut,2133039,2081090,no
rKaHyPar,sat14_11pipe_k.cnf.primal.hgr,no,no,9,8,0.03,0.0299149,6138.79,cut,2152649,2101174,no
rKaHyPar,sat14_11pipe_q0_k.cnf.dual.hgr,no,yes,0,128,0.03,1,28800,cut,2147483647,2147483647,no
rKaHyPar,sat14_11pipe_q0_k.cnf.dual.hgr,no,no,1,128,0.03,0.346809,28745.7,cut,745433,62609,no
rKaHyPar,sat14_11pipe_q0_k.cnf.dual.hgr,no,yes,2,128,0.03,1,28800,cut,2147483647,2147483647,no
rKaHyPar,sat14_11pipe_q0_k.cnf.dual.hgr,no,no,3,128,0.03,0.241191,28561.3,cut,326825,23515,no
rKaHyPar,sat14_11pipe_q0_k.cnf.dual.hgr,no,yes,5,128,0.03,1,28800,cut,2147483647,2147483647,no
rKaHyPar,sat14_11pipe_q0_k.cnf.dual.hgr,no,no,6,128,0.03,0.0299149,25783.1,cut,138847,9443,no
rKaHyPar,sat14_11pipe_q0_k.cnf.dual.hgr,no,no,7,128,0.03,0.323617,28708.1,cut,635891,49469,no
rKaHyPar,sat14_11pipe_q0_k.cnf.dual.hgr,no,yes,8,128,0.03,1,28800,cut,2147483647,2147483647,no
rKaHyPar,sat14_11pipe_q0_k.cnf.dual.hgr,no,yes,9,128,0.03,1,28800,cut,2147483647,2147483647,no
rKaHyPar,sat14_11pipe_q0_k.cnf.dual.hgr,no,yes,0,16,0.03,1,28800,cut,2147483647,2147483647,no
rKaHyPar,sat14_11pipe_q0_k.cnf.dual.hgr,no,yes,1,16,0.03,1,28800,cut,2147483647,2147483647,no
rKaHyPar,sat14_11pipe_q0_k.cnf.dual.hgr,no,yes,3,16,0.03,1,28800,cut,2147483647,2147483647,no
rKaHyPar,sat14_11pipe_q0_k.cnf.dual.hgr,no,no,4,16,0.03,0.0289958,25547.4,cut,34020,6104,no
rKaHyPar,sat14_11pipe_q0_k.cnf.dual.hgr,no,no,5,16,0.03,0.298756,28595.7,cut,137161,60746,no
rKaHyPar,sat14_11pipe_q0_k.cnf.dual.hgr,no,no,6,16,0.03,0.0291075,24796.6,cut,33975,5911,no
rKaHyPar,sat14_11pipe_q0_k.cnf.dual.hgr,no,no,7,16,0.03,0.0292617,24526.5,cut,35322,5897,no
rKaHyPar,sat14_11pipe_q0_k.cnf.dual.hgr,no,no,8,16,0.03,0.359678,28603.9,cut,163774,62671,no
rKaHyPar,sat14_11pipe_q0_k.cnf.dual.hgr,no,no,9,16,0.03,0.0253307,25317.5,cut,32577,5783,no
rKaHyPar,sat14_11pipe_q0_k.cnf.dual.hgr,no,no,0,2,0.03,0.0241492,21615.5,cut,1787,1787,no
rKaHyPar,sat14_11pipe_q0_k.cnf.dual.hgr,no,no,1,2,0.03,0.0241645,22320.5,cut,1787,1787,no
rKaHyPar,sat14_11pipe_q0_k.cnf.dual.hgr,no,no,2,2,0.03,0.024213,21661.3,cut,1787,1787,no
rKaHyPar,sat14_11pipe_q0_k.cnf.dual.hgr,no,no,3,2,0.03,0.0241745,21500,cut,1787,1787,no
rKaHyPar,sat14_11pipe_q0_k.cnf.dual.hgr,no,no,4,2,0.03,0.0241106,21980.9,cut,1787,1787,no
rKaHyPar,sat14_11pipe_q0_k.cnf.dual.hgr,no,no,6,2,0.03,0.0241007,21757,cut,1787,1787,no
rKaHyPar,sat14_11pipe_q0_k.cnf.dual.hgr,no,no,7,2,0.03,0.0241745,21935,cut,1787,1787,no
rKaHyPar,sat14_11pipe_q0_k.cnf.dual.hgr,no,no,8,2,0.03,0.0241459,21444.4,cut,1787,1787,no
rKaHyPar,sat14_11pipe_q0_k.cnf.dual.hgr,no,no,9,2,0.03,0.0241645,21799.6,cut,1787,1787,no
rKaHyPar,sat14_11pipe_q0_k.cnf.dual.hgr,no,no,0,32,0.03,0.0297775,26660.4,cut,57902,6462,no
rKaHyPar,sat14_11pipe_q0_k.cnf.dual.hgr,no,no,1,32,0.03,0.029618,26589.5,cut,68380,6443,no
rKaHyPar,sat14_11pipe_q0_k.cnf.dual.hgr,no,yes,4,32,0.03,1,28800,cut,2147483647,2147483647,no
rKaHyPar,sat14_11pipe_q0_k.cnf.dual.hgr,no,yes,5,32,0.03,1,28800,cut,2147483647,2147483647,no
rKaHyPar,sat14_11pipe_q0_k.cnf.dual.hgr,no,no,6,32,0.03,0.0296818,27618.6,cut,63886,6539,no
rKaHyPar,sat14_11pipe_q0_k.cnf.dual.hgr,no,yes,8,32,0.03,1,28800,cut,2147483647,2147483647,no
rKaHyPar,sat14_11pipe_q0_k.cnf.dual.hgr,no,no,9,32,0.03,0.0297988,24539.1,cut,60110,6171,no
rKaHyPar,sat14_11pipe_q0_k.cnf.dual.hgr,no,no,1,4,0.03,0.0299533,25270,cut,7924,5056,no
rKaHyPar,sat14_11pipe_q0_k.cnf.dual.hgr,no,no,2,4,0.03,0.0299812,26254.9,cut,7264,5100,no
rKaHyPar,sat14_11pipe_q0_k.cnf.dual.hgr,no,yes,3,4,0.03,1,28800,cut,2147483647,2147483647,no
rKaHyPar,sat14_11pipe_q0_k.cnf.dual.hgr,no,no,4,4,0.03,0.0299972,28539.9,cut,8773,5129,no
rKaHyPar,sat14_11pipe_q0_k.cnf.dual.hgr,no,no,6,4,0.03,0.0298735,23285.7,cut,7642,5199,no
rKaHyPar,sat14_11pipe_q0_k.cnf.dual.hgr,no,no,7,4,0.03,0.0299626,28526.7,cut,7709,5382,no
rKaHyPar,sat14_11pipe_q0_k.cnf.dual.hgr,no,no,8,4,0.03,0.0299759,24621,cut,7131,4953,no
rKaHyPar,sat14_11pipe_q0_k.cnf.dual.hgr,no,no,9,4,0.03,0.0299772,26262.7,cut,7357,5169,no
rKaHyPar,sat14_11pipe_q0_k.cnf.dual.hgr,no,no,0,64,0.03,0.548054,28623.9,cut,558533,62817,no
rKaHyPar,sat14_11pipe_q0_k.cnf.dual.hgr,no,yes,4,64,0.03,1,28800,cut,2147483647,2147483647,no
rKaHyPar,sat14_11pipe_q0_k.cnf.dual.hgr,no,yes,5,64,0.03,1,28800,cut,2147483647,2147483647,no
rKaHyPar,sat14_11pipe_q0_k.cnf.dual.hgr,no,yes,6,64,0.03,1,28800,cut,2147483647,2147483647,no
rKaHyPar,sat14_11pipe_q0_k.cnf.dual.hgr,no,no,9,64,0.03,0.0299794,27805,cut,95992,7771,no
rKaHyPar,sat14_11pipe_q0_k.cnf.dual.hgr,no,no,0,8,0.03,0.217952,28629.3,cut,61636,47965,no
rKaHyPar,sat14_11pipe_q0_k.cnf.dual.hgr,no,yes,1,8,0.03,1,28800,cut,2147483647,2147483647,no
rKaHyPar,sat14_11pipe_q0_k.cnf.dual.hgr,no,yes,3,8,0.03,1,28800,cut,2147483647,2147483647,no
rKaHyPar,sat14_11pipe_q0_k.cnf.dual.hgr,no,yes,5,8,0.03,1,28800,cut,2147483647,2147483647,no
rKaHyPar,sat14_11pipe_q0_k.cnf.dual.hgr,no,no,7,8,0.03,0.0170618,27240,cut,17643,5744,no
rKaHyPar,sat14_11pipe_q0_k.cnf.dual.hgr,no,no,8,8,0.03,0.029549,24607.4,cut,16877,5719,no
rKaHyPar,sat14_11pipe_q0_k.cnf.dual.hgr,no,yes,9,8,0.03,1,28800,cut,2147483647,2147483647,no
rKaHyPar,sat14_11pipe_q0_k.cnf.hgr,no,no,0,128,0.03,0.0294659,673.345,cut,1988002,1457512,no
rKaHyPar,sat14_11pipe_q0_k.cnf.hgr,no,no,1,128,0.03,0.0294659,588.386,cut,1767899,1433642,no
rKaHyPar,sat14_11pipe_q0_k.cnf.hgr,no,no,2,128,0.03,0.0294659,568.688,cut,1782039,1452992,no
rKaHyPar,sat14_11pipe_q0_k.cnf.hgr,no,no,3,128,0.03,0.0294659,622.389,cut,1772196,1445277,no
rKaHyPar,sat14_11pipe_q0_k.cnf.hgr,no,no,5,128,0.03,0.0294659,626.665,cut,1733497,1461060,no
rKaHyPar,sat14_11pipe_q0_k.cnf.hgr,no,no,6,128,0.03,0.0294659,556.703,cut,1872972,1467634,no
rKaHyPar,sat14_11pipe_q0_k.cnf.hgr,no,no,7,128,0.03,0.0294659,621.263,cut,1785754,1449114,no
rKaHyPar,sat14_11pipe_q0_k.cnf.hgr,no,no,8,128,0.03,0.0294659,719.955,cut,1774248,1445455,no
rKaHyPar,sat14_11pipe_q0_k.cnf.hgr,no,no,9,128,0.03,0.0294659,921.015,cut,1979253,1448967,no
rKaHyPar,sat14_11pipe_q0_k.cnf.hgr,no,no,0,16,0.03,0.0299286,1273.82,cut,816974,661472,no
rKaHyPar,sat14_11pipe_q0_k.cnf.hgr,no,no,1,16,0.03,0.0299286,1016.16,cut,778711,655858,no
rKaHyPar,sat14_11pipe_q0_k.cnf.hgr,no,no,2,16,0.03,0.0299286,883.221,cut,796942,668506,no
rKaHyPar,sat14_11pipe_q0_k.cnf.hgr,no,no,3,16,0.03,0.0299286,977.159,cut,802520,657214,no
rKaHyPar,sat14_11pipe_q0_k.cnf.hgr,no,no,4,16,0.03,0.0299286,567.547,cut,762023,665949,no
rKaHyPar,sat14_11pipe_q0_k.cnf.hgr,no,no,5,16,0.03,0.0299286,790.899,cut,781136,641254,no
rKaHyPar,sat14_11pipe_q0_k.cnf.hgr,no,no,6,16,0.03,0.0299286,553.236,cut,804274,661958,no
rKaHyPar,sat14_11pipe_q0_k.cnf.hgr,no,no,7,16,0.03,0.0299286,780.879,cut,771123,653688,no
rKaHyPar,sat14_11pipe_q0_k.cnf.hgr,no,no,8,16,0.03,0.0299286,649.833,cut,795927,653897,no
rKaHyPar,sat14_11pipe_q0_k.cnf.hgr,no,no,9,16,0.03,0.0299286,605.467,cut,751414,666231,no
rKaHyPar,sat14_11pipe_q0_k.cnf.hgr,no,no,0,2,0.03,0.0299969,3659.94,cut,65128,65128,no
rKaHyPar,sat14_11pipe_q0_k.cnf.hgr,no,no,1,2,0.03,0.0299969,3320.53,cut,63712,63712,no
rKaHyPar,sat14_11pipe_q0_k.cnf.hgr,no,no,2,2,0.03,0.0299969,5289.19,cut,64460,64460,no
rKaHyPar,sat14_11pipe_q0_k.cnf.hgr,no,no,3,2,0.03,0.0299969,4282.92,cut,63210,63210,no
rKaHyPar,sat14_11pipe_q0_k.cnf.hgr,no,no,4,2,0.03,0.0299969,2377.43,cut,65472,65472,no
rKaHyPar,sat14_11pipe_q0_k.cnf.hgr,no,no,5,2,0.03,0.0299969,1222.74,cut,65576,65576,no
rKaHyPar,sat14_11pipe_q0_k.cnf.hgr,no,no,6,2,0.03,0.0299969,6890.63,cut,64630,64630,no
rKaHyPar,sat14_11pipe_q0_k.cnf.hgr,no,no,7,2,0.03,0.0299873,2566.37,cut,65046,65046,no
rKaHyPar,sat14_11pipe_q0_k.cnf.hgr,no,no,8,2,0.03,0.0299969,1971.9,cut,63210,63210,no
rKaHyPar,sat14_11pipe_q0_k.cnf.hgr,no,no,9,2,0.03,0.0299969,5390.63,cut,64633,64633,no
rKaHyPar,sat14_11pipe_q0_k.cnf.hgr,no,no,0,32,0.03,0.0299263,802.028,cut,1223322,952616,no
rKaHyPar,sat14_11pipe_q0_k.cnf.hgr,no,no,1,32,0.03,0.0299263,960.672,cut,1119780,965655,no
rKaHyPar,sat14_11pipe_q0_k.cnf.hgr,no,no,4,32,0.03,0.0299263,513.906,cut,1083054,936108,no
rKaHyPar,sat14_11pipe_q0_k.cnf.hgr,no,no,5,32,0.03,0.0299263,780.913,cut,1179752,961083,no
rKaHyPar,sat14_11pipe_q0_k.cnf.hgr,no,no,6,32,0.03,0.0299263,663.93,cut,1128964,968724,no
rKaHyPar,sat14_11pipe_q0_k.cnf.hgr,no,no,7,32,0.03,0.0299263,515.035,cut,1183808,956000,no
rKaHyPar,sat14_11pipe_q0_k.cnf.hgr,no,no,8,32,0.03,0.0299263,873.277,cut,1135639,972199,no
rKaHyPar,sat14_11pipe_q0_k.cnf.hgr,no,no,9,32,0.03,0.0299263,663.901,cut,1151501,998738,no
rKaHyPar,sat14_11pipe_q0_k.cnf.hgr,no,no,1,4,0.03,0.0299873,1064.69,cut,203834,178593,no
rKaHyPar,sat14_11pipe_q0_k.cnf.hgr,no,no,2,4,0.03,0.0299873,1525.59,cut,169104,143995,no
rKaHyPar,sat14_11pipe_q0_k.cnf.hgr,no,no,3,4,0.03,0.0299873,2269.38,cut,186532,162948,no
rKaHyPar,sat14_11pipe_q0_k.cnf.hgr,no,no,4,4,0.03,0.0299873,1592.7,cut,201595,174987,no
rKaHyPar,sat14_11pipe_q0_k.cnf.hgr,no,no,7,4,0.03,0.0299682,841.856,cut,234675,211701,no
rKaHyPar,sat14_11pipe_q0_k.cnf.hgr,no,no,8,4,0.03,0.0299873,1117.73,cut,187942,154704,no
rKaHyPar,sat14_11pipe_q0_k.cnf.hgr,no,no,9,4,0.03,0.0299873,1946.73,cut,181858,156721,no
rKaHyPar,sat14_11pipe_q0_k.cnf.hgr,no,no,0,64,0.03,0.0297729,681.314,cut,1631121,1232760,no
rKaHyPar,sat14_11pipe_q0_k.cnf.hgr,no,no,3,64,0.03,0.0297729,582.012,cut,1429864,1212028,no
rKaHyPar,sat14_11pipe_q0_k.cnf.hgr,no,no,4,64,0.03,0.0297729,841.677,cut,1496492,1234761,no
rKaHyPar,sat14_11pipe_q0_k.cnf.hgr,no,no,5,64,0.03,0.0297729,914.996,cut,1480625,1210542,no
rKaHyPar,sat14_11pipe_q0_k.cnf.hgr,no,no,6,64,0.03,0.0297729,616.289,cut,1489273,1236625,no
rKaHyPar,sat14_11pipe_q0_k.cnf.hgr,no,no,9,64,0.03,0.0297729,717.948,cut,1549155,1210189,no
rKaHyPar,sat14_11pipe_q0_k.cnf.hgr,no,no,0,8,0.03,0.0299682,1410.85,cut,366489,290357,no
rKaHyPar,sat14_11pipe_q0_k.cnf.hgr,no,no,1,8,0.03,0.0299682,1542.33,cut,344915,296437,no
rKaHyPar,sat14_11pipe_q0_k.cnf.hgr,no,no,3,8,0.03,0.0299682,1715.79,cut,366970,309599,no
rKaHyPar,sat14_11pipe_q0_k.cnf.hgr,no,no,5,8,0.03,0.0299298,1010.07,cut,338732,289848,no
rKaHyPar,sat14_11pipe_q0_k.cnf.hgr,no,no,6,8,0.03,0.0299682,1207.55,cut,359269,312952,no
rKaHyPar,sat14_11pipe_q0_k.cnf.hgr,no,no,7,8,0.03,0.0299682,966.131,cut,327615,284078,no
rKaHyPar,sat14_11pipe_q0_k.cnf.hgr,no,no,8,8,0.03,0.0299682,741.384,cut,375546,312643,no
rKaHyPar,sat14_11pipe_q0_k.cnf.hgr,no,no,9,8,0.03,0.0299682,1599.2,cut,353514,297580,no
rKaHyPar,sat14_11pipe_q0_k.cnf.primal.hgr,no,no,0,128,0.03,0.0294479,553.353,cut,2091183,1891264,no
rKaHyPar,sat14_11pipe_q0_k.cnf.primal.hgr,no,no,1,128,0.03,0.0294479,374.632,cut,2074729,1871813,no
rKaHyPar,sat14_11pipe_q0_k.cnf.primal.hgr,no,no,2,128,0.03,0.0294479,609.258,cut,2121970,1920693,no
rKaHyPar,sat14_11pipe_q0_k.cnf.primal.hgr,no,no,3,128,0.03,0.0294479,444.595,cut,2078492,1886475,no
rKaHyPar,sat14_11pipe_q0_k.cnf.primal.hgr,no,no,5,128,0.03,0.0294479,381.218,cut,2094299,1901309,no
rKaHyPar,sat14_11pipe_q0_k.cnf.primal.hgr,no,no,6,128,0.03,0.0294479,358.565,cut,2055628,1872582,no
rKaHyPar,sat14_11pipe_q0_k.cnf.primal.hgr,no,no,7,128,0.03,0.0294479,363.005,cut,2042141,1860697,no
rKaHyPar,sat14_11pipe_q0_k.cnf.primal.hgr,no,no,8,128,0.03,0.0294479,884.68,cut,2109231,1908922,no
rKaHyPar,sat14_11pipe_q0_k.cnf.primal.hgr,no,no,9,128,0.03,0.0294479,533.47,cut,2076436,1875756,no
rKaHyPar,sat14_11pipe_q0_k.cnf.primal.hgr,no,no,0,16,0.03,0.0299263,510.88,cut,1007214,949632,no
rKaHyPar,sat14_11pipe_q0_k.cnf.primal.hgr,no,no,1,16,0.03,0.0299263,552.969,cut,1032979,969825,no
rKaHyPar,sat14_11pipe_q0_k.cnf.primal.hgr,no,no,2,16,0.03,0.0299263,861.176,cut,1021967,959763,no
rKaHyPar,sat14_11pipe_q0_k.cnf.primal.hgr,no,no,3,16,0.03,0.0299263,500.896,cut,1011641,951435,no
rKaHyPar,sat14_11pipe_q0_k.cnf.primal.hgr,no,no,4,16,0.03,0.0299263,312.233,cut,1005425,947824,no
rKaHyPar,sat14_11pipe_q0_k.cnf.primal.hgr,no,no,5,16,0.03,0.0299263,382.645,cut,1023854,962977,no
rKaHyPar,sat14_11pipe_q0_k.cnf.primal.hgr,no,no,6,16,0.03,0.0299263,361.158,cut,1022528,965951,no
rKaHyPar,sat14_11pipe_q0_k.cnf.primal.hgr,no,no,7,16,0.03,0.0299263,475.407,cut,1018613,955593,no
rKaHyPar,sat14_11pipe_q0_k.cnf.primal.hgr,no,no,8,16,0.03,0.0299263,982.761,cut,1044931,984658,no
rKaHyPar,sat14_11pipe_q0_k.cnf.primal.hgr,no,no,9,16,0.03,0.0299263,859.229,cut,1024979,963065,no
rKaHyPar,sat14_11pipe_q0_k.cnf.primal.hgr,no,no,0,2,0.03,0.0299873,2796.13,cut,127420,127420,no
rKaHyPar,sat14_11pipe_q0_k.cnf.primal.hgr,no,no,1,2,0.03,0,391.603,cut,188012,188012,no
rKaHyPar,sat14_11pipe_q0_k.cnf.primal.hgr,no,no,2,2,0.03,0.0299873,2890.24,cut,114627,114627,no
rKaHyPar,sat14_11pipe_q0_k.cnf.primal.hgr,no,no,3,2,0.03,0.0299873,3235.29,cut,192663,192663,no
rKaHyPar,sat14_11pipe_q0_k.cnf.primal.hgr,no,no,4,2,0.03,0,289.728,cut,187965,187965,no
rKaHyPar,sat14_11pipe_q0_k.cnf.primal.hgr,no,no,5,2,0.03,0,113.801,cut,188014,188014,no
rKaHyPar,sat14_11pipe_q0_k.cnf.primal.hgr,no,no,6,2,0.03,0.00723303,321.737,cut,188312,188312,no
rKaHyPar,sat14_11pipe_q0_k.cnf.primal.hgr,no,no,7,2,0.03,0.00723303,278.074,cut,188312,188312,no
rKaHyPar,sat14_11pipe_q0_k.cnf.primal.hgr,no,no,8,2,0.03,0.0299873,1991.18,cut,148591,148591,no
rKaHyPar,sat14_11pipe_q0_k.cnf.primal.hgr,no,no,9,2,0.03,0.0299873,2630.05,cut,127643,127643,no
rKaHyPar,sat14_11pipe_q0_k.cnf.primal.hgr,no,no,0,32,0.03,0.0297729,418.889,cut,1308187,1215227,no
rKaHyPar,sat14_11pipe_q0_k.cnf.primal.hgr,no,no,1,32,0.03,0.0297729,498.869,cut,1320821,1228662,no
rKaHyPar,sat14_11pipe_q0_k.cnf.primal.hgr,no,no,4,32,0.03,0.0297729,331.751,cut,1313253,1223576,no
rKaHyPar,sat14_11pipe_q0_k.cnf.primal.hgr,no,no,5,32,0.03,0.0297729,543.657,cut,1321069,1230177,no
rKaHyPar,sat14_11pipe_q0_k.cnf.primal.hgr,no,no,6,32,0.03,0.0297729,437.875,cut,1322746,1238416,no
rKaHyPar,sat14_11pipe_q0_k.cnf.primal.hgr,no,no,7,32,0.03,0.0297729,366.125,cut,1315751,1231674,no
rKaHyPar,sat14_11pipe_q0_k.cnf.primal.hgr,no,no,8,32,0.03,0.0297729,475.577,cut,1296534,1209698,no
rKaHyPar,sat14_11pipe_q0_k.cnf.primal.hgr,no,no,9,32,0.03,0.0297729,827.286,cut,1322681,1232811,no
rKaHyPar,sat14_11pipe_q0_k.cnf.primal.hgr,no,no,0,4,0.03,0.0299682,685.736,cut,293293,287474,no
rKaHyPar,sat14_11pipe_q0_k.cnf.primal.hgr,no,no,1,4,0.03,0.0299682,536.06,cut,293454,287821,no
rKaHyPar,sat14_11pipe_q0_k.cnf.primal.hgr,no,no,2,4,0.03,0.0299682,1541.53,cut,302661,286603,no
rKaHyPar,sat14_11pipe_q0_k.cnf.primal.hgr,no,no,3,4,0.03,0.0299682,739.807,cut,293677,287911,no
rKaHyPar,sat14_11pipe_q0_k.cnf.primal.hgr,no,no,4,4,0.03,0.0299682,624.396,cut,293577,287638,no
rKaHyPar,sat14_11pipe_q0_k.cnf.primal.hgr,no,no,6,4,0.03,0.0299682,559.664,cut,294091,288089,no
rKaHyPar,sat14_11pipe_q0_k.cnf.primal.hgr,no,no,7,4,0.03,0.0299682,519.677,cut,293955,287992,no
rKaHyPar,sat14_11pipe_q0_k.cnf.primal.hgr,no,no,8,4,0.03,0.0299682,483.16,cut,293060,287885,no
rKaHyPar,sat14_11pipe_q0_k.cnf.primal.hgr,no,no,9,4,0.03,0.0299682,1449.94,cut,318130,305208,no
rKaHyPar,sat14_11pipe_q0_k.cnf.primal.hgr,no,no,0,64,0.03,0.0294659,392.543,cut,1592041,1463341,no
rKaHyPar,sat14_11pipe_q0_k.cnf.primal.hgr,no,no,3,64,0.03,0.0294659,367.775,cut,1598554,1471367,no
rKaHyPar,sat14_11pipe_q0_k.cnf.primal.hgr,no,no,4,64,0.03,0.0294659,540.148,cut,1595057,1468477,no
rKaHyPar,sat14_11pipe_q0_k.cnf.primal.hgr,no,no,5,64,0.03,0.0294659,490.818,cut,1573663,1449088,no
rKaHyPar,sat14_11pipe_q0_k.cnf.primal.hgr,no,no,6,64,0.03,0.0294659,362.372,cut,1576408,1453756,no
rKaHyPar,sat14_11pipe_q0_k.cnf.primal.hgr,no,no,9,64,0.03,0.0294659,602.479,cut,1574398,1447546,no
rKaHyPar,sat14_11pipe_q0_k.cnf.primal.hgr,no,no,0,8,0.03,0.0299286,745.315,cut,642845,611125,no
rKaHyPar,sat14_11pipe_q0_k.cnf.primal.hgr,no,no,1,8,0.03,0.0299286,626.816,cut,664411,636251,no
rKaHyPar,sat14_11pipe_q0_k.cnf.primal.hgr,no,no,3,8,0.03,0.0299286,565.659,cut,652025,623478,no
rKaHyPar,sat14_11pipe_q0_k.cnf.primal.hgr,no,no,5,8,0.03,0.0299286,483.199,cut,649343,619276,no
rKaHyPar,sat14_11pipe_q0_k.cnf.primal.hgr,no,no,6,8,0.03,0.0299286,349.65,cut,647841,618613,no
rKaHyPar,sat14_11pipe_q0_k.cnf.primal.hgr,no,no,7,8,0.03,0.0299286,342.979,cut,652929,625046,no
rKaHyPar,sat14_11pipe_q0_k.cnf.primal.hgr,no,no,8,8,0.03,0.0299286,296.085,cut,650154,622174,no
rKaHyPar,sat14_11pipe_q0_k.cnf.primal.hgr,no,no,9,8,0.03,0.0299286,1621.71,cut,699762,665233,no
rKaHyPar,sat14_6s10.cnf.dual.hgr,no,no,0,128,0.03,0.0296774,8.26667,cut,8016,2486,no
rKaHyPar,sat14_6s10.cnf.dual.hgr,no,no,1,128,0.03,0.0296774,8.32362,cut,8252,2490,no
rKaHyPar,sat14_6s10.cnf.dual.hgr,no,no,2,128,0.03,0.0296774,8.32268,cut,8063,2478,no
rKaHyPar,sat14_6s10.cnf.dual.hgr,no,no,3,128,0.03,0.0296774,8.41268,cut,8099,2458,no
rKaHyPar,sat14_6s10.cnf.dual.hgr,no,no,4,128,0.03,0.0296774,11.8915,cut,8113,2470,no
rKaHyPar,sat14_6s10.cnf.dual.hgr,no,no,5,128,0.03,0.0296774,8.37366,cut,8000,2490,no
rKaHyPar,sat14_6s10.cnf.dual.hgr,no,no,6,128,0.03,0.0296774,8.39122,cut,8119,2498,no
rKaHyPar,sat14_6s10.cnf.dual.hgr,no,no,7,128,0.03,0.0283871,8.48304,cut,8158,2493,no
rKaHyPar,sat14_6s10.cnf.dual.hgr,no,no,8,128,0.03,0.0283871,12.1503,cut,8184,2502,no
rKaHyPar,sat14_6s10.cnf.dual.hgr,no,no,9,128,0.03,0.0296774,11.8118,cut,8177,2463,no
rKaHyPar,sat14_6s10.cnf.dual.hgr,no,no,0,16,0.03,0.0295209,6.1972,cut,2708,1345,no
rKaHyPar,sat14_6s10.cnf.dual.hgr,no,no,1,16,0.03,0.028553,6.19734,cut,2767,1345,no
rKaHyPar,sat14_6s10.cnf.dual.hgr,no,no,2,16,0.03,0.0245201,4.25157,cut,2711,1371,no
rKaHyPar,sat14_6s10.cnf.dual.hgr,no,no,3,16,0.03,0.0229069,6.20159,cut,2570,1332,no
rKaHyPar,sat14_6s10.cnf.dual.hgr,no,no,4,16,0.03,0.0295209,6.29655,cut,2622,1311,no
rKaHyPar,sat14_6s10.cnf.dual.hgr,no,no,5,16,0.03,0.0135506,4.19758,cut,2635,1326,no
rKaHyPar,sat14_6s10.cnf.dual.hgr,no,no,6,16,0.03,0.0266172,4.21567,cut,2666,1357,no
rKaHyPar,sat14_6s10.cnf.dual.hgr,no,no,7,16,0.03,0.0175835,4.14439,cut,2766,1344,no
rKaHyPar,sat14_6s10.cnf.dual.hgr,no,no,8,16,0.03,0.0293596,4.27154,cut,2770,1339,no
rKaHyPar,sat14_6s10.cnf.dual.hgr,no,no,9,16,0.03,0.0191966,4.21758,cut,2688,1365,no
rKaHyPar,sat14_6s10.cnf.dual.hgr,no,no,0,2,0.03,0,3.13886,cut,343,343,no
rKaHyPar,sat14_6s10.cnf.dual.hgr,no,no,1,2,0.03,0,2.09181,cut,345,345,no
rKaHyPar,sat14_6s10.cnf.dual.hgr,no,no,2,2,0.03,0,3.21768,cut,345,345,no
rKaHyPar,sat14_6s10.cnf.dual.hgr,no,no,3,2,0.03,0,3.24156,cut,345,345,no
rKaHyPar,sat14_6s10.cnf.dual.hgr,no,no,4,2,0.03,0,2.09972,cut,345,345,no
rKaHyPar,sat14_6s10.cnf.dual.hgr,no,no,5,2,0.03,0,2.15434,cut,366,366,no
rKaHyPar,sat14_6s10.cnf.dual.hgr,no,no,6,2,0.03,0,3.29254,cut,345,345,no
rKaHyPar,sat14_6s10.cnf.dual.hgr,no,no,7,2,0.03,0,3.28524,cut,345,345,no
rKaHyPar,sat14_6s10.cnf.dual.hgr,no,no,8,2,0.03,0,2.2188,cut,345,345,no
rKaHyPar,sat14_6s10.cnf.dual.hgr,no,no,9,2,0.03,0,3.25592,cut,345,345,no
rKaHyPar,sat14_6s10.cnf.dual.hgr,no,no,0,32,0.03,0.0296774,7.25459,cut,4160,1628,no
rKaHyPar,sat14_6s10.cnf.dual.hgr,no,no,1,32,0.03,0.0296774,7.43782,cut,4163,1642,no
rKaHyPar,sat14_6s10.cnf.dual.hgr,no,no,3,32,0.03,0.0296774,7.54524,cut,3985,1653,no
rKaHyPar,sat14_6s10.cnf.dual.hgr,no,no,4,32,0.03,0.0293548,5.08587,cut,4199,1653,no
rKaHyPar,sat14_6s10.cnf.dual.hgr,no,no,5,32,0.03,0.0296774,7.45259,cut,4167,1646,no
rKaHyPar,sat14_6s10.cnf.dual.hgr,no,no,6,32,0.03,0.0283871,7.66498,cut,4192,1634,no
rKaHyPar,sat14_6s10.cnf.dual.hgr,no,no,7,32,0.03,0.0290323,5.09852,cut,4174,1620,no
rKaHyPar,sat14_6s10.cnf.dual.hgr,no,no,8,32,0.03,0.0267742,7.4296,cut,4095,1681,no
rKaHyPar,sat14_6s10.cnf.dual.hgr,no,no,9,32,0.03,0.0296774,5.06449,cut,4033,1630,no
rKaHyPar,sat14_6s10.cnf.dual.hgr,no,no,0,4,0.03,0.0265365,4.51325,cut,782,658,no
rKaHyPar,sat14_6s10.cnf.dual.hgr,no,no,1,4,0.03,0.0190757,2.86374,cut,797,666,no
rKaHyPar,sat14_6s10.cnf.dual.hgr,no,no,2,4,0.03,0.00133086,4.24296,cut,806,624,no
rKaHyPar,sat14_6s10.cnf.dual.hgr,no,no,3,4,0.03,0.0198016,4.33359,cut,815,666,no
rKaHyPar,sat14_6s10.cnf.dual.hgr,no,no,4,4,0.03,0.0223826,3.16319,cut,814,669,no
rKaHyPar,sat14_6s10.cnf.dual.hgr,no,no,6,4,0.03,0.0286337,4.4375,cut,799,656,no
rKaHyPar,sat14_6s10.cnf.dual.hgr,no,no,7,4,0.03,0.0189547,2.94263,cut,793,665,no
rKaHyPar,sat14_6s10.cnf.dual.hgr,no,no,8,4,0.03,0.0295612,3.00325,cut,794,665,no
rKaHyPar,sat14_6s10.cnf.dual.hgr,no,no,9,4,0.03,0.0293999,4.62792,cut,798,669,no
rKaHyPar,sat14_6s10.cnf.dual.hgr,no,no,0,64,0.03,0.0258065,6.27408,cut,5877,1955,no
rKaHyPar,sat14_6s10.cnf.dual.hgr,no,no,2,64,0.03,0.0283871,6.29637,cut,6116,1997,no
rKaHyPar,sat14_6s10.cnf.dual.hgr,no,no,3,64,0.03,0.0290323,6.53988,cut,6135,2034,no
rKaHyPar,sat14_6s10.cnf.dual.hgr,no,no,4,64,0.03,0.0290323,9.16484,cut,5882,2021,no
rKaHyPar,sat14_6s10.cnf.dual.hgr,no,no,5,64,0.03,0.0277419,9.06773,cut,5838,2015,no
rKaHyPar,sat14_6s10.cnf.dual.hgr,no,no,6,64,0.03,0.0296774,6.39609,cut,6092,2000,no
rKaHyPar,sat14_6s10.cnf.dual.hgr,no,no,8,64,0.03,0.0290323,9.24368,cut,5943,1996,no
rKaHyPar,sat14_6s10.cnf.dual.hgr,no,no,9,64,0.03,0.0290323,6.35855,cut,6032,2006,no
rKaHyPar,sat14_6s10.cnf.dual.hgr,no,no,0,8,0.03,0.0137925,5.09873,cut,1595,1002,no
rKaHyPar,sat14_6s10.cnf.dual.hgr,no,no,1,8,0.03,0.0290369,5.20448,cut,1647,997,no
rKaHyPar,sat14_6s10.cnf.dual.hgr,no,no,2,8,0.03,0.0296015,5.19026,cut,1549,983,no
rKaHyPar,sat14_6s10.cnf.dual.hgr,no,no,3,8,0.03,0.0279077,5.27822,cut,1593,1014,no
rKaHyPar,sat14_6s10.cnf.dual.hgr,no,no,5,8,0.03,0.0213744,3.64768,cut,1607,1016,no
rKaHyPar,sat14_6s10.cnf.dual.hgr,no,no,6,8,0.03,0.0123407,3.55778,cut,1631,1010,no
rKaHyPar,sat14_6s10.cnf.dual.hgr,no,no,7,8,0.03,0.0291176,3.67128,cut,1586,997,no
rKaHyPar,sat14_6s10.cnf.dual.hgr,no,no,8,8,0.03,0.0230682,5.5209,cut,1617,1032,no
rKaHyPar,sat14_6s10.cnf.dual.hgr,no,no,9,8,0.03,0.018632,5.28339,cut,1647,1014,no
rKaHyPar,sat14_6s10.cnf.hgr,no,no,0,128,0.03,0.0283019,21.5069,cut,26968,22368,no
rKaHyPar,sat14_6s10.cnf.hgr,no,no,1,128,0.03,0.0283019,15.6573,cut,27008,22452,no
rKaHyPar,sat14_6s10.cnf.hgr,no,no,2,128,0.03,0.0283019,15.8034,cut,27247,22477,no
rKaHyPar,sat14_6s10.cnf.hgr,no,no,3,128,0.03,0.0283019,15.9107,cut,26909,22279,no
rKaHyPar,sat14_6s10.cnf.hgr,no,no,4,128,0.03,0.0283019,21.8377,cut,27174,22484,no
rKaHyPar,sat14_6s10.cnf.hgr,no,no,5,128,0.03,0.0283019,15.953,cut,27478,22732,no
rKaHyPar,sat14_6s10.cnf.hgr,no,no,6,128,0.03,0.0283019,16.0323,cut,27090,22516,no
rKaHyPar,sat14_6s10.cnf.hgr,no,no,7,128,0.03,0.0283019,15.8792,cut,27443,22675,no
rKaHyPar,sat14_6s10.cnf.hgr,no,no,8,128,0.03,0.0283019,22.3486,cut,27247,22412,no
rKaHyPar,sat14_6s10.cnf.hgr,no,no,9,128,0.03,0.0283019,21.7468,cut,26857,22308,no
rKaHyPar,sat14_6s10.cnf.hgr,no,no,0,16,0.03,0.029495,12.881,cut,11254,9951,no
rKaHyPar,sat14_6s10.cnf.hgr,no,no,1,16,0.03,0.029967,13.5277,cut,11673,10338,no
rKaHyPar,sat14_6s10.cnf.hgr,no,no,2,16,0.03,0.029731,9.94441,cut,11307,10013,no
rKaHyPar,sat14_6s10.cnf.hgr,no,no,3,16,0.03,0.029967,13.4075,cut,11085,9843,no
rKaHyPar,sat14_6s10.cnf.hgr,no,no,4,16,0.03,0.029967,12.8201,cut,10995,9781,no
rKaHyPar,sat14_6s10.cnf.hgr,no,no,5,16,0.03,0.029967,9.8292,cut,11555,10249,no
rKaHyPar,sat14_6s10.cnf.hgr,no,no,6,16,0.03,0.029967,11.4217,cut,11082,10035,no
rKaHyPar,sat14_6s10.cnf.hgr,no,no,7,16,0.03,0.029967,9.80818,cut,11189,9852,no
rKaHyPar,sat14_6s10.cnf.hgr,no,no,8,16,0.03,0.029967,10.9333,cut,10772,9842,no
rKaHyPar,sat14_6s10.cnf.hgr,no,no,9,16,0.03,0.029967,9.32507,cut,10861,9788,no
rKaHyPar,sat14_6s10.cnf.hgr,no,no,0,2,0.03,0.0264897,6.3691,cut,2249,2249,no
rKaHyPar,sat14_6s10.cnf.hgr,no,no,1,2,0.03,2.94985e-05,7.04174,cut,2403,2403,no
rKaHyPar,sat14_6s10.cnf.hgr,no,no,2,2,0.03,0.00855457,6.61965,cut,2365,2365,no
rKaHyPar,sat14_6s10.cnf.hgr,no,no,3,2,0.03,0.010177,5.40664,cut,2452,2452,no
rKaHyPar,sat14_6s10.cnf.hgr,no,no,4,2,0.03,2.94985e-05,9.05279,cut,2405,2405,no
rKaHyPar,sat14_6s10.cnf.hgr,no,no,5,2,0.03,0.03,8.09311,cut,2312,2312,no
rKaHyPar,sat14_6s10.cnf.hgr,no,no,6,2,0.03,0.00752212,5.35659,cut,2445,2445,no
rKaHyPar,sat14_6s10.cnf.hgr,no,no,7,2,0.03,0.0079056,4.70915,cut,2388,2388,no
rKaHyPar,sat14_6s10.cnf.hgr,no,no,8,2,0.03,0.0147493,5.41226,cut,2432,2432,no
rKaHyPar,sat14_6s10.cnf.hgr,no,no,9,2,0.03,5.89971e-05,7.29945,cut,2409,2409,no
rKaHyPar,sat14_6s10.cnf.hgr,no,no,0,32,0.03,0.029731,15.006,cut,15103,13366,no
rKaHyPar,sat14_6s10.cnf.hgr,no,no,1,32,0.03,0.0287872,15.4523,cut,15268,13309,no
rKaHyPar,sat14_6s10.cnf.hgr,no,no,3,32,0.03,0.029731,15.3331,cut,14896,13202,no
rKaHyPar,sat14_6s10.cnf.hgr,no,no,4,32,0.03,0.029731,11.2358,cut,15608,13537,no
rKaHyPar,sat14_6s10.cnf.hgr,no,no,5,32,0.03,0.029731,14.774,cut,15255,13370,no
rKaHyPar,sat14_6s10.cnf.hgr,no,no,6,32,0.03,0.029731,15.8103,cut,15093,13526,no
rKaHyPar,sat14_6s10.cnf.hgr,no,no,7,32,0.03,0.029731,11.8115,cut,15419,13519,no
rKaHyPar,sat14_6s10.cnf.hgr,no,no,8,32,0.03,0.029731,15.7321,cut,14489,13213,no
rKaHyPar,sat14_6s10.cnf.hgr,no,no,9,32,0.03,0.029731,10.6165,cut,14653,13139,no
rKaHyPar,sat14_6s10.cnf.hgr,no,no,0,4,0.03,0.0241298,6.85154,cut,4797,4377,no
rKaHyPar,sat14_6s10.cnf.hgr,no,no,1,4,0.03,0.0299705,5.73953,cut,5148,4549,no
rKaHyPar,sat14_6s10.cnf.hgr,no,no,2,4,0.03,0.0231858,6.39541,cut,4681,4548,no
rKaHyPar,sat14_6s10.cnf.hgr,no,no,3,4,0.03,0.0224189,8.99257,cut,5163,4654,no
rKaHyPar,sat14_6s10.cnf.hgr,no,no,4,4,0.03,0.0212389,5.2902,cut,4738,4632,no
rKaHyPar,sat14_6s10.cnf.hgr,no,no,6,4,0.03,0.0258997,10.6277,cut,4765,4396,no
rKaHyPar,sat14_6s10.cnf.hgr,no,no,7,4,0.03,0.0293215,8.98854,cut,5258,4695,no
rKaHyPar,sat14_6s10.cnf.hgr,no,no,8,4,0.03,0.0148673,5.10241,cut,4274,4093,no
rKaHyPar,sat14_6s10.cnf.hgr,no,no,9,4,0.03,0.0110324,8.48604,cut,4904,4649,no
rKaHyPar,sat14_6s10.cnf.hgr,no,no,0,64,0.03,0.0292453,14.1213,cut,20189,17558,no
rKaHyPar,sat14_6s10.cnf.hgr,no,no,2,64,0.03,0.0292453,13.2991,cut,20667,17902,no
rKaHyPar,sat14_6s10.cnf.hgr,no,no,3,64,0.03,0.0292453,13.0911,cut,20853,17853,no
rKaHyPar,sat14_6s10.cnf.hgr,no,no,4,64,0.03,0.0292453,18.3172,cut,20532,17673,no
rKaHyPar,sat14_6s10.cnf.hgr,no,no,5,64,0.03,0.0292453,18.1032,cut,20736,17906,no
rKaHyPar,sat14_6s10.cnf.hgr,no,no,6,64,0.03,0.0292453,13.2262,cut,20299,17647,no
rKaHyPar,sat14_6s10.cnf.hgr,no,no,8,64,0.03,0.0292453,19.0068,cut,20376,17649,no
rKaHyPar,sat14_6s10.cnf.hgr,no,no,9,64,0.03,0.0292453,12.9314,cut,20575,17843,no
rKaHyPar,sat14_6s10.cnf.hgr,no,no,0,8,0.03,0.0292625,9.59374,cut,7653,6831,no
rKaHyPar,sat14_6s10.cnf.hgr,no,no,1,8,0.03,0.0215929,11.8603,cut,7603,6886,no
rKaHyPar,sat14_6s10.cnf.hgr,no,no,2,8,0.03,0.0264307,9.0965,cut,7575,6852,no
rKaHyPar,sat14_6s10.cnf.hgr,no,no,3,8,0.03,0.0299705,9.23535,cut,7036,6497,no
rKaHyPar,sat14_6s10.cnf.hgr,no,no,5,8,0.03,0.0299705,10.0427,cut,7580,6858,no
rKaHyPar,sat14_6s10.cnf.hgr,no,no,6,8,0.03,0.0273746,6.85939,cut,7598,6892,no
rKaHyPar,sat14_6s10.cnf.hgr,no,no,7,8,0.03,0.0299705,6.90466,cut,7432,6666,no
rKaHyPar,sat14_6s10.cnf.hgr,no,no,8,8,0.03,0.0250147,11.8979,cut,7613,6905,no
rKaHyPar,sat14_6s10.cnf.hgr,no,no,9,8,0.03,0.0297345,10.3702,cut,8207,6959,no
rKaHyPar,sat14_6s10.cnf.primal.hgr,no,no,0,128,0.03,0.0264151,10.7769,cut,26085,23840,no
rKaHyPar,sat14_6s10.cnf.primal.hgr,no,no,1,128,0.03,0.0264151,11.1581,cut,25649,23588,no
rKaHyPar,sat14_6s10.cnf.primal.hgr,no,no,2,128,0.03,0.0264151,10.7793,cut,25435,23351,no
rKaHyPar,sat14_6s10.cnf.primal.hgr,no,no,3,128,0.03,0.0264151,10.9553,cut,25604,23359,no
rKaHyPar,sat14_6s10.cnf.primal.hgr,no,no,4,128,0.03,0.0264151,14.5565,cut,25842,23696,no
rKaHyPar,sat14_6s10.cnf.primal.hgr,no,no,5,128,0.03,0.0264151,10.8723,cut,26064,23957,no
rKaHyPar,sat14_6s10.cnf.primal.hgr,no,no,6,128,0.03,0.0264151,15.5542,cut,25701,23593,no
rKaHyPar,sat14_6s10.cnf.primal.hgr,no,no,7,128,0.03,0.0264151,10.9575,cut,25630,23362,no
rKaHyPar,sat14_6s10.cnf.primal.hgr,no,no,8,128,0.03,0.0264151,14.8878,cut,25933,23688,no
rKaHyPar,sat14_6s10.cnf.primal.hgr,no,no,9,128,0.03,0.0264151,10.524,cut,25943,23849,no
rKaHyPar,sat14_6s10.cnf.primal.hgr,no,no,0,16,0.03,0.029731,7.45894,cut,10265,9754,no
rKaHyPar,sat14_6s10.cnf.primal.hgr,no,no,1,16,0.03,0.029731,6.9849,cut,10255,9730,no
rKaHyPar,sat14_6s10.cnf.primal.hgr,no,no,2,16,0.03,0.029731,5.17866,cut,10481,9750,no
rKaHyPar,sat14_6s10.cnf.primal.hgr,no,no,3,16,0.03,0.029731,8.05311,cut,10378,9909,no
rKaHyPar,sat14_6s10.cnf.primal.hgr,no,no,4,16,0.03,0.029731,7.19515,cut,10409,9897,no
rKaHyPar,sat14_6s10.cnf.primal.hgr,no,no,5,16,0.03,0.0287872,5.78325,cut,10443,9942,no
rKaHyPar,sat14_6s10.cnf.primal.hgr,no,no,6,16,0.03,0.029731,6.69194,cut,10638,9996,no
rKaHyPar,sat14_6s10.cnf.primal.hgr,no,no,7,16,0.03,0.029731,5.65863,cut,11016,10523,no
rKaHyPar,sat14_6s10.cnf.primal.hgr,no,no,8,16,0.03,0.029731,5.44935,cut,10588,10020,no
rKaHyPar,sat14_6s10.cnf.primal.hgr,no,no,9,16,0.03,0.029731,5.2022,cut,10450,9808,no
rKaHyPar,sat14_6s10.cnf.primal.hgr,no,no,0,2,0.03,0.0299705,4.45237,cut,2311,2311,no
rKaHyPar,sat14_6s10.cnf.primal.hgr,no,no,1,2,0.03,0.0182891,1.78896,cut,2402,2402,no
rKaHyPar,sat14_6s10.cnf.primal.hgr,no,no,2,2,0.03,0.0299705,4.5846,cut,2510,2510,no
rKaHyPar,sat14_6s10.cnf.primal.hgr,no,no,3,2,0.03,0.0299705,3.07237,cut,2514,2514,no
rKaHyPar,sat14_6s10.cnf.primal.hgr,no,no,4,2,0.03,0.0215929,3.59654,cut,2419,2419,no
rKaHyPar,sat14_6s10.cnf.primal.hgr,no,no,5,2,0.03,0.0299705,2.67101,cut,2443,2443,no
rKaHyPar,sat14_6s10.cnf.primal.hgr,no,no,6,2,0.03,0.0299705,4.48577,cut,2333,2333,no
rKaHyPar,sat14_6s10.cnf.primal.hgr,no,no,7,2,0.03,0.0299705,4.58326,cut,2555,2555,no
rKaHyPar,sat14_6s10.cnf.primal.hgr,no,no,8,2,0.03,0.0299705,4.00629,cut,2422,2422,no
rKaHyPar,sat14_6s10.cnf.primal.hgr,no,no,9,2,0.03,0.0299705,3.71808,cut,2556,2556,no
rKaHyPar,sat14_6s10.cnf.primal.hgr,no,no,0,32,0.03,0.0292453,8.59123,cut,14426,13557,no
rKaHyPar,sat14_6s10.cnf.primal.hgr,no,no,1,32,0.03,0.0292453,9.47034,cut,14589,13768,no
rKaHyPar,sat14_6s10.cnf.primal.hgr,no,no,2,32,0.03,0.0292453,9.04177,cut,14784,13882,no
rKaHyPar,sat14_6s10.cnf.primal.hgr,no,no,3,32,0.03,0.0292453,8.62986,cut,14461,13590,no
rKaHyPar,sat14_6s10.cnf.primal.hgr,no,no,4,32,0.03,0.0292453,6.42854,cut,14532,13673,no
rKaHyPar,sat14_6s10.cnf.primal.hgr,no,no,5,32,0.03,0.0292453,8.15844,cut,14424,13503,no
rKaHyPar,sat14_6s10.cnf.primal.hgr,no,no,6,32,0.03,0.0292453,8.53251,cut,14393,13443,no
rKaHyPar,sat14_6s10.cnf.primal.hgr,no,no,7,32,0.03,0.0292453,6.16468,cut,14535,13685,no
rKaHyPar,sat14_6s10.cnf.primal.hgr,no,no,8,32,0.03,0.0292453,5.95981,cut,14451,13540,no
rKaHyPar,sat14_6s10.cnf.primal.hgr,no,no,9,32,0.03,0.0292453,6.4381,cut,14259,13510,no
rKaHyPar,sat14_6s10.cnf.primal.hgr,no,no,0,4,0.03,0.0248968,3.98591,cut,4596,4542,no
rKaHyPar,sat14_6s10.cnf.primal.hgr,no,no,1,4,0.03,0.0299705,8.62992,cut,4734,4620,no
rKaHyPar,sat14_6s10.cnf.primal.hgr,no,no,2,4,0.03,0.0188791,4.25324,cut,4470,4287,no
rKaHyPar,sat14_6s10.cnf.primal.hgr,no,no,3,4,0.03,0.0298525,4.19022,cut,4240,4170,no
rKaHyPar,sat14_6s10.cnf.primal.hgr,no,no,4,4,0.03,0.0245428,2.74821,cut,4594,4541,no
rKaHyPar,sat14_6s10.cnf.primal.hgr,no,no,5,4,0.03,0.0299705,4.88626,cut,4552,4529,no
rKaHyPar,sat14_6s10.cnf.primal.hgr,no,no,6,4,0.03,0.0297345,4.8352,cut,4367,4309,no
rKaHyPar,sat14_6s10.cnf.primal.hgr,no,no,7,4,0.03,0.0279646,2.67452,cut,4358,4295,no
rKaHyPar,sat14_6s10.cnf.primal.hgr,no,no,8,4,0.03,0.0148673,5.25189,cut,4646,4505,no
rKaHyPar,sat14_6s10.cnf.primal.hgr,no,no,9,4,0.03,0.0297345,5.458,cut,4353,4289,no
rKaHyPar,sat14_6s10.cnf.primal.hgr,no,no,0,64,0.03,0.0283019,8.20597,cut,19617,18262,no
rKaHyPar,sat14_6s10.cnf.primal.hgr,no,no,1,64,0.03,0.0283019,11.3191,cut,19388,18141,no
rKaHyPar,sat14_6s10.cnf.primal.hgr,no,no,2,64,0.03,0.0283019,8.23672,cut,19547,18266,no
rKaHyPar,sat14_6s10.cnf.primal.hgr,no,no,3,64,0.03,0.0283019,8.32348,cut,19602,18329,no
rKaHyPar,sat14_6s10.cnf.primal.hgr,no,no,4,64,0.03,0.0283019,7.80558,cut,19541,18129,no
rKaHyPar,sat14_6s10.cnf.primal.hgr,no,no,5,64,0.03,0.0283019,11.2815,cut,19757,18455,no
rKaHyPar,sat14_6s10.cnf.primal.hgr,no,no,6,64,0.03,0.0283019,8.22785,cut,19321,18108,no
rKaHyPar,sat14_6s10.cnf.primal.hgr,no,no,7,64,0.03,0.0283019,7.94769,cut,19678,18432,no
rKaHyPar,sat14_6s10.cnf.primal.hgr,no,no,8,64,0.03,0.0283019,11.0709,cut,19375,18141,no
rKaHyPar,sat14_6s10.cnf.primal.hgr,no,no,9,64,0.03,0.0283019,8.21391,cut,19616,18374,no
rKaHyPar,sat14_6s10.cnf.primal.hgr,no,no,0,8,0.03,0.029967,5.25955,cut,7276,6913,no
rKaHyPar,sat14_6s10.cnf.primal.hgr,no,no,1,8,0.03,0.0268995,3.96005,cut,7163,6848,no
rKaHyPar,sat14_6s10.cnf.primal.hgr,no,no,2,8,0.03,0.029967,7.34018,cut,7317,6914,no
rKaHyPar,sat14_6s10.cnf.primal.hgr,no,no,3,8,0.03,0.029967,4.97899,cut,7297,6912,no
rKaHyPar,sat14_6s10.cnf.primal.hgr,no,no,4,8,0.03,0.029967,5.27154,cut,7121,6810,no
rKaHyPar,sat14_6s10.cnf.primal.hgr,no,no,5,8,0.03,0.0221803,5.0266,cut,7039,6696,no
rKaHyPar,sat14_6s10.cnf.primal.hgr,no,no,6,8,0.03,0.0283152,4.08276,cut,7327,6938,no
rKaHyPar,sat14_6s10.cnf.primal.hgr,no,no,7,8,0.03,0.029495,4.75885,cut,7246,6834,no
rKaHyPar,sat14_6s10.cnf.primal.hgr,no,no,8,8,0.03,0.029967,7.13854,cut,7520,7078,no
rKaHyPar,sat14_6s10.cnf.primal.hgr,no,no,9,8,0.03,0.029967,6.40343,cut,7057,6708,no
rKaHyPar,sat14_6s11-opt.cnf.dual.hgr,no,no,0,128,0.03,0.0289093,8.32907,cut,8455,2641,no
rKaHyPar,sat14_6s11-opt.cnf.dual.hgr,no,no,1,128,0.03,0.0289093,8.26441,cut,8302,2626,no
rKaHyPar,sat14_6s11-opt.cnf.dual.hgr,no,no,2,128,0.03,0.0289093,8.22014,cut,8555,2554,no
rKaHyPar,sat14_6s11-opt.cnf.dual.hgr,no,no,3,128,0.03,0.0289093,8.26971,cut,8424,2629,no
rKaHyPar,sat14_6s11-opt.cnf.dual.hgr,no,no,4,128,0.03,0.0289093,11.5721,cut,8716,2651,no
rKaHyPar,sat14_6s11-opt.cnf.dual.hgr,no,no,5,128,0.03,0.0289093,8.33767,cut,8519,2643,no
rKaHyPar,sat14_6s11-opt.cnf.dual.hgr,no,no,6,128,0.03,0.0262812,11.6734,cut,9004,2609,no
rKaHyPar,sat14_6s11-opt.cnf.dual.hgr,no,no,7,128,0.03,0.0249671,8.26103,cut,8514,2571,no
rKaHyPar,sat14_6s11-opt.cnf.dual.hgr,no,no,8,128,0.03,0.0289093,11.5676,cut,8730,2594,no
rKaHyPar,sat14_6s11-opt.cnf.dual.hgr,no,no,9,128,0.03,0.0262812,8.29724,cut,8602,2584,no
rKaHyPar,sat14_6s11-opt.cnf.dual.hgr,no,no,0,16,0.03,0.0274581,6.11778,cut,2789,1410,no
rKaHyPar,sat14_6s11-opt.cnf.dual.hgr,no,no,1,16,0.03,0.0295955,5.99612,cut,2862,1401,no
rKaHyPar,sat14_6s11-opt.cnf.dual.hgr,no,no,2,16,0.03,0.0233476,4.13993,cut,2872,1403,no
rKaHyPar,sat14_6s11-opt.cnf.dual.hgr,no,no,3,16,0.03,0.0287734,6.04349,cut,2890,1396,no
rKaHyPar,sat14_6s11-opt.cnf.dual.hgr,no,no,4,16,0.03,0.0261427,5.98635,cut,2980,1439,no
rKaHyPar,sat14_6s11-opt.cnf.dual.hgr,no,no,5,16,0.03,0.028609,4.2131,cut,2933,1414,no
rKaHyPar,sat14_6s11-opt.cnf.dual.hgr,no,no,6,16,0.03,0.0143045,6.08781,cut,2827,1455,no
rKaHyPar,sat14_6s11-opt.cnf.dual.hgr,no,no,7,16,0.03,0.025485,4.34122,cut,2912,1422,no
rKaHyPar,sat14_6s11-opt.cnf.dual.hgr,no,no,8,16,0.03,0.0123315,4.11695,cut,2900,1437,no
rKaHyPar,sat14_6s11-opt.cnf.dual.hgr,no,no,9,16,0.03,0.0292667,4.16553,cut,2919,1425,no
rKaHyPar,sat14_6s11-opt.cnf.dual.hgr,no,no,0,2,0.03,0.0180451,2.06345,cut,357,357,no
rKaHyPar,sat14_6s11-opt.cnf.dual.hgr,no,no,1,2,0.03,0,2.02169,cut,354,354,no
rKaHyPar,sat14_6s11-opt.cnf.dual.hgr,no,no,2,2,0.03,0,3.1114,cut,352,352,no
rKaHyPar,sat14_6s11-opt.cnf.dual.hgr,no,no,3,2,0.03,0,2.01868,cut,351,351,no
rKaHyPar,sat14_6s11-opt.cnf.dual.hgr,no,no,4,2,0.03,0.0102351,2.10721,cut,354,354,no
rKaHyPar,sat14_6s11-opt.cnf.dual.hgr,no,no,5,2,0.03,0,2.01984,cut,353,353,no
rKaHyPar,sat14_6s11-opt.cnf.dual.hgr,no,no,6,2,0.03,0.0298833,1.96037,cut,388,388,no
rKaHyPar,sat14_6s11-opt.cnf.dual.hgr,no,no,7,2,0.03,0.0102351,3.07537,cut,354,354,no
rKaHyPar,sat14_6s11-opt.cnf.dual.hgr,no,no,8,2,0.03,0.00408994,2.05653,cut,382,382,no
rKaHyPar,sat14_6s11-opt.cnf.dual.hgr,no,no,9,2,0.03,0,2.09237,cut,352,352,no
rKaHyPar,sat14_6s11-opt.cnf.dual.hgr,no,no,0,32,0.03,0.0282802,7.25179,cut,4496,1746,no
rKaHyPar,sat14_6s11-opt.cnf.dual.hgr,no,no,1,32,0.03,0.0299244,7.17873,cut,4534,1740,no
rKaHyPar,sat14_6s11-opt.cnf.dual.hgr,no,no,2,32,0.03,0.0230187,7.34246,cut,4693,1753,no
rKaHyPar,sat14_6s11-opt.cnf.dual.hgr,no,no,3,32,0.03,0.0259783,7.19477,cut,4404,1754,no
rKaHyPar,sat14_6s11-opt.cnf.dual.hgr,no,no,4,32,0.03,0.0299244,4.9417,cut,4691,1787,no
rKaHyPar,sat14_6s11-opt.cnf.dual.hgr,no,no,5,32,0.03,0.0299244,7.29567,cut,4542,1776,no
rKaHyPar,sat14_6s11-opt.cnf.dual.hgr,no,no,6,32,0.03,0.0282802,7.29564,cut,4243,1732,no
rKaHyPar,sat14_6s11-opt.cnf.dual.hgr,no,no,7,32,0.03,0.028609,5.09951,cut,4477,1755,no
rKaHyPar,sat14_6s11-opt.cnf.dual.hgr,no,no,8,32,0.03,0.0272937,5.00675,cut,4253,1737,no
rKaHyPar,sat14_6s11-opt.cnf.dual.hgr,no,no,9,32,0.03,0.0230187,5.12104,cut,4638,1756,no
rKaHyPar,sat14_6s11-opt.cnf.dual.hgr,no,no,0,4,0.03,0.0274992,4.52612,cut,850,680,no
rKaHyPar,sat14_6s11-opt.cnf.dual.hgr,no,no,1,4,0.03,0.0269237,2.85752,cut,804,653,no
rKaHyPar,sat14_6s11-opt.cnf.dual.hgr,no,no,2,4,0.03,0.0237175,3.10499,cut,821,683,no
rKaHyPar,sat14_6s11-opt.cnf.dual.hgr,no,no,3,4,0.03,0.0282802,4.61853,cut,804,689,no
rKaHyPar,sat14_6s11-opt.cnf.dual.hgr,no,no,4,4,0.03,0.0195659,2.91123,cut,822,683,no
rKaHyPar,sat14_6s11-opt.cnf.dual.hgr,no,no,5,4,0.03,0.0218678,2.86492,cut,825,679,no
rKaHyPar,sat14_6s11-opt.cnf.dual.hgr,no,no,6,4,0.03,0.0244163,4.47846,cut,813,685,no
rKaHyPar,sat14_6s11-opt.cnf.dual.hgr,no,no,7,4,0.03,0.0248274,2.87112,cut,815,679,no
rKaHyPar,sat14_6s11-opt.cnf.dual.hgr,no,no,8,4,0.03,0.0284446,3.99234,cut,841,713,no
rKaHyPar,sat14_6s11-opt.cnf.dual.hgr,no,no,9,4,0.03,0.0202647,2.90733,cut,818,671,no
rKaHyPar,sat14_6s11-opt.cnf.dual.hgr,no,no,0,64,0.03,0.0262985,6.15596,cut,6557,2145,no
rKaHyPar,sat14_6s11-opt.cnf.dual.hgr,no,no,1,64,0.03,0.0289283,8.91459,cut,6312,2109,no
rKaHyPar,sat14_6s11-opt.cnf.dual.hgr,no,no,2,64,0.03,0.0289283,6.26494,cut,6260,2082,no
rKaHyPar,sat14_6s11-opt.cnf.dual.hgr,no,no,3,64,0.03,0.0282709,6.21554,cut,6354,2069,no
rKaHyPar,sat14_6s11-opt.cnf.dual.hgr,no,no,4,64,0.03,0.0289283,6.36708,cut,6463,2139,no
rKaHyPar,sat14_6s11-opt.cnf.dual.hgr,no,no,5,64,0.03,0.0276134,9.18036,cut,6171,2166,no
rKaHyPar,sat14_6s11-opt.cnf.dual.hgr,no,no,6,64,0.03,0.0295858,6.23447,cut,6185,2054,no
rKaHyPar,sat14_6s11-opt.cnf.dual.hgr,no,no,7,64,0.03,0.025641,6.36282,cut,6420,2131,no
rKaHyPar,sat14_6s11-opt.cnf.dual.hgr,no,no,8,64,0.03,0.0295858,9.09456,cut,6350,2065,no
rKaHyPar,sat14_6s11-opt.cnf.dual.hgr,no,no,9,64,0.03,0.0289283,6.40374,cut,6209,2141,no
rKaHyPar,sat14_6s11-opt.cnf.dual.hgr,no,no,0,8,0.03,0.0295955,5.41228,cut,1801,1105,no
rKaHyPar,sat14_6s11-opt.cnf.dual.hgr,no,no,1,8,0.03,0.0239231,3.57576,cut,1641,1058,no
rKaHyPar,sat14_6s11-opt.cnf.dual.hgr,no,no,2,8,0.03,0.0298422,5.12736,cut,1718,1101,no
rKaHyPar,sat14_6s11-opt.cnf.dual.hgr,no,no,3,8,0.03,0.00994739,5.13587,cut,1629,1044,no
rKaHyPar,sat14_6s11-opt.cnf.dual.hgr,no,no,4,8,0.03,0.018415,5.25865,cut,1714,1068,no
rKaHyPar,sat14_6s11-opt.cnf.dual.hgr,no,no,5,8,0.03,0.00748109,5.16093,cut,1787,1122,no
rKaHyPar,sat14_6s11-opt.cnf.dual.hgr,no,no,6,8,0.03,0.0196481,3.59134,cut,1745,1138,no
rKaHyPar,sat14_6s11-opt.cnf.dual.hgr,no,no,7,8,0.03,0.0297599,5.41908,cut,1710,1059,no
rKaHyPar,sat14_6s11-opt.cnf.dual.hgr,no,no,8,8,0.03,0.0283624,5.11593,cut,1886,1118,no
rKaHyPar,sat14_6s11-opt.cnf.dual.hgr,no,no,9,8,0.03,0.0254028,5.42616,cut,1711,1057,no
rKaHyPar,sat14_6s11-opt.cnf.hgr,no,no,0,128,0.03,0.0288462,15.8922,cut,26747,22486,no
rKaHyPar,sat14_6s11-opt.cnf.hgr,no,no,1,128,0.03,0.0288462,15.6359,cut,26836,22335,no
rKaHyPar,sat14_6s11-opt.cnf.hgr,no,no,2,128,0.03,0.0288462,15.602,cut,26439,22167,no
rKaHyPar,sat14_6s11-opt.cnf.hgr,no,no,3,128,0.03,0.0288462,16.1124,cut,27015,22371,no
rKaHyPar,sat14_6s11-opt.cnf.hgr,no,no,4,128,0.03,0.0288462,21.6895,cut,26654,22336,no
rKaHyPar,sat14_6s11-opt.cnf.hgr,no,no,5,128,0.03,0.0288462,21.9838,cut,26608,22274,no
rKaHyPar,sat14_6s11-opt.cnf.hgr,no,no,6,128,0.03,0.0288462,21.7067,cut,26579,22180,no
rKaHyPar,sat14_6s11-opt.cnf.hgr,no,no,7,128,0.03,0.0288462,15.7609,cut,26701,22349,no
rKaHyPar,sat14_6s11-opt.cnf.hgr,no,no,8,128,0.03,0.0288462,21.8849,cut,26646,22333,no
rKaHyPar,sat14_6s11-opt.cnf.hgr,no,no,9,128,0.03,0.0288462,15.9286,cut,27102,22498,no
rKaHyPar,sat14_6s11-opt.cnf.hgr,no,no,0,16,0.03,0.0298077,12.3676,cut,10728,9713,no
rKaHyPar,sat14_6s11-opt.cnf.hgr,no,no,1,16,0.03,0.0295673,13.5031,cut,10621,9809,no
rKaHyPar,sat14_6s11-opt.cnf.hgr,no,no,2,16,0.03,0.0298077,9.13098,cut,10824,9761,no
rKaHyPar,sat14_6s11-opt.cnf.hgr,no,no,3,16,0.03,0.0298077,14.9485,cut,11078,9842,no
rKaHyPar,sat14_6s11-opt.cnf.hgr,no,no,4,16,0.03,0.0298077,13.4692,cut,10880,9707,no
rKaHyPar,sat14_6s11-opt.cnf.hgr,no,no,5,16,0.03,0.0298077,9.73674,cut,10961,9924,no
rKaHyPar,sat14_6s11-opt.cnf.hgr,no,no,6,16,0.03,0.0298077,13.1111,cut,10801,9806,no
rKaHyPar,sat14_6s11-opt.cnf.hgr,no,no,7,16,0.03,0.0295673,9.1503,cut,10713,9776,no
rKaHyPar,sat14_6s11-opt.cnf.hgr,no,no,8,16,0.03,0.0298077,9.24258,cut,11001,9781,no
rKaHyPar,sat14_6s11-opt.cnf.hgr,no,no,9,16,0.03,0.0298077,9.3243,cut,10788,9620,no
rKaHyPar,sat14_6s11-opt.cnf.hgr,no,no,0,2,0.03,0.000510879,8.3255,cut,2457,2457,no
rKaHyPar,sat14_6s11-opt.cnf.hgr,no,no,1,2,0.03,0.00910566,3.3149,cut,2463,2463,no
rKaHyPar,sat14_6s11-opt.cnf.hgr,no,no,2,2,0.03,0.0299916,9.07709,cut,2262,2262,no
rKaHyPar,sat14_6s11-opt.cnf.hgr,no,no,3,2,0.03,0.0299916,4.79635,cut,2506,2506,no
rKaHyPar,sat14_6s11-opt.cnf.hgr,no,no,4,2,0.03,0.0299916,5.61328,cut,2482,2482,no
rKaHyPar,sat14_6s11-opt.cnf.hgr,no,no,5,2,0.03,0.0299014,5.48469,cut,2446,2446,no
rKaHyPar,sat14_6s11-opt.cnf.hgr,no,no,6,2,0.03,0,2.86774,cut,2331,2331,no
rKaHyPar,sat14_6s11-opt.cnf.hgr,no,no,7,2,0.03,0.0299315,7.93568,cut,2446,2446,no
rKaHyPar,sat14_6s11-opt.cnf.hgr,no,no,8,2,0.03,0.0127119,8.63861,cut,2373,2373,no
rKaHyPar,sat14_6s11-opt.cnf.hgr,no,no,9,2,0.03,0.0297512,3.49966,cut,2367,2367,no
rKaHyPar,sat14_6s11-opt.cnf.hgr,no,no,0,32,0.03,0.0298077,15.352,cut,14935,13219,no
rKaHyPar,sat14_6s11-opt.cnf.hgr,no,no,1,32,0.03,0.0298077,10.9746,cut,15017,13153,no
rKaHyPar,sat14_6s11-opt.cnf.hgr,no,no,2,32,0.03,0.0298077,15.6409,cut,15093,13157,no
rKaHyPar,sat14_6s11-opt.cnf.hgr,no,no,3,32,0.03,0.0298077,15.5224,cut,15156,13623,no
rKaHyPar,sat14_6s11-opt.cnf.hgr,no,no,4,32,0.03,0.0298077,11.139,cut,15374,13515,no
rKaHyPar,sat14_6s11-opt.cnf.hgr,no,no,5,32,0.03,0.0298077,14.5785,cut,14499,12824,no
rKaHyPar,sat14_6s11-opt.cnf.hgr,no,no,6,32,0.03,0.0293269,15.0979,cut,14913,13184,no
rKaHyPar,sat14_6s11-opt.cnf.hgr,no,no,7,32,0.03,0.0298077,11.3708,cut,15128,13419,no
rKaHyPar,sat14_6s11-opt.cnf.hgr,no,no,8,32,0.03,0.0298077,10.489,cut,14813,13068,no
rKaHyPar,sat14_6s11-opt.cnf.hgr,no,no,9,32,0.03,0.0298077,11.1678,cut,15135,13348,no
rKaHyPar,sat14_6s11-opt.cnf.hgr,no,no,0,4,0.03,0.0268061,9.70135,cut,5211,4592,no
rKaHyPar,sat14_6s11-opt.cnf.hgr,no,no,1,4,0.03,0.0299916,7.54628,cut,5092,4571,no
rKaHyPar,sat14_6s11-opt.cnf.hgr,no,no,2,4,0.03,0.0268061,8.56788,cut,5106,4471,no
rKaHyPar,sat14_6s11-opt.cnf.hgr,no,no,3,4,0.03,0.0149056,7.57493,cut,4568,4359,no
rKaHyPar,sat14_6s11-opt.cnf.hgr,no,no,4,4,0.03,0.0299916,9.35573,cut,5204,4664,no
rKaHyPar,sat14_6s11-opt.cnf.hgr,no,no,5,4,0.03,0.0299916,6.54314,cut,4965,4673,no
rKaHyPar,sat14_6s11-opt.cnf.hgr,no,no,6,4,0.03,0.0198341,6.75669,cut,4536,4314,no
rKaHyPar,sat14_6s11-opt.cnf.hgr,no,no,7,4,0.03,0.0299916,9.35204,cut,5104,4481,no
rKaHyPar,sat14_6s11-opt.cnf.hgr,no,no,8,4,0.03,0.0100974,9.27753,cut,4805,4577,no
rKaHyPar,sat14_6s11-opt.cnf.hgr,no,no,9,4,0.03,0.0147854,8.78948,cut,4765,4560,no
rKaHyPar,sat14_6s11-opt.cnf.hgr,no,no,0,64,0.03,0.0298077,18.3882,cut,20365,17661,no
rKaHyPar,sat14_6s11-opt.cnf.hgr,no,no,1,64,0.03,0.0298077,17.9149,cut,20322,17760,no
rKaHyPar,sat14_6s11-opt.cnf.hgr,no,no,2,64,0.03,0.0298077,12.9414,cut,20524,17688,no
rKaHyPar,sat14_6s11-opt.cnf.hgr,no,no,3,64,0.03,0.0298077,13.3877,cut,20040,17646,no
rKaHyPar,sat14_6s11-opt.cnf.hgr,no,no,4,64,0.03,0.0298077,13.028,cut,20397,17631,no
rKaHyPar,sat14_6s11-opt.cnf.hgr,no,no,5,64,0.03,0.0298077,18.6273,cut,20192,17546,no
rKaHyPar,sat14_6s11-opt.cnf.hgr,no,no,6,64,0.03,0.0298077,12.8394,cut,20396,17723,no
rKaHyPar,sat14_6s11-opt.cnf.hgr,no,no,7,64,0.03,0.0298077,13.0742,cut,20650,17683,no
rKaHyPar,sat14_6s11-opt.cnf.hgr,no,no,8,64,0.03,0.0298077,18.3095,cut,20387,17709,no
rKaHyPar,sat14_6s11-opt.cnf.hgr,no,no,9,64,0.03,0.0298077,13.3033,cut,20582,17929,no
rKaHyPar,sat14_6s11-opt.cnf.hgr,no,no,0,8,0.03,0.0114196,7.65518,cut,6990,6511,no
rKaHyPar,sat14_6s11-opt.cnf.hgr,no,no,1,8,0.03,0.0299315,8.05005,cut,7819,6822,no
rKaHyPar,sat14_6s11-opt.cnf.hgr,no,no,2,8,0.03,0.0298113,10.2868,cut,7901,6868,no
rKaHyPar,sat14_6s11-opt.cnf.hgr,no,no,3,8,0.03,0.0299315,10.3748,cut,7415,6802,no
rKaHyPar,sat14_6s11-opt.cnf.hgr,no,no,4,8,0.03,0.0298113,8.98987,cut,7299,6696,no
rKaHyPar,sat14_6s11-opt.cnf.hgr,no,no,5,8,0.03,0.0169492,6.40758,cut,7595,6781,no
rKaHyPar,sat14_6s11-opt.cnf.hgr,no,no,6,8,0.03,0.0298113,9.25176,cut,7275,6625,no
rKaHyPar,sat14_6s11-opt.cnf.hgr,no,no,7,8,0.03,0.0294507,9.12344,cut,7264,6615,no
rKaHyPar,sat14_6s11-opt.cnf.hgr,no,no,8,8,0.03,0.0298113,10.0447,cut,7562,6913,no
rKaHyPar,sat14_6s11-opt.cnf.hgr,no,no,9,8,0.03,0.024402,11.1077,cut,7499,6689,no
rKaHyPar,sat14_6s11-opt.cnf.primal.hgr,no,no,0,128,0.03,0.0269231,10.535,cut,25514,23337,no
rKaHyPar,sat14_6s11-opt.cnf.primal.hgr,no,no,1,128,0.03,0.0269231,11.1247,cut,25622,23372,no
rKaHyPar,sat14_6s11-opt.cnf.primal.hgr,no,no,2,128,0.03,0.0269231,10.6868,cut,25381,23165,no
rKaHyPar,sat14_6s11-opt.cnf.primal.hgr,no,no,3,128,0.03,0.0269231,10.7607,cut,25735,23347,no
rKaHyPar,sat14_6s11-opt.cnf.primal.hgr,no,no,4,128,0.03,0.0269231,14.8427,cut,25528,23308,no
rKaHyPar,sat14_6s11-opt.cnf.primal.hgr,no,no,5,128,0.03,0.0269231,14.7375,cut,25856,23394,no
rKaHyPar,sat14_6s11-opt.cnf.primal.hgr,no,no,6,128,0.03,0.0269231,15.6084,cut,25751,23460,no
rKaHyPar,sat14_6s11-opt.cnf.primal.hgr,no,no,7,128,0.03,0.0269231,10.8168,cut,25443,23302,no
rKaHyPar,sat14_6s11-opt.cnf.primal.hgr,no,no,8,128,0.03,0.0269231,15.1175,cut,25666,23378,no
rKaHyPar,sat14_6s11-opt.cnf.primal.hgr,no,no,9,128,0.03,0.0269231,10.8863,cut,25543,23351,no
rKaHyPar,sat14_6s11-opt.cnf.primal.hgr,no,no,0,16,0.03,0.0298077,7.70707,cut,10808,10194,no
rKaHyPar,sat14_6s11-opt.cnf.primal.hgr,no,no,1,16,0.03,0.0298077,7.41031,cut,10246,9639,no
rKaHyPar,sat14_6s11-opt.cnf.primal.hgr,no,no,2,16,0.03,0.0298077,5.3284,cut,10582,9947,no
rKaHyPar,sat14_6s11-opt.cnf.primal.hgr,no,no,3,16,0.03,0.0298077,7.91603,cut,10428,9845,no
rKaHyPar,sat14_6s11-opt.cnf.primal.hgr,no,no,4,16,0.03,0.0298077,7.587,cut,10338,9742,no
rKaHyPar,sat14_6s11-opt.cnf.primal.hgr,no,no,5,16,0.03,0.0298077,5.72731,cut,10501,9888,no
rKaHyPar,sat14_6s11-opt.cnf.primal.hgr,no,no,6,16,0.03,0.0293269,8.01873,cut,10508,9984,no
rKaHyPar,sat14_6s11-opt.cnf.primal.hgr,no,no,7,16,0.03,0.0221154,6.1891,cut,10470,9941,no
rKaHyPar,sat14_6s11-opt.cnf.primal.hgr,no,no,8,16,0.03,0.0298077,5.32833,cut,10382,9880,no
rKaHyPar,sat14_6s11-opt.cnf.primal.hgr,no,no,9,16,0.03,0.0298077,5.05306,cut,10275,9766,no
rKaHyPar,sat14_6s11-opt.cnf.primal.hgr,no,no,0,2,0.03,0.0156269,1.62857,cut,2467,2467,no
rKaHyPar,sat14_6s11-opt.cnf.primal.hgr,no,no,1,2,0.03,0.0299916,2.15492,cut,2373,2373,no
rKaHyPar,sat14_6s11-opt.cnf.primal.hgr,no,no,2,2,0.03,0,2.26153,cut,2339,2339,no
rKaHyPar,sat14_6s11-opt.cnf.primal.hgr,no,no,3,2,0.03,0.0295709,2.10218,cut,2391,2391,no
rKaHyPar,sat14_6s11-opt.cnf.primal.hgr,no,no,4,2,0.03,0.0299916,2.47018,cut,2431,2431,no
rKaHyPar,sat14_6s11-opt.cnf.primal.hgr,no,no,5,2,0.03,0.0298714,2.65167,cut,2411,2411,no
rKaHyPar,sat14_6s11-opt.cnf.primal.hgr,no,no,6,2,0.03,0.0291501,1.88757,cut,2396,2396,no
rKaHyPar,sat14_6s11-opt.cnf.primal.hgr,no,no,7,2,0.03,0.0299916,2.50878,cut,2387,2387,no
rKaHyPar,sat14_6s11-opt.cnf.primal.hgr,no,no,8,2,0.03,0.0299916,3.37758,cut,2372,2372,no
rKaHyPar,sat14_6s11-opt.cnf.primal.hgr,no,no,9,2,0.03,0.0299315,1.97307,cut,2431,2431,no
rKaHyPar,sat14_6s11-opt.cnf.primal.hgr,no,no,0,32,0.03,0.0298077,9.16421,cut,14422,13560,no
rKaHyPar,sat14_6s11-opt.cnf.primal.hgr,no,no,1,32,0.03,0.0298077,5.90391,cut,14325,13379,no
rKaHyPar,sat14_6s11-opt.cnf.primal.hgr,no,no,2,32,0.03,0.0298077,8.22285,cut,14376,13408,no
rKaHyPar,sat14_6s11-opt.cnf.primal.hgr,no,no,3,32,0.03,0.0298077,8.34396,cut,14339,13436,no
rKaHyPar,sat14_6s11-opt.cnf.primal.hgr,no,no,4,32,0.03,0.0298077,6.84176,cut,14732,13844,no
rKaHyPar,sat14_6s11-opt.cnf.primal.hgr,no,no,5,32,0.03,0.0298077,8.79423,cut,14417,13550,no
rKaHyPar,sat14_6s11-opt.cnf.primal.hgr,no,no,6,32,0.03,0.0298077,9.09273,cut,14485,13601,no
rKaHyPar,sat14_6s11-opt.cnf.primal.hgr,no,no,7,32,0.03,0.0298077,5.85489,cut,14654,13686,no
rKaHyPar,sat14_6s11-opt.cnf.primal.hgr,no,no,8,32,0.03,0.0298077,6.21103,cut,14279,13469,no
rKaHyPar,sat14_6s11-opt.cnf.primal.hgr,no,no,9,32,0.03,0.0298077,6.80865,cut,14443,13428,no
rKaHyPar,sat14_6s11-opt.cnf.primal.hgr,no,no,0,4,0.03,0.0299315,6.4971,cut,4811,4775,no
rKaHyPar,sat14_6s11-opt.cnf.primal.hgr,no,no,1,4,0.03,0.0236807,2.60928,cut,4443,4330,no
rKaHyPar,sat14_6s11-opt.cnf.primal.hgr,no,no,2,4,0.03,0.0287294,2.49472,cut,4451,4314,no
rKaHyPar,sat14_6s11-opt.cnf.primal.hgr,no,no,3,4,0.03,0.0149056,4.19349,cut,4559,4403,no
rKaHyPar,sat14_6s11-opt.cnf.primal.hgr,no,no,4,4,0.03,0.0266859,4.78782,cut,4464,4429,no
rKaHyPar,sat14_6s11-opt.cnf.primal.hgr,no,no,5,4,0.03,0.0299315,4.73802,cut,4586,4561,no
rKaHyPar,sat14_6s11-opt.cnf.primal.hgr,no,no,6,4,0.03,0.0299315,5.85155,cut,4550,4535,no
rKaHyPar,sat14_6s11-opt.cnf.primal.hgr,no,no,7,4,0.03,0.0293304,5.18023,cut,4407,4385,no
rKaHyPar,sat14_6s11-opt.cnf.primal.hgr,no,no,8,4,0.03,0.0299315,7.38002,cut,4735,4702,no
rKaHyPar,sat14_6s11-opt.cnf.primal.hgr,no,no,9,4,0.03,0.0271667,3.54758,cut,4586,4482,no
rKaHyPar,sat14_6s11-opt.cnf.primal.hgr,no,no,0,64,0.03,0.0288462,10.84,cut,19537,18190,no
rKaHyPar,sat14_6s11-opt.cnf.primal.hgr,no,no,1,64,0.03,0.0288462,10.8326,cut,19456,18077,no
rKaHyPar,sat14_6s11-opt.cnf.primal.hgr,no,no,2,64,0.03,0.0288462,7.79162,cut,19524,18145,no
rKaHyPar,sat14_6s11-opt.cnf.primal.hgr,no,no,3,64,0.03,0.0288462,8.03852,cut,19354,18049,no
rKaHyPar,sat14_6s11-opt.cnf.primal.hgr,no,no,4,64,0.03,0.0288462,7.97912,cut,19407,18022,no
rKaHyPar,sat14_6s11-opt.cnf.primal.hgr,no,no,5,64,0.03,0.0288462,10.9473,cut,19353,18052,no
rKaHyPar,sat14_6s11-opt.cnf.primal.hgr,no,no,6,64,0.03,0.0288462,8.28865,cut,19437,18097,no
rKaHyPar,sat14_6s11-opt.cnf.primal.hgr,no,no,7,64,0.03,0.0288462,7.62197,cut,19290,18116,no
rKaHyPar,sat14_6s11-opt.cnf.primal.hgr,no,no,8,64,0.03,0.0288462,10.9029,cut,19585,17950,no
rKaHyPar,sat14_6s11-opt.cnf.primal.hgr,no,no,9,64,0.03,0.0288462,8.00152,cut,19533,18226,no
rKaHyPar,sat14_6s11-opt.cnf.primal.hgr,no,no,0,8,0.03,0.0298077,3.57725,cut,7221,6906,no
rKaHyPar,sat14_6s11-opt.cnf.primal.hgr,no,no,1,8,0.03,0.0298077,3.62236,cut,7173,6775,no
rKaHyPar,sat14_6s11-opt.cnf.primal.hgr,no,no,2,8,0.03,0.0298077,5.49515,cut,7388,7015,no
rKaHyPar,sat14_6s11-opt.cnf.primal.hgr,no,no,3,8,0.03,0.0298077,5.69999,cut,7425,7086,no
rKaHyPar,sat14_6s11-opt.cnf.primal.hgr,no,no,4,8,0.03,0.0298077,4.93527,cut,7101,6740,no
rKaHyPar,sat14_6s11-opt.cnf.primal.hgr,no,no,5,8,0.03,0.0298077,5.0786,cut,6884,6577,no
rKaHyPar,sat14_6s11-opt.cnf.primal.hgr,no,no,6,8,0.03,0.0295673,7.46214,cut,7485,7119,no
rKaHyPar,sat14_6s11-opt.cnf.primal.hgr,no,no,7,8,0.03,0.0298077,4.65148,cut,7328,6952,no
rKaHyPar,sat14_6s11-opt.cnf.primal.hgr,no,no,8,8,0.03,0.0298077,9.24711,cut,7483,7134,no
rKaHyPar,sat14_6s11-opt.cnf.primal.hgr,no,no,9,8,0.03,0.0298077,8.38904,cut,7108,6770,no
rKaHyPar,sat14_6s12.cnf.dual.hgr,no,no,0,128,0.03,0.029563,8.35527,cut,8270,2578,no
rKaHyPar,sat14_6s12.cnf.dual.hgr,no,no,1,128,0.03,0.029563,8.28873,cut,8208,2490,no
rKaHyPar,sat14_6s12.cnf.dual.hgr,no,no,2,128,0.03,0.0282776,8.4268,cut,8048,2557,no
rKaHyPar,sat14_6s12.cnf.dual.hgr,no,no,3,128,0.03,0.029563,8.40337,cut,7971,2489,no
rKaHyPar,sat14_6s12.cnf.dual.hgr,no,no,4,128,0.03,0.0282776,12.4035,cut,8162,2480,no
rKaHyPar,sat14_6s12.cnf.dual.hgr,no,no,5,128,0.03,0.029563,11.9201,cut,7958,2480,no
rKaHyPar,sat14_6s12.cnf.dual.hgr,no,no,6,128,0.03,0.029563,11.9641,cut,7961,2467,no
rKaHyPar,sat14_6s12.cnf.dual.hgr,no,no,7,128,0.03,0.029563,8.4372,cut,8118,2555,no
rKaHyPar,sat14_6s12.cnf.dual.hgr,no,no,8,128,0.03,0.029563,11.8994,cut,8085,2511,no
rKaHyPar,sat14_6s12.cnf.dual.hgr,no,no,9,128,0.03,0.0269923,8.40255,cut,8203,2514,no
rKaHyPar,sat14_6s12.cnf.dual.hgr,no,no,0,16,0.03,0.0221722,6.1897,cut,2558,1351,no
rKaHyPar,sat14_6s12.cnf.dual.hgr,no,no,1,16,0.03,0.0218509,4.21514,cut,2552,1341,no
rKaHyPar,sat14_6s12.cnf.dual.hgr,no,no,2,16,0.03,0.027153,4.30323,cut,2669,1368,no
rKaHyPar,sat14_6s12.cnf.dual.hgr,no,no,3,16,0.03,0.0247429,6.36362,cut,2552,1348,no
rKaHyPar,sat14_6s12.cnf.dual.hgr,no,no,4,16,0.03,0.027153,6.23517,cut,2721,1375,no
rKaHyPar,sat14_6s12.cnf.dual.hgr,no,no,5,16,0.03,0.029563,4.30826,cut,2652,1349,no
rKaHyPar,sat14_6s12.cnf.dual.hgr,no,no,6,16,0.03,0.0258676,6.2715,cut,2714,1338,no
rKaHyPar,sat14_6s12.cnf.dual.hgr,no,no,7,16,0.03,0.0298843,6.2443,cut,2577,1324,no
rKaHyPar,sat14_6s12.cnf.dual.hgr,no,no,8,16,0.03,0.028117,4.23355,cut,2603,1336,no
rKaHyPar,sat14_6s12.cnf.dual.hgr,no,no,9,16,0.03,0.027635,4.33766,cut,2675,1352,no
rKaHyPar,sat14_6s12.cnf.dual.hgr,no,no,0,2,0.03,0,2.21359,cut,340,340,no
rKaHyPar,sat14_6s12.cnf.dual.hgr,no,no,1,2,0.03,0,2.25626,cut,340,340,no
rKaHyPar,sat14_6s12.cnf.dual.hgr,no,no,2,2,0.03,0,3.3547,cut,340,340,no
rKaHyPar,sat14_6s12.cnf.dual.hgr,no,no,3,2,0.03,0,2.09597,cut,340,340,no
rKaHyPar,sat14_6s12.cnf.dual.hgr,no,no,4,2,0.03,0,2.14289,cut,340,340,no
rKaHyPar,sat14_6s12.cnf.dual.hgr,no,no,5,2,0.03,0.022133,3.13945,cut,340,340,no
rKaHyPar,sat14_6s12.cnf.dual.hgr,no,no,6,2,0.03,0,2.27967,cut,340,340,no
rKaHyPar,sat14_6s12.cnf.dual.hgr,no,no,7,2,0.03,0,3.2831,cut,340,340,no
rKaHyPar,sat14_6s12.cnf.dual.hgr,no,no,8,2,0.03,0,3.34279,cut,340,340,no
rKaHyPar,sat14_6s12.cnf.dual.hgr,no,no,9,2,0.03,0,2.16313,cut,340,340,no
rKaHyPar,sat14_6s12.cnf.dual.hgr,no,no,0,32,0.03,0.0282776,7.5112,cut,3867,1640,no
rKaHyPar,sat14_6s12.cnf.dual.hgr,no,no,1,32,0.03,0.0279563,5.10703,cut,4170,1634,no
rKaHyPar,sat14_6s12.cnf.dual.hgr,no,no,2,32,0.03,0.0298843,7.43653,cut,4127,1659,no
rKaHyPar,sat14_6s12.cnf.dual.hgr,no,no,3,32,0.03,0.027635,7.4408,cut,4090,1690,no
rKaHyPar,sat14_6s12.cnf.dual.hgr,no,no,4,32,0.03,0.0292416,5.11232,cut,4006,1648,no
rKaHyPar,sat14_6s12.cnf.dual.hgr,no,no,5,32,0.03,0.0289203,7.6432,cut,4023,1614,no
rKaHyPar,sat14_6s12.cnf.dual.hgr,no,no,6,32,0.03,0.0289203,5.17632,cut,3950,1593,no
rKaHyPar,sat14_6s12.cnf.dual.hgr,no,no,7,32,0.03,0.029563,5.12782,cut,4281,1645,no
rKaHyPar,sat14_6s12.cnf.dual.hgr,no,no,8,32,0.03,0.0289203,5.10563,cut,4255,1630,no
rKaHyPar,sat14_6s12.cnf.dual.hgr,no,no,9,32,0.03,0.029563,5.1187,cut,4132,1654,no
rKaHyPar,sat14_6s12.cnf.dual.hgr,no,no,0,4,0.03,0.0296847,4.70386,cut,788,658,no
rKaHyPar,sat14_6s12.cnf.dual.hgr,no,no,1,4,0.03,0.0286001,3.01578,cut,794,652,no
rKaHyPar,sat14_6s12.cnf.dual.hgr,no,no,2,4,0.03,0.0293232,4.58989,cut,800,658,no
rKaHyPar,sat14_6s12.cnf.dual.hgr,no,no,3,4,0.03,0.0290821,4.56605,cut,789,645,no
rKaHyPar,sat14_6s12.cnf.dual.hgr,no,no,4,4,0.03,0.023097,4.43052,cut,784,656,no
rKaHyPar,sat14_6s12.cnf.dual.hgr,no,no,5,4,0.03,0.0298855,3.03379,cut,767,653,no
rKaHyPar,sat14_6s12.cnf.dual.hgr,no,no,6,4,0.03,0.0285198,2.97547,cut,795,664,no
rKaHyPar,sat14_6s12.cnf.dual.hgr,no,no,7,4,0.03,0.0279173,4.60453,cut,819,662,no
rKaHyPar,sat14_6s12.cnf.dual.hgr,no,no,8,4,0.03,0.0287608,4.66986,cut,782,655,no
rKaHyPar,sat14_6s12.cnf.dual.hgr,no,no,9,4,0.03,0.0283591,4.53039,cut,784,667,no
rKaHyPar,sat14_6s12.cnf.dual.hgr,no,no,0,64,0.03,0.0282776,9.23232,cut,5884,2049,no
rKaHyPar,sat14_6s12.cnf.dual.hgr,no,no,1,64,0.03,0.0282776,9.2821,cut,5838,2038,no
rKaHyPar,sat14_6s12.cnf.dual.hgr,no,no,2,64,0.03,0.029563,6.41316,cut,5957,2020,no
rKaHyPar,sat14_6s12.cnf.dual.hgr,no,no,3,64,0.03,0.0257069,6.55208,cut,5812,2014,no
rKaHyPar,sat14_6s12.cnf.dual.hgr,no,no,4,64,0.03,0.0289203,6.49572,cut,5878,2015,no
rKaHyPar,sat14_6s12.cnf.dual.hgr,no,no,5,64,0.03,0.0244216,9.16344,cut,5955,1984,no
rKaHyPar,sat14_6s12.cnf.dual.hgr,no,no,6,64,0.03,0.0257069,6.50796,cut,6174,2032,no
rKaHyPar,sat14_6s12.cnf.dual.hgr,no,no,7,64,0.03,0.027635,6.39292,cut,5984,2029,no
rKaHyPar,sat14_6s12.cnf.dual.hgr,no,no,8,64,0.03,0.0289203,9.27591,cut,5912,2019,no
rKaHyPar,sat14_6s12.cnf.dual.hgr,no,no,9,64,0.03,0.0263496,6.49453,cut,6227,2028,no
rKaHyPar,sat14_6s12.cnf.dual.hgr,no,no,0,8,0.03,0.029804,3.67675,cut,1580,1018,no
rKaHyPar,sat14_6s12.cnf.dual.hgr,no,no,1,8,0.03,0.0259479,3.63851,cut,1576,993,no
rKaHyPar,sat14_6s12.cnf.dual.hgr,no,no,2,8,0.03,0.0282776,5.5373,cut,1613,1002,no
rKaHyPar,sat14_6s12.cnf.dual.hgr,no,no,3,8,0.03,0.028117,5.52255,cut,1629,1034,no
rKaHyPar,sat14_6s12.cnf.dual.hgr,no,no,4,8,0.03,0.0167095,5.28769,cut,1557,1005,no
rKaHyPar,sat14_6s12.cnf.dual.hgr,no,no,5,8,0.03,0.0233772,3.63734,cut,1540,1004,no
rKaHyPar,sat14_6s12.cnf.dual.hgr,no,no,6,8,0.03,0.0241806,5.30807,cut,1633,1051,no
rKaHyPar,sat14_6s12.cnf.dual.hgr,no,no,7,8,0.03,0.0252249,5.36707,cut,1562,999,no
rKaHyPar,sat14_6s12.cnf.dual.hgr,no,no,8,8,0.03,0.029322,5.5058,cut,1550,1009,no
rKaHyPar,sat14_6s12.cnf.dual.hgr,no,no,9,8,0.03,0.029563,5.4159,cut,1579,996,no
rKaHyPar,sat14_6s12.cnf.hgr,no,no,0,128,0.03,0.0281955,15.8771,cut,27614,22599,no
rKaHyPar,sat14_6s12.cnf.hgr,no,no,1,128,0.03,0.0281955,16.1523,cut,27461,22637,no
rKaHyPar,sat14_6s12.cnf.hgr,no,no,2,128,0.03,0.0281955,15.7323,cut,26865,22459,no
rKaHyPar,sat14_6s12.cnf.hgr,no,no,3,128,0.03,0.0281955,15.82,cut,27066,22457,no
rKaHyPar,sat14_6s12.cnf.hgr,no,no,4,128,0.03,0.0281955,22.0459,cut,27489,22601,no
rKaHyPar,sat14_6s12.cnf.hgr,no,no,5,128,0.03,0.0281955,22.265,cut,26926,22399,no
rKaHyPar,sat14_6s12.cnf.hgr,no,no,6,128,0.03,0.0281955,22.016,cut,27240,22511,no
rKaHyPar,sat14_6s12.cnf.hgr,no,no,7,128,0.03,0.0281955,15.9125,cut,27070,22448,no
rKaHyPar,sat14_6s12.cnf.hgr,no,no,8,128,0.03,0.0281955,22.1352,cut,27236,22569,no
rKaHyPar,sat14_6s12.cnf.hgr,no,no,9,128,0.03,0.0281955,15.8717,cut,27130,22420,no
rKaHyPar,sat14_6s12.cnf.hgr,no,no,0,16,0.03,0.0298472,12.9698,cut,11416,10000,no
rKaHyPar,sat14_6s12.cnf.hgr,no,no,1,16,0.03,0.0298472,10.6906,cut,10995,9891,no
rKaHyPar,sat14_6s12.cnf.hgr,no,no,2,16,0.03,0.0298472,10.9665,cut,11162,9793,no
rKaHyPar,sat14_6s12.cnf.hgr,no,no,3,16,0.03,0.0298472,13.3698,cut,11075,9904,no
rKaHyPar,sat14_6s12.cnf.hgr,no,no,4,16,0.03,0.0298472,12.51,cut,10970,9852,no
rKaHyPar,sat14_6s12.cnf.hgr,no,no,5,16,0.03,0.0298472,10.3526,cut,10758,9791,no
rKaHyPar,sat14_6s12.cnf.hgr,no,no,6,16,0.03,0.0298472,13.9126,cut,10756,9730,no
rKaHyPar,sat14_6s12.cnf.hgr,no,no,7,16,0.03,0.0298472,13.8616,cut,11362,9749,no
rKaHyPar,sat14_6s12.cnf.hgr,no,no,8,16,0.03,0.0289072,10.163,cut,10997,9855,no
rKaHyPar,sat14_6s12.cnf.hgr,no,no,9,16,0.03,0.0298472,11.1069,cut,11089,9615,no
rKaHyPar,sat14_6s12.cnf.hgr,no,no,0,2,0.03,0.00355537,6.7366,cut,2409,2409,no
rKaHyPar,sat14_6s12.cnf.hgr,no,no,1,2,0.03,0.0138395,6.54032,cut,2364,2364,no
rKaHyPar,sat14_6s12.cnf.hgr,no,no,2,2,0.03,0.0290306,6.29985,cut,2277,2277,no
rKaHyPar,sat14_6s12.cnf.hgr,no,no,3,2,0.03,0.000146916,7.55564,cut,2414,2414,no
rKaHyPar,sat14_6s12.cnf.hgr,no,no,4,2,0.03,0.0206564,6.74744,cut,2206,2206,no
rKaHyPar,sat14_6s12.cnf.hgr,no,no,5,2,0.03,0.00434872,7.77908,cut,2348,2348,no
rKaHyPar,sat14_6s12.cnf.hgr,no,no,6,2,0.03,0.0173361,7.26449,cut,2436,2436,no
rKaHyPar,sat14_6s12.cnf.hgr,no,no,7,2,0.03,0.0213616,10.2295,cut,2217,2217,no
rKaHyPar,sat14_6s12.cnf.hgr,no,no,8,2,0.03,0.00376106,10.6641,cut,2427,2427,no
rKaHyPar,sat14_6s12.cnf.hgr,no,no,9,2,0.03,0.0299709,7.11536,cut,2216,2216,no
rKaHyPar,sat14_6s12.cnf.hgr,no,no,0,32,0.03,0.0296053,15.9918,cut,14941,13307,no
rKaHyPar,sat14_6s12.cnf.hgr,no,no,1,32,0.03,0.0296053,10.97,cut,15120,13269,no
rKaHyPar,sat14_6s12.cnf.hgr,no,no,2,32,0.03,0.0296053,15.7399,cut,15150,13295,no
rKaHyPar,sat14_6s12.cnf.hgr,no,no,3,32,0.03,0.0296053,16.1175,cut,15256,13430,no
rKaHyPar,sat14_6s12.cnf.hgr,no,no,4,32,0.03,0.0296053,11.344,cut,15122,13342,no
rKaHyPar,sat14_6s12.cnf.hgr,no,no,5,32,0.03,0.0296053,15.4383,cut,14958,13216,no
rKaHyPar,sat14_6s12.cnf.hgr,no,no,6,32,0.03,0.0296053,11.8167,cut,14759,13065,no
rKaHyPar,sat14_6s12.cnf.hgr,no,no,7,32,0.03,0.0296053,10.8015,cut,15091,13276,no
rKaHyPar,sat14_6s12.cnf.hgr,no,no,8,32,0.03,0.0296053,11.4019,cut,15146,13445,no
rKaHyPar,sat14_6s12.cnf.hgr,no,no,9,32,0.03,0.0296053,12.4573,cut,15088,13165,no
rKaHyPar,sat14_6s12.cnf.hgr,no,no,0,4,0.03,0.0263854,10.1925,cut,4805,4561,no
rKaHyPar,sat14_6s12.cnf.hgr,no,no,1,4,0.03,0.0148675,5.22152,cut,4720,4456,no
rKaHyPar,sat14_6s12.cnf.hgr,no,no,2,4,0.03,0.0290298,5.63323,cut,4481,4421,no
rKaHyPar,sat14_6s12.cnf.hgr,no,no,3,4,0.03,0.025739,9.79702,cut,4827,4591,no
rKaHyPar,sat14_6s12.cnf.hgr,no,no,4,4,0.03,0.0183934,8.34368,cut,4631,4567,no
rKaHyPar,sat14_6s12.cnf.hgr,no,no,5,4,0.03,0.0297937,5.73896,cut,4510,4455,no
rKaHyPar,sat14_6s12.cnf.hgr,no,no,6,4,0.03,0.0289123,9.21164,cut,4728,4607,no
rKaHyPar,sat14_6s12.cnf.hgr,no,no,7,4,0.03,0.0226244,11.849,cut,4479,4431,no
rKaHyPar,sat14_6s12.cnf.hgr,no,no,8,4,0.03,0.0272081,10.2917,cut,4956,4579,no
rKaHyPar,sat14_6s12.cnf.hgr,no,no,9,4,0.03,0.0278545,9.88981,cut,4570,4501,no
rKaHyPar,sat14_6s12.cnf.hgr,no,no,0,64,0.03,0.0291353,18.9077,cut,20658,17720,no
rKaHyPar,sat14_6s12.cnf.hgr,no,no,1,64,0.03,0.0291353,18.7339,cut,21095,18143,no
rKaHyPar,sat14_6s12.cnf.hgr,no,no,2,64,0.03,0.0291353,13.2393,cut,20673,17815,no
rKaHyPar,sat14_6s12.cnf.hgr,no,no,3,64,0.03,0.0291353,13.0504,cut,20837,17868,no
rKaHyPar,sat14_6s12.cnf.hgr,no,no,4,64,0.03,0.0291353,13.3733,cut,20777,17936,no
rKaHyPar,sat14_6s12.cnf.hgr,no,no,5,64,0.03,0.0291353,18.7863,cut,20879,18001,no
rKaHyPar,sat14_6s12.cnf.hgr,no,no,6,64,0.03,0.0291353,13.1393,cut,20645,17738,no
rKaHyPar,sat14_6s12.cnf.hgr,no,no,7,64,0.03,0.0291353,13.3831,cut,20798,17930,no
rKaHyPar,sat14_6s12.cnf.hgr,no,no,8,64,0.03,0.0291353,18.2014,cut,20684,17791,no
rKaHyPar,sat14_6s12.cnf.hgr,no,no,9,64,0.03,0.0291353,13.0232,cut,20261,17639,no
rKaHyPar,sat14_6s12.cnf.hgr,no,no,0,8,0.03,0.0299683,7.99077,cut,7415,6668,no
rKaHyPar,sat14_6s12.cnf.hgr,no,no,1,8,0.03,0.0296157,7.20623,cut,7475,6864,no
rKaHyPar,sat14_6s12.cnf.hgr,no,no,2,8,0.03,0.0217417,10.067,cut,7663,6860,no
rKaHyPar,sat14_6s12.cnf.hgr,no,no,3,8,0.03,0.0293807,10.1297,cut,7576,6886,no
rKaHyPar,sat14_6s12.cnf.hgr,no,no,4,8,0.03,0.0193912,9.35588,cut,7486,6670,no
rKaHyPar,sat14_6s12.cnf.hgr,no,no,5,8,0.03,0.0299683,7.62503,cut,7601,6858,no
rKaHyPar,sat14_6s12.cnf.hgr,no,no,6,8,0.03,0.0250323,10.3894,cut,7577,6830,no
rKaHyPar,sat14_6s12.cnf.hgr,no,no,7,8,0.03,0.0299683,11.2226,cut,8235,6931,no
rKaHyPar,sat14_6s12.cnf.hgr,no,no,8,8,0.03,0.0299683,10.3613,cut,7564,6906,no
rKaHyPar,sat14_6s12.cnf.hgr,no,no,9,8,0.03,0.0276178,11.2654,cut,8060,6772,no
rKaHyPar,sat14_6s12.cnf.primal.hgr,no,no,0,128,0.03,0.0263158,10.9452,cut,25771,23550,no
rKaHyPar,sat14_6s12.cnf.primal.hgr,no,no,1,128,0.03,0.0263158,10.5505,cut,25798,23607,no
rKaHyPar,sat14_6s12.cnf.primal.hgr,no,no,2,128,0.03,0.0263158,11.2059,cut,25937,23756,no
rKaHyPar,sat14_6s12.cnf.primal.hgr,no,no,3,128,0.03,0.0263158,10.9536,cut,25680,23472,no
rKaHyPar,sat14_6s12.cnf.primal.hgr,no,no,4,128,0.03,0.0263158,14.9884,cut,26041,23703,no
rKaHyPar,sat14_6s12.cnf.primal.hgr,no,no,5,128,0.03,0.0263158,14.7879,cut,25853,23573,no
rKaHyPar,sat14_6s12.cnf.primal.hgr,no,no,6,128,0.03,0.0263158,15.5058,cut,25688,23525,no
rKaHyPar,sat14_6s12.cnf.primal.hgr,no,no,7,128,0.03,0.0263158,10.686,cut,25347,23317,no
rKaHyPar,sat14_6s12.cnf.primal.hgr,no,no,8,128,0.03,0.0263158,14.9549,cut,25947,23782,no
rKaHyPar,sat14_6s12.cnf.primal.hgr,no,no,9,128,0.03,0.0263158,10.9848,cut,25908,23724,no
rKaHyPar,sat14_6s12.cnf.primal.hgr,no,no,0,16,0.03,0.0296053,7.69991,cut,10844,10238,no
rKaHyPar,sat14_6s12.cnf.primal.hgr,no,no,1,16,0.03,0.0296053,5.35965,cut,10723,10029,no
rKaHyPar,sat14_6s12.cnf.primal.hgr,no,no,2,16,0.03,0.0296053,6.08243,cut,10500,9982,no
rKaHyPar,sat14_6s12.cnf.primal.hgr,no,no,3,16,0.03,0.0296053,7.13829,cut,10376,9803,no
rKaHyPar,sat14_6s12.cnf.primal.hgr,no,no,4,16,0.03,0.0296053,8.16288,cut,10272,9862,no
rKaHyPar,sat14_6s12.cnf.primal.hgr,no,no,5,16,0.03,0.0296053,5.82825,cut,10717,10211,no
rKaHyPar,sat14_6s12.cnf.primal.hgr,no,no,6,16,0.03,0.0296053,8.09415,cut,10636,10050,no
rKaHyPar,sat14_6s12.cnf.primal.hgr,no,no,7,16,0.03,0.0296053,6.90042,cut,10481,9898,no
rKaHyPar,sat14_6s12.cnf.primal.hgr,no,no,8,16,0.03,0.0296053,5.03922,cut,10547,9934,no
rKaHyPar,sat14_6s12.cnf.primal.hgr,no,no,9,16,0.03,0.0296053,7.48127,cut,10269,9701,no
rKaHyPar,sat14_6s12.cnf.primal.hgr,no,no,0,2,0.03,0.02997,3.51303,cut,2280,2280,no
rKaHyPar,sat14_6s12.cnf.primal.hgr,no,no,1,2,0.03,0.02997,2.96376,cut,2417,2417,no
rKaHyPar,sat14_6s12.cnf.primal.hgr,no,no,2,2,0.03,0.0283246,2.56806,cut,2363,2363,no
rKaHyPar,sat14_6s12.cnf.primal.hgr,no,no,3,2,0.03,0.02997,2.91272,cut,2506,2506,no
rKaHyPar,sat14_6s12.cnf.primal.hgr,no,no,4,2,0.03,0.02997,4.19085,cut,2514,2514,no
rKaHyPar,sat14_6s12.cnf.primal.hgr,no,no,5,2,0.03,0.02997,2.68298,cut,2369,2369,no
rKaHyPar,sat14_6s12.cnf.primal.hgr,no,no,6,2,0.03,0.0298525,1.81788,cut,2346,2346,no
rKaHyPar,sat14_6s12.cnf.primal.hgr,no,no,7,2,0.03,0.0204501,2.3931,cut,2388,2388,no
rKaHyPar,sat14_6s12.cnf.primal.hgr,no,no,8,2,0.03,0.02997,3.1148,cut,2359,2359,no
rKaHyPar,sat14_6s12.cnf.primal.hgr,no,no,9,2,0.03,0.02997,4.24448,cut,2399,2399,no
rKaHyPar,sat14_6s12.cnf.primal.hgr,no,no,0,32,0.03,0.0291353,9.19294,cut,14444,13531,no
rKaHyPar,sat14_6s12.cnf.primal.hgr,no,no,1,32,0.03,0.0291353,5.89025,cut,14436,13533,no
rKaHyPar,sat14_6s12.cnf.primal.hgr,no,no,2,32,0.03,0.0291353,8.76757,cut,14221,13468,no
rKaHyPar,sat14_6s12.cnf.primal.hgr,no,no,3,32,0.03,0.0291353,8.80531,cut,14084,13318,no
rKaHyPar,sat14_6s12.cnf.primal.hgr,no,no,4,32,0.03,0.0291353,6.41406,cut,14292,13605,no
rKaHyPar,sat14_6s12.cnf.primal.hgr,no,no,5,32,0.03,0.0291353,8.62294,cut,14557,13752,no
rKaHyPar,sat14_6s12.cnf.primal.hgr,no,no,6,32,0.03,0.0291353,6.57342,cut,14658,13807,no
rKaHyPar,sat14_6s12.cnf.primal.hgr,no,no,7,32,0.03,0.0291353,6.34921,cut,14450,13621,no
rKaHyPar,sat14_6s12.cnf.primal.hgr,no,no,8,32,0.03,0.0291353,5.77064,cut,14223,13326,no
rKaHyPar,sat14_6s12.cnf.primal.hgr,no,no,9,32,0.03,0.0291353,6.31137,cut,14567,13704,no
rKaHyPar,sat14_6s12.cnf.primal.hgr,no,no,0,4,0.03,0.0273828,6.17282,cut,4677,4481,no
rKaHyPar,sat14_6s12.cnf.primal.hgr,no,no,1,4,0.03,0.0299683,2.53257,cut,4389,4331,no
rKaHyPar,sat14_6s12.cnf.primal.hgr,no,no,2,4,0.03,0.0299683,7.20652,cut,4421,4393,no
rKaHyPar,sat14_6s12.cnf.primal.hgr,no,no,3,4,0.03,0.0148079,4.55497,cut,4674,4530,no
rKaHyPar,sat14_6s12.cnf.primal.hgr,no,no,4,4,0.03,0.0293807,4.30253,cut,4374,4341,no
rKaHyPar,sat14_6s12.cnf.primal.hgr,no,no,5,4,0.03,0.0294982,3.24592,cut,4294,4232,no
rKaHyPar,sat14_6s12.cnf.primal.hgr,no,no,6,4,0.03,0.0148079,3.45693,cut,4640,4484,no
rKaHyPar,sat14_6s12.cnf.primal.hgr,no,no,7,4,0.03,0.0299683,8.65217,cut,4909,4732,no
rKaHyPar,sat14_6s12.cnf.primal.hgr,no,no,8,4,0.03,0.0297332,4.88591,cut,4341,4290,no
rKaHyPar,sat14_6s12.cnf.primal.hgr,no,no,9,4,0.03,0.0199788,5.43971,cut,4773,4684,no
rKaHyPar,sat14_6s12.cnf.primal.hgr,no,no,0,64,0.03,0.0281955,11.5314,cut,19605,18339,no
rKaHyPar,sat14_6s12.cnf.primal.hgr,no,no,1,64,0.03,0.0281955,11.393,cut,19577,18311,no
rKaHyPar,sat14_6s12.cnf.primal.hgr,no,no,2,64,0.03,0.0281955,8.1539,cut,19915,18510,no
rKaHyPar,sat14_6s12.cnf.primal.hgr,no,no,3,64,0.03,0.0281955,8.24306,cut,19508,18240,no
rKaHyPar,sat14_6s12.cnf.primal.hgr,no,no,4,64,0.03,0.0281955,8.08238,cut,19676,18318,no
rKaHyPar,sat14_6s12.cnf.primal.hgr,no,no,5,64,0.03,0.0281955,10.8154,cut,19497,18172,no
rKaHyPar,sat14_6s12.cnf.primal.hgr,no,no,6,64,0.03,0.0281955,8.3213,cut,19529,18309,no
rKaHyPar,sat14_6s12.cnf.primal.hgr,no,no,7,64,0.03,0.0281955,8.52741,cut,19637,18362,no
rKaHyPar,sat14_6s12.cnf.primal.hgr,no,no,8,64,0.03,0.0281955,11.5658,cut,19351,18176,no
rKaHyPar,sat14_6s12.cnf.primal.hgr,no,no,9,64,0.03,0.0281955,8.59855,cut,20067,18627,no
rKaHyPar,sat14_6s12.cnf.primal.hgr,no,no,0,8,0.03,0.0204465,4.56857,cut,7394,6978,no
rKaHyPar,sat14_6s12.cnf.primal.hgr,no,no,1,8,0.03,0.0298472,4.56582,cut,7399,6991,no
rKaHyPar,sat14_6s12.cnf.primal.hgr,no,no,2,8,0.03,0.0298472,7.41797,cut,7321,7004,no
rKaHyPar,sat14_6s12.cnf.primal.hgr,no,no,3,8,0.03,0.0298472,5.49897,cut,7278,6890,no
rKaHyPar,sat14_6s12.cnf.primal.hgr,no,no,4,8,0.03,0.0298472,3.85823,cut,6993,6664,no
rKaHyPar,sat14_6s12.cnf.primal.hgr,no,no,5,8,0.03,0.0298472,3.74852,cut,7121,6883,no
rKaHyPar,sat14_6s12.cnf.primal.hgr,no,no,6,8,0.03,0.0296122,6.67066,cut,7307,6907,no
rKaHyPar,sat14_6s12.cnf.primal.hgr,no,no,7,8,0.03,0.0298472,8.18792,cut,7291,6885,no
rKaHyPar,sat14_6s12.cnf.primal.hgr,no,no,8,8,0.03,0.0296122,5.66557,cut,7331,6999,no
rKaHyPar,sat14_6s12.cnf.primal.hgr,no,no,9,8,0.03,0.0298472,10.983,cut,7579,7216,no
rKaHyPar,sat14_6s130-opt.cnf.dual.hgr,no,no,0,128,0.03,0.0283688,10.3598,cut,9337,3041,no
rKaHyPar,sat14_6s130-opt.cnf.dual.hgr,no,no,1,128,0.03,0.0292553,10.2432,cut,9052,3015,no
rKaHyPar,sat14_6s130-opt.cnf.dual.hgr,no,no,2,128,0.03,0.0292553,10.2969,cut,9210,3040,no
rKaHyPar,sat14_6s130-opt.cnf.dual.hgr,no,no,3,128,0.03,0.0292553,10.3826,cut,9215,3073,no
rKaHyPar,sat14_6s130-opt.cnf.dual.hgr,no,no,4,128,0.03,0.0292553,14.5234,cut,9092,3005,no
rKaHyPar,sat14_6s130-opt.cnf.dual.hgr,no,no,5,128,0.03,0.0292553,14.5381,cut,9485,3059,no
rKaHyPar,sat14_6s130-opt.cnf.dual.hgr,no,no,6,128,0.03,0.0292553,14.6181,cut,9249,3069,no
rKaHyPar,sat14_6s130-opt.cnf.dual.hgr,no,no,7,128,0.03,0.0292553,10.2456,cut,8929,3000,no
rKaHyPar,sat14_6s130-opt.cnf.dual.hgr,no,no,8,128,0.03,0.0292553,14.4218,cut,9382,3052,no
rKaHyPar,sat14_6s130-opt.cnf.dual.hgr,no,no,9,128,0.03,0.0292553,10.2091,cut,9249,3061,no
rKaHyPar,sat14_6s130-opt.cnf.dual.hgr,no,no,0,16,0.03,0.024493,7.68885,cut,2686,1492,no
rKaHyPar,sat14_6s130-opt.cnf.dual.hgr,no,no,1,16,0.03,0.0278178,5.36714,cut,2807,1463,no
rKaHyPar,sat14_6s130-opt.cnf.dual.hgr,no,no,2,16,0.03,0.0250471,5.37183,cut,2748,1529,no
rKaHyPar,sat14_6s130-opt.cnf.dual.hgr,no,no,3,16,0.03,0.0284828,7.62179,cut,2786,1471,no
rKaHyPar,sat14_6s130-opt.cnf.dual.hgr,no,no,4,16,0.03,0.0289261,7.61457,cut,2842,1444,no
rKaHyPar,sat14_6s130-opt.cnf.dual.hgr,no,no,5,16,0.03,0.0299235,5.35228,cut,2822,1480,no
rKaHyPar,sat14_6s130-opt.cnf.dual.hgr,no,no,6,16,0.03,0.029591,7.63186,cut,2704,1530,no
rKaHyPar,sat14_6s130-opt.cnf.dual.hgr,no,no,7,16,0.03,0.0262662,7.68433,cut,2719,1509,no
rKaHyPar,sat14_6s130-opt.cnf.dual.hgr,no,no,8,16,0.03,0.026377,5.40779,cut,2755,1547,no
rKaHyPar,sat14_6s130-opt.cnf.dual.hgr,no,no,9,16,0.03,0.0257121,7.7263,cut,2732,1520,no
rKaHyPar,sat14_6s130-opt.cnf.dual.hgr,no,no,0,2,0.03,0.0281515,2.3008,cut,263,263,no
rKaHyPar,sat14_6s130-opt.cnf.dual.hgr,no,no,1,2,0.03,0.018703,2.03715,cut,273,273,no
rKaHyPar,sat14_6s130-opt.cnf.dual.hgr,no,no,2,2,0.03,0.0181904,2.92055,cut,274,274,no
rKaHyPar,sat14_6s130-opt.cnf.dual.hgr,no,no,3,2,0.03,0.0117067,2.24264,cut,260,260,no
rKaHyPar,sat14_6s130-opt.cnf.dual.hgr,no,no,4,2,0.03,0.0298694,2.2604,cut,262,262,no
rKaHyPar,sat14_6s130-opt.cnf.dual.hgr,no,no,5,2,0.03,0.0262673,2.91222,cut,245,245,no
rKaHyPar,sat14_6s130-opt.cnf.dual.hgr,no,no,6,2,0.03,0.0151148,1.96618,cut,266,266,no
rKaHyPar,sat14_6s130-opt.cnf.dual.hgr,no,no,7,2,0.03,0.0297585,2.8244,cut,245,245,no
rKaHyPar,sat14_6s130-opt.cnf.dual.hgr,no,no,8,2,0.03,0,3.14813,cut,350,350,no
rKaHyPar,sat14_6s130-opt.cnf.dual.hgr,no,no,9,2,0.03,0.0294537,2.53832,cut,264,264,no
rKaHyPar,sat14_6s130-opt.cnf.dual.hgr,no,no,0,32,0.03,0.0296986,9.10641,cut,4385,1910,no
rKaHyPar,sat14_6s130-opt.cnf.dual.hgr,no,no,1,32,0.03,0.0299202,6.53411,cut,4474,1950,no
rKaHyPar,sat14_6s130-opt.cnf.dual.hgr,no,no,2,32,0.03,0.0292553,9.27389,cut,4440,1945,no
rKaHyPar,sat14_6s130-opt.cnf.dual.hgr,no,no,3,32,0.03,0.0299202,9.28481,cut,4471,1925,no
rKaHyPar,sat14_6s130-opt.cnf.dual.hgr,no,no,4,32,0.03,0.0261525,6.52171,cut,4335,1925,no
rKaHyPar,sat14_6s130-opt.cnf.dual.hgr,no,no,5,32,0.03,0.0217199,9.17298,cut,4511,1957,no
rKaHyPar,sat14_6s130-opt.cnf.dual.hgr,no,no,6,32,0.03,0.0283688,6.47209,cut,4566,1962,no
rKaHyPar,sat14_6s130-opt.cnf.dual.hgr,no,no,7,32,0.03,0.0261525,6.4541,cut,4347,1927,no
rKaHyPar,sat14_6s130-opt.cnf.dual.hgr,no,no,8,32,0.03,0.0279255,6.45986,cut,4560,1981,no
rKaHyPar,sat14_6s130-opt.cnf.dual.hgr,no,no,9,32,0.03,0.027039,6.54388,cut,4430,1963,no
rKaHyPar,sat14_6s130-opt.cnf.dual.hgr,no,no,0,4,0.03,0.0297304,4.88657,cut,623,510,no
rKaHyPar,sat14_6s130-opt.cnf.dual.hgr,no,no,1,4,0.03,0.0288438,3.38172,cut,627,519,no
rKaHyPar,sat14_6s130-opt.cnf.dual.hgr,no,no,2,4,0.03,0.0289269,4.49934,cut,606,507,no
rKaHyPar,sat14_6s130-opt.cnf.dual.hgr,no,no,3,4,0.03,0.0288992,4.56542,cut,609,515,no
rKaHyPar,sat14_6s130-opt.cnf.dual.hgr,no,no,4,4,0.03,0.0299521,4.7776,cut,636,519,no
rKaHyPar,sat14_6s130-opt.cnf.dual.hgr,no,no,5,4,0.03,0.0287329,3.21897,cut,606,510,no
rKaHyPar,sat14_6s130-opt.cnf.dual.hgr,no,no,6,4,0.03,0.02901,4.63062,cut,700,557,no
rKaHyPar,sat14_6s130-opt.cnf.dual.hgr,no,no,7,4,0.03,0.0284004,4.79101,cut,622,520,no
rKaHyPar,sat14_6s130-opt.cnf.dual.hgr,no,no,8,4,0.03,0.029481,4.60844,cut,725,537,no
rKaHyPar,sat14_6s130-opt.cnf.dual.hgr,no,no,9,4,0.03,0.0288992,4.57598,cut,611,512,no
rKaHyPar,sat14_6s130-opt.cnf.dual.hgr,no,no,0,64,0.03,0.0288121,11.4966,cut,6572,2439,no
rKaHyPar,sat14_6s130-opt.cnf.dual.hgr,no,no,1,64,0.03,0.0226064,11.2681,cut,6804,2494,no
rKaHyPar,sat14_6s130-opt.cnf.dual.hgr,no,no,2,64,0.03,0.0296986,8.02291,cut,6453,2392,no
rKaHyPar,sat14_6s130-opt.cnf.dual.hgr,no,no,3,64,0.03,0.0283688,7.97586,cut,6470,2415,no
rKaHyPar,sat14_6s130-opt.cnf.dual.hgr,no,no,4,64,0.03,0.0265957,8.03787,cut,6427,2388,no
rKaHyPar,sat14_6s130-opt.cnf.dual.hgr,no,no,5,64,0.03,0.0265957,11.2728,cut,6380,2417,no
rKaHyPar,sat14_6s130-opt.cnf.dual.hgr,no,no,6,64,0.03,0.0296986,8.01515,cut,6796,2477,no
rKaHyPar,sat14_6s130-opt.cnf.dual.hgr,no,no,7,64,0.03,0.0296986,8.06528,cut,6850,2452,no
rKaHyPar,sat14_6s130-opt.cnf.dual.hgr,no,no,8,64,0.03,0.0296986,11.403,cut,6641,2446,no
rKaHyPar,sat14_6s130-opt.cnf.dual.hgr,no,no,9,64,0.03,0.0292553,7.92065,cut,6560,2451,no
rKaHyPar,sat14_6s130-opt.cnf.dual.hgr,no,no,0,8,0.03,0.0293694,5.07394,cut,1430,1072,no
rKaHyPar,sat14_6s130-opt.cnf.dual.hgr,no,no,1,8,0.03,0.0284274,4.45452,cut,1387,1058,no
rKaHyPar,sat14_6s130-opt.cnf.dual.hgr,no,no,2,8,0.03,0.0295356,6.75465,cut,1408,1060,no
rKaHyPar,sat14_6s130-opt.cnf.dual.hgr,no,no,3,8,0.03,0.0278732,7.10142,cut,1482,1075,no
rKaHyPar,sat14_6s130-opt.cnf.dual.hgr,no,no,4,8,0.03,0.0279286,4.24115,cut,1502,1070,no
rKaHyPar,sat14_6s130-opt.cnf.dual.hgr,no,no,5,8,0.03,0.0297573,4.56177,cut,1411,1070,no
rKaHyPar,sat14_6s130-opt.cnf.dual.hgr,no,no,6,8,0.03,0.029591,6.51805,cut,1614,1150,no
rKaHyPar,sat14_6s130-opt.cnf.dual.hgr,no,no,7,8,0.03,0.0292031,6.48724,cut,1456,1050,no
rKaHyPar,sat14_6s130-opt.cnf.dual.hgr,no,no,8,8,0.03,0.0298127,6.44889,cut,1494,1115,no
rKaHyPar,sat14_6s130-opt.cnf.dual.hgr,no,no,9,8,0.03,0.0289815,6.50055,cut,1375,1052,no
rKaHyPar,sat14_6s130-opt.cnf.hgr,no,no,0,128,0.03,0.0298314,22.963,cut,34360,29639,no
rKaHyPar,sat14_6s130-opt.cnf.hgr,no,no,1,128,0.03,0.0298314,22.7796,cut,33974,29309,no
rKaHyPar,sat14_6s130-opt.cnf.hgr,no,no,2,128,0.03,0.0298314,23.0379,cut,34753,29886,no
rKaHyPar,sat14_6s130-opt.cnf.hgr,no,no,3,128,0.03,0.0298314,22.3597,cut,34144,29362,no
rKaHyPar,sat14_6s130-opt.cnf.hgr,no,no,4,128,0.03,0.0298314,31.8552,cut,34527,29840,no
rKaHyPar,sat14_6s130-opt.cnf.hgr,no,no,5,128,0.03,0.0298314,31.9778,cut,34390,29561,no
rKaHyPar,sat14_6s130-opt.cnf.hgr,no,no,6,128,0.03,0.0298314,32.3389,cut,34396,29743,no
rKaHyPar,sat14_6s130-opt.cnf.hgr,no,no,7,128,0.03,0.0298314,23.1062,cut,34438,29764,no
rKaHyPar,sat14_6s130-opt.cnf.hgr,no,no,8,128,0.03,0.0298314,22.8364,cut,34481,29670,no
rKaHyPar,sat14_6s130-opt.cnf.hgr,no,no,9,128,0.03,0.0298314,22.9148,cut,34524,29677,no
rKaHyPar,sat14_6s130-opt.cnf.hgr,no,no,0,16,0.03,0.0296789,19.897,cut,12006,10980,no
rKaHyPar,sat14_6s130-opt.cnf.hgr,no,no,1,16,0.03,0.028868,15.0353,cut,12027,11101,no
rKaHyPar,sat14_6s130-opt.cnf.hgr,no,no,2,16,0.03,0.0264353,14.5448,cut,12499,11522,no
rKaHyPar,sat14_6s130-opt.cnf.hgr,no,no,3,16,0.03,0.0287058,19.8889,cut,12405,11473,no
rKaHyPar,sat14_6s130-opt.cnf.hgr,no,no,4,16,0.03,0.0298411,19.8565,cut,11844,11278,no
rKaHyPar,sat14_6s130-opt.cnf.hgr,no,no,5,16,0.03,0.0298411,15.3011,cut,11904,11191,no
rKaHyPar,sat14_6s130-opt.cnf.hgr,no,no,6,16,0.03,0.0298411,20.6584,cut,12335,11382,no
rKaHyPar,sat14_6s130-opt.cnf.hgr,no,no,7,16,0.03,0.0233539,20.3503,cut,12198,11250,no
rKaHyPar,sat14_6s130-opt.cnf.hgr,no,no,8,16,0.03,0.0298411,14.767,cut,12267,11263,no
rKaHyPar,sat14_6s130-opt.cnf.hgr,no,no,9,16,0.03,0.0296789,22.2147,cut,12517,11525,no
rKaHyPar,sat14_6s130-opt.cnf.hgr,no,no,0,2,0.03,0.0242869,4.22067,cut,1358,1358,no
rKaHyPar,sat14_6s130-opt.cnf.hgr,no,no,1,2,0.03,0.0276117,4.22777,cut,1358,1358,no
rKaHyPar,sat14_6s130-opt.cnf.hgr,no,no,2,2,0.03,0.0242869,6.13905,cut,1358,1358,no
rKaHyPar,sat14_6s130-opt.cnf.hgr,no,no,3,2,0.03,0.0242869,4.01784,cut,1358,1358,no
rKaHyPar,sat14_6s130-opt.cnf.hgr,no,no,4,2,0.03,0.0026152,4.30437,cut,1381,1381,no
rKaHyPar,sat14_6s130-opt.cnf.hgr,no,no,5,2,0.03,0.0242869,6.56567,cut,1358,1358,no
rKaHyPar,sat14_6s130-opt.cnf.hgr,no,no,6,2,0.03,0.0242869,4.20528,cut,1358,1358,no
rKaHyPar,sat14_6s130-opt.cnf.hgr,no,no,7,2,0.03,0.0255641,5.82194,cut,1372,1372,no
rKaHyPar,sat14_6s130-opt.cnf.hgr,no,no,8,2,0.03,0.0198471,5.697,cut,1422,1422,no
rKaHyPar,sat14_6s130-opt.cnf.hgr,no,no,9,2,0.03,0.0183875,4.05948,cut,1410,1410,no
rKaHyPar,sat14_6s130-opt.cnf.hgr,no,no,0,32,0.03,0.0298411,23.6749,cut,18629,16889,no
rKaHyPar,sat14_6s130-opt.cnf.hgr,no,no,1,32,0.03,0.0298411,17.3366,cut,18434,16682,no
rKaHyPar,sat14_6s130-opt.cnf.hgr,no,no,2,32,0.03,0.0298411,24.057,cut,18491,16915,no
rKaHyPar,sat14_6s130-opt.cnf.hgr,no,no,3,32,0.03,0.0298411,23.8583,cut,18407,16762,no
rKaHyPar,sat14_6s130-opt.cnf.hgr,no,no,4,32,0.03,0.0256244,16.7428,cut,18600,16960,no
rKaHyPar,sat14_6s130-opt.cnf.hgr,no,no,5,32,0.03,0.0298411,23.6933,cut,18656,17089,no
rKaHyPar,sat14_6s130-opt.cnf.hgr,no,no,6,32,0.03,0.0298411,17.1585,cut,18520,16856,no
rKaHyPar,sat14_6s130-opt.cnf.hgr,no,no,7,32,0.03,0.0298411,16.7771,cut,18500,16829,no
rKaHyPar,sat14_6s130-opt.cnf.hgr,no,no,8,32,0.03,0.0298411,17.1345,cut,18148,16667,no
rKaHyPar,sat14_6s130-opt.cnf.hgr,no,no,9,32,0.03,0.0298411,17.2761,cut,18741,17094,no
rKaHyPar,sat14_6s130-opt.cnf.hgr,no,no,0,4,0.03,0.0299627,12.08,cut,3535,3283,no
rKaHyPar,sat14_6s130-opt.cnf.hgr,no,no,1,4,0.03,0.0299627,10.1669,cut,3945,3694,no
rKaHyPar,sat14_6s130-opt.cnf.hgr,no,no,2,4,0.03,0.0299222,12.1636,cut,3502,3254,no
rKaHyPar,sat14_6s130-opt.cnf.hgr,no,no,3,4,0.03,0.0299222,12.9232,cut,3597,3348,no
rKaHyPar,sat14_6s130-opt.cnf.hgr,no,no,4,4,0.03,0.0299222,12.5211,cut,3510,3257,no
rKaHyPar,sat14_6s130-opt.cnf.hgr,no,no,5,4,0.03,0.0299627,8.66669,cut,3543,3293,no
rKaHyPar,sat14_6s130-opt.cnf.hgr,no,no,6,4,0.03,0.0299627,9.01419,cut,3633,3385,no
rKaHyPar,sat14_6s130-opt.cnf.hgr,no,no,7,4,0.03,0.0299627,12.1787,cut,3553,3291,no
rKaHyPar,sat14_6s130-opt.cnf.hgr,no,no,8,4,0.03,0.0299627,17.2842,cut,3598,3353,no
rKaHyPar,sat14_6s130-opt.cnf.hgr,no,no,9,4,0.03,0.0299222,14.2789,cut,3921,3677,no
rKaHyPar,sat14_6s130-opt.cnf.hgr,no,no,0,64,0.03,0.0298314,27.4959,cut,25431,22749,no
rKaHyPar,sat14_6s130-opt.cnf.hgr,no,no,1,64,0.03,0.0298314,26.526,cut,25663,22563,no
rKaHyPar,sat14_6s130-opt.cnf.hgr,no,no,2,64,0.03,0.0298314,19.4368,cut,25653,22924,no
rKaHyPar,sat14_6s130-opt.cnf.hgr,no,no,3,64,0.03,0.0298314,19.4567,cut,25647,22647,no
rKaHyPar,sat14_6s130-opt.cnf.hgr,no,no,4,64,0.03,0.0298314,19.6603,cut,25542,22679,no
rKaHyPar,sat14_6s130-opt.cnf.hgr,no,no,5,64,0.03,0.0298314,26.6225,cut,25803,22806,no
rKaHyPar,sat14_6s130-opt.cnf.hgr,no,no,6,64,0.03,0.0298314,19.1694,cut,25918,22927,no
rKaHyPar,sat14_6s130-opt.cnf.hgr,no,no,7,64,0.03,0.0298314,19.4956,cut,25476,22521,no
rKaHyPar,sat14_6s130-opt.cnf.hgr,no,no,8,64,0.03,0.0298314,27.2248,cut,25359,22576,no
rKaHyPar,sat14_6s130-opt.cnf.hgr,no,no,9,64,0.03,0.0298314,19.2412,cut,25309,22476,no
rKaHyPar,sat14_6s130-opt.cnf.hgr,no,no,0,8,0.03,0.0299222,15.4333,cut,6732,6264,no
rKaHyPar,sat14_6s130-opt.cnf.hgr,no,no,1,8,0.03,0.0299222,14.0583,cut,6782,6351,no
rKaHyPar,sat14_6s130-opt.cnf.hgr,no,no,2,8,0.03,0.0299222,18.1278,cut,6812,6338,no
rKaHyPar,sat14_6s130-opt.cnf.hgr,no,no,3,8,0.03,0.0299222,19.7442,cut,7067,6576,no
rKaHyPar,sat14_6s130-opt.cnf.hgr,no,no,4,8,0.03,0.0299222,13.7548,cut,6709,6269,no
rKaHyPar,sat14_6s130-opt.cnf.hgr,no,no,5,8,0.03,0.0299222,13.8905,cut,6788,6353,no
rKaHyPar,sat14_6s130-opt.cnf.hgr,no,no,6,8,0.03,0.0299222,21.2117,cut,6916,6368,no
rKaHyPar,sat14_6s130-opt.cnf.hgr,no,no,7,8,0.03,0.0299222,18.2269,cut,6555,6073,no
rKaHyPar,sat14_6s130-opt.cnf.hgr,no,no,8,8,0.03,0.0299222,17.9741,cut,6796,6336,no
rKaHyPar,sat14_6s130-opt.cnf.hgr,no,no,9,8,0.03,0.0299222,18.1598,cut,6288,6092,no
rKaHyPar,sat14_6s130-opt.cnf.primal.hgr,no,no,0,128,0.03,0.0284974,14.1058,cut,33320,30899,no
rKaHyPar,sat14_6s130-opt.cnf.primal.hgr,no,no,1,128,0.03,0.0284974,14.2486,cut,33419,31037,no
rKaHyPar,sat14_6s130-opt.cnf.primal.hgr,no,no,2,128,0.03,0.0284974,14.0677,cut,33139,30807,no
rKaHyPar,sat14_6s130-opt.cnf.primal.hgr,no,no,3,128,0.03,0.0284974,14.0683,cut,32920,30625,no
rKaHyPar,sat14_6s130-opt.cnf.primal.hgr,no,no,4,128,0.03,0.0284974,18.9812,cut,33181,30759,no
rKaHyPar,sat14_6s130-opt.cnf.primal.hgr,no,no,5,128,0.03,0.0284974,19.941,cut,33285,30884,no
rKaHyPar,sat14_6s130-opt.cnf.primal.hgr,no,no,6,128,0.03,0.0284974,19.3227,cut,33482,31000,no
rKaHyPar,sat14_6s130-opt.cnf.primal.hgr,no,no,7,128,0.03,0.0284974,13.9896,cut,33535,30960,no
rKaHyPar,sat14_6s130-opt.cnf.primal.hgr,no,no,8,128,0.03,0.0284974,13.8798,cut,33454,31047,no
rKaHyPar,sat14_6s130-opt.cnf.primal.hgr,no,no,9,128,0.03,0.0284974,13.3169,cut,33004,30482,no
rKaHyPar,sat14_6s130-opt.cnf.primal.hgr,no,no,0,16,0.03,0.0298411,10.5277,cut,12190,11568,no
rKaHyPar,sat14_6s130-opt.cnf.primal.hgr,no,no,1,16,0.03,0.0298411,7.65381,cut,12063,11469,no
rKaHyPar,sat14_6s130-opt.cnf.primal.hgr,no,no,2,16,0.03,0.0298411,7.18002,cut,12295,11635,no
rKaHyPar,sat14_6s130-opt.cnf.primal.hgr,no,no,3,16,0.03,0.0298411,10.9554,cut,11915,11340,no
rKaHyPar,sat14_6s130-opt.cnf.primal.hgr,no,no,4,16,0.03,0.0298411,10.0882,cut,12171,11537,no
rKaHyPar,sat14_6s130-opt.cnf.primal.hgr,no,no,5,16,0.03,0.0298411,7.21549,cut,12212,11655,no
rKaHyPar,sat14_6s130-opt.cnf.primal.hgr,no,no,6,16,0.03,0.0298411,11.3554,cut,12061,11436,no
rKaHyPar,sat14_6s130-opt.cnf.primal.hgr,no,no,7,16,0.03,0.0298411,9.99849,cut,11961,11371,no
rKaHyPar,sat14_6s130-opt.cnf.primal.hgr,no,no,8,16,0.03,0.0298411,7.2551,cut,12037,11422,no
rKaHyPar,sat14_6s130-opt.cnf.primal.hgr,no,no,9,16,0.03,0.0298411,9.17632,cut,12077,11497,no
rKaHyPar,sat14_6s130-opt.cnf.primal.hgr,no,no,0,2,0.03,0.0299627,2.53351,cut,1391,1391,no
rKaHyPar,sat14_6s130-opt.cnf.primal.hgr,no,no,1,2,0.03,0.0299627,2.38093,cut,1432,1432,no
rKaHyPar,sat14_6s130-opt.cnf.primal.hgr,no,no,2,2,0.03,0.0298816,3.12033,cut,1390,1390,no
rKaHyPar,sat14_6s130-opt.cnf.primal.hgr,no,no,3,2,0.03,0.0299627,2.41872,cut,1388,1388,no
rKaHyPar,sat14_6s130-opt.cnf.primal.hgr,no,no,4,2,0.03,0.0299627,2.44773,cut,1438,1438,no
rKaHyPar,sat14_6s130-opt.cnf.primal.hgr,no,no,5,2,0.03,0.0299627,3.72202,cut,1395,1395,no
rKaHyPar,sat14_6s130-opt.cnf.primal.hgr,no,no,6,2,0.03,0.0298816,2.63121,cut,1392,1392,no
rKaHyPar,sat14_6s130-opt.cnf.primal.hgr,no,no,7,2,0.03,0.0299222,3.43281,cut,1394,1394,no
rKaHyPar,sat14_6s130-opt.cnf.primal.hgr,no,no,8,2,0.03,0.0299627,3.34913,cut,1380,1380,no
rKaHyPar,sat14_6s130-opt.cnf.primal.hgr,no,no,9,2,0.03,0.0299627,2.10812,cut,1394,1394,no
rKaHyPar,sat14_6s130-opt.cnf.primal.hgr,no,no,0,32,0.03,0.0298314,12.8513,cut,18216,17275,no
rKaHyPar,sat14_6s130-opt.cnf.primal.hgr,no,no,1,32,0.03,0.0298314,9.47653,cut,18329,17276,no
rKaHyPar,sat14_6s130-opt.cnf.primal.hgr,no,no,2,32,0.03,0.0298314,11.9047,cut,18184,17194,no
rKaHyPar,sat14_6s130-opt.cnf.primal.hgr,no,no,3,32,0.03,0.0298314,11.9514,cut,18624,17617,no
rKaHyPar,sat14_6s130-opt.cnf.primal.hgr,no,no,4,32,0.03,0.0298314,8.80728,cut,18445,17429,no
rKaHyPar,sat14_6s130-opt.cnf.primal.hgr,no,no,5,32,0.03,0.0298314,12.3128,cut,18464,17475,no
rKaHyPar,sat14_6s130-opt.cnf.primal.hgr,no,no,6,32,0.03,0.0298314,9.35192,cut,18597,17495,no
rKaHyPar,sat14_6s130-opt.cnf.primal.hgr,no,no,7,32,0.03,0.0298314,8.70531,cut,18098,17152,no
rKaHyPar,sat14_6s130-opt.cnf.primal.hgr,no,no,8,32,0.03,0.0298314,8.69021,cut,17886,16938,no
rKaHyPar,sat14_6s130-opt.cnf.primal.hgr,no,no,9,32,0.03,0.0298314,8.71195,cut,18192,17224,no
rKaHyPar,sat14_6s130-opt.cnf.primal.hgr,no,no,0,4,0.03,0.0299222,9.95981,cut,3583,3384,no
rKaHyPar,sat14_6s130-opt.cnf.primal.hgr,no,no,1,4,0.03,0.0299222,6.57816,cut,3650,3444,no
rKaHyPar,sat14_6s130-opt.cnf.primal.hgr,no,no,2,4,0.03,0.0296789,7.04744,cut,3555,3351,no
rKaHyPar,sat14_6s130-opt.cnf.primal.hgr,no,no,3,4,0.03,0.0299222,8.97995,cut,3662,3459,no
rKaHyPar,sat14_6s130-opt.cnf.primal.hgr,no,no,4,4,0.03,0.0299222,16.2127,cut,3556,3353,no
rKaHyPar,sat14_6s130-opt.cnf.primal.hgr,no,no,5,4,0.03,0.0299222,7.35965,cut,3727,3536,no
rKaHyPar,sat14_6s130-opt.cnf.primal.hgr,no,no,6,4,0.03,0.0299222,15.0193,cut,3537,3327,no
rKaHyPar,sat14_6s130-opt.cnf.primal.hgr,no,no,7,4,0.03,0.0299222,10.1122,cut,3622,3415,no
rKaHyPar,sat14_6s130-opt.cnf.primal.hgr,no,no,8,4,0.03,0.0299222,9.12173,cut,3612,3466,no
rKaHyPar,sat14_6s130-opt.cnf.primal.hgr,no,no,9,4,0.03,0.0299222,9.51947,cut,3591,3387,no
rKaHyPar,sat14_6s130-opt.cnf.primal.hgr,no,no,0,64,0.03,0.0298314,15.6084,cut,24692,23272,no
rKaHyPar,sat14_6s130-opt.cnf.primal.hgr,no,no,1,64,0.03,0.0298314,14.945,cut,24422,23204,no
rKaHyPar,sat14_6s130-opt.cnf.primal.hgr,no,no,2,64,0.03,0.0298314,10.5533,cut,24564,23134,no
rKaHyPar,sat14_6s130-opt.cnf.primal.hgr,no,no,3,64,0.03,0.0298314,11.0804,cut,24598,23166,no
rKaHyPar,sat14_6s130-opt.cnf.primal.hgr,no,no,4,64,0.03,0.0298314,10.4022,cut,24760,23294,no
rKaHyPar,sat14_6s130-opt.cnf.primal.hgr,no,no,5,64,0.03,0.0298314,15.3018,cut,24649,23270,no
rKaHyPar,sat14_6s130-opt.cnf.primal.hgr,no,no,6,64,0.03,0.0298314,10.8037,cut,24778,23411,no
rKaHyPar,sat14_6s130-opt.cnf.primal.hgr,no,no,7,64,0.03,0.0298314,10.7014,cut,24376,23078,no
rKaHyPar,sat14_6s130-opt.cnf.primal.hgr,no,no,8,64,0.03,0.0298314,14.8442,cut,24389,23027,no
rKaHyPar,sat14_6s130-opt.cnf.primal.hgr,no,no,9,64,0.03,0.0298314,10.4665,cut,24469,23049,no
rKaHyPar,sat14_6s130-opt.cnf.primal.hgr,no,no,0,8,0.03,0.0295167,5.73967,cut,6679,6409,no
rKaHyPar,sat14_6s130-opt.cnf.primal.hgr,no,no,1,8,0.03,0.0298411,6.70369,cut,7084,6775,no
rKaHyPar,sat14_6s130-opt.cnf.primal.hgr,no,no,2,8,0.03,0.0298411,9.89261,cut,7155,6842,no
rKaHyPar,sat14_6s130-opt.cnf.primal.hgr,no,no,3,8,0.03,0.0298411,9.44673,cut,6966,6689,no
rKaHyPar,sat14_6s130-opt.cnf.primal.hgr,no,no,4,8,0.03,0.0298411,6.20496,cut,7159,6854,no
rKaHyPar,sat14_6s130-opt.cnf.primal.hgr,no,no,5,8,0.03,0.0298411,6.86947,cut,7123,6802,no
rKaHyPar,sat14_6s130-opt.cnf.primal.hgr,no,no,6,8,0.03,0.0298411,9.20216,cut,7132,6854,no
rKaHyPar,sat14_6s130-opt.cnf.primal.hgr,no,no,7,8,0.03,0.0298411,8.59765,cut,7104,6815,no
rKaHyPar,sat14_6s130-opt.cnf.primal.hgr,no,no,8,8,0.03,0.0298411,9.10469,cut,7147,6818,no
rKaHyPar,sat14_6s130-opt.cnf.primal.hgr,no,no,9,8,0.03,0.0298411,8.71498,cut,7163,6911,no
rKaHyPar,sat14_6s131-opt.cnf.dual.hgr,no,no,0,128,0.03,0.0292813,10.3304,cut,9295,3011,no
rKaHyPar,sat14_6s131-opt.cnf.dual.hgr,no,no,1,128,0.03,0.0292813,14.5638,cut,9206,3005,no
rKaHyPar,sat14_6s131-opt.cnf.dual.hgr,no,no,2,128,0.03,0.0292813,10.4637,cut,9154,3032,no
rKaHyPar,sat14_6s131-opt.cnf.dual.hgr,no,no,3,128,0.03,0.0292813,10.4225,cut,9132,3020,no
rKaHyPar,sat14_6s131-opt.cnf.dual.hgr,no,no,4,128,0.03,0.0292813,14.6257,cut,9149,3040,no
rKaHyPar,sat14_6s131-opt.cnf.dual.hgr,no,no,5,128,0.03,0.0292813,14.7368,cut,9249,3041,no
rKaHyPar,sat14_6s131-opt.cnf.dual.hgr,no,no,6,128,0.03,0.028394,14.6725,cut,9417,3037,no
rKaHyPar,sat14_6s131-opt.cnf.dual.hgr,no,no,7,128,0.03,0.0292813,10.3081,cut,9061,3008,no
rKaHyPar,sat14_6s131-opt.cnf.dual.hgr,no,no,8,128,0.03,0.0292813,10.2959,cut,9356,3021,no
rKaHyPar,sat14_6s131-opt.cnf.dual.hgr,no,no,9,128,0.03,0.0266193,10.2463,cut,9378,3040,no
rKaHyPar,sat14_6s131-opt.cnf.dual.hgr,no,no,0,16,0.03,0.0296173,7.55493,cut,2856,1452,no
rKaHyPar,sat14_6s131-opt.cnf.dual.hgr,no,no,1,16,0.03,0.0298392,8.31398,cut,2810,1520,no
rKaHyPar,sat14_6s131-opt.cnf.dual.hgr,no,no,2,16,0.03,0.0291736,5.66,cut,2790,1511,no
rKaHyPar,sat14_6s131-opt.cnf.dual.hgr,no,no,3,16,0.03,0.0258458,7.64988,cut,2914,1546,no
rKaHyPar,sat14_6s131-opt.cnf.dual.hgr,no,no,4,16,0.03,0.0257349,7.61828,cut,3008,1489,no
rKaHyPar,sat14_6s131-opt.cnf.dual.hgr,no,no,5,16,0.03,0.0296173,5.35288,cut,2750,1499,no
rKaHyPar,sat14_6s131-opt.cnf.dual.hgr,no,no,6,16,0.03,0.0292845,7.64775,cut,2733,1451,no
rKaHyPar,sat14_6s131-opt.cnf.dual.hgr,no,no,7,16,0.03,0.0206323,7.78042,cut,2762,1467,no
rKaHyPar,sat14_6s131-opt.cnf.dual.hgr,no,no,8,16,0.03,0.0271769,5.41888,cut,2827,1543,no
rKaHyPar,sat14_6s131-opt.cnf.dual.hgr,no,no,9,16,0.03,0.0287299,7.64532,cut,2714,1568,no
rKaHyPar,sat14_6s131-opt.cnf.dual.hgr,no,no,0,2,0.03,0.00845895,2.03435,cut,276,276,no
rKaHyPar,sat14_6s131-opt.cnf.dual.hgr,no,no,1,2,0.03,0.028802,2.16643,cut,247,247,no
rKaHyPar,sat14_6s131-opt.cnf.dual.hgr,no,no,2,2,0.03,0.0193308,2.80531,cut,258,258,no
rKaHyPar,sat14_6s131-opt.cnf.dual.hgr,no,no,3,2,0.03,0.0102894,2.26068,cut,262,262,no
rKaHyPar,sat14_6s131-opt.cnf.dual.hgr,no,no,4,2,0.03,0.0297589,2.31897,cut,265,265,no
rKaHyPar,sat14_6s131-opt.cnf.dual.hgr,no,no,5,2,0.03,0.0127855,3.1034,cut,261,261,no
rKaHyPar,sat14_6s131-opt.cnf.dual.hgr,no,no,6,2,0.03,0.0179163,1.95749,cut,258,258,no
rKaHyPar,sat14_6s131-opt.cnf.dual.hgr,no,no,7,2,0.03,0.0282196,3.25979,cut,266,266,no
rKaHyPar,sat14_6s131-opt.cnf.dual.hgr,no,no,8,2,0.03,0,3.20446,cut,283,283,no
rKaHyPar,sat14_6s131-opt.cnf.dual.hgr,no,no,9,2,0.03,0.00897203,2.14323,cut,275,275,no
rKaHyPar,sat14_6s131-opt.cnf.dual.hgr,no,no,0,32,0.03,0.0226264,9.23157,cut,4612,1930,no
rKaHyPar,sat14_6s131-opt.cnf.dual.hgr,no,no,1,32,0.03,0.0199645,6.63618,cut,4401,1945,no
rKaHyPar,sat14_6s131-opt.cnf.dual.hgr,no,no,2,32,0.03,0.0286158,9.29991,cut,4693,2009,no
rKaHyPar,sat14_6s131-opt.cnf.dual.hgr,no,no,3,32,0.03,0.0292813,9.70272,cut,4757,1981,no
rKaHyPar,sat14_6s131-opt.cnf.dual.hgr,no,no,4,32,0.03,0.0286158,6.41343,cut,4441,1947,no
rKaHyPar,sat14_6s131-opt.cnf.dual.hgr,no,no,5,32,0.03,0.0224046,9.23534,cut,4333,1915,no
rKaHyPar,sat14_6s131-opt.cnf.dual.hgr,no,no,6,32,0.03,0.0221828,9.31733,cut,4511,1918,no
rKaHyPar,sat14_6s131-opt.cnf.dual.hgr,no,no,7,32,0.03,0.0299468,6.58044,cut,4333,1955,no
rKaHyPar,sat14_6s131-opt.cnf.dual.hgr,no,no,8,32,0.03,0.0295031,6.53179,cut,4484,1895,no
rKaHyPar,sat14_6s131-opt.cnf.dual.hgr,no,no,9,32,0.03,0.0288376,9.13128,cut,4457,1926,no
rKaHyPar,sat14_6s131-opt.cnf.dual.hgr,no,no,0,4,0.03,0.0295366,4.70906,cut,639,530,no
rKaHyPar,sat14_6s131-opt.cnf.dual.hgr,no,no,1,4,0.03,0.0296475,3.3824,cut,676,618,no
rKaHyPar,sat14_6s131-opt.cnf.dual.hgr,no,no,2,4,0.03,0.0299526,4.77895,cut,605,512,no
rKaHyPar,sat14_6s131-opt.cnf.dual.hgr,no,no,3,4,0.03,0.029287,4.92671,cut,651,586,no
rKaHyPar,sat14_6s131-opt.cnf.dual.hgr,no,no,4,4,0.03,0.0296752,5.00792,cut,651,543,no
rKaHyPar,sat14_6s131-opt.cnf.dual.hgr,no,no,5,4,0.03,0.0298971,3.32955,cut,615,518,no
rKaHyPar,sat14_6s131-opt.cnf.dual.hgr,no,no,6,4,0.03,0.0289264,3.2812,cut,626,601,no
rKaHyPar,sat14_6s131-opt.cnf.dual.hgr,no,no,7,4,0.03,0.0297862,4.53764,cut,610,513,no
rKaHyPar,sat14_6s131-opt.cnf.dual.hgr,no,no,8,4,0.03,0.0299526,4.76447,cut,635,531,no
rKaHyPar,sat14_6s131-opt.cnf.dual.hgr,no,no,9,4,0.03,0.029287,4.90985,cut,629,525,no
rKaHyPar,sat14_6s131-opt.cnf.dual.hgr,no,no,0,64,0.03,0.0288376,11.7426,cut,6510,2388,no
rKaHyPar,sat14_6s131-opt.cnf.dual.hgr,no,no,1,64,0.03,0.0297249,11.3786,cut,6517,2428,no
rKaHyPar,sat14_6s131-opt.cnf.dual.hgr,no,no,2,64,0.03,0.0297249,8.28439,cut,6697,2396,no
rKaHyPar,sat14_6s131-opt.cnf.dual.hgr,no,no,3,64,0.03,0.0266193,8.00282,cut,6564,2385,no
rKaHyPar,sat14_6s131-opt.cnf.dual.hgr,no,no,4,64,0.03,0.0297249,7.93928,cut,6706,2403,no
rKaHyPar,sat14_6s131-opt.cnf.dual.hgr,no,no,5,64,0.03,0.0297249,11.2599,cut,6489,2376,no
rKaHyPar,sat14_6s131-opt.cnf.dual.hgr,no,no,6,64,0.03,0.028394,7.96968,cut,6591,2434,no
rKaHyPar,sat14_6s131-opt.cnf.dual.hgr,no,no,7,64,0.03,0.0275067,8.21841,cut,6596,2417,no
rKaHyPar,sat14_6s131-opt.cnf.dual.hgr,no,no,8,64,0.03,0.0288376,8.0422,cut,6502,2402,no
rKaHyPar,sat14_6s131-opt.cnf.dual.hgr,no,no,9,64,0.03,0.0297249,8.10206,cut,6766,2466,no
rKaHyPar,sat14_6s131-opt.cnf.dual.hgr,no,no,0,8,0.03,0.0287315,4.68684,cut,1402,1068,no
rKaHyPar,sat14_6s131-opt.cnf.dual.hgr,no,no,1,8,0.03,0.0298408,5.35682,cut,1534,1111,no
rKaHyPar,sat14_6s131-opt.cnf.dual.hgr,no,no,2,8,0.03,0.029508,6.90678,cut,1451,1141,no
rKaHyPar,sat14_6s131-opt.cnf.dual.hgr,no,no,3,8,0.03,0.0280104,6.68414,cut,1573,1129,no
rKaHyPar,sat14_6s131-opt.cnf.dual.hgr,no,no,4,8,0.03,0.0297853,4.73321,cut,1479,1080,no
rKaHyPar,sat14_6s131-opt.cnf.dual.hgr,no,no,5,8,0.03,0.0285096,4.74333,cut,1356,1065,no
rKaHyPar,sat14_6s131-opt.cnf.dual.hgr,no,no,6,8,0.03,0.0298408,6.69764,cut,1476,1143,no
rKaHyPar,sat14_6s131-opt.cnf.dual.hgr,no,no,7,8,0.03,0.0294525,6.56266,cut,1386,1055,no
rKaHyPar,sat14_6s131-opt.cnf.dual.hgr,no,no,8,8,0.03,0.0297853,6.7083,cut,1382,1050,no
rKaHyPar,sat14_6s131-opt.cnf.dual.hgr,no,no,9,8,0.03,0.0290643,6.54239,cut,1341,1032,no
rKaHyPar,sat14_6s131-opt.cnf.hgr,no,no,0,128,0.03,0.0298314,22.9584,cut,34416,29622,no
rKaHyPar,sat14_6s131-opt.cnf.hgr,no,no,1,128,0.03,0.0298314,31.954,cut,34467,29510,no
rKaHyPar,sat14_6s131-opt.cnf.hgr,no,no,2,128,0.03,0.0298314,23.185,cut,34512,29631,no
rKaHyPar,sat14_6s131-opt.cnf.hgr,no,no,3,128,0.03,0.0298314,22.8674,cut,34614,29614,no
rKaHyPar,sat14_6s131-opt.cnf.hgr,no,no,4,128,0.03,0.0298314,32.1011,cut,34427,29446,no
rKaHyPar,sat14_6s131-opt.cnf.hgr,no,no,5,128,0.03,0.0298314,32.164,cut,34434,29594,no
rKaHyPar,sat14_6s131-opt.cnf.hgr,no,no,6,128,0.03,0.0298314,32.4282,cut,34299,29427,no
rKaHyPar,sat14_6s131-opt.cnf.hgr,no,no,7,128,0.03,0.0298314,23.2794,cut,34398,29718,no
rKaHyPar,sat14_6s131-opt.cnf.hgr,no,no,8,128,0.03,0.0298314,23.1516,cut,34323,29447,no
rKaHyPar,sat14_6s131-opt.cnf.hgr,no,no,9,128,0.03,0.0298314,22.6998,cut,34191,29586,no
rKaHyPar,sat14_6s131-opt.cnf.hgr,no,no,0,16,0.03,0.029703,19.7188,cut,12266,11351,no
rKaHyPar,sat14_6s131-opt.cnf.hgr,no,no,1,16,0.03,0.0298653,20.2334,cut,12257,11283,no
rKaHyPar,sat14_6s131-opt.cnf.hgr,no,no,2,16,0.03,0.0298653,14.7675,cut,11856,11002,no
rKaHyPar,sat14_6s131-opt.cnf.hgr,no,no,3,16,0.03,0.0288914,19.2844,cut,12527,11666,no
rKaHyPar,sat14_6s131-opt.cnf.hgr,no,no,4,16,0.03,0.0298653,20.9046,cut,12320,11417,no
rKaHyPar,sat14_6s131-opt.cnf.hgr,no,no,5,16,0.03,0.0298653,14.134,cut,12264,11229,no
rKaHyPar,sat14_6s131-opt.cnf.hgr,no,no,6,16,0.03,0.0298653,19.5841,cut,12063,11107,no
rKaHyPar,sat14_6s131-opt.cnf.hgr,no,no,7,16,0.03,0.029703,20.6613,cut,12394,11458,no
rKaHyPar,sat14_6s131-opt.cnf.hgr,no,no,8,16,0.03,0.0298653,14.6796,cut,12055,11249,no
rKaHyPar,sat14_6s131-opt.cnf.hgr,no,no,9,16,0.03,0.0298653,19.1236,cut,11861,10993,no
rKaHyPar,sat14_6s131-opt.cnf.hgr,no,no,0,2,0.03,0.0280021,4.14662,cut,1364,1364,no
rKaHyPar,sat14_6s131-opt.cnf.hgr,no,no,1,2,0.03,0.0293819,4.32952,cut,1380,1380,no
rKaHyPar,sat14_6s131-opt.cnf.hgr,no,no,2,2,0.03,0.024654,5.89869,cut,1367,1367,no
rKaHyPar,sat14_6s131-opt.cnf.hgr,no,no,3,2,0.03,0.0280021,4.11692,cut,1364,1364,no
rKaHyPar,sat14_6s131-opt.cnf.hgr,no,no,4,2,0.03,0.0299907,8.93157,cut,1428,1428,no
rKaHyPar,sat14_6s131-opt.cnf.hgr,no,no,5,2,0.03,0.00375391,6.04453,cut,1391,1391,no
rKaHyPar,sat14_6s131-opt.cnf.hgr,no,no,6,2,0.03,0.0269672,4.37355,cut,1365,1365,no
rKaHyPar,sat14_6s131-opt.cnf.hgr,no,no,7,2,0.03,0.00535693,5.80053,cut,1390,1390,no
rKaHyPar,sat14_6s131-opt.cnf.hgr,no,no,8,2,0.03,0.00251613,6.11872,cut,1394,1394,no
rKaHyPar,sat14_6s131-opt.cnf.hgr,no,no,9,2,0.03,0.0186275,4.19095,cut,1407,1407,no
rKaHyPar,sat14_6s131-opt.cnf.hgr,no,no,0,32,0.03,0.0298604,23.9373,cut,18716,16979,no
rKaHyPar,sat14_6s131-opt.cnf.hgr,no,no,1,32,0.03,0.0298604,17.5825,cut,18850,17098,no
rKaHyPar,sat14_6s131-opt.cnf.hgr,no,no,2,32,0.03,0.0298604,23.6408,cut,18301,16639,no
rKaHyPar,sat14_6s131-opt.cnf.hgr,no,no,3,32,0.03,0.0298604,24.1017,cut,18276,16504,no
rKaHyPar,sat14_6s131-opt.cnf.hgr,no,no,4,32,0.03,0.0298604,17.3768,cut,18111,16484,no
rKaHyPar,sat14_6s131-opt.cnf.hgr,no,no,5,32,0.03,0.0298604,24.3082,cut,18464,16795,no
rKaHyPar,sat14_6s131-opt.cnf.hgr,no,no,6,32,0.03,0.0298604,24.371,cut,18344,16521,no
rKaHyPar,sat14_6s131-opt.cnf.hgr,no,no,7,32,0.03,0.0298604,17.4477,cut,18542,16756,no
rKaHyPar,sat14_6s131-opt.cnf.hgr,no,no,8,32,0.03,0.0298604,17.4748,cut,18299,16738,no
rKaHyPar,sat14_6s131-opt.cnf.hgr,no,no,9,32,0.03,0.0298604,23.7631,cut,18567,17005,no
rKaHyPar,sat14_6s131-opt.cnf.hgr,no,no,0,4,0.03,0.0299907,12.6378,cut,3510,3265,no
rKaHyPar,sat14_6s131-opt.cnf.hgr,no,no,1,4,0.03,0.0299501,8.9333,cut,3629,3389,no
rKaHyPar,sat14_6s131-opt.cnf.hgr,no,no,2,4,0.03,0.0299907,15.6202,cut,3555,3318,no
rKaHyPar,sat14_6s131-opt.cnf.hgr,no,no,3,4,0.03,0.0299501,11.726,cut,3556,3304,no
rKaHyPar,sat14_6s131-opt.cnf.hgr,no,no,4,4,0.03,0.0298689,12.2874,cut,3562,3318,no
rKaHyPar,sat14_6s131-opt.cnf.hgr,no,no,5,4,0.03,0.0299907,8.99851,cut,3537,3288,no
rKaHyPar,sat14_6s131-opt.cnf.hgr,no,no,6,4,0.03,0.0299501,12.2107,cut,3520,3279,no
rKaHyPar,sat14_6s131-opt.cnf.hgr,no,no,7,4,0.03,0.0299907,15.6223,cut,3484,3240,no
rKaHyPar,sat14_6s131-opt.cnf.hgr,no,no,8,4,0.03,0.0299501,13.9066,cut,3626,3381,no
rKaHyPar,sat14_6s131-opt.cnf.hgr,no,no,9,4,0.03,0.0299907,11.4927,cut,3559,3309,no
rKaHyPar,sat14_6s131-opt.cnf.hgr,no,no,0,64,0.03,0.0298507,27.3391,cut,25607,22618,no
rKaHyPar,sat14_6s131-opt.cnf.hgr,no,no,1,64,0.03,0.0298507,26.9426,cut,25296,22510,no
rKaHyPar,sat14_6s131-opt.cnf.hgr,no,no,2,64,0.03,0.0298507,19.6595,cut,25651,22861,no
rKaHyPar,sat14_6s131-opt.cnf.hgr,no,no,3,64,0.03,0.0298507,19.5023,cut,25686,22745,no
rKaHyPar,sat14_6s131-opt.cnf.hgr,no,no,4,64,0.03,0.0298507,19.6116,cut,25730,22791,no
rKaHyPar,sat14_6s131-opt.cnf.hgr,no,no,5,64,0.03,0.0298507,27.1102,cut,25548,22709,no
rKaHyPar,sat14_6s131-opt.cnf.hgr,no,no,6,64,0.03,0.0298507,19.1017,cut,25632,22634,no
rKaHyPar,sat14_6s131-opt.cnf.hgr,no,no,7,64,0.03,0.0298507,19.7667,cut,25403,22613,no
rKaHyPar,sat14_6s131-opt.cnf.hgr,no,no,8,64,0.03,0.0298507,19.5442,cut,25029,22418,no
rKaHyPar,sat14_6s131-opt.cnf.hgr,no,no,9,64,0.03,0.0298507,18.892,cut,25411,22679,no
rKaHyPar,sat14_6s131-opt.cnf.hgr,no,no,0,8,0.03,0.0299489,17.7102,cut,7123,6613,no
rKaHyPar,sat14_6s131-opt.cnf.hgr,no,no,1,8,0.03,0.0299489,12.5086,cut,6638,6155,no
rKaHyPar,sat14_6s131-opt.cnf.hgr,no,no,2,8,0.03,0.0298677,19.2489,cut,6949,6346,no
rKaHyPar,sat14_6s131-opt.cnf.hgr,no,no,3,8,0.03,0.0299489,20.5416,cut,6866,6371,no
rKaHyPar,sat14_6s131-opt.cnf.hgr,no,no,4,8,0.03,0.0298677,13.8381,cut,7091,6626,no
rKaHyPar,sat14_6s131-opt.cnf.hgr,no,no,5,8,0.03,0.0299489,14.0416,cut,6726,6288,no
rKaHyPar,sat14_6s131-opt.cnf.hgr,no,no,6,8,0.03,0.0299489,21.3407,cut,6733,6263,no
rKaHyPar,sat14_6s131-opt.cnf.hgr,no,no,7,8,0.03,0.0298677,28.9495,cut,7225,6786,no
rKaHyPar,sat14_6s131-opt.cnf.hgr,no,no,8,8,0.03,0.0299489,18.1065,cut,6772,6329,no
rKaHyPar,sat14_6s131-opt.cnf.hgr,no,no,9,8,0.03,0.0299489,20.1348,cut,6905,6442,no
rKaHyPar,sat14_6s131-opt.cnf.primal.hgr,no,no,0,128,0.03,0.0284974,13.9346,cut,33528,30964,no
rKaHyPar,sat14_6s131-opt.cnf.primal.hgr,no,no,1,128,0.03,0.0284974,19.3265,cut,33374,30905,no
rKaHyPar,sat14_6s131-opt.cnf.primal.hgr,no,no,2,128,0.03,0.0284974,14.018,cut,33438,31068,no
rKaHyPar,sat14_6s131-opt.cnf.primal.hgr,no,no,3,128,0.03,0.0284974,14.2654,cut,33377,30799,no
rKaHyPar,sat14_6s131-opt.cnf.primal.hgr,no,no,4,128,0.03,0.0284974,19.1915,cut,33111,30786,no
rKaHyPar,sat14_6s131-opt.cnf.primal.hgr,no,no,5,128,0.03,0.0284974,19.2923,cut,33065,30736,no
rKaHyPar,sat14_6s131-opt.cnf.primal.hgr,no,no,6,128,0.03,0.0284974,19.6731,cut,33401,31045,no
rKaHyPar,sat14_6s131-opt.cnf.primal.hgr,no,no,7,128,0.03,0.0284974,13.992,cut,33060,30585,no
rKaHyPar,sat14_6s131-opt.cnf.primal.hgr,no,no,8,128,0.03,0.0284974,14.1602,cut,33320,30828,no
rKaHyPar,sat14_6s131-opt.cnf.primal.hgr,no,no,9,128,0.03,0.0284974,13.9269,cut,33317,30875,no
rKaHyPar,sat14_6s131-opt.cnf.primal.hgr,no,no,0,16,0.03,0.0298604,10.7362,cut,11990,11417,no
rKaHyPar,sat14_6s131-opt.cnf.primal.hgr,no,no,1,16,0.03,0.0298604,9.35069,cut,11898,11322,no
rKaHyPar,sat14_6s131-opt.cnf.primal.hgr,no,no,2,16,0.03,0.0298604,6.56746,cut,11894,11312,no
rKaHyPar,sat14_6s131-opt.cnf.primal.hgr,no,no,3,16,0.03,0.0298604,7.83408,cut,12307,11716,no
rKaHyPar,sat14_6s131-opt.cnf.primal.hgr,no,no,4,16,0.03,0.0298604,9.77088,cut,12043,11471,no
rKaHyPar,sat14_6s131-opt.cnf.primal.hgr,no,no,5,16,0.03,0.0298604,7.94879,cut,12024,11440,no
rKaHyPar,sat14_6s131-opt.cnf.primal.hgr,no,no,6,16,0.03,0.0292113,7.55839,cut,11898,11313,no
rKaHyPar,sat14_6s131-opt.cnf.primal.hgr,no,no,7,16,0.03,0.0298604,10.4842,cut,11911,11378,no
rKaHyPar,sat14_6s131-opt.cnf.primal.hgr,no,no,8,16,0.03,0.0298604,7.29709,cut,11912,11304,no
rKaHyPar,sat14_6s131-opt.cnf.primal.hgr,no,no,9,16,0.03,0.0298604,7.16297,cut,12163,11513,no
rKaHyPar,sat14_6s131-opt.cnf.primal.hgr,no,no,0,2,0.03,0.0299095,2.57755,cut,1396,1396,no
rKaHyPar,sat14_6s131-opt.cnf.primal.hgr,no,no,1,2,0.03,0.0299095,2.43272,cut,1409,1409,no
rKaHyPar,sat14_6s131-opt.cnf.primal.hgr,no,no,2,2,0.03,0.0299907,3.24193,cut,1405,1405,no
rKaHyPar,sat14_6s131-opt.cnf.primal.hgr,no,no,3,2,0.03,0.0299501,2.48442,cut,1408,1408,no
rKaHyPar,sat14_6s131-opt.cnf.primal.hgr,no,no,4,2,0.03,0.0299907,2.24115,cut,1407,1407,no
rKaHyPar,sat14_6s131-opt.cnf.primal.hgr,no,no,5,2,0.03,0.0269875,5.95857,cut,1402,1402,no
rKaHyPar,sat14_6s131-opt.cnf.primal.hgr,no,no,6,2,0.03,0.0299907,2.40521,cut,1397,1397,no
rKaHyPar,sat14_6s131-opt.cnf.primal.hgr,no,no,7,2,0.03,0.0174912,5.67663,cut,1442,1442,no
rKaHyPar,sat14_6s131-opt.cnf.primal.hgr,no,no,8,2,0.03,0.0299907,3.72035,cut,1393,1393,no
rKaHyPar,sat14_6s131-opt.cnf.primal.hgr,no,no,9,2,0.03,0.0299907,2.28104,cut,1394,1394,no
rKaHyPar,sat14_6s131-opt.cnf.primal.hgr,no,no,0,32,0.03,0.0298507,11.947,cut,17821,16910,no
rKaHyPar,sat14_6s131-opt.cnf.primal.hgr,no,no,1,32,0.03,0.0298507,8.84837,cut,18175,17243,no
rKaHyPar,sat14_6s131-opt.cnf.primal.hgr,no,no,2,32,0.03,0.0298507,8.61421,cut,18202,17258,no
rKaHyPar,sat14_6s131-opt.cnf.primal.hgr,no,no,3,32,0.03,0.0298507,12.7799,cut,18074,17116,no
rKaHyPar,sat14_6s131-opt.cnf.primal.hgr,no,no,4,32,0.03,0.0298507,8.99148,cut,18108,17212,no
rKaHyPar,sat14_6s131-opt.cnf.primal.hgr,no,no,5,32,0.03,0.0298507,12.1644,cut,17936,16983,no
rKaHyPar,sat14_6s131-opt.cnf.primal.hgr,no,no,6,32,0.03,0.0298507,12.489,cut,17984,17035,no
rKaHyPar,sat14_6s131-opt.cnf.primal.hgr,no,no,7,32,0.03,0.0298507,8.61273,cut,18136,17158,no
rKaHyPar,sat14_6s131-opt.cnf.primal.hgr,no,no,8,32,0.03,0.0298507,9.07878,cut,18182,17162,no
rKaHyPar,sat14_6s131-opt.cnf.primal.hgr,no,no,9,32,0.03,0.0298507,12.2106,cut,18044,17229,no
rKaHyPar,sat14_6s131-opt.cnf.primal.hgr,no,no,0,4,0.03,0.0299489,15.3312,cut,3691,3477,no
rKaHyPar,sat14_6s131-opt.cnf.primal.hgr,no,no,1,4,0.03,0.0299489,8.41101,cut,3593,3489,no
rKaHyPar,sat14_6s131-opt.cnf.primal.hgr,no,no,2,4,0.03,0.0299489,9.03523,cut,3579,3368,no
rKaHyPar,sat14_6s131-opt.cnf.primal.hgr,no,no,3,4,0.03,0.0299489,9.87764,cut,3703,3491,no
rKaHyPar,sat14_6s131-opt.cnf.primal.hgr,no,no,4,4,0.03,0.0299489,12.29,cut,3641,3431,no
rKaHyPar,sat14_6s131-opt.cnf.primal.hgr,no,no,5,4,0.03,0.0298677,11.512,cut,3806,3586,no
rKaHyPar,sat14_6s131-opt.cnf.primal.hgr,no,no,6,4,0.03,0.0299489,12.6782,cut,3535,3330,no
rKaHyPar,sat14_6s131-opt.cnf.primal.hgr,no,no,7,4,0.03,0.0297054,5.78034,cut,3379,3140,no
rKaHyPar,sat14_6s131-opt.cnf.primal.hgr,no,no,8,4,0.03,0.0299489,9.0841,cut,3654,3446,no
rKaHyPar,sat14_6s131-opt.cnf.primal.hgr,no,no,9,4,0.03,0.0299489,10.1341,cut,3618,3407,no
rKaHyPar,sat14_6s131-opt.cnf.primal.hgr,no,no,0,64,0.03,0.0298314,14.5736,cut,24561,23088,no
rKaHyPar,sat14_6s131-opt.cnf.primal.hgr,no,no,1,64,0.03,0.0298314,14.7038,cut,24553,23067,no
rKaHyPar,sat14_6s131-opt.cnf.primal.hgr,no,no,2,64,0.03,0.0298314,10.4569,cut,24413,22970,no
rKaHyPar,sat14_6s131-opt.cnf.primal.hgr,no,no,3,64,0.03,0.0298314,10.8939,cut,24369,22993,no
rKaHyPar,sat14_6s131-opt.cnf.primal.hgr,no,no,4,64,0.03,0.0298314,10.6901,cut,24648,23243,no
rKaHyPar,sat14_6s131-opt.cnf.primal.hgr,no,no,5,64,0.03,0.0298314,14.6687,cut,24183,22842,no
rKaHyPar,sat14_6s131-opt.cnf.primal.hgr,no,no,6,64,0.03,0.0298314,10.5666,cut,24403,23039,no
rKaHyPar,sat14_6s131-opt.cnf.primal.hgr,no,no,7,64,0.03,0.0298314,10.7064,cut,24336,23019,no
rKaHyPar,sat14_6s131-opt.cnf.primal.hgr,no,no,8,64,0.03,0.0298314,10.7937,cut,24446,23048,no
rKaHyPar,sat14_6s131-opt.cnf.primal.hgr,no,no,9,64,0.03,0.0298314,10.6025,cut,24682,23295,no
rKaHyPar,sat14_6s131-opt.cnf.primal.hgr,no,no,0,8,0.03,0.0298653,7.00148,cut,7201,6966,no
rKaHyPar,sat14_6s131-opt.cnf.primal.hgr,no,no,1,8,0.03,0.0298653,6.16321,cut,7059,6747,no
rKaHyPar,sat14_6s131-opt.cnf.primal.hgr,no,no,2,8,0.03,0.0298653,8.74927,cut,6863,6571,no
rKaHyPar,sat14_6s131-opt.cnf.primal.hgr,no,no,3,8,0.03,0.0298653,9.13841,cut,7041,6751,no
rKaHyPar,sat14_6s131-opt.cnf.primal.hgr,no,no,4,8,0.03,0.0298653,8.46795,cut,7077,6766,no
rKaHyPar,sat14_6s131-opt.cnf.primal.hgr,no,no,5,8,0.03,0.0298653,6.0503,cut,6858,6571,no
rKaHyPar,sat14_6s131-opt.cnf.primal.hgr,no,no,6,8,0.03,0.0298653,9.22295,cut,7027,6747,no
rKaHyPar,sat14_6s131-opt.cnf.primal.hgr,no,no,7,8,0.03,0.0298653,8.68564,cut,6628,6321,no
rKaHyPar,sat14_6s131-opt.cnf.primal.hgr,no,no,8,8,0.03,0.0298653,9.74817,cut,7122,6807,no
rKaHyPar,sat14_6s131-opt.cnf.primal.hgr,no,no,9,8,0.03,0.0298653,9.54307,cut,7166,6841,no
rKaHyPar,sat14_6s133.cnf.dual.hgr,no,no,0,128,0.03,0.0290381,10.2689,cut,9780,2962,no
rKaHyPar,sat14_6s133.cnf.dual.hgr,no,no,1,128,0.03,0.0290381,14.5077,cut,9272,2995,no
rKaHyPar,sat14_6s133.cnf.dual.hgr,no,no,2,128,0.03,0.0299456,10.1652,cut,9535,2969,no
rKaHyPar,sat14_6s133.cnf.dual.hgr,no,no,3,128,0.03,0.0290381,10.1387,cut,9513,3004,no
rKaHyPar,sat14_6s133.cnf.dual.hgr,no,no,4,128,0.03,0.0290381,14.3381,cut,9590,2961,no
rKaHyPar,sat14_6s133.cnf.dual.hgr,no,no,5,128,0.03,0.0299456,14.5446,cut,9592,2997,no
rKaHyPar,sat14_6s133.cnf.dual.hgr,no,no,6,128,0.03,0.0290381,14.8328,cut,9580,2991,no
rKaHyPar,sat14_6s133.cnf.dual.hgr,no,no,7,128,0.03,0.0290381,10.2266,cut,9373,2949,no
rKaHyPar,sat14_6s133.cnf.dual.hgr,no,no,8,128,0.03,0.0290381,10.1761,cut,9254,2972,no
rKaHyPar,sat14_6s133.cnf.dual.hgr,no,no,9,128,0.03,0.0299456,10.1657,cut,9327,2981,no
rKaHyPar,sat14_6s133.cnf.dual.hgr,no,no,0,16,0.03,0.0272387,7.90376,cut,3109,1512,no
rKaHyPar,sat14_6s133.cnf.dual.hgr,no,no,1,16,0.03,0.0295086,8.31778,cut,2855,1557,no
rKaHyPar,sat14_6s133.cnf.dual.hgr,no,no,2,16,0.03,0.0299625,5.44485,cut,3147,1561,no
rKaHyPar,sat14_6s133.cnf.dual.hgr,no,no,3,16,0.03,0.0293951,5.35885,cut,3170,1562,no
rKaHyPar,sat14_6s133.cnf.dual.hgr,no,no,4,16,0.03,0.0288276,7.97548,cut,3191,1521,no
rKaHyPar,sat14_6s133.cnf.dual.hgr,no,no,5,16,0.03,0.0289411,5.42338,cut,3195,1532,no
rKaHyPar,sat14_6s133.cnf.dual.hgr,no,no,6,16,0.03,0.0291681,5.38397,cut,2981,1514,no
rKaHyPar,sat14_6s133.cnf.dual.hgr,no,no,7,16,0.03,0.0296221,8.27904,cut,3046,1476,no
rKaHyPar,sat14_6s133.cnf.dual.hgr,no,no,8,16,0.03,0.0295086,5.42066,cut,3019,1484,no
rKaHyPar,sat14_6s133.cnf.dual.hgr,no,no,9,16,0.03,0.0251958,5.74243,cut,3354,1489,no
rKaHyPar,sat14_6s133.cnf.dual.hgr,no,no,0,2,0.03,0,2.26128,cut,291,291,no
rKaHyPar,sat14_6s133.cnf.dual.hgr,no,no,1,2,0.03,0.0289995,2.40222,cut,304,304,no
rKaHyPar,sat14_6s133.cnf.dual.hgr,no,no,2,2,0.03,0,3.40584,cut,291,291,no
rKaHyPar,sat14_6s133.cnf.dual.hgr,no,no,3,2,0.03,0.0134073,2.20334,cut,269,269,no
rKaHyPar,sat14_6s133.cnf.dual.hgr,no,no,4,2,0.03,0.011875,2.24066,cut,269,269,no
rKaHyPar,sat14_6s133.cnf.dual.hgr,no,no,5,2,0.03,0.0144288,3.25475,cut,269,269,no
rKaHyPar,sat14_6s133.cnf.dual.hgr,no,no,6,2,0.03,0.00791669,2.21426,cut,266,266,no
rKaHyPar,sat14_6s133.cnf.dual.hgr,no,no,7,2,0.03,0,3.24408,cut,291,291,no
rKaHyPar,sat14_6s133.cnf.dual.hgr,no,no,8,2,0.03,0.018983,3.29523,cut,266,266,no
rKaHyPar,sat14_6s133.cnf.dual.hgr,no,no,9,2,0.03,0.00791669,2.18634,cut,266,266,no
rKaHyPar,sat14_6s133.cnf.dual.hgr,no,no,0,32,0.03,0.024512,9.44246,cut,4909,1905,no
rKaHyPar,sat14_6s133.cnf.dual.hgr,no,no,1,32,0.03,0.0242851,6.53109,cut,4739,1955,no
rKaHyPar,sat14_6s133.cnf.dual.hgr,no,no,2,32,0.03,0.0299591,6.37409,cut,4749,1920,no
rKaHyPar,sat14_6s133.cnf.dual.hgr,no,no,3,32,0.03,0.0297322,9.31229,cut,4722,1922,no
rKaHyPar,sat14_6s133.cnf.dual.hgr,no,no,4,32,0.03,0.0295052,6.62404,cut,4557,1937,no
rKaHyPar,sat14_6s133.cnf.dual.hgr,no,no,5,32,0.03,0.0295052,9.27174,cut,5054,2002,no
rKaHyPar,sat14_6s133.cnf.dual.hgr,no,no,6,32,0.03,0.0297322,9.36814,cut,4960,1976,no
rKaHyPar,sat14_6s133.cnf.dual.hgr,no,no,7,32,0.03,0.0299591,6.60386,cut,4846,1887,no
rKaHyPar,sat14_6s133.cnf.dual.hgr,no,no,8,32,0.03,0.0283704,6.5116,cut,4859,1916,no
rKaHyPar,sat14_6s133.cnf.dual.hgr,no,no,9,32,0.03,0.0288243,9.28597,cut,4704,1917,no
rKaHyPar,sat14_6s133.cnf.dual.hgr,no,no,0,4,0.03,0.0138187,4.97365,cut,718,622,no
rKaHyPar,sat14_6s133.cnf.dual.hgr,no,no,1,4,0.03,0.0265876,3.35354,cut,692,606,no
rKaHyPar,sat14_6s133.cnf.dual.hgr,no,no,2,4,0.03,0.0283185,5.0826,cut,686,599,no
rKaHyPar,sat14_6s133.cnf.dual.hgr,no,no,3,4,0.03,0.029794,4.92691,cut,703,596,no
rKaHyPar,sat14_6s133.cnf.dual.hgr,no,no,4,4,0.03,0.0214517,4.94187,cut,702,599,no
rKaHyPar,sat14_6s133.cnf.dual.hgr,no,no,5,4,0.03,0.0270983,3.31788,cut,697,596,no
rKaHyPar,sat14_6s133.cnf.dual.hgr,no,no,6,4,0.03,0.0191249,4.78603,cut,729,590,no
rKaHyPar,sat14_6s133.cnf.dual.hgr,no,no,7,4,0.03,0.0204302,4.92831,cut,854,597,no
rKaHyPar,sat14_6s133.cnf.dual.hgr,no,no,8,4,0.03,0.0267862,4.87442,cut,683,599,no
rKaHyPar,sat14_6s133.cnf.dual.hgr,no,no,9,4,0.03,0.01694,4.95605,cut,810,582,no
rKaHyPar,sat14_6s133.cnf.dual.hgr,no,no,0,64,0.03,0.0281434,11.4948,cut,7004,2363,no
rKaHyPar,sat14_6s133.cnf.dual.hgr,no,no,1,64,0.03,0.0290513,11.6963,cut,6418,2438,no
rKaHyPar,sat14_6s133.cnf.dual.hgr,no,no,2,64,0.03,0.0281434,8.02864,cut,6751,2424,no
rKaHyPar,sat14_6s133.cnf.dual.hgr,no,no,3,64,0.03,0.0258738,8.06485,cut,6713,2419,no
rKaHyPar,sat14_6s133.cnf.dual.hgr,no,no,4,64,0.03,0.0299591,7.97332,cut,6769,2464,no
rKaHyPar,sat14_6s133.cnf.dual.hgr,no,no,5,64,0.03,0.0295052,11.3509,cut,6618,2462,no
rKaHyPar,sat14_6s133.cnf.dual.hgr,no,no,6,64,0.03,0.0281434,7.97481,cut,6899,2382,no
rKaHyPar,sat14_6s133.cnf.dual.hgr,no,no,7,64,0.03,0.0295052,7.99848,cut,7018,2438,no
rKaHyPar,sat14_6s133.cnf.dual.hgr,no,no,8,64,0.03,0.0299591,7.99812,cut,6793,2424,no
rKaHyPar,sat14_6s133.cnf.dual.hgr,no,no,9,64,0.03,0.0295052,8.07203,cut,6831,2390,no
rKaHyPar,sat14_6s133.cnf.dual.hgr,no,no,0,8,0.03,0.0281482,4.60664,cut,1764,1148,no
rKaHyPar,sat14_6s133.cnf.dual.hgr,no,no,1,8,0.03,0.027297,4.65932,cut,1775,1130,no
rKaHyPar,sat14_6s133.cnf.dual.hgr,no,no,2,8,0.03,0.028205,6.69133,cut,1722,1137,no
rKaHyPar,sat14_6s133.cnf.dual.hgr,no,no,3,8,0.03,0.029794,6.44507,cut,1682,1157,no
rKaHyPar,sat14_6s133.cnf.dual.hgr,no,no,4,8,0.03,0.0193519,6.47339,cut,1707,1134,no
rKaHyPar,sat14_6s133.cnf.dual.hgr,no,no,5,8,0.03,0.0144146,4.37486,cut,1785,1153,no
rKaHyPar,sat14_6s133.cnf.dual.hgr,no,no,6,8,0.03,0.0193519,7.00664,cut,1639,1109,no
rKaHyPar,sat14_6s133.cnf.dual.hgr,no,no,7,8,0.03,0.0230974,7.3537,cut,1829,1112,no
rKaHyPar,sat14_6s133.cnf.dual.hgr,no,no,8,8,0.03,0.026389,6.87749,cut,1683,1147,no
rKaHyPar,sat14_6s133.cnf.dual.hgr,no,no,9,8,0.03,0.0133931,6.63875,cut,1686,1126,no
rKaHyPar,sat14_6s133.cnf.hgr,no,no,0,128,0.03,0.0291777,21.8764,cut,34786,29382,no
rKaHyPar,sat14_6s133.cnf.hgr,no,no,1,128,0.03,0.0291777,30.6473,cut,34521,29194,no
rKaHyPar,sat14_6s133.cnf.hgr,no,no,2,128,0.03,0.0291777,21.6015,cut,34475,29284,no
rKaHyPar,sat14_6s133.cnf.hgr,no,no,3,128,0.03,0.0291777,22.1246,cut,34631,29225,no
rKaHyPar,sat14_6s133.cnf.hgr,no,no,4,128,0.03,0.0291777,29.8606,cut,34252,29313,no
rKaHyPar,sat14_6s133.cnf.hgr,no,no,5,128,0.03,0.0291777,30.2659,cut,34290,29103,no
rKaHyPar,sat14_6s133.cnf.hgr,no,no,6,128,0.03,0.0291777,30.1473,cut,34577,29162,no
rKaHyPar,sat14_6s133.cnf.hgr,no,no,7,128,0.03,0.0291777,21.5801,cut,35245,29478,no
rKaHyPar,sat14_6s133.cnf.hgr,no,no,8,128,0.03,0.0291777,21.8763,cut,34493,29031,no
rKaHyPar,sat14_6s133.cnf.hgr,no,no,9,128,0.03,0.0291777,21.6456,cut,34774,29268,no
rKaHyPar,sat14_6s133.cnf.hgr,no,no,0,16,0.03,0.0298656,18.0558,cut,13540,12318,no
rKaHyPar,sat14_6s133.cnf.hgr,no,no,1,16,0.03,0.0298656,21.0254,cut,13463,12241,no
rKaHyPar,sat14_6s133.cnf.hgr,no,no,2,16,0.03,0.0298656,18.3207,cut,13460,12394,no
rKaHyPar,sat14_6s133.cnf.hgr,no,no,3,16,0.03,0.0298656,17.5576,cut,13032,12022,no
rKaHyPar,sat14_6s133.cnf.hgr,no,no,4,16,0.03,0.0298656,18.1569,cut,13767,12412,no
rKaHyPar,sat14_6s133.cnf.hgr,no,no,5,16,0.03,0.0298656,15.7388,cut,13561,12385,no
rKaHyPar,sat14_6s133.cnf.hgr,no,no,6,16,0.03,0.0296997,16.5857,cut,13545,12389,no
rKaHyPar,sat14_6s133.cnf.hgr,no,no,7,16,0.03,0.0298656,27.9901,cut,13770,12631,no
rKaHyPar,sat14_6s133.cnf.hgr,no,no,8,16,0.03,0.0298656,17.2171,cut,13539,12465,no
rKaHyPar,sat14_6s133.cnf.hgr,no,no,9,16,0.03,0.0298656,13.9611,cut,13807,12575,no
rKaHyPar,sat14_6s133.cnf.hgr,no,no,0,2,0.03,0.0208441,3.84722,cut,1928,1928,no
rKaHyPar,sat14_6s133.cnf.hgr,no,no,1,2,0.03,0.0208441,4.02704,cut,1928,1928,no
rKaHyPar,sat14_6s133.cnf.hgr,no,no,2,2,0.03,0.0130043,5.62441,cut,1792,1792,no
rKaHyPar,sat14_6s133.cnf.hgr,no,no,3,2,0.03,0.0208441,3.85829,cut,1928,1928,no
rKaHyPar,sat14_6s133.cnf.hgr,no,no,4,2,0.03,0.0208441,3.93178,cut,1928,1928,no
rKaHyPar,sat14_6s133.cnf.hgr,no,no,5,2,0.03,0.0208441,5.60921,cut,1928,1928,no
rKaHyPar,sat14_6s133.cnf.hgr,no,no,6,2,0.03,0.0208441,3.95264,cut,1928,1928,no
rKaHyPar,sat14_6s133.cnf.hgr,no,no,7,2,0.03,0.0208441,5.51966,cut,1928,1928,no
rKaHyPar,sat14_6s133.cnf.hgr,no,no,8,2,0.03,0.0208441,5.54457,cut,1928,1928,no
rKaHyPar,sat14_6s133.cnf.hgr,no,no,9,2,0.03,0.0208441,3.76798,cut,1928,1928,no
rKaHyPar,sat14_6s133.cnf.hgr,no,no,0,32,0.03,0.0298607,22.6534,cut,19359,17167,no
rKaHyPar,sat14_6s133.cnf.hgr,no,no,1,32,0.03,0.0298607,15.9971,cut,19124,17131,no
rKaHyPar,sat14_6s133.cnf.hgr,no,no,2,32,0.03,0.0298607,16.4282,cut,19038,17219,no
rKaHyPar,sat14_6s133.cnf.hgr,no,no,3,32,0.03,0.0298607,21.8463,cut,18452,16859,no
rKaHyPar,sat14_6s133.cnf.hgr,no,no,4,32,0.03,0.0298607,15.8113,cut,18806,17214,no
rKaHyPar,sat14_6s133.cnf.hgr,no,no,5,32,0.03,0.0298607,21.8174,cut,19438,17301,no
rKaHyPar,sat14_6s133.cnf.hgr,no,no,6,32,0.03,0.0298607,22.5366,cut,19076,17229,no
rKaHyPar,sat14_6s133.cnf.hgr,no,no,7,32,0.03,0.0298607,16.0416,cut,19599,17400,no
rKaHyPar,sat14_6s133.cnf.hgr,no,no,8,32,0.03,0.0298607,16.9809,cut,18688,17189,no
rKaHyPar,sat14_6s133.cnf.hgr,no,no,9,32,0.03,0.0298607,22.906,cut,18696,16950,no
rKaHyPar,sat14_6s133.cnf.hgr,no,no,0,4,0.03,0.02999,11.0001,cut,4233,4090,no
rKaHyPar,sat14_6s133.cnf.hgr,no,no,1,4,0.03,0.0277086,28.3032,cut,4217,3993,no
rKaHyPar,sat14_6s133.cnf.hgr,no,no,2,4,0.03,0.0297826,11.0697,cut,4447,4215,no
rKaHyPar,sat14_6s133.cnf.hgr,no,no,3,4,0.03,0.0122366,9.97191,cut,4456,4183,no
rKaHyPar,sat14_6s133.cnf.hgr,no,no,4,4,0.03,0.014435,7.48148,cut,4336,4087,no
rKaHyPar,sat14_6s133.cnf.hgr,no,no,5,4,0.03,0.0134395,7.21077,cut,4264,4096,no
rKaHyPar,sat14_6s133.cnf.hgr,no,no,6,4,0.03,0.0122366,7.03605,cut,4277,4117,no
rKaHyPar,sat14_6s133.cnf.hgr,no,no,7,4,0.03,0.026008,18.3464,cut,4137,4118,no
rKaHyPar,sat14_6s133.cnf.hgr,no,no,8,4,0.03,0.0280405,23.5232,cut,4572,4342,no
rKaHyPar,sat14_6s133.cnf.hgr,no,no,9,4,0.03,0.0299486,39.6365,cut,4221,3981,no
rKaHyPar,sat14_6s133.cnf.hgr,no,no,0,64,0.03,0.0298607,25.7121,cut,25598,22510,no
rKaHyPar,sat14_6s133.cnf.hgr,no,no,1,64,0.03,0.0298607,25.0848,cut,25099,22168,no
rKaHyPar,sat14_6s133.cnf.hgr,no,no,2,64,0.03,0.0298607,18.8497,cut,25660,22440,no
rKaHyPar,sat14_6s133.cnf.hgr,no,no,3,64,0.03,0.0298607,18.4225,cut,26041,22943,no
rKaHyPar,sat14_6s133.cnf.hgr,no,no,4,64,0.03,0.0298607,18.3295,cut,25996,22777,no
rKaHyPar,sat14_6s133.cnf.hgr,no,no,5,64,0.03,0.0298607,25.2125,cut,25575,22569,no
rKaHyPar,sat14_6s133.cnf.hgr,no,no,6,64,0.03,0.0298607,25.593,cut,25820,22514,no
rKaHyPar,sat14_6s133.cnf.hgr,no,no,7,64,0.03,0.0298607,18.451,cut,25700,22550,no
rKaHyPar,sat14_6s133.cnf.hgr,no,no,8,64,0.03,0.0298607,19.3994,cut,26242,22816,no
rKaHyPar,sat14_6s133.cnf.hgr,no,no,9,64,0.03,0.0298607,25.8066,cut,25469,22376,no
rKaHyPar,sat14_6s133.cnf.hgr,no,no,0,8,0.03,0.0299486,13.394,cut,8090,7529,no
rKaHyPar,sat14_6s133.cnf.hgr,no,no,1,8,0.03,0.0297826,12.0299,cut,8627,7649,no
rKaHyPar,sat14_6s133.cnf.hgr,no,no,2,8,0.03,0.0299486,18.3504,cut,7941,7186,no
rKaHyPar,sat14_6s133.cnf.hgr,no,no,3,8,0.03,0.0299486,19.0989,cut,7764,7108,no
rKaHyPar,sat14_6s133.cnf.hgr,no,no,4,8,0.03,0.0299486,19.7512,cut,8309,7498,no
rKaHyPar,sat14_6s133.cnf.hgr,no,no,5,8,0.03,0.0299486,12.7498,cut,8559,7608,no
rKaHyPar,sat14_6s133.cnf.hgr,no,no,6,8,0.03,0.028953,17.3793,cut,7914,7227,no
rKaHyPar,sat14_6s133.cnf.hgr,no,no,7,8,0.03,0.0299486,18.4513,cut,8767,7768,no
rKaHyPar,sat14_6s133.cnf.hgr,no,no,8,8,0.03,0.0294508,17.1493,cut,7878,7169,no
rKaHyPar,sat14_6s133.cnf.hgr,no,no,9,8,0.03,0.0299486,19.5064,cut,7832,7152,no
rKaHyPar,sat14_6s133.cnf.primal.hgr,no,no,0,128,0.03,0.0291777,13.7437,cut,33447,30937,no
rKaHyPar,sat14_6s133.cnf.primal.hgr,no,no,1,128,0.03,0.0291777,18.7978,cut,32653,30263,no
rKaHyPar,sat14_6s133.cnf.primal.hgr,no,no,2,128,0.03,0.0291777,13.4792,cut,33258,30605,no
rKaHyPar,sat14_6s133.cnf.primal.hgr,no,no,3,128,0.03,0.0291777,13.6784,cut,33602,31040,no
rKaHyPar,sat14_6s133.cnf.primal.hgr,no,no,4,128,0.03,0.0291777,18.7034,cut,33418,30806,no
rKaHyPar,sat14_6s133.cnf.primal.hgr,no,no,5,128,0.03,0.0291777,18.9524,cut,33324,30763,no
rKaHyPar,sat14_6s133.cnf.primal.hgr,no,no,6,128,0.03,0.0291777,19.307,cut,33445,30842,no
rKaHyPar,sat14_6s133.cnf.primal.hgr,no,no,7,128,0.03,0.0291777,13.5282,cut,33513,30985,no
rKaHyPar,sat14_6s133.cnf.primal.hgr,no,no,8,128,0.03,0.0291777,14.1574,cut,33459,30860,no
rKaHyPar,sat14_6s133.cnf.primal.hgr,no,no,9,128,0.03,0.0291777,13.8332,cut,33738,30887,no
rKaHyPar,sat14_6s133.cnf.primal.hgr,no,no,0,16,0.03,0.0298607,9.79878,cut,12815,12302,no
rKaHyPar,sat14_6s133.cnf.primal.hgr,no,no,1,16,0.03,0.0298607,12.9959,cut,12768,12247,no
rKaHyPar,sat14_6s133.cnf.primal.hgr,no,no,2,16,0.03,0.0298607,8.13693,cut,12950,12534,no
rKaHyPar,sat14_6s133.cnf.primal.hgr,no,no,3,16,0.03,0.0298607,8.84007,cut,12890,12426,no
rKaHyPar,sat14_6s133.cnf.primal.hgr,no,no,4,16,0.03,0.0298607,9.69576,cut,13180,12610,no
rKaHyPar,sat14_6s133.cnf.primal.hgr,no,no,5,16,0.03,0.0298607,9.42631,cut,12867,12354,no
rKaHyPar,sat14_6s133.cnf.primal.hgr,no,no,6,16,0.03,0.0298607,7.6753,cut,12617,12127,no
rKaHyPar,sat14_6s133.cnf.primal.hgr,no,no,7,16,0.03,0.0298607,10.7287,cut,13443,12612,no
rKaHyPar,sat14_6s133.cnf.primal.hgr,no,no,8,16,0.03,0.0298607,9.13545,cut,13084,12356,no
rKaHyPar,sat14_6s133.cnf.primal.hgr,no,no,9,16,0.03,0.0298607,7.55356,cut,12854,12399,no
rKaHyPar,sat14_6s133.cnf.primal.hgr,no,no,0,2,0.03,0.0256761,2.14735,cut,1932,1932,no
rKaHyPar,sat14_6s133.cnf.primal.hgr,no,no,1,2,0.03,0.0256761,2.4447,cut,1932,1932,no
rKaHyPar,sat14_6s133.cnf.primal.hgr,no,no,2,2,0.03,0.0284968,6.12938,cut,2062,2062,no
rKaHyPar,sat14_6s133.cnf.primal.hgr,no,no,3,2,0.03,0.0256761,2.40448,cut,1932,1932,no
rKaHyPar,sat14_6s133.cnf.primal.hgr,no,no,4,2,0.03,0.0256761,2.20342,cut,1932,1932,no
rKaHyPar,sat14_6s133.cnf.primal.hgr,no,no,5,2,0.03,0.0256761,3.3678,cut,1932,1932,no
rKaHyPar,sat14_6s133.cnf.primal.hgr,no,no,6,2,0.03,0.0256761,2.2632,cut,1932,1932,no
rKaHyPar,sat14_6s133.cnf.primal.hgr,no,no,7,2,0.03,0.0256761,2.97891,cut,1932,1932,no
rKaHyPar,sat14_6s133.cnf.primal.hgr,no,no,8,2,0.03,0.0256761,3.37013,cut,1932,1932,no
rKaHyPar,sat14_6s133.cnf.primal.hgr,no,no,9,2,0.03,0.0256761,2.37165,cut,1932,1932,no
rKaHyPar,sat14_6s133.cnf.primal.hgr,no,no,0,32,0.03,0.0298607,12.2054,cut,17901,16942,no
rKaHyPar,sat14_6s133.cnf.primal.hgr,no,no,1,32,0.03,0.0298607,9.72461,cut,18837,17687,no
rKaHyPar,sat14_6s133.cnf.primal.hgr,no,no,2,32,0.03,0.0298607,8.70212,cut,18982,17835,no
rKaHyPar,sat14_6s133.cnf.primal.hgr,no,no,3,32,0.03,0.0298607,13.2875,cut,18479,17456,no
rKaHyPar,sat14_6s133.cnf.primal.hgr,no,no,4,32,0.03,0.0298607,8.81002,cut,18309,17220,no
rKaHyPar,sat14_6s133.cnf.primal.hgr,no,no,5,32,0.03,0.0298607,12.3128,cut,18512,17437,no
rKaHyPar,sat14_6s133.cnf.primal.hgr,no,no,6,32,0.03,0.0298607,12.1543,cut,18382,17418,no
rKaHyPar,sat14_6s133.cnf.primal.hgr,no,no,7,32,0.03,0.0298607,9.57429,cut,19037,17953,no
rKaHyPar,sat14_6s133.cnf.primal.hgr,no,no,8,32,0.03,0.0298607,8.85343,cut,18546,17491,no
rKaHyPar,sat14_6s133.cnf.primal.hgr,no,no,9,32,0.03,0.0298607,11.7778,cut,18307,17337,no
rKaHyPar,sat14_6s133.cnf.primal.hgr,no,no,0,4,0.03,0.0298656,25.327,cut,4358,4231,no
rKaHyPar,sat14_6s133.cnf.primal.hgr,no,no,1,4,0.03,0.0189978,4.49824,cut,4325,4321,no
rKaHyPar,sat14_6s133.cnf.primal.hgr,no,no,2,4,0.03,0.0148498,6.14375,cut,4360,4355,no
rKaHyPar,sat14_6s133.cnf.primal.hgr,no,no,3,4,0.03,0.02074,5.69277,cut,4258,4254,no
rKaHyPar,sat14_6s133.cnf.primal.hgr,no,no,4,4,0.03,0.0257176,17.6664,cut,4542,4405,no
rKaHyPar,sat14_6s133.cnf.primal.hgr,no,no,5,4,0.03,0.0197445,4.57252,cut,4312,4290,no
rKaHyPar,sat14_6s133.cnf.primal.hgr,no,no,6,4,0.03,0.0218185,5.57363,cut,4322,4316,no
rKaHyPar,sat14_6s133.cnf.primal.hgr,no,no,7,4,0.03,0.0282064,5.97024,cut,4328,4298,no
rKaHyPar,sat14_6s133.cnf.primal.hgr,no,no,8,4,0.03,0.0241414,6.21723,cut,4332,4301,no
rKaHyPar,sat14_6s133.cnf.primal.hgr,no,no,9,4,0.03,0.0299486,18.6001,cut,4323,4193,no
rKaHyPar,sat14_6s133.cnf.primal.hgr,no,no,0,64,0.03,0.0291777,14.8867,cut,24624,23163,no
rKaHyPar,sat14_6s133.cnf.primal.hgr,no,no,1,64,0.03,0.0291777,15.0886,cut,25117,23531,no
rKaHyPar,sat14_6s133.cnf.primal.hgr,no,no,2,64,0.03,0.0291777,10.6605,cut,24918,23338,no
rKaHyPar,sat14_6s133.cnf.primal.hgr,no,no,3,64,0.03,0.0291777,10.6149,cut,24777,23317,no
rKaHyPar,sat14_6s133.cnf.primal.hgr,no,no,4,64,0.03,0.0291777,10.4349,cut,24875,23430,no
rKaHyPar,sat14_6s133.cnf.primal.hgr,no,no,5,64,0.03,0.0291777,14.7802,cut,25084,23534,no
rKaHyPar,sat14_6s133.cnf.primal.hgr,no,no,6,64,0.03,0.0291777,15.1647,cut,24921,23466,no
rKaHyPar,sat14_6s133.cnf.primal.hgr,no,no,7,64,0.03,0.0291777,10.3475,cut,24687,23194,no
rKaHyPar,sat14_6s133.cnf.primal.hgr,no,no,8,64,0.03,0.0291777,11.2092,cut,24843,23365,no
rKaHyPar,sat14_6s133.cnf.primal.hgr,no,no,9,64,0.03,0.0291777,14.9066,cut,24754,23236,no
rKaHyPar,sat14_6s133.cnf.primal.hgr,no,no,0,8,0.03,0.0298656,7.36775,cut,8397,8030,no
rKaHyPar,sat14_6s133.cnf.primal.hgr,no,no,1,8,0.03,0.0298656,7.72605,cut,8484,8205,no
rKaHyPar,sat14_6s133.cnf.primal.hgr,no,no,2,8,0.03,0.0292019,11.4442,cut,7976,7782,no
rKaHyPar,sat14_6s133.cnf.primal.hgr,no,no,3,8,0.03,0.0298656,10.4952,cut,8509,8139,no
rKaHyPar,sat14_6s133.cnf.primal.hgr,no,no,4,8,0.03,0.0295338,9.39325,cut,8273,7895,no
rKaHyPar,sat14_6s133.cnf.primal.hgr,no,no,5,8,0.03,0.0298656,7.38242,cut,8351,7858,no
rKaHyPar,sat14_6s133.cnf.primal.hgr,no,no,6,8,0.03,0.0298656,10.4582,cut,8125,7790,no
rKaHyPar,sat14_6s133.cnf.primal.hgr,no,no,7,8,0.03,0.0298656,9.2822,cut,7859,7532,no
rKaHyPar,sat14_6s133.cnf.primal.hgr,no,no,8,8,0.03,0.0298656,11.9749,cut,8338,7857,no
rKaHyPar,sat14_6s133.cnf.primal.hgr,no,no,9,8,0.03,0.0298656,9.63056,cut,8084,7743,no
rKaHyPar,sat14_6s153.cnf.dual.hgr,no,no,0,128,0.03,0.0260688,15.6353,cut,9558,4438,no
rKaHyPar,sat14_6s153.cnf.dual.hgr,no,no,1,128,0.03,0.0291971,15.7357,cut,9902,4347,no
rKaHyPar,sat14_6s153.cnf.dual.hgr,no,no,2,128,0.03,0.0286757,16.0654,cut,9955,4358,no
rKaHyPar,sat14_6s153.cnf.dual.hgr,no,no,3,128,0.03,0.0291971,15.7036,cut,9551,4355,no
rKaHyPar,sat14_6s153.cnf.dual.hgr,no,no,4,128,0.03,0.0224192,21.9359,cut,9462,4433,no
rKaHyPar,sat14_6s153.cnf.dual.hgr,no,no,5,128,0.03,0.0281543,21.7985,cut,9742,4397,no
rKaHyPar,sat14_6s153.cnf.dual.hgr,no,no,6,128,0.03,0.0281543,21.7671,cut,9524,4415,no
rKaHyPar,sat14_6s153.cnf.dual.hgr,no,no,7,128,0.03,0.0291971,15.5832,cut,9643,4407,no
rKaHyPar,sat14_6s153.cnf.dual.hgr,no,no,8,128,0.03,0.0291971,15.6525,cut,9669,4419,no
rKaHyPar,sat14_6s153.cnf.dual.hgr,no,no,9,128,0.03,0.0286757,15.7213,cut,9502,4417,no
rKaHyPar,sat14_6s153.cnf.dual.hgr,no,no,0,16,0.03,0.0292699,13.9013,cut,1921,1476,no
rKaHyPar,sat14_6s153.cnf.dual.hgr,no,no,1,16,0.03,0.022425,13.6592,cut,2108,1461,no
rKaHyPar,sat14_6s153.cnf.dual.hgr,no,no,2,16,0.03,0.0273794,9.5686,cut,1972,1458,no
rKaHyPar,sat14_6s153.cnf.dual.hgr,no,no,3,16,0.03,0.029661,10.501,cut,2041,1518,no
rKaHyPar,sat14_6s153.cnf.dual.hgr,no,no,4,16,0.03,0.0290743,14.1047,cut,2124,1493,no
rKaHyPar,sat14_6s153.cnf.dual.hgr,no,no,5,16,0.03,0.0170143,9.42929,cut,1979,1441,no
rKaHyPar,sat14_6s153.cnf.dual.hgr,no,no,6,16,0.03,0.0266623,9.18425,cut,1885,1398,no
rKaHyPar,sat14_6s153.cnf.dual.hgr,no,no,7,16,0.03,0.0191004,9.17915,cut,1994,1418,no
rKaHyPar,sat14_6s153.cnf.dual.hgr,no,no,8,16,0.03,0.0289439,9.27672,cut,1877,1421,no
rKaHyPar,sat14_6s153.cnf.dual.hgr,no,no,9,16,0.03,0.0256193,9.55418,cut,1918,1463,no
rKaHyPar,sat14_6s153.cnf.dual.hgr,no,no,0,2,0.03,0.0282432,3.61076,cut,73,73,no
rKaHyPar,sat14_6s153.cnf.dual.hgr,no,no,1,2,0.03,0.0292536,3.71655,cut,67,67,no
rKaHyPar,sat14_6s153.cnf.dual.hgr,no,no,2,2,0.03,0.0279824,5.25911,cut,68,68,no
rKaHyPar,sat14_6s153.cnf.dual.hgr,no,no,3,2,0.03,0.0279824,3.57474,cut,68,68,no
rKaHyPar,sat14_6s153.cnf.dual.hgr,no,no,4,2,0.03,0.0279824,3.36949,cut,68,68,no
rKaHyPar,sat14_6s153.cnf.dual.hgr,no,no,5,2,0.03,0.001206,5.0785,cut,90,90,no
rKaHyPar,sat14_6s153.cnf.dual.hgr,no,no,6,2,0.03,0.0279824,3.46723,cut,68,68,no
rKaHyPar,sat14_6s153.cnf.dual.hgr,no,no,7,2,0.03,0.0284224,5.02202,cut,70,70,no
rKaHyPar,sat14_6s153.cnf.dual.hgr,no,no,8,2,0.03,0.0279824,4.76792,cut,68,68,no
rKaHyPar,sat14_6s153.cnf.dual.hgr,no,no,9,2,0.03,0.0282269,3.27946,cut,70,70,no
rKaHyPar,sat14_6s153.cnf.dual.hgr,no,no,0,32,0.03,0.0298566,15.3303,cut,3687,2107,no
rKaHyPar,sat14_6s153.cnf.dual.hgr,no,no,1,32,0.03,0.0298566,11.3802,cut,3719,2084,no
rKaHyPar,sat14_6s153.cnf.dual.hgr,no,no,2,32,0.03,0.0295958,11.1498,cut,3589,2022,no
rKaHyPar,sat14_6s153.cnf.dual.hgr,no,no,3,32,0.03,0.0290743,16.1897,cut,3674,2113,no
rKaHyPar,sat14_6s153.cnf.dual.hgr,no,no,4,32,0.03,0.0295958,10.6878,cut,3603,2051,no
rKaHyPar,sat14_6s153.cnf.dual.hgr,no,no,5,32,0.03,0.0294654,15.6661,cut,3544,2053,no
rKaHyPar,sat14_6s153.cnf.dual.hgr,no,no,6,32,0.03,0.0289439,10.9367,cut,3591,2049,no
rKaHyPar,sat14_6s153.cnf.dual.hgr,no,no,7,32,0.03,0.0285528,11.0658,cut,3794,2092,no
rKaHyPar,sat14_6s153.cnf.dual.hgr,no,no,8,32,0.03,0.0294654,10.8016,cut,3729,2068,no
rKaHyPar,sat14_6s153.cnf.dual.hgr,no,no,9,32,0.03,0.0292047,11.2425,cut,3642,2167,no
rKaHyPar,sat14_6s153.cnf.dual.hgr,no,no,0,4,0.03,0.0260756,7.88457,cut,311,300,no
rKaHyPar,sat14_6s153.cnf.dual.hgr,no,no,1,4,0.03,0.0199153,5.77987,cut,294,291,no
rKaHyPar,sat14_6s153.cnf.dual.hgr,no,no,2,4,0.03,0.029987,8.50095,cut,322,307,no
rKaHyPar,sat14_6s153.cnf.dual.hgr,no,no,3,4,0.03,0.0298566,8.84958,cut,318,287,no
rKaHyPar,sat14_6s153.cnf.dual.hgr,no,no,4,4,0.03,0.0266623,5.46276,cut,308,305,no
rKaHyPar,sat14_6s153.cnf.dual.hgr,no,no,5,4,0.03,0.0288299,5.92597,cut,325,295,no
rKaHyPar,sat14_6s153.cnf.dual.hgr,no,no,6,4,0.03,0.0297751,5.53917,cut,322,308,no
rKaHyPar,sat14_6s153.cnf.dual.hgr,no,no,7,4,0.03,0.0266623,8.11886,cut,304,298,no
rKaHyPar,sat14_6s153.cnf.dual.hgr,no,no,8,4,0.03,0.0193286,7.68173,cut,305,298,no
rKaHyPar,sat14_6s153.cnf.dual.hgr,no,no,9,4,0.03,0.0274446,7.88543,cut,309,303,no
rKaHyPar,sat14_6s153.cnf.dual.hgr,no,no,0,64,0.03,0.029987,18.4718,cut,6164,3284,no
rKaHyPar,sat14_6s153.cnf.dual.hgr,no,no,1,64,0.03,0.0279009,18.8501,cut,6246,3268,no
rKaHyPar,sat14_6s153.cnf.dual.hgr,no,no,2,64,0.03,0.0292047,13.1746,cut,6189,3322,no
rKaHyPar,sat14_6s153.cnf.dual.hgr,no,no,3,64,0.03,0.029987,13.2026,cut,6143,3264,no
rKaHyPar,sat14_6s153.cnf.dual.hgr,no,no,4,64,0.03,0.0286832,12.8212,cut,6059,3283,no
rKaHyPar,sat14_6s153.cnf.dual.hgr,no,no,5,64,0.03,0.029987,18.3867,cut,6221,3282,no
rKaHyPar,sat14_6s153.cnf.dual.hgr,no,no,6,64,0.03,0.0284224,18.2443,cut,6327,3363,no
rKaHyPar,sat14_6s153.cnf.dual.hgr,no,no,7,64,0.03,0.0289439,13.7909,cut,5935,3313,no
rKaHyPar,sat14_6s153.cnf.dual.hgr,no,no,8,64,0.03,0.0281617,18.4391,cut,6211,3271,no
rKaHyPar,sat14_6s153.cnf.dual.hgr,no,no,9,64,0.03,0.0297262,18.6489,cut,6038,3322,no
rKaHyPar,sat14_6s153.cnf.dual.hgr,no,no,0,8,0.03,0.0288787,7.87373,cut,869,747,no
rKaHyPar,sat14_6s153.cnf.dual.hgr,no,no,1,8,0.03,0.0262712,7.67706,cut,798,706,no
rKaHyPar,sat14_6s153.cnf.dual.hgr,no,no,2,8,0.03,0.027412,10.852,cut,829,696,no
rKaHyPar,sat14_6s153.cnf.dual.hgr,no,no,3,8,0.03,0.0298566,12.3341,cut,956,722,no
rKaHyPar,sat14_6s153.cnf.dual.hgr,no,no,4,8,0.03,0.0267275,10.9716,cut,819,723,no
rKaHyPar,sat14_6s153.cnf.dual.hgr,no,no,5,8,0.03,0.0274446,8.79881,cut,849,711,no
rKaHyPar,sat14_6s153.cnf.dual.hgr,no,no,6,8,0.03,0.0187744,10.5232,cut,832,722,no
rKaHyPar,sat14_6s153.cnf.dual.hgr,no,no,7,8,0.03,0.0212516,10.9557,cut,765,687,no
rKaHyPar,sat14_6s153.cnf.dual.hgr,no,no,8,8,0.03,0.0276076,12.9813,cut,823,700,no
rKaHyPar,sat14_6s153.cnf.dual.hgr,no,no,9,8,0.03,0.0261408,11.104,cut,771,679,no
rKaHyPar,sat14_6s153.cnf.hgr,no,no,0,128,0.03,0.029873,36.0357,cut,34467,30549,no
rKaHyPar,sat14_6s153.cnf.hgr,no,no,1,128,0.03,0.029873,36.5189,cut,33935,30177,no
rKaHyPar,sat14_6s153.cnf.hgr,no,no,2,128,0.03,0.029873,36.5404,cut,34393,30290,no
rKaHyPar,sat14_6s153.cnf.hgr,no,no,3,128,0.03,0.029873,35.6532,cut,34012,29942,no
rKaHyPar,sat14_6s153.cnf.hgr,no,no,4,128,0.03,0.029873,50.6998,cut,34195,30268,no
rKaHyPar,sat14_6s153.cnf.hgr,no,no,5,128,0.03,0.029873,50.8384,cut,34581,30250,no
rKaHyPar,sat14_6s153.cnf.hgr,no,no,6,128,0.03,0.029873,50.2151,cut,33750,30026,no
rKaHyPar,sat14_6s153.cnf.hgr,no,no,7,128,0.03,0.029873,35.8144,cut,33563,29887,no
rKaHyPar,sat14_6s153.cnf.hgr,no,no,8,128,0.03,0.029873,35.9735,cut,33837,30244,no
rKaHyPar,sat14_6s153.cnf.hgr,no,no,9,128,0.03,0.029873,35.9642,cut,34082,30093,no
rKaHyPar,sat14_6s153.cnf.hgr,no,no,0,16,0.03,0.0299832,33.8958,cut,6961,6781,no
rKaHyPar,sat14_6s153.cnf.hgr,no,no,1,16,0.03,0.0299832,40.6801,cut,6997,6909,no
rKaHyPar,sat14_6s153.cnf.hgr,no,no,2,16,0.03,0.0299832,31.7945,cut,7368,7239,no
rKaHyPar,sat14_6s153.cnf.hgr,no,no,3,16,0.03,0.0298898,27.9267,cut,7078,7033,no
rKaHyPar,sat14_6s153.cnf.hgr,no,no,4,16,0.03,0.0299832,32.5055,cut,6897,6825,no
rKaHyPar,sat14_6s153.cnf.hgr,no,no,5,16,0.03,0.0299832,23.1221,cut,7051,6946,no
rKaHyPar,sat14_6s153.cnf.hgr,no,no,6,16,0.03,0.0299832,23.5777,cut,6735,6516,no
rKaHyPar,sat14_6s153.cnf.hgr,no,no,7,16,0.03,0.0299832,23.4882,cut,6798,6707,no
rKaHyPar,sat14_6s153.cnf.hgr,no,no,8,16,0.03,0.0299832,23.3467,cut,6894,6809,no
rKaHyPar,sat14_6s153.cnf.hgr,no,no,9,16,0.03,0.0298898,23.3383,cut,7229,7159,no
rKaHyPar,sat14_6s153.cnf.hgr,no,no,0,2,0.03,0.0253952,7.71303,cut,162,162,no
rKaHyPar,sat14_6s153.cnf.hgr,no,no,1,2,0.03,0.0250917,7.71931,cut,162,162,no
rKaHyPar,sat14_6s153.cnf.hgr,no,no,2,2,0.03,0.0257922,10.5241,cut,158,158,no
rKaHyPar,sat14_6s153.cnf.hgr,no,no,3,2,0.03,0.0283142,7.79946,cut,158,158,no
rKaHyPar,sat14_6s153.cnf.hgr,no,no,4,2,0.03,0.0250917,7.73559,cut,162,162,no
rKaHyPar,sat14_6s153.cnf.hgr,no,no,5,2,0.03,0.0250917,11.2176,cut,162,162,no
rKaHyPar,sat14_6s153.cnf.hgr,no,no,6,2,0.03,0.0256054,7.60286,cut,158,158,no
rKaHyPar,sat14_6s153.cnf.hgr,no,no,7,2,0.03,0.0256054,10.3896,cut,158,158,no
rKaHyPar,sat14_6s153.cnf.hgr,no,no,8,2,0.03,0.0298555,11.1101,cut,158,158,no
rKaHyPar,sat14_6s153.cnf.hgr,no,no,9,2,0.03,0.0253952,7.89475,cut,162,162,no
rKaHyPar,sat14_6s153.cnf.hgr,no,no,0,32,0.03,0.0298898,39.2767,cut,12860,12555,no
rKaHyPar,sat14_6s153.cnf.hgr,no,no,1,32,0.03,0.0298898,27.3948,cut,12692,12380,no
rKaHyPar,sat14_6s153.cnf.hgr,no,no,2,32,0.03,0.0298898,27.724,cut,12875,12500,no
rKaHyPar,sat14_6s153.cnf.hgr,no,no,3,32,0.03,0.0298898,39.6662,cut,13256,12772,no
rKaHyPar,sat14_6s153.cnf.hgr,no,no,4,32,0.03,0.0298898,28.1575,cut,12989,12600,no
rKaHyPar,sat14_6s153.cnf.hgr,no,no,5,32,0.03,0.0298898,39.8065,cut,13042,12630,no
rKaHyPar,sat14_6s153.cnf.hgr,no,no,6,32,0.03,0.0298898,29.4983,cut,12796,12475,no
rKaHyPar,sat14_6s153.cnf.hgr,no,no,7,32,0.03,0.0298898,28.2939,cut,13159,12727,no
rKaHyPar,sat14_6s153.cnf.hgr,no,no,8,32,0.03,0.0298898,28.4562,cut,12743,12420,no
rKaHyPar,sat14_6s153.cnf.hgr,no,no,9,32,0.03,0.0298898,29.6349,cut,12923,12516,no
rKaHyPar,sat14_6s153.cnf.hgr,no,no,0,4,0.03,0.0251734,18.9334,cut,768,764,no
rKaHyPar,sat14_6s153.cnf.hgr,no,no,1,4,0.03,0.0191953,13.4473,cut,765,763,no
rKaHyPar,sat14_6s153.cnf.hgr,no,no,2,4,0.03,0.0273218,18.8666,cut,699,693,no
rKaHyPar,sat14_6s153.cnf.hgr,no,no,3,4,0.03,0.0283025,18.9355,cut,754,752,no
rKaHyPar,sat14_6s153.cnf.hgr,no,no,4,4,0.03,0.0299839,14.027,cut,709,703,no
rKaHyPar,sat14_6s153.cnf.hgr,no,no,5,4,0.03,0.0299839,13.5982,cut,719,715,no
rKaHyPar,sat14_6s153.cnf.hgr,no,no,6,4,0.03,0.0299839,14.0943,cut,713,707,no
rKaHyPar,sat14_6s153.cnf.hgr,no,no,7,4,0.03,0.0299839,19.9948,cut,711,705,no
rKaHyPar,sat14_6s153.cnf.hgr,no,no,8,4,0.03,0.0294001,19.6321,cut,765,763,no
rKaHyPar,sat14_6s153.cnf.hgr,no,no,9,4,0.03,0.0274152,18.9738,cut,692,686,no
rKaHyPar,sat14_6s153.cnf.hgr,no,no,0,64,0.03,0.0298842,46.6168,cut,22911,21140,no
rKaHyPar,sat14_6s153.cnf.hgr,no,no,1,64,0.03,0.0298842,43.7089,cut,22895,20921,no
rKaHyPar,sat14_6s153.cnf.hgr,no,no,2,64,0.03,0.0298842,31.5032,cut,22973,21031,no
rKaHyPar,sat14_6s153.cnf.hgr,no,no,3,64,0.03,0.0298842,32.1556,cut,23084,21070,no
rKaHyPar,sat14_6s153.cnf.hgr,no,no,4,64,0.03,0.0298842,31.4522,cut,22721,20948,no
rKaHyPar,sat14_6s153.cnf.hgr,no,no,5,64,0.03,0.0298842,44.3192,cut,22827,21068,no
rKaHyPar,sat14_6s153.cnf.hgr,no,no,6,64,0.03,0.0298842,43.8787,cut,22406,20707,no
rKaHyPar,sat14_6s153.cnf.hgr,no,no,7,64,0.03,0.0298842,32.7518,cut,22599,20885,no
rKaHyPar,sat14_6s153.cnf.hgr,no,no,8,64,0.03,0.0298842,44.8226,cut,22855,21078,no
rKaHyPar,sat14_6s153.cnf.hgr,no,no,9,64,0.03,0.0298842,45.9809,cut,23083,21039,no
rKaHyPar,sat14_6s153.cnf.hgr,no,no,0,8,0.03,0.0209228,17.9889,cut,2614,2597,no
rKaHyPar,sat14_6s153.cnf.hgr,no,no,1,8,0.03,0.0299832,19.8184,cut,2430,2398,no
rKaHyPar,sat14_6s153.cnf.hgr,no,no,2,8,0.03,0.0183075,26.2295,cut,2417,2379,no
rKaHyPar,sat14_6s153.cnf.hgr,no,no,3,8,0.03,0.0299832,30.4763,cut,2393,2345,no
rKaHyPar,sat14_6s153.cnf.hgr,no,no,4,8,0.03,0.0254997,25.8954,cut,2704,2687,no
rKaHyPar,sat14_6s153.cnf.hgr,no,no,5,8,0.03,0.0279283,21.1548,cut,2451,2395,no
rKaHyPar,sat14_6s153.cnf.hgr,no,no,6,8,0.03,0.026714,26.2866,cut,2551,2516,no
rKaHyPar,sat14_6s153.cnf.hgr,no,no,7,8,0.03,0.0286288,25.8731,cut,2428,2397,no
rKaHyPar,sat14_6s153.cnf.hgr,no,no,8,8,0.03,0.01728,30.6607,cut,2458,2420,no
rKaHyPar,sat14_6s153.cnf.hgr,no,no,9,8,0.03,0.0295629,26.8642,cut,2456,2440,no
rKaHyPar,sat14_6s153.cnf.primal.hgr,no,no,0,128,0.03,0.0298507,31.2165,cut,33697,31670,no
rKaHyPar,sat14_6s153.cnf.primal.hgr,no,no,1,128,0.03,0.0298507,22.5776,cut,33914,31786,no
rKaHyPar,sat14_6s153.cnf.primal.hgr,no,no,2,128,0.03,0.0298507,23.1248,cut,33537,31495,no
rKaHyPar,sat14_6s153.cnf.primal.hgr,no,no,3,128,0.03,0.0298507,22.7262,cut,33650,31671,no
rKaHyPar,sat14_6s153.cnf.primal.hgr,no,no,4,128,0.03,0.0298507,31.5125,cut,33683,31428,no
rKaHyPar,sat14_6s153.cnf.primal.hgr,no,no,5,128,0.03,0.0298507,31.5933,cut,33703,31703,no
rKaHyPar,sat14_6s153.cnf.primal.hgr,no,no,6,128,0.03,0.0298507,31.6041,cut,33370,31322,no
rKaHyPar,sat14_6s153.cnf.primal.hgr,no,no,7,128,0.03,0.0298507,22.6107,cut,33595,31635,no
rKaHyPar,sat14_6s153.cnf.primal.hgr,no,no,8,128,0.03,0.0298507,22.5389,cut,33476,31423,no
rKaHyPar,sat14_6s153.cnf.primal.hgr,no,no,9,128,0.03,0.0298507,22.6795,cut,33906,31842,no
rKaHyPar,sat14_6s153.cnf.primal.hgr,no,no,0,16,0.03,0.0298898,25.4419,cut,7809,7771,no
rKaHyPar,sat14_6s153.cnf.primal.hgr,no,no,1,16,0.03,0.0298898,18.9181,cut,7384,7308,no
rKaHyPar,sat14_6s153.cnf.primal.hgr,no,no,2,16,0.03,0.0298898,13.9685,cut,7080,7033,no
rKaHyPar,sat14_6s153.cnf.primal.hgr,no,no,3,16,0.03,0.0298898,22.8406,cut,7684,7655,no
rKaHyPar,sat14_6s153.cnf.primal.hgr,no,no,4,16,0.03,0.0298898,23.5043,cut,7584,7533,no
rKaHyPar,sat14_6s153.cnf.primal.hgr,no,no,5,16,0.03,0.0298898,14.9733,cut,7362,7332,no
rKaHyPar,sat14_6s153.cnf.primal.hgr,no,no,6,16,0.03,0.0298898,20.4746,cut,7228,7198,no
rKaHyPar,sat14_6s153.cnf.primal.hgr,no,no,7,16,0.03,0.0298898,13.7803,cut,7428,7396,no
rKaHyPar,sat14_6s153.cnf.primal.hgr,no,no,8,16,0.03,0.0298898,14.2122,cut,7142,7104,no
rKaHyPar,sat14_6s153.cnf.primal.hgr,no,no,9,16,0.03,0.0298898,20.3591,cut,7474,7438,no
rKaHyPar,sat14_6s153.cnf.primal.hgr,no,no,0,2,0.03,0.0257105,4.62359,cut,162,162,no
rKaHyPar,sat14_6s153.cnf.primal.hgr,no,no,1,2,0.03,0.0281157,4.54066,cut,162,162,no
rKaHyPar,sat14_6s153.cnf.primal.hgr,no,no,2,2,0.03,0.028466,6.70747,cut,158,158,no
rKaHyPar,sat14_6s153.cnf.primal.hgr,no,no,3,2,0.03,0.0260141,4.47098,cut,162,162,no
rKaHyPar,sat14_6s153.cnf.primal.hgr,no,no,4,2,0.03,0.0284193,4.5635,cut,162,162,no
rKaHyPar,sat14_6s153.cnf.primal.hgr,no,no,5,2,0.03,0.028466,6.39004,cut,158,158,no
rKaHyPar,sat14_6s153.cnf.primal.hgr,no,no,6,2,0.03,0.0284193,4.67585,cut,162,162,no
rKaHyPar,sat14_6s153.cnf.primal.hgr,no,no,7,2,0.03,0.0298204,6.47428,cut,166,166,no
rKaHyPar,sat14_6s153.cnf.primal.hgr,no,no,8,2,0.03,0.0297504,6.60995,cut,162,162,no
rKaHyPar,sat14_6s153.cnf.primal.hgr,no,no,9,2,0.03,0.0287929,4.54956,cut,158,158,no
rKaHyPar,sat14_6s153.cnf.primal.hgr,no,no,0,32,0.03,0.0298842,23.8486,cut,12841,12533,no
rKaHyPar,sat14_6s153.cnf.primal.hgr,no,no,1,32,0.03,0.0298842,16.4802,cut,12951,12711,no
rKaHyPar,sat14_6s153.cnf.primal.hgr,no,no,2,32,0.03,0.0298842,22.7779,cut,13369,13070,no
rKaHyPar,sat14_6s153.cnf.primal.hgr,no,no,3,32,0.03,0.0298842,23.665,cut,13151,12930,no
rKaHyPar,sat14_6s153.cnf.primal.hgr,no,no,4,32,0.03,0.0298842,17.0732,cut,13314,13016,no
rKaHyPar,sat14_6s153.cnf.primal.hgr,no,no,5,32,0.03,0.0298842,24.0381,cut,13281,12977,no
rKaHyPar,sat14_6s153.cnf.primal.hgr,no,no,6,32,0.03,0.0298842,18.8661,cut,14158,13748,no
rKaHyPar,sat14_6s153.cnf.primal.hgr,no,no,7,32,0.03,0.0298842,16.5259,cut,13176,12937,no
rKaHyPar,sat14_6s153.cnf.primal.hgr,no,no,8,32,0.03,0.0298842,17.1458,cut,13205,12808,no
rKaHyPar,sat14_6s153.cnf.primal.hgr,no,no,9,32,0.03,0.0298842,16.577,cut,13587,13336,no
rKaHyPar,sat14_6s153.cnf.primal.hgr,no,no,0,4,0.03,0.0257799,11.3265,cut,752,752,no
rKaHyPar,sat14_6s153.cnf.primal.hgr,no,no,1,4,0.03,0.0246591,7.94458,cut,708,708,no
rKaHyPar,sat14_6s153.cnf.primal.hgr,no,no,2,4,0.03,0.0299832,11.4761,cut,714,714,no
rKaHyPar,sat14_6s153.cnf.primal.hgr,no,no,3,4,0.03,0.0223239,11.4193,cut,769,767,no
rKaHyPar,sat14_6s153.cnf.primal.hgr,no,no,4,4,0.03,0.0223239,8.4351,cut,765,763,no
rKaHyPar,sat14_6s153.cnf.primal.hgr,no,no,5,4,0.03,0.0296096,7.96736,cut,702,698,no
rKaHyPar,sat14_6s153.cnf.primal.hgr,no,no,6,4,0.03,0.0257799,7.87513,cut,753,753,no
rKaHyPar,sat14_6s153.cnf.primal.hgr,no,no,7,4,0.03,0.0299832,11.2321,cut,743,741,no
rKaHyPar,sat14_6s153.cnf.primal.hgr,no,no,8,4,0.03,0.0276013,11.2801,cut,704,704,no
rKaHyPar,sat14_6s153.cnf.primal.hgr,no,no,9,4,0.03,0.0299832,11.7147,cut,715,715,no
rKaHyPar,sat14_6s153.cnf.primal.hgr,no,no,0,64,0.03,0.029873,28.7194,cut,23237,22115,no
rKaHyPar,sat14_6s153.cnf.primal.hgr,no,no,1,64,0.03,0.029873,27.4597,cut,22907,21936,no
rKaHyPar,sat14_6s153.cnf.primal.hgr,no,no,2,64,0.03,0.029873,20.0834,cut,22679,21806,no
rKaHyPar,sat14_6s153.cnf.primal.hgr,no,no,3,64,0.03,0.029873,19.7374,cut,23069,22031,no
rKaHyPar,sat14_6s153.cnf.primal.hgr,no,no,4,64,0.03,0.029873,19.6218,cut,23109,22100,no
rKaHyPar,sat14_6s153.cnf.primal.hgr,no,no,5,64,0.03,0.029873,27.3104,cut,23303,22159,no
rKaHyPar,sat14_6s153.cnf.primal.hgr,no,no,6,64,0.03,0.029873,27.9337,cut,22887,22097,no
rKaHyPar,sat14_6s153.cnf.primal.hgr,no,no,7,64,0.03,0.029873,20.2383,cut,22873,21909,no
rKaHyPar,sat14_6s153.cnf.primal.hgr,no,no,8,64,0.03,0.029873,28.3355,cut,23454,22278,no
rKaHyPar,sat14_6s153.cnf.primal.hgr,no,no,9,64,0.03,0.029873,27.8998,cut,23099,22013,no
rKaHyPar,sat14_6s153.cnf.primal.hgr,no,no,0,8,0.03,0.0252195,11.5819,cut,2709,2707,no
rKaHyPar,sat14_6s153.cnf.primal.hgr,no,no,1,8,0.03,0.029703,10.9852,cut,2518,2516,no
rKaHyPar,sat14_6s153.cnf.primal.hgr,no,no,2,8,0.03,0.0299832,15.9459,cut,2843,2834,no
rKaHyPar,sat14_6s153.cnf.primal.hgr,no,no,3,8,0.03,0.0252195,15.1467,cut,2661,2657,no
rKaHyPar,sat14_6s153.cnf.primal.hgr,no,no,4,8,0.03,0.027181,10.7377,cut,2524,2520,no
rKaHyPar,sat14_6s153.cnf.primal.hgr,no,no,5,8,0.03,0.0270876,10.8882,cut,2535,2530,no
rKaHyPar,sat14_6s153.cnf.primal.hgr,no,no,6,8,0.03,0.0297964,16.0294,cut,2586,2578,no
rKaHyPar,sat14_6s153.cnf.primal.hgr,no,no,7,8,0.03,0.0263404,11.1139,cut,2992,2979,no
rKaHyPar,sat14_6s153.cnf.primal.hgr,no,no,8,8,0.03,0.0299832,16.745,cut,2854,2845,no
rKaHyPar,sat14_6s153.cnf.primal.hgr,no,no,9,8,0.03,0.0299832,16.7603,cut,2742,2738,no
rKaHyPar,sat14_6s16.cnf.dual.hgr,no,no,0,128,0.03,0.0278552,11.3146,cut,8030,2432,no
rKaHyPar,sat14_6s16.cnf.dual.hgr,no,no,1,128,0.03,0.0278552,7.91198,cut,8208,2443,no
rKaHyPar,sat14_6s16.cnf.dual.hgr,no,no,2,128,0.03,0.0278552,8.00661,cut,8057,2418,no
rKaHyPar,sat14_6s16.cnf.dual.hgr,no,no,3,128,0.03,0.0292479,7.93908,cut,8065,2450,no
rKaHyPar,sat14_6s16.cnf.dual.hgr,no,no,4,128,0.03,0.0278552,11.3738,cut,8016,2457,no
rKaHyPar,sat14_6s16.cnf.dual.hgr,no,no,5,128,0.03,0.0278552,11.3586,cut,8108,2469,no
rKaHyPar,sat14_6s16.cnf.dual.hgr,no,no,6,128,0.03,0.0278552,11.3612,cut,8049,2416,no
rKaHyPar,sat14_6s16.cnf.dual.hgr,no,no,7,128,0.03,0.0292479,8.06408,cut,8002,2485,no
rKaHyPar,sat14_6s16.cnf.dual.hgr,no,no,8,128,0.03,0.0236769,7.95609,cut,7887,2461,no
rKaHyPar,sat14_6s16.cnf.dual.hgr,no,no,9,128,0.03,0.0278552,7.95809,cut,8182,2394,no
rKaHyPar,sat14_6s16.cnf.dual.hgr,no,no,0,16,0.03,0.0275118,5.72331,cut,2900,1402,no
rKaHyPar,sat14_6s16.cnf.dual.hgr,no,no,1,16,0.03,0.0285565,5.86744,cut,3062,1346,no
rKaHyPar,sat14_6s16.cnf.dual.hgr,no,no,2,16,0.03,0.0255964,4.07933,cut,2835,1349,no
rKaHyPar,sat14_6s16.cnf.dual.hgr,no,no,3,16,0.03,0.0296013,5.7434,cut,2959,1336,no
rKaHyPar,sat14_6s16.cnf.dual.hgr,no,no,4,16,0.03,0.0193279,5.70377,cut,2917,1368,no
rKaHyPar,sat14_6s16.cnf.dual.hgr,no,no,5,16,0.03,0.0294271,3.9634,cut,2719,1339,no
rKaHyPar,sat14_6s16.cnf.dual.hgr,no,no,6,16,0.03,0.0285565,6.01703,cut,2806,1366,no
rKaHyPar,sat14_6s16.cnf.dual.hgr,no,no,7,16,0.03,0.0248999,3.98824,cut,2953,1352,no
rKaHyPar,sat14_6s16.cnf.dual.hgr,no,no,8,16,0.03,0.0283824,3.97464,cut,2883,1376,no
rKaHyPar,sat14_6s16.cnf.dual.hgr,no,no,9,16,0.03,0.0170643,5.83477,cut,2817,1364,no
rKaHyPar,sat14_6s16.cnf.dual.hgr,no,no,0,2,0.03,0,1.88307,cut,353,353,no
rKaHyPar,sat14_6s16.cnf.dual.hgr,no,no,1,2,0.03,0,1.88938,cut,354,354,no
rKaHyPar,sat14_6s16.cnf.dual.hgr,no,no,2,2,0.03,0,2.98249,cut,353,353,no
rKaHyPar,sat14_6s16.cnf.dual.hgr,no,no,3,2,0.03,0,1.89884,cut,354,354,no
rKaHyPar,sat14_6s16.cnf.dual.hgr,no,no,4,2,0.03,0,2.08181,cut,354,354,no
rKaHyPar,sat14_6s16.cnf.dual.hgr,no,no,5,2,0.03,0,2.85997,cut,353,353,no
rKaHyPar,sat14_6s16.cnf.dual.hgr,no,no,6,2,0.03,0.00291659,1.9454,cut,354,354,no
rKaHyPar,sat14_6s16.cnf.dual.hgr,no,no,7,2,0.03,0,2.97965,cut,354,354,no
rKaHyPar,sat14_6s16.cnf.dual.hgr,no,no,8,2,0.03,0,3.00371,cut,354,354,no
rKaHyPar,sat14_6s16.cnf.dual.hgr,no,no,9,2,0.03,0,1.89373,cut,353,353,no
rKaHyPar,sat14_6s16.cnf.dual.hgr,no,no,0,32,0.03,0.0288997,6.83422,cut,4453,1650,no
rKaHyPar,sat14_6s16.cnf.dual.hgr,no,no,1,32,0.03,0.0282033,4.86466,cut,4572,1689,no
rKaHyPar,sat14_6s16.cnf.dual.hgr,no,no,2,32,0.03,0.0292479,6.90783,cut,4305,1631,no
rKaHyPar,sat14_6s16.cnf.dual.hgr,no,no,3,32,0.03,0.0295961,7.03342,cut,4103,1633,no
rKaHyPar,sat14_6s16.cnf.dual.hgr,no,no,4,32,0.03,0.0299443,4.82502,cut,4219,1684,no
rKaHyPar,sat14_6s16.cnf.dual.hgr,no,no,5,32,0.03,0.0282033,7.14462,cut,4162,1676,no
rKaHyPar,sat14_6s16.cnf.dual.hgr,no,no,6,32,0.03,0.0292479,4.6572,cut,4311,1680,no
rKaHyPar,sat14_6s16.cnf.dual.hgr,no,no,7,32,0.03,0.0292479,4.84241,cut,4612,1663,no
rKaHyPar,sat14_6s16.cnf.dual.hgr,no,no,8,32,0.03,0.0243733,4.8334,cut,4466,1634,no
rKaHyPar,sat14_6s16.cnf.dual.hgr,no,no,9,32,0.03,0.0299443,5.01206,cut,4362,1658,no
rKaHyPar,sat14_6s16.cnf.dual.hgr,no,no,0,4,0.03,0.023028,4.36913,cut,837,633,no
rKaHyPar,sat14_6s16.cnf.dual.hgr,no,no,1,4,0.03,0.0264235,2.78897,cut,873,691,no
rKaHyPar,sat14_6s16.cnf.dual.hgr,no,no,2,4,0.03,0.0297754,3.97616,cut,905,688,no
rKaHyPar,sat14_6s16.cnf.dual.hgr,no,no,3,4,0.03,0.0289048,4.25399,cut,902,670,no
rKaHyPar,sat14_6s16.cnf.dual.hgr,no,no,4,4,0.03,0.0262929,2.92028,cut,872,672,no
rKaHyPar,sat14_6s16.cnf.dual.hgr,no,no,5,4,0.03,0.0289483,2.90896,cut,826,711,no
rKaHyPar,sat14_6s16.cnf.dual.hgr,no,no,6,4,0.03,0.027207,2.63873,cut,752,622,no
rKaHyPar,sat14_6s16.cnf.dual.hgr,no,no,7,4,0.03,0.018762,4.22648,cut,830,636,no
rKaHyPar,sat14_6s16.cnf.dual.hgr,no,no,8,4,0.03,0.0293836,4.02279,cut,845,690,no
rKaHyPar,sat14_6s16.cnf.dual.hgr,no,no,9,4,0.03,0.0253787,4.32735,cut,810,679,no
rKaHyPar,sat14_6s16.cnf.dual.hgr,no,no,0,64,0.03,0.0292479,8.33752,cut,6146,1976,no
rKaHyPar,sat14_6s16.cnf.dual.hgr,no,no,1,64,0.03,0.0292479,8.609,cut,6006,1995,no
rKaHyPar,sat14_6s16.cnf.dual.hgr,no,no,2,64,0.03,0.0271588,6.05886,cut,6254,1942,no
rKaHyPar,sat14_6s16.cnf.dual.hgr,no,no,3,64,0.03,0.0271588,6.00867,cut,5925,1969,no
rKaHyPar,sat14_6s16.cnf.dual.hgr,no,no,4,64,0.03,0.0299443,6.07256,cut,5936,1953,no
rKaHyPar,sat14_6s16.cnf.dual.hgr,no,no,5,64,0.03,0.0271588,8.65611,cut,5779,1998,no
rKaHyPar,sat14_6s16.cnf.dual.hgr,no,no,6,64,0.03,0.0299443,8.57027,cut,5926,1981,no
rKaHyPar,sat14_6s16.cnf.dual.hgr,no,no,7,64,0.03,0.0278552,6.08181,cut,5922,2022,no
rKaHyPar,sat14_6s16.cnf.dual.hgr,no,no,8,64,0.03,0.0285515,8.66058,cut,6065,1992,no
rKaHyPar,sat14_6s16.cnf.dual.hgr,no,no,9,64,0.03,0.0271588,8.73699,cut,6005,1970,no
rKaHyPar,sat14_6s16.cnf.dual.hgr,no,no,0,8,0.03,0.0211562,3.3297,cut,1669,1073,no
rKaHyPar,sat14_6s16.cnf.dual.hgr,no,no,1,8,0.03,0.0266411,3.34315,cut,1721,1067,no
rKaHyPar,sat14_6s16.cnf.dual.hgr,no,no,2,8,0.03,0.0212433,5.05738,cut,1605,1051,no
rKaHyPar,sat14_6s16.cnf.dual.hgr,no,no,3,8,0.03,0.0286436,4.97488,cut,1674,1057,no
rKaHyPar,sat14_6s16.cnf.dual.hgr,no,no,4,8,0.03,0.0286436,3.46493,cut,1698,1064,no
rKaHyPar,sat14_6s16.cnf.dual.hgr,no,no,5,8,0.03,0.0285565,3.62975,cut,1579,1063,no
rKaHyPar,sat14_6s16.cnf.dual.hgr,no,no,6,8,0.03,0.025074,4.69204,cut,1654,1045,no
rKaHyPar,sat14_6s16.cnf.dual.hgr,no,no,7,8,0.03,0.0261188,3.23957,cut,1777,1100,no
rKaHyPar,sat14_6s16.cnf.dual.hgr,no,no,8,8,0.03,0.0248999,5.11993,cut,1653,1032,no
rKaHyPar,sat14_6s16.cnf.dual.hgr,no,no,9,8,0.03,0.0105346,4.82079,cut,1785,1070,no
rKaHyPar,sat14_6s16.cnf.hgr,no,no,0,128,0.03,0.0284553,20.6361,cut,26453,21730,no
rKaHyPar,sat14_6s16.cnf.hgr,no,no,1,128,0.03,0.0284553,14.6634,cut,26210,21840,no
rKaHyPar,sat14_6s16.cnf.hgr,no,no,2,128,0.03,0.0284553,14.7494,cut,26699,21923,no
rKaHyPar,sat14_6s16.cnf.hgr,no,no,3,128,0.03,0.0284553,15.1041,cut,26627,21890,no
rKaHyPar,sat14_6s16.cnf.hgr,no,no,4,128,0.03,0.0284553,20.7128,cut,26306,21679,no
rKaHyPar,sat14_6s16.cnf.hgr,no,no,5,128,0.03,0.0284553,21.0114,cut,26622,21920,no
rKaHyPar,sat14_6s16.cnf.hgr,no,no,6,128,0.03,0.0284553,21.2193,cut,26570,21936,no
rKaHyPar,sat14_6s16.cnf.hgr,no,no,7,128,0.03,0.0284553,14.8823,cut,26574,21865,no
rKaHyPar,sat14_6s16.cnf.hgr,no,no,8,128,0.03,0.0284553,14.7934,cut,26446,21838,no
rKaHyPar,sat14_6s16.cnf.hgr,no,no,9,128,0.03,0.0284553,14.7345,cut,26302,21668,no
rKaHyPar,sat14_6s16.cnf.hgr,no,no,0,16,0.03,0.0299797,12.1794,cut,10773,9526,no
rKaHyPar,sat14_6s16.cnf.hgr,no,no,1,16,0.03,0.0299797,13.0503,cut,10587,9490,no
rKaHyPar,sat14_6s16.cnf.hgr,no,no,2,16,0.03,0.0299797,8.91191,cut,10826,9785,no
rKaHyPar,sat14_6s16.cnf.hgr,no,no,3,16,0.03,0.0299797,13.2231,cut,10988,9881,no
rKaHyPar,sat14_6s16.cnf.hgr,no,no,4,16,0.03,0.0299797,13.2835,cut,10398,9651,no
rKaHyPar,sat14_6s16.cnf.hgr,no,no,5,16,0.03,0.0299797,9.08598,cut,10670,9522,no
rKaHyPar,sat14_6s16.cnf.hgr,no,no,6,16,0.03,0.0299797,13.4343,cut,10391,9531,no
rKaHyPar,sat14_6s16.cnf.hgr,no,no,7,16,0.03,0.0299797,9.05288,cut,10713,9550,no
rKaHyPar,sat14_6s16.cnf.hgr,no,no,8,16,0.03,0.0299797,9.21826,cut,10610,9355,no
rKaHyPar,sat14_6s16.cnf.hgr,no,no,9,16,0.03,0.0299797,14.5942,cut,10525,9509,no
rKaHyPar,sat14_6s16.cnf.hgr,no,no,0,2,0.03,0.00161992,5.74098,cut,2161,2161,no
rKaHyPar,sat14_6s16.cnf.hgr,no,no,1,2,0.03,0.0104183,4.5128,cut,2157,2157,no
rKaHyPar,sat14_6s16.cnf.hgr,no,no,2,2,0.03,0.0117841,3.91102,cut,2192,2192,no
rKaHyPar,sat14_6s16.cnf.hgr,no,no,3,2,0.03,0.0117841,2.73606,cut,2192,2192,no
rKaHyPar,sat14_6s16.cnf.hgr,no,no,4,2,0.03,0.0299844,4.83777,cut,2260,2260,no
rKaHyPar,sat14_6s16.cnf.hgr,no,no,5,2,0.03,0.0202967,8.08911,cut,2288,2288,no
rKaHyPar,sat14_6s16.cnf.hgr,no,no,6,2,0.03,0.0145475,7.2832,cut,2175,2175,no
rKaHyPar,sat14_6s16.cnf.hgr,no,no,7,2,0.03,0.0299844,6.57067,cut,2256,2256,no
rKaHyPar,sat14_6s16.cnf.hgr,no,no,8,2,0.03,0.0299844,6.34053,cut,2101,2101,no
rKaHyPar,sat14_6s16.cnf.hgr,no,no,9,2,0.03,0.0298256,5.19781,cut,2227,2227,no
rKaHyPar,sat14_6s16.cnf.hgr,no,no,0,32,0.03,0.0299797,14.1553,cut,15041,13091,no
rKaHyPar,sat14_6s16.cnf.hgr,no,no,1,32,0.03,0.0299797,10.1273,cut,14592,13039,no
rKaHyPar,sat14_6s16.cnf.hgr,no,no,2,32,0.03,0.0299797,13.961,cut,14607,13065,no
rKaHyPar,sat14_6s16.cnf.hgr,no,no,3,32,0.03,0.0299797,14.7524,cut,14769,13284,no
rKaHyPar,sat14_6s16.cnf.hgr,no,no,4,32,0.03,0.0299797,10.5379,cut,15066,13267,no
rKaHyPar,sat14_6s16.cnf.hgr,no,no,5,32,0.03,0.0299797,14.6996,cut,14851,13222,no
rKaHyPar,sat14_6s16.cnf.hgr,no,no,6,32,0.03,0.0294715,10.3638,cut,14887,13162,no
rKaHyPar,sat14_6s16.cnf.hgr,no,no,7,32,0.03,0.0299797,14.7433,cut,14569,13257,no
rKaHyPar,sat14_6s16.cnf.hgr,no,no,8,32,0.03,0.0299797,10.1273,cut,14679,12770,no
rKaHyPar,sat14_6s16.cnf.hgr,no,no,9,32,0.03,0.0299797,9.69479,cut,14613,13063,no
rKaHyPar,sat14_6s16.cnf.hgr,no,no,0,4,0.03,0.0202643,8.62252,cut,4581,4160,no
rKaHyPar,sat14_6s16.cnf.hgr,no,no,1,4,0.03,0.0299835,5.0982,cut,4270,4187,no
rKaHyPar,sat14_6s16.cnf.hgr,no,no,2,4,0.03,0.02992,6.6512,cut,4269,4080,no
rKaHyPar,sat14_6s16.cnf.hgr,no,no,3,4,0.03,0.0225511,6.09316,cut,4429,4307,no
rKaHyPar,sat14_6s16.cnf.hgr,no,no,4,4,0.03,0.0141024,6.05465,cut,4401,4106,no
rKaHyPar,sat14_6s16.cnf.hgr,no,no,5,4,0.03,0.0276331,5.94015,cut,4951,4250,no
rKaHyPar,sat14_6s16.cnf.hgr,no,no,6,4,0.03,0.0292212,5.34881,cut,4337,4190,no
rKaHyPar,sat14_6s16.cnf.hgr,no,no,7,4,0.03,0.0299835,11.9274,cut,5077,4333,no
rKaHyPar,sat14_6s16.cnf.hgr,no,no,8,4,0.03,0.0121331,6.61851,cut,4991,4256,no
rKaHyPar,sat14_6s16.cnf.hgr,no,no,9,4,0.03,0.0203913,8.97994,cut,4677,4261,no
rKaHyPar,sat14_6s16.cnf.hgr,no,no,0,64,0.03,0.0294715,17.1674,cut,20275,17301,no
rKaHyPar,sat14_6s16.cnf.hgr,no,no,1,64,0.03,0.0294715,16.8336,cut,20298,17358,no
rKaHyPar,sat14_6s16.cnf.hgr,no,no,2,64,0.03,0.0294715,12.53,cut,19694,17348,no
rKaHyPar,sat14_6s16.cnf.hgr,no,no,3,64,0.03,0.0294715,12.417,cut,20081,17417,no
rKaHyPar,sat14_6s16.cnf.hgr,no,no,4,64,0.03,0.0294715,12.2544,cut,20216,17433,no
rKaHyPar,sat14_6s16.cnf.hgr,no,no,5,64,0.03,0.0294715,17.3349,cut,20251,17384,no
rKaHyPar,sat14_6s16.cnf.hgr,no,no,6,64,0.03,0.0294715,12.2287,cut,20224,17568,no
rKaHyPar,sat14_6s16.cnf.hgr,no,no,7,64,0.03,0.0294715,12.4611,cut,20459,17619,no
rKaHyPar,sat14_6s16.cnf.hgr,no,no,8,64,0.03,0.0294715,16.8444,cut,20296,17410,no
rKaHyPar,sat14_6s16.cnf.hgr,no,no,9,64,0.03,0.0294715,12.364,cut,19835,17168,no
rKaHyPar,sat14_6s16.cnf.hgr,no,no,0,8,0.03,0.0292212,6.37743,cut,6915,6198,no
rKaHyPar,sat14_6s16.cnf.hgr,no,no,1,8,0.03,0.0298564,6.24898,cut,6996,6362,no
rKaHyPar,sat14_6s16.cnf.hgr,no,no,2,8,0.03,0.0299835,19.3172,cut,7343,6740,no
rKaHyPar,sat14_6s16.cnf.hgr,no,no,3,8,0.03,0.0298564,12.5088,cut,7365,6659,no
rKaHyPar,sat14_6s16.cnf.hgr,no,no,4,8,0.03,0.0252827,6.90086,cut,7387,6682,no
rKaHyPar,sat14_6s16.cnf.hgr,no,no,5,8,0.03,0.0299835,6.54922,cut,7205,6488,no
rKaHyPar,sat14_6s16.cnf.hgr,no,no,6,8,0.03,0.0099098,9.99507,cut,7640,6404,no
rKaHyPar,sat14_6s16.cnf.hgr,no,no,7,8,0.03,0.0299835,7.1917,cut,6975,6387,no
rKaHyPar,sat14_6s16.cnf.hgr,no,no,8,8,0.03,0.0265532,9.13871,cut,7549,6441,no
rKaHyPar,sat14_6s16.cnf.hgr,no,no,9,8,0.03,0.0299835,15.9366,cut,7290,6686,no
rKaHyPar,sat14_6s16.cnf.primal.hgr,no,no,0,128,0.03,0.0284553,14.0878,cut,25256,23071,no
rKaHyPar,sat14_6s16.cnf.primal.hgr,no,no,1,128,0.03,0.0284553,10.1299,cut,25376,23215,no
rKaHyPar,sat14_6s16.cnf.primal.hgr,no,no,2,128,0.03,0.0284553,10.4232,cut,25126,23057,no
rKaHyPar,sat14_6s16.cnf.primal.hgr,no,no,3,128,0.03,0.0284553,10.4432,cut,25297,23052,no
rKaHyPar,sat14_6s16.cnf.primal.hgr,no,no,4,128,0.03,0.0284553,14.6102,cut,25213,22946,no
rKaHyPar,sat14_6s16.cnf.primal.hgr,no,no,5,128,0.03,0.0284553,13.9849,cut,25223,22910,no
rKaHyPar,sat14_6s16.cnf.primal.hgr,no,no,6,128,0.03,0.0284553,13.8925,cut,25324,22984,no
rKaHyPar,sat14_6s16.cnf.primal.hgr,no,no,7,128,0.03,0.0284553,10.1551,cut,25068,22829,no
rKaHyPar,sat14_6s16.cnf.primal.hgr,no,no,8,128,0.03,0.0284553,14.2321,cut,25176,22941,no
rKaHyPar,sat14_6s16.cnf.primal.hgr,no,no,9,128,0.03,0.0284553,10.7009,cut,24978,22975,no
rKaHyPar,sat14_6s16.cnf.primal.hgr,no,no,0,16,0.03,0.0299797,8.79525,cut,10474,9884,no
rKaHyPar,sat14_6s16.cnf.primal.hgr,no,no,1,16,0.03,0.0299797,7.35373,cut,10668,10104,no
rKaHyPar,sat14_6s16.cnf.primal.hgr,no,no,2,16,0.03,0.0299797,5.50143,cut,10115,9720,no
rKaHyPar,sat14_6s16.cnf.primal.hgr,no,no,3,16,0.03,0.0299797,7.0892,cut,10405,9885,no
rKaHyPar,sat14_6s16.cnf.primal.hgr,no,no,4,16,0.03,0.0299797,7.08627,cut,10377,9873,no
rKaHyPar,sat14_6s16.cnf.primal.hgr,no,no,5,16,0.03,0.0299797,5.18027,cut,10639,10051,no
rKaHyPar,sat14_6s16.cnf.primal.hgr,no,no,6,16,0.03,0.0299797,7.20818,cut,10345,9754,no
rKaHyPar,sat14_6s16.cnf.primal.hgr,no,no,7,16,0.03,0.0299797,5.2548,cut,10407,9899,no
rKaHyPar,sat14_6s16.cnf.primal.hgr,no,no,8,16,0.03,0.0299797,5.04305,cut,10083,9662,no
rKaHyPar,sat14_6s16.cnf.primal.hgr,no,no,9,16,0.03,0.0299797,8.2759,cut,10332,9836,no
rKaHyPar,sat14_6s16.cnf.primal.hgr,no,no,0,2,0.03,0.00203278,1.47373,cut,2252,2252,no
rKaHyPar,sat14_6s16.cnf.primal.hgr,no,no,1,2,0.03,0.00527252,3.57132,cut,2150,2150,no
rKaHyPar,sat14_6s16.cnf.primal.hgr,no,no,2,2,0.03,0.0299835,3.27879,cut,2291,2291,no
rKaHyPar,sat14_6s16.cnf.primal.hgr,no,no,3,2,0.03,0.00158811,1.62437,cut,2244,2244,no
rKaHyPar,sat14_6s16.cnf.primal.hgr,no,no,4,2,0.03,0.0299835,2.36385,cut,2251,2251,no
rKaHyPar,sat14_6s16.cnf.primal.hgr,no,no,5,2,0.03,0.0299835,4.07693,cut,2204,2204,no
rKaHyPar,sat14_6s16.cnf.primal.hgr,no,no,6,2,0.03,0.0265532,1.58367,cut,2200,2200,no
rKaHyPar,sat14_6s16.cnf.primal.hgr,no,no,7,2,0.03,0.0299835,2.72257,cut,2233,2233,no
rKaHyPar,sat14_6s16.cnf.primal.hgr,no,no,8,2,0.03,0.02992,3.28331,cut,2209,2209,no
rKaHyPar,sat14_6s16.cnf.primal.hgr,no,no,9,2,0.03,0.0186762,2.34185,cut,2164,2164,no
rKaHyPar,sat14_6s16.cnf.primal.hgr,no,no,0,32,0.03,0.0294715,7.87608,cut,14643,13795,no
rKaHyPar,sat14_6s16.cnf.primal.hgr,no,no,1,32,0.03,0.0294715,6.39966,cut,14384,13614,no
rKaHyPar,sat14_6s16.cnf.primal.hgr,no,no,2,32,0.03,0.0294715,8.33675,cut,14391,13560,no
rKaHyPar,sat14_6s16.cnf.primal.hgr,no,no,3,32,0.03,0.0294715,8.19213,cut,14609,13779,no
rKaHyPar,sat14_6s16.cnf.primal.hgr,no,no,4,32,0.03,0.0294715,5.60931,cut,14385,13520,no
rKaHyPar,sat14_6s16.cnf.primal.hgr,no,no,5,32,0.03,0.0294715,7.85449,cut,14385,13517,no
rKaHyPar,sat14_6s16.cnf.primal.hgr,no,no,6,32,0.03,0.0294715,6.10595,cut,14617,13739,no
rKaHyPar,sat14_6s16.cnf.primal.hgr,no,no,7,32,0.03,0.0294715,7.95814,cut,14255,13517,no
rKaHyPar,sat14_6s16.cnf.primal.hgr,no,no,8,32,0.03,0.0294715,5.85377,cut,14565,13772,no
rKaHyPar,sat14_6s16.cnf.primal.hgr,no,no,9,32,0.03,0.0294715,6.08437,cut,14113,13418,no
rKaHyPar,sat14_6s16.cnf.primal.hgr,no,no,0,4,0.03,0.0299835,2.95175,cut,4322,4186,no
rKaHyPar,sat14_6s16.cnf.primal.hgr,no,no,1,4,0.03,0.0279507,3.47561,cut,4212,4180,no
rKaHyPar,sat14_6s16.cnf.primal.hgr,no,no,2,4,0.03,0.0296023,4.1268,cut,4331,4300,no
rKaHyPar,sat14_6s16.cnf.primal.hgr,no,no,3,4,0.03,0.0296023,3.50493,cut,4271,4201,no
rKaHyPar,sat14_6s16.cnf.primal.hgr,no,no,4,4,0.03,0.0299835,5.60858,cut,4617,4584,no
rKaHyPar,sat14_6s16.cnf.primal.hgr,no,no,5,4,0.03,0.00533604,2.29324,cut,4382,4238,no
rKaHyPar,sat14_6s16.cnf.primal.hgr,no,no,6,4,0.03,0.0111803,2.2612,cut,4468,4299,no
rKaHyPar,sat14_6s16.cnf.primal.hgr,no,no,7,4,0.03,0.0299835,4.62366,cut,4642,4610,no
rKaHyPar,sat14_6s16.cnf.primal.hgr,no,no,8,4,0.03,0.0299835,3.66893,cut,4228,4168,no
rKaHyPar,sat14_6s16.cnf.primal.hgr,no,no,9,4,0.03,0.023504,4.34375,cut,4303,4273,no
rKaHyPar,sat14_6s16.cnf.primal.hgr,no,no,0,64,0.03,0.0284553,10.4183,cut,19171,17812,no
rKaHyPar,sat14_6s16.cnf.primal.hgr,no,no,1,64,0.03,0.0284553,10.5131,cut,19495,18250,no
rKaHyPar,sat14_6s16.cnf.primal.hgr,no,no,2,64,0.03,0.0284553,7.92122,cut,19308,17987,no
rKaHyPar,sat14_6s16.cnf.primal.hgr,no,no,3,64,0.03,0.0284553,7.63553,cut,19344,17990,no
rKaHyPar,sat14_6s16.cnf.primal.hgr,no,no,4,64,0.03,0.0284553,7.99076,cut,19369,18173,no
rKaHyPar,sat14_6s16.cnf.primal.hgr,no,no,5,64,0.03,0.0284553,10.2661,cut,19263,17958,no
rKaHyPar,sat14_6s16.cnf.primal.hgr,no,no,6,64,0.03,0.0284553,7.42177,cut,19232,17918,no
rKaHyPar,sat14_6s16.cnf.primal.hgr,no,no,7,64,0.03,0.0284553,7.50535,cut,19454,18143,no
rKaHyPar,sat14_6s16.cnf.primal.hgr,no,no,8,64,0.03,0.0284553,10.5904,cut,19149,17954,no
rKaHyPar,sat14_6s16.cnf.primal.hgr,no,no,9,64,0.03,0.0284553,7.7336,cut,19027,17896,no
rKaHyPar,sat14_6s16.cnf.primal.hgr,no,no,0,8,0.03,0.0299797,3.47092,cut,6872,6465,no
rKaHyPar,sat14_6s16.cnf.primal.hgr,no,no,1,8,0.03,0.0299797,3.64034,cut,6930,6560,no
rKaHyPar,sat14_6s16.cnf.primal.hgr,no,no,2,8,0.03,0.0299797,10.5685,cut,6887,6512,no
rKaHyPar,sat14_6s16.cnf.primal.hgr,no,no,3,8,0.03,0.0299797,5.02062,cut,7275,6992,no
rKaHyPar,sat14_6s16.cnf.primal.hgr,no,no,4,8,0.03,0.0299797,3.35459,cut,7259,6942,no
rKaHyPar,sat14_6s16.cnf.primal.hgr,no,no,5,8,0.03,0.0147358,3.39425,cut,7012,6662,no
rKaHyPar,sat14_6s16.cnf.primal.hgr,no,no,6,8,0.03,0.0200711,8.95528,cut,6976,6658,no
rKaHyPar,sat14_6s16.cnf.primal.hgr,no,no,7,8,0.03,0.0299797,3.50964,cut,7261,6994,no
rKaHyPar,sat14_6s16.cnf.primal.hgr,no,no,8,8,0.03,0.0299797,8.50779,cut,7034,6641,no
rKaHyPar,sat14_6s16.cnf.primal.hgr,no,no,9,8,0.03,0.0299797,5.4293,cut,6713,6371,no
rKaHyPar,sat14_6s184.cnf.dual.hgr,no,no,0,128,0.03,0.0262467,11.5499,cut,8372,2464,no
rKaHyPar,sat14_6s184.cnf.dual.hgr,no,no,1,128,0.03,0.0275591,8.22107,cut,8545,2460,no
rKaHyPar,sat14_6s184.cnf.dual.hgr,no,no,2,128,0.03,0.0288714,8.10838,cut,8578,2463,no
rKaHyPar,sat14_6s184.cnf.dual.hgr,no,no,3,128,0.03,0.0275591,8.14714,cut,8491,2483,no
rKaHyPar,sat14_6s184.cnf.dual.hgr,no,no,4,128,0.03,0.0262467,11.6998,cut,8299,2430,no
rKaHyPar,sat14_6s184.cnf.dual.hgr,no,no,5,128,0.03,0.0275591,11.4307,cut,8433,2444,no
rKaHyPar,sat14_6s184.cnf.dual.hgr,no,no,6,128,0.03,0.0249344,11.9778,cut,8630,2486,no
rKaHyPar,sat14_6s184.cnf.dual.hgr,no,no,7,128,0.03,0.0288714,11.7076,cut,8477,2432,no
rKaHyPar,sat14_6s184.cnf.dual.hgr,no,no,8,128,0.03,0.0288714,8.16914,cut,8664,2476,no
rKaHyPar,sat14_6s184.cnf.dual.hgr,no,no,9,128,0.03,0.0275591,8.18085,cut,8267,2489,no
rKaHyPar,sat14_6s184.cnf.dual.hgr,no,no,0,16,0.03,0.0277276,6.03925,cut,3227,1409,no
rKaHyPar,sat14_6s184.cnf.dual.hgr,no,no,1,16,0.03,0.02379,6.25715,cut,2902,1397,no
rKaHyPar,sat14_6s184.cnf.dual.hgr,no,no,2,16,0.03,0.0298605,4.26317,cut,3348,1395,no
rKaHyPar,sat14_6s184.cnf.dual.hgr,no,no,3,16,0.03,0.0292043,6.36876,cut,2882,1400,no
rKaHyPar,sat14_6s184.cnf.dual.hgr,no,no,4,16,0.03,0.0183757,6.13888,cut,3111,1393,no
rKaHyPar,sat14_6s184.cnf.dual.hgr,no,no,5,16,0.03,0.0277276,4.27418,cut,3160,1384,no
rKaHyPar,sat14_6s184.cnf.dual.hgr,no,no,6,16,0.03,0.0255947,6.32592,cut,2758,1426,no
rKaHyPar,sat14_6s184.cnf.dual.hgr,no,no,7,16,0.03,0.0280558,6.20318,cut,2995,1386,no
rKaHyPar,sat14_6s184.cnf.dual.hgr,no,no,8,16,0.03,0.0278917,4.15234,cut,3003,1412,no
rKaHyPar,sat14_6s184.cnf.dual.hgr,no,no,9,16,0.03,0.0295324,6.40981,cut,3056,1380,no
rKaHyPar,sat14_6s184.cnf.dual.hgr,no,no,0,2,0.03,0.0133106,2.02403,cut,389,389,no
rKaHyPar,sat14_6s184.cnf.dual.hgr,no,no,1,2,0.03,0.0129415,1.98842,cut,389,389,no
rKaHyPar,sat14_6s184.cnf.dual.hgr,no,no,2,2,0.03,0.0131876,3.10917,cut,389,389,no
rKaHyPar,sat14_6s184.cnf.dual.hgr,no,no,3,2,0.03,0,2.08381,cut,391,391,no
rKaHyPar,sat14_6s184.cnf.dual.hgr,no,no,4,2,0.03,0,2.0919,cut,390,390,no
rKaHyPar,sat14_6s184.cnf.dual.hgr,no,no,5,2,0.03,0,3.20389,cut,390,390,no
rKaHyPar,sat14_6s184.cnf.dual.hgr,no,no,6,2,0.03,0,2.171,cut,390,390,no
rKaHyPar,sat14_6s184.cnf.dual.hgr,no,no,7,2,0.03,0.00974199,3.02874,cut,391,391,no
rKaHyPar,sat14_6s184.cnf.dual.hgr,no,no,8,2,0.03,0,3.23869,cut,392,392,no
rKaHyPar,sat14_6s184.cnf.dual.hgr,no,no,9,2,0.03,0,2.1252,cut,390,390,no
rKaHyPar,sat14_6s184.cnf.dual.hgr,no,no,0,32,0.03,0.0229659,7.15612,cut,4492,1671,no
rKaHyPar,sat14_6s184.cnf.dual.hgr,no,no,1,32,0.03,0.0298556,4.96249,cut,4613,1660,no
rKaHyPar,sat14_6s184.cnf.dual.hgr,no,no,2,32,0.03,0.0295276,7.39186,cut,4647,1661,no
rKaHyPar,sat14_6s184.cnf.dual.hgr,no,no,3,32,0.03,0.0255906,5.02574,cut,4608,1678,no
rKaHyPar,sat14_6s184.cnf.dual.hgr,no,no,4,32,0.03,0.023622,5.01619,cut,4549,1650,no
rKaHyPar,sat14_6s184.cnf.dual.hgr,no,no,5,32,0.03,0.0288714,7.41113,cut,4728,1676,no
rKaHyPar,sat14_6s184.cnf.dual.hgr,no,no,6,32,0.03,0.0295276,4.9464,cut,4764,1676,no
rKaHyPar,sat14_6s184.cnf.dual.hgr,no,no,7,32,0.03,0.0206693,7.36352,cut,4555,1667,no
rKaHyPar,sat14_6s184.cnf.dual.hgr,no,no,8,32,0.03,0.0288714,4.96566,cut,4641,1691,no
rKaHyPar,sat14_6s184.cnf.dual.hgr,no,no,9,32,0.03,0.0242782,4.98683,cut,4565,1665,no
rKaHyPar,sat14_6s184.cnf.dual.hgr,no,no,0,4,0.03,0.0240781,4.25083,cut,914,686,no
rKaHyPar,sat14_6s184.cnf.dual.hgr,no,no,1,4,0.03,0.0276467,2.75089,cut,891,655,no
rKaHyPar,sat14_6s184.cnf.dual.hgr,no,no,2,4,0.03,0,4.13459,cut,888,702,no
rKaHyPar,sat14_6s184.cnf.dual.hgr,no,no,3,4,0.03,0.0279339,4.28214,cut,862,660,no
rKaHyPar,sat14_6s184.cnf.dual.hgr,no,no,4,4,0.03,0.0296567,4.1911,cut,841,684,no
rKaHyPar,sat14_6s184.cnf.dual.hgr,no,no,5,4,0.03,0.0292465,2.86213,cut,915,691,no
rKaHyPar,sat14_6s184.cnf.dual.hgr,no,no,6,4,0.03,0.0271135,4.21374,cut,863,666,no
rKaHyPar,sat14_6s184.cnf.dual.hgr,no,no,7,4,0.03,0.0296977,4.29113,cut,934,680,no
rKaHyPar,sat14_6s184.cnf.dual.hgr,no,no,8,4,0.03,0.0275647,4.21907,cut,865,657,no
rKaHyPar,sat14_6s184.cnf.dual.hgr,no,no,9,4,0.03,0.0198942,2.90376,cut,887,673,no
rKaHyPar,sat14_6s184.cnf.dual.hgr,no,no,0,64,0.03,0.0295276,8.9642,cut,6130,2006,no
rKaHyPar,sat14_6s184.cnf.dual.hgr,no,no,1,64,0.03,0.0275591,8.80045,cut,6409,2038,no
rKaHyPar,sat14_6s184.cnf.dual.hgr,no,no,2,64,0.03,0.0216535,6.25687,cut,6295,1989,no
rKaHyPar,sat14_6s184.cnf.dual.hgr,no,no,3,64,0.03,0.0282152,6.36733,cut,6262,1992,no
rKaHyPar,sat14_6s184.cnf.dual.hgr,no,no,4,64,0.03,0.0282152,6.23685,cut,6100,1973,no
rKaHyPar,sat14_6s184.cnf.dual.hgr,no,no,5,64,0.03,0.0275591,8.70357,cut,6087,2030,no
rKaHyPar,sat14_6s184.cnf.dual.hgr,no,no,6,64,0.03,0.0275591,6.30724,cut,6206,2024,no
rKaHyPar,sat14_6s184.cnf.dual.hgr,no,no,7,64,0.03,0.0275591,6.12547,cut,6343,1975,no
rKaHyPar,sat14_6s184.cnf.dual.hgr,no,no,8,64,0.03,0.0295276,6.25333,cut,6289,1981,no
rKaHyPar,sat14_6s184.cnf.dual.hgr,no,no,9,64,0.03,0.0275591,6.16901,cut,6265,2002,no
rKaHyPar,sat14_6s184.cnf.dual.hgr,no,no,0,8,0.03,0.021493,3.45296,cut,1791,1090,no
rKaHyPar,sat14_6s184.cnf.dual.hgr,no,no,1,8,0.03,0.0127153,3.44802,cut,1823,1101,no
rKaHyPar,sat14_6s184.cnf.dual.hgr,no,no,2,8,0.03,0.0136177,3.62193,cut,1893,1159,no
rKaHyPar,sat14_6s184.cnf.dual.hgr,no,no,3,8,0.03,0.028548,5.15257,cut,1744,1047,no
rKaHyPar,sat14_6s184.cnf.dual.hgr,no,no,4,8,0.03,0.021329,3.74228,cut,1779,1125,no
rKaHyPar,sat14_6s184.cnf.dual.hgr,no,no,5,8,0.03,0.0147662,4.17497,cut,1824,1114,no
rKaHyPar,sat14_6s184.cnf.dual.hgr,no,no,6,8,0.03,0.00861362,5.11908,cut,1737,1113,no
rKaHyPar,sat14_6s184.cnf.dual.hgr,no,no,7,8,0.03,0.026251,3.38962,cut,1871,1056,no
rKaHyPar,sat14_6s184.cnf.dual.hgr,no,no,8,8,0.03,0.0181296,5.0104,cut,1735,1096,no
rKaHyPar,sat14_6s184.cnf.dual.hgr,no,no,9,8,0.03,0.0153404,5.12778,cut,1780,1088,no
rKaHyPar,sat14_6s184.cnf.hgr,no,no,0,128,0.03,0.0287356,21.7836,cut,27408,22748,no
rKaHyPar,sat14_6s184.cnf.hgr,no,no,1,128,0.03,0.0287356,15.8219,cut,27327,22798,no
rKaHyPar,sat14_6s184.cnf.hgr,no,no,2,128,0.03,0.0287356,16.0125,cut,27454,22888,no
rKaHyPar,sat14_6s184.cnf.hgr,no,no,3,128,0.03,0.0287356,15.6214,cut,27453,22800,no
rKaHyPar,sat14_6s184.cnf.hgr,no,no,4,128,0.03,0.0287356,21.5169,cut,27478,22880,no
rKaHyPar,sat14_6s184.cnf.hgr,no,no,5,128,0.03,0.0287356,21.3193,cut,27351,22718,no
rKaHyPar,sat14_6s184.cnf.hgr,no,no,6,128,0.03,0.0287356,21.9248,cut,27326,22877,no
rKaHyPar,sat14_6s184.cnf.hgr,no,no,7,128,0.03,0.0287356,21.6439,cut,27518,22885,no
rKaHyPar,sat14_6s184.cnf.hgr,no,no,8,128,0.03,0.0287356,21.5428,cut,27326,22817,no
rKaHyPar,sat14_6s184.cnf.hgr,no,no,9,128,0.03,0.0287356,15.4919,cut,27478,22813,no
rKaHyPar,sat14_6s184.cnf.hgr,no,no,0,16,0.03,0.0299688,13.0276,cut,11274,10264,no
rKaHyPar,sat14_6s184.cnf.hgr,no,no,1,16,0.03,0.0299688,9.83906,cut,11693,10346,no
rKaHyPar,sat14_6s184.cnf.hgr,no,no,2,16,0.03,0.0299688,8.70077,cut,11227,10083,no
rKaHyPar,sat14_6s184.cnf.hgr,no,no,3,16,0.03,0.0299688,12.5351,cut,11444,10012,no
rKaHyPar,sat14_6s184.cnf.hgr,no,no,4,16,0.03,0.0299688,13.869,cut,11390,10177,no
rKaHyPar,sat14_6s184.cnf.hgr,no,no,5,16,0.03,0.0299688,9.09584,cut,11710,10334,no
rKaHyPar,sat14_6s184.cnf.hgr,no,no,6,16,0.03,0.0299688,13.2969,cut,11094,9957,no
rKaHyPar,sat14_6s184.cnf.hgr,no,no,7,16,0.03,0.0299688,12.7491,cut,11265,10051,no
rKaHyPar,sat14_6s184.cnf.hgr,no,no,8,16,0.03,0.0292496,8.86704,cut,11058,10074,no
rKaHyPar,sat14_6s184.cnf.hgr,no,no,9,16,0.03,0.0297291,13.2316,cut,10870,10056,no
rKaHyPar,sat14_6s184.cnf.hgr,no,no,0,2,0.03,0,2.82037,cut,2262,2262,no
rKaHyPar,sat14_6s184.cnf.hgr,no,no,1,2,0.03,0,2.91524,cut,2266,2266,no
rKaHyPar,sat14_6s184.cnf.hgr,no,no,2,2,0.03,0,4.17744,cut,2262,2262,no
rKaHyPar,sat14_6s184.cnf.hgr,no,no,3,2,0.03,0.0299715,3.3347,cut,2274,2274,no
rKaHyPar,sat14_6s184.cnf.hgr,no,no,4,2,0.03,0,2.95446,cut,2264,2264,no
rKaHyPar,sat14_6s184.cnf.hgr,no,no,5,2,0.03,0.0299715,8.90576,cut,2441,2441,no
rKaHyPar,sat14_6s184.cnf.hgr,no,no,6,2,0.03,0,2.88757,cut,2296,2296,no
rKaHyPar,sat14_6s184.cnf.hgr,no,no,7,2,0.03,0,4.01105,cut,2262,2262,no
rKaHyPar,sat14_6s184.cnf.hgr,no,no,8,2,0.03,0,3.98569,cut,2268,2268,no
rKaHyPar,sat14_6s184.cnf.hgr,no,no,9,2,0.03,0,2.87309,cut,2262,2262,no
rKaHyPar,sat14_6s184.cnf.hgr,no,no,0,32,0.03,0.029722,14.7419,cut,16286,14184,no
rKaHyPar,sat14_6s184.cnf.hgr,no,no,1,32,0.03,0.029722,10.5778,cut,15358,13691,no
rKaHyPar,sat14_6s184.cnf.hgr,no,no,2,32,0.03,0.029722,15.1251,cut,15416,13534,no
rKaHyPar,sat14_6s184.cnf.hgr,no,no,3,32,0.03,0.0287632,11.5269,cut,15823,13745,no
rKaHyPar,sat14_6s184.cnf.hgr,no,no,4,32,0.03,0.029722,10.6423,cut,15632,13885,no
rKaHyPar,sat14_6s184.cnf.hgr,no,no,5,32,0.03,0.029722,14.8255,cut,15908,13912,no
rKaHyPar,sat14_6s184.cnf.hgr,no,no,6,32,0.03,0.029722,10.5489,cut,15951,13884,no
rKaHyPar,sat14_6s184.cnf.hgr,no,no,7,32,0.03,0.029722,14.7104,cut,15996,14177,no
rKaHyPar,sat14_6s184.cnf.hgr,no,no,8,32,0.03,0.029722,10.715,cut,15436,13709,no
rKaHyPar,sat14_6s184.cnf.hgr,no,no,9,32,0.03,0.029722,10.9175,cut,15779,13974,no
rKaHyPar,sat14_6s184.cnf.hgr,no,no,0,4,0.03,0.0211593,7.34167,cut,4677,4570,no
rKaHyPar,sat14_6s184.cnf.hgr,no,no,1,4,0.03,0.0299706,5.40827,cut,4949,4448,no
rKaHyPar,sat14_6s184.cnf.hgr,no,no,2,4,0.03,0.0262543,8.10925,cut,4674,4357,no
rKaHyPar,sat14_6s184.cnf.hgr,no,no,3,4,0.03,0.0299706,9.33382,cut,4704,4369,no
rKaHyPar,sat14_6s184.cnf.hgr,no,no,4,4,0.03,0.029611,6.89009,cut,4646,4419,no
rKaHyPar,sat14_6s184.cnf.hgr,no,no,5,4,0.03,0.0299107,5.31894,cut,4611,4420,no
rKaHyPar,sat14_6s184.cnf.hgr,no,no,6,4,0.03,0.0299706,7.67432,cut,4940,4498,no
rKaHyPar,sat14_6s184.cnf.hgr,no,no,7,4,0.03,0.0299706,7.79505,cut,4958,4447,no
rKaHyPar,sat14_6s184.cnf.hgr,no,no,8,4,0.03,0.0277528,7.06159,cut,4913,4470,no
rKaHyPar,sat14_6s184.cnf.hgr,no,no,9,4,0.03,0.02044,5.3528,cut,5034,4572,no
rKaHyPar,sat14_6s184.cnf.hgr,no,no,0,64,0.03,0.029722,17.6535,cut,21019,18286,no
rKaHyPar,sat14_6s184.cnf.hgr,no,no,1,64,0.03,0.029722,17.4686,cut,20963,18020,no
rKaHyPar,sat14_6s184.cnf.hgr,no,no,2,64,0.03,0.029722,13.5193,cut,21160,18216,no
rKaHyPar,sat14_6s184.cnf.hgr,no,no,3,64,0.03,0.029722,13.3506,cut,21291,18398,no
rKaHyPar,sat14_6s184.cnf.hgr,no,no,4,64,0.03,0.029722,13.1794,cut,20844,18053,no
rKaHyPar,sat14_6s184.cnf.hgr,no,no,5,64,0.03,0.029722,17.4504,cut,20967,18180,no
rKaHyPar,sat14_6s184.cnf.hgr,no,no,6,64,0.03,0.029722,13.1317,cut,21026,18171,no
rKaHyPar,sat14_6s184.cnf.hgr,no,no,7,64,0.03,0.029722,12.6213,cut,21106,18147,no
rKaHyPar,sat14_6s184.cnf.hgr,no,no,8,64,0.03,0.029722,12.8608,cut,21052,18169,no
rKaHyPar,sat14_6s184.cnf.hgr,no,no,9,64,0.03,0.029722,12.8528,cut,21050,18255,no
rKaHyPar,sat14_6s184.cnf.hgr,no,no,0,8,0.03,0.0176217,9.95364,cut,7370,6762,no
rKaHyPar,sat14_6s184.cnf.hgr,no,no,1,8,0.03,0.0148645,6.81499,cut,7719,6912,no
rKaHyPar,sat14_6s184.cnf.hgr,no,no,2,8,0.03,0.0299688,7.27185,cut,8075,7414,no
rKaHyPar,sat14_6s184.cnf.hgr,no,no,3,8,0.03,0.0198993,12.4226,cut,7818,6978,no
rKaHyPar,sat14_6s184.cnf.hgr,no,no,4,8,0.03,0.0299688,6.75577,cut,7965,7303,no
rKaHyPar,sat14_6s184.cnf.hgr,no,no,5,8,0.03,0.029849,7.323,cut,7872,7128,no
rKaHyPar,sat14_6s184.cnf.hgr,no,no,6,8,0.03,0.0299688,12.2326,cut,7604,6789,no
rKaHyPar,sat14_6s184.cnf.hgr,no,no,7,8,0.03,0.0183409,6.67387,cut,7466,6927,no
rKaHyPar,sat14_6s184.cnf.hgr,no,no,8,8,0.03,0.0296092,12.0304,cut,8447,7577,no
rKaHyPar,sat14_6s184.cnf.hgr,no,no,9,8,0.03,0.0263726,10.4111,cut,7702,7025,no
rKaHyPar,sat14_6s184.cnf.primal.hgr,no,no,0,128,0.03,0.0268199,10.8189,cut,26404,24047,no
rKaHyPar,sat14_6s184.cnf.primal.hgr,no,no,1,128,0.03,0.0268199,10.4454,cut,26347,23916,no
rKaHyPar,sat14_6s184.cnf.primal.hgr,no,no,2,128,0.03,0.0268199,10.6544,cut,26296,24028,no
rKaHyPar,sat14_6s184.cnf.primal.hgr,no,no,3,128,0.03,0.0268199,10.4874,cut,26302,23901,no
rKaHyPar,sat14_6s184.cnf.primal.hgr,no,no,4,128,0.03,0.0268199,14.9184,cut,26281,24028,no
rKaHyPar,sat14_6s184.cnf.primal.hgr,no,no,5,128,0.03,0.0268199,14.6057,cut,26217,23886,no
rKaHyPar,sat14_6s184.cnf.primal.hgr,no,no,6,128,0.03,0.0268199,14.8508,cut,26213,23890,no
rKaHyPar,sat14_6s184.cnf.primal.hgr,no,no,7,128,0.03,0.0268199,14.6464,cut,26378,23975,no
rKaHyPar,sat14_6s184.cnf.primal.hgr,no,no,8,128,0.03,0.0268199,10.4512,cut,26096,23808,no
rKaHyPar,sat14_6s184.cnf.primal.hgr,no,no,9,128,0.03,0.0268199,10.4056,cut,26434,24135,no
rKaHyPar,sat14_6s184.cnf.primal.hgr,no,no,0,16,0.03,0.029722,8.4715,cut,10631,10048,no
rKaHyPar,sat14_6s184.cnf.primal.hgr,no,no,1,16,0.03,0.029722,6.57078,cut,10513,9911,no
rKaHyPar,sat14_6s184.cnf.primal.hgr,no,no,2,16,0.03,0.029722,5.24802,cut,10859,10213,no
rKaHyPar,sat14_6s184.cnf.primal.hgr,no,no,3,16,0.03,0.029722,5.45794,cut,10986,10464,no
rKaHyPar,sat14_6s184.cnf.primal.hgr,no,no,4,16,0.03,0.029722,7.68532,cut,10650,10041,no
rKaHyPar,sat14_6s184.cnf.primal.hgr,no,no,5,16,0.03,0.029722,4.74534,cut,10667,10070,no
rKaHyPar,sat14_6s184.cnf.primal.hgr,no,no,6,16,0.03,0.0292426,4.95272,cut,10629,10001,no
rKaHyPar,sat14_6s184.cnf.primal.hgr,no,no,7,16,0.03,0.029722,7.44256,cut,10791,10175,no
rKaHyPar,sat14_6s184.cnf.primal.hgr,no,no,8,16,0.03,0.029722,4.97589,cut,11009,10424,no
rKaHyPar,sat14_6s184.cnf.primal.hgr,no,no,9,16,0.03,0.029722,4.87461,cut,10751,10078,no
rKaHyPar,sat14_6s184.cnf.primal.hgr,no,no,0,2,0.03,0.0299706,2.15137,cut,2310,2310,no
rKaHyPar,sat14_6s184.cnf.primal.hgr,no,no,1,2,0.03,0.00803213,1.67923,cut,2262,2262,no
rKaHyPar,sat14_6s184.cnf.primal.hgr,no,no,2,2,0.03,0.0299706,2.45577,cut,2304,2304,no
rKaHyPar,sat14_6s184.cnf.primal.hgr,no,no,3,2,0.03,0.00095906,1.82355,cut,2268,2268,no
rKaHyPar,sat14_6s184.cnf.primal.hgr,no,no,4,2,0.03,0.0299706,2.2328,cut,2332,2332,no
rKaHyPar,sat14_6s184.cnf.primal.hgr,no,no,5,2,0.03,0.00341665,2.44492,cut,2262,2262,no
rKaHyPar,sat14_6s184.cnf.primal.hgr,no,no,6,2,0.03,0.00803213,1.78036,cut,2262,2262,no
rKaHyPar,sat14_6s184.cnf.primal.hgr,no,no,7,2,0.03,0.0299706,2.8635,cut,2356,2356,no
rKaHyPar,sat14_6s184.cnf.primal.hgr,no,no,8,2,0.03,0.001019,2.32929,cut,2268,2268,no
rKaHyPar,sat14_6s184.cnf.primal.hgr,no,no,9,2,0.03,0.00803213,1.73518,cut,2262,2262,no
rKaHyPar,sat14_6s184.cnf.primal.hgr,no,no,0,32,0.03,0.029722,8.76583,cut,15179,14333,no
rKaHyPar,sat14_6s184.cnf.primal.hgr,no,no,1,32,0.03,0.029722,5.86239,cut,15094,14122,no
rKaHyPar,sat14_6s184.cnf.primal.hgr,no,no,2,32,0.03,0.029722,8.70811,cut,15370,14237,no
rKaHyPar,sat14_6s184.cnf.primal.hgr,no,no,3,32,0.03,0.029722,6.26229,cut,15122,14222,no
rKaHyPar,sat14_6s184.cnf.primal.hgr,no,no,4,32,0.03,0.029722,6.32446,cut,15167,14270,no
rKaHyPar,sat14_6s184.cnf.primal.hgr,no,no,5,32,0.03,0.029722,8.12608,cut,15011,14139,no
rKaHyPar,sat14_6s184.cnf.primal.hgr,no,no,6,32,0.03,0.029722,5.98944,cut,15256,14277,no
rKaHyPar,sat14_6s184.cnf.primal.hgr,no,no,7,32,0.03,0.029722,9.02735,cut,14918,14061,no
rKaHyPar,sat14_6s184.cnf.primal.hgr,no,no,8,32,0.03,0.029722,5.83115,cut,14873,13944,no
rKaHyPar,sat14_6s184.cnf.primal.hgr,no,no,9,32,0.03,0.029722,5.95264,cut,14889,13999,no
rKaHyPar,sat14_6s184.cnf.primal.hgr,no,no,0,4,0.03,0.0201391,6.1885,cut,4529,4498,no
rKaHyPar,sat14_6s184.cnf.primal.hgr,no,no,1,4,0.03,0.0276912,2.54614,cut,4644,4435,no
rKaHyPar,sat14_6s184.cnf.primal.hgr,no,no,2,4,0.03,0.0281707,3.58461,cut,4671,4582,no
rKaHyPar,sat14_6s184.cnf.primal.hgr,no,no,3,4,0.03,0.0282906,3.67844,cut,4717,4564,no
rKaHyPar,sat14_6s184.cnf.primal.hgr,no,no,4,4,0.03,0.0228962,5.28411,cut,4532,4474,no
rKaHyPar,sat14_6s184.cnf.primal.hgr,no,no,5,4,0.03,0.0236154,2.66416,cut,4677,4570,no
rKaHyPar,sat14_6s184.cnf.primal.hgr,no,no,6,4,0.03,0.0275713,3.91415,cut,4645,4582,no
rKaHyPar,sat14_6s184.cnf.primal.hgr,no,no,7,4,0.03,0.0299688,5.38175,cut,4642,4562,no
rKaHyPar,sat14_6s184.cnf.primal.hgr,no,no,8,4,0.03,0.0179813,3.72874,cut,4686,4564,no
rKaHyPar,sat14_6s184.cnf.primal.hgr,no,no,9,4,0.03,0.0297291,2.72806,cut,4630,4427,no
rKaHyPar,sat14_6s184.cnf.primal.hgr,no,no,0,64,0.03,0.0287356,11.2213,cut,19887,18637,no
rKaHyPar,sat14_6s184.cnf.primal.hgr,no,no,1,64,0.03,0.0287356,8.03758,cut,19846,18616,no
rKaHyPar,sat14_6s184.cnf.primal.hgr,no,no,2,64,0.03,0.0287356,7.85757,cut,20221,18776,no
rKaHyPar,sat14_6s184.cnf.primal.hgr,no,no,3,64,0.03,0.0287356,7.85552,cut,20215,18821,no
rKaHyPar,sat14_6s184.cnf.primal.hgr,no,no,4,64,0.03,0.0287356,8.1359,cut,20262,18816,no
rKaHyPar,sat14_6s184.cnf.primal.hgr,no,no,5,64,0.03,0.0287356,10.8887,cut,20239,18722,no
rKaHyPar,sat14_6s184.cnf.primal.hgr,no,no,6,64,0.03,0.0287356,8.00949,cut,20015,18641,no
rKaHyPar,sat14_6s184.cnf.primal.hgr,no,no,7,64,0.03,0.0287356,8.23546,cut,20454,18980,no
rKaHyPar,sat14_6s184.cnf.primal.hgr,no,no,8,64,0.03,0.0287356,7.78143,cut,20106,18717,no
rKaHyPar,sat14_6s184.cnf.primal.hgr,no,no,9,64,0.03,0.0287356,7.72715,cut,20230,18678,no
rKaHyPar,sat14_6s184.cnf.primal.hgr,no,no,0,8,0.03,0.0196596,4.66817,cut,7469,6988,no
rKaHyPar,sat14_6s184.cnf.primal.hgr,no,no,1,8,0.03,0.0155838,3.60487,cut,7400,7013,no
rKaHyPar,sat14_6s184.cnf.primal.hgr,no,no,2,8,0.03,0.0141453,3.32838,cut,7478,6940,no
rKaHyPar,sat14_6s184.cnf.primal.hgr,no,no,3,8,0.03,0.0148645,4.81339,cut,7458,6934,no
rKaHyPar,sat14_6s184.cnf.primal.hgr,no,no,4,8,0.03,0.0227763,6.66214,cut,7485,6980,no
rKaHyPar,sat14_6s184.cnf.primal.hgr,no,no,5,8,0.03,0.0299688,3.59819,cut,7347,6883,no
rKaHyPar,sat14_6s184.cnf.primal.hgr,no,no,6,8,0.03,0.0225366,4.75896,cut,7416,6910,no
rKaHyPar,sat14_6s184.cnf.primal.hgr,no,no,7,8,0.03,0.0294893,4.0819,cut,7480,7060,no
rKaHyPar,sat14_6s184.cnf.primal.hgr,no,no,8,8,0.03,0.0297291,5.7118,cut,7371,6936,no
rKaHyPar,sat14_6s184.cnf.primal.hgr,no,no,9,8,0.03,0.0299688,6.16049,cut,7488,7150,no
rKaHyPar,sat14_6s9.cnf.dual.hgr,no,no,0,128,0.03,0.0229299,8.60147,cut,8299,2480,no
rKaHyPar,sat14_6s9.cnf.dual.hgr,no,no,1,128,0.03,0.0280255,8.48776,cut,8305,2512,no
rKaHyPar,sat14_6s9.cnf.dual.hgr,no,no,2,128,0.03,0.0229299,8.3433,cut,8359,2494,no
rKaHyPar,sat14_6s9.cnf.dual.hgr,no,no,3,128,0.03,0.0267516,8.46003,cut,8158,2551,no
rKaHyPar,sat14_6s9.cnf.dual.hgr,no,no,4,128,0.03,0.0267516,12.3997,cut,8238,2578,no
rKaHyPar,sat14_6s9.cnf.dual.hgr,no,no,5,128,0.03,0.0292994,12.1541,cut,8203,2507,no
rKaHyPar,sat14_6s9.cnf.dual.hgr,no,no,6,128,0.03,0.0280255,12.0748,cut,8186,2503,no
rKaHyPar,sat14_6s9.cnf.dual.hgr,no,no,7,128,0.03,0.0292994,12.1769,cut,8119,2475,no
rKaHyPar,sat14_6s9.cnf.dual.hgr,no,no,8,128,0.03,0.0280255,12.2434,cut,8580,2530,no
rKaHyPar,sat14_6s9.cnf.dual.hgr,no,no,9,128,0.03,0.0267516,8.26585,cut,8228,2514,no
rKaHyPar,sat14_6s9.cnf.dual.hgr,no,no,0,16,0.03,0.0264584,6.49425,cut,2831,1385,no
rKaHyPar,sat14_6s9.cnf.dual.hgr,no,no,1,16,0.03,0.0296462,4.5015,cut,2705,1350,no
rKaHyPar,sat14_6s9.cnf.dual.hgr,no,no,2,16,0.03,0.0288492,4.56439,cut,2750,1367,no
rKaHyPar,sat14_6s9.cnf.dual.hgr,no,no,3,16,0.03,0.0231113,4.27742,cut,2839,1355,no
rKaHyPar,sat14_6s9.cnf.dual.hgr,no,no,4,16,0.03,0.0172139,6.3796,cut,2868,1388,no
rKaHyPar,sat14_6s9.cnf.dual.hgr,no,no,5,16,0.03,0.0294868,4.39425,cut,2859,1363,no
rKaHyPar,sat14_6s9.cnf.dual.hgr,no,no,6,16,0.03,0.029168,4.37194,cut,2836,1380,no
rKaHyPar,sat14_6s9.cnf.dual.hgr,no,no,7,16,0.03,0.0183296,6.51704,cut,2860,1368,no
rKaHyPar,sat14_6s9.cnf.dual.hgr,no,no,8,16,0.03,0.0102008,4.35949,cut,2845,1376,no
rKaHyPar,sat14_6s9.cnf.dual.hgr,no,no,9,16,0.03,0.0261396,4.1661,cut,2963,1346,no
rKaHyPar,sat14_6s9.cnf.dual.hgr,no,no,0,2,0.03,0,2.13889,cut,351,351,no
rKaHyPar,sat14_6s9.cnf.dual.hgr,no,no,1,2,0.03,0,2.2308,cut,351,351,no
rKaHyPar,sat14_6s9.cnf.dual.hgr,no,no,2,2,0.03,0,3.39609,cut,351,351,no
rKaHyPar,sat14_6s9.cnf.dual.hgr,no,no,3,2,0.03,0.0176323,2.11456,cut,353,353,no
rKaHyPar,sat14_6s9.cnf.dual.hgr,no,no,4,2,0.03,0,2.22328,cut,352,352,no
rKaHyPar,sat14_6s9.cnf.dual.hgr,no,no,5,2,0.03,0,3.32072,cut,351,351,no
rKaHyPar,sat14_6s9.cnf.dual.hgr,no,no,6,2,0.03,0,2.12591,cut,351,351,no
rKaHyPar,sat14_6s9.cnf.dual.hgr,no,no,7,2,0.03,0,3.34879,cut,351,351,no
rKaHyPar,sat14_6s9.cnf.dual.hgr,no,no,8,2,0.03,0,3.41393,cut,351,351,no
rKaHyPar,sat14_6s9.cnf.dual.hgr,no,no,9,2,0.03,0,2.16674,cut,351,351,no
rKaHyPar,sat14_6s9.cnf.dual.hgr,no,no,0,32,0.03,0.0283711,7.54607,cut,4360,1642,no
rKaHyPar,sat14_6s9.cnf.dual.hgr,no,no,1,32,0.03,0.0286898,5.23972,cut,4258,1686,no
rKaHyPar,sat14_6s9.cnf.dual.hgr,no,no,2,32,0.03,0.0251833,7.59805,cut,4321,1670,no
rKaHyPar,sat14_6s9.cnf.dual.hgr,no,no,3,32,0.03,0.0296462,5.18566,cut,4107,1650,no
rKaHyPar,sat14_6s9.cnf.dual.hgr,no,no,4,32,0.03,0.0267772,5.1623,cut,4251,1683,no
rKaHyPar,sat14_6s9.cnf.dual.hgr,no,no,5,32,0.03,0.0274147,7.60861,cut,4398,1646,no
rKaHyPar,sat14_6s9.cnf.dual.hgr,no,no,6,32,0.03,0.0178515,5.33437,cut,4388,1676,no
rKaHyPar,sat14_6s9.cnf.dual.hgr,no,no,7,32,0.03,0.0245457,7.70353,cut,4358,1675,no
rKaHyPar,sat14_6s9.cnf.dual.hgr,no,no,8,32,0.03,0.0197641,5.24163,cut,4256,1673,no
rKaHyPar,sat14_6s9.cnf.dual.hgr,no,no,9,32,0.03,0.0280523,5.16945,cut,4391,1662,no
rKaHyPar,sat14_6s9.cnf.dual.hgr,no,no,0,4,0.03,0.00143449,4.38765,cut,794,620,no
rKaHyPar,sat14_6s9.cnf.dual.hgr,no,no,1,4,0.03,0.0285703,3.07348,cut,799,660,no
rKaHyPar,sat14_6s9.cnf.dual.hgr,no,no,2,4,0.03,0.028132,4.52793,cut,806,670,no
rKaHyPar,sat14_6s9.cnf.dual.hgr,no,no,3,4,0.03,0.00243067,4.45042,cut,785,616,no
rKaHyPar,sat14_6s9.cnf.dual.hgr,no,no,4,4,0.03,0.0060169,4.37388,cut,800,608,no
rKaHyPar,sat14_6s9.cnf.dual.hgr,no,no,5,4,0.03,0.0297657,3.10027,cut,814,660,no
rKaHyPar,sat14_6s9.cnf.dual.hgr,no,no,6,4,0.03,0.0285304,4.73127,cut,806,676,no
rKaHyPar,sat14_6s9.cnf.dual.hgr,no,no,7,4,0.03,0.0294868,4.52057,cut,843,669,no
rKaHyPar,sat14_6s9.cnf.dual.hgr,no,no,8,4,0.03,0.0251434,4.47378,cut,805,623,no
rKaHyPar,sat14_6s9.cnf.dual.hgr,no,no,9,4,0.03,0.0221948,2.90197,cut,931,710,no
rKaHyPar,sat14_6s9.cnf.dual.hgr,no,no,0,64,0.03,0.0299554,9.37864,cut,6212,2032,no
rKaHyPar,sat14_6s9.cnf.dual.hgr,no,no,1,64,0.03,0.0267686,6.57418,cut,6139,2045,no
rKaHyPar,sat14_6s9.cnf.dual.hgr,no,no,2,64,0.03,0.0261313,6.49458,cut,6042,2037,no
rKaHyPar,sat14_6s9.cnf.dual.hgr,no,no,3,64,0.03,0.0223072,6.63344,cut,6142,2062,no
rKaHyPar,sat14_6s9.cnf.dual.hgr,no,no,4,64,0.03,0.0267686,6.42364,cut,6035,2039,no
rKaHyPar,sat14_6s9.cnf.dual.hgr,no,no,5,64,0.03,0.0267686,9.23274,cut,5992,2069,no
rKaHyPar,sat14_6s9.cnf.dual.hgr,no,no,6,64,0.03,0.0267686,6.43437,cut,5948,2046,no
rKaHyPar,sat14_6s9.cnf.dual.hgr,no,no,7,64,0.03,0.0267686,6.5262,cut,5928,2037,no
rKaHyPar,sat14_6s9.cnf.dual.hgr,no,no,8,64,0.03,0.0280433,6.62955,cut,5986,2051,no
rKaHyPar,sat14_6s9.cnf.dual.hgr,no,no,9,64,0.03,0.0267686,6.33786,cut,6022,2040,no
rKaHyPar,sat14_6s9.cnf.dual.hgr,no,no,0,8,0.03,0.0200829,3.60406,cut,1644,1058,no
rKaHyPar,sat14_6s9.cnf.dual.hgr,no,no,1,8,0.03,0.0225534,3.70337,cut,1581,1045,no
rKaHyPar,sat14_6s9.cnf.dual.hgr,no,no,2,8,0.03,0.0282914,3.59097,cut,1618,1027,no
rKaHyPar,sat14_6s9.cnf.dual.hgr,no,no,3,8,0.03,0.0141855,5.30578,cut,1624,1037,no
rKaHyPar,sat14_6s9.cnf.dual.hgr,no,no,4,8,0.03,0.0282117,5.38227,cut,1618,1058,no
rKaHyPar,sat14_6s9.cnf.dual.hgr,no,no,5,8,0.03,0.0120338,3.55596,cut,1635,1052,no
rKaHyPar,sat14_6s9.cnf.dual.hgr,no,no,6,8,0.03,0.0146637,5.28269,cut,1559,1048,no
rKaHyPar,sat14_6s9.cnf.dual.hgr,no,no,7,8,0.03,0.0257412,3.57051,cut,1614,1053,no
rKaHyPar,sat14_6s9.cnf.dual.hgr,no,no,8,8,0.03,0.0246254,5.32945,cut,1570,1025,no
rKaHyPar,sat14_6s9.cnf.dual.hgr,no,no,9,8,0.03,0.0290883,5.46776,cut,1714,1068,no
rKaHyPar,sat14_6s9.cnf.hgr,no,no,0,128,0.03,0.0297952,15.9577,cut,27337,22577,no
rKaHyPar,sat14_6s9.cnf.hgr,no,no,1,128,0.03,0.0297952,15.6895,cut,27469,22683,no
rKaHyPar,sat14_6s9.cnf.hgr,no,no,2,128,0.03,0.0297952,15.9266,cut,27294,22494,no
rKaHyPar,sat14_6s9.cnf.hgr,no,no,3,128,0.03,0.0297952,16.2961,cut,27670,22838,no
rKaHyPar,sat14_6s9.cnf.hgr,no,no,4,128,0.03,0.0297952,22.067,cut,27488,22811,no
rKaHyPar,sat14_6s9.cnf.hgr,no,no,5,128,0.03,0.0297952,21.8115,cut,27637,22684,no
rKaHyPar,sat14_6s9.cnf.hgr,no,no,6,128,0.03,0.0297952,22.234,cut,27231,22564,no
rKaHyPar,sat14_6s9.cnf.hgr,no,no,7,128,0.03,0.0297952,22.927,cut,27629,22801,no
rKaHyPar,sat14_6s9.cnf.hgr,no,no,8,128,0.03,0.0297952,15.9093,cut,27146,22452,no
rKaHyPar,sat14_6s9.cnf.hgr,no,no,9,128,0.03,0.0297952,15.8269,cut,27338,22497,no
rKaHyPar,sat14_6s9.cnf.hgr,no,no,0,16,0.03,0.0298368,13.3299,cut,11020,9836,no
rKaHyPar,sat14_6s9.cnf.hgr,no,no,1,16,0.03,0.0298368,13.5214,cut,11178,10065,no
rKaHyPar,sat14_6s9.cnf.hgr,no,no,2,16,0.03,0.0296037,10.2353,cut,11079,9902,no
rKaHyPar,sat14_6s9.cnf.hgr,no,no,3,16,0.03,0.0298368,10.3282,cut,11054,9887,no
rKaHyPar,sat14_6s9.cnf.hgr,no,no,4,16,0.03,0.0296037,13.4305,cut,11289,10145,no
rKaHyPar,sat14_6s9.cnf.hgr,no,no,5,16,0.03,0.0298368,9.32317,cut,11306,9775,no
rKaHyPar,sat14_6s9.cnf.hgr,no,no,6,16,0.03,0.0298368,9.53651,cut,11076,9784,no
rKaHyPar,sat14_6s9.cnf.hgr,no,no,7,16,0.03,0.0298368,13.706,cut,11278,9708,no
rKaHyPar,sat14_6s9.cnf.hgr,no,no,8,16,0.03,0.0298368,10.4443,cut,10973,9840,no
rKaHyPar,sat14_6s9.cnf.hgr,no,no,9,16,0.03,0.0298368,9.8688,cut,10746,9719,no
rKaHyPar,sat14_6s9.cnf.hgr,no,no,0,2,0.03,0.0204855,5.36454,cut,2396,2396,no
rKaHyPar,sat14_6s9.cnf.hgr,no,no,1,2,0.03,0.0127342,4.72096,cut,2170,2170,no
rKaHyPar,sat14_6s9.cnf.hgr,no,no,2,2,0.03,0.000291401,10.2658,cut,2388,2388,no
rKaHyPar,sat14_6s9.cnf.hgr,no,no,3,2,0.03,0.0125594,7.96866,cut,2339,2339,no
rKaHyPar,sat14_6s9.cnf.hgr,no,no,4,2,0.03,0.0299851,8.38383,cut,2315,2315,no
rKaHyPar,sat14_6s9.cnf.hgr,no,no,5,2,0.03,0.0170469,7.68367,cut,2160,2160,no
rKaHyPar,sat14_6s9.cnf.hgr,no,no,6,2,0.03,0.0215928,5.55991,cut,2352,2352,no
rKaHyPar,sat14_6s9.cnf.hgr,no,no,7,2,0.03,5.82802e-05,12.9533,cut,2380,2380,no
rKaHyPar,sat14_6s9.cnf.hgr,no,no,8,2,0.03,0.0176297,8.11183,cut,2339,2339,no
rKaHyPar,sat14_6s9.cnf.hgr,no,no,9,2,0.03,0.0140164,5.10462,cut,2168,2168,no
rKaHyPar,sat14_6s9.cnf.hgr,no,no,0,32,0.03,0.0289044,15.6752,cut,15109,13272,no
rKaHyPar,sat14_6s9.cnf.hgr,no,no,1,32,0.03,0.0298368,10.8366,cut,14978,13205,no
rKaHyPar,sat14_6s9.cnf.hgr,no,no,2,32,0.03,0.0298368,15.5567,cut,15079,13422,no
rKaHyPar,sat14_6s9.cnf.hgr,no,no,3,32,0.03,0.0298368,11.5627,cut,15180,13442,no
rKaHyPar,sat14_6s9.cnf.hgr,no,no,4,32,0.03,0.0298368,11.0928,cut,15519,13482,no
rKaHyPar,sat14_6s9.cnf.hgr,no,no,5,32,0.03,0.0298368,15.146,cut,15297,13356,no
rKaHyPar,sat14_6s9.cnf.hgr,no,no,6,32,0.03,0.0298368,11.7097,cut,14774,13294,no
rKaHyPar,sat14_6s9.cnf.hgr,no,no,7,32,0.03,0.0298368,11.1029,cut,15365,13379,no
rKaHyPar,sat14_6s9.cnf.hgr,no,no,8,32,0.03,0.0298368,11.1042,cut,15441,13480,no
rKaHyPar,sat14_6s9.cnf.hgr,no,no,9,32,0.03,0.0298368,11.0049,cut,15771,13711,no
rKaHyPar,sat14_6s9.cnf.hgr,no,no,0,4,0.03,0.0243021,8.67553,cut,4695,4394,no
rKaHyPar,sat14_6s9.cnf.hgr,no,no,1,4,0.03,0.011306,9.63317,cut,4816,4765,no
rKaHyPar,sat14_6s9.cnf.hgr,no,no,2,4,0.03,0.0237776,11.9837,cut,4667,4585,no
rKaHyPar,sat14_6s9.cnf.hgr,no,no,3,4,0.03,0.0299551,8.02762,cut,5203,4594,no
rKaHyPar,sat14_6s9.cnf.hgr,no,no,4,4,0.03,0.00979078,4.8455,cut,4704,4451,no
rKaHyPar,sat14_6s9.cnf.hgr,no,no,5,4,0.03,0.0293141,6.15843,cut,4840,4625,no
rKaHyPar,sat14_6s9.cnf.hgr,no,no,6,4,0.03,0.0293723,7.22348,cut,4950,4538,no
rKaHyPar,sat14_6s9.cnf.hgr,no,no,7,4,0.03,0.0294306,10.4128,cut,4426,4394,no
rKaHyPar,sat14_6s9.cnf.hgr,no,no,8,4,0.03,0.0295472,8.187,cut,4528,4426,no
rKaHyPar,sat14_6s9.cnf.hgr,no,no,9,4,0.03,0.0289061,5.95577,cut,4944,4605,no
rKaHyPar,sat14_6s9.cnf.hgr,no,no,0,64,0.03,0.0298229,17.9338,cut,20454,17625,no
rKaHyPar,sat14_6s9.cnf.hgr,no,no,1,64,0.03,0.0298229,13.2779,cut,20944,17963,no
rKaHyPar,sat14_6s9.cnf.hgr,no,no,2,64,0.03,0.0298229,13.2517,cut,20653,17670,no
rKaHyPar,sat14_6s9.cnf.hgr,no,no,3,64,0.03,0.0298229,13.7715,cut,21080,18090,no
rKaHyPar,sat14_6s9.cnf.hgr,no,no,4,64,0.03,0.0298229,13.4496,cut,20683,17953,no
rKaHyPar,sat14_6s9.cnf.hgr,no,no,5,64,0.03,0.0298229,17.9982,cut,20520,17723,no
rKaHyPar,sat14_6s9.cnf.hgr,no,no,6,64,0.03,0.0298229,13.1792,cut,20414,17712,no
rKaHyPar,sat14_6s9.cnf.hgr,no,no,7,64,0.03,0.0298229,13.3587,cut,20655,17855,no
rKaHyPar,sat14_6s9.cnf.hgr,no,no,8,64,0.03,0.0298229,13.2277,cut,21025,17908,no
rKaHyPar,sat14_6s9.cnf.hgr,no,no,9,64,0.03,0.0298229,13.0398,cut,20616,17628,no
rKaHyPar,sat14_6s9.cnf.hgr,no,no,0,8,0.03,0.0299534,7.41199,cut,7745,6935,no
rKaHyPar,sat14_6s9.cnf.hgr,no,no,1,8,0.03,0.0297203,7.33371,cut,7097,6851,no
rKaHyPar,sat14_6s9.cnf.hgr,no,no,2,8,0.03,0.0294872,7.48011,cut,8167,6858,no
rKaHyPar,sat14_6s9.cnf.hgr,no,no,3,8,0.03,0.0299534,9.96534,cut,7452,6733,no
rKaHyPar,sat14_6s9.cnf.hgr,no,no,4,8,0.03,0.0297203,10.244,cut,7999,6959,no
rKaHyPar,sat14_6s9.cnf.hgr,no,no,5,8,0.03,0.0299534,7.11276,cut,7442,6766,no
rKaHyPar,sat14_6s9.cnf.hgr,no,no,6,8,0.03,0.0148019,9.59775,cut,7798,6934,no
rKaHyPar,sat14_6s9.cnf.hgr,no,no,7,8,0.03,0.0299534,7.94681,cut,7502,6791,no
rKaHyPar,sat14_6s9.cnf.hgr,no,no,8,8,0.03,0.0296037,11.0967,cut,7597,6801,no
rKaHyPar,sat14_6s9.cnf.hgr,no,no,9,8,0.03,0.0130536,10.0555,cut,7814,6880,no
rKaHyPar,sat14_6s9.cnf.primal.hgr,no,no,0,128,0.03,0.0297398,10.9292,cut,26080,23772,no
rKaHyPar,sat14_6s9.cnf.primal.hgr,no,no,1,128,0.03,0.0297398,10.7418,cut,25665,23467,no
rKaHyPar,sat14_6s9.cnf.primal.hgr,no,no,2,128,0.03,0.0297398,10.9099,cut,25489,23543,no
rKaHyPar,sat14_6s9.cnf.primal.hgr,no,no,3,128,0.03,0.0297398,10.8226,cut,26003,23760,no
rKaHyPar,sat14_6s9.cnf.primal.hgr,no,no,4,128,0.03,0.0297398,15.2496,cut,25882,23727,no
rKaHyPar,sat14_6s9.cnf.primal.hgr,no,no,5,128,0.03,0.0297398,15.772,cut,25693,23491,no
rKaHyPar,sat14_6s9.cnf.primal.hgr,no,no,6,128,0.03,0.0297398,15.7582,cut,25463,23460,no
rKaHyPar,sat14_6s9.cnf.primal.hgr,no,no,7,128,0.03,0.0297398,14.8713,cut,25845,23741,no
rKaHyPar,sat14_6s9.cnf.primal.hgr,no,no,8,128,0.03,0.0297398,15.434,cut,26058,23718,no
rKaHyPar,sat14_6s9.cnf.primal.hgr,no,no,9,128,0.03,0.0297398,10.7129,cut,26051,23741,no
rKaHyPar,sat14_6s9.cnf.primal.hgr,no,no,0,16,0.03,0.0298368,6.62236,cut,10799,10295,no
rKaHyPar,sat14_6s9.cnf.primal.hgr,no,no,1,16,0.03,0.0298368,5.25968,cut,10515,9874,no
rKaHyPar,sat14_6s9.cnf.primal.hgr,no,no,2,16,0.03,0.0298368,6.05862,cut,10587,10059,no
rKaHyPar,sat14_6s9.cnf.primal.hgr,no,no,3,16,0.03,0.0298368,5.27762,cut,10062,9616,no
rKaHyPar,sat14_6s9.cnf.primal.hgr,no,no,4,16,0.03,0.0298368,8.0121,cut,10790,10210,no
rKaHyPar,sat14_6s9.cnf.primal.hgr,no,no,5,16,0.03,0.0298368,5.91524,cut,10369,9874,no
rKaHyPar,sat14_6s9.cnf.primal.hgr,no,no,6,16,0.03,0.0298368,6.2217,cut,10521,10019,no
rKaHyPar,sat14_6s9.cnf.primal.hgr,no,no,7,16,0.03,0.0298368,8.31737,cut,10450,9994,no
rKaHyPar,sat14_6s9.cnf.primal.hgr,no,no,8,16,0.03,0.0298368,5.53352,cut,10139,9658,no
rKaHyPar,sat14_6s9.cnf.primal.hgr,no,no,9,16,0.03,0.0298368,5.32565,cut,10209,9782,no
rKaHyPar,sat14_6s9.cnf.primal.hgr,no,no,0,2,0.03,0,1.8706,cut,2410,2410,no
rKaHyPar,sat14_6s9.cnf.primal.hgr,no,no,1,2,0.03,0.00565301,1.97578,cut,2352,2352,no
rKaHyPar,sat14_6s9.cnf.primal.hgr,no,no,2,2,0.03,0.0299551,4.84873,cut,2490,2490,no
rKaHyPar,sat14_6s9.cnf.primal.hgr,no,no,3,2,0.03,0.027216,2.9268,cut,2164,2164,no
rKaHyPar,sat14_6s9.cnf.primal.hgr,no,no,4,2,0.03,0.0273909,4.16521,cut,2271,2271,no
rKaHyPar,sat14_6s9.cnf.primal.hgr,no,no,5,2,0.03,0.0299551,4.02658,cut,2492,2492,no
rKaHyPar,sat14_6s9.cnf.primal.hgr,no,no,6,2,0.03,0.0299551,3.53682,cut,2466,2466,no
rKaHyPar,sat14_6s9.cnf.primal.hgr,no,no,7,2,0.03,0.0298968,2.6492,cut,2355,2355,no
rKaHyPar,sat14_6s9.cnf.primal.hgr,no,no,8,2,0.03,0.0266915,4.21256,cut,2168,2168,no
rKaHyPar,sat14_6s9.cnf.primal.hgr,no,no,9,2,0.03,0.0299551,2.83417,cut,2487,2487,no
rKaHyPar,sat14_6s9.cnf.primal.hgr,no,no,0,32,0.03,0.0298229,8.71468,cut,14773,13921,no
rKaHyPar,sat14_6s9.cnf.primal.hgr,no,no,1,32,0.03,0.0298229,5.81432,cut,14562,13757,no
rKaHyPar,sat14_6s9.cnf.primal.hgr,no,no,2,32,0.03,0.0298229,8.75472,cut,14518,13689,no
rKaHyPar,sat14_6s9.cnf.primal.hgr,no,no,3,32,0.03,0.0298229,6.30129,cut,14333,13555,no
rKaHyPar,sat14_6s9.cnf.primal.hgr,no,no,4,32,0.03,0.0298229,6.31311,cut,14536,13658,no
rKaHyPar,sat14_6s9.cnf.primal.hgr,no,no,5,32,0.03,0.0298229,9.34253,cut,14647,13825,no
rKaHyPar,sat14_6s9.cnf.primal.hgr,no,no,6,32,0.03,0.0298229,6.47194,cut,14044,13273,no
rKaHyPar,sat14_6s9.cnf.primal.hgr,no,no,7,32,0.03,0.0298229,6.51876,cut,14745,13715,no
rKaHyPar,sat14_6s9.cnf.primal.hgr,no,no,8,32,0.03,0.0298229,6.81762,cut,14267,13368,no
rKaHyPar,sat14_6s9.cnf.primal.hgr,no,no,9,32,0.03,0.0298229,6.18654,cut,14669,13707,no
rKaHyPar,sat14_6s9.cnf.primal.hgr,no,no,0,4,0.03,0.00862471,3.77326,cut,4265,4182,no
rKaHyPar,sat14_6s9.cnf.primal.hgr,no,no,1,4,0.03,0.0299534,4.07746,cut,4398,4370,no
rKaHyPar,sat14_6s9.cnf.primal.hgr,no,no,2,4,0.03,0.0298368,5.57473,cut,4772,4576,no
rKaHyPar,sat14_6s9.cnf.primal.hgr,no,no,3,4,0.03,0.0251748,3.14245,cut,4259,4179,no
rKaHyPar,sat14_6s9.cnf.primal.hgr,no,no,4,4,0.03,0.0299534,4.38727,cut,4665,4641,no
rKaHyPar,sat14_6s9.cnf.primal.hgr,no,no,5,4,0.03,0.0205128,3.0919,cut,4240,4174,no
rKaHyPar,sat14_6s9.cnf.primal.hgr,no,no,6,4,0.03,0.0293706,5.97654,cut,4492,4463,no
rKaHyPar,sat14_6s9.cnf.primal.hgr,no,no,7,4,0.03,0.0149184,3.21608,cut,4508,4456,no
rKaHyPar,sat14_6s9.cnf.primal.hgr,no,no,8,4,0.03,0.0299534,5.73199,cut,4860,4651,no
rKaHyPar,sat14_6s9.cnf.primal.hgr,no,no,9,4,0.03,0.0148019,3.06624,cut,4284,4272,no
rKaHyPar,sat14_6s9.cnf.primal.hgr,no,no,0,64,0.03,0.0297952,11.0054,cut,19513,18232,no
rKaHyPar,sat14_6s9.cnf.primal.hgr,no,no,1,64,0.03,0.0297952,8.16417,cut,19650,18279,no
rKaHyPar,sat14_6s9.cnf.primal.hgr,no,no,2,64,0.03,0.0297952,7.96404,cut,19535,18119,no
rKaHyPar,sat14_6s9.cnf.primal.hgr,no,no,3,64,0.03,0.0297952,7.60988,cut,19957,18532,no
rKaHyPar,sat14_6s9.cnf.primal.hgr,no,no,4,64,0.03,0.0297952,8.10785,cut,19727,18368,no
rKaHyPar,sat14_6s9.cnf.primal.hgr,no,no,5,64,0.03,0.0297952,11.9766,cut,19601,18256,no
rKaHyPar,sat14_6s9.cnf.primal.hgr,no,no,6,64,0.03,0.0297952,8.24924,cut,19740,18283,no
rKaHyPar,sat14_6s9.cnf.primal.hgr,no,no,7,64,0.03,0.0297952,8.30192,cut,19228,17926,no
rKaHyPar,sat14_6s9.cnf.primal.hgr,no,no,8,64,0.03,0.0297952,8.06261,cut,19588,18298,no
rKaHyPar,sat14_6s9.cnf.primal.hgr,no,no,9,64,0.03,0.0297952,7.9487,cut,19455,18196,no
rKaHyPar,sat14_6s9.cnf.primal.hgr,no,no,0,8,0.03,0.0298368,3.73677,cut,7038,6752,no
rKaHyPar,sat14_6s9.cnf.primal.hgr,no,no,1,8,0.03,0.0293706,4.69093,cut,6996,6667,no
rKaHyPar,sat14_6s9.cnf.primal.hgr,no,no,2,8,0.03,0.0298368,5.77101,cut,7707,7422,no
rKaHyPar,sat14_6s9.cnf.primal.hgr,no,no,3,8,0.03,0.0298368,6.21585,cut,7391,7180,no
rKaHyPar,sat14_6s9.cnf.primal.hgr,no,no,4,8,0.03,0.0298368,5.42344,cut,7222,6898,no
rKaHyPar,sat14_6s9.cnf.primal.hgr,no,no,5,8,0.03,0.0298368,4.20317,cut,7079,6844,no
rKaHyPar,sat14_6s9.cnf.primal.hgr,no,no,6,8,0.03,0.0293706,5.85035,cut,7359,7136,no
rKaHyPar,sat14_6s9.cnf.primal.hgr,no,no,7,8,0.03,0.0298368,4.18063,cut,7325,6984,no
rKaHyPar,sat14_6s9.cnf.primal.hgr,no,no,8,8,0.03,0.0298368,6.58714,cut,7114,6808,no
rKaHyPar,sat14_6s9.cnf.primal.hgr,no,no,9,8,0.03,0.0298368,7.16559,cut,6979,6670,no
rKaHyPar,sat14_9dlx_vliw_at_b_iq3.cnf.dual.hgr,no,no,0,128,0.03,0.0298744,2416.44,cut,53963,11932,no
rKaHyPar,sat14_9dlx_vliw_at_b_iq3.cnf.dual.hgr,no,no,1,128,0.03,0.0297422,2593.66,cut,53653,11714,no
rKaHyPar,sat14_9dlx_vliw_at_b_iq3.cnf.dual.hgr,no,no,2,128,0.03,0.0297422,2508.25,cut,54183,11736,no
rKaHyPar,sat14_9dlx_vliw_at_b_iq3.cnf.dual.hgr,no,no,3,128,0.03,0.0298744,2405.61,cut,55572,11676,no
rKaHyPar,sat14_9dlx_vliw_at_b_iq3.cnf.dual.hgr,no,no,4,128,0.03,0.0298744,3454.04,cut,53797,11555,no
rKaHyPar,sat14_9dlx_vliw_at_b_iq3.cnf.dual.hgr,no,no,5,128,0.03,0.0298744,3246.27,cut,54186,11776,no
rKaHyPar,sat14_9dlx_vliw_at_b_iq3.cnf.dual.hgr,no,no,6,128,0.03,0.0298744,3734.08,cut,55209,11449,no
rKaHyPar,sat14_9dlx_vliw_at_b_iq3.cnf.dual.hgr,no,no,7,128,0.03,0.0293457,2453.72,cut,53091,11353,no
rKaHyPar,sat14_9dlx_vliw_at_b_iq3.cnf.dual.hgr,no,no,8,128,0.03,0.0297422,2580.1,cut,55448,11642,no
rKaHyPar,sat14_9dlx_vliw_at_b_iq3.cnf.dual.hgr,no,no,9,128,0.03,0.02961,2433.91,cut,55177,11839,no
rKaHyPar,sat14_9dlx_vliw_at_b_iq3.cnf.dual.hgr,no,no,0,16,0.03,0.029941,3169.76,cut,8375,2115,no
rKaHyPar,sat14_9dlx_vliw_at_b_iq3.cnf.dual.hgr,no,no,1,16,0.03,0.0299741,3274.32,cut,8262,2323,no
rKaHyPar,sat14_9dlx_vliw_at_b_iq3.cnf.dual.hgr,no,no,2,16,0.03,0.0297923,2364.2,cut,8662,2689,no
rKaHyPar,sat14_9dlx_vliw_at_b_iq3.cnf.dual.hgr,no,no,3,16,0.03,0.0297592,2454.73,cut,8299,2534,no
rKaHyPar,sat14_9dlx_vliw_at_b_iq3.cnf.dual.hgr,no,no,4,16,0.03,0.0299741,3346.88,cut,8032,2460,no
rKaHyPar,sat14_9dlx_vliw_at_b_iq3.cnf.dual.hgr,no,no,5,16,0.03,0.0298419,2293.7,cut,8250,1949,no
rKaHyPar,sat14_9dlx_vliw_at_b_iq3.cnf.dual.hgr,no,no,6,16,0.03,0.0299906,2443.38,cut,8477,2527,no
rKaHyPar,sat14_9dlx_vliw_at_b_iq3.cnf.dual.hgr,no,no,7,16,0.03,0.0297758,2378.6,cut,8032,2471,no
rKaHyPar,sat14_9dlx_vliw_at_b_iq3.cnf.dual.hgr,no,no,8,16,0.03,0.0293627,2396.08,cut,8492,1962,no
rKaHyPar,sat14_9dlx_vliw_at_b_iq3.cnf.dual.hgr,no,no,9,16,0.03,0.0299906,2492.66,cut,8276,2510,no
rKaHyPar,sat14_9dlx_vliw_at_b_iq3.cnf.dual.hgr,no,no,0,2,0.03,0.0136508,2043.06,cut,643,643,no
rKaHyPar,sat14_9dlx_vliw_at_b_iq3.cnf.dual.hgr,no,no,1,2,0.03,0.0192792,2676.57,cut,663,663,no
rKaHyPar,sat14_9dlx_vliw_at_b_iq3.cnf.dual.hgr,no,no,2,2,0.03,0,2635.99,cut,663,663,no
rKaHyPar,sat14_9dlx_vliw_at_b_iq3.cnf.dual.hgr,no,no,3,2,0.03,0.0289808,1911.63,cut,639,639,no
rKaHyPar,sat14_9dlx_vliw_at_b_iq3.cnf.dual.hgr,no,no,4,2,0.03,0.00249304,2022.89,cut,626,626,no
rKaHyPar,sat14_9dlx_vliw_at_b_iq3.cnf.dual.hgr,no,no,5,2,0.03,0.00249304,2714.17,cut,626,626,no
rKaHyPar,sat14_9dlx_vliw_at_b_iq3.cnf.dual.hgr,no,no,6,2,0.03,0.00429827,2041.35,cut,754,754,no
rKaHyPar,sat14_9dlx_vliw_at_b_iq3.cnf.dual.hgr,no,no,7,2,0.03,0.00925957,2834.1,cut,696,696,no
rKaHyPar,sat14_9dlx_vliw_at_b_iq3.cnf.dual.hgr,no,no,8,2,0.03,0.012711,2841.47,cut,668,668,no
rKaHyPar,sat14_9dlx_vliw_at_b_iq3.cnf.dual.hgr,no,no,9,2,0.03,0.0275907,2061.66,cut,735,735,no
rKaHyPar,sat14_9dlx_vliw_at_b_iq3.cnf.dual.hgr,no,no,0,32,0.03,0.0299405,3424.84,cut,16270,5043,no
rKaHyPar,sat14_9dlx_vliw_at_b_iq3.cnf.dual.hgr,no,no,1,32,0.03,0.0297422,2383.42,cut,17355,5169,no
rKaHyPar,sat14_9dlx_vliw_at_b_iq3.cnf.dual.hgr,no,no,2,32,0.03,0.0299736,3486.96,cut,16638,4984,no
rKaHyPar,sat14_9dlx_vliw_at_b_iq3.cnf.dual.hgr,no,no,3,32,0.03,0.0297753,2706.14,cut,16553,5231,no
rKaHyPar,sat14_9dlx_vliw_at_b_iq3.cnf.dual.hgr,no,no,4,32,0.03,0.0299736,2457.59,cut,15995,5214,no
rKaHyPar,sat14_9dlx_vliw_at_b_iq3.cnf.dual.hgr,no,no,5,32,0.03,0.0298414,3216.68,cut,15979,4918,no
rKaHyPar,sat14_9dlx_vliw_at_b_iq3.cnf.dual.hgr,no,no,6,32,0.03,0.0298083,3360.61,cut,15709,5024,no
rKaHyPar,sat14_9dlx_vliw_at_b_iq3.cnf.dual.hgr,no,no,7,32,0.03,0.0299736,2682.5,cut,16578,4805,no
rKaHyPar,sat14_9dlx_vliw_at_b_iq3.cnf.dual.hgr,no,no,8,32,0.03,0.0299736,2455.36,cut,16219,5015,no
rKaHyPar,sat14_9dlx_vliw_at_b_iq3.cnf.dual.hgr,no,no,9,32,0.03,0.0299736,3496.41,cut,15824,4940,no
rKaHyPar,sat14_9dlx_vliw_at_b_iq3.cnf.dual.hgr,no,no,1,4,0.03,0.019114,2266.72,cut,1838,840,no
rKaHyPar,sat14_9dlx_vliw_at_b_iq3.cnf.dual.hgr,no,no,2,4,0.03,0.0290283,3078.39,cut,2204,950,no
rKaHyPar,sat14_9dlx_vliw_at_b_iq3.cnf.dual.hgr,no,no,3,4,0.03,0.0188083,2972.36,cut,1839,791,no
rKaHyPar,sat14_9dlx_vliw_at_b_iq3.cnf.dual.hgr,no,no,4,4,0.03,0.0184035,2102.81,cut,1652,775,no
rKaHyPar,sat14_9dlx_vliw_at_b_iq3.cnf.dual.hgr,no,no,5,4,0.03,0.0187092,2132.9,cut,1648,774,no
rKaHyPar,sat14_9dlx_vliw_at_b_iq3.cnf.dual.hgr,no,no,6,4,0.03,0.015392,2140.57,cut,1984,836,no
rKaHyPar,sat14_9dlx_vliw_at_b_iq3.cnf.dual.hgr,no,no,7,4,0.03,0.00703917,2149.07,cut,1811,789,no
rKaHyPar,sat14_9dlx_vliw_at_b_iq3.cnf.dual.hgr,no,no,8,4,0.03,0.0299454,3097.69,cut,1999,933,no
rKaHyPar,sat14_9dlx_vliw_at_b_iq3.cnf.dual.hgr,no,no,9,4,0.03,0.0182341,2927.44,cut,1646,774,no
rKaHyPar,sat14_9dlx_vliw_at_b_iq3.cnf.dual.hgr,no,no,0,64,0.03,0.0299405,3418.87,cut,29817,7706,no
rKaHyPar,sat14_9dlx_vliw_at_b_iq3.cnf.dual.hgr,no,no,1,64,0.03,0.0294779,2577.01,cut,28913,7581,no
rKaHyPar,sat14_9dlx_vliw_at_b_iq3.cnf.dual.hgr,no,no,3,64,0.03,0.0298083,2579.48,cut,30147,7590,no
rKaHyPar,sat14_9dlx_vliw_at_b_iq3.cnf.dual.hgr,no,no,4,64,0.03,0.0297422,2478.76,cut,30192,7675,no
rKaHyPar,sat14_9dlx_vliw_at_b_iq3.cnf.dual.hgr,no,no,5,64,0.03,0.02961,3303.26,cut,31471,7641,no
rKaHyPar,sat14_9dlx_vliw_at_b_iq3.cnf.dual.hgr,no,no,6,64,0.03,0.0296761,2546.87,cut,32667,8126,no
rKaHyPar,sat14_9dlx_vliw_at_b_iq3.cnf.dual.hgr,no,no,7,64,0.03,0.0299405,2458.49,cut,29926,7412,no
rKaHyPar,sat14_9dlx_vliw_at_b_iq3.cnf.dual.hgr,no,no,8,64,0.03,0.0298083,2461.99,cut,30219,7692,no
rKaHyPar,sat14_9dlx_vliw_at_b_iq3.cnf.dual.hgr,no,no,9,64,0.03,0.0298744,2411.77,cut,29121,7646,no
rKaHyPar,sat14_9dlx_vliw_at_b_iq3.cnf.dual.hgr,no,no,0,8,0.03,0.0298421,2253.5,cut,4211,1254,no
rKaHyPar,sat14_9dlx_vliw_at_b_iq3.cnf.dual.hgr,no,no,1,8,0.03,0.0299826,2249.39,cut,3986,1193,no
rKaHyPar,sat14_9dlx_vliw_at_b_iq3.cnf.dual.hgr,no,no,2,8,0.03,0.029966,3632.62,cut,4444,1248,no
rKaHyPar,sat14_9dlx_vliw_at_b_iq3.cnf.dual.hgr,no,no,3,8,0.03,0.029966,3107.88,cut,4042,1297,no
rKaHyPar,sat14_9dlx_vliw_at_b_iq3.cnf.dual.hgr,no,no,4,8,0.03,0.0299413,3015.12,cut,3609,1340,no
rKaHyPar,sat14_9dlx_vliw_at_b_iq3.cnf.dual.hgr,no,no,5,8,0.03,0.029966,2280.52,cut,4150,1238,no
rKaHyPar,sat14_9dlx_vliw_at_b_iq3.cnf.dual.hgr,no,no,6,8,0.03,0.0299908,3214.79,cut,3843,1233,no
rKaHyPar,sat14_9dlx_vliw_at_b_iq3.cnf.dual.hgr,no,no,7,8,0.03,0.0299743,2194.64,cut,3685,1330,no
rKaHyPar,sat14_9dlx_vliw_at_b_iq3.cnf.dual.hgr,no,no,8,8,0.03,0.029586,3205.77,cut,4423,1282,no
rKaHyPar,sat14_9dlx_vliw_at_b_iq3.cnf.dual.hgr,no,no,9,8,0.03,0.0299165,3158.73,cut,3660,1355,no
rKaHyPar,sat14_9dlx_vliw_at_b_iq3.cnf.hgr,no,no,0,128,0.03,0.0293309,137.064,cut,505644,349189,no
rKaHyPar,sat14_9dlx_vliw_at_b_iq3.cnf.hgr,no,no,1,128,0.03,0.0293309,159.234,cut,507596,349974,no
rKaHyPar,sat14_9dlx_vliw_at_b_iq3.cnf.hgr,no,no,2,128,0.03,0.0293309,469.052,cut,516631,349491,no
rKaHyPar,sat14_9dlx_vliw_at_b_iq3.cnf.hgr,no,no,3,128,0.03,0.0293309,235.412,cut,510733,350320,no
rKaHyPar,sat14_9dlx_vliw_at_b_iq3.cnf.hgr,no,no,4,128,0.03,0.0293309,382.917,cut,518168,354299,no
rKaHyPar,sat14_9dlx_vliw_at_b_iq3.cnf.hgr,no,no,5,128,0.03,0.0293309,201.296,cut,494859,350014,no
rKaHyPar,sat14_9dlx_vliw_at_b_iq3.cnf.hgr,no,no,6,128,0.03,0.0293309,221.001,cut,508917,352106,no
rKaHyPar,sat14_9dlx_vliw_at_b_iq3.cnf.hgr,no,no,7,128,0.03,0.0293309,148.104,cut,507073,350362,no
rKaHyPar,sat14_9dlx_vliw_at_b_iq3.cnf.hgr,no,no,8,128,0.03,0.0293309,211.45,cut,495510,347946,no
rKaHyPar,sat14_9dlx_vliw_at_b_iq3.cnf.hgr,no,no,9,128,0.03,0.0293309,155.78,cut,505497,350425,no
rKaHyPar,sat14_9dlx_vliw_at_b_iq3.cnf.hgr,no,no,0,16,0.03,0.0299175,190.393,cut,242195,176804,no
rKaHyPar,sat14_9dlx_vliw_at_b_iq3.cnf.hgr,no,no,1,16,0.03,0.0299175,132.942,cut,239196,175010,no
rKaHyPar,sat14_9dlx_vliw_at_b_iq3.cnf.hgr,no,no,2,16,0.03,0.0299175,123.187,cut,231389,175571,no
rKaHyPar,sat14_9dlx_vliw_at_b_iq3.cnf.hgr,no,no,3,16,0.03,0.0299175,147.253,cut,237356,174611,no
rKaHyPar,sat14_9dlx_vliw_at_b_iq3.cnf.hgr,no,no,4,16,0.03,0.0299175,155.455,cut,231645,173632,no
rKaHyPar,sat14_9dlx_vliw_at_b_iq3.cnf.hgr,no,no,5,16,0.03,0.0298028,137.403,cut,234435,174973,no
rKaHyPar,sat14_9dlx_vliw_at_b_iq3.cnf.hgr,no,no,6,16,0.03,0.0299175,133.608,cut,233681,173424,no
rKaHyPar,sat14_9dlx_vliw_at_b_iq3.cnf.hgr,no,no,7,16,0.03,0.0299175,239.44,cut,232324,172039,no
rKaHyPar,sat14_9dlx_vliw_at_b_iq3.cnf.hgr,no,no,8,16,0.03,0.0299175,130.774,cut,235514,171690,no
rKaHyPar,sat14_9dlx_vliw_at_b_iq3.cnf.hgr,no,no,9,16,0.03,0.0299175,123.071,cut,238147,173176,no
rKaHyPar,sat14_9dlx_vliw_at_b_iq3.cnf.hgr,no,no,0,2,0.03,0.00692086,552.396,cut,31863,31863,no
rKaHyPar,sat14_9dlx_vliw_at_b_iq3.cnf.hgr,no,no,1,2,0.03,0.0130106,2157.35,cut,31047,31047,no
rKaHyPar,sat14_9dlx_vliw_at_b_iq3.cnf.hgr,no,no,2,2,0.03,0.0107467,1546.72,cut,31420,31420,no
rKaHyPar,sat14_9dlx_vliw_at_b_iq3.cnf.hgr,no,no,3,2,0.03,0.0105461,802.76,cut,31423,31423,no
rKaHyPar,sat14_9dlx_vliw_at_b_iq3.cnf.hgr,no,no,4,2,0.03,0.0134119,738.61,cut,31040,31040,no
rKaHyPar,sat14_9dlx_vliw_at_b_iq3.cnf.hgr,no,no,5,2,0.03,0.0295462,1539.24,cut,30766,30766,no
rKaHyPar,sat14_9dlx_vliw_at_b_iq3.cnf.hgr,no,no,6,2,0.03,0.0128387,710.126,cut,35964,35964,no
rKaHyPar,sat14_9dlx_vliw_at_b_iq3.cnf.hgr,no,no,7,2,0.03,0.0132399,1290.05,cut,31043,31043,no
rKaHyPar,sat14_9dlx_vliw_at_b_iq3.cnf.hgr,no,no,8,2,0.03,0.0136125,1377.59,cut,31037,31037,no
rKaHyPar,sat14_9dlx_vliw_at_b_iq3.cnf.hgr,no,no,9,2,0.03,0.00818181,1187.54,cut,31797,31797,no
rKaHyPar,sat14_9dlx_vliw_at_b_iq3.cnf.hgr,no,no,0,32,0.03,0.0298028,182.7,cut,302939,215469,no
rKaHyPar,sat14_9dlx_vliw_at_b_iq3.cnf.hgr,no,no,1,32,0.03,0.0298028,128.688,cut,295784,212259,no
rKaHyPar,sat14_9dlx_vliw_at_b_iq3.cnf.hgr,no,no,2,32,0.03,0.0298028,180.676,cut,307645,214451,no
rKaHyPar,sat14_9dlx_vliw_at_b_iq3.cnf.hgr,no,no,3,32,0.03,0.0298028,198.628,cut,301537,216220,no
rKaHyPar,sat14_9dlx_vliw_at_b_iq3.cnf.hgr,no,no,4,32,0.03,0.0298028,136.596,cut,297461,212706,no
rKaHyPar,sat14_9dlx_vliw_at_b_iq3.cnf.hgr,no,no,5,32,0.03,0.0298028,187.221,cut,301462,215071,no
rKaHyPar,sat14_9dlx_vliw_at_b_iq3.cnf.hgr,no,no,6,32,0.03,0.0298028,192.087,cut,301359,215147,no
rKaHyPar,sat14_9dlx_vliw_at_b_iq3.cnf.hgr,no,no,7,32,0.03,0.0298028,151.692,cut,310646,214889,no
rKaHyPar,sat14_9dlx_vliw_at_b_iq3.cnf.hgr,no,no,8,32,0.03,0.0298028,134.823,cut,305038,213410,no
rKaHyPar,sat14_9dlx_vliw_at_b_iq3.cnf.hgr,no,no,9,32,0.03,0.0298028,175.424,cut,335652,209363,no
rKaHyPar,sat14_9dlx_vliw_at_b_iq3.cnf.hgr,no,no,1,4,0.03,0.0299756,174.075,cut,92744,81774,no
rKaHyPar,sat14_9dlx_vliw_at_b_iq3.cnf.hgr,no,no,2,4,0.03,0.0299756,311.956,cut,91146,79887,no
rKaHyPar,sat14_9dlx_vliw_at_b_iq3.cnf.hgr,no,no,3,4,0.03,0.0299756,276.723,cut,92270,80514,no
rKaHyPar,sat14_9dlx_vliw_at_b_iq3.cnf.hgr,no,no,4,4,0.03,0.0299756,173.03,cut,95155,84625,no
rKaHyPar,sat14_9dlx_vliw_at_b_iq3.cnf.hgr,no,no,5,4,0.03,0.0299756,234.914,cut,95149,82509,no
rKaHyPar,sat14_9dlx_vliw_at_b_iq3.cnf.hgr,no,no,6,4,0.03,0.0299756,206.576,cut,97078,86681,no
rKaHyPar,sat14_9dlx_vliw_at_b_iq3.cnf.hgr,no,no,7,4,0.03,0.0299756,185.014,cut,91414,82593,no
rKaHyPar,sat14_9dlx_vliw_at_b_iq3.cnf.hgr,no,no,8,4,0.03,0.0299756,103.802,cut,90249,80408,no
rKaHyPar,sat14_9dlx_vliw_at_b_iq3.cnf.hgr,no,no,9,4,0.03,0.0299756,317.181,cut,94536,84989,no
rKaHyPar,sat14_9dlx_vliw_at_b_iq3.cnf.hgr,no,no,0,64,0.03,0.0298028,227.3,cut,392819,268386,no
rKaHyPar,sat14_9dlx_vliw_at_b_iq3.cnf.hgr,no,no,1,64,0.03,0.0298028,141.286,cut,391590,264913,no
rKaHyPar,sat14_9dlx_vliw_at_b_iq3.cnf.hgr,no,no,3,64,0.03,0.0298028,153.911,cut,375388,261850,no
rKaHyPar,sat14_9dlx_vliw_at_b_iq3.cnf.hgr,no,no,4,64,0.03,0.0298028,143.803,cut,387614,269220,no
rKaHyPar,sat14_9dlx_vliw_at_b_iq3.cnf.hgr,no,no,5,64,0.03,0.0298028,225.932,cut,392090,270347,no
rKaHyPar,sat14_9dlx_vliw_at_b_iq3.cnf.hgr,no,no,6,64,0.03,0.0298028,156.383,cut,395636,269893,no
rKaHyPar,sat14_9dlx_vliw_at_b_iq3.cnf.hgr,no,no,7,64,0.03,0.0298028,141.4,cut,385644,270015,no
rKaHyPar,sat14_9dlx_vliw_at_b_iq3.cnf.hgr,no,no,8,64,0.03,0.0298028,155.336,cut,389447,269536,no
rKaHyPar,sat14_9dlx_vliw_at_b_iq3.cnf.hgr,no,no,9,64,0.03,0.0298028,141.791,cut,396939,271795,no
rKaHyPar,sat14_9dlx_vliw_at_b_iq3.cnf.hgr,no,no,0,8,0.03,0.0299175,125.314,cut,164578,130101,no
rKaHyPar,sat14_9dlx_vliw_at_b_iq3.cnf.hgr,no,no,1,8,0.03,0.0281408,155.628,cut,172009,133880,no
rKaHyPar,sat14_9dlx_vliw_at_b_iq3.cnf.hgr,no,no,2,8,0.03,0.0198304,235.503,cut,164292,131987,no
rKaHyPar,sat14_9dlx_vliw_at_b_iq3.cnf.hgr,no,no,3,8,0.03,0.0299748,203.319,cut,168209,132477,no
rKaHyPar,sat14_9dlx_vliw_at_b_iq3.cnf.hgr,no,no,4,8,0.03,0.0280261,151.26,cut,165297,136763,no
rKaHyPar,sat14_9dlx_vliw_at_b_iq3.cnf.hgr,no,no,5,8,0.03,0.02453,107.846,cut,169087,131069,no
rKaHyPar,sat14_9dlx_vliw_at_b_iq3.cnf.hgr,no,no,6,8,0.03,0.0299748,240.205,cut,174921,137395,no
rKaHyPar,sat14_9dlx_vliw_at_b_iq3.cnf.hgr,no,no,7,8,0.03,0.0299748,112.385,cut,164972,133405,no
rKaHyPar,sat14_9dlx_vliw_at_b_iq3.cnf.hgr,no,no,8,8,0.03,0.0299748,135.233,cut,163325,131725,no
rKaHyPar,sat14_9dlx_vliw_at_b_iq3.cnf.hgr,no,no,9,8,0.03,0.0290578,222.29,cut,167456,131418,no
rKaHyPar,sat14_9dlx_vliw_at_b_iq3.cnf.primal.hgr,no,no,0,128,0.03,0.029304,108.631,cut,575396,463714,no
rKaHyPar,sat14_9dlx_vliw_at_b_iq3.cnf.primal.hgr,no,no,1,128,0.03,0.029304,108.77,cut,579903,465741,no
rKaHyPar,sat14_9dlx_vliw_at_b_iq3.cnf.primal.hgr,no,no,2,128,0.03,0.029304,110.963,cut,574045,461892,no
rKaHyPar,sat14_9dlx_vliw_at_b_iq3.cnf.primal.hgr,no,no,3,128,0.03,0.029304,110.853,cut,578402,465569,no
rKaHyPar,sat14_9dlx_vliw_at_b_iq3.cnf.primal.hgr,no,no,4,128,0.03,0.029304,163.012,cut,582178,464853,no
rKaHyPar,sat14_9dlx_vliw_at_b_iq3.cnf.primal.hgr,no,no,5,128,0.03,0.029304,150.259,cut,589079,466588,no
rKaHyPar,sat14_9dlx_vliw_at_b_iq3.cnf.primal.hgr,no,no,6,128,0.03,0.029304,164.586,cut,581746,462679,no
rKaHyPar,sat14_9dlx_vliw_at_b_iq3.cnf.primal.hgr,no,no,7,128,0.03,0.029304,109.413,cut,576827,464037,no
rKaHyPar,sat14_9dlx_vliw_at_b_iq3.cnf.primal.hgr,no,no,8,128,0.03,0.029304,122.68,cut,585284,463550,no
rKaHyPar,sat14_9dlx_vliw_at_b_iq3.cnf.primal.hgr,no,no,9,128,0.03,0.029304,114.791,cut,590721,466690,no
rKaHyPar,sat14_9dlx_vliw_at_b_iq3.cnf.primal.hgr,no,no,0,16,0.03,0.0298028,102.29,cut,254651,215235,no
rKaHyPar,sat14_9dlx_vliw_at_b_iq3.cnf.primal.hgr,no,no,1,16,0.03,0.0298028,140.212,cut,260092,218433,no
rKaHyPar,sat14_9dlx_vliw_at_b_iq3.cnf.primal.hgr,no,no,2,16,0.03,0.0298028,101.671,cut,266481,223277,no
rKaHyPar,sat14_9dlx_vliw_at_b_iq3.cnf.primal.hgr,no,no,3,16,0.03,0.0298028,137.871,cut,257046,214192,no
rKaHyPar,sat14_9dlx_vliw_at_b_iq3.cnf.primal.hgr,no,no,4,16,0.03,0.0298028,130.103,cut,255644,216437,no
rKaHyPar,sat14_9dlx_vliw_at_b_iq3.cnf.primal.hgr,no,no,5,16,0.03,0.0298028,92.7276,cut,261786,215920,no
rKaHyPar,sat14_9dlx_vliw_at_b_iq3.cnf.primal.hgr,no,no,6,16,0.03,0.0298028,97.528,cut,257444,216350,no
rKaHyPar,sat14_9dlx_vliw_at_b_iq3.cnf.primal.hgr,no,no,7,16,0.03,0.0298028,112.015,cut,264336,227861,no
rKaHyPar,sat14_9dlx_vliw_at_b_iq3.cnf.primal.hgr,no,no,8,16,0.03,0.0298028,98.5441,cut,260615,217448,no
rKaHyPar,sat14_9dlx_vliw_at_b_iq3.cnf.primal.hgr,no,no,9,16,0.03,0.0298028,138.453,cut,263681,228485,no
rKaHyPar,sat14_9dlx_vliw_at_b_iq3.cnf.primal.hgr,no,no,0,2,0.03,0.0299756,118.781,cut,59505,59505,no
rKaHyPar,sat14_9dlx_vliw_at_b_iq3.cnf.primal.hgr,no,no,1,2,0.03,0,30.1573,cut,54124,54124,no
rKaHyPar,sat14_9dlx_vliw_at_b_iq3.cnf.primal.hgr,no,no,2,2,0.03,0.0299756,221.633,cut,65232,65232,no
rKaHyPar,sat14_9dlx_vliw_at_b_iq3.cnf.primal.hgr,no,no,3,2,0.03,0.0299756,124.124,cut,62820,62820,no
rKaHyPar,sat14_9dlx_vliw_at_b_iq3.cnf.primal.hgr,no,no,4,2,0.03,0.0299756,126.434,cut,63366,63366,no
rKaHyPar,sat14_9dlx_vliw_at_b_iq3.cnf.primal.hgr,no,no,5,2,0.03,0.0299756,174.22,cut,60033,60033,no
rKaHyPar,sat14_9dlx_vliw_at_b_iq3.cnf.primal.hgr,no,no,6,2,0.03,0.0299756,83.7765,cut,59581,59581,no
rKaHyPar,sat14_9dlx_vliw_at_b_iq3.cnf.primal.hgr,no,no,7,2,0.03,0.0299756,149.844,cut,59150,59150,no
rKaHyPar,sat14_9dlx_vliw_at_b_iq3.cnf.primal.hgr,no,no,8,2,0.03,0.0299756,159.752,cut,61583,61583,no
rKaHyPar,sat14_9dlx_vliw_at_b_iq3.cnf.primal.hgr,no,no,9,2,0.03,0,21.3038,cut,54124,54124,no
rKaHyPar,sat14_9dlx_vliw_at_b_iq3.cnf.primal.hgr,no,no,0,32,0.03,0.0298028,157.956,cut,331537,270170,no
rKaHyPar,sat14_9dlx_vliw_at_b_iq3.cnf.primal.hgr,no,no,1,32,0.03,0.0298028,104.093,cut,342931,279603,no
rKaHyPar,sat14_9dlx_vliw_at_b_iq3.cnf.primal.hgr,no,no,2,32,0.03,0.0298028,178.56,cut,334670,272646,no
rKaHyPar,sat14_9dlx_vliw_at_b_iq3.cnf.primal.hgr,no,no,3,32,0.03,0.0298028,119.123,cut,336464,281460,no
rKaHyPar,sat14_9dlx_vliw_at_b_iq3.cnf.primal.hgr,no,no,4,32,0.03,0.0298028,116.285,cut,339314,273570,no
rKaHyPar,sat14_9dlx_vliw_at_b_iq3.cnf.primal.hgr,no,no,5,32,0.03,0.0298028,138.13,cut,335275,274202,no
rKaHyPar,sat14_9dlx_vliw_at_b_iq3.cnf.primal.hgr,no,no,6,32,0.03,0.0298028,170.924,cut,336678,272713,no
rKaHyPar,sat14_9dlx_vliw_at_b_iq3.cnf.primal.hgr,no,no,7,32,0.03,0.0298028,121.052,cut,343571,282324,no
rKaHyPar,sat14_9dlx_vliw_at_b_iq3.cnf.primal.hgr,no,no,8,32,0.03,0.0298028,118.516,cut,326707,268562,no
rKaHyPar,sat14_9dlx_vliw_at_b_iq3.cnf.primal.hgr,no,no,9,32,0.03,0.0298028,141.723,cut,331638,272634,no
rKaHyPar,sat14_9dlx_vliw_at_b_iq3.cnf.primal.hgr,no,no,1,4,0.03,0.0299748,136.919,cut,139439,128025,no
rKaHyPar,sat14_9dlx_vliw_at_b_iq3.cnf.primal.hgr,no,no,2,4,0.03,0.0299748,226.012,cut,135883,126222,no
rKaHyPar,sat14_9dlx_vliw_at_b_iq3.cnf.primal.hgr,no,no,3,4,0.03,0.0299748,189.942,cut,130569,121555,no
rKaHyPar,sat14_9dlx_vliw_at_b_iq3.cnf.primal.hgr,no,no,4,4,0.03,0.0299748,111.472,cut,134665,125893,no
rKaHyPar,sat14_9dlx_vliw_at_b_iq3.cnf.primal.hgr,no,no,5,4,0.03,0.0299748,124.293,cut,129861,121008,no
rKaHyPar,sat14_9dlx_vliw_at_b_iq3.cnf.primal.hgr,no,no,6,4,0.03,0.0172513,99.3903,cut,128961,120581,no
rKaHyPar,sat14_9dlx_vliw_at_b_iq3.cnf.primal.hgr,no,no,7,4,0.03,0.0299748,120.048,cut,142020,131804,no
rKaHyPar,sat14_9dlx_vliw_at_b_iq3.cnf.primal.hgr,no,no,8,4,0.03,0.0299748,97.3584,cut,136804,125982,no
rKaHyPar,sat14_9dlx_vliw_at_b_iq3.cnf.primal.hgr,no,no,9,4,0.03,0.0299748,166.12,cut,131680,122882,no
rKaHyPar,sat14_9dlx_vliw_at_b_iq3.cnf.primal.hgr,no,no,0,64,0.03,0.0293309,147.004,cut,444706,359995,no
rKaHyPar,sat14_9dlx_vliw_at_b_iq3.cnf.primal.hgr,no,no,1,64,0.03,0.0293309,109.616,cut,448563,366901,no
rKaHyPar,sat14_9dlx_vliw_at_b_iq3.cnf.primal.hgr,no,no,3,64,0.03,0.0293309,121.517,cut,450055,363043,no
rKaHyPar,sat14_9dlx_vliw_at_b_iq3.cnf.primal.hgr,no,no,4,64,0.03,0.0293309,135.706,cut,448985,365493,no
rKaHyPar,sat14_9dlx_vliw_at_b_iq3.cnf.primal.hgr,no,no,5,64,0.03,0.0293309,168.014,cut,450725,360632,no
rKaHyPar,sat14_9dlx_vliw_at_b_iq3.cnf.primal.hgr,no,no,6,64,0.03,0.0293309,103.908,cut,447330,362926,no
rKaHyPar,sat14_9dlx_vliw_at_b_iq3.cnf.primal.hgr,no,no,7,64,0.03,0.0293309,136.854,cut,449934,364284,no
rKaHyPar,sat14_9dlx_vliw_at_b_iq3.cnf.primal.hgr,no,no,8,64,0.03,0.0293309,105.258,cut,449564,358907,no
rKaHyPar,sat14_9dlx_vliw_at_b_iq3.cnf.primal.hgr,no,no,9,64,0.03,0.0293309,111.211,cut,450282,363843,no
rKaHyPar,sat14_9dlx_vliw_at_b_iq3.cnf.primal.hgr,no,no,0,8,0.03,0.0299175,73.2697,cut,200520,175764,no
rKaHyPar,sat14_9dlx_vliw_at_b_iq3.cnf.primal.hgr,no,no,1,8,0.03,0.0299175,162.868,cut,202664,172108,no
rKaHyPar,sat14_9dlx_vliw_at_b_iq3.cnf.primal.hgr,no,no,2,8,0.03,0.0299175,197.033,cut,196994,172392,no
rKaHyPar,sat14_9dlx_vliw_at_b_iq3.cnf.primal.hgr,no,no,3,8,0.03,0.0299175,266.838,cut,201879,176602,no
rKaHyPar,sat14_9dlx_vliw_at_b_iq3.cnf.primal.hgr,no,no,4,8,0.03,0.0299175,223.825,cut,203586,178166,no
rKaHyPar,sat14_9dlx_vliw_at_b_iq3.cnf.primal.hgr,no,no,5,8,0.03,0.0299175,93.1372,cut,201161,176866,no
rKaHyPar,sat14_9dlx_vliw_at_b_iq3.cnf.primal.hgr,no,no,6,8,0.03,0.0299175,137.038,cut,194058,171941,no
rKaHyPar,sat14_9dlx_vliw_at_b_iq3.cnf.primal.hgr,no,no,7,8,0.03,0.0299175,149.3,cut,210218,188684,no
rKaHyPar,sat14_9dlx_vliw_at_b_iq3.cnf.primal.hgr,no,no,8,8,0.03,0.0299175,135.945,cut,197229,173327,no
rKaHyPar,sat14_9dlx_vliw_at_b_iq3.cnf.primal.hgr,no,no,9,8,0.03,0.0299175,127.244,cut,209968,185570,no
rKaHyPar,sat14_9vliw_m_9stages_iq3_C1_bug7.cnf.dual.hgr,no,yes,0,128,0.03,1,28800,cut,2147483647,2147483647,no
rKaHyPar,sat14_9vliw_m_9stages_iq3_C1_bug7.cnf.dual.hgr,no,yes,2,128,0.03,1,28800,cut,2147483647,2147483647,no
rKaHyPar,sat14_9vliw_m_9stages_iq3_C1_bug7.cnf.dual.hgr,no,yes,3,128,0.03,1,28800,cut,2147483647,2147483647,no
rKaHyPar,sat14_9vliw_m_9stages_iq3_C1_bug7.cnf.dual.hgr,no,yes,4,128,0.03,1,28800,cut,2147483647,2147483647,no
rKaHyPar,sat14_9vliw_m_9stages_iq3_C1_bug7.cnf.dual.hgr,no,yes,5,128,0.03,1,28800,cut,2147483647,2147483647,no
rKaHyPar,sat14_9vliw_m_9stages_iq3_C1_bug7.cnf.dual.hgr,no,yes,6,128,0.03,1,28800,cut,2147483647,2147483647,no
rKaHyPar,sat14_9vliw_m_9stages_iq3_C1_bug7.cnf.dual.hgr,no,yes,7,128,0.03,1,28800,cut,2147483647,2147483647,no
rKaHyPar,sat14_9vliw_m_9stages_iq3_C1_bug7.cnf.dual.hgr,no,yes,8,128,0.03,1,28800,cut,2147483647,2147483647,no
rKaHyPar,sat14_9vliw_m_9stages_iq3_C1_bug7.cnf.dual.hgr,no,yes,9,128,0.03,1,28800,cut,2147483647,2147483647,no
rKaHyPar,sat14_9vliw_m_9stages_iq3_C1_bug7.cnf.dual.hgr,no,yes,0,16,0.03,1,28800,cut,2147483647,2147483647,no
rKaHyPar,sat14_9vliw_m_9stages_iq3_C1_bug7.cnf.dual.hgr,no,yes,1,16,0.03,1,28800,cut,2147483647,2147483647,no
rKaHyPar,sat14_9vliw_m_9stages_iq3_C1_bug7.cnf.dual.hgr,no,yes,2,16,0.03,1,28800,cut,2147483647,2147483647,no
rKaHyPar,sat14_9vliw_m_9stages_iq3_C1_bug7.cnf.dual.hgr,no,yes,3,16,0.03,1,28800,cut,2147483647,2147483647,no
rKaHyPar,sat14_9vliw_m_9stages_iq3_C1_bug7.cnf.dual.hgr,no,yes,4,16,0.03,1,28800,cut,2147483647,2147483647,no
rKaHyPar,sat14_9vliw_m_9stages_iq3_C1_bug7.cnf.dual.hgr,no,yes,5,16,0.03,1,28800,cut,2147483647,2147483647,no
rKaHyPar,sat14_9vliw_m_9stages_iq3_C1_bug7.cnf.dual.hgr,no,yes,6,16,0.03,1,28800,cut,2147483647,2147483647,no
rKaHyPar,sat14_9vliw_m_9stages_iq3_C1_bug7.cnf.dual.hgr,no,yes,7,16,0.03,1,28800,cut,2147483647,2147483647,no
rKaHyPar,sat14_9vliw_m_9stages_iq3_C1_bug7.cnf.dual.hgr,no,yes,8,16,0.03,1,28800,cut,2147483647,2147483647,no
rKaHyPar,sat14_9vliw_m_9stages_iq3_C1_bug7.cnf.dual.hgr,no,yes,9,16,0.03,1,28800,cut,2147483647,2147483647,no
rKaHyPar,sat14_9vliw_m_9stages_iq3_C1_bug7.cnf.dual.hgr,no,yes,1,2,0.03,1,28800,cut,2147483647,2147483647,no
rKaHyPar,sat14_9vliw_m_9stages_iq3_C1_bug7.cnf.dual.hgr,no,yes,2,2,0.03,1,28800,cut,2147483647,2147483647,no
rKaHyPar,sat14_9vliw_m_9stages_iq3_C1_bug7.cnf.dual.hgr,no,yes,3,2,0.03,1,28800,cut,2147483647,2147483647,no
rKaHyPar,sat14_9vliw_m_9stages_iq3_C1_bug7.cnf.dual.hgr,no,yes,4,2,0.03,1,28800,cut,2147483647,2147483647,no
rKaHyPar,sat14_9vliw_m_9stages_iq3_C1_bug7.cnf.dual.hgr,no,yes,6,2,0.03,1,28800,cut,2147483647,2147483647,no
rKaHyPar,sat14_9vliw_m_9stages_iq3_C1_bug7.cnf.dual.hgr,no,yes,7,2,0.03,1,28800,cut,2147483647,2147483647,no
rKaHyPar,sat14_9vliw_m_9stages_iq3_C1_bug7.cnf.dual.hgr,no,yes,8,2,0.03,1,28800,cut,2147483647,2147483647,no
rKaHyPar,sat14_9vliw_m_9stages_iq3_C1_bug7.cnf.dual.hgr,no,yes,9,2,0.03,1,28800,cut,2147483647,2147483647,no
rKaHyPar,sat14_9vliw_m_9stages_iq3_C1_bug7.cnf.dual.hgr,no,yes,0,32,0.03,1,28800,cut,2147483647,2147483647,no
rKaHyPar,sat14_9vliw_m_9stages_iq3_C1_bug7.cnf.dual.hgr,no,yes,1,32,0.03,1,28800,cut,2147483647,2147483647,no
rKaHyPar,sat14_9vliw_m_9stages_iq3_C1_bug7.cnf.dual.hgr,no,yes,4,32,0.03,1,28800,cut,2147483647,2147483647,no
rKaHyPar,sat14_9vliw_m_9stages_iq3_C1_bug7.cnf.dual.hgr,no,yes,5,32,0.03,1,28800,cut,2147483647,2147483647,no
rKaHyPar,sat14_9vliw_m_9stages_iq3_C1_bug7.cnf.dual.hgr,no,yes,6,32,0.03,1,28800,cut,2147483647,2147483647,no
rKaHyPar,sat14_9vliw_m_9stages_iq3_C1_bug7.cnf.dual.hgr,no,yes,7,32,0.03,1,28800,cut,2147483647,2147483647,no
rKaHyPar,sat14_9vliw_m_9stages_iq3_C1_bug7.cnf.dual.hgr,no,yes,8,32,0.03,1,28800,cut,2147483647,2147483647,no
rKaHyPar,sat14_9vliw_m_9stages_iq3_C1_bug7.cnf.dual.hgr,no,yes,9,32,0.03,1,28800,cut,2147483647,2147483647,no
rKaHyPar,sat14_9vliw_m_9stages_iq3_C1_bug7.cnf.dual.hgr,no,yes,1,4,0.03,1,28800,cut,2147483647,2147483647,no
rKaHyPar,sat14_9vliw_m_9stages_iq3_C1_bug7.cnf.dual.hgr,no,yes,2,4,0.03,1,28800,cut,2147483647,2147483647,no
rKaHyPar,sat14_9vliw_m_9stages_iq3_C1_bug7.cnf.dual.hgr,no,yes,3,4,0.03,1,28800,cut,2147483647,2147483647,no
rKaHyPar,sat14_9vliw_m_9stages_iq3_C1_bug7.cnf.dual.hgr,no,yes,4,4,0.03,1,28800,cut,2147483647,2147483647,no
rKaHyPar,sat14_9vliw_m_9stages_iq3_C1_bug7.cnf.dual.hgr,no,yes,7,4,0.03,1,28800,cut,2147483647,2147483647,no
rKaHyPar,sat14_9vliw_m_9stages_iq3_C1_bug7.cnf.dual.hgr,no,yes,8,4,0.03,1,28800,cut,2147483647,2147483647,no
rKaHyPar,sat14_9vliw_m_9stages_iq3_C1_bug7.cnf.dual.hgr,no,yes,9,4,0.03,1,28800,cut,2147483647,2147483647,no
rKaHyPar,sat14_9vliw_m_9stages_iq3_C1_bug7.cnf.dual.hgr,no,yes,0,64,0.03,1,28800,cut,2147483647,2147483647,no
rKaHyPar,sat14_9vliw_m_9stages_iq3_C1_bug7.cnf.dual.hgr,no,yes,1,64,0.03,1,28800,cut,2147483647,2147483647,no
rKaHyPar,sat14_9vliw_m_9stages_iq3_C1_bug7.cnf.dual.hgr,no,yes,3,64,0.03,1,28800,cut,2147483647,2147483647,no
rKaHyPar,sat14_9vliw_m_9stages_iq3_C1_bug7.cnf.dual.hgr,no,yes,4,64,0.03,1,28800,cut,2147483647,2147483647,no
rKaHyPar,sat14_9vliw_m_9stages_iq3_C1_bug7.cnf.dual.hgr,no,yes,5,64,0.03,1,28800,cut,2147483647,2147483647,no
rKaHyPar,sat14_9vliw_m_9stages_iq3_C1_bug7.cnf.dual.hgr,no,yes,6,64,0.03,1,28800,cut,2147483647,2147483647,no
rKaHyPar,sat14_9vliw_m_9stages_iq3_C1_bug7.cnf.dual.hgr,no,yes,9,64,0.03,1,28800,cut,2147483647,2147483647,no
rKaHyPar,sat14_9vliw_m_9stages_iq3_C1_bug7.cnf.dual.hgr,no,yes,0,8,0.03,1,28800,cut,2147483647,2147483647,no
rKaHyPar,sat14_9vliw_m_9stages_iq3_C1_bug7.cnf.dual.hgr,no,yes,1,8,0.03,1,28800,cut,2147483647,2147483647,no
rKaHyPar,sat14_9vliw_m_9stages_iq3_C1_bug7.cnf.dual.hgr,no,yes,2,8,0.03,1,28800,cut,2147483647,2147483647,no
rKaHyPar,sat14_9vliw_m_9stages_iq3_C1_bug7.cnf.dual.hgr,no,yes,3,8,0.03,1,28800,cut,2147483647,2147483647,no
rKaHyPar,sat14_9vliw_m_9stages_iq3_C1_bug7.cnf.dual.hgr,no,yes,4,8,0.03,1,28800,cut,2147483647,2147483647,no
rKaHyPar,sat14_9vliw_m_9stages_iq3_C1_bug7.cnf.dual.hgr,no,yes,5,8,0.03,1,28800,cut,2147483647,2147483647,no
rKaHyPar,sat14_9vliw_m_9stages_iq3_C1_bug7.cnf.dual.hgr,no,yes,6,8,0.03,1,28800,cut,2147483647,2147483647,no
rKaHyPar,sat14_9vliw_m_9stages_iq3_C1_bug7.cnf.dual.hgr,no,yes,7,8,0.03,1,28800,cut,2147483647,2147483647,no
rKaHyPar,sat14_9vliw_m_9stages_iq3_C1_bug7.cnf.dual.hgr,no,yes,8,8,0.03,1,28800,cut,2147483647,2147483647,no
rKaHyPar,sat14_9vliw_m_9stages_iq3_C1_bug7.cnf.dual.hgr,no,yes,9,8,0.03,1,28800,cut,2147483647,2147483647,no
rKaHyPar,sat14_9vliw_m_9stages_iq3_C1_bug7.cnf.hgr,no,yes,0,128,0.03,1,28800,cut,2147483647,2147483647,no
rKaHyPar,sat14_9vliw_m_9stages_iq3_C1_bug7.cnf.hgr,no,no,2,128,0.03,0.0299644,18624.9,cut,10113748,6545841,no
rKaHyPar,sat14_9vliw_m_9stages_iq3_C1_bug7.cnf.hgr,no,no,3,128,0.03,0.0299644,23972.7,cut,9937722,6690438,no
rKaHyPar,sat14_9vliw_m_9stages_iq3_C1_bug7.cnf.hgr,no,no,4,128,0.03,0.0299644,22189,cut,10179369,6637065,no
rKaHyPar,sat14_9vliw_m_9stages_iq3_C1_bug7.cnf.hgr,no,no,5,128,0.03,0.0299644,28670.1,cut,10147104,6745777,no
rKaHyPar,sat14_9vliw_m_9stages_iq3_C1_bug7.cnf.hgr,no,no,6,128,0.03,0.0299644,24602.5,cut,10400354,6652245,no
rKaHyPar,sat14_9vliw_m_9stages_iq3_C1_bug7.cnf.hgr,no,no,7,128,0.03,0.0299644,19165.8,cut,10131854,6613330,no
rKaHyPar,sat14_9vliw_m_9stages_iq3_C1_bug7.cnf.hgr,no,no,8,128,0.03,0.0299644,25066.9,cut,10279662,6632083,no
rKaHyPar,sat14_9vliw_m_9stages_iq3_C1_bug7.cnf.hgr,no,yes,9,128,0.03,1,28800,cut,2147483647,2147483647,no
rKaHyPar,sat14_9vliw_m_9stages_iq3_C1_bug7.cnf.hgr,no,yes,0,16,0.03,1,28800,cut,2147483647,2147483647,no
rKaHyPar,sat14_9vliw_m_9stages_iq3_C1_bug7.cnf.hgr,no,yes,1,16,0.03,1,28800,cut,2147483647,2147483647,no
rKaHyPar,sat14_9vliw_m_9stages_iq3_C1_bug7.cnf.hgr,no,yes,2,16,0.03,1,28800,cut,2147483647,2147483647,no
rKaHyPar,sat14_9vliw_m_9stages_iq3_C1_bug7.cnf.hgr,no,yes,4,16,0.03,1,28800,cut,2147483647,2147483647,no
rKaHyPar,sat14_9vliw_m_9stages_iq3_C1_bug7.cnf.hgr,no,no,5,16,0.03,0.544839,28661.7,cut,4954400,4304866,no
rKaHyPar,sat14_9vliw_m_9stages_iq3_C1_bug7.cnf.hgr,no,yes,6,16,0.03,1,28800,cut,2147483647,2147483647,no
rKaHyPar,sat14_9vliw_m_9stages_iq3_C1_bug7.cnf.hgr,no,yes,7,16,0.03,1,28800,cut,2147483647,2147483647,no
rKaHyPar,sat14_9vliw_m_9stages_iq3_C1_bug7.cnf.hgr,no,yes,8,16,0.03,1,28800,cut,2147483647,2147483647,no
rKaHyPar,sat14_9vliw_m_9stages_iq3_C1_bug7.cnf.hgr,no,no,9,16,0.03,0.0299951,28119.3,cut,3468952,2464266,no
rKaHyPar,sat14_9vliw_m_9stages_iq3_C1_bug7.cnf.hgr,no,no,1,2,0.03,0.00952898,5421.17,cut,329713,329713,no
rKaHyPar,sat14_9vliw_m_9stages_iq3_C1_bug7.cnf.hgr,no,no,2,2,0.03,0.0166114,8455.03,cut,329287,329287,no
rKaHyPar,sat14_9vliw_m_9stages_iq3_C1_bug7.cnf.hgr,no,no,3,2,0.03,0.00951939,4106.68,cut,329720,329720,no
rKaHyPar,sat14_9vliw_m_9stages_iq3_C1_bug7.cnf.hgr,no,no,4,2,0.03,0.0166383,1873.69,cut,329277,329277,no
rKaHyPar,sat14_9vliw_m_9stages_iq3_C1_bug7.cnf.hgr,no,no,5,2,0.03,0.0299992,4274.01,cut,336087,336087,no
rKaHyPar,sat14_9vliw_m_9stages_iq3_C1_bug7.cnf.hgr,no,no,6,2,0.03,0,3351.05,cut,345550,345550,no
rKaHyPar,sat14_9vliw_m_9stages_iq3_C1_bug7.cnf.hgr,no,no,7,2,0.03,0.0166805,4711.82,cut,329277,329277,no
rKaHyPar,sat14_9vliw_m_9stages_iq3_C1_bug7.cnf.hgr,no,no,8,2,0.03,0,3373.23,cut,342188,342188,no
rKaHyPar,sat14_9vliw_m_9stages_iq3_C1_bug7.cnf.hgr,no,no,9,2,0.03,0.0100835,3682.73,cut,329721,329721,no
rKaHyPar,sat14_9vliw_m_9stages_iq3_C1_bug7.cnf.hgr,no,yes,0,32,0.03,1,28800,cut,2147483647,2147483647,no
rKaHyPar,sat14_9vliw_m_9stages_iq3_C1_bug7.cnf.hgr,no,no,1,32,0.03,0.0299951,20633.9,cut,4836603,3296574,no
rKaHyPar,sat14_9vliw_m_9stages_iq3_C1_bug7.cnf.hgr,no,no,4,32,0.03,0.0959413,28795.4,cut,6052040,4443961,no
rKaHyPar,sat14_9vliw_m_9stages_iq3_C1_bug7.cnf.hgr,no,yes,5,32,0.03,1,28800,cut,2147483647,2147483647,no
rKaHyPar,sat14_9vliw_m_9stages_iq3_C1_bug7.cnf.hgr,no,no,6,32,0.03,0.225347,28548.3,cut,6879018,5496068,no
rKaHyPar,sat14_9vliw_m_9stages_iq3_C1_bug7.cnf.hgr,no,yes,9,32,0.03,1,28800,cut,2147483647,2147483647,no
rKaHyPar,sat14_9vliw_m_9stages_iq3_C1_bug7.cnf.hgr,no,yes,1,4,0.03,1,28800,cut,2147483647,2147483647,no
rKaHyPar,sat14_9vliw_m_9stages_iq3_C1_bug7.cnf.hgr,no,yes,2,4,0.03,1,28800,cut,2147483647,2147483647,no
rKaHyPar,sat14_9vliw_m_9stages_iq3_C1_bug7.cnf.hgr,no,yes,3,4,0.03,1,28800,cut,2147483647,2147483647,no
rKaHyPar,sat14_9vliw_m_9stages_iq3_C1_bug7.cnf.hgr,no,yes,4,4,0.03,1,28800,cut,2147483647,2147483647,no
rKaHyPar,sat14_9vliw_m_9stages_iq3_C1_bug7.cnf.hgr,no,yes,7,4,0.03,1,28800,cut,2147483647,2147483647,no
rKaHyPar,sat14_9vliw_m_9stages_iq3_C1_bug7.cnf.hgr,no,yes,8,4,0.03,1,28800,cut,2147483647,2147483647,no
rKaHyPar,sat14_9vliw_m_9stages_iq3_C1_bug7.cnf.hgr,no,yes,9,4,0.03,1,28800,cut,2147483647,2147483647,no
rKaHyPar,sat14_9vliw_m_9stages_iq3_C1_bug7.cnf.hgr,no,yes,0,64,0.03,1,28800,cut,2147483647,2147483647,no
rKaHyPar,sat14_9vliw_m_9stages_iq3_C1_bug7.cnf.hgr,no,no,1,64,0.03,0.0299644,22908.3,cut,7259246,4961188,no
rKaHyPar,sat14_9vliw_m_9stages_iq3_C1_bug7.cnf.hgr,no,yes,3,64,0.03,1,28800,cut,2147483647,2147483647,no
rKaHyPar,sat14_9vliw_m_9stages_iq3_C1_bug7.cnf.hgr,no,yes,4,64,0.03,1,28800,cut,2147483647,2147483647,no
rKaHyPar,sat14_9vliw_m_9stages_iq3_C1_bug7.cnf.hgr,no,yes,5,64,0.03,1,28800,cut,2147483647,2147483647,no
rKaHyPar,sat14_9vliw_m_9stages_iq3_C1_bug7.cnf.hgr,no,no,6,64,0.03,0.0299644,26400.8,cut,7208324,4893185,no
rKaHyPar,sat14_9vliw_m_9stages_iq3_C1_bug7.cnf.hgr,no,yes,9,64,0.03,1,28800,cut,2147483647,2147483647,no
rKaHyPar,sat14_9vliw_m_9stages_iq3_C1_bug7.cnf.hgr,no,yes,0,8,0.03,1,28800,cut,2147483647,2147483647,no
rKaHyPar,sat14_9vliw_m_9stages_iq3_C1_bug7.cnf.hgr,no,yes,3,8,0.03,1,28800,cut,2147483647,2147483647,no
rKaHyPar,sat14_9vliw_m_9stages_iq3_C1_bug7.cnf.hgr,no,yes,4,8,0.03,1,28800,cut,2147483647,2147483647,no
rKaHyPar,sat14_9vliw_m_9stages_iq3_C1_bug7.cnf.hgr,no,yes,5,8,0.03,1,28800,cut,2147483647,2147483647,no
rKaHyPar,sat14_9vliw_m_9stages_iq3_C1_bug7.cnf.hgr,no,yes,8,8,0.03,1,28800,cut,2147483647,2147483647,no
rKaHyPar,sat14_9vliw_m_9stages_iq3_C1_bug7.cnf.hgr,no,yes,9,8,0.03,1,28800,cut,2147483647,2147483647,no
rKaHyPar,sat14_9vliw_m_9stages_iq3_C1_bug7.cnf.primal.hgr,no,yes,2,128,0.03,1,28800,cut,2147483647,2147483647,no
rKaHyPar,sat14_9vliw_m_9stages_iq3_C1_bug7.cnf.primal.hgr,no,yes,3,128,0.03,1,28800,cut,2147483647,2147483647,no
rKaHyPar,sat14_9vliw_m_9stages_iq3_C1_bug7.cnf.primal.hgr,no,yes,5,128,0.03,1,28800,cut,2147483647,2147483647,no
rKaHyPar,sat14_9vliw_m_9stages_iq3_C1_bug7.cnf.primal.hgr,no,yes,6,128,0.03,1,28800,cut,2147483647,2147483647,no
rKaHyPar,sat14_9vliw_m_9stages_iq3_C1_bug7.cnf.primal.hgr,no,yes,7,128,0.03,1,28800,cut,2147483647,2147483647,no
rKaHyPar,sat14_9vliw_m_9stages_iq3_C1_bug7.cnf.primal.hgr,no,yes,8,128,0.03,1,28800,cut,2147483647,2147483647,no
rKaHyPar,sat14_9vliw_m_9stages_iq3_C1_bug7.cnf.primal.hgr,no,no,0,16,0.03,0.0299951,27679.8,cut,3859297,3092188,no
rKaHyPar,sat14_9vliw_m_9stages_iq3_C1_bug7.cnf.primal.hgr,no,yes,1,16,0.03,1,28800,cut,2147483647,2147483647,no
rKaHyPar,sat14_9vliw_m_9stages_iq3_C1_bug7.cnf.primal.hgr,no,yes,4,16,0.03,1,28800,cut,2147483647,2147483647,no
rKaHyPar,sat14_9vliw_m_9stages_iq3_C1_bug7.cnf.primal.hgr,no,yes,5,16,0.03,1,28800,cut,2147483647,2147483647,no
rKaHyPar,sat14_9vliw_m_9stages_iq3_C1_bug7.cnf.primal.hgr,no,yes,6,16,0.03,1,28800,cut,2147483647,2147483647,no
rKaHyPar,sat14_9vliw_m_9stages_iq3_C1_bug7.cnf.primal.hgr,no,yes,8,16,0.03,1,28800,cut,2147483647,2147483647,no
rKaHyPar,sat14_9vliw_m_9stages_iq3_C1_bug7.cnf.primal.hgr,no,no,9,16,0.03,0.31349,28549.2,cut,5952506,5043531,no
rKaHyPar,sat14_9vliw_m_9stages_iq3_C1_bug7.cnf.primal.hgr,no,no,0,2,0.03,0,14577.6,cut,377299,377299,no
rKaHyPar,sat14_9vliw_m_9stages_iq3_C1_bug7.cnf.primal.hgr,no,no,1,2,0.03,0.0299992,18375.8,cut,360745,360745,no
rKaHyPar,sat14_9vliw_m_9stages_iq3_C1_bug7.cnf.primal.hgr,no,no,2,2,0.03,0.0244115,15765,cut,346496,346496,no
rKaHyPar,sat14_9vliw_m_9stages_iq3_C1_bug7.cnf.primal.hgr,no,no,3,2,0.03,0.0178491,10670.6,cut,344037,344037,no
rKaHyPar,sat14_9vliw_m_9stages_iq3_C1_bug7.cnf.primal.hgr,no,no,4,2,0.03,0.0299992,13266.3,cut,358234,358234,no
rKaHyPar,sat14_9vliw_m_9stages_iq3_C1_bug7.cnf.primal.hgr,no,no,7,2,0.03,0.0299992,16110.7,cut,339812,339812,no
rKaHyPar,sat14_9vliw_m_9stages_iq3_C1_bug7.cnf.primal.hgr,no,no,8,2,0.03,0.0299992,15913.9,cut,359881,359881,no
rKaHyPar,sat14_9vliw_m_9stages_iq3_C1_bug7.cnf.primal.hgr,no,no,9,2,0.03,0.00785573,11276.7,cut,353480,353480,no
rKaHyPar,sat14_9vliw_m_9stages_iq3_C1_bug7.cnf.primal.hgr,no,yes,0,32,0.03,1,28800,cut,2147483647,2147483647,no
rKaHyPar,sat14_9vliw_m_9stages_iq3_C1_bug7.cnf.primal.hgr,no,yes,1,32,0.03,1,28800,cut,2147483647,2147483647,no
rKaHyPar,sat14_9vliw_m_9stages_iq3_C1_bug7.cnf.primal.hgr,no,yes,4,32,0.03,1,28800,cut,2147483647,2147483647,no
rKaHyPar,sat14_9vliw_m_9stages_iq3_C1_bug7.cnf.primal.hgr,no,yes,5,32,0.03,1,28800,cut,2147483647,2147483647,no
rKaHyPar,sat14_9vliw_m_9stages_iq3_C1_bug7.cnf.primal.hgr,no,yes,6,32,0.03,1,28800,cut,2147483647,2147483647,no
rKaHyPar,sat14_9vliw_m_9stages_iq3_C1_bug7.cnf.primal.hgr,no,yes,9,32,0.03,1,28800,cut,2147483647,2147483647,no
rKaHyPar,sat14_9vliw_m_9stages_iq3_C1_bug7.cnf.primal.hgr,no,yes,1,4,0.03,1,28800,cut,2147483647,2147483647,no
rKaHyPar,sat14_9vliw_m_9stages_iq3_C1_bug7.cnf.primal.hgr,no,yes,3,4,0.03,1,28800,cut,2147483647,2147483647,no
rKaHyPar,sat14_9vliw_m_9stages_iq3_C1_bug7.cnf.primal.hgr,no,yes,4,4,0.03,1,28800,cut,2147483647,2147483647,no
rKaHyPar,sat14_9vliw_m_9stages_iq3_C1_bug7.cnf.primal.hgr,no,no,7,4,0.03,0.0299953,28855.8,cut,1984289,1925077,no
rKaHyPar,sat14_9vliw_m_9stages_iq3_C1_bug7.cnf.primal.hgr,no,yes,8,4,0.03,1,28800,cut,2147483647,2147483647,no
rKaHyPar,sat14_9vliw_m_9stages_iq3_C1_bug7.cnf.primal.hgr,no,yes,9,4,0.03,1,28800,cut,2147483647,2147483647,no
rKaHyPar,sat14_9vliw_m_9stages_iq3_C1_bug7.cnf.primal.hgr,no,yes,0,64,0.03,1,28800,cut,2147483647,2147483647,no
rKaHyPar,sat14_9vliw_m_9stages_iq3_C1_bug7.cnf.primal.hgr,no,yes,1,64,0.03,1,28800,cut,2147483647,2147483647,no
rKaHyPar,sat14_9vliw_m_9stages_iq3_C1_bug7.cnf.primal.hgr,no,yes,4,64,0.03,1,28800,cut,2147483647,2147483647,no
rKaHyPar,sat14_9vliw_m_9stages_iq3_C1_bug7.cnf.primal.hgr,no,no,5,64,0.03,1.07356,28851.1,cut,9983608,8238642,no
rKaHyPar,sat14_9vliw_m_9stages_iq3_C1_bug7.cnf.primal.hgr,no,yes,6,64,0.03,1,28800,cut,2147483647,2147483647,no
rKaHyPar,sat14_9vliw_m_9stages_iq3_C1_bug7.cnf.primal.hgr,no,yes,9,64,0.03,1,28800,cut,2147483647,2147483647,no
rKaHyPar,sat14_9vliw_m_9stages_iq3_C1_bug7.cnf.primal.hgr,no,yes,0,8,0.03,1,28800,cut,2147483647,2147483647,no
rKaHyPar,sat14_9vliw_m_9stages_iq3_C1_bug7.cnf.primal.hgr,no,yes,1,8,0.03,1,28800,cut,2147483647,2147483647,no
rKaHyPar,sat14_9vliw_m_9stages_iq3_C1_bug7.cnf.primal.hgr,no,yes,3,8,0.03,1,28800,cut,2147483647,2147483647,no
rKaHyPar,sat14_9vliw_m_9stages_iq3_C1_bug7.cnf.primal.hgr,no,yes,4,8,0.03,1,28800,cut,2147483647,2147483647,no
rKaHyPar,sat14_9vliw_m_9stages_iq3_C1_bug7.cnf.primal.hgr,no,yes,5,8,0.03,1,28800,cut,2147483647,2147483647,no
rKaHyPar,sat14_9vliw_m_9stages_iq3_C1_bug7.cnf.primal.hgr,no,yes,6,8,0.03,1,28800,cut,2147483647,2147483647,no
rKaHyPar,sat14_9vliw_m_9stages_iq3_C1_bug7.cnf.primal.hgr,no,yes,8,8,0.03,1,28800,cut,2147483647,2147483647,no
rKaHyPar,sat14_9vliw_m_9stages_iq3_C1_bug7.cnf.primal.hgr,no,yes,9,8,0.03,1,28800,cut,2147483647,2147483647,no
rKaHyPar,sat14_9vliw_m_9stages_iq3_C1_bug8.cnf.dual.hgr,no,yes,1,128,0.03,1,28800,cut,2147483647,2147483647,no
rKaHyPar,sat14_9vliw_m_9stages_iq3_C1_bug8.cnf.dual.hgr,no,yes,2,128,0.03,1,28800,cut,2147483647,2147483647,no
rKaHyPar,sat14_9vliw_m_9stages_iq3_C1_bug8.cnf.dual.hgr,no,yes,3,128,0.03,1,28800,cut,2147483647,2147483647,no
rKaHyPar,sat14_9vliw_m_9stages_iq3_C1_bug8.cnf.dual.hgr,no,yes,4,128,0.03,1,28800,cut,2147483647,2147483647,no
rKaHyPar,sat14_9vliw_m_9stages_iq3_C1_bug8.cnf.dual.hgr,no,yes,6,128,0.03,1,28800,cut,2147483647,2147483647,no
rKaHyPar,sat14_9vliw_m_9stages_iq3_C1_bug8.cnf.dual.hgr,no,yes,7,128,0.03,1,28800,cut,2147483647,2147483647,no
rKaHyPar,sat14_9vliw_m_9stages_iq3_C1_bug8.cnf.dual.hgr,no,yes,8,128,0.03,1,28800,cut,2147483647,2147483647,no
rKaHyPar,sat14_9vliw_m_9stages_iq3_C1_bug8.cnf.dual.hgr,no,yes,0,16,0.03,1,28800,cut,2147483647,2147483647,no
rKaHyPar,sat14_9vliw_m_9stages_iq3_C1_bug8.cnf.dual.hgr,no,yes,1,16,0.03,1,28800,cut,2147483647,2147483647,no
rKaHyPar,sat14_9vliw_m_9stages_iq3_C1_bug8.cnf.dual.hgr,no,yes,4,16,0.03,1,28800,cut,2147483647,2147483647,no
rKaHyPar,sat14_9vliw_m_9stages_iq3_C1_bug8.cnf.dual.hgr,no,yes,5,16,0.03,1,28800,cut,2147483647,2147483647,no
rKaHyPar,sat14_9vliw_m_9stages_iq3_C1_bug8.cnf.dual.hgr,no,yes,6,16,0.03,1,28800,cut,2147483647,2147483647,no
rKaHyPar,sat14_9vliw_m_9stages_iq3_C1_bug8.cnf.dual.hgr,no,yes,8,16,0.03,1,28800,cut,2147483647,2147483647,no
rKaHyPar,sat14_9vliw_m_9stages_iq3_C1_bug8.cnf.dual.hgr,no,yes,9,16,0.03,1,28800,cut,2147483647,2147483647,no
rKaHyPar,sat14_9vliw_m_9stages_iq3_C1_bug8.cnf.dual.hgr,no,yes,1,2,0.03,1,28800,cut,2147483647,2147483647,no
rKaHyPar,sat14_9vliw_m_9stages_iq3_C1_bug8.cnf.dual.hgr,no,yes,2,2,0.03,1,28800,cut,2147483647,2147483647,no
rKaHyPar,sat14_9vliw_m_9stages_iq3_C1_bug8.cnf.dual.hgr,no,yes,3,2,0.03,1,28800,cut,2147483647,2147483647,no
rKaHyPar,sat14_9vliw_m_9stages_iq3_C1_bug8.cnf.dual.hgr,no,yes,7,2,0.03,1,28800,cut,2147483647,2147483647,no
rKaHyPar,sat14_9vliw_m_9stages_iq3_C1_bug8.cnf.dual.hgr,no,yes,8,2,0.03,1,28800,cut,2147483647,2147483647,no
rKaHyPar,sat14_9vliw_m_9stages_iq3_C1_bug8.cnf.dual.hgr,no,yes,9,2,0.03,1,28800,cut,2147483647,2147483647,no
rKaHyPar,sat14_9vliw_m_9stages_iq3_C1_bug8.cnf.dual.hgr,no,yes,0,32,0.03,1,28800,cut,2147483647,2147483647,no
rKaHyPar,sat14_9vliw_m_9stages_iq3_C1_bug8.cnf.dual.hgr,no,yes,1,32,0.03,1,28800,cut,2147483647,2147483647,no
rKaHyPar,sat14_9vliw_m_9stages_iq3_C1_bug8.cnf.dual.hgr,no,yes,3,32,0.03,1,28800,cut,2147483647,2147483647,no
rKaHyPar,sat14_9vliw_m_9stages_iq3_C1_bug8.cnf.dual.hgr,no,yes,4,32,0.03,1,28800,cut,2147483647,2147483647,no
rKaHyPar,sat14_9vliw_m_9stages_iq3_C1_bug8.cnf.dual.hgr,no,yes,5,32,0.03,1,28800,cut,2147483647,2147483647,no
rKaHyPar,sat14_9vliw_m_9stages_iq3_C1_bug8.cnf.dual.hgr,no,yes,6,32,0.03,1,28800,cut,2147483647,2147483647,no
rKaHyPar,sat14_9vliw_m_9stages_iq3_C1_bug8.cnf.dual.hgr,no,yes,9,32,0.03,1,28800,cut,2147483647,2147483647,no
rKaHyPar,sat14_9vliw_m_9stages_iq3_C1_bug8.cnf.dual.hgr,no,yes,1,4,0.03,1,28800,cut,2147483647,2147483647,no
rKaHyPar,sat14_9vliw_m_9stages_iq3_C1_bug8.cnf.dual.hgr,no,yes,3,4,0.03,1,28800,cut,2147483647,2147483647,no
rKaHyPar,sat14_9vliw_m_9stages_iq3_C1_bug8.cnf.dual.hgr,no,yes,4,4,0.03,1,28800,cut,2147483647,2147483647,no
rKaHyPar,sat14_9vliw_m_9stages_iq3_C1_bug8.cnf.dual.hgr,no,yes,6,4,0.03,1,28800,cut,2147483647,2147483647,no
rKaHyPar,sat14_9vliw_m_9stages_iq3_C1_bug8.cnf.dual.hgr,no,yes,7,4,0.03,1,28800,cut,2147483647,2147483647,no
rKaHyPar,sat14_9vliw_m_9stages_iq3_C1_bug8.cnf.dual.hgr,no,yes,8,4,0.03,1,28800,cut,2147483647,2147483647,no
rKaHyPar,sat14_9vliw_m_9stages_iq3_C1_bug8.cnf.dual.hgr,no,yes,9,4,0.03,1,28800,cut,2147483647,2147483647,no
rKaHyPar,sat14_9vliw_m_9stages_iq3_C1_bug8.cnf.dual.hgr,no,yes,0,64,0.03,1,28800,cut,2147483647,2147483647,no
rKaHyPar,sat14_9vliw_m_9stages_iq3_C1_bug8.cnf.dual.hgr,no,yes,1,64,0.03,1,28800,cut,2147483647,2147483647,no
rKaHyPar,sat14_9vliw_m_9stages_iq3_C1_bug8.cnf.dual.hgr,no,yes,2,64,0.03,1,28800,cut,2147483647,2147483647,no
rKaHyPar,sat14_9vliw_m_9stages_iq3_C1_bug8.cnf.dual.hgr,no,yes,4,64,0.03,1,28800,cut,2147483647,2147483647,no
rKaHyPar,sat14_9vliw_m_9stages_iq3_C1_bug8.cnf.dual.hgr,no,yes,5,64,0.03,1,28800,cut,2147483647,2147483647,no
rKaHyPar,sat14_9vliw_m_9stages_iq3_C1_bug8.cnf.dual.hgr,no,yes,6,64,0.03,1,28800,cut,2147483647,2147483647,no
rKaHyPar,sat14_9vliw_m_9stages_iq3_C1_bug8.cnf.dual.hgr,no,yes,9,64,0.03,1,28800,cut,2147483647,2147483647,no
rKaHyPar,sat14_9vliw_m_9stages_iq3_C1_bug8.cnf.dual.hgr,no,yes,0,8,0.03,1,28800,cut,2147483647,2147483647,no
rKaHyPar,sat14_9vliw_m_9stages_iq3_C1_bug8.cnf.dual.hgr,no,yes,2,8,0.03,1,28800,cut,2147483647,2147483647,no
rKaHyPar,sat14_9vliw_m_9stages_iq3_C1_bug8.cnf.dual.hgr,no,yes,3,8,0.03,1,28800,cut,2147483647,2147483647,no
rKaHyPar,sat14_9vliw_m_9stages_iq3_C1_bug8.cnf.dual.hgr,no,yes,4,8,0.03,1,28800,cut,2147483647,2147483647,no
rKaHyPar,sat14_9vliw_m_9stages_iq3_C1_bug8.cnf.dual.hgr,no,yes,5,8,0.03,1,28800,cut,2147483647,2147483647,no
rKaHyPar,sat14_9vliw_m_9stages_iq3_C1_bug8.cnf.dual.hgr,no,yes,8,8,0.03,1,28800,cut,2147483647,2147483647,no
rKaHyPar,sat14_9vliw_m_9stages_iq3_C1_bug8.cnf.dual.hgr,no,yes,9,8,0.03,1,28800,cut,2147483647,2147483647,no
rKaHyPar,sat14_9vliw_m_9stages_iq3_C1_bug8.cnf.hgr,no,yes,1,128,0.03,1,28800,cut,2147483647,2147483647,no
rKaHyPar,sat14_9vliw_m_9stages_iq3_C1_bug8.cnf.hgr,no,no,2,128,0.03,0.0299607,25418.3,cut,9996848,6609571,no
rKaHyPar,sat14_9vliw_m_9stages_iq3_C1_bug8.cnf.hgr,no,no,3,128,0.03,0.0299607,21496,cut,10156338,6664639,no
rKaHyPar,sat14_9vliw_m_9stages_iq3_C1_bug8.cnf.hgr,no,no,7,128,0.03,0.0299607,22971.7,cut,10075901,6594931,no
rKaHyPar,sat14_9vliw_m_9stages_iq3_C1_bug8.cnf.hgr,no,no,8,128,0.03,0.0299607,24882.3,cut,10102874,6662109,no
rKaHyPar,sat14_9vliw_m_9stages_iq3_C1_bug8.cnf.hgr,no,no,0,16,0.03,0.0299779,28570.5,cut,3351274,2415715,no
rKaHyPar,sat14_9vliw_m_9stages_iq3_C1_bug8.cnf.hgr,no,yes,1,16,0.03,1,28800,cut,2147483647,2147483647,no
rKaHyPar,sat14_9vliw_m_9stages_iq3_C1_bug8.cnf.hgr,no,yes,4,16,0.03,1,28800,cut,2147483647,2147483647,no
rKaHyPar,sat14_9vliw_m_9stages_iq3_C1_bug8.cnf.hgr,no,yes,5,16,0.03,1,28800,cut,2147483647,2147483647,no
rKaHyPar,sat14_9vliw_m_9stages_iq3_C1_bug8.cnf.hgr,no,no,6,16,0.03,0.0299932,23228.9,cut,3424102,2424803,no
rKaHyPar,sat14_9vliw_m_9stages_iq3_C1_bug8.cnf.hgr,no,no,8,16,0.03,0.0299932,27302.3,cut,3389921,2415250,no
rKaHyPar,sat14_9vliw_m_9stages_iq3_C1_bug8.cnf.hgr,no,no,1,2,0.03,0.016714,6603.86,cut,329306,329306,no
rKaHyPar,sat14_9vliw_m_9stages_iq3_C1_bug8.cnf.hgr,no,no,2,2,0.03,0.0167102,5672.63,cut,329305,329305,no
rKaHyPar,sat14_9vliw_m_9stages_iq3_C1_bug8.cnf.hgr,no,no,3,2,0.03,0.016714,3338.48,cut,329306,329306,no
rKaHyPar,sat14_9vliw_m_9stages_iq3_C1_bug8.cnf.hgr,no,no,7,2,0.03,0,5163.22,cut,344400,344400,no
rKaHyPar,sat14_9vliw_m_9stages_iq3_C1_bug8.cnf.hgr,no,no,8,2,0.03,0.00694195,5225.44,cut,330580,330580,no
rKaHyPar,sat14_9vliw_m_9stages_iq3_C1_bug8.cnf.hgr,no,no,9,2,0.03,0.0102575,4863.83,cut,329767,329767,no
rKaHyPar,sat14_9vliw_m_9stages_iq3_C1_bug8.cnf.hgr,no,no,0,32,0.03,0.717965,28744.3,cut,6690539,5644530,no
rKaHyPar,sat14_9vliw_m_9stages_iq3_C1_bug8.cnf.hgr,no,no,1,32,0.03,0.0299932,22558.1,cut,4917069,3362586,no
rKaHyPar,sat14_9vliw_m_9stages_iq3_C1_bug8.cnf.hgr,no,yes,3,32,0.03,1,28800,cut,2147483647,2147483647,no
rKaHyPar,sat14_9vliw_m_9stages_iq3_C1_bug8.cnf.hgr,no,yes,4,32,0.03,1,28800,cut,2147483647,2147483647,no
rKaHyPar,sat14_9vliw_m_9stages_iq3_C1_bug8.cnf.hgr,no,no,6,32,0.03,0.0299932,19599.7,cut,4926169,3350257,no
rKaHyPar,sat14_9vliw_m_9stages_iq3_C1_bug8.cnf.hgr,no,no,9,32,0.03,0.0299932,26085.7,cut,4967368,3451836,no
rKaHyPar,sat14_9vliw_m_9stages_iq3_C1_bug8.cnf.hgr,no,yes,1,4,0.03,1,28800,cut,2147483647,2147483647,no
rKaHyPar,sat14_9vliw_m_9stages_iq3_C1_bug8.cnf.hgr,no,yes,3,4,0.03,1,28800,cut,2147483647,2147483647,no
rKaHyPar,sat14_9vliw_m_9stages_iq3_C1_bug8.cnf.hgr,no,yes,4,4,0.03,1,28800,cut,2147483647,2147483647,no
rKaHyPar,sat14_9vliw_m_9stages_iq3_C1_bug8.cnf.hgr,no,yes,6,4,0.03,1,28800,cut,2147483647,2147483647,no
rKaHyPar,sat14_9vliw_m_9stages_iq3_C1_bug8.cnf.hgr,no,yes,9,4,0.03,1,28800,cut,2147483647,2147483647,no
rKaHyPar,sat14_9vliw_m_9stages_iq3_C1_bug8.cnf.hgr,no,no,2,64,0.03,0.0299625,24574.7,cut,7207908,4936918,no
rKaHyPar,sat14_9vliw_m_9stages_iq3_C1_bug8.cnf.hgr,no,no,4,64,0.03,0.0299625,18513.7,cut,7231891,4891398,no
rKaHyPar,sat14_9vliw_m_9stages_iq3_C1_bug8.cnf.hgr,no,no,5,64,0.03,0.0299625,23302.6,cut,7603656,4952477,no
rKaHyPar,sat14_9vliw_m_9stages_iq3_C1_bug8.cnf.hgr,no,no,6,64,0.03,0.0299625,27076,cut,7568521,4943365,no
rKaHyPar,sat14_9vliw_m_9stages_iq3_C1_bug8.cnf.hgr,no,yes,0,8,0.03,1,28800,cut,2147483647,2147483647,no
rKaHyPar,sat14_9vliw_m_9stages_iq3_C1_bug8.cnf.hgr,no,yes,1,8,0.03,1,28800,cut,2147483647,2147483647,no
rKaHyPar,sat14_9vliw_m_9stages_iq3_C1_bug8.cnf.hgr,no,yes,5,8,0.03,1,28800,cut,2147483647,2147483647,no
rKaHyPar,sat14_9vliw_m_9stages_iq3_C1_bug8.cnf.hgr,no,yes,6,8,0.03,1,28800,cut,2147483647,2147483647,no
rKaHyPar,sat14_9vliw_m_9stages_iq3_C1_bug8.cnf.hgr,no,yes,8,8,0.03,1,28800,cut,2147483647,2147483647,no
rKaHyPar,sat14_9vliw_m_9stages_iq3_C1_bug8.cnf.hgr,no,yes,9,8,0.03,1,28800,cut,2147483647,2147483647,no
rKaHyPar,sat14_9vliw_m_9stages_iq3_C1_bug8.cnf.primal.hgr,no,yes,0,128,0.03,1,28800,cut,2147483647,2147483647,no
rKaHyPar,sat14_9vliw_m_9stages_iq3_C1_bug8.cnf.primal.hgr,no,yes,1,128,0.03,1,28800,cut,2147483647,2147483647,no
rKaHyPar,sat14_9vliw_m_9stages_iq3_C1_bug8.cnf.primal.hgr,no,no,2,128,0.03,0.0299607,21765.8,cut,10445452,7581972,no
rKaHyPar,sat14_9vliw_m_9stages_iq3_C1_bug8.cnf.primal.hgr,no,yes,3,128,0.03,1,28800,cut,2147483647,2147483647,no
rKaHyPar,sat14_9vliw_m_9stages_iq3_C1_bug8.cnf.primal.hgr,no,no,6,128,0.03,0.0299607,23995.8,cut,10355285,7656769,no
rKaHyPar,sat14_9vliw_m_9stages_iq3_C1_bug8.cnf.primal.hgr,no,yes,7,128,0.03,1,28800,cut,2147483647,2147483647,no
rKaHyPar,sat14_9vliw_m_9stages_iq3_C1_bug8.cnf.primal.hgr,no,yes,8,128,0.03,1,28800,cut,2147483647,2147483647,no
rKaHyPar,sat14_9vliw_m_9stages_iq3_C1_bug8.cnf.primal.hgr,no,yes,9,128,0.03,1,28800,cut,2147483647,2147483647,no
rKaHyPar,sat14_9vliw_m_9stages_iq3_C1_bug8.cnf.primal.hgr,no,yes,0,16,0.03,1,28800,cut,2147483647,2147483647,no
rKaHyPar,sat14_9vliw_m_9stages_iq3_C1_bug8.cnf.primal.hgr,no,yes,1,16,0.03,1,28800,cut,2147483647,2147483647,no
rKaHyPar,sat14_9vliw_m_9stages_iq3_C1_bug8.cnf.primal.hgr,no,yes,3,16,0.03,1,28800,cut,2147483647,2147483647,no
rKaHyPar,sat14_9vliw_m_9stages_iq3_C1_bug8.cnf.primal.hgr,no,yes,4,16,0.03,1,28800,cut,2147483647,2147483647,no
rKaHyPar,sat14_9vliw_m_9stages_iq3_C1_bug8.cnf.primal.hgr,no,yes,5,16,0.03,1,28800,cut,2147483647,2147483647,no
rKaHyPar,sat14_9vliw_m_9stages_iq3_C1_bug8.cnf.primal.hgr,no,yes,6,16,0.03,1,28800,cut,2147483647,2147483647,no
rKaHyPar,sat14_9vliw_m_9stages_iq3_C1_bug8.cnf.primal.hgr,no,yes,8,16,0.03,1,28800,cut,2147483647,2147483647,no
rKaHyPar,sat14_9vliw_m_9stages_iq3_C1_bug8.cnf.primal.hgr,no,yes,9,16,0.03,1,28800,cut,2147483647,2147483647,no
rKaHyPar,sat14_9vliw_m_9stages_iq3_C1_bug8.cnf.primal.hgr,no,no,0,2,0.03,0.0289804,11424,cut,349155,349155,no
rKaHyPar,sat14_9vliw_m_9stages_iq3_C1_bug8.cnf.primal.hgr,no,no,1,2,0.03,0.0299973,13399.9,cut,353968,353968,no
rKaHyPar,sat14_9vliw_m_9stages_iq3_C1_bug8.cnf.primal.hgr,no,no,2,2,0.03,0.0142446,11230.1,cut,353114,353114,no
rKaHyPar,sat14_9vliw_m_9stages_iq3_C1_bug8.cnf.primal.hgr,no,no,3,2,0.03,0.0299973,14652,cut,362926,362926,no
rKaHyPar,sat14_9vliw_m_9stages_iq3_C1_bug8.cnf.primal.hgr,no,no,6,2,0.03,0.0244829,10928.2,cut,346526,346526,no
rKaHyPar,sat14_9vliw_m_9stages_iq3_C1_bug8.cnf.primal.hgr,no,no,7,2,0.03,0.00754442,15059,cut,351919,351919,no
rKaHyPar,sat14_9vliw_m_9stages_iq3_C1_bug8.cnf.primal.hgr,no,no,8,2,0.03,0.0299973,15338.5,cut,359100,359100,no
rKaHyPar,sat14_9vliw_m_9stages_iq3_C1_bug8.cnf.primal.hgr,no,no,9,2,0.03,0.0299973,14841.7,cut,359068,359068,no
rKaHyPar,sat14_9vliw_m_9stages_iq3_C1_bug8.cnf.primal.hgr,no,yes,0,32,0.03,1,28800,cut,2147483647,2147483647,no
rKaHyPar,sat14_9vliw_m_9stages_iq3_C1_bug8.cnf.primal.hgr,no,yes,1,32,0.03,1,28800,cut,2147483647,2147483647,no
rKaHyPar,sat14_9vliw_m_9stages_iq3_C1_bug8.cnf.primal.hgr,no,yes,3,32,0.03,1,28800,cut,2147483647,2147483647,no
rKaHyPar,sat14_9vliw_m_9stages_iq3_C1_bug8.cnf.primal.hgr,no,yes,4,32,0.03,1,28800,cut,2147483647,2147483647,no
rKaHyPar,sat14_9vliw_m_9stages_iq3_C1_bug8.cnf.primal.hgr,no,yes,5,32,0.03,1,28800,cut,2147483647,2147483647,no
rKaHyPar,sat14_9vliw_m_9stages_iq3_C1_bug8.cnf.primal.hgr,no,yes,6,32,0.03,1,28800,cut,2147483647,2147483647,no
rKaHyPar,sat14_9vliw_m_9stages_iq3_C1_bug8.cnf.primal.hgr,no,yes,9,32,0.03,1,28800,cut,2147483647,2147483647,no
rKaHyPar,sat14_9vliw_m_9stages_iq3_C1_bug8.cnf.primal.hgr,no,yes,1,4,0.03,1,28800,cut,2147483647,2147483647,no
rKaHyPar,sat14_9vliw_m_9stages_iq3_C1_bug8.cnf.primal.hgr,no,yes,2,4,0.03,1,28800,cut,2147483647,2147483647,no
rKaHyPar,sat14_9vliw_m_9stages_iq3_C1_bug8.cnf.primal.hgr,no,yes,3,4,0.03,1,28800,cut,2147483647,2147483647,no
rKaHyPar,sat14_9vliw_m_9stages_iq3_C1_bug8.cnf.primal.hgr,no,yes,4,4,0.03,1,28800,cut,2147483647,2147483647,no
rKaHyPar,sat14_9vliw_m_9stages_iq3_C1_bug8.cnf.primal.hgr,no,no,6,4,0.03,0.0148125,28830.8,cut,1928234,1868698,no
rKaHyPar,sat14_9vliw_m_9stages_iq3_C1_bug8.cnf.primal.hgr,no,yes,8,4,0.03,1,28800,cut,2147483647,2147483647,no
rKaHyPar,sat14_9vliw_m_9stages_iq3_C1_bug8.cnf.primal.hgr,no,yes,9,4,0.03,1,28800,cut,2147483647,2147483647,no
rKaHyPar,sat14_9vliw_m_9stages_iq3_C1_bug8.cnf.primal.hgr,no,yes,1,64,0.03,1,28800,cut,2147483647,2147483647,no
rKaHyPar,sat14_9vliw_m_9stages_iq3_C1_bug8.cnf.primal.hgr,no,yes,2,64,0.03,1,28800,cut,2147483647,2147483647,no
rKaHyPar,sat14_9vliw_m_9stages_iq3_C1_bug8.cnf.primal.hgr,no,yes,4,64,0.03,1,28800,cut,2147483647,2147483647,no
rKaHyPar,sat14_9vliw_m_9stages_iq3_C1_bug8.cnf.primal.hgr,no,yes,5,64,0.03,1,28800,cut,2147483647,2147483647,no
rKaHyPar,sat14_9vliw_m_9stages_iq3_C1_bug8.cnf.primal.hgr,no,yes,6,64,0.03,1,28800,cut,2147483647,2147483647,no
rKaHyPar,sat14_9vliw_m_9stages_iq3_C1_bug8.cnf.primal.hgr,no,yes,0,8,0.03,1,28800,cut,2147483647,2147483647,no
rKaHyPar,sat14_9vliw_m_9stages_iq3_C1_bug8.cnf.primal.hgr,no,yes,4,8,0.03,1,28800,cut,2147483647,2147483647,no
rKaHyPar,sat14_9vliw_m_9stages_iq3_C1_bug8.cnf.primal.hgr,no,yes,5,8,0.03,1,28800,cut,2147483647,2147483647,no
rKaHyPar,sat14_9vliw_m_9stages_iq3_C1_bug8.cnf.primal.hgr,no,yes,7,8,0.03,1,28800,cut,2147483647,2147483647,no
rKaHyPar,sat14_9vliw_m_9stages_iq3_C1_bug8.cnf.primal.hgr,no,yes,8,8,0.03,1,28800,cut,2147483647,2147483647,no
rKaHyPar,sat14_aaai10-planning-ipc5-pathways-17-step21.cnf.dual.hgr,no,no,0,128,0.03,0.0282275,31.9659,cut,44490,16859,no
rKaHyPar,sat14_aaai10-planning-ipc5-pathways-17-step21.cnf.dual.hgr,no,no,1,128,0.03,0.0298879,46.4912,cut,43631,16826,no
rKaHyPar,sat14_aaai10-planning-ipc5-pathways-17-step21.cnf.dual.hgr,no,no,2,128,0.03,0.0294728,45.6975,cut,45125,16776,no
rKaHyPar,sat14_aaai10-planning-ipc5-pathways-17-step21.cnf.dual.hgr,no,no,3,128,0.03,0.0298879,45.9103,cut,41761,16710,no
rKaHyPar,sat14_aaai10-planning-ipc5-pathways-17-step21.cnf.dual.hgr,no,no,6,128,0.03,0.0290577,32.6794,cut,43540,16985,no
rKaHyPar,sat14_aaai10-planning-ipc5-pathways-17-step21.cnf.dual.hgr,no,no,7,128,0.03,0.0294728,32.6074,cut,45152,16883,no
rKaHyPar,sat14_aaai10-planning-ipc5-pathways-17-step21.cnf.dual.hgr,no,no,8,128,0.03,0.0294728,32.5438,cut,42664,16800,no
rKaHyPar,sat14_aaai10-planning-ipc5-pathways-17-step21.cnf.dual.hgr,no,no,9,128,0.03,0.0294728,46.5149,cut,45710,16857,no
rKaHyPar,sat14_aaai10-planning-ipc5-pathways-17-step21.cnf.dual.hgr,no,no,0,16,0.03,0.0299507,22.4627,cut,6009,4164,no
rKaHyPar,sat14_aaai10-planning-ipc5-pathways-17-step21.cnf.dual.hgr,no,no,1,16,0.03,0.0299507,21.1526,cut,5987,4128,no
rKaHyPar,sat14_aaai10-planning-ipc5-pathways-17-step21.cnf.dual.hgr,no,no,3,16,0.03,0.0298469,29.1474,cut,5665,3865,no
rKaHyPar,sat14_aaai10-planning-ipc5-pathways-17-step21.cnf.dual.hgr,no,no,4,16,0.03,0.0298469,29.1008,cut,5511,3868,no
rKaHyPar,sat14_aaai10-planning-ipc5-pathways-17-step21.cnf.dual.hgr,no,no,5,16,0.03,0.0298988,32.6154,cut,5591,4224,no
rKaHyPar,sat14_aaai10-planning-ipc5-pathways-17-step21.cnf.dual.hgr,no,no,6,16,0.03,0.0298469,28.36,cut,5380,3763,no
rKaHyPar,sat14_aaai10-planning-ipc5-pathways-17-step21.cnf.dual.hgr,no,no,8,16,0.03,0.0299507,21.3958,cut,5686,3892,no
rKaHyPar,sat14_aaai10-planning-ipc5-pathways-17-step21.cnf.dual.hgr,no,no,9,16,0.03,0.0299507,28.7192,cut,5621,3850,no
rKaHyPar,sat14_aaai10-planning-ipc5-pathways-17-step21.cnf.dual.hgr,no,no,0,2,0.03,0.0297564,8.75141,cut,800,800,no
rKaHyPar,sat14_aaai10-planning-ipc5-pathways-17-step21.cnf.dual.hgr,no,no,1,2,0.03,0.0297564,6.18285,cut,800,800,no
rKaHyPar,sat14_aaai10-planning-ipc5-pathways-17-step21.cnf.dual.hgr,no,no,2,2,0.03,0.0297564,8.65863,cut,800,800,no
rKaHyPar,sat14_aaai10-planning-ipc5-pathways-17-step21.cnf.dual.hgr,no,no,3,2,0.03,0.0297564,6.23057,cut,800,800,no
rKaHyPar,sat14_aaai10-planning-ipc5-pathways-17-step21.cnf.dual.hgr,no,no,6,2,0.03,0.0260774,6.36225,cut,867,867,no
rKaHyPar,sat14_aaai10-planning-ipc5-pathways-17-step21.cnf.dual.hgr,no,no,7,2,0.03,0.0297564,8.68147,cut,800,800,no
rKaHyPar,sat14_aaai10-planning-ipc5-pathways-17-step21.cnf.dual.hgr,no,no,8,2,0.03,0.0297564,6.21144,cut,800,800,no
rKaHyPar,sat14_aaai10-planning-ipc5-pathways-17-step21.cnf.dual.hgr,no,no,9,2,0.03,0.028848,6.39945,cut,802,802,no
rKaHyPar,sat14_aaai10-planning-ipc5-pathways-17-step21.cnf.dual.hgr,no,no,0,32,0.03,0.0298972,42.9304,cut,12557,8989,no
rKaHyPar,sat14_aaai10-planning-ipc5-pathways-17-step21.cnf.dual.hgr,no,no,1,32,0.03,0.0298972,35.2292,cut,12395,8755,no
rKaHyPar,sat14_aaai10-planning-ipc5-pathways-17-step21.cnf.dual.hgr,no,no,3,32,0.03,0.0297934,39.6463,cut,11926,8047,no
rKaHyPar,sat14_aaai10-planning-ipc5-pathways-17-step21.cnf.dual.hgr,no,no,4,32,0.03,0.0297934,28.5828,cut,12550,8886,no
rKaHyPar,sat14_aaai10-planning-ipc5-pathways-17-step21.cnf.dual.hgr,no,no,5,32,0.03,0.0298972,39.3689,cut,12917,8802,no
rKaHyPar,sat14_aaai10-planning-ipc5-pathways-17-step21.cnf.dual.hgr,no,no,6,32,0.03,0.0297934,31.4277,cut,11334,8166,no
rKaHyPar,sat14_aaai10-planning-ipc5-pathways-17-step21.cnf.dual.hgr,no,no,9,32,0.03,0.0298972,32.4635,cut,12277,8663,no
rKaHyPar,sat14_aaai10-planning-ipc5-pathways-17-step21.cnf.dual.hgr,no,no,1,4,0.03,0.0274984,12.1483,cut,1508,1489,no
rKaHyPar,sat14_aaai10-planning-ipc5-pathways-17-step21.cnf.dual.hgr,no,no,2,4,0.03,0.0297305,17.4782,cut,1517,1511,no
rKaHyPar,sat14_aaai10-planning-ipc5-pathways-17-step21.cnf.dual.hgr,no,no,3,4,0.03,0.0297045,13.4167,cut,1511,1502,no
rKaHyPar,sat14_aaai10-planning-ipc5-pathways-17-step21.cnf.dual.hgr,no,no,4,4,0.03,0.0271999,17.8158,cut,1541,1514,no
rKaHyPar,sat14_aaai10-planning-ipc5-pathways-17-step21.cnf.dual.hgr,no,no,6,4,0.03,0.0293671,18.3294,cut,1569,1541,no
rKaHyPar,sat14_aaai10-planning-ipc5-pathways-17-step21.cnf.dual.hgr,no,no,8,4,0.03,0.0290297,17.9845,cut,1527,1521,no
rKaHyPar,sat14_aaai10-planning-ipc5-pathways-17-step21.cnf.dual.hgr,no,no,9,4,0.03,0.027758,12.627,cut,1558,1544,no
rKaHyPar,sat14_aaai10-planning-ipc5-pathways-17-step21.cnf.dual.hgr,no,no,1,64,0.03,0.0298941,44.0079,cut,25471,13416,no
rKaHyPar,sat14_aaai10-planning-ipc5-pathways-17-step21.cnf.dual.hgr,no,no,2,64,0.03,0.0296865,32.0972,cut,25769,13500,no
rKaHyPar,sat14_aaai10-planning-ipc5-pathways-17-step21.cnf.dual.hgr,no,no,4,64,0.03,0.0296865,43.9405,cut,24588,13004,no
rKaHyPar,sat14_aaai10-planning-ipc5-pathways-17-step21.cnf.dual.hgr,no,no,5,64,0.03,0.0290637,42.8432,cut,25681,13433,no
rKaHyPar,sat14_aaai10-planning-ipc5-pathways-17-step21.cnf.dual.hgr,no,no,6,64,0.03,0.0298941,42.5278,cut,24604,13357,no
rKaHyPar,sat14_aaai10-planning-ipc5-pathways-17-step21.cnf.dual.hgr,no,no,0,8,0.03,0.0296133,15.8403,cut,2732,2272,no
rKaHyPar,sat14_aaai10-planning-ipc5-pathways-17-step21.cnf.dual.hgr,no,no,1,8,0.03,0.0299766,16.6198,cut,3086,2593,no
rKaHyPar,sat14_aaai10-planning-ipc5-pathways-17-step21.cnf.dual.hgr,no,no,4,8,0.03,0.0292759,17.6742,cut,2941,2275,no
rKaHyPar,sat14_aaai10-planning-ipc5-pathways-17-step21.cnf.dual.hgr,no,no,5,8,0.03,0.0298728,15.5546,cut,3019,2337,no
rKaHyPar,sat14_aaai10-planning-ipc5-pathways-17-step21.cnf.dual.hgr,no,no,6,8,0.03,0.0236958,21.4857,cut,2923,2260,no
rKaHyPar,sat14_aaai10-planning-ipc5-pathways-17-step21.cnf.dual.hgr,no,no,7,8,0.03,0.029795,17.2346,cut,3092,2444,no
rKaHyPar,sat14_aaai10-planning-ipc5-pathways-17-step21.cnf.dual.hgr,no,no,8,8,0.03,0.0297431,22.9419,cut,3224,2630,no
rKaHyPar,sat14_aaai10-planning-ipc5-pathways-17-step21.cnf.hgr,no,no,0,128,0.03,0.029656,29.2778,cut,60054,55269,no
rKaHyPar,sat14_aaai10-planning-ipc5-pathways-17-step21.cnf.hgr,no,no,1,128,0.03,0.029656,43.0937,cut,60503,55886,no
rKaHyPar,sat14_aaai10-planning-ipc5-pathways-17-step21.cnf.hgr,no,no,2,128,0.03,0.029656,29.8673,cut,60791,55827,no
rKaHyPar,sat14_aaai10-planning-ipc5-pathways-17-step21.cnf.hgr,no,no,3,128,0.03,0.029656,42.5706,cut,61151,55676,no
rKaHyPar,sat14_aaai10-planning-ipc5-pathways-17-step21.cnf.hgr,no,no,5,128,0.03,0.029656,44.3276,cut,60923,56330,no
rKaHyPar,sat14_aaai10-planning-ipc5-pathways-17-step21.cnf.hgr,no,no,6,128,0.03,0.029656,29.8361,cut,61009,56145,no
rKaHyPar,sat14_aaai10-planning-ipc5-pathways-17-step21.cnf.hgr,no,no,7,128,0.03,0.029656,30.6273,cut,60041,55615,no
rKaHyPar,sat14_aaai10-planning-ipc5-pathways-17-step21.cnf.hgr,no,no,8,128,0.03,0.029656,30.7529,cut,62517,57320,no
rKaHyPar,sat14_aaai10-planning-ipc5-pathways-17-step21.cnf.hgr,no,no,9,128,0.03,0.029656,43.2347,cut,60965,56188,no
rKaHyPar,sat14_aaai10-planning-ipc5-pathways-17-step21.cnf.hgr,no,no,0,16,0.03,0.0299703,19.7044,cut,10828,10335,no
rKaHyPar,sat14_aaai10-planning-ipc5-pathways-17-step21.cnf.hgr,no,no,1,16,0.03,0.0299703,20.3128,cut,10728,10223,no
rKaHyPar,sat14_aaai10-planning-ipc5-pathways-17-step21.cnf.hgr,no,no,2,16,0.03,0.0299703,19.1639,cut,11070,10645,no
rKaHyPar,sat14_aaai10-planning-ipc5-pathways-17-step21.cnf.hgr,no,no,3,16,0.03,0.029822,28.8197,cut,10539,10173,no
rKaHyPar,sat14_aaai10-planning-ipc5-pathways-17-step21.cnf.hgr,no,no,4,16,0.03,0.0299703,27.8633,cut,10091,9656,no
rKaHyPar,sat14_aaai10-planning-ipc5-pathways-17-step21.cnf.hgr,no,no,5,16,0.03,0.0299703,27.2942,cut,10133,9764,no
rKaHyPar,sat14_aaai10-planning-ipc5-pathways-17-step21.cnf.hgr,no,no,6,16,0.03,0.0299703,19.0481,cut,10880,10315,no
rKaHyPar,sat14_aaai10-planning-ipc5-pathways-17-step21.cnf.hgr,no,no,8,16,0.03,0.029822,24.3869,cut,10829,10246,no
rKaHyPar,sat14_aaai10-planning-ipc5-pathways-17-step21.cnf.hgr,no,no,9,16,0.03,0.0299703,27.7879,cut,11035,10619,no
rKaHyPar,sat14_aaai10-planning-ipc5-pathways-17-step21.cnf.hgr,no,no,0,2,0.03,0.0058421,7.76923,cut,2143,2143,no
rKaHyPar,sat14_aaai10-planning-ipc5-pathways-17-step21.cnf.hgr,no,no,1,2,0.03,0.00237393,5.75821,cut,2129,2129,no
rKaHyPar,sat14_aaai10-planning-ipc5-pathways-17-step21.cnf.hgr,no,no,2,2,0.03,0,8.19674,cut,2128,2128,no
rKaHyPar,sat14_aaai10-planning-ipc5-pathways-17-step21.cnf.hgr,no,no,3,2,0.03,0,5.57901,cut,2129,2129,no
rKaHyPar,sat14_aaai10-planning-ipc5-pathways-17-step21.cnf.hgr,no,no,5,2,0.03,0,5.81504,cut,2130,2130,no
rKaHyPar,sat14_aaai10-planning-ipc5-pathways-17-step21.cnf.hgr,no,no,6,2,0.03,0.0035238,5.78755,cut,2129,2129,no
rKaHyPar,sat14_aaai10-planning-ipc5-pathways-17-step21.cnf.hgr,no,no,7,2,0.03,0.00248521,7.94407,cut,2131,2131,no
rKaHyPar,sat14_aaai10-planning-ipc5-pathways-17-step21.cnf.hgr,no,no,8,2,0.03,0,5.57657,cut,2128,2128,no
rKaHyPar,sat14_aaai10-planning-ipc5-pathways-17-step21.cnf.hgr,no,no,9,2,0.03,0.00524861,5.90185,cut,2136,2136,no
rKaHyPar,sat14_aaai10-planning-ipc5-pathways-17-step21.cnf.hgr,no,no,0,32,0.03,0.0299703,29.6205,cut,15313,14142,no
rKaHyPar,sat14_aaai10-planning-ipc5-pathways-17-step21.cnf.hgr,no,no,1,32,0.03,0.0299703,21.4296,cut,15344,13965,no
rKaHyPar,sat14_aaai10-planning-ipc5-pathways-17-step21.cnf.hgr,no,no,3,32,0.03,0.0299703,31.6946,cut,16799,15449,no
rKaHyPar,sat14_aaai10-planning-ipc5-pathways-17-step21.cnf.hgr,no,no,4,32,0.03,0.0299703,31.0765,cut,18137,16994,no
rKaHyPar,sat14_aaai10-planning-ipc5-pathways-17-step21.cnf.hgr,no,no,5,32,0.03,0.0299703,30.6526,cut,15194,14011,no
rKaHyPar,sat14_aaai10-planning-ipc5-pathways-17-step21.cnf.hgr,no,no,6,32,0.03,0.0299703,21.2169,cut,15156,13831,no
rKaHyPar,sat14_aaai10-planning-ipc5-pathways-17-step21.cnf.hgr,no,no,7,32,0.03,0.0296736,21.4783,cut,15460,14140,no
rKaHyPar,sat14_aaai10-planning-ipc5-pathways-17-step21.cnf.hgr,no,no,9,32,0.03,0.0299703,23.2456,cut,17218,15848,no
rKaHyPar,sat14_aaai10-planning-ipc5-pathways-17-step21.cnf.hgr,no,no,1,4,0.03,0.0297107,10.5757,cut,3823,3650,no
rKaHyPar,sat14_aaai10-planning-ipc5-pathways-17-step21.cnf.hgr,no,no,2,4,0.03,0.0297849,15.4231,cut,3943,3740,no
rKaHyPar,sat14_aaai10-planning-ipc5-pathways-17-step21.cnf.hgr,no,no,3,4,0.03,0.0288576,10.1531,cut,3676,3627,no
rKaHyPar,sat14_aaai10-planning-ipc5-pathways-17-step21.cnf.hgr,no,no,4,4,0.03,0.0285237,10.1959,cut,3741,3624,no
rKaHyPar,sat14_aaai10-planning-ipc5-pathways-17-step21.cnf.hgr,no,no,6,4,0.03,0.0146884,14.5851,cut,3732,3731,no
rKaHyPar,sat14_aaai10-planning-ipc5-pathways-17-step21.cnf.hgr,no,no,7,4,0.03,0.0295252,14.6778,cut,3795,3654,no
rKaHyPar,sat14_aaai10-planning-ipc5-pathways-17-step21.cnf.hgr,no,no,8,4,0.03,0.0297107,14.3631,cut,3788,3647,no
rKaHyPar,sat14_aaai10-planning-ipc5-pathways-17-step21.cnf.hgr,no,no,9,4,0.03,0.0299332,11.8642,cut,4204,4025,no
rKaHyPar,sat14_aaai10-planning-ipc5-pathways-17-step21.cnf.hgr,no,no,0,64,0.03,0.0296736,26.2529,cut,34511,31705,no
rKaHyPar,sat14_aaai10-planning-ipc5-pathways-17-step21.cnf.hgr,no,no,1,64,0.03,0.0296736,36.2621,cut,32421,29980,no
rKaHyPar,sat14_aaai10-planning-ipc5-pathways-17-step21.cnf.hgr,no,no,2,64,0.03,0.0296736,28.2101,cut,32330,29655,no
rKaHyPar,sat14_aaai10-planning-ipc5-pathways-17-step21.cnf.hgr,no,no,3,64,0.03,0.0296736,38.4531,cut,33280,30562,no
rKaHyPar,sat14_aaai10-planning-ipc5-pathways-17-step21.cnf.hgr,no,no,4,64,0.03,0.0296736,38.9887,cut,35896,33265,no
rKaHyPar,sat14_aaai10-planning-ipc5-pathways-17-step21.cnf.hgr,no,no,5,64,0.03,0.0296736,40.5123,cut,33457,31022,no
rKaHyPar,sat14_aaai10-planning-ipc5-pathways-17-step21.cnf.hgr,no,no,6,64,0.03,0.0296736,36.2639,cut,34221,31379,no
rKaHyPar,sat14_aaai10-planning-ipc5-pathways-17-step21.cnf.hgr,no,no,9,64,0.03,0.0296736,39.5084,cut,30412,27982,no
rKaHyPar,sat14_aaai10-planning-ipc5-pathways-17-step21.cnf.hgr,no,no,0,8,0.03,0.0298961,14.6828,cut,6834,6618,no
rKaHyPar,sat14_aaai10-planning-ipc5-pathways-17-step21.cnf.hgr,no,no,3,8,0.03,0.0151335,20.2154,cut,6727,6617,no
rKaHyPar,sat14_aaai10-planning-ipc5-pathways-17-step21.cnf.hgr,no,no,4,8,0.03,0.0299703,14.0843,cut,6302,6096,no
rKaHyPar,sat14_aaai10-planning-ipc5-pathways-17-step21.cnf.hgr,no,no,5,8,0.03,0.0189169,14.0252,cut,6220,6100,no
rKaHyPar,sat14_aaai10-planning-ipc5-pathways-17-step21.cnf.hgr,no,no,6,8,0.03,0.0106083,19.6264,cut,6240,6192,no
rKaHyPar,sat14_aaai10-planning-ipc5-pathways-17-step21.cnf.hgr,no,no,7,8,0.03,0.0299703,14.0375,cut,6599,6425,no
rKaHyPar,sat14_aaai10-planning-ipc5-pathways-17-step21.cnf.hgr,no,no,8,8,0.03,0.0215134,23.6018,cut,6934,6686,no
rKaHyPar,sat14_aaai10-planning-ipc5-pathways-17-step21.cnf.hgr,no,no,9,8,0.03,0.0299703,20.537,cut,7131,6910,no
rKaHyPar,sat14_aaai10-planning-ipc5-pathways-17-step21.cnf.primal.hgr,no,no,0,128,0.03,0.028436,24.1406,cut,85011,81199,no
rKaHyPar,sat14_aaai10-planning-ipc5-pathways-17-step21.cnf.primal.hgr,no,no,1,128,0.03,0.028436,34.2118,cut,85285,81434,no
rKaHyPar,sat14_aaai10-planning-ipc5-pathways-17-step21.cnf.primal.hgr,no,no,2,128,0.03,0.028436,33.5215,cut,84836,81408,no
rKaHyPar,sat14_aaai10-planning-ipc5-pathways-17-step21.cnf.primal.hgr,no,no,3,128,0.03,0.028436,35.1258,cut,85115,81246,no
rKaHyPar,sat14_aaai10-planning-ipc5-pathways-17-step21.cnf.primal.hgr,no,no,5,128,0.03,0.028436,34.6007,cut,85728,81828,no
rKaHyPar,sat14_aaai10-planning-ipc5-pathways-17-step21.cnf.primal.hgr,no,no,6,128,0.03,0.028436,24.1879,cut,84845,81056,no
rKaHyPar,sat14_aaai10-planning-ipc5-pathways-17-step21.cnf.primal.hgr,no,no,7,128,0.03,0.028436,23.929,cut,85214,81389,no
rKaHyPar,sat14_aaai10-planning-ipc5-pathways-17-step21.cnf.primal.hgr,no,no,8,128,0.03,0.028436,34.7431,cut,85191,81030,no
rKaHyPar,sat14_aaai10-planning-ipc5-pathways-17-step21.cnf.primal.hgr,no,no,9,128,0.03,0.028436,35.301,cut,85055,81227,no
rKaHyPar,sat14_aaai10-planning-ipc5-pathways-17-step21.cnf.primal.hgr,no,no,0,16,0.03,0.0299703,15.1479,cut,14283,14128,no
rKaHyPar,sat14_aaai10-planning-ipc5-pathways-17-step21.cnf.primal.hgr,no,no,1,16,0.03,0.0299703,15.4741,cut,14185,14048,no
rKaHyPar,sat14_aaai10-planning-ipc5-pathways-17-step21.cnf.primal.hgr,no,no,2,16,0.03,0.0299703,14.0003,cut,15239,15069,no
rKaHyPar,sat14_aaai10-planning-ipc5-pathways-17-step21.cnf.primal.hgr,no,no,3,16,0.03,0.0299703,21.7854,cut,14861,14673,no
rKaHyPar,sat14_aaai10-planning-ipc5-pathways-17-step21.cnf.primal.hgr,no,no,4,16,0.03,0.0299703,21.5039,cut,13761,13676,no
rKaHyPar,sat14_aaai10-planning-ipc5-pathways-17-step21.cnf.primal.hgr,no,no,5,16,0.03,0.0299703,22.9988,cut,15189,15042,no
rKaHyPar,sat14_aaai10-planning-ipc5-pathways-17-step21.cnf.primal.hgr,no,no,6,16,0.03,0.0299703,20.2385,cut,14912,14730,no
rKaHyPar,sat14_aaai10-planning-ipc5-pathways-17-step21.cnf.primal.hgr,no,no,8,16,0.03,0.0299703,21.1775,cut,14154,14044,no
rKaHyPar,sat14_aaai10-planning-ipc5-pathways-17-step21.cnf.primal.hgr,no,no,9,16,0.03,0.0299703,21.9154,cut,14070,13962,no
rKaHyPar,sat14_aaai10-planning-ipc5-pathways-17-step21.cnf.primal.hgr,no,no,0,2,0.03,0.0298961,6.98356,cut,2450,2450,no
rKaHyPar,sat14_aaai10-planning-ipc5-pathways-17-step21.cnf.primal.hgr,no,no,1,2,0.03,0.0298961,4.83554,cut,2465,2465,no
rKaHyPar,sat14_aaai10-planning-ipc5-pathways-17-step21.cnf.primal.hgr,no,no,2,2,0.03,0.0299703,7.97435,cut,2990,2990,no
rKaHyPar,sat14_aaai10-planning-ipc5-pathways-17-step21.cnf.primal.hgr,no,no,3,2,0.03,0.0294139,4.67245,cut,2465,2465,no
rKaHyPar,sat14_aaai10-planning-ipc5-pathways-17-step21.cnf.primal.hgr,no,no,5,2,0.03,0.0298961,5.18228,cut,2518,2518,no
rKaHyPar,sat14_aaai10-planning-ipc5-pathways-17-step21.cnf.primal.hgr,no,no,6,2,0.03,0.0299703,4.71927,cut,2465,2465,no
rKaHyPar,sat14_aaai10-planning-ipc5-pathways-17-step21.cnf.primal.hgr,no,no,7,2,0.03,0.0299332,7.1462,cut,2506,2506,no
rKaHyPar,sat14_aaai10-planning-ipc5-pathways-17-step21.cnf.primal.hgr,no,no,8,2,0.03,0.0294139,4.67273,cut,2465,2465,no
rKaHyPar,sat14_aaai10-planning-ipc5-pathways-17-step21.cnf.primal.hgr,no,no,9,2,0.03,0.0283012,4.67885,cut,2497,2497,no
rKaHyPar,sat14_aaai10-planning-ipc5-pathways-17-step21.cnf.primal.hgr,no,no,0,32,0.03,0.0296736,24.6838,cut,22818,22130,no
rKaHyPar,sat14_aaai10-planning-ipc5-pathways-17-step21.cnf.primal.hgr,no,no,1,32,0.03,0.0296736,17.9171,cut,23138,22435,no
rKaHyPar,sat14_aaai10-planning-ipc5-pathways-17-step21.cnf.primal.hgr,no,no,3,32,0.03,0.0296736,24.7333,cut,23168,22553,no
rKaHyPar,sat14_aaai10-planning-ipc5-pathways-17-step21.cnf.primal.hgr,no,no,4,32,0.03,0.0296736,25.2915,cut,22566,21951,no
rKaHyPar,sat14_aaai10-planning-ipc5-pathways-17-step21.cnf.primal.hgr,no,no,5,32,0.03,0.0296736,25.2092,cut,23199,22396,no
rKaHyPar,sat14_aaai10-planning-ipc5-pathways-17-step21.cnf.primal.hgr,no,no,6,32,0.03,0.0296736,17.3999,cut,23153,22695,no
rKaHyPar,sat14_aaai10-planning-ipc5-pathways-17-step21.cnf.primal.hgr,no,no,7,32,0.03,0.0296736,17.9818,cut,22700,22142,no
rKaHyPar,sat14_aaai10-planning-ipc5-pathways-17-step21.cnf.primal.hgr,no,no,9,32,0.03,0.0296736,17.524,cut,23082,22565,no
rKaHyPar,sat14_aaai10-planning-ipc5-pathways-17-step21.cnf.primal.hgr,no,no,1,4,0.03,0.0299703,9.48354,cut,4335,4335,no
rKaHyPar,sat14_aaai10-planning-ipc5-pathways-17-step21.cnf.primal.hgr,no,no,2,4,0.03,0.0296736,13.2761,cut,4370,4370,no
rKaHyPar,sat14_aaai10-planning-ipc5-pathways-17-step21.cnf.primal.hgr,no,no,3,4,0.03,0.0293769,9.6667,cut,4367,4367,no
rKaHyPar,sat14_aaai10-planning-ipc5-pathways-17-step21.cnf.primal.hgr,no,no,4,4,0.03,0.0299703,16.1201,cut,4892,4883,no
rKaHyPar,sat14_aaai10-planning-ipc5-pathways-17-step21.cnf.primal.hgr,no,no,6,4,0.03,0.0249258,13.8698,cut,4401,4401,no
rKaHyPar,sat14_aaai10-planning-ipc5-pathways-17-step21.cnf.primal.hgr,no,no,7,4,0.03,0.0244807,13.4287,cut,4326,4326,no
rKaHyPar,sat14_aaai10-planning-ipc5-pathways-17-step21.cnf.primal.hgr,no,no,8,4,0.03,0.0296736,14.0339,cut,4326,4322,no
rKaHyPar,sat14_aaai10-planning-ipc5-pathways-17-step21.cnf.primal.hgr,no,no,9,4,0.03,0.0299703,9.79753,cut,4368,4364,no
rKaHyPar,sat14_aaai10-planning-ipc5-pathways-17-step21.cnf.primal.hgr,no,no,0,64,0.03,0.029656,23.5959,cut,57054,55593,no
rKaHyPar,sat14_aaai10-planning-ipc5-pathways-17-step21.cnf.primal.hgr,no,no,1,64,0.03,0.029656,31.2177,cut,58090,56257,no
rKaHyPar,sat14_aaai10-planning-ipc5-pathways-17-step21.cnf.primal.hgr,no,no,2,64,0.03,0.029656,22.8802,cut,57236,55810,no
rKaHyPar,sat14_aaai10-planning-ipc5-pathways-17-step21.cnf.primal.hgr,no,no,3,64,0.03,0.029656,32.0496,cut,57242,55873,no
rKaHyPar,sat14_aaai10-planning-ipc5-pathways-17-step21.cnf.primal.hgr,no,no,4,64,0.03,0.029656,32.2835,cut,58234,56605,no
rKaHyPar,sat14_aaai10-planning-ipc5-pathways-17-step21.cnf.primal.hgr,no,no,5,64,0.03,0.029656,32.2244,cut,57427,55767,no
rKaHyPar,sat14_aaai10-planning-ipc5-pathways-17-step21.cnf.primal.hgr,no,no,6,64,0.03,0.029656,33.5973,cut,57320,55841,no
rKaHyPar,sat14_aaai10-planning-ipc5-pathways-17-step21.cnf.primal.hgr,no,no,9,64,0.03,0.029656,31.1332,cut,56406,55035,no
rKaHyPar,sat14_aaai10-planning-ipc5-pathways-17-step21.cnf.primal.hgr,no,no,0,8,0.03,0.0299703,15.2549,cut,9297,9280,no
rKaHyPar,sat14_aaai10-planning-ipc5-pathways-17-step21.cnf.primal.hgr,no,no,1,8,0.03,0.0299703,12.3704,cut,8911,8906,no
rKaHyPar,sat14_aaai10-planning-ipc5-pathways-17-step21.cnf.primal.hgr,no,no,3,8,0.03,0.0299703,19.6678,cut,8195,8187,no
rKaHyPar,sat14_aaai10-planning-ipc5-pathways-17-step21.cnf.primal.hgr,no,no,4,8,0.03,0.0299703,11.8542,cut,8978,8947,no
rKaHyPar,sat14_aaai10-planning-ipc5-pathways-17-step21.cnf.primal.hgr,no,no,5,8,0.03,0.0299703,14.2437,cut,9542,9532,no
rKaHyPar,sat14_aaai10-planning-ipc5-pathways-17-step21.cnf.primal.hgr,no,no,6,8,0.03,0.0299703,19.0105,cut,9248,9215,no
rKaHyPar,sat14_aaai10-planning-ipc5-pathways-17-step21.cnf.primal.hgr,no,no,7,8,0.03,0.0299703,14.2417,cut,8713,8692,no
rKaHyPar,sat14_aaai10-planning-ipc5-pathways-17-step21.cnf.primal.hgr,no,no,8,8,0.03,0.0299703,16.9149,cut,9028,9013,no
rKaHyPar,sat14_aaai10-planning-ipc5-pathways-17-step21.cnf.primal.hgr,no,no,9,8,0.03,0.0299703,16.8473,cut,8635,8631,no
rKaHyPar,sat14_ACG-20-10p1.cnf.dual.hgr,no,no,0,128,0.03,0.0283744,137.82,cut,58332,13482,no
rKaHyPar,sat14_ACG-20-10p1.cnf.dual.hgr,no,no,1,128,0.03,0.0273554,192.316,cut,56854,13761,no
rKaHyPar,sat14_ACG-20-10p1.cnf.dual.hgr,no,no,2,128,0.03,0.0297852,139.838,cut,58538,13764,no
rKaHyPar,sat14_ACG-20-10p1.cnf.dual.hgr,no,no,3,128,0.03,0.0282176,192.918,cut,58480,13501,no
rKaHyPar,sat14_ACG-20-10p1.cnf.dual.hgr,no,no,4,128,0.03,0.0278257,192.21,cut,55604,13882,no
rKaHyPar,sat14_ACG-20-10p1.cnf.dual.hgr,no,no,5,128,0.03,0.0292366,193.163,cut,55891,13691,no
rKaHyPar,sat14_ACG-20-10p1.cnf.dual.hgr,no,no,6,128,0.03,0.029942,138.56,cut,55579,13529,no
rKaHyPar,sat14_ACG-20-10p1.cnf.dual.hgr,no,no,7,128,0.03,0.0297852,192.905,cut,51597,13381,no
rKaHyPar,sat14_ACG-20-10p1.cnf.dual.hgr,no,no,8,128,0.03,0.0296285,139.431,cut,54692,14281,no
rKaHyPar,sat14_ACG-20-10p1.cnf.dual.hgr,no,no,9,128,0.03,0.0293933,194.181,cut,54716,14715,no
rKaHyPar,sat14_ACG-20-10p1.cnf.dual.hgr,no,no,0,16,0.03,0.0296893,115.379,cut,14289,8806,no
rKaHyPar,sat14_ACG-20-10p1.cnf.dual.hgr,no,no,1,16,0.03,0.0292092,122.099,cut,13980,8642,no
rKaHyPar,sat14_ACG-20-10p1.cnf.dual.hgr,no,no,2,16,0.03,0.0206845,127.612,cut,16473,8777,no
rKaHyPar,sat14_ACG-20-10p1.cnf.dual.hgr,no,no,3,16,0.03,0.0297285,173.821,cut,13380,8477,no
rKaHyPar,sat14_ACG-20-10p1.cnf.dual.hgr,no,no,4,16,0.03,0.0299832,165.085,cut,15025,8663,no
rKaHyPar,sat14_ACG-20-10p1.cnf.dual.hgr,no,no,5,16,0.03,0.0294443,185.399,cut,14966,8507,no
rKaHyPar,sat14_ACG-20-10p1.cnf.dual.hgr,no,no,6,16,0.03,0.0285527,119.591,cut,15465,8631,no
rKaHyPar,sat14_ACG-20-10p1.cnf.dual.hgr,no,no,7,16,0.03,0.0281411,162.269,cut,15799,8550,no
rKaHyPar,sat14_ACG-20-10p1.cnf.dual.hgr,no,no,8,16,0.03,0.0286996,155.838,cut,13934,8569,no
rKaHyPar,sat14_ACG-20-10p1.cnf.dual.hgr,no,no,9,16,0.03,0.0291994,176.404,cut,12878,8699,no
rKaHyPar,sat14_ACG-20-10p1.cnf.dual.hgr,no,no,0,2,0.03,0.0299025,142.779,cut,1379,1379,no
rKaHyPar,sat14_ACG-20-10p1.cnf.dual.hgr,no,no,1,2,0.03,0.0147075,42.6133,cut,1058,1058,no
rKaHyPar,sat14_ACG-20-10p1.cnf.dual.hgr,no,no,2,2,0.03,0.0271479,387.358,cut,1704,1704,no
rKaHyPar,sat14_ACG-20-10p1.cnf.dual.hgr,no,no,3,2,0.03,0.0147075,41.6054,cut,1058,1058,no
rKaHyPar,sat14_ACG-20-10p1.cnf.dual.hgr,no,no,4,2,0.03,0.0299956,112.418,cut,1299,1299,no
rKaHyPar,sat14_ACG-20-10p1.cnf.dual.hgr,no,no,5,2,0.03,0.0147075,44.5472,cut,1058,1058,no
rKaHyPar,sat14_ACG-20-10p1.cnf.dual.hgr,no,no,6,2,0.03,0.0147075,98.2439,cut,1058,1058,no
rKaHyPar,sat14_ACG-20-10p1.cnf.dual.hgr,no,no,7,2,0.03,0.0257798,105.868,cut,1271,1271,no
rKaHyPar,sat14_ACG-20-10p1.cnf.dual.hgr,no,no,8,2,0.03,0.0258055,115.995,cut,1370,1370,no
rKaHyPar,sat14_ACG-20-10p1.cnf.dual.hgr,no,no,9,2,0.03,0.0299748,196.278,cut,1252,1252,no
rKaHyPar,sat14_ACG-20-10p1.cnf.dual.hgr,no,no,0,32,0.03,0.029885,175.614,cut,23211,11414,no
rKaHyPar,sat14_ACG-20-10p1.cnf.dual.hgr,no,no,1,32,0.03,0.0282584,124.947,cut,22194,11091,no
rKaHyPar,sat14_ACG-20-10p1.cnf.dual.hgr,no,no,3,32,0.03,0.0256521,125.639,cut,23399,10984,no
rKaHyPar,sat14_ACG-20-10p1.cnf.dual.hgr,no,no,4,32,0.03,0.0295714,170.424,cut,24107,11043,no
rKaHyPar,sat14_ACG-20-10p1.cnf.dual.hgr,no,no,5,32,0.03,0.029689,171.501,cut,22910,11063,no
rKaHyPar,sat14_ACG-20-10p1.cnf.dual.hgr,no,no,6,32,0.03,0.029885,122.139,cut,26264,10682,no
rKaHyPar,sat14_ACG-20-10p1.cnf.dual.hgr,no,no,7,32,0.03,0.0280233,128.861,cut,24768,10783,no
rKaHyPar,sat14_ACG-20-10p1.cnf.dual.hgr,no,no,9,32,0.03,0.0289835,124.068,cut,22442,11036,no
rKaHyPar,sat14_ACG-20-10p1.cnf.dual.hgr,no,no,0,4,0.03,0.027421,128.58,cut,3536,2742,no
rKaHyPar,sat14_ACG-20-10p1.cnf.dual.hgr,no,no,1,4,0.03,0.0297678,118.095,cut,3278,2790,no
rKaHyPar,sat14_ACG-20-10p1.cnf.dual.hgr,no,no,2,4,0.03,0.0299931,175.773,cut,3830,2902,no
rKaHyPar,sat14_ACG-20-10p1.cnf.dual.hgr,no,no,3,4,0.03,0.0287928,142.122,cut,2969,2843,no
rKaHyPar,sat14_ACG-20-10p1.cnf.dual.hgr,no,no,4,4,0.03,0.0293562,107.98,cut,3518,2744,no
rKaHyPar,sat14_ACG-20-10p1.cnf.dual.hgr,no,no,6,4,0.03,0.029464,96.5697,cut,3661,3015,no
rKaHyPar,sat14_ACG-20-10p1.cnf.dual.hgr,no,no,7,4,0.03,0.0299833,188.441,cut,3233,3046,no
rKaHyPar,sat14_ACG-20-10p1.cnf.dual.hgr,no,no,8,4,0.03,0.0297898,171.02,cut,3640,2801,no
rKaHyPar,sat14_ACG-20-10p1.cnf.dual.hgr,no,no,9,4,0.03,0.0276782,250.09,cut,4113,3020,no
rKaHyPar,sat14_ACG-20-10p1.cnf.dual.hgr,no,no,0,64,0.03,0.0294337,130.232,cut,36359,12394,no
rKaHyPar,sat14_ACG-20-10p1.cnf.dual.hgr,no,no,1,64,0.03,0.028885,175.623,cut,37052,12428,no
rKaHyPar,sat14_ACG-20-10p1.cnf.dual.hgr,no,no,2,64,0.03,0.0273956,128.97,cut,38825,12190,no
rKaHyPar,sat14_ACG-20-10p1.cnf.dual.hgr,no,no,3,64,0.03,0.0295121,175.859,cut,41415,12355,no
rKaHyPar,sat14_ACG-20-10p1.cnf.dual.hgr,no,no,4,64,0.03,0.0281795,182.772,cut,37792,13189,no
rKaHyPar,sat14_ACG-20-10p1.cnf.dual.hgr,no,no,5,64,0.03,0.0289634,180.407,cut,37704,12257,no
rKaHyPar,sat14_ACG-20-10p1.cnf.dual.hgr,no,no,6,64,0.03,0.0238291,178.813,cut,38897,12477,no
rKaHyPar,sat14_ACG-20-10p1.cnf.dual.hgr,no,no,8,64,0.03,0.0297472,179.387,cut,38216,12831,no
rKaHyPar,sat14_ACG-20-10p1.cnf.dual.hgr,no,no,9,64,0.03,0.0242994,181.402,cut,34378,12559,no
rKaHyPar,sat14_ACG-20-10p1.cnf.dual.hgr,no,no,0,8,0.03,0.0287339,137.365,cut,7812,5484,no
rKaHyPar,sat14_ACG-20-10p1.cnf.dual.hgr,no,no,2,8,0.03,0.0294884,186.453,cut,8161,5605,no
rKaHyPar,sat14_ACG-20-10p1.cnf.dual.hgr,no,no,3,8,0.03,0.0299392,210.978,cut,8249,5497,no
rKaHyPar,sat14_ACG-20-10p1.cnf.dual.hgr,no,no,4,8,0.03,0.0284155,127.713,cut,9042,5661,no
rKaHyPar,sat14_ACG-20-10p1.cnf.dual.hgr,no,no,5,8,0.03,0.0272348,164.075,cut,7677,5438,no
rKaHyPar,sat14_ACG-20-10p1.cnf.dual.hgr,no,no,6,8,0.03,0.027465,171.807,cut,9840,5872,no
rKaHyPar,sat14_ACG-20-10p1.cnf.dual.hgr,no,no,7,8,0.03,0.0249909,163.344,cut,7287,5211,no
rKaHyPar,sat14_ACG-20-10p1.cnf.dual.hgr,no,no,8,8,0.03,0.0279599,134.773,cut,7920,5774,no
rKaHyPar,sat14_ACG-20-10p1.cnf.dual.hgr,no,no,9,8,0.03,0.0279795,216.359,cut,7477,5643,no
rKaHyPar,sat14_ACG-20-10p1.cnf.hgr,no,no,0,128,0.03,0.0298407,224.511,cut,69194,66961,no
rKaHyPar,sat14_ACG-20-10p1.cnf.hgr,no,no,1,128,0.03,0.0298407,314.617,cut,68483,66016,no
rKaHyPar,sat14_ACG-20-10p1.cnf.hgr,no,no,2,128,0.03,0.0298407,315.293,cut,71660,69206,no
rKaHyPar,sat14_ACG-20-10p1.cnf.hgr,no,no,3,128,0.03,0.0298407,322.137,cut,68927,67098,no
rKaHyPar,sat14_ACG-20-10p1.cnf.hgr,no,no,4,128,0.03,0.0298407,319.681,cut,70517,68493,no
rKaHyPar,sat14_ACG-20-10p1.cnf.hgr,no,no,5,128,0.03,0.0298407,307.944,cut,71934,69335,no
rKaHyPar,sat14_ACG-20-10p1.cnf.hgr,no,no,6,128,0.03,0.0298407,229.203,cut,71013,68118,no
rKaHyPar,sat14_ACG-20-10p1.cnf.hgr,no,no,7,128,0.03,0.0298407,311.947,cut,71944,69190,no
rKaHyPar,sat14_ACG-20-10p1.cnf.hgr,no,no,8,128,0.03,0.0298407,318.112,cut,70650,67954,no
rKaHyPar,sat14_ACG-20-10p1.cnf.hgr,no,no,9,128,0.03,0.0298407,306.163,cut,68519,66307,no
rKaHyPar,sat14_ACG-20-10p1.cnf.hgr,no,no,0,16,0.03,0.0299912,225.923,cut,25057,24963,no
rKaHyPar,sat14_ACG-20-10p1.cnf.hgr,no,no,1,16,0.03,0.0299912,199.583,cut,25459,25308,no
rKaHyPar,sat14_ACG-20-10p1.cnf.hgr,no,no,2,16,0.03,0.0274553,205.382,cut,25407,25263,no
rKaHyPar,sat14_ACG-20-10p1.cnf.hgr,no,no,3,16,0.03,0.0299493,310.001,cut,25295,25175,no
rKaHyPar,sat14_ACG-20-10p1.cnf.hgr,no,no,4,16,0.03,0.0299283,275.516,cut,24975,24830,no
rKaHyPar,sat14_ACG-20-10p1.cnf.hgr,no,no,5,16,0.03,0.0287337,270.268,cut,25145,25043,no
rKaHyPar,sat14_ACG-20-10p1.cnf.hgr,no,no,6,16,0.03,0.0299283,275.537,cut,25455,25328,no
rKaHyPar,sat14_ACG-20-10p1.cnf.hgr,no,no,7,16,0.03,0.0299493,340.73,cut,25274,25143,no
rKaHyPar,sat14_ACG-20-10p1.cnf.hgr,no,no,8,16,0.03,0.0264073,278.952,cut,25255,25186,no
rKaHyPar,sat14_ACG-20-10p1.cnf.hgr,no,no,9,16,0.03,0.0263235,262.516,cut,25080,24974,no
rKaHyPar,sat14_ACG-20-10p1.cnf.hgr,no,no,0,2,0.03,0.00944177,154.522,cut,3157,3157,no
rKaHyPar,sat14_ACG-20-10p1.cnf.hgr,no,no,1,2,0.03,0.00958324,70.0373,cut,3157,3157,no
rKaHyPar,sat14_ACG-20-10p1.cnf.hgr,no,no,2,2,0.03,0.00944177,103.455,cut,3157,3157,no
rKaHyPar,sat14_ACG-20-10p1.cnf.hgr,no,no,3,2,0.03,0.00944177,88.1506,cut,3157,3157,no
rKaHyPar,sat14_ACG-20-10p1.cnf.hgr,no,no,4,2,0.03,0.00958324,120.716,cut,3157,3157,no
rKaHyPar,sat14_ACG-20-10p1.cnf.hgr,no,no,5,2,0.03,0.00959896,83.2034,cut,3157,3157,no
rKaHyPar,sat14_ACG-20-10p1.cnf.hgr,no,no,6,2,0.03,0.00944177,70.2124,cut,3157,3157,no
rKaHyPar,sat14_ACG-20-10p1.cnf.hgr,no,no,7,2,0.03,0.00958324,78.5688,cut,3157,3157,no
rKaHyPar,sat14_ACG-20-10p1.cnf.hgr,no,no,8,2,0.03,0.00944177,87.5854,cut,3157,3157,no
rKaHyPar,sat14_ACG-20-10p1.cnf.hgr,no,no,9,2,0.03,0.00944177,65.5457,cut,3157,3157,no
rKaHyPar,sat14_ACG-20-10p1.cnf.hgr,no,no,0,32,0.03,0.0299702,280.406,cut,35728,35498,no
rKaHyPar,sat14_ACG-20-10p1.cnf.hgr,no,no,1,32,0.03,0.0298445,207.509,cut,35351,35025,no
rKaHyPar,sat14_ACG-20-10p1.cnf.hgr,no,no,3,32,0.03,0.0299702,280.454,cut,36545,36213,no
rKaHyPar,sat14_ACG-20-10p1.cnf.hgr,no,no,4,32,0.03,0.0299283,296.519,cut,34822,34591,no
rKaHyPar,sat14_ACG-20-10p1.cnf.hgr,no,no,5,32,0.03,0.0299702,284.603,cut,36057,35760,no
rKaHyPar,sat14_ACG-20-10p1.cnf.hgr,no,no,6,32,0.03,0.0299702,211.2,cut,36011,35674,no
rKaHyPar,sat14_ACG-20-10p1.cnf.hgr,no,no,7,32,0.03,0.0299702,196.234,cut,35899,35588,no
rKaHyPar,sat14_ACG-20-10p1.cnf.hgr,no,no,9,32,0.03,0.0298864,192.459,cut,36087,35773,no
rKaHyPar,sat14_ACG-20-10p1.cnf.hgr,no,no,0,4,0.03,0.0299915,235.404,cut,7875,7875,no
rKaHyPar,sat14_ACG-20-10p1.cnf.hgr,no,no,1,4,0.03,0.0276337,161.22,cut,7923,7921,no
rKaHyPar,sat14_ACG-20-10p1.cnf.hgr,no,no,2,4,0.03,0.0276023,241.523,cut,7923,7921,no
rKaHyPar,sat14_ACG-20-10p1.cnf.hgr,no,no,3,4,0.03,0.0279376,180.797,cut,8175,8169,no
rKaHyPar,sat14_ACG-20-10p1.cnf.hgr,no,no,4,4,0.03,0.0282205,257.926,cut,8020,8013,no
rKaHyPar,sat14_ACG-20-10p1.cnf.hgr,no,no,6,4,0.03,0.0289593,288.783,cut,7906,7902,no
rKaHyPar,sat14_ACG-20-10p1.cnf.hgr,no,no,7,4,0.03,0.0279376,320.29,cut,8395,8388,no
rKaHyPar,sat14_ACG-20-10p1.cnf.hgr,no,no,8,4,0.03,0.0267115,243.176,cut,8037,8032,no
rKaHyPar,sat14_ACG-20-10p1.cnf.hgr,no,no,9,4,0.03,0.0273927,296.734,cut,7452,7419,no
rKaHyPar,sat14_ACG-20-10p1.cnf.hgr,no,no,0,64,0.03,0.0299271,207.749,cut,49330,48450,no
rKaHyPar,sat14_ACG-20-10p1.cnf.hgr,no,no,1,64,0.03,0.0299271,287.434,cut,48952,48168,no
rKaHyPar,sat14_ACG-20-10p1.cnf.hgr,no,no,2,64,0.03,0.0299271,212.742,cut,47647,46914,no
rKaHyPar,sat14_ACG-20-10p1.cnf.hgr,no,no,3,64,0.03,0.0299271,295.958,cut,47799,46855,no
rKaHyPar,sat14_ACG-20-10p1.cnf.hgr,no,no,4,64,0.03,0.0299271,286.135,cut,49881,48622,no
rKaHyPar,sat14_ACG-20-10p1.cnf.hgr,no,no,5,64,0.03,0.0299271,300.048,cut,47677,46906,no
rKaHyPar,sat14_ACG-20-10p1.cnf.hgr,no,no,6,64,0.03,0.0299271,301.634,cut,49262,48415,no
rKaHyPar,sat14_ACG-20-10p1.cnf.hgr,no,no,8,64,0.03,0.0299271,288.976,cut,49777,48739,no
rKaHyPar,sat14_ACG-20-10p1.cnf.hgr,no,no,9,64,0.03,0.0299271,284.737,cut,47707,46679,no
rKaHyPar,sat14_ACG-20-10p1.cnf.hgr,no,no,0,8,0.03,0.0274555,240.977,cut,15432,15389,no
rKaHyPar,sat14_ACG-20-10p1.cnf.hgr,no,no,1,8,0.03,0.0283987,280.825,cut,16300,16263,no
rKaHyPar,sat14_ACG-20-10p1.cnf.hgr,no,no,2,8,0.03,0.0287026,301.914,cut,15492,15451,no
rKaHyPar,sat14_ACG-20-10p1.cnf.hgr,no,no,3,8,0.03,0.0281576,302.188,cut,15427,15371,no
rKaHyPar,sat14_ACG-20-10p1.cnf.hgr,no,no,4,8,0.03,0.0294466,315.464,cut,15887,15850,no
rKaHyPar,sat14_ACG-20-10p1.cnf.hgr,no,no,5,8,0.03,0.024186,364.644,cut,15558,15492,no
rKaHyPar,sat14_ACG-20-10p1.cnf.hgr,no,no,6,8,0.03,0.0291532,340.151,cut,15616,15565,no
rKaHyPar,sat14_ACG-20-10p1.cnf.hgr,no,no,7,8,0.03,0.0299601,216.95,cut,15368,15323,no
rKaHyPar,sat14_ACG-20-10p1.cnf.hgr,no,no,8,8,0.03,0.0257265,584.917,cut,15420,15375,no
rKaHyPar,sat14_ACG-20-10p1.cnf.hgr,no,no,9,8,0.03,0.0289855,311.702,cut,15535,15491,no
rKaHyPar,sat14_ACG-20-10p1.cnf.primal.hgr,no,no,0,128,0.03,0.0298357,202.795,cut,83537,81794,no
rKaHyPar,sat14_ACG-20-10p1.cnf.primal.hgr,no,no,1,128,0.03,0.0298357,205.676,cut,82620,80858,no
rKaHyPar,sat14_ACG-20-10p1.cnf.primal.hgr,no,no,2,128,0.03,0.0298357,144.969,cut,88249,86221,no
rKaHyPar,sat14_ACG-20-10p1.cnf.primal.hgr,no,no,3,128,0.03,0.0298357,142.916,cut,84220,82275,no
rKaHyPar,sat14_ACG-20-10p1.cnf.primal.hgr,no,no,4,128,0.03,0.0298357,203.953,cut,84579,82913,no
rKaHyPar,sat14_ACG-20-10p1.cnf.primal.hgr,no,no,5,128,0.03,0.0298357,206.585,cut,85007,83183,no
rKaHyPar,sat14_ACG-20-10p1.cnf.primal.hgr,no,no,6,128,0.03,0.0298357,206.963,cut,84483,82678,no
rKaHyPar,sat14_ACG-20-10p1.cnf.primal.hgr,no,no,7,128,0.03,0.0298357,206.225,cut,84842,82831,no
rKaHyPar,sat14_ACG-20-10p1.cnf.primal.hgr,no,no,8,128,0.03,0.0298357,144.981,cut,84414,82441,no
rKaHyPar,sat14_ACG-20-10p1.cnf.primal.hgr,no,no,9,128,0.03,0.0298357,144.043,cut,84660,82894,no
rKaHyPar,sat14_ACG-20-10p1.cnf.primal.hgr,no,no,0,16,0.03,0.0294253,189.464,cut,28659,28588,no
rKaHyPar,sat14_ACG-20-10p1.cnf.primal.hgr,no,no,1,16,0.03,0.0299283,144.911,cut,28895,28785,no
rKaHyPar,sat14_ACG-20-10p1.cnf.primal.hgr,no,no,2,16,0.03,0.0299702,115.909,cut,28761,28673,no
rKaHyPar,sat14_ACG-20-10p1.cnf.primal.hgr,no,no,3,16,0.03,0.0253175,117.782,cut,28947,28871,no
rKaHyPar,sat14_ACG-20-10p1.cnf.primal.hgr,no,no,4,16,0.03,0.0299702,176.627,cut,28883,28753,no
rKaHyPar,sat14_ACG-20-10p1.cnf.primal.hgr,no,no,5,16,0.03,0.0286708,200.95,cut,28778,28633,no
rKaHyPar,sat14_ACG-20-10p1.cnf.primal.hgr,no,no,6,16,0.03,0.0266169,116.76,cut,28645,28472,no
rKaHyPar,sat14_ACG-20-10p1.cnf.primal.hgr,no,no,7,16,0.03,0.0283355,155.832,cut,29185,29097,no
rKaHyPar,sat14_ACG-20-10p1.cnf.primal.hgr,no,no,8,16,0.03,0.0270361,172.448,cut,29279,29160,no
rKaHyPar,sat14_ACG-20-10p1.cnf.primal.hgr,no,no,9,16,0.03,0.0222995,195.734,cut,28622,28524,no
rKaHyPar,sat14_ACG-20-10p1.cnf.primal.hgr,no,no,0,2,0.03,0.00959372,47.0897,cut,3572,3572,no
rKaHyPar,sat14_ACG-20-10p1.cnf.primal.hgr,no,no,1,2,0.03,0.00959372,44.8002,cut,3572,3572,no
rKaHyPar,sat14_ACG-20-10p1.cnf.primal.hgr,no,no,2,2,0.03,0.00959372,52.8003,cut,3572,3572,no
rKaHyPar,sat14_ACG-20-10p1.cnf.primal.hgr,no,no,3,2,0.03,0.00959372,41.4895,cut,3572,3572,no
rKaHyPar,sat14_ACG-20-10p1.cnf.primal.hgr,no,no,4,2,0.03,0.00959372,56.7825,cut,3572,3572,no
rKaHyPar,sat14_ACG-20-10p1.cnf.primal.hgr,no,no,5,2,0.03,0.00959372,42.1958,cut,3572,3572,no
rKaHyPar,sat14_ACG-20-10p1.cnf.primal.hgr,no,no,6,2,0.03,0.00959372,41.5174,cut,3572,3572,no
rKaHyPar,sat14_ACG-20-10p1.cnf.primal.hgr,no,no,7,2,0.03,0.00959372,45.9258,cut,3572,3572,no
rKaHyPar,sat14_ACG-20-10p1.cnf.primal.hgr,no,no,8,2,0.03,0.00959372,52.1023,cut,3572,3572,no
rKaHyPar,sat14_ACG-20-10p1.cnf.primal.hgr,no,no,9,2,0.03,0.029478,109.178,cut,4191,4191,no
rKaHyPar,sat14_ACG-20-10p1.cnf.primal.hgr,no,no,0,32,0.03,0.0293403,171.37,cut,40372,39995,no
rKaHyPar,sat14_ACG-20-10p1.cnf.primal.hgr,no,no,1,32,0.03,0.0299271,128.674,cut,40966,40766,no
rKaHyPar,sat14_ACG-20-10p1.cnf.primal.hgr,no,no,2,32,0.03,0.0297594,175.657,cut,40314,40071,no
rKaHyPar,sat14_ACG-20-10p1.cnf.primal.hgr,no,no,3,32,0.03,0.0294241,125.119,cut,41412,40979,no
rKaHyPar,sat14_ACG-20-10p1.cnf.primal.hgr,no,no,4,32,0.03,0.0299271,166.824,cut,41748,41426,no
rKaHyPar,sat14_ACG-20-10p1.cnf.primal.hgr,no,no,5,32,0.03,0.0296756,168.644,cut,40049,39698,no
rKaHyPar,sat14_ACG-20-10p1.cnf.primal.hgr,no,no,6,32,0.03,0.0299271,124.638,cut,40519,40230,no
rKaHyPar,sat14_ACG-20-10p1.cnf.primal.hgr,no,no,7,32,0.03,0.0298432,122.745,cut,39893,39671,no
rKaHyPar,sat14_ACG-20-10p1.cnf.primal.hgr,no,no,8,32,0.03,0.0299271,175.244,cut,40813,40592,no
rKaHyPar,sat14_ACG-20-10p1.cnf.primal.hgr,no,no,9,32,0.03,0.0272445,124.663,cut,40472,40164,no
rKaHyPar,sat14_ACG-20-10p1.cnf.primal.hgr,no,no,0,4,0.03,0.0286397,159.67,cut,9624,9624,no
rKaHyPar,sat14_ACG-20-10p1.cnf.primal.hgr,no,no,1,4,0.03,0.0271516,169.394,cut,10273,10267,no
rKaHyPar,sat14_ACG-20-10p1.cnf.primal.hgr,no,no,2,4,0.03,0.0296247,230.406,cut,9908,9906,no
rKaHyPar,sat14_ACG-20-10p1.cnf.primal.hgr,no,no,3,4,0.03,0.029216,125.19,cut,10434,10427,no
rKaHyPar,sat14_ACG-20-10p1.cnf.primal.hgr,no,no,4,4,0.03,0.0298553,97.7836,cut,9320,9314,no
rKaHyPar,sat14_ACG-20-10p1.cnf.primal.hgr,no,no,5,4,0.03,0.0281996,112.94,cut,10591,10565,no
rKaHyPar,sat14_ACG-20-10p1.cnf.primal.hgr,no,no,6,4,0.03,0.0279376,92.8733,cut,9134,9130,no
rKaHyPar,sat14_ACG-20-10p1.cnf.primal.hgr,no,no,7,4,0.03,0.0282939,139.592,cut,10212,10210,no
rKaHyPar,sat14_ACG-20-10p1.cnf.primal.hgr,no,no,8,4,0.03,0.0284825,242.9,cut,10626,10608,no
rKaHyPar,sat14_ACG-20-10p1.cnf.primal.hgr,no,no,9,4,0.03,0.0278328,223.99,cut,10621,10597,no
rKaHyPar,sat14_ACG-20-10p1.cnf.primal.hgr,no,no,0,64,0.03,0.0298407,135.694,cut,55510,54872,no
rKaHyPar,sat14_ACG-20-10p1.cnf.primal.hgr,no,no,1,64,0.03,0.0298407,186.235,cut,57576,56621,no
rKaHyPar,sat14_ACG-20-10p1.cnf.primal.hgr,no,no,2,64,0.03,0.0298407,139.206,cut,56699,56143,no
rKaHyPar,sat14_ACG-20-10p1.cnf.primal.hgr,no,no,3,64,0.03,0.0298407,184.91,cut,57135,56340,no
rKaHyPar,sat14_ACG-20-10p1.cnf.primal.hgr,no,no,4,64,0.03,0.0298407,136.991,cut,58342,57375,no
rKaHyPar,sat14_ACG-20-10p1.cnf.primal.hgr,no,no,5,64,0.03,0.0298407,190.641,cut,56316,55544,no
rKaHyPar,sat14_ACG-20-10p1.cnf.primal.hgr,no,no,6,64,0.03,0.0298407,186.918,cut,60116,59076,no
rKaHyPar,sat14_ACG-20-10p1.cnf.primal.hgr,no,no,7,64,0.03,0.0298407,186.548,cut,56326,55466,no
rKaHyPar,sat14_ACG-20-10p1.cnf.primal.hgr,no,no,8,64,0.03,0.0298407,183.021,cut,57913,56999,no
rKaHyPar,sat14_ACG-20-10p1.cnf.primal.hgr,no,no,9,64,0.03,0.0298407,188.259,cut,58468,57871,no
rKaHyPar,sat14_ACG-20-10p1.cnf.primal.hgr,no,no,0,8,0.03,0.025066,139.235,cut,17532,17514,no
rKaHyPar,sat14_ACG-20-10p1.cnf.primal.hgr,no,no,1,8,0.03,0.0284612,228.998,cut,18139,18123,no
rKaHyPar,sat14_ACG-20-10p1.cnf.primal.hgr,no,no,2,8,0.03,0.0298654,226.357,cut,18813,18772,no
rKaHyPar,sat14_ACG-20-10p1.cnf.primal.hgr,no,no,3,8,0.03,0.0277068,205.497,cut,18726,18712,no
rKaHyPar,sat14_ACG-20-10p1.cnf.primal.hgr,no,no,4,8,0.03,0.0284193,142.411,cut,18427,18415,no
rKaHyPar,sat14_ACG-20-10p1.cnf.primal.hgr,no,no,5,8,0.03,0.0276439,166.703,cut,17863,17802,no
rKaHyPar,sat14_ACG-20-10p1.cnf.primal.hgr,no,no,6,8,0.03,0.0257367,267.278,cut,18317,18296,no
rKaHyPar,sat14_ACG-20-10p1.cnf.primal.hgr,no,no,7,8,0.03,0.0299912,215.924,cut,18372,18361,no
rKaHyPar,sat14_ACG-20-10p1.cnf.primal.hgr,no,no,8,8,0.03,0.0290062,173.605,cut,18894,18864,no
rKaHyPar,sat14_ACG-20-10p1.cnf.primal.hgr,no,no,9,8,0.03,0.028608,190.157,cut,19419,19378,no
rKaHyPar,sat14_ACG-20-5p0.cnf.dual.hgr,no,no,0,128,0.03,0.0294469,157.499,cut,50929,12266,no
rKaHyPar,sat14_ACG-20-5p0.cnf.dual.hgr,no,no,1,128,0.03,0.0292629,155.265,cut,57989,11357,no
rKaHyPar,sat14_ACG-20-5p0.cnf.dual.hgr,no,no,2,128,0.03,0.0299071,156.702,cut,51860,11589,no
rKaHyPar,sat14_ACG-20-5p0.cnf.dual.hgr,no,no,3,128,0.03,0.0288028,113.523,cut,54742,12024,no
rKaHyPar,sat14_ACG-20-5p0.cnf.dual.hgr,no,no,4,128,0.03,0.0299991,158.587,cut,54743,12047,no
rKaHyPar,sat14_ACG-20-5p0.cnf.dual.hgr,no,no,5,128,0.03,0.0299991,156.792,cut,53330,11878,no
rKaHyPar,sat14_ACG-20-5p0.cnf.dual.hgr,no,no,6,128,0.03,0.0299991,160.005,cut,52748,12053,no
rKaHyPar,sat14_ACG-20-5p0.cnf.dual.hgr,no,no,7,128,0.03,0.0268703,157.407,cut,53456,12068,no
rKaHyPar,sat14_ACG-20-5p0.cnf.dual.hgr,no,no,8,128,0.03,0.0232815,156.568,cut,52026,11777,no
rKaHyPar,sat14_ACG-20-5p0.cnf.dual.hgr,no,no,9,128,0.03,0.0265943,115.327,cut,49842,12424,no
rKaHyPar,sat14_ACG-20-5p0.cnf.dual.hgr,no,no,0,16,0.03,0.0299077,139.274,cut,12644,7815,no
rKaHyPar,sat14_ACG-20-5p0.cnf.dual.hgr,no,no,1,16,0.03,0.0289875,96.9209,cut,12497,7916,no
rKaHyPar,sat14_ACG-20-5p0.cnf.dual.hgr,no,no,2,16,0.03,0.0287344,101.279,cut,12892,7993,no
rKaHyPar,sat14_ACG-20-5p0.cnf.dual.hgr,no,no,3,16,0.03,0.0299538,108.694,cut,13316,7878,no
rKaHyPar,sat14_ACG-20-5p0.cnf.dual.hgr,no,no,4,16,0.03,0.0284584,158.075,cut,14168,8010,no
rKaHyPar,sat14_ACG-20-5p0.cnf.dual.hgr,no,no,5,16,0.03,0.0274001,156.646,cut,13483,7869,no
rKaHyPar,sat14_ACG-20-5p0.cnf.dual.hgr,no,no,6,16,0.03,0.0297582,136.708,cut,13554,7929,no
rKaHyPar,sat14_ACG-20-5p0.cnf.dual.hgr,no,no,7,16,0.03,0.028884,150.925,cut,12888,7961,no
rKaHyPar,sat14_ACG-20-5p0.cnf.dual.hgr,no,no,8,16,0.03,0.0240757,139.467,cut,13210,7955,no
rKaHyPar,sat14_ACG-20-5p0.cnf.dual.hgr,no,no,9,16,0.03,0.0241448,137.577,cut,14830,7843,no
rKaHyPar,sat14_ACG-20-5p0.cnf.dual.hgr,no,no,0,2,0.03,0.0280991,59.6452,cut,1018,1018,no
rKaHyPar,sat14_ACG-20-5p0.cnf.dual.hgr,no,no,1,2,0.03,0.0140826,60.5438,cut,1018,1018,no
rKaHyPar,sat14_ACG-20-5p0.cnf.dual.hgr,no,no,2,2,0.03,0.0299641,73.0393,cut,1205,1205,no
rKaHyPar,sat14_ACG-20-5p0.cnf.dual.hgr,no,no,3,2,0.03,0.0299411,70.2025,cut,1228,1228,no
rKaHyPar,sat14_ACG-20-5p0.cnf.dual.hgr,no,no,4,2,0.03,0.0299382,56.4363,cut,1253,1253,no
rKaHyPar,sat14_ACG-20-5p0.cnf.dual.hgr,no,no,5,2,0.03,0.0299813,43.217,cut,1255,1255,no
rKaHyPar,sat14_ACG-20-5p0.cnf.dual.hgr,no,no,6,2,0.03,0.0299914,74.036,cut,1247,1247,no
rKaHyPar,sat14_ACG-20-5p0.cnf.dual.hgr,no,no,7,2,0.03,0.0140826,81.0971,cut,1018,1018,no
rKaHyPar,sat14_ACG-20-5p0.cnf.dual.hgr,no,no,8,2,0.03,0.0294364,187.179,cut,1356,1356,no
rKaHyPar,sat14_ACG-20-5p0.cnf.dual.hgr,no,no,9,2,0.03,0.0296966,190.447,cut,1330,1330,no
rKaHyPar,sat14_ACG-20-5p0.cnf.dual.hgr,no,no,0,32,0.03,0.0298157,137.612,cut,21678,10247,no
rKaHyPar,sat14_ACG-20-5p0.cnf.dual.hgr,no,no,1,32,0.03,0.0296317,101.445,cut,22387,9766,no
rKaHyPar,sat14_ACG-20-5p0.cnf.dual.hgr,no,no,2,32,0.03,0.0287805,142.103,cut,23664,9969,no
rKaHyPar,sat14_ACG-20-5p0.cnf.dual.hgr,no,no,3,32,0.03,0.0248464,137.812,cut,20933,9740,no
rKaHyPar,sat14_ACG-20-5p0.cnf.dual.hgr,no,no,4,32,0.03,0.0298387,143.367,cut,21248,10407,no
rKaHyPar,sat14_ACG-20-5p0.cnf.dual.hgr,no,no,5,32,0.03,0.0296317,142.137,cut,23587,10004,no
rKaHyPar,sat14_ACG-20-5p0.cnf.dual.hgr,no,no,6,32,0.03,0.0250075,102.38,cut,25134,9626,no
rKaHyPar,sat14_ACG-20-5p0.cnf.dual.hgr,no,no,7,32,0.03,0.0293556,102.258,cut,22399,9977,no
rKaHyPar,sat14_ACG-20-5p0.cnf.dual.hgr,no,no,8,32,0.03,0.0289415,140.019,cut,23654,9673,no
rKaHyPar,sat14_ACG-20-5p0.cnf.dual.hgr,no,no,9,32,0.03,0.0297237,106.859,cut,20546,10195,no
rKaHyPar,sat14_ACG-20-5p0.cnf.dual.hgr,no,no,0,4,0.03,0.0296204,116.738,cut,3447,2736,no
rKaHyPar,sat14_ACG-20-5p0.cnf.dual.hgr,no,no,1,4,0.03,0.0298476,97.2574,cut,3377,2686,no
rKaHyPar,sat14_ACG-20-5p0.cnf.dual.hgr,no,no,2,4,0.03,0.0295054,228.868,cut,3630,2784,no
rKaHyPar,sat14_ACG-20-5p0.cnf.dual.hgr,no,no,3,4,0.03,0.0296262,155.754,cut,3630,2855,no
rKaHyPar,sat14_ACG-20-5p0.cnf.dual.hgr,no,no,4,4,0.03,0.0279122,180.368,cut,3477,2746,no
rKaHyPar,sat14_ACG-20-5p0.cnf.dual.hgr,no,no,5,4,0.03,0.0299253,257.974,cut,3608,2834,no
rKaHyPar,sat14_ACG-20-5p0.cnf.dual.hgr,no,no,6,4,0.03,0.0288267,118.647,cut,3314,2802,no
rKaHyPar,sat14_ACG-20-5p0.cnf.dual.hgr,no,no,7,4,0.03,0.0295255,123.69,cut,3395,2742,no
rKaHyPar,sat14_ACG-20-5p0.cnf.dual.hgr,no,no,8,4,0.03,0.0286225,184.67,cut,3596,2827,no
rKaHyPar,sat14_ACG-20-5p0.cnf.dual.hgr,no,no,9,4,0.03,0.0282631,120.668,cut,3382,2711,no
rKaHyPar,sat14_ACG-20-5p0.cnf.dual.hgr,no,no,0,64,0.03,0.0288028,105.695,cut,36111,10869,no
rKaHyPar,sat14_ACG-20-5p0.cnf.dual.hgr,no,no,1,64,0.03,0.0263182,144.734,cut,36617,11063,no
rKaHyPar,sat14_ACG-20-5p0.cnf.dual.hgr,no,no,2,64,0.03,0.0249379,108.349,cut,34273,11215,no
rKaHyPar,sat14_ACG-20-5p0.cnf.dual.hgr,no,no,3,64,0.03,0.0231895,147.265,cut,34973,11284,no
rKaHyPar,sat14_ACG-20-5p0.cnf.dual.hgr,no,no,4,64,0.03,0.029631,108.48,cut,34355,11429,no
rKaHyPar,sat14_ACG-20-5p0.cnf.dual.hgr,no,no,5,64,0.03,0.0285267,148.409,cut,35611,10901,no
rKaHyPar,sat14_ACG-20-5p0.cnf.dual.hgr,no,no,6,64,0.03,0.0232815,146.429,cut,35457,10977,no
rKaHyPar,sat14_ACG-20-5p0.cnf.dual.hgr,no,no,7,64,0.03,0.0220392,146.386,cut,34360,11421,no
rKaHyPar,sat14_ACG-20-5p0.cnf.dual.hgr,no,no,8,64,0.03,0.0269164,148.35,cut,34165,10945,no
rKaHyPar,sat14_ACG-20-5p0.cnf.dual.hgr,no,no,9,64,0.03,0.0271004,147.135,cut,35348,10979,no
rKaHyPar,sat14_ACG-20-5p0.cnf.dual.hgr,no,no,0,8,0.03,0.0290912,107.192,cut,6627,4847,no
rKaHyPar,sat14_ACG-20-5p0.cnf.dual.hgr,no,no,1,8,0.03,0.0299194,110.834,cut,7457,4908,no
rKaHyPar,sat14_ACG-20-5p0.cnf.dual.hgr,no,no,2,8,0.03,0.0297411,112.515,cut,6943,4939,no
rKaHyPar,sat14_ACG-20-5p0.cnf.dual.hgr,no,no,3,8,0.03,0.0212116,167.946,cut,7898,5184,no
rKaHyPar,sat14_ACG-20-5p0.cnf.dual.hgr,no,no,4,8,0.03,0.0197277,87.5806,cut,8239,5141,no
rKaHyPar,sat14_ACG-20-5p0.cnf.dual.hgr,no,no,5,8,0.03,0.0299827,98.3183,cut,7378,4994,no
rKaHyPar,sat14_ACG-20-5p0.cnf.dual.hgr,no,no,6,8,0.03,0.0295571,117.382,cut,6876,4886,no
rKaHyPar,sat14_ACG-20-5p0.cnf.dual.hgr,no,no,7,8,0.03,0.0296261,117.776,cut,7428,4862,no
rKaHyPar,sat14_ACG-20-5p0.cnf.dual.hgr,no,no,8,8,0.03,0.0280214,89.3653,cut,8574,5098,no
rKaHyPar,sat14_ACG-20-5p0.cnf.dual.hgr,no,no,9,8,0.03,0.029442,182.494,cut,7060,5305,no
rKaHyPar,sat14_ACG-20-5p0.cnf.hgr,no,no,0,128,0.03,0.0299566,254.43,cut,65548,63352,no
rKaHyPar,sat14_ACG-20-5p0.cnf.hgr,no,no,1,128,0.03,0.0299566,253.906,cut,63777,61829,no
rKaHyPar,sat14_ACG-20-5p0.cnf.hgr,no,no,2,128,0.03,0.0299566,182.903,cut,66187,63445,no
rKaHyPar,sat14_ACG-20-5p0.cnf.hgr,no,no,3,128,0.03,0.0299566,180.719,cut,64591,62554,no
rKaHyPar,sat14_ACG-20-5p0.cnf.hgr,no,no,4,128,0.03,0.0299566,252.011,cut,64388,62736,no
rKaHyPar,sat14_ACG-20-5p0.cnf.hgr,no,no,5,128,0.03,0.0299566,184.753,cut,65697,63129,no
rKaHyPar,sat14_ACG-20-5p0.cnf.hgr,no,no,6,128,0.03,0.0299566,253.935,cut,64566,62525,no
rKaHyPar,sat14_ACG-20-5p0.cnf.hgr,no,no,7,128,0.03,0.0299566,240.813,cut,63971,62093,no
rKaHyPar,sat14_ACG-20-5p0.cnf.hgr,no,no,8,128,0.03,0.0299566,178.806,cut,66141,63389,no
rKaHyPar,sat14_ACG-20-5p0.cnf.hgr,no,no,9,128,0.03,0.0299566,180.506,cut,66054,63831,no
rKaHyPar,sat14_ACG-20-5p0.cnf.hgr,no,no,0,16,0.03,0.0298842,219.686,cut,23093,23006,no
rKaHyPar,sat14_ACG-20-5p0.cnf.hgr,no,no,1,16,0.03,0.0299828,181.993,cut,23300,23207,no
rKaHyPar,sat14_ACG-20-5p0.cnf.hgr,no,no,2,16,0.03,0.0292929,234.279,cut,23203,23057,no
rKaHyPar,sat14_ACG-20-5p0.cnf.hgr,no,no,3,16,0.03,0.0298842,166.601,cut,23293,23200,no
rKaHyPar,sat14_ACG-20-5p0.cnf.hgr,no,no,4,16,0.03,0.0298349,247.748,cut,23152,23031,no
rKaHyPar,sat14_ACG-20-5p0.cnf.hgr,no,no,5,16,0.03,0.0299828,229.683,cut,23551,23418,no
rKaHyPar,sat14_ACG-20-5p0.cnf.hgr,no,no,6,16,0.03,0.0298842,156.734,cut,23243,23142,no
rKaHyPar,sat14_ACG-20-5p0.cnf.hgr,no,no,7,16,0.03,0.0299828,244.944,cut,23627,23448,no
rKaHyPar,sat14_ACG-20-5p0.cnf.hgr,no,no,8,16,0.03,0.0263612,220.825,cut,23282,23189,no
rKaHyPar,sat14_ACG-20-5p0.cnf.hgr,no,no,9,16,0.03,0.0298596,286.71,cut,23537,23373,no
rKaHyPar,sat14_ACG-20-5p0.cnf.hgr,no,no,0,2,0.03,0.0144218,312.371,cut,3096,3096,no
rKaHyPar,sat14_ACG-20-5p0.cnf.hgr,no,no,1,2,0.03,0.0222502,239.171,cut,3208,3208,no
rKaHyPar,sat14_ACG-20-5p0.cnf.hgr,no,no,2,2,0.03,0.0146066,392.52,cut,3096,3096,no
rKaHyPar,sat14_ACG-20-5p0.cnf.hgr,no,no,3,2,0.03,0.0267526,165.258,cut,3720,3720,no
rKaHyPar,sat14_ACG-20-5p0.cnf.hgr,no,no,4,2,0.03,0.0147914,288.553,cut,3096,3096,no
rKaHyPar,sat14_ACG-20-5p0.cnf.hgr,no,no,5,2,0.03,0.0146066,207.163,cut,3096,3096,no
rKaHyPar,sat14_ACG-20-5p0.cnf.hgr,no,no,6,2,0.03,0.0147914,220.689,cut,3096,3096,no
rKaHyPar,sat14_ACG-20-5p0.cnf.hgr,no,no,7,2,0.03,0.0144218,157.224,cut,3096,3096,no
rKaHyPar,sat14_ACG-20-5p0.cnf.hgr,no,no,8,2,0.03,0.0145881,517.83,cut,3096,3096,no
rKaHyPar,sat14_ACG-20-5p0.cnf.hgr,no,no,9,2,0.03,0.0144218,254.691,cut,3096,3096,no
rKaHyPar,sat14_ACG-20-5p0.cnf.hgr,no,no,0,32,0.03,0.0299581,218.921,cut,32438,32088,no
rKaHyPar,sat14_ACG-20-5p0.cnf.hgr,no,no,1,32,0.03,0.0299088,170.342,cut,32064,31688,no
rKaHyPar,sat14_ACG-20-5p0.cnf.hgr,no,no,2,32,0.03,0.0299581,233.581,cut,32643,32245,no
rKaHyPar,sat14_ACG-20-5p0.cnf.hgr,no,no,3,32,0.03,0.0299581,154.686,cut,32491,32085,no
rKaHyPar,sat14_ACG-20-5p0.cnf.hgr,no,no,4,32,0.03,0.0299088,169.656,cut,32537,32184,no
rKaHyPar,sat14_ACG-20-5p0.cnf.hgr,no,no,5,32,0.03,0.0299581,225.784,cut,32862,32493,no
rKaHyPar,sat14_ACG-20-5p0.cnf.hgr,no,no,6,32,0.03,0.0299581,161.331,cut,32455,32003,no
rKaHyPar,sat14_ACG-20-5p0.cnf.hgr,no,no,7,32,0.03,0.0299581,152.053,cut,32546,32153,no
rKaHyPar,sat14_ACG-20-5p0.cnf.hgr,no,no,8,32,0.03,0.0299581,220.165,cut,32308,32028,no
rKaHyPar,sat14_ACG-20-5p0.cnf.hgr,no,no,9,32,0.03,0.0299581,155.671,cut,32747,32376,no
rKaHyPar,sat14_ACG-20-5p0.cnf.hgr,no,no,0,4,0.03,0.0223272,248.387,cut,7998,7982,no
rKaHyPar,sat14_ACG-20-5p0.cnf.hgr,no,no,1,4,0.03,0.0287574,267.649,cut,7611,7587,no
rKaHyPar,sat14_ACG-20-5p0.cnf.hgr,no,no,2,4,0.03,0.0244275,324.691,cut,8522,8502,no
rKaHyPar,sat14_ACG-20-5p0.cnf.hgr,no,no,3,4,0.03,0.0188657,198.575,cut,8272,8258,no
rKaHyPar,sat14_ACG-20-5p0.cnf.hgr,no,no,4,4,0.03,0.0298353,135.324,cut,8143,8121,no
rKaHyPar,sat14_ACG-20-5p0.cnf.hgr,no,no,5,4,0.03,0.0244152,183.21,cut,8253,8229,no
rKaHyPar,sat14_ACG-20-5p0.cnf.hgr,no,no,6,4,0.03,0.0299954,365.732,cut,8188,8169,no
rKaHyPar,sat14_ACG-20-5p0.cnf.hgr,no,no,7,4,0.03,0.0231772,178.713,cut,8158,8141,no
rKaHyPar,sat14_ACG-20-5p0.cnf.hgr,no,no,8,4,0.03,0.0261398,215.937,cut,8215,8190,no
rKaHyPar,sat14_ACG-20-5p0.cnf.hgr,no,no,9,4,0.03,0.0285603,190.243,cut,8158,8136,no
rKaHyPar,sat14_ACG-20-5p0.cnf.hgr,no,no,0,64,0.03,0.0299566,164.507,cut,44416,43519,no
rKaHyPar,sat14_ACG-20-5p0.cnf.hgr,no,no,1,64,0.03,0.0299566,238.756,cut,45173,44405,no
rKaHyPar,sat14_ACG-20-5p0.cnf.hgr,no,no,2,64,0.03,0.0299566,170.024,cut,45612,44650,no
rKaHyPar,sat14_ACG-20-5p0.cnf.hgr,no,no,3,64,0.03,0.0299566,161.429,cut,44305,43470,no
rKaHyPar,sat14_ACG-20-5p0.cnf.hgr,no,no,4,64,0.03,0.0299566,168.458,cut,44847,44093,no
rKaHyPar,sat14_ACG-20-5p0.cnf.hgr,no,no,5,64,0.03,0.0299566,240.623,cut,45348,44562,no
rKaHyPar,sat14_ACG-20-5p0.cnf.hgr,no,no,6,64,0.03,0.0299566,239.697,cut,44027,43280,no
rKaHyPar,sat14_ACG-20-5p0.cnf.hgr,no,no,7,64,0.03,0.0299566,224.183,cut,45440,44546,no
rKaHyPar,sat14_ACG-20-5p0.cnf.hgr,no,no,8,64,0.03,0.0299566,233.19,cut,44582,43597,no
rKaHyPar,sat14_ACG-20-5p0.cnf.hgr,no,no,9,64,0.03,0.0299566,221.719,cut,44223,43490,no
rKaHyPar,sat14_ACG-20-5p0.cnf.hgr,no,no,0,8,0.03,0.0261398,191.345,cut,15012,14937,no
rKaHyPar,sat14_ACG-20-5p0.cnf.hgr,no,no,1,8,0.03,0.0218406,268.622,cut,15048,14983,no
rKaHyPar,sat14_ACG-20-5p0.cnf.hgr,no,no,2,8,0.03,0.0284064,263.197,cut,15056,14973,no
rKaHyPar,sat14_ACG-20-5p0.cnf.hgr,no,no,3,8,0.03,0.0286158,171.759,cut,14771,14720,no
rKaHyPar,sat14_ACG-20-5p0.cnf.hgr,no,no,4,8,0.03,0.0281846,199.426,cut,14637,14566,no
rKaHyPar,sat14_ACG-20-5p0.cnf.hgr,no,no,5,8,0.03,0.0274578,132.347,cut,14619,14570,no
rKaHyPar,sat14_ACG-20-5p0.cnf.hgr,no,no,6,8,0.03,0.0271622,228.346,cut,14494,14442,no
rKaHyPar,sat14_ACG-20-5p0.cnf.hgr,no,no,7,8,0.03,0.0299462,130.432,cut,14932,14883,no
rKaHyPar,sat14_ACG-20-5p0.cnf.hgr,no,no,8,8,0.03,0.02731,140.693,cut,14978,14912,no
rKaHyPar,sat14_ACG-20-5p0.cnf.hgr,no,no,9,8,0.03,0.0285911,265.119,cut,14872,14806,no
rKaHyPar,sat14_ACG-20-5p0.cnf.primal.hgr,no,no,0,128,0.03,0.0299566,162.456,cut,83133,81170,no
rKaHyPar,sat14_ACG-20-5p0.cnf.primal.hgr,no,no,1,128,0.03,0.0299566,169.053,cut,82740,80903,no
rKaHyPar,sat14_ACG-20-5p0.cnf.primal.hgr,no,no,2,128,0.03,0.0299566,169.6,cut,83817,81838,no
rKaHyPar,sat14_ACG-20-5p0.cnf.primal.hgr,no,no,3,128,0.03,0.0299566,121.393,cut,84392,82021,no
rKaHyPar,sat14_ACG-20-5p0.cnf.primal.hgr,no,no,4,128,0.03,0.0299566,165.018,cut,81484,79711,no
rKaHyPar,sat14_ACG-20-5p0.cnf.primal.hgr,no,no,5,128,0.03,0.0299566,119.05,cut,83618,80934,no
rKaHyPar,sat14_ACG-20-5p0.cnf.primal.hgr,no,no,6,128,0.03,0.0299566,165.777,cut,83976,82402,no
rKaHyPar,sat14_ACG-20-5p0.cnf.primal.hgr,no,no,7,128,0.03,0.0299566,168.654,cut,84568,81901,no
rKaHyPar,sat14_ACG-20-5p0.cnf.primal.hgr,no,no,8,128,0.03,0.0299566,163.52,cut,87070,84131,no
rKaHyPar,sat14_ACG-20-5p0.cnf.primal.hgr,no,no,9,128,0.03,0.0299566,116.069,cut,82881,80896,no
rKaHyPar,sat14_ACG-20-5p0.cnf.primal.hgr,no,no,0,16,0.03,0.0258192,133.573,cut,26805,26699,no
rKaHyPar,sat14_ACG-20-5p0.cnf.primal.hgr,no,no,1,16,0.03,0.0295147,92.4139,cut,26832,26731,no
rKaHyPar,sat14_ACG-20-5p0.cnf.primal.hgr,no,no,2,16,0.03,0.0290219,135.644,cut,26809,26727,no
rKaHyPar,sat14_ACG-20-5p0.cnf.primal.hgr,no,no,3,16,0.03,0.0294161,99.6611,cut,26654,26544,no
rKaHyPar,sat14_ACG-20-5p0.cnf.primal.hgr,no,no,4,16,0.03,0.0299088,148.55,cut,26667,26571,no
rKaHyPar,sat14_ACG-20-5p0.cnf.primal.hgr,no,no,5,16,0.03,0.0299088,133.232,cut,26927,26815,no
rKaHyPar,sat14_ACG-20-5p0.cnf.primal.hgr,no,no,6,16,0.03,0.0299581,151.135,cut,27616,27484,no
rKaHyPar,sat14_ACG-20-5p0.cnf.primal.hgr,no,no,7,16,0.03,0.0242917,182.469,cut,26764,26646,no
rKaHyPar,sat14_ACG-20-5p0.cnf.primal.hgr,no,no,8,16,0.03,0.0267061,136.183,cut,26961,26861,no
rKaHyPar,sat14_ACG-20-5p0.cnf.primal.hgr,no,no,9,16,0.03,0.0272974,136.387,cut,26834,26685,no
rKaHyPar,sat14_ACG-20-5p0.cnf.primal.hgr,no,no,0,2,0.03,0.0147144,199.828,cut,3512,3512,no
rKaHyPar,sat14_ACG-20-5p0.cnf.primal.hgr,no,no,1,2,0.03,0.0262629,102.383,cut,4011,4011,no
rKaHyPar,sat14_ACG-20-5p0.cnf.primal.hgr,no,no,2,2,0.03,0.0147144,186.795,cut,3512,3512,no
rKaHyPar,sat14_ACG-20-5p0.cnf.primal.hgr,no,no,3,2,0.03,0.0147144,137.194,cut,3512,3512,no
rKaHyPar,sat14_ACG-20-5p0.cnf.primal.hgr,no,no,4,2,0.03,0.0147329,270.817,cut,3512,3512,no
rKaHyPar,sat14_ACG-20-5p0.cnf.primal.hgr,no,no,5,2,0.03,0.0299954,94.5549,cut,4077,4077,no
rKaHyPar,sat14_ACG-20-5p0.cnf.primal.hgr,no,no,6,2,0.03,0.0147329,146.966,cut,3512,3512,no
rKaHyPar,sat14_ACG-20-5p0.cnf.primal.hgr,no,no,7,2,0.03,0.0147144,129.972,cut,3512,3512,no
rKaHyPar,sat14_ACG-20-5p0.cnf.primal.hgr,no,no,8,2,0.03,0.0147144,186.144,cut,3512,3512,no
rKaHyPar,sat14_ACG-20-5p0.cnf.primal.hgr,no,no,9,2,0.03,0.0147329,148.702,cut,3512,3512,no
rKaHyPar,sat14_ACG-20-5p0.cnf.primal.hgr,no,no,0,32,0.03,0.0299566,131.032,cut,38180,37927,no
rKaHyPar,sat14_ACG-20-5p0.cnf.primal.hgr,no,no,1,32,0.03,0.0299566,101.447,cut,37721,37485,no
rKaHyPar,sat14_ACG-20-5p0.cnf.primal.hgr,no,no,2,32,0.03,0.0298581,137.544,cut,38145,37904,no
rKaHyPar,sat14_ACG-20-5p0.cnf.primal.hgr,no,no,3,32,0.03,0.029661,138.705,cut,37707,37364,no
rKaHyPar,sat14_ACG-20-5p0.cnf.primal.hgr,no,no,4,32,0.03,0.0299566,94.4223,cut,37974,37659,no
rKaHyPar,sat14_ACG-20-5p0.cnf.primal.hgr,no,no,5,32,0.03,0.0299566,134.92,cut,37681,37424,no
rKaHyPar,sat14_ACG-20-5p0.cnf.primal.hgr,no,no,6,32,0.03,0.0299566,102.029,cut,38551,38273,no
rKaHyPar,sat14_ACG-20-5p0.cnf.primal.hgr,no,no,7,32,0.03,0.0299566,100.93,cut,38596,38219,no
rKaHyPar,sat14_ACG-20-5p0.cnf.primal.hgr,no,no,8,32,0.03,0.0298581,141.961,cut,37891,37513,no
rKaHyPar,sat14_ACG-20-5p0.cnf.primal.hgr,no,no,9,32,0.03,0.0299566,97.5001,cut,38034,37701,no
rKaHyPar,sat14_ACG-20-5p0.cnf.primal.hgr,no,no,0,4,0.03,0.0254007,96.8632,cut,9187,9181,no
rKaHyPar,sat14_ACG-20-5p0.cnf.primal.hgr,no,no,1,4,0.03,0.0264724,125.492,cut,9445,9437,no
rKaHyPar,sat14_ACG-20-5p0.cnf.primal.hgr,no,no,2,4,0.03,0.0253144,113.71,cut,9395,9381,no
rKaHyPar,sat14_ACG-20-5p0.cnf.primal.hgr,no,no,3,4,0.03,0.0092758,76.3372,cut,8973,8953,no
rKaHyPar,sat14_ACG-20-5p0.cnf.primal.hgr,no,no,4,4,0.03,0.0235283,123.021,cut,9324,9320,no
rKaHyPar,sat14_ACG-20-5p0.cnf.primal.hgr,no,no,5,4,0.03,0.0260659,94.914,cut,9236,9224,no
rKaHyPar,sat14_ACG-20-5p0.cnf.primal.hgr,no,no,6,4,0.03,0.0299831,99.0614,cut,9406,9396,no
rKaHyPar,sat14_ACG-20-5p0.cnf.primal.hgr,no,no,7,4,0.03,0.0223826,109.827,cut,9050,9040,no
rKaHyPar,sat14_ACG-20-5p0.cnf.primal.hgr,no,no,8,4,0.03,0.0261274,117.414,cut,9155,9153,no
rKaHyPar,sat14_ACG-20-5p0.cnf.primal.hgr,no,no,9,4,0.03,0.0290346,121.056,cut,9218,9214,no
rKaHyPar,sat14_ACG-20-5p0.cnf.primal.hgr,no,no,0,64,0.03,0.0299566,110.941,cut,56624,55362,no
rKaHyPar,sat14_ACG-20-5p0.cnf.primal.hgr,no,no,1,64,0.03,0.0299566,144.956,cut,54708,53575,no
rKaHyPar,sat14_ACG-20-5p0.cnf.primal.hgr,no,no,2,64,0.03,0.0299566,110.309,cut,55591,54655,no
rKaHyPar,sat14_ACG-20-5p0.cnf.primal.hgr,no,no,3,64,0.03,0.0299566,107.389,cut,54510,53565,no
rKaHyPar,sat14_ACG-20-5p0.cnf.primal.hgr,no,no,4,64,0.03,0.0299566,107.363,cut,54763,53790,no
rKaHyPar,sat14_ACG-20-5p0.cnf.primal.hgr,no,no,5,64,0.03,0.0299566,152.296,cut,55634,54625,no
rKaHyPar,sat14_ACG-20-5p0.cnf.primal.hgr,no,no,6,64,0.03,0.0299566,148.973,cut,56412,55647,no
rKaHyPar,sat14_ACG-20-5p0.cnf.primal.hgr,no,no,7,64,0.03,0.0299566,152.731,cut,54518,53321,no
rKaHyPar,sat14_ACG-20-5p0.cnf.primal.hgr,no,no,8,64,0.03,0.0299566,150.96,cut,54960,53943,no
rKaHyPar,sat14_ACG-20-5p0.cnf.primal.hgr,no,no,9,64,0.03,0.0299566,149.145,cut,54384,53703,no
rKaHyPar,sat14_ACG-20-5p0.cnf.primal.hgr,no,no,0,8,0.03,0.0217295,132.35,cut,16693,16634,no
rKaHyPar,sat14_ACG-20-5p0.cnf.primal.hgr,no,no,1,8,0.03,0.0263612,145.551,cut,16970,16911,no
rKaHyPar,sat14_ACG-20-5p0.cnf.primal.hgr,no,no,2,8,0.03,0.0277901,182.165,cut,16756,16697,no
rKaHyPar,sat14_ACG-20-5p0.cnf.primal.hgr,no,no,3,8,0.03,0.0299828,165.308,cut,16680,16637,no
rKaHyPar,sat14_ACG-20-5p0.cnf.primal.hgr,no,no,4,8,0.03,0.0279872,92.5942,cut,16496,16475,no
rKaHyPar,sat14_ACG-20-5p0.cnf.primal.hgr,no,no,5,8,0.03,0.0294654,80.9782,cut,16569,16515,no
rKaHyPar,sat14_ACG-20-5p0.cnf.primal.hgr,no,no,6,8,0.03,0.0296625,91.9089,cut,16876,16817,no
rKaHyPar,sat14_ACG-20-5p0.cnf.primal.hgr,no,no,7,8,0.03,0.0295147,118.674,cut,16456,16409,no
rKaHyPar,sat14_ACG-20-5p0.cnf.primal.hgr,no,no,8,8,0.03,0.0244888,111.396,cut,16559,16485,no
rKaHyPar,sat14_ACG-20-5p0.cnf.primal.hgr,no,no,9,8,0.03,0.0299828,175.676,cut,16887,16830,no
rKaHyPar,sat14_ACG-20-5p1.cnf.dual.hgr,no,no,0,128,0.03,0.0296296,160.335,cut,53207,11734,no
rKaHyPar,sat14_ACG-20-5p1.cnf.dual.hgr,no,no,1,128,0.03,0.0284553,158.824,cut,51641,11876,no
rKaHyPar,sat14_ACG-20-5p1.cnf.dual.hgr,no,no,2,128,0.03,0.0295393,118.17,cut,54485,12111,no
rKaHyPar,sat14_ACG-20-5p1.cnf.dual.hgr,no,no,3,128,0.03,0.0280939,115.123,cut,57637,11642,no
rKaHyPar,sat14_ACG-20-5p1.cnf.dual.hgr,no,no,4,128,0.03,0.029991,116.508,cut,54373,12145,no
rKaHyPar,sat14_ACG-20-5p1.cnf.dual.hgr,no,no,5,128,0.03,0.0299006,115.971,cut,54249,12007,no
rKaHyPar,sat14_ACG-20-5p1.cnf.dual.hgr,no,no,6,128,0.03,0.0295393,161.571,cut,55049,12053,no
rKaHyPar,sat14_ACG-20-5p1.cnf.dual.hgr,no,no,7,128,0.03,0.028907,117.622,cut,53670,11706,no
rKaHyPar,sat14_ACG-20-5p1.cnf.dual.hgr,no,no,8,128,0.03,0.0299006,116.965,cut,52024,11835,no
rKaHyPar,sat14_ACG-20-5p1.cnf.dual.hgr,no,no,9,128,0.03,0.0299006,116.419,cut,51576,11993,no
rKaHyPar,sat14_ACG-20-5p1.cnf.dual.hgr,no,no,0,16,0.03,0.02953,146.525,cut,14163,8047,no
rKaHyPar,sat14_ACG-20-5p1.cnf.dual.hgr,no,no,1,16,0.03,0.0293267,136.431,cut,14786,8079,no
rKaHyPar,sat14_ACG-20-5p1.cnf.dual.hgr,no,no,2,16,0.03,0.0296316,164.939,cut,15212,8042,no
rKaHyPar,sat14_ACG-20-5p1.cnf.dual.hgr,no,no,3,16,0.03,0.0291912,103.821,cut,12621,7861,no
rKaHyPar,sat14_ACG-20-5p1.cnf.dual.hgr,no,no,4,16,0.03,0.029338,140.386,cut,12191,7922,no
rKaHyPar,sat14_ACG-20-5p1.cnf.dual.hgr,no,no,5,16,0.03,0.0268424,158.332,cut,13636,8078,no
rKaHyPar,sat14_ACG-20-5p1.cnf.dual.hgr,no,no,6,16,0.03,0.0275538,110.488,cut,12662,7904,no
rKaHyPar,sat14_ACG-20-5p1.cnf.dual.hgr,no,no,7,16,0.03,0.0274522,144.896,cut,12118,7999,no
rKaHyPar,sat14_ACG-20-5p1.cnf.dual.hgr,no,no,8,16,0.03,0.0242225,136.68,cut,13158,7924,no
rKaHyPar,sat14_ACG-20-5p1.cnf.dual.hgr,no,no,9,16,0.03,0.0253066,155.226,cut,14615,8107,no
rKaHyPar,sat14_ACG-20-5p1.cnf.dual.hgr,no,no,0,2,0.03,0.0297886,58.3558,cut,1249,1249,no
rKaHyPar,sat14_ACG-20-5p1.cnf.dual.hgr,no,no,1,2,0.03,0.0140227,89.2249,cut,1058,1058,no
rKaHyPar,sat14_ACG-20-5p1.cnf.dual.hgr,no,no,2,2,0.03,0.0299382,61.8313,cut,1288,1288,no
rKaHyPar,sat14_ACG-20-5p1.cnf.dual.hgr,no,no,3,2,0.03,0.0140227,52.5283,cut,1058,1058,no
rKaHyPar,sat14_ACG-20-5p1.cnf.dual.hgr,no,no,4,2,0.03,0.0299919,110.659,cut,1329,1329,no
rKaHyPar,sat14_ACG-20-5p1.cnf.dual.hgr,no,no,5,2,0.03,0.0299975,44.7352,cut,1300,1300,no
rKaHyPar,sat14_ACG-20-5p1.cnf.dual.hgr,no,no,6,2,0.03,0.0282938,79.7142,cut,1297,1297,no
rKaHyPar,sat14_ACG-20-5p1.cnf.dual.hgr,no,no,7,2,0.03,0.0295769,134.58,cut,1230,1230,no
rKaHyPar,sat14_ACG-20-5p1.cnf.dual.hgr,no,no,8,2,0.03,0.0298521,277.081,cut,1235,1235,no
rKaHyPar,sat14_ACG-20-5p1.cnf.dual.hgr,no,no,9,2,0.03,0.0298804,54.9504,cut,1252,1252,no
rKaHyPar,sat14_ACG-20-5p1.cnf.dual.hgr,no,no,0,32,0.03,0.0292251,104.485,cut,23581,9945,no
rKaHyPar,sat14_ACG-20-5p1.cnf.dual.hgr,no,no,1,32,0.03,0.0298349,101.241,cut,21670,9817,no
rKaHyPar,sat14_ACG-20-5p1.cnf.dual.hgr,no,no,2,32,0.03,0.0291799,142.166,cut,24916,9698,no
rKaHyPar,sat14_ACG-20-5p1.cnf.dual.hgr,no,no,3,32,0.03,0.0284346,105.653,cut,21542,10047,no
rKaHyPar,sat14_ACG-20-5p1.cnf.dual.hgr,no,no,4,32,0.03,0.0296091,106.59,cut,21661,10083,no
rKaHyPar,sat14_ACG-20-5p1.cnf.dual.hgr,no,no,5,32,0.03,0.0287282,140.504,cut,23427,10016,no
rKaHyPar,sat14_ACG-20-5p1.cnf.dual.hgr,no,no,6,32,0.03,0.0299478,141.989,cut,23451,9929,no
rKaHyPar,sat14_ACG-20-5p1.cnf.dual.hgr,no,no,7,32,0.03,0.0277797,101.418,cut,22235,10069,no
rKaHyPar,sat14_ACG-20-5p1.cnf.dual.hgr,no,no,8,32,0.03,0.017255,141.919,cut,22475,10057,no
rKaHyPar,sat14_ACG-20-5p1.cnf.dual.hgr,no,no,9,32,0.03,0.0267407,105.54,cut,21224,9760,no
rKaHyPar,sat14_ACG-20-5p1.cnf.dual.hgr,no,no,0,4,0.03,0.0263175,305.679,cut,3924,2977,no
rKaHyPar,sat14_ACG-20-5p1.cnf.dual.hgr,no,no,1,4,0.03,0.0299904,118.081,cut,3770,2897,no
rKaHyPar,sat14_ACG-20-5p1.cnf.dual.hgr,no,no,2,4,0.03,0.0293722,271.73,cut,3378,2835,no
rKaHyPar,sat14_ACG-20-5p1.cnf.dual.hgr,no,no,3,4,0.03,0.0298154,127.617,cut,3473,2808,no
rKaHyPar,sat14_ACG-20-5p1.cnf.dual.hgr,no,no,4,4,0.03,0.0299707,105.711,cut,3766,2766,no
rKaHyPar,sat14_ACG-20-5p1.cnf.dual.hgr,no,no,5,4,0.03,0.0283191,133.945,cut,3944,2994,no
rKaHyPar,sat14_ACG-20-5p1.cnf.dual.hgr,no,no,6,4,0.03,0.0233701,105.167,cut,3513,3015,no
rKaHyPar,sat14_ACG-20-5p1.cnf.dual.hgr,no,no,7,4,0.03,0.0282683,85.1611,cut,3628,2914,no
rKaHyPar,sat14_ACG-20-5p1.cnf.dual.hgr,no,no,8,4,0.03,0.0267833,113.373,cut,3648,2777,no
rKaHyPar,sat14_ACG-20-5p1.cnf.dual.hgr,no,no,9,4,0.03,0.0292366,139.835,cut,3884,2851,no
rKaHyPar,sat14_ACG-20-5p1.cnf.dual.hgr,no,no,0,64,0.03,0.0299472,110.906,cut,33599,11065,no
rKaHyPar,sat14_ACG-20-5p1.cnf.dual.hgr,no,no,1,64,0.03,0.0255206,150.573,cut,32962,11281,no
rKaHyPar,sat14_ACG-20-5p1.cnf.dual.hgr,no,no,2,64,0.03,0.0276435,152.146,cut,35601,11107,no
rKaHyPar,sat14_ACG-20-5p1.cnf.dual.hgr,no,no,3,64,0.03,0.029902,108.562,cut,36176,11118,no
rKaHyPar,sat14_ACG-20-5p1.cnf.dual.hgr,no,no,4,64,0.03,0.029631,108.22,cut,35119,11169,no
rKaHyPar,sat14_ACG-20-5p1.cnf.dual.hgr,no,no,5,64,0.03,0.0281404,109.558,cut,37805,11296,no
rKaHyPar,sat14_ACG-20-5p1.cnf.dual.hgr,no,no,6,64,0.03,0.029902,148.477,cut,34020,10981,no
rKaHyPar,sat14_ACG-20-5p1.cnf.dual.hgr,no,no,7,64,0.03,0.026966,151.716,cut,32841,11409,no
rKaHyPar,sat14_ACG-20-5p1.cnf.dual.hgr,no,no,8,64,0.03,0.0297213,108.741,cut,33662,11496,no
rKaHyPar,sat14_ACG-20-5p1.cnf.dual.hgr,no,no,9,64,0.03,0.0299472,150.984,cut,34355,11273,no
rKaHyPar,sat14_ACG-20-5p1.cnf.dual.hgr,no,no,0,8,0.03,0.0208123,184.016,cut,7118,5172,no
rKaHyPar,sat14_ACG-20-5p1.cnf.dual.hgr,no,no,1,8,0.03,0.0243186,146.477,cut,7217,5016,no
rKaHyPar,sat14_ACG-20-5p1.cnf.dual.hgr,no,no,2,8,0.03,0.0294963,124.889,cut,7487,5200,no
rKaHyPar,sat14_ACG-20-5p1.cnf.dual.hgr,no,no,3,8,0.03,0.024121,143.155,cut,7325,4905,no
rKaHyPar,sat14_ACG-20-5p1.cnf.dual.hgr,no,no,4,8,0.03,0.019779,108.312,cut,7848,5004,no
rKaHyPar,sat14_ACG-20-5p1.cnf.dual.hgr,no,no,5,8,0.03,0.0252164,120.526,cut,7229,5205,no
rKaHyPar,sat14_ACG-20-5p1.cnf.dual.hgr,no,no,6,8,0.03,0.0218004,130.091,cut,8794,5317,no
rKaHyPar,sat14_ACG-20-5p1.cnf.dual.hgr,no,no,7,8,0.03,0.0286437,124.337,cut,7560,5327,no
rKaHyPar,sat14_ACG-20-5p1.cnf.dual.hgr,no,no,8,8,0.03,0.0299988,129.037,cut,7258,4870,no
rKaHyPar,sat14_ACG-20-5p1.cnf.dual.hgr,no,no,9,8,0.03,0.025222,126.223,cut,7370,5251,no
rKaHyPar,sat14_ACG-20-5p1.cnf.hgr,no,no,0,128,0.03,0.0299517,264.226,cut,65218,62551,no
rKaHyPar,sat14_ACG-20-5p1.cnf.hgr,no,no,1,128,0.03,0.0299517,260.253,cut,65391,63044,no
rKaHyPar,sat14_ACG-20-5p1.cnf.hgr,no,no,2,128,0.03,0.0299517,261.507,cut,64822,62324,no
rKaHyPar,sat14_ACG-20-5p1.cnf.hgr,no,no,3,128,0.03,0.0299517,188.969,cut,65496,63362,no
rKaHyPar,sat14_ACG-20-5p1.cnf.hgr,no,no,4,128,0.03,0.0299517,184.89,cut,65131,62992,no
rKaHyPar,sat14_ACG-20-5p1.cnf.hgr,no,no,5,128,0.03,0.0299517,187.575,cut,66449,63848,no
rKaHyPar,sat14_ACG-20-5p1.cnf.hgr,no,no,6,128,0.03,0.0299517,255.628,cut,66739,63865,no
rKaHyPar,sat14_ACG-20-5p1.cnf.hgr,no,no,7,128,0.03,0.0299517,189.727,cut,66026,63720,no
rKaHyPar,sat14_ACG-20-5p1.cnf.hgr,no,no,8,128,0.03,0.0299517,253.535,cut,67192,64086,no
rKaHyPar,sat14_ACG-20-5p1.cnf.hgr,no,no,9,128,0.03,0.0299517,186.332,cut,65728,63396,no
rKaHyPar,sat14_ACG-20-5p1.cnf.hgr,no,no,0,16,0.03,0.0299517,238.819,cut,23792,23667,no
rKaHyPar,sat14_ACG-20-5p1.cnf.hgr,no,no,1,16,0.03,0.03,249.863,cut,23776,23674,no
rKaHyPar,sat14_ACG-20-5p1.cnf.hgr,no,no,2,16,0.03,0.0299034,219.466,cut,23495,23399,no
rKaHyPar,sat14_ACG-20-5p1.cnf.hgr,no,no,3,16,0.03,0.03,183.828,cut,23504,23381,no
rKaHyPar,sat14_ACG-20-5p1.cnf.hgr,no,no,4,16,0.03,0.0299275,288.197,cut,24048,23888,no
rKaHyPar,sat14_ACG-20-5p1.cnf.hgr,no,no,5,16,0.03,0.0225121,312.025,cut,24363,24140,no
rKaHyPar,sat14_ACG-20-5p1.cnf.hgr,no,no,6,16,0.03,0.03,235.006,cut,23585,23466,no
rKaHyPar,sat14_ACG-20-5p1.cnf.hgr,no,no,7,16,0.03,0.0299758,200.434,cut,23428,23316,no
rKaHyPar,sat14_ACG-20-5p1.cnf.hgr,no,no,8,16,0.03,0.0299275,284.78,cut,23856,23702,no
rKaHyPar,sat14_ACG-20-5p1.cnf.hgr,no,no,9,16,0.03,0.03,239.146,cut,23996,23779,no
rKaHyPar,sat14_ACG-20-5p1.cnf.hgr,no,no,0,2,0.03,0.0147435,233.649,cut,3236,3236,no
rKaHyPar,sat14_ACG-20-5p1.cnf.hgr,no,no,1,2,0.03,0.0145805,261.215,cut,3236,3236,no
rKaHyPar,sat14_ACG-20-5p1.cnf.hgr,no,no,2,2,0.03,0.0143812,361.702,cut,3236,3236,no
rKaHyPar,sat14_ACG-20-5p1.cnf.hgr,no,no,3,2,0.03,0.0270474,169.824,cut,3655,3655,no
rKaHyPar,sat14_ACG-20-5p1.cnf.hgr,no,no,4,2,0.03,0.0145261,229.757,cut,3236,3236,no
rKaHyPar,sat14_ACG-20-5p1.cnf.hgr,no,no,5,2,0.03,0.0143812,236.707,cut,3236,3236,no
rKaHyPar,sat14_ACG-20-5p1.cnf.hgr,no,no,6,2,0.03,0.0143812,203.623,cut,3236,3236,no
rKaHyPar,sat14_ACG-20-5p1.cnf.hgr,no,no,7,2,0.03,0.0143812,232.143,cut,3236,3236,no
rKaHyPar,sat14_ACG-20-5p1.cnf.hgr,no,no,8,2,0.03,0.0143812,316.897,cut,3236,3236,no
rKaHyPar,sat14_ACG-20-5p1.cnf.hgr,no,no,9,2,0.03,0.0143812,292.365,cut,3236,3236,no
rKaHyPar,sat14_ACG-20-5p1.cnf.hgr,no,no,0,32,0.03,0.03,164.173,cut,33198,32887,no
rKaHyPar,sat14_ACG-20-5p1.cnf.hgr,no,no,1,32,0.03,0.0289372,168.914,cut,32246,31986,no
rKaHyPar,sat14_ACG-20-5p1.cnf.hgr,no,no,2,32,0.03,0.0299517,229.787,cut,32418,32016,no
rKaHyPar,sat14_ACG-20-5p1.cnf.hgr,no,no,3,32,0.03,0.0299034,231.098,cut,33325,32939,no
rKaHyPar,sat14_ACG-20-5p1.cnf.hgr,no,no,4,32,0.03,0.0297585,166.203,cut,32495,32156,no
rKaHyPar,sat14_ACG-20-5p1.cnf.hgr,no,no,5,32,0.03,0.0299517,226.61,cut,33018,32667,no
rKaHyPar,sat14_ACG-20-5p1.cnf.hgr,no,no,6,32,0.03,0.03,214.881,cut,32113,31767,no
rKaHyPar,sat14_ACG-20-5p1.cnf.hgr,no,no,7,32,0.03,0.03,160.969,cut,32044,31810,no
rKaHyPar,sat14_ACG-20-5p1.cnf.hgr,no,no,8,32,0.03,0.03,229.603,cut,32896,32503,no
rKaHyPar,sat14_ACG-20-5p1.cnf.hgr,no,no,9,32,0.03,0.03,163.915,cut,32163,31692,no
rKaHyPar,sat14_ACG-20-5p1.cnf.hgr,no,no,0,4,0.03,0.0291912,243.69,cut,8382,8366,no
rKaHyPar,sat14_ACG-20-5p1.cnf.hgr,no,no,1,4,0.03,0.0265523,212.697,cut,8418,8397,no
rKaHyPar,sat14_ACG-20-5p1.cnf.hgr,no,no,2,4,0.03,0.0216428,188.157,cut,8313,8294,no
rKaHyPar,sat14_ACG-20-5p1.cnf.hgr,no,no,3,4,0.03,0.0299883,167.075,cut,8383,8363,no
rKaHyPar,sat14_ACG-20-5p1.cnf.hgr,no,no,4,4,0.03,0.0270837,235.815,cut,8406,8391,no
rKaHyPar,sat14_ACG-20-5p1.cnf.hgr,no,no,5,4,0.03,0.0299943,145.671,cut,8473,8455,no
rKaHyPar,sat14_ACG-20-5p1.cnf.hgr,no,no,6,4,0.03,0.028225,305.106,cut,8172,8155,no
rKaHyPar,sat14_ACG-20-5p1.cnf.hgr,no,no,7,4,0.03,0.0295414,143.767,cut,8319,8302,no
rKaHyPar,sat14_ACG-20-5p1.cnf.hgr,no,no,8,4,0.03,0.0232853,228.977,cut,8547,8528,no
rKaHyPar,sat14_ACG-20-5p1.cnf.hgr,no,no,9,4,0.03,0.0225063,160.685,cut,8320,8302,no
rKaHyPar,sat14_ACG-20-5p1.cnf.hgr,no,no,0,64,0.03,0.0299517,173.777,cut,44703,43796,no
rKaHyPar,sat14_ACG-20-5p1.cnf.hgr,no,no,1,64,0.03,0.0299517,249.892,cut,43421,42670,no
rKaHyPar,sat14_ACG-20-5p1.cnf.hgr,no,no,2,64,0.03,0.0299517,251.169,cut,45509,44566,no
rKaHyPar,sat14_ACG-20-5p1.cnf.hgr,no,no,3,64,0.03,0.0299517,175.709,cut,44352,43498,no
rKaHyPar,sat14_ACG-20-5p1.cnf.hgr,no,no,4,64,0.03,0.0299517,173.345,cut,44347,43408,no
rKaHyPar,sat14_ACG-20-5p1.cnf.hgr,no,no,5,64,0.03,0.0299517,172.675,cut,44085,43369,no
rKaHyPar,sat14_ACG-20-5p1.cnf.hgr,no,no,6,64,0.03,0.0299517,246.63,cut,44251,43122,no
rKaHyPar,sat14_ACG-20-5p1.cnf.hgr,no,no,7,64,0.03,0.0299517,236.013,cut,44565,43702,no
rKaHyPar,sat14_ACG-20-5p1.cnf.hgr,no,no,8,64,0.03,0.0299517,177.552,cut,45623,44532,no
rKaHyPar,sat14_ACG-20-5p1.cnf.hgr,no,no,9,64,0.03,0.0299517,242.685,cut,45250,44263,no
rKaHyPar,sat14_ACG-20-5p1.cnf.hgr,no,no,0,8,0.03,0.0297709,190.543,cut,14906,14835,no
rKaHyPar,sat14_ACG-20-5p1.cnf.hgr,no,no,1,8,0.03,0.02994,206.679,cut,15134,15056,no
rKaHyPar,sat14_ACG-20-5p1.cnf.hgr,no,no,2,8,0.03,0.0252056,201.887,cut,15167,15090,no
rKaHyPar,sat14_ACG-20-5p1.cnf.hgr,no,no,3,8,0.03,0.0289617,289.748,cut,15091,15041,no
rKaHyPar,sat14_ACG-20-5p1.cnf.hgr,no,no,4,8,0.03,0.0265945,213.223,cut,14931,14867,no
rKaHyPar,sat14_ACG-20-5p1.cnf.hgr,no,no,5,8,0.03,0.0269568,192.037,cut,15089,15040,no
rKaHyPar,sat14_ACG-20-5p1.cnf.hgr,no,no,6,8,0.03,0.0299762,200.952,cut,15062,14989,no
rKaHyPar,sat14_ACG-20-5p1.cnf.hgr,no,no,7,8,0.03,0.0285994,200.024,cut,14948,14865,no
rKaHyPar,sat14_ACG-20-5p1.cnf.hgr,no,no,8,8,0.03,0.0279472,234.717,cut,15582,15518,no
rKaHyPar,sat14_ACG-20-5p1.cnf.hgr,no,no,9,8,0.03,0.0233457,320.928,cut,14837,14756,no
rKaHyPar,sat14_ACG-20-5p1.cnf.primal.hgr,no,no,0,128,0.03,0.0297527,123.789,cut,84523,82761,no
rKaHyPar,sat14_ACG-20-5p1.cnf.primal.hgr,no,no,1,128,0.03,0.0297527,166.224,cut,83112,81544,no
rKaHyPar,sat14_ACG-20-5p1.cnf.primal.hgr,no,no,2,128,0.03,0.0297527,121.009,cut,86929,84709,no
rKaHyPar,sat14_ACG-20-5p1.cnf.primal.hgr,no,no,3,128,0.03,0.0297527,122.924,cut,82587,80838,no
rKaHyPar,sat14_ACG-20-5p1.cnf.primal.hgr,no,no,4,128,0.03,0.0297527,128.481,cut,83523,81704,no
rKaHyPar,sat14_ACG-20-5p1.cnf.primal.hgr,no,no,5,128,0.03,0.0297527,123.363,cut,84441,82722,no
rKaHyPar,sat14_ACG-20-5p1.cnf.primal.hgr,no,no,6,128,0.03,0.0297527,128.309,cut,82684,81202,no
rKaHyPar,sat14_ACG-20-5p1.cnf.primal.hgr,no,no,7,128,0.03,0.0297527,124.52,cut,82413,80398,no
rKaHyPar,sat14_ACG-20-5p1.cnf.primal.hgr,no,no,8,128,0.03,0.0297527,124.892,cut,84926,82956,no
rKaHyPar,sat14_ACG-20-5p1.cnf.primal.hgr,no,no,9,128,0.03,0.0297527,180.975,cut,84635,81873,no
rKaHyPar,sat14_ACG-20-5p1.cnf.primal.hgr,no,no,0,16,0.03,0.0281643,136.903,cut,27890,27735,no
rKaHyPar,sat14_ACG-20-5p1.cnf.primal.hgr,no,no,1,16,0.03,0.03,133.08,cut,27793,27726,no
rKaHyPar,sat14_ACG-20-5p1.cnf.primal.hgr,no,no,2,16,0.03,0.0250242,143.697,cut,26961,26833,no
rKaHyPar,sat14_ACG-20-5p1.cnf.primal.hgr,no,no,3,16,0.03,0.03,108.315,cut,27156,27034,no
rKaHyPar,sat14_ACG-20-5p1.cnf.primal.hgr,no,no,4,16,0.03,0.0298551,174.774,cut,27305,27195,no
rKaHyPar,sat14_ACG-20-5p1.cnf.primal.hgr,no,no,5,16,0.03,0.0280676,134.923,cut,26897,26854,no
rKaHyPar,sat14_ACG-20-5p1.cnf.primal.hgr,no,no,6,16,0.03,0.0299034,135.668,cut,27297,27238,no
rKaHyPar,sat14_ACG-20-5p1.cnf.primal.hgr,no,no,7,16,0.03,0.0222222,132.169,cut,27007,26859,no
rKaHyPar,sat14_ACG-20-5p1.cnf.primal.hgr,no,no,8,16,0.03,0.0198551,146.934,cut,27128,26993,no
rKaHyPar,sat14_ACG-20-5p1.cnf.primal.hgr,no,no,9,16,0.03,0.0290338,145.351,cut,27310,27209,no
rKaHyPar,sat14_ACG-20-5p1.cnf.primal.hgr,no,no,0,2,0.03,0.0146681,143.958,cut,3652,3652,no
rKaHyPar,sat14_ACG-20-5p1.cnf.primal.hgr,no,no,1,2,0.03,0.0146681,133.124,cut,3652,3652,no
rKaHyPar,sat14_ACG-20-5p1.cnf.primal.hgr,no,no,2,2,0.03,0.0146862,214.537,cut,3652,3652,no
rKaHyPar,sat14_ACG-20-5p1.cnf.primal.hgr,no,no,3,2,0.03,0.0299943,195.318,cut,4546,4546,no
rKaHyPar,sat14_ACG-20-5p1.cnf.primal.hgr,no,no,4,2,0.03,0.0273011,136.493,cut,4076,4076,no
rKaHyPar,sat14_ACG-20-5p1.cnf.primal.hgr,no,no,5,2,0.03,0.0146862,172.094,cut,3652,3652,no
rKaHyPar,sat14_ACG-20-5p1.cnf.primal.hgr,no,no,6,2,0.03,0.0146681,138.379,cut,3652,3652,no
rKaHyPar,sat14_ACG-20-5p1.cnf.primal.hgr,no,no,7,2,0.03,0.0299702,174.348,cut,4280,4280,no
rKaHyPar,sat14_ACG-20-5p1.cnf.primal.hgr,no,no,8,2,0.03,0.0146681,195.484,cut,3652,3652,no
rKaHyPar,sat14_ACG-20-5p1.cnf.primal.hgr,no,no,9,2,0.03,0.0146681,225.036,cut,3652,3652,no
rKaHyPar,sat14_ACG-20-5p1.cnf.primal.hgr,no,no,0,32,0.03,0.0299517,100.929,cut,37637,37301,no
rKaHyPar,sat14_ACG-20-5p1.cnf.primal.hgr,no,no,1,32,0.03,0.0299517,99.8962,cut,37760,37263,no
rKaHyPar,sat14_ACG-20-5p1.cnf.primal.hgr,no,no,2,32,0.03,0.0299517,102.162,cut,38281,38019,no
rKaHyPar,sat14_ACG-20-5p1.cnf.primal.hgr,no,no,3,32,0.03,0.0299517,106.113,cut,38300,37833,no
rKaHyPar,sat14_ACG-20-5p1.cnf.primal.hgr,no,no,4,32,0.03,0.0299517,99.6027,cut,37357,37059,no
rKaHyPar,sat14_ACG-20-5p1.cnf.primal.hgr,no,no,5,32,0.03,0.0299517,137.173,cut,38166,37830,no
rKaHyPar,sat14_ACG-20-5p1.cnf.primal.hgr,no,no,6,32,0.03,0.0299517,146.892,cut,37439,37111,no
rKaHyPar,sat14_ACG-20-5p1.cnf.primal.hgr,no,no,7,32,0.03,0.0299517,104.252,cut,37636,37348,no
rKaHyPar,sat14_ACG-20-5p1.cnf.primal.hgr,no,no,8,32,0.03,0.0299517,144.248,cut,37943,37599,no
rKaHyPar,sat14_ACG-20-5p1.cnf.primal.hgr,no,no,9,32,0.03,0.0299517,108.594,cut,38146,37838,no
rKaHyPar,sat14_ACG-20-5p1.cnf.primal.hgr,no,no,0,4,0.03,0.0213771,107.942,cut,9669,9659,no
rKaHyPar,sat14_ACG-20-5p1.cnf.primal.hgr,no,no,1,4,0.03,0.0235389,101.007,cut,9442,9430,no
rKaHyPar,sat14_ACG-20-5p1.cnf.primal.hgr,no,no,2,4,0.03,0.018563,81.7133,cut,9514,9504,no
rKaHyPar,sat14_ACG-20-5p1.cnf.primal.hgr,no,no,3,4,0.03,0.0298554,69.3075,cut,9582,9572,no
rKaHyPar,sat14_ACG-20-5p1.cnf.primal.hgr,no,no,4,4,0.03,0.0260148,109.688,cut,9389,9383,no
rKaHyPar,sat14_ACG-20-5p1.cnf.primal.hgr,no,no,5,4,0.03,0.0284786,90.5764,cut,9266,9266,no
rKaHyPar,sat14_ACG-20-5p1.cnf.primal.hgr,no,no,6,4,0.03,0.0281284,116.849,cut,9498,9496,no
rKaHyPar,sat14_ACG-20-5p1.cnf.primal.hgr,no,no,7,4,0.03,0.026208,73.4436,cut,9638,9630,no
rKaHyPar,sat14_ACG-20-5p1.cnf.primal.hgr,no,no,8,4,0.03,0.0215462,110.246,cut,9608,9606,no
rKaHyPar,sat14_ACG-20-5p1.cnf.primal.hgr,no,no,9,4,0.03,0.0299762,90.2795,cut,9378,9374,no
rKaHyPar,sat14_ACG-20-5p1.cnf.primal.hgr,no,no,0,64,0.03,0.0299517,112.129,cut,54743,54102,no
rKaHyPar,sat14_ACG-20-5p1.cnf.primal.hgr,no,no,1,64,0.03,0.0299517,149.726,cut,53195,52388,no
rKaHyPar,sat14_ACG-20-5p1.cnf.primal.hgr,no,no,2,64,0.03,0.0299517,150.375,cut,53015,52222,no
rKaHyPar,sat14_ACG-20-5p1.cnf.primal.hgr,no,no,3,64,0.03,0.0299517,114.993,cut,53831,53077,no
rKaHyPar,sat14_ACG-20-5p1.cnf.primal.hgr,no,no,4,64,0.03,0.0299517,118.726,cut,55882,54993,no
rKaHyPar,sat14_ACG-20-5p1.cnf.primal.hgr,no,no,5,64,0.03,0.0299517,115.38,cut,53562,52815,no
rKaHyPar,sat14_ACG-20-5p1.cnf.primal.hgr,no,no,6,64,0.03,0.0299517,162.659,cut,54748,53902,no
rKaHyPar,sat14_ACG-20-5p1.cnf.primal.hgr,no,no,7,64,0.03,0.0299517,113.828,cut,54921,54030,no
rKaHyPar,sat14_ACG-20-5p1.cnf.primal.hgr,no,no,8,64,0.03,0.0299517,113.526,cut,54002,53138,no
rKaHyPar,sat14_ACG-20-5p1.cnf.primal.hgr,no,no,9,64,0.03,0.0299517,162.301,cut,54101,53309,no
rKaHyPar,sat14_ACG-20-5p1.cnf.primal.hgr,no,no,0,8,0.03,0.0295652,177.489,cut,17040,16977,no
rKaHyPar,sat14_ACG-20-5p1.cnf.primal.hgr,no,no,1,8,0.03,0.0266908,159.01,cut,17237,17203,no
rKaHyPar,sat14_ACG-20-5p1.cnf.primal.hgr,no,no,2,8,0.03,0.03,143.313,cut,17232,17180,no
rKaHyPar,sat14_ACG-20-5p1.cnf.primal.hgr,no,no,3,8,0.03,0.0295411,145.964,cut,17783,17729,no
rKaHyPar,sat14_ACG-20-5p1.cnf.primal.hgr,no,no,4,8,0.03,0.0280918,157.218,cut,17066,17019,no
rKaHyPar,sat14_ACG-20-5p1.cnf.primal.hgr,no,no,5,8,0.03,0.0265459,151.535,cut,17108,17065,no
rKaHyPar,sat14_ACG-20-5p1.cnf.primal.hgr,no,no,6,8,0.03,0.0211594,260.442,cut,16978,16933,no
rKaHyPar,sat14_ACG-20-5p1.cnf.primal.hgr,no,no,7,8,0.03,0.0236473,208.345,cut,17823,17761,no
rKaHyPar,sat14_ACG-20-5p1.cnf.primal.hgr,no,no,8,8,0.03,0.028285,121.947,cut,17180,17144,no
rKaHyPar,sat14_ACG-20-5p1.cnf.primal.hgr,no,no,9,8,0.03,0.02657,166.279,cut,17320,17261,no
rKaHyPar,sat14_AProVE07-01.cnf.dual.hgr,no,no,0,128,0.03,0.0222222,6.01055,cut,6484,1844,no
rKaHyPar,sat14_AProVE07-01.cnf.dual.hgr,no,no,1,128,0.03,0.0222222,7.72353,cut,5853,1858,no
rKaHyPar,sat14_AProVE07-01.cnf.dual.hgr,no,no,2,128,0.03,0.0266667,8.1704,cut,6110,1836,no
rKaHyPar,sat14_AProVE07-01.cnf.dual.hgr,no,no,3,128,0.03,0.0266667,5.87554,cut,5820,1836,no
rKaHyPar,sat14_AProVE07-01.cnf.dual.hgr,no,no,4,128,0.03,0.0222222,5.95838,cut,6184,1854,no
rKaHyPar,sat14_AProVE07-01.cnf.dual.hgr,no,no,5,128,0.03,0.0222222,5.70599,cut,6356,1843,no
rKaHyPar,sat14_AProVE07-01.cnf.dual.hgr,no,no,6,128,0.03,0.0222222,5.14117,cut,5922,1842,no
rKaHyPar,sat14_AProVE07-01.cnf.dual.hgr,no,no,7,128,0.03,0.0222222,5.39551,cut,5925,1847,no
rKaHyPar,sat14_AProVE07-01.cnf.dual.hgr,no,no,8,128,0.03,0.0222222,7.44483,cut,6070,1851,no
rKaHyPar,sat14_AProVE07-01.cnf.dual.hgr,no,no,9,128,0.03,0.0266667,8.67836,cut,6311,1839,no
rKaHyPar,sat14_AProVE07-01.cnf.dual.hgr,no,no,0,16,0.03,0.0261256,4.87816,cut,2188,1208,no
rKaHyPar,sat14_AProVE07-01.cnf.dual.hgr,no,no,1,16,0.03,0.0294608,4.09448,cut,2097,1171,no
rKaHyPar,sat14_AProVE07-01.cnf.dual.hgr,no,no,2,16,0.03,0.0266815,4.80737,cut,2365,1189,no
rKaHyPar,sat14_AProVE07-01.cnf.dual.hgr,no,no,3,16,0.03,0.0277932,2.98828,cut,2193,1188,no
rKaHyPar,sat14_AProVE07-01.cnf.dual.hgr,no,no,4,16,0.03,0.0233463,5.06286,cut,2089,1187,no
rKaHyPar,sat14_AProVE07-01.cnf.dual.hgr,no,no,5,16,0.03,0.0261256,5.09687,cut,2202,1168,no
rKaHyPar,sat14_AProVE07-01.cnf.dual.hgr,no,no,6,16,0.03,0.0277932,3.11499,cut,2300,1185,no
rKaHyPar,sat14_AProVE07-01.cnf.dual.hgr,no,no,7,16,0.03,0.0155642,4.08358,cut,2158,1181,no
rKaHyPar,sat14_AProVE07-01.cnf.dual.hgr,no,no,8,16,0.03,0.0261256,4.93903,cut,2241,1197,no
rKaHyPar,sat14_AProVE07-01.cnf.dual.hgr,no,no,9,16,0.03,0.0233463,3.76747,cut,2243,1154,no
rKaHyPar,sat14_AProVE07-01.cnf.dual.hgr,no,no,0,2,0.03,0.0276677,1.64503,cut,219,219,no
rKaHyPar,sat14_AProVE07-01.cnf.dual.hgr,no,no,1,2,0.03,0.0291971,1.71105,cut,216,216,no
rKaHyPar,sat14_AProVE07-01.cnf.dual.hgr,no,no,2,2,0.03,0.0299618,2.43568,cut,219,219,no
rKaHyPar,sat14_AProVE07-01.cnf.dual.hgr,no,no,3,2,0.03,0.026625,1.66844,cut,213,213,no
rKaHyPar,sat14_AProVE07-01.cnf.dual.hgr,no,no,4,2,0.03,0.0295447,1.78773,cut,216,216,no
rKaHyPar,sat14_AProVE07-01.cnf.dual.hgr,no,no,5,2,0.03,0.0299618,1.63716,cut,217,217,no
rKaHyPar,sat14_AProVE07-01.cnf.dual.hgr,no,no,6,2,0.03,0.0276677,1.50279,cut,219,219,no
rKaHyPar,sat14_AProVE07-01.cnf.dual.hgr,no,no,7,2,0.03,0.0291971,1.74285,cut,216,216,no
rKaHyPar,sat14_AProVE07-01.cnf.dual.hgr,no,no,8,2,0.03,0.0276677,2.44971,cut,219,219,no
rKaHyPar,sat14_AProVE07-01.cnf.dual.hgr,no,no,9,2,0.03,0.0299618,2.42888,cut,217,217,no
rKaHyPar,sat14_AProVE07-01.cnf.dual.hgr,no,no,0,32,0.03,0.0288889,3.93961,cut,3346,1357,no
rKaHyPar,sat14_AProVE07-01.cnf.dual.hgr,no,no,1,32,0.03,0.03,3.75577,cut,3098,1360,no
rKaHyPar,sat14_AProVE07-01.cnf.dual.hgr,no,no,2,32,0.03,0.0255556,3.85573,cut,3354,1357,no
rKaHyPar,sat14_AProVE07-01.cnf.dual.hgr,no,no,3,32,0.03,0.0288889,5.75174,cut,3393,1396,no
rKaHyPar,sat14_AProVE07-01.cnf.dual.hgr,no,no,4,32,0.03,0.0244444,3.86277,cut,3557,1371,no
rKaHyPar,sat14_AProVE07-01.cnf.dual.hgr,no,no,5,32,0.03,0.0266667,5.71644,cut,3476,1368,no
rKaHyPar,sat14_AProVE07-01.cnf.dual.hgr,no,no,6,32,0.03,0.0255556,5.43297,cut,3377,1392,no
rKaHyPar,sat14_AProVE07-01.cnf.dual.hgr,no,no,7,32,0.03,0.03,3.45655,cut,3378,1378,no
rKaHyPar,sat14_AProVE07-01.cnf.dual.hgr,no,no,8,32,0.03,0.0277778,5.62536,cut,3339,1382,no
rKaHyPar,sat14_AProVE07-01.cnf.dual.hgr,no,no,9,32,0.03,0.0244444,3.63693,cut,3494,1370,no
rKaHyPar,sat14_AProVE07-01.cnf.dual.hgr,no,no,0,4,0.03,0.0148756,3.89304,cut,670,548,no
rKaHyPar,sat14_AProVE07-01.cnf.dual.hgr,no,no,1,4,0.03,0.0262755,3.10053,cut,690,557,no
rKaHyPar,sat14_AProVE07-01.cnf.dual.hgr,no,no,2,4,0.03,0.0222438,1.91355,cut,682,563,no
rKaHyPar,sat14_AProVE07-01.cnf.dual.hgr,no,no,3,4,0.03,0.0136244,2.13459,cut,689,552,no
rKaHyPar,sat14_AProVE07-01.cnf.dual.hgr,no,no,4,4,0.03,0.0148756,3.87249,cut,670,551,no
rKaHyPar,sat14_AProVE07-01.cnf.dual.hgr,no,no,5,4,0.03,0.0139024,1.89971,cut,695,554,no
rKaHyPar,sat14_AProVE07-01.cnf.dual.hgr,no,no,6,4,0.03,0.0125122,2.75795,cut,682,547,no
rKaHyPar,sat14_AProVE07-01.cnf.dual.hgr,no,no,7,4,0.03,0.0168219,2.15149,cut,679,555,no
rKaHyPar,sat14_AProVE07-01.cnf.dual.hgr,no,no,8,4,0.03,0.0204365,2.96803,cut,671,553,no
rKaHyPar,sat14_AProVE07-01.cnf.dual.hgr,no,no,9,4,0.03,0.0258585,2.38575,cut,661,549,no
rKaHyPar,sat14_AProVE07-01.cnf.dual.hgr,no,no,0,64,0.03,0.0288889,4.07754,cut,4709,1568,no
rKaHyPar,sat14_AProVE07-01.cnf.dual.hgr,no,no,1,64,0.03,0.0288889,6.59666,cut,4566,1598,no
rKaHyPar,sat14_AProVE07-01.cnf.dual.hgr,no,no,2,64,0.03,0.0288889,6.66411,cut,4623,1569,no
rKaHyPar,sat14_AProVE07-01.cnf.dual.hgr,no,no,3,64,0.03,0.0288889,4.74186,cut,4717,1540,no
rKaHyPar,sat14_AProVE07-01.cnf.dual.hgr,no,no,4,64,0.03,0.0244444,4.67059,cut,4927,1546,no
rKaHyPar,sat14_AProVE07-01.cnf.dual.hgr,no,no,5,64,0.03,0.0288889,3.96488,cut,4238,1537,no
rKaHyPar,sat14_AProVE07-01.cnf.dual.hgr,no,no,6,64,0.03,0.0244444,6.77403,cut,4675,1544,no
rKaHyPar,sat14_AProVE07-01.cnf.dual.hgr,no,no,7,64,0.03,0.0288889,4.8594,cut,4840,1595,no
rKaHyPar,sat14_AProVE07-01.cnf.dual.hgr,no,no,8,64,0.03,0.0222222,4.59392,cut,4407,1565,no
rKaHyPar,sat14_AProVE07-01.cnf.dual.hgr,no,no,9,64,0.03,0.0288889,6.44182,cut,4595,1542,no
rKaHyPar,sat14_AProVE07-01.cnf.dual.hgr,no,no,0,8,0.03,0.0230748,3.57669,cut,1342,908,no
rKaHyPar,sat14_AProVE07-01.cnf.dual.hgr,no,no,1,8,0.03,0.029191,4.38871,cut,1414,934,no
rKaHyPar,sat14_AProVE07-01.cnf.dual.hgr,no,no,2,8,0.03,0.0278009,4.17697,cut,1420,934,no
rKaHyPar,sat14_AProVE07-01.cnf.dual.hgr,no,no,3,8,0.03,0.0275229,4.49309,cut,1391,912,no
rKaHyPar,sat14_AProVE07-01.cnf.dual.hgr,no,no,4,8,0.03,0.0266889,4.39966,cut,1312,888,no
rKaHyPar,sat14_AProVE07-01.cnf.dual.hgr,no,no,5,8,0.03,0.029191,4.50802,cut,1445,944,no
rKaHyPar,sat14_AProVE07-01.cnf.dual.hgr,no,no,6,8,0.03,0.029469,2.86635,cut,1420,933,no
rKaHyPar,sat14_AProVE07-01.cnf.dual.hgr,no,no,7,8,0.03,0.029191,2.39121,cut,1423,968,no
rKaHyPar,sat14_AProVE07-01.cnf.dual.hgr,no,no,8,8,0.03,0.028635,2.33897,cut,1389,935,no
rKaHyPar,sat14_AProVE07-01.cnf.dual.hgr,no,no,9,8,0.03,0.0244648,3.35249,cut,1370,944,no
rKaHyPar,sat14_AProVE07-01.cnf.hgr,no,no,0,128,0.03,0.0254237,5.61416,cut,10819,8511,no
rKaHyPar,sat14_AProVE07-01.cnf.hgr,no,no,1,128,0.03,0.0254237,7.7508,cut,10827,8447,no
rKaHyPar,sat14_AProVE07-01.cnf.hgr,no,no,2,128,0.03,0.0254237,5.66243,cut,10948,8459,no
rKaHyPar,sat14_AProVE07-01.cnf.hgr,no,no,3,128,0.03,0.0254237,5.61266,cut,10961,8497,no
rKaHyPar,sat14_AProVE07-01.cnf.hgr,no,no,4,128,0.03,0.0254237,5.68768,cut,10898,8462,no
rKaHyPar,sat14_AProVE07-01.cnf.hgr,no,no,5,128,0.03,0.0254237,5.66748,cut,11048,8545,no
rKaHyPar,sat14_AProVE07-01.cnf.hgr,no,no,6,128,0.03,0.0254237,5.64062,cut,10918,8515,no
rKaHyPar,sat14_AProVE07-01.cnf.hgr,no,no,7,128,0.03,0.0254237,5.62427,cut,11001,8550,no
rKaHyPar,sat14_AProVE07-01.cnf.hgr,no,no,8,128,0.03,0.0254237,5.62689,cut,10948,8518,no
rKaHyPar,sat14_AProVE07-01.cnf.hgr,no,no,9,128,0.03,0.0254237,7.83715,cut,10878,8455,no
rKaHyPar,sat14_AProVE07-01.cnf.hgr,no,no,0,16,0.03,0.0277186,3.09575,cut,5260,4569,no
rKaHyPar,sat14_AProVE07-01.cnf.hgr,no,no,1,16,0.03,0.0298507,2.93427,cut,5084,4545,no
rKaHyPar,sat14_AProVE07-01.cnf.hgr,no,no,2,16,0.03,0.0298507,2.22178,cut,5116,4570,no
rKaHyPar,sat14_AProVE07-01.cnf.hgr,no,no,3,16,0.03,0.0287846,2.24562,cut,5149,4562,no
rKaHyPar,sat14_AProVE07-01.cnf.hgr,no,no,4,16,0.03,0.0298507,2.98929,cut,5288,4729,no
rKaHyPar,sat14_AProVE07-01.cnf.hgr,no,no,5,16,0.03,0.0266525,2.88483,cut,5184,4597,no
rKaHyPar,sat14_AProVE07-01.cnf.hgr,no,no,6,16,0.03,0.0298507,2.05475,cut,5164,4574,no
rKaHyPar,sat14_AProVE07-01.cnf.hgr,no,no,7,16,0.03,0.0298507,2.92518,cut,5180,4578,no
rKaHyPar,sat14_AProVE07-01.cnf.hgr,no,no,8,16,0.03,0.0298507,2.09147,cut,5160,4570,no
rKaHyPar,sat14_AProVE07-01.cnf.hgr,no,no,9,16,0.03,0.0277186,2.89225,cut,5076,4560,no
rKaHyPar,sat14_AProVE07-01.cnf.hgr,no,no,0,2,0.03,0.0163956,0.634189,cut,940,940,no
rKaHyPar,sat14_AProVE07-01.cnf.hgr,no,no,1,2,0.03,0.00653159,0.662038,cut,938,938,no
rKaHyPar,sat14_AProVE07-01.cnf.hgr,no,no,2,2,0.03,0.0114636,1.0654,cut,939,939,no
rKaHyPar,sat14_AProVE07-01.cnf.hgr,no,no,3,2,0.03,0.0114636,0.668295,cut,939,939,no
rKaHyPar,sat14_AProVE07-01.cnf.hgr,no,no,4,2,0.03,0.0163956,0.636744,cut,940,940,no
rKaHyPar,sat14_AProVE07-01.cnf.hgr,no,no,5,2,0.03,0.0114636,0.657902,cut,939,939,no
rKaHyPar,sat14_AProVE07-01.cnf.hgr,no,no,6,2,0.03,0.0114636,0.643577,cut,939,939,no
rKaHyPar,sat14_AProVE07-01.cnf.hgr,no,no,7,2,0.03,0.0163956,0.6311,cut,940,940,no
rKaHyPar,sat14_AProVE07-01.cnf.hgr,no,no,8,2,0.03,0.0114636,0.657201,cut,939,939,no
rKaHyPar,sat14_AProVE07-01.cnf.hgr,no,no,9,2,0.03,0.0117302,0.949823,cut,940,940,no
rKaHyPar,sat14_AProVE07-01.cnf.hgr,no,no,0,32,0.03,0.0298507,2.78805,cut,6534,5533,no
rKaHyPar,sat14_AProVE07-01.cnf.hgr,no,no,1,32,0.03,0.0298507,2.8154,cut,6690,5644,no
rKaHyPar,sat14_AProVE07-01.cnf.hgr,no,no,2,32,0.03,0.0298507,2.85496,cut,6599,5573,no
rKaHyPar,sat14_AProVE07-01.cnf.hgr,no,no,3,32,0.03,0.0298507,2.83575,cut,6643,5658,no
rKaHyPar,sat14_AProVE07-01.cnf.hgr,no,no,4,32,0.03,0.0298507,3.81946,cut,6677,5642,no
rKaHyPar,sat14_AProVE07-01.cnf.hgr,no,no,5,32,0.03,0.0298507,3.92356,cut,6774,5726,no
rKaHyPar,sat14_AProVE07-01.cnf.hgr,no,no,6,32,0.03,0.0298507,3.85835,cut,6714,5646,no
rKaHyPar,sat14_AProVE07-01.cnf.hgr,no,no,7,32,0.03,0.0298507,2.753,cut,6736,5652,no
rKaHyPar,sat14_AProVE07-01.cnf.hgr,no,no,8,32,0.03,0.0277186,4.01341,cut,6587,5661,no
rKaHyPar,sat14_AProVE07-01.cnf.hgr,no,no,9,32,0.03,0.0298507,2.80594,cut,6704,5663,no
rKaHyPar,sat14_AProVE07-01.cnf.hgr,no,no,0,4,0.03,0.026393,1.57467,cut,2254,2161,no
rKaHyPar,sat14_AProVE07-01.cnf.hgr,no,no,1,4,0.03,0.0231938,1.5928,cut,2279,2183,no
rKaHyPar,sat14_AProVE07-01.cnf.hgr,no,no,2,4,0.03,0.0234604,1.14377,cut,2267,2191,no
rKaHyPar,sat14_AProVE07-01.cnf.hgr,no,no,3,4,0.03,0.0181285,1.60001,cut,2261,2180,no
rKaHyPar,sat14_AProVE07-01.cnf.hgr,no,no,4,4,0.03,0.0191949,1.14522,cut,2255,2178,no
rKaHyPar,sat14_AProVE07-01.cnf.hgr,no,no,5,4,0.03,0.0159957,1.31731,cut,2287,2185,no
rKaHyPar,sat14_AProVE07-01.cnf.hgr,no,no,6,4,0.03,0.0165289,1.09864,cut,2252,2177,no
rKaHyPar,sat14_AProVE07-01.cnf.hgr,no,no,7,4,0.03,0.0058651,1.7423,cut,2422,2331,no
rKaHyPar,sat14_AProVE07-01.cnf.hgr,no,no,8,4,0.03,0.00799787,1.55236,cut,2272,2182,no
rKaHyPar,sat14_AProVE07-01.cnf.hgr,no,no,9,4,0.03,0.0146628,1.20838,cut,2269,2199,no
rKaHyPar,sat14_AProVE07-01.cnf.hgr,no,no,0,64,0.03,0.0297872,3.93878,cut,8182,6677,no
rKaHyPar,sat14_AProVE07-01.cnf.hgr,no,no,1,64,0.03,0.0297872,5.49593,cut,8548,6952,no
rKaHyPar,sat14_AProVE07-01.cnf.hgr,no,no,2,64,0.03,0.0297872,5.66852,cut,8487,6975,no
rKaHyPar,sat14_AProVE07-01.cnf.hgr,no,no,3,64,0.03,0.0297872,5.50882,cut,8439,6906,no
rKaHyPar,sat14_AProVE07-01.cnf.hgr,no,no,4,64,0.03,0.0297872,3.90987,cut,8469,6881,no
rKaHyPar,sat14_AProVE07-01.cnf.hgr,no,no,5,64,0.03,0.0297872,3.86831,cut,8109,6713,no
rKaHyPar,sat14_AProVE07-01.cnf.hgr,no,no,6,64,0.03,0.0297872,5.48945,cut,8417,6913,no
rKaHyPar,sat14_AProVE07-01.cnf.hgr,no,no,7,64,0.03,0.0297872,3.92609,cut,8573,6970,no
rKaHyPar,sat14_AProVE07-01.cnf.hgr,no,no,8,64,0.03,0.0297872,4.13026,cut,8375,6822,no
rKaHyPar,sat14_AProVE07-01.cnf.hgr,no,no,9,64,0.03,0.0297872,3.94641,cut,8487,6856,no
rKaHyPar,sat14_AProVE07-01.cnf.hgr,no,no,0,8,0.03,0.0298507,1.72139,cut,3787,3456,no
rKaHyPar,sat14_AProVE07-01.cnf.hgr,no,no,1,8,0.03,0.0255864,2.31551,cut,3807,3467,no
rKaHyPar,sat14_AProVE07-01.cnf.hgr,no,no,2,8,0.03,0.0298507,2.3879,cut,3784,3493,no
rKaHyPar,sat14_AProVE07-01.cnf.hgr,no,no,3,8,0.03,0.0298507,2.26028,cut,3765,3454,no
rKaHyPar,sat14_AProVE07-01.cnf.hgr,no,no,4,8,0.03,0.0298507,2.78268,cut,3710,3442,no
rKaHyPar,sat14_AProVE07-01.cnf.hgr,no,no,5,8,0.03,0.0298507,2.51485,cut,3775,3476,no
rKaHyPar,sat14_AProVE07-01.cnf.hgr,no,no,6,8,0.03,0.0298507,2.37967,cut,3748,3470,no
rKaHyPar,sat14_AProVE07-01.cnf.hgr,no,no,7,8,0.03,0.0293177,1.74159,cut,3729,3468,no
rKaHyPar,sat14_AProVE07-01.cnf.hgr,no,no,8,8,0.03,0.0298507,1.68246,cut,3691,3448,no
rKaHyPar,sat14_AProVE07-01.cnf.hgr,no,no,9,8,0.03,0.0298507,2.41979,cut,3739,3444,no
rKaHyPar,sat14_AProVE07-01.cnf.primal.hgr,no,no,0,128,0.03,0.0169492,4.73154,cut,11205,8992,no
rKaHyPar,sat14_AProVE07-01.cnf.primal.hgr,no,no,1,128,0.03,0.0169492,6.83841,cut,11123,8981,no
rKaHyPar,sat14_AProVE07-01.cnf.primal.hgr,no,no,2,128,0.03,0.0169492,6.74374,cut,11182,9006,no
rKaHyPar,sat14_AProVE07-01.cnf.primal.hgr,no,no,3,128,0.03,0.0169492,4.75651,cut,11222,9008,no
rKaHyPar,sat14_AProVE07-01.cnf.primal.hgr,no,no,4,128,0.03,0.0169492,4.79957,cut,11262,9052,no
rKaHyPar,sat14_AProVE07-01.cnf.primal.hgr,no,no,5,128,0.03,0.0169492,4.89033,cut,11290,9118,no
rKaHyPar,sat14_AProVE07-01.cnf.primal.hgr,no,no,6,128,0.03,0.0169492,4.62838,cut,11090,8949,no
rKaHyPar,sat14_AProVE07-01.cnf.primal.hgr,no,no,7,128,0.03,0.0169492,4.81823,cut,11066,8829,no
rKaHyPar,sat14_AProVE07-01.cnf.primal.hgr,no,no,8,128,0.03,0.0169492,6.64605,cut,11204,9020,no
rKaHyPar,sat14_AProVE07-01.cnf.primal.hgr,no,no,9,128,0.03,0.0169492,6.71178,cut,11161,9003,no
rKaHyPar,sat14_AProVE07-01.cnf.primal.hgr,no,no,0,16,0.03,0.0298507,2.18851,cut,5303,4681,no
rKaHyPar,sat14_AProVE07-01.cnf.primal.hgr,no,no,1,16,0.03,0.0298507,2.20248,cut,5195,4652,no
rKaHyPar,sat14_AProVE07-01.cnf.primal.hgr,no,no,2,16,0.03,0.0298507,1.59768,cut,5193,4600,no
rKaHyPar,sat14_AProVE07-01.cnf.primal.hgr,no,no,3,16,0.03,0.0298507,1.59427,cut,5108,4583,no
rKaHyPar,sat14_AProVE07-01.cnf.primal.hgr,no,no,4,16,0.03,0.0298507,2.19474,cut,5082,4656,no
rKaHyPar,sat14_AProVE07-01.cnf.primal.hgr,no,no,5,16,0.03,0.0298507,2.18688,cut,5082,4601,no
rKaHyPar,sat14_AProVE07-01.cnf.primal.hgr,no,no,6,16,0.03,0.0298507,1.51177,cut,5276,4636,no
rKaHyPar,sat14_AProVE07-01.cnf.primal.hgr,no,no,7,16,0.03,0.0255864,2.2001,cut,5287,4644,no
rKaHyPar,sat14_AProVE07-01.cnf.primal.hgr,no,no,8,16,0.03,0.0234542,1.544,cut,5152,4633,no
rKaHyPar,sat14_AProVE07-01.cnf.primal.hgr,no,no,9,16,0.03,0.0298507,2.02577,cut,5238,4600,no
rKaHyPar,sat14_AProVE07-01.cnf.primal.hgr,no,no,0,2,0.03,0.0133298,0.511662,cut,1014,1014,no
rKaHyPar,sat14_AProVE07-01.cnf.primal.hgr,no,no,1,2,0.03,0.023727,0.475436,cut,1036,1036,no
rKaHyPar,sat14_AProVE07-01.cnf.primal.hgr,no,no,2,2,0.03,0.0165289,0.759443,cut,989,989,no
rKaHyPar,sat14_AProVE07-01.cnf.primal.hgr,no,no,3,2,0.03,0.0186617,0.50756,cut,1045,1045,no
rKaHyPar,sat14_AProVE07-01.cnf.primal.hgr,no,no,4,2,0.03,0,0.529492,cut,953,953,no
rKaHyPar,sat14_AProVE07-01.cnf.primal.hgr,no,no,5,2,0.03,0.0298587,0.579073,cut,1036,1036,no
rKaHyPar,sat14_AProVE07-01.cnf.primal.hgr,no,no,6,2,0.03,0.0247934,0.537602,cut,1005,1005,no
rKaHyPar,sat14_AProVE07-01.cnf.primal.hgr,no,no,7,2,0.03,0.0207945,0.476369,cut,1006,1006,no
rKaHyPar,sat14_AProVE07-01.cnf.primal.hgr,no,no,8,2,0.03,0.0271927,0.514369,cut,1003,1003,no
rKaHyPar,sat14_AProVE07-01.cnf.primal.hgr,no,no,9,2,0.03,0.0298587,0.709482,cut,1035,1035,no
rKaHyPar,sat14_AProVE07-01.cnf.primal.hgr,no,no,0,32,0.03,0.0297872,2.3623,cut,6840,5824,no
rKaHyPar,sat14_AProVE07-01.cnf.primal.hgr,no,no,1,32,0.03,0.0297872,2.1743,cut,6658,5639,no
rKaHyPar,sat14_AProVE07-01.cnf.primal.hgr,no,no,2,32,0.03,0.0297872,2.24383,cut,6565,5754,no
rKaHyPar,sat14_AProVE07-01.cnf.primal.hgr,no,no,3,32,0.03,0.0297872,3.1996,cut,6704,5677,no
rKaHyPar,sat14_AProVE07-01.cnf.primal.hgr,no,no,4,32,0.03,0.0297872,3.19054,cut,6596,5762,no
rKaHyPar,sat14_AProVE07-01.cnf.primal.hgr,no,no,5,32,0.03,0.0297872,3.15548,cut,6750,5749,no
rKaHyPar,sat14_AProVE07-01.cnf.primal.hgr,no,no,6,32,0.03,0.0297872,3.1805,cut,6967,5932,no
rKaHyPar,sat14_AProVE07-01.cnf.primal.hgr,no,no,7,32,0.03,0.0297872,2.25535,cut,6944,5867,no
rKaHyPar,sat14_AProVE07-01.cnf.primal.hgr,no,no,8,32,0.03,0.0297872,3.15234,cut,6858,5832,no
rKaHyPar,sat14_AProVE07-01.cnf.primal.hgr,no,no,9,32,0.03,0.0297872,2.3018,cut,6802,5844,no
rKaHyPar,sat14_AProVE07-01.cnf.primal.hgr,no,no,0,4,0.03,0.0298507,1.16287,cut,2507,2353,no
rKaHyPar,sat14_AProVE07-01.cnf.primal.hgr,no,no,1,4,0.03,0.00533049,1.06246,cut,2683,2379,no
rKaHyPar,sat14_AProVE07-01.cnf.primal.hgr,no,no,2,4,0.03,0.0223881,0.92009,cut,2389,2300,no
rKaHyPar,sat14_AProVE07-01.cnf.primal.hgr,no,no,3,4,0.03,0.00692964,0.777161,cut,2504,2381,no
rKaHyPar,sat14_AProVE07-01.cnf.primal.hgr,no,no,4,4,0.03,0.0298507,0.844238,cut,2592,2459,no
rKaHyPar,sat14_AProVE07-01.cnf.primal.hgr,no,no,5,4,0.03,0.0223881,0.947246,cut,2599,2473,no
rKaHyPar,sat14_AProVE07-01.cnf.primal.hgr,no,no,6,4,0.03,0.0271855,1.03013,cut,2574,2462,no
rKaHyPar,sat14_AProVE07-01.cnf.primal.hgr,no,no,7,4,0.03,0.0287846,1.07398,cut,2517,2412,no
rKaHyPar,sat14_AProVE07-01.cnf.primal.hgr,no,no,8,4,0.03,0.0298507,1.14993,cut,2507,2407,no
rKaHyPar,sat14_AProVE07-01.cnf.primal.hgr,no,no,9,4,0.03,0.00479744,0.683536,cut,2559,2497,no
rKaHyPar,sat14_AProVE07-01.cnf.primal.hgr,no,no,0,64,0.03,0.0254237,3.36123,cut,8517,7015,no
rKaHyPar,sat14_AProVE07-01.cnf.primal.hgr,no,no,1,64,0.03,0.0254237,4.68436,cut,8236,6845,no
rKaHyPar,sat14_AProVE07-01.cnf.primal.hgr,no,no,2,64,0.03,0.0254237,4.60838,cut,8296,6927,no
rKaHyPar,sat14_AProVE07-01.cnf.primal.hgr,no,no,3,64,0.03,0.0254237,4.72133,cut,8438,6956,no
rKaHyPar,sat14_AProVE07-01.cnf.primal.hgr,no,no,4,64,0.03,0.0254237,3.3255,cut,8361,6933,no
rKaHyPar,sat14_AProVE07-01.cnf.primal.hgr,no,no,5,64,0.03,0.0254237,3.3848,cut,8308,6921,no
rKaHyPar,sat14_AProVE07-01.cnf.primal.hgr,no,no,6,64,0.03,0.0254237,4.70488,cut,8552,7165,no
rKaHyPar,sat14_AProVE07-01.cnf.primal.hgr,no,no,7,64,0.03,0.0254237,3.33952,cut,8507,7083,no
rKaHyPar,sat14_AProVE07-01.cnf.primal.hgr,no,no,8,64,0.03,0.0254237,3.34046,cut,8507,7009,no
rKaHyPar,sat14_AProVE07-01.cnf.primal.hgr,no,no,9,64,0.03,0.0254237,3.31182,cut,8444,7035,no
rKaHyPar,sat14_AProVE07-01.cnf.primal.hgr,no,no,0,8,0.03,0.0298507,1.04422,cut,3685,3395,no
rKaHyPar,sat14_AProVE07-01.cnf.primal.hgr,no,no,1,8,0.03,0.0298507,1.5278,cut,3917,3584,no
rKaHyPar,sat14_AProVE07-01.cnf.primal.hgr,no,no,2,8,0.03,0.0202559,1.48331,cut,3750,3510,no
rKaHyPar,sat14_AProVE07-01.cnf.primal.hgr,no,no,3,8,0.03,0.0298507,1.59005,cut,3769,3540,no
rKaHyPar,sat14_AProVE07-01.cnf.primal.hgr,no,no,4,8,0.03,0.0298507,1.70089,cut,3707,3516,no
rKaHyPar,sat14_AProVE07-01.cnf.primal.hgr,no,no,5,8,0.03,0.0298507,1.60622,cut,3821,3549,no
rKaHyPar,sat14_AProVE07-01.cnf.primal.hgr,no,no,6,8,0.03,0.0234542,1.57215,cut,3993,3650,no
rKaHyPar,sat14_AProVE07-01.cnf.primal.hgr,no,no,7,8,0.03,0.021322,1.18017,cut,3741,3494,no
rKaHyPar,sat14_AProVE07-01.cnf.primal.hgr,no,no,8,8,0.03,0.0298507,1.2503,cut,3819,3500,no
rKaHyPar,sat14_AProVE07-01.cnf.primal.hgr,no,no,9,8,0.03,0.0298507,1.59071,cut,3856,3641,no
rKaHyPar,sat14_AProVE07-27.cnf.dual.hgr,no,no,0,128,0.03,0.0262009,4.6309,cut,3078,803,no
rKaHyPar,sat14_AProVE07-27.cnf.dual.hgr,no,no,1,128,0.03,0.0262009,4.56862,cut,2979,807,no
rKaHyPar,sat14_AProVE07-27.cnf.dual.hgr,no,no,2,128,0.03,0.0262009,4.62004,cut,2986,816,no
rKaHyPar,sat14_AProVE07-27.cnf.dual.hgr,no,no,3,128,0.03,0.0262009,4.66739,cut,3007,801,no
rKaHyPar,sat14_AProVE07-27.cnf.dual.hgr,no,no,4,128,0.03,0.0262009,4.56366,cut,3042,826,no
rKaHyPar,sat14_AProVE07-27.cnf.dual.hgr,no,no,5,128,0.03,0.0262009,4.6154,cut,3002,813,no
rKaHyPar,sat14_AProVE07-27.cnf.dual.hgr,no,no,6,128,0.03,0.0218341,4.6078,cut,3041,820,no
rKaHyPar,sat14_AProVE07-27.cnf.dual.hgr,no,no,7,128,0.03,0.0262009,4.57837,cut,3092,814,no
rKaHyPar,sat14_AProVE07-27.cnf.dual.hgr,no,no,8,128,0.03,0.0262009,4.67364,cut,3001,814,no
rKaHyPar,sat14_AProVE07-27.cnf.dual.hgr,no,no,9,128,0.03,0.0218341,6.58447,cut,3012,815,no
rKaHyPar,sat14_AProVE07-27.cnf.dual.hgr,no,no,0,16,0.03,0.0241096,2.94177,cut,1009,306,no
rKaHyPar,sat14_AProVE07-27.cnf.dual.hgr,no,no,1,16,0.03,0.029589,2.8321,cut,980,308,no
rKaHyPar,sat14_AProVE07-27.cnf.dual.hgr,no,no,2,16,0.03,0.029589,1.94668,cut,1020,307,no
rKaHyPar,sat14_AProVE07-27.cnf.dual.hgr,no,no,3,16,0.03,0.0224658,1.9602,cut,997,316,no
rKaHyPar,sat14_AProVE07-27.cnf.dual.hgr,no,no,4,16,0.03,0.0263014,3.04278,cut,1036,308,no
rKaHyPar,sat14_AProVE07-27.cnf.dual.hgr,no,no,5,16,0.03,0.020274,2.89823,cut,973,308,no
rKaHyPar,sat14_AProVE07-27.cnf.dual.hgr,no,no,6,16,0.03,0.0241096,1.88359,cut,992,316,no
rKaHyPar,sat14_AProVE07-27.cnf.dual.hgr,no,no,7,16,0.03,0.0263014,1.98172,cut,1049,312,no
rKaHyPar,sat14_AProVE07-27.cnf.dual.hgr,no,no,8,16,0.03,0.0268493,1.93765,cut,1003,313,no
rKaHyPar,sat14_AProVE07-27.cnf.dual.hgr,no,no,9,16,0.03,0.0230137,2.9174,cut,973,306,no
rKaHyPar,sat14_AProVE07-27.cnf.dual.hgr,no,no,0,2,0.03,0.0176064,1.13845,cut,109,109,no
rKaHyPar,sat14_AProVE07-27.cnf.dual.hgr,no,no,1,2,0.03,0.0176064,1.14013,cut,109,109,no
rKaHyPar,sat14_AProVE07-27.cnf.dual.hgr,no,no,2,2,0.03,0.0176064,1.76462,cut,109,109,no
rKaHyPar,sat14_AProVE07-27.cnf.dual.hgr,no,no,3,2,0.03,0.0176064,1.09414,cut,109,109,no
rKaHyPar,sat14_AProVE07-27.cnf.dual.hgr,no,no,4,2,0.03,0.0176064,1.77775,cut,109,109,no
rKaHyPar,sat14_AProVE07-27.cnf.dual.hgr,no,no,5,2,0.03,0.0176064,1.15127,cut,109,109,no
rKaHyPar,sat14_AProVE07-27.cnf.dual.hgr,no,no,6,2,0.03,0.0215798,1.15046,cut,111,111,no
rKaHyPar,sat14_AProVE07-27.cnf.dual.hgr,no,no,7,2,0.03,0.0176064,1.14002,cut,109,109,no
rKaHyPar,sat14_AProVE07-27.cnf.dual.hgr,no,no,8,2,0.03,0.0176064,1.14611,cut,109,109,no
rKaHyPar,sat14_AProVE07-27.cnf.dual.hgr,no,no,9,2,0.03,0.0256902,1.80486,cut,109,109,no
rKaHyPar,sat14_AProVE07-27.cnf.dual.hgr,no,no,0,32,0.03,0.0284775,2.33467,cut,1500,415,no
rKaHyPar,sat14_AProVE07-27.cnf.dual.hgr,no,no,1,32,0.03,0.026287,2.50397,cut,1507,418,no
rKaHyPar,sat14_AProVE07-27.cnf.dual.hgr,no,no,2,32,0.03,0.0273823,2.47381,cut,1499,416,no
rKaHyPar,sat14_AProVE07-27.cnf.dual.hgr,no,no,3,32,0.03,0.0273823,2.53534,cut,1554,423,no
rKaHyPar,sat14_AProVE07-27.cnf.dual.hgr,no,no,4,32,0.03,0.0295728,3.59394,cut,1513,420,no
rKaHyPar,sat14_AProVE07-27.cnf.dual.hgr,no,no,5,32,0.03,0.0295728,3.54433,cut,1549,419,no
rKaHyPar,sat14_AProVE07-27.cnf.dual.hgr,no,no,6,32,0.03,0.0284775,3.74482,cut,1508,418,no
rKaHyPar,sat14_AProVE07-27.cnf.dual.hgr,no,no,7,32,0.03,0.0284775,2.51524,cut,1518,417,no
rKaHyPar,sat14_AProVE07-27.cnf.dual.hgr,no,no,8,32,0.03,0.0295728,3.67413,cut,1545,419,no
rKaHyPar,sat14_AProVE07-27.cnf.dual.hgr,no,no,9,32,0.03,0.026287,3.68924,cut,1560,428,no
rKaHyPar,sat14_AProVE07-27.cnf.dual.hgr,no,no,0,4,0.03,0.027127,2.20091,cut,273,187,no
rKaHyPar,sat14_AProVE07-27.cnf.dual.hgr,no,no,1,4,0.03,0.027127,2.0816,cut,278,189,no
rKaHyPar,sat14_AProVE07-27.cnf.dual.hgr,no,no,2,4,0.03,0.027127,1.36932,cut,278,187,no
rKaHyPar,sat14_AProVE07-27.cnf.dual.hgr,no,no,3,4,0.03,0.027127,1.40389,cut,282,187,no
rKaHyPar,sat14_AProVE07-27.cnf.dual.hgr,no,no,4,4,0.03,0.0215098,1.3923,cut,286,193,no
rKaHyPar,sat14_AProVE07-27.cnf.dual.hgr,no,no,5,4,0.03,0.027127,1.42324,cut,273,187,no
rKaHyPar,sat14_AProVE07-27.cnf.dual.hgr,no,no,6,4,0.03,0.027127,1.36392,cut,284,189,no
rKaHyPar,sat14_AProVE07-27.cnf.dual.hgr,no,no,7,4,0.03,0.027127,2.05344,cut,284,187,no
rKaHyPar,sat14_AProVE07-27.cnf.dual.hgr,no,no,8,4,0.03,0.027127,2.21826,cut,280,187,no
rKaHyPar,sat14_AProVE07-27.cnf.dual.hgr,no,no,9,4,0.03,0.027127,1.37532,cut,270,190,no
rKaHyPar,sat14_AProVE07-27.cnf.dual.hgr,no,no,0,64,0.03,0.0284464,3.28165,cut,2220,560,no
rKaHyPar,sat14_AProVE07-27.cnf.dual.hgr,no,no,1,64,0.03,0.02407,4.76958,cut,2118,556,no
rKaHyPar,sat14_AProVE07-27.cnf.dual.hgr,no,no,2,64,0.03,0.0284464,3.23452,cut,2155,548,no
rKaHyPar,sat14_AProVE07-27.cnf.dual.hgr,no,no,3,64,0.03,0.02407,4.63782,cut,2081,551,no
rKaHyPar,sat14_AProVE07-27.cnf.dual.hgr,no,no,4,64,0.03,0.0262582,3.29295,cut,2179,559,no
rKaHyPar,sat14_AProVE07-27.cnf.dual.hgr,no,no,5,64,0.03,0.02407,4.83764,cut,2133,555,no
rKaHyPar,sat14_AProVE07-27.cnf.dual.hgr,no,no,6,64,0.03,0.0284464,4.86328,cut,2159,554,no
rKaHyPar,sat14_AProVE07-27.cnf.dual.hgr,no,no,7,64,0.03,0.0284464,3.30733,cut,2151,550,no
rKaHyPar,sat14_AProVE07-27.cnf.dual.hgr,no,no,8,64,0.03,0.0262582,3.33934,cut,2139,548,no
rKaHyPar,sat14_AProVE07-27.cnf.dual.hgr,no,no,9,64,0.03,0.0284464,3.24738,cut,2144,554,no
rKaHyPar,sat14_AProVE07-27.cnf.dual.hgr,no,no,0,8,0.03,0.0273973,1.71563,cut,636,248,no
rKaHyPar,sat14_AProVE07-27.cnf.dual.hgr,no,no,1,8,0.03,0.0282192,2.44082,cut,612,246,no
rKaHyPar,sat14_AProVE07-27.cnf.dual.hgr,no,no,2,8,0.03,0.0273973,2.42488,cut,639,246,no
rKaHyPar,sat14_AProVE07-27.cnf.dual.hgr,no,no,3,8,0.03,0.0142466,2.54185,cut,535,251,no
rKaHyPar,sat14_AProVE07-27.cnf.dual.hgr,no,no,4,8,0.03,0.0273973,2.49784,cut,632,242,no
rKaHyPar,sat14_AProVE07-27.cnf.dual.hgr,no,no,5,8,0.03,0.029863,1.51426,cut,545,252,no
rKaHyPar,sat14_AProVE07-27.cnf.dual.hgr,no,no,6,8,0.03,0.0290411,2.61476,cut,513,243,no
rKaHyPar,sat14_AProVE07-27.cnf.dual.hgr,no,no,7,8,0.03,0.0273973,1.56261,cut,559,246,no
rKaHyPar,sat14_AProVE07-27.cnf.dual.hgr,no,no,8,8,0.03,0.0273973,1.65224,cut,568,248,no
rKaHyPar,sat14_AProVE07-27.cnf.dual.hgr,no,no,9,8,0.03,0.0273973,2.54536,cut,533,250,no
rKaHyPar,sat14_AProVE07-27.cnf.hgr,no,no,0,128,0.03,0.0247934,5.31661,cut,13088,10084,no
rKaHyPar,sat14_AProVE07-27.cnf.hgr,no,no,1,128,0.03,0.0247934,5.37572,cut,12870,10123,no
rKaHyPar,sat14_AProVE07-27.cnf.hgr,no,no,2,128,0.03,0.0247934,7.7355,cut,13058,10044,no
rKaHyPar,sat14_AProVE07-27.cnf.hgr,no,no,3,128,0.03,0.0247934,5.27752,cut,13111,10095,no
rKaHyPar,sat14_AProVE07-27.cnf.hgr,no,no,4,128,0.03,0.0247934,5.41317,cut,13043,10234,no
rKaHyPar,sat14_AProVE07-27.cnf.hgr,no,no,5,128,0.03,0.0247934,5.36448,cut,13073,10099,no
rKaHyPar,sat14_AProVE07-27.cnf.hgr,no,no,6,128,0.03,0.0247934,5.3881,cut,12272,9987,no
rKaHyPar,sat14_AProVE07-27.cnf.hgr,no,no,7,128,0.03,0.0247934,5.74747,cut,12837,10126,no
rKaHyPar,sat14_AProVE07-27.cnf.hgr,no,no,8,128,0.03,0.0247934,7.2719,cut,13108,10353,no
rKaHyPar,sat14_AProVE07-27.cnf.hgr,no,no,9,128,0.03,0.0247934,7.36637,cut,13036,10049,no
rKaHyPar,sat14_AProVE07-27.cnf.hgr,no,no,0,16,0.03,0.0299897,2.6532,cut,7091,6352,no
rKaHyPar,sat14_AProVE07-27.cnf.hgr,no,no,1,16,0.03,0.0299897,2.67896,cut,7859,6445,no
rKaHyPar,sat14_AProVE07-27.cnf.hgr,no,no,2,16,0.03,0.0299897,1.99292,cut,7078,6390,no
rKaHyPar,sat14_AProVE07-27.cnf.hgr,no,no,3,16,0.03,0.0299897,2.0462,cut,7001,6433,no
rKaHyPar,sat14_AProVE07-27.cnf.hgr,no,no,4,16,0.03,0.0299897,2.77721,cut,7233,6358,no
rKaHyPar,sat14_AProVE07-27.cnf.hgr,no,no,5,16,0.03,0.0299897,2.56659,cut,7247,6377,no
rKaHyPar,sat14_AProVE07-27.cnf.hgr,no,no,6,16,0.03,0.0299897,1.93944,cut,7517,6320,no
rKaHyPar,sat14_AProVE07-27.cnf.hgr,no,no,7,16,0.03,0.0299897,1.92446,cut,6835,6356,no
rKaHyPar,sat14_AProVE07-27.cnf.hgr,no,no,8,16,0.03,0.0299897,1.85605,cut,7101,6399,no
rKaHyPar,sat14_AProVE07-27.cnf.hgr,no,no,9,16,0.03,0.0299897,2.70769,cut,7417,6688,no
rKaHyPar,sat14_AProVE07-27.cnf.hgr,no,no,0,2,0.03,0.0289818,3.95083,cut,2651,2651,no
rKaHyPar,sat14_AProVE07-27.cnf.hgr,no,no,1,2,0.03,0.0292405,2.24193,cut,2868,2868,no
rKaHyPar,sat14_AProVE07-27.cnf.hgr,no,no,2,2,0.03,0.0298874,2.54477,cut,2927,2927,no
rKaHyPar,sat14_AProVE07-27.cnf.hgr,no,no,3,2,0.03,0.0298874,1.67619,cut,2744,2744,no
rKaHyPar,sat14_AProVE07-27.cnf.hgr,no,no,4,2,0.03,0.0298874,3.67542,cut,2773,2773,no
rKaHyPar,sat14_AProVE07-27.cnf.hgr,no,no,5,2,0.03,0.0292405,1.57032,cut,2831,2831,no
rKaHyPar,sat14_AProVE07-27.cnf.hgr,no,no,6,2,0.03,0.0294993,2.43739,cut,2751,2751,no
rKaHyPar,sat14_AProVE07-27.cnf.hgr,no,no,7,2,0.03,0.0298874,2.22622,cut,2888,2888,no
rKaHyPar,sat14_AProVE07-27.cnf.hgr,no,no,8,2,0.03,0.0291111,2.15722,cut,2754,2754,no
rKaHyPar,sat14_AProVE07-27.cnf.hgr,no,no,9,2,0.03,0.022642,3.92125,cut,2675,2675,no
rKaHyPar,sat14_AProVE07-27.cnf.hgr,no,no,0,32,0.03,0.0289256,2.69669,cut,8749,7373,no
rKaHyPar,sat14_AProVE07-27.cnf.hgr,no,no,1,32,0.03,0.0289256,2.63111,cut,8686,7678,no
rKaHyPar,sat14_AProVE07-27.cnf.hgr,no,no,2,32,0.03,0.0289256,2.71414,cut,8536,7694,no
rKaHyPar,sat14_AProVE07-27.cnf.hgr,no,no,3,32,0.03,0.0289256,2.5201,cut,8310,7560,no
rKaHyPar,sat14_AProVE07-27.cnf.hgr,no,no,4,32,0.03,0.0289256,3.6578,cut,8608,7531,no
rKaHyPar,sat14_AProVE07-27.cnf.hgr,no,no,5,32,0.03,0.0289256,3.57554,cut,8571,7323,no
rKaHyPar,sat14_AProVE07-27.cnf.hgr,no,no,6,32,0.03,0.0289256,3.87336,cut,8501,7395,no
rKaHyPar,sat14_AProVE07-27.cnf.hgr,no,no,7,32,0.03,0.0289256,2.84707,cut,8307,7292,no
rKaHyPar,sat14_AProVE07-27.cnf.hgr,no,no,8,32,0.03,0.0289256,3.60447,cut,8685,7665,no
rKaHyPar,sat14_AProVE07-27.cnf.hgr,no,no,9,32,0.03,0.0289256,3.65072,cut,8778,7381,no
rKaHyPar,sat14_AProVE07-27.cnf.hgr,no,no,0,4,0.03,0.0297542,1.72602,cut,4599,4529,no
rKaHyPar,sat14_AProVE07-27.cnf.hgr,no,no,1,4,0.03,0.0297542,1.5129,cut,4564,4359,no
rKaHyPar,sat14_AProVE07-27.cnf.hgr,no,no,2,4,0.03,0.0297542,1.23905,cut,4806,4387,no
rKaHyPar,sat14_AProVE07-27.cnf.hgr,no,no,3,4,0.03,0.0297542,1.12982,cut,4558,4390,no
rKaHyPar,sat14_AProVE07-27.cnf.hgr,no,no,4,4,0.03,0.0292367,1.0267,cut,4388,4240,no
rKaHyPar,sat14_AProVE07-27.cnf.hgr,no,no,5,4,0.03,0.0297542,1.1261,cut,4504,4373,no
rKaHyPar,sat14_AProVE07-27.cnf.hgr,no,no,6,4,0.03,0.0297542,1.6527,cut,4689,4566,no
rKaHyPar,sat14_AProVE07-27.cnf.hgr,no,no,7,4,0.03,0.0297542,1.67033,cut,4580,4441,no
rKaHyPar,sat14_AProVE07-27.cnf.hgr,no,no,8,4,0.03,0.0297542,1.59132,cut,4691,4281,no
rKaHyPar,sat14_AProVE07-27.cnf.hgr,no,no,9,4,0.03,0.0297542,1.14437,cut,4471,4248,no
rKaHyPar,sat14_AProVE07-27.cnf.hgr,no,no,0,64,0.03,0.0289256,3.66949,cut,10722,8830,no
rKaHyPar,sat14_AProVE07-27.cnf.hgr,no,no,1,64,0.03,0.0289256,5.13583,cut,10312,8530,no
rKaHyPar,sat14_AProVE07-27.cnf.hgr,no,no,2,64,0.03,0.0289256,3.63715,cut,10626,8908,no
rKaHyPar,sat14_AProVE07-27.cnf.hgr,no,no,3,64,0.03,0.0289256,5.06199,cut,10254,8580,no
rKaHyPar,sat14_AProVE07-27.cnf.hgr,no,no,4,64,0.03,0.0289256,3.81793,cut,10587,8728,no
rKaHyPar,sat14_AProVE07-27.cnf.hgr,no,no,5,64,0.03,0.0289256,5.21327,cut,10317,8785,no
rKaHyPar,sat14_AProVE07-27.cnf.hgr,no,no,6,64,0.03,0.0289256,5.15872,cut,9837,8644,no
rKaHyPar,sat14_AProVE07-27.cnf.hgr,no,no,7,64,0.03,0.0289256,3.89841,cut,10465,8547,no
rKaHyPar,sat14_AProVE07-27.cnf.hgr,no,no,8,64,0.03,0.0289256,3.70303,cut,11027,9112,no
rKaHyPar,sat14_AProVE07-27.cnf.hgr,no,no,9,64,0.03,0.0289256,3.74261,cut,10307,8751,no
rKaHyPar,sat14_AProVE07-27.cnf.hgr,no,no,0,8,0.03,0.0294878,1.34294,cut,5832,5544,no
rKaHyPar,sat14_AProVE07-27.cnf.hgr,no,no,1,8,0.03,0.0294878,2.16882,cut,6114,5610,no
rKaHyPar,sat14_AProVE07-27.cnf.hgr,no,no,2,8,0.03,0.0294878,2.04024,cut,5836,5456,no
rKaHyPar,sat14_AProVE07-27.cnf.hgr,no,no,3,8,0.03,0.0294878,2.00585,cut,5992,5479,no
rKaHyPar,sat14_AProVE07-27.cnf.hgr,no,no,4,8,0.03,0.0294878,2.0203,cut,6019,5538,no
rKaHyPar,sat14_AProVE07-27.cnf.hgr,no,no,5,8,0.03,0.0294878,1.41717,cut,5763,5519,no
rKaHyPar,sat14_AProVE07-27.cnf.hgr,no,no,6,8,0.03,0.0294878,2.01638,cut,6049,5630,no
rKaHyPar,sat14_AProVE07-27.cnf.hgr,no,no,7,8,0.03,0.0294878,1.4977,cut,5924,5534,no
rKaHyPar,sat14_AProVE07-27.cnf.hgr,no,no,8,8,0.03,0.0294878,1.41408,cut,5933,5437,no
rKaHyPar,sat14_AProVE07-27.cnf.hgr,no,no,9,8,0.03,0.0289705,2.00788,cut,5911,5485,no
rKaHyPar,sat14_AProVE07-27.cnf.primal.hgr,no,no,0,128,0.03,0.0163934,6.32358,cut,13854,10137,no
rKaHyPar,sat14_AProVE07-27.cnf.primal.hgr,no,no,1,128,0.03,0.0163934,4.44249,cut,13821,10135,no
rKaHyPar,sat14_AProVE07-27.cnf.primal.hgr,no,no,2,128,0.03,0.0163934,4.67887,cut,14265,10350,no
rKaHyPar,sat14_AProVE07-27.cnf.primal.hgr,no,no,3,128,0.03,0.0163934,4.26532,cut,14097,10233,no
rKaHyPar,sat14_AProVE07-27.cnf.primal.hgr,no,no,4,128,0.03,0.0163934,4.49993,cut,14077,10062,no
rKaHyPar,sat14_AProVE07-27.cnf.primal.hgr,no,no,5,128,0.03,0.0163934,4.43484,cut,14439,10437,no
rKaHyPar,sat14_AProVE07-27.cnf.primal.hgr,no,no,6,128,0.03,0.0163934,4.40289,cut,14088,10170,no
rKaHyPar,sat14_AProVE07-27.cnf.primal.hgr,no,no,7,128,0.03,0.0163934,4.42316,cut,14007,10165,no
rKaHyPar,sat14_AProVE07-27.cnf.primal.hgr,no,no,8,128,0.03,0.0163934,4.49042,cut,14305,10294,no
rKaHyPar,sat14_AProVE07-27.cnf.primal.hgr,no,no,9,128,0.03,0.0163934,4.50035,cut,14301,10129,no
rKaHyPar,sat14_AProVE07-27.cnf.primal.hgr,no,no,0,16,0.03,0.0289256,1.97266,cut,8670,7449,no
rKaHyPar,sat14_AProVE07-27.cnf.primal.hgr,no,no,1,16,0.03,0.0289256,2.06056,cut,8413,6978,no
rKaHyPar,sat14_AProVE07-27.cnf.primal.hgr,no,no,2,16,0.03,0.0289256,1.58321,cut,9003,7597,no
rKaHyPar,sat14_AProVE07-27.cnf.primal.hgr,no,no,3,16,0.03,0.0289256,1.40476,cut,8519,7238,no
rKaHyPar,sat14_AProVE07-27.cnf.primal.hgr,no,no,4,16,0.03,0.0289256,1.89181,cut,8607,7368,no
rKaHyPar,sat14_AProVE07-27.cnf.primal.hgr,no,no,5,16,0.03,0.0289256,2.04499,cut,8483,7324,no
rKaHyPar,sat14_AProVE07-27.cnf.primal.hgr,no,no,6,16,0.03,0.0289256,1.94704,cut,8402,7064,no
rKaHyPar,sat14_AProVE07-27.cnf.primal.hgr,no,no,7,16,0.03,0.0289256,1.46963,cut,8877,7544,no
rKaHyPar,sat14_AProVE07-27.cnf.primal.hgr,no,no,8,16,0.03,0.0289256,1.31596,cut,8427,7195,no
rKaHyPar,sat14_AProVE07-27.cnf.primal.hgr,no,no,9,16,0.03,0.0289256,1.415,cut,8207,7104,no
rKaHyPar,sat14_AProVE07-27.cnf.primal.hgr,no,no,0,2,0.03,0.0297542,1.29983,cut,3238,3238,no
rKaHyPar,sat14_AProVE07-27.cnf.primal.hgr,no,no,1,2,0.03,0.0297542,1.19992,cut,3440,3440,no
rKaHyPar,sat14_AProVE07-27.cnf.primal.hgr,no,no,2,2,0.03,0.0292367,1.40538,cut,3228,3228,no
rKaHyPar,sat14_AProVE07-27.cnf.primal.hgr,no,no,3,2,0.03,0.0294955,1.54575,cut,3465,3465,no
rKaHyPar,sat14_AProVE07-27.cnf.primal.hgr,no,no,4,2,0.03,0.0294955,1.40158,cut,3230,3230,no
rKaHyPar,sat14_AProVE07-27.cnf.primal.hgr,no,no,5,2,0.03,0.0294955,1.20308,cut,3265,3265,no
rKaHyPar,sat14_AProVE07-27.cnf.primal.hgr,no,no,6,2,0.03,0.0297542,1.61957,cut,3076,3076,no
rKaHyPar,sat14_AProVE07-27.cnf.primal.hgr,no,no,7,2,0.03,0.0297542,1.31717,cut,3275,3275,no
rKaHyPar,sat14_AProVE07-27.cnf.primal.hgr,no,no,8,2,0.03,0.0297542,2.08886,cut,3371,3371,no
rKaHyPar,sat14_AProVE07-27.cnf.primal.hgr,no,no,9,2,0.03,0.0297542,1.40834,cut,3158,3158,no
rKaHyPar,sat14_AProVE07-27.cnf.primal.hgr,no,no,0,32,0.03,0.0289256,2.22763,cut,10343,7931,no
rKaHyPar,sat14_AProVE07-27.cnf.primal.hgr,no,no,1,32,0.03,0.0289256,2.13813,cut,9884,7987,no
rKaHyPar,sat14_AProVE07-27.cnf.primal.hgr,no,no,2,32,0.03,0.0289256,2.0012,cut,10198,8140,no
rKaHyPar,sat14_AProVE07-27.cnf.primal.hgr,no,no,3,32,0.03,0.0289256,1.91859,cut,9926,8009,no
rKaHyPar,sat14_AProVE07-27.cnf.primal.hgr,no,no,4,32,0.03,0.0289256,3.08459,cut,10747,8235,no
rKaHyPar,sat14_AProVE07-27.cnf.primal.hgr,no,no,5,32,0.03,0.0289256,2.8276,cut,9975,8097,no
rKaHyPar,sat14_AProVE07-27.cnf.primal.hgr,no,no,6,32,0.03,0.0289256,2.78569,cut,10419,8289,no
rKaHyPar,sat14_AProVE07-27.cnf.primal.hgr,no,no,7,32,0.03,0.0289256,2.09084,cut,10365,8142,no
rKaHyPar,sat14_AProVE07-27.cnf.primal.hgr,no,no,8,32,0.03,0.0289256,2.9421,cut,10225,8101,no
rKaHyPar,sat14_AProVE07-27.cnf.primal.hgr,no,no,9,32,0.03,0.0289256,2.93475,cut,10063,8062,no
rKaHyPar,sat14_AProVE07-27.cnf.primal.hgr,no,no,0,4,0.03,0.0294878,1.29115,cut,5418,5233,no
rKaHyPar,sat14_AProVE07-27.cnf.primal.hgr,no,no,1,4,0.03,0.0294878,1.12378,cut,5497,5204,no
rKaHyPar,sat14_AProVE07-27.cnf.primal.hgr,no,no,2,4,0.03,0.0294878,0.938746,cut,5383,5215,no
rKaHyPar,sat14_AProVE07-27.cnf.primal.hgr,no,no,3,4,0.03,0.0294878,1.02254,cut,5391,5152,no
rKaHyPar,sat14_AProVE07-27.cnf.primal.hgr,no,no,4,4,0.03,0.0294878,1.14928,cut,5347,5070,no
rKaHyPar,sat14_AProVE07-27.cnf.primal.hgr,no,no,5,4,0.03,0.0294878,1.41263,cut,5248,4878,no
rKaHyPar,sat14_AProVE07-27.cnf.primal.hgr,no,no,6,4,0.03,0.0294878,1.13354,cut,5434,5280,no
rKaHyPar,sat14_AProVE07-27.cnf.primal.hgr,no,no,7,4,0.03,0.0294878,1.20049,cut,5246,5094,no
rKaHyPar,sat14_AProVE07-27.cnf.primal.hgr,no,no,8,4,0.03,0.0294878,1.5982,cut,5382,4985,no
rKaHyPar,sat14_AProVE07-27.cnf.primal.hgr,no,no,9,4,0.03,0.0294878,1.14034,cut,5377,5073,no
rKaHyPar,sat14_AProVE07-27.cnf.primal.hgr,no,no,0,64,0.03,0.0247934,3.1617,cut,11816,8974,no
rKaHyPar,sat14_AProVE07-27.cnf.primal.hgr,no,no,1,64,0.03,0.0247934,3.19046,cut,11896,9101,no
rKaHyPar,sat14_AProVE07-27.cnf.primal.hgr,no,no,2,64,0.03,0.0247934,3.1812,cut,12252,9095,no
rKaHyPar,sat14_AProVE07-27.cnf.primal.hgr,no,no,3,64,0.03,0.0247934,4.34556,cut,12291,9218,no
rKaHyPar,sat14_AProVE07-27.cnf.primal.hgr,no,no,4,64,0.03,0.0247934,4.41927,cut,11884,8930,no
rKaHyPar,sat14_AProVE07-27.cnf.primal.hgr,no,no,5,64,0.03,0.0247934,4.58715,cut,12244,9147,no
rKaHyPar,sat14_AProVE07-27.cnf.primal.hgr,no,no,6,64,0.03,0.0247934,4.37387,cut,12140,9168,no
rKaHyPar,sat14_AProVE07-27.cnf.primal.hgr,no,no,7,64,0.03,0.0247934,3.2131,cut,11736,8921,no
rKaHyPar,sat14_AProVE07-27.cnf.primal.hgr,no,no,8,64,0.03,0.0247934,3.33925,cut,12441,9287,no
rKaHyPar,sat14_AProVE07-27.cnf.primal.hgr,no,no,9,64,0.03,0.0247934,3.02094,cut,12357,9348,no
rKaHyPar,sat14_AProVE07-27.cnf.primal.hgr,no,no,0,8,0.03,0.0299897,1.02376,cut,7241,6383,no
rKaHyPar,sat14_AProVE07-27.cnf.primal.hgr,no,no,1,8,0.03,0.0289555,1.15346,cut,6769,6015,no
rKaHyPar,sat14_AProVE07-27.cnf.primal.hgr,no,no,2,8,0.03,0.0299897,1.4434,cut,7073,6253,no
rKaHyPar,sat14_AProVE07-27.cnf.primal.hgr,no,no,3,8,0.03,0.0299897,1.35784,cut,7141,6284,no
rKaHyPar,sat14_AProVE07-27.cnf.primal.hgr,no,no,4,8,0.03,0.0299897,1.46523,cut,7338,6269,no
rKaHyPar,sat14_AProVE07-27.cnf.primal.hgr,no,no,5,8,0.03,0.0299897,1.0442,cut,7055,6446,no
rKaHyPar,sat14_AProVE07-27.cnf.primal.hgr,no,no,6,8,0.03,0.0299897,1.30704,cut,7091,6289,no
rKaHyPar,sat14_AProVE07-27.cnf.primal.hgr,no,no,7,8,0.03,0.0299897,1.04336,cut,7194,6423,no
rKaHyPar,sat14_AProVE07-27.cnf.primal.hgr,no,no,8,8,0.03,0.0289555,1.13713,cut,6914,6201,no
rKaHyPar,sat14_AProVE07-27.cnf.primal.hgr,no,no,9,8,0.03,0.0299897,1.51968,cut,6657,6078,no
rKaHyPar,sat14_atco_enc1_opt1_05_21.cnf.dual.hgr,no,no,0,128,0.03,0.0298473,345.581,cut,20371,6205,no
rKaHyPar,sat14_atco_enc1_opt1_05_21.cnf.dual.hgr,no,no,1,128,0.03,0.0298473,193.867,cut,21054,6290,no
rKaHyPar,sat14_atco_enc1_opt1_05_21.cnf.dual.hgr,no,no,2,128,0.03,0.0298473,328.244,cut,19848,6338,no
rKaHyPar,sat14_atco_enc1_opt1_05_21.cnf.dual.hgr,no,no,3,128,0.03,0.0298473,267.21,cut,20063,6293,no
rKaHyPar,sat14_atco_enc1_opt1_05_21.cnf.dual.hgr,no,no,4,128,0.03,0.0296195,196.376,cut,20628,6463,no
rKaHyPar,sat14_atco_enc1_opt1_05_21.cnf.dual.hgr,no,no,5,128,0.03,0.0298473,232.533,cut,20716,6232,no
rKaHyPar,sat14_atco_enc1_opt1_05_21.cnf.dual.hgr,no,no,6,128,0.03,0.0298473,190.754,cut,20987,6422,no
rKaHyPar,sat14_atco_enc1_opt1_05_21.cnf.dual.hgr,no,no,7,128,0.03,0.0298473,190.346,cut,20962,6321,no
rKaHyPar,sat14_atco_enc1_opt1_05_21.cnf.dual.hgr,no,no,8,128,0.03,0.0291638,373.488,cut,20374,6455,no
rKaHyPar,sat14_atco_enc1_opt1_05_21.cnf.dual.hgr,no,no,9,128,0.03,0.0298473,195.029,cut,21552,6434,no
rKaHyPar,sat14_atco_enc1_opt1_05_21.cnf.dual.hgr,no,no,0,16,0.03,0.0286797,313.472,cut,3588,1368,no
rKaHyPar,sat14_atco_enc1_opt1_05_21.cnf.dual.hgr,no,no,1,16,0.03,0.0291638,229.36,cut,3866,1450,no
rKaHyPar,sat14_atco_enc1_opt1_05_21.cnf.dual.hgr,no,no,2,16,0.03,0.0295056,153.096,cut,4247,1522,no
rKaHyPar,sat14_atco_enc1_opt1_05_21.cnf.dual.hgr,no,no,3,16,0.03,0.0298473,148.96,cut,3816,1514,no
rKaHyPar,sat14_atco_enc1_opt1_05_21.cnf.dual.hgr,no,no,4,16,0.03,0.0285373,226.138,cut,3814,1513,no
rKaHyPar,sat14_atco_enc1_opt1_05_21.cnf.dual.hgr,no,no,5,16,0.03,0.028879,266.154,cut,4034,1452,no
rKaHyPar,sat14_atco_enc1_opt1_05_21.cnf.dual.hgr,no,no,6,16,0.03,0.02811,225.975,cut,3915,1533,no
rKaHyPar,sat14_atco_enc1_opt1_05_21.cnf.dual.hgr,no,no,7,16,0.03,0.0293632,149.388,cut,3789,1436,no
rKaHyPar,sat14_atco_enc1_opt1_05_21.cnf.dual.hgr,no,no,8,16,0.03,0.0288221,184.784,cut,3803,1439,no
rKaHyPar,sat14_atco_enc1_opt1_05_21.cnf.dual.hgr,no,no,9,16,0.03,0.029648,151.018,cut,4024,1508,no
rKaHyPar,sat14_atco_enc1_opt1_05_21.cnf.dual.hgr,no,no,0,2,0.03,0.0296626,76.2601,cut,692,692,no
rKaHyPar,sat14_atco_enc1_opt1_05_21.cnf.dual.hgr,no,no,1,2,0.03,0.019495,92.7485,cut,619,619,no
rKaHyPar,sat14_atco_enc1_opt1_05_21.cnf.dual.hgr,no,no,2,2,0.03,0.029474,116.555,cut,740,740,no
rKaHyPar,sat14_atco_enc1_opt1_05_21.cnf.dual.hgr,no,no,3,2,0.03,0.0299297,76.3674,cut,691,691,no
rKaHyPar,sat14_atco_enc1_opt1_05_21.cnf.dual.hgr,no,no,4,2,0.03,0.0298549,116.708,cut,691,691,no
rKaHyPar,sat14_atco_enc1_opt1_05_21.cnf.dual.hgr,no,no,5,2,0.03,0.0177684,80.4785,cut,750,750,no
rKaHyPar,sat14_atco_enc1_opt1_05_21.cnf.dual.hgr,no,no,6,2,0.03,0.0298905,76.1848,cut,691,691,no
rKaHyPar,sat14_atco_enc1_opt1_05_21.cnf.dual.hgr,no,no,7,2,0.03,0.0188791,76.8799,cut,588,588,no
rKaHyPar,sat14_atco_enc1_opt1_05_21.cnf.dual.hgr,no,no,8,2,0.03,0.0173412,91.8271,cut,623,623,no
rKaHyPar,sat14_atco_enc1_opt1_05_21.cnf.dual.hgr,no,no,9,2,0.03,0.0297267,76.3775,cut,685,685,no
rKaHyPar,sat14_atco_enc1_opt1_05_21.cnf.dual.hgr,no,no,0,32,0.03,0.0285373,163.952,cut,6409,1979,no
rKaHyPar,sat14_atco_enc1_opt1_05_21.cnf.dual.hgr,no,no,1,32,0.03,0.028879,234.248,cut,6117,1936,no
rKaHyPar,sat14_atco_enc1_opt1_05_21.cnf.dual.hgr,no,no,2,32,0.03,0.0296765,171.602,cut,6136,1874,no
rKaHyPar,sat14_atco_enc1_opt1_05_21.cnf.dual.hgr,no,no,3,32,0.03,0.0289929,232.789,cut,5635,1977,no
rKaHyPar,sat14_atco_enc1_opt1_05_21.cnf.dual.hgr,no,no,4,32,0.03,0.0293917,259.89,cut,6208,1909,no
rKaHyPar,sat14_atco_enc1_opt1_05_21.cnf.dual.hgr,no,no,5,32,0.03,0.0293347,302.792,cut,5813,1883,no
rKaHyPar,sat14_atco_enc1_opt1_05_21.cnf.dual.hgr,no,no,6,32,0.03,0.0297904,260.937,cut,6370,1942,no
rKaHyPar,sat14_atco_enc1_opt1_05_21.cnf.dual.hgr,no,no,7,32,0.03,0.0291638,169.044,cut,6066,1925,no
rKaHyPar,sat14_atco_enc1_opt1_05_21.cnf.dual.hgr,no,no,8,32,0.03,0.0295625,247.736,cut,6723,1940,no
rKaHyPar,sat14_atco_enc1_opt1_05_21.cnf.dual.hgr,no,no,9,32,0.03,0.0298473,255.931,cut,6255,1958,no
rKaHyPar,sat14_atco_enc1_opt1_05_21.cnf.dual.hgr,no,no,0,4,0.03,0.0159492,166.275,cut,1463,1046,no
rKaHyPar,sat14_atco_enc1_opt1_05_21.cnf.dual.hgr,no,no,1,4,0.03,0.0127665,165.203,cut,1510,1032,no
rKaHyPar,sat14_atco_enc1_opt1_05_21.cnf.dual.hgr,no,no,2,4,0.03,0.0195235,136.285,cut,1509,988,no
rKaHyPar,sat14_atco_enc1_opt1_05_21.cnf.dual.hgr,no,no,3,4,0.03,0.0241588,113.155,cut,1448,1027,no
rKaHyPar,sat14_atco_enc1_opt1_05_21.cnf.dual.hgr,no,no,4,4,0.03,0.0132578,113.644,cut,1535,1043,no
rKaHyPar,sat14_atco_enc1_opt1_05_21.cnf.dual.hgr,no,no,5,4,0.03,0.0202996,144.853,cut,1442,1009,no
rKaHyPar,sat14_atco_enc1_opt1_05_21.cnf.dual.hgr,no,no,6,4,0.03,0.0149452,173.333,cut,1632,1103,no
rKaHyPar,sat14_atco_enc1_opt1_05_21.cnf.dual.hgr,no,no,7,4,0.03,0.00629423,163.648,cut,1739,1075,no
rKaHyPar,sat14_atco_enc1_opt1_05_21.cnf.dual.hgr,no,no,8,4,0.03,0.0131367,171.084,cut,1516,1048,no
rKaHyPar,sat14_atco_enc1_opt1_05_21.cnf.dual.hgr,no,no,9,4,0.03,0.0284095,115.303,cut,1506,1052,no
rKaHyPar,sat14_atco_enc1_opt1_05_21.cnf.dual.hgr,no,no,0,64,0.03,0.0299613,221.717,cut,10039,3649,no
rKaHyPar,sat14_atco_enc1_opt1_05_21.cnf.dual.hgr,no,no,1,64,0.03,0.0293917,198.883,cut,10210,3591,no
rKaHyPar,sat14_atco_enc1_opt1_05_21.cnf.dual.hgr,no,no,2,64,0.03,0.0299613,186.768,cut,10655,3545,no
rKaHyPar,sat14_atco_enc1_opt1_05_21.cnf.dual.hgr,no,no,3,64,0.03,0.0288221,377.973,cut,9812,3690,no
rKaHyPar,sat14_atco_enc1_opt1_05_21.cnf.dual.hgr,no,no,4,64,0.03,0.0293917,262.53,cut,10880,3525,no
rKaHyPar,sat14_atco_enc1_opt1_05_21.cnf.dual.hgr,no,no,5,64,0.03,0.0279107,349.412,cut,9965,3555,no
rKaHyPar,sat14_atco_enc1_opt1_05_21.cnf.dual.hgr,no,no,6,64,0.03,0.0296195,270.332,cut,10521,3710,no
rKaHyPar,sat14_atco_enc1_opt1_05_21.cnf.dual.hgr,no,no,7,64,0.03,0.0299613,226.516,cut,9873,3504,no
rKaHyPar,sat14_atco_enc1_opt1_05_21.cnf.dual.hgr,no,no,8,64,0.03,0.0299613,235.815,cut,9734,3679,no
rKaHyPar,sat14_atco_enc1_opt1_05_21.cnf.dual.hgr,no,no,9,64,0.03,0.0298473,184.755,cut,10818,3610,no
rKaHyPar,sat14_atco_enc1_opt1_05_21.cnf.dual.hgr,no,no,0,8,0.03,0.0293351,136.793,cut,2798,1334,no
rKaHyPar,sat14_atco_enc1_opt1_05_21.cnf.dual.hgr,no,no,1,8,0.03,0.0249776,167.466,cut,2443,1212,no
rKaHyPar,sat14_atco_enc1_opt1_05_21.cnf.dual.hgr,no,no,2,8,0.03,0.0299332,203.518,cut,2377,1290,no
rKaHyPar,sat14_atco_enc1_opt1_05_21.cnf.dual.hgr,no,no,3,8,0.03,0.0293778,252.725,cut,2476,1230,no
rKaHyPar,sat14_atco_enc1_opt1_05_21.cnf.dual.hgr,no,no,4,8,0.03,0.0299332,204.843,cut,2741,1275,no
rKaHyPar,sat14_atco_enc1_opt1_05_21.cnf.dual.hgr,no,no,5,8,0.03,0.0294918,132.974,cut,2321,1302,no
rKaHyPar,sat14_atco_enc1_opt1_05_21.cnf.dual.hgr,no,no,6,8,0.03,0.0292212,204.239,cut,2651,1293,no
rKaHyPar,sat14_atco_enc1_opt1_05_21.cnf.dual.hgr,no,no,7,8,0.03,0.0291215,134.965,cut,2583,1327,no
rKaHyPar,sat14_atco_enc1_opt1_05_21.cnf.dual.hgr,no,no,8,8,0.03,0.029449,168.266,cut,2704,1239,no
rKaHyPar,sat14_atco_enc1_opt1_05_21.cnf.dual.hgr,no,no,9,8,0.03,0.0284807,202.046,cut,2805,1337,no
rKaHyPar,sat14_atco_enc1_opt1_05_21.cnf.hgr,no,no,0,128,0.03,0.0290948,51.8988,cut,13349,11939,no
rKaHyPar,sat14_atco_enc1_opt1_05_21.cnf.hgr,no,no,1,128,0.03,0.0290948,38.1587,cut,13424,11731,no
rKaHyPar,sat14_atco_enc1_opt1_05_21.cnf.hgr,no,no,2,128,0.03,0.0290948,34.8797,cut,13446,11255,no
rKaHyPar,sat14_atco_enc1_opt1_05_21.cnf.hgr,no,no,3,128,0.03,0.0290948,39.8287,cut,13084,12047,no
rKaHyPar,sat14_atco_enc1_opt1_05_21.cnf.hgr,no,no,4,128,0.03,0.0290948,33.1417,cut,13545,11425,no
rKaHyPar,sat14_atco_enc1_opt1_05_21.cnf.hgr,no,no,5,128,0.03,0.0290948,54.1975,cut,13554,11657,no
rKaHyPar,sat14_atco_enc1_opt1_05_21.cnf.hgr,no,no,6,128,0.03,0.0290948,38.1066,cut,13582,11677,no
rKaHyPar,sat14_atco_enc1_opt1_05_21.cnf.hgr,no,no,7,128,0.03,0.0290948,37.8715,cut,13646,11580,no
rKaHyPar,sat14_atco_enc1_opt1_05_21.cnf.hgr,no,no,8,128,0.03,0.0290948,36.902,cut,13851,11333,no
rKaHyPar,sat14_atco_enc1_opt1_05_21.cnf.hgr,no,no,9,128,0.03,0.0290948,36.9624,cut,13374,11550,no
rKaHyPar,sat14_atco_enc1_opt1_05_21.cnf.hgr,no,no,0,16,0.03,0.029384,34.829,cut,3060,2991,no
rKaHyPar,sat14_atco_enc1_opt1_05_21.cnf.hgr,no,no,1,16,0.03,0.0295188,32.287,cut,3036,2982,no
rKaHyPar,sat14_atco_enc1_opt1_05_21.cnf.hgr,no,no,2,16,0.03,0.0296536,28.9917,cut,3131,3023,no
rKaHyPar,sat14_atco_enc1_opt1_05_21.cnf.hgr,no,no,3,16,0.03,0.0296536,23.1543,cut,3104,3047,no
rKaHyPar,sat14_atco_enc1_opt1_05_21.cnf.hgr,no,no,4,16,0.03,0.0297884,30.4332,cut,2976,2924,no
rKaHyPar,sat14_atco_enc1_opt1_05_21.cnf.hgr,no,no,5,16,0.03,0.0299232,25.4589,cut,3056,2986,no
rKaHyPar,sat14_atco_enc1_opt1_05_21.cnf.hgr,no,no,6,16,0.03,0.0296536,33.7215,cut,3021,2959,no
rKaHyPar,sat14_atco_enc1_opt1_05_21.cnf.hgr,no,no,7,16,0.03,0.0291144,20.6884,cut,3187,3108,no
rKaHyPar,sat14_atco_enc1_opt1_05_21.cnf.hgr,no,no,8,16,0.03,0.029384,25.4594,cut,3055,2972,no
rKaHyPar,sat14_atco_enc1_opt1_05_21.cnf.hgr,no,no,9,16,0.03,0.0299232,23.7978,cut,3081,2993,no
rKaHyPar,sat14_atco_enc1_opt1_05_21.cnf.hgr,no,no,0,2,0.03,0.00375737,6.39007,cut,871,871,no
rKaHyPar,sat14_atco_enc1_opt1_05_21.cnf.hgr,no,no,1,2,0.03,0.0106655,6.5544,cut,1040,1040,no
rKaHyPar,sat14_atco_enc1_opt1_05_21.cnf.hgr,no,no,2,2,0.03,0.0218197,8.80748,cut,895,895,no
rKaHyPar,sat14_atco_enc1_opt1_05_21.cnf.hgr,no,no,3,2,0.03,0.0218534,6.41042,cut,895,895,no
rKaHyPar,sat14_atco_enc1_opt1_05_21.cnf.hgr,no,no,4,2,0.03,0.028492,8.7768,cut,819,819,no
rKaHyPar,sat14_atco_enc1_opt1_05_21.cnf.hgr,no,no,5,2,0.03,0.0292839,6.52176,cut,792,792,no
rKaHyPar,sat14_atco_enc1_opt1_05_21.cnf.hgr,no,no,6,2,0.03,0.0190564,6.44059,cut,959,959,no
rKaHyPar,sat14_atco_enc1_opt1_05_21.cnf.hgr,no,no,7,2,0.03,0.0200842,6.41203,cut,760,760,no
rKaHyPar,sat14_atco_enc1_opt1_05_21.cnf.hgr,no,no,8,2,0.03,0.00502106,6.45145,cut,1022,1022,no
rKaHyPar,sat14_atco_enc1_opt1_05_21.cnf.hgr,no,no,9,2,0.03,0.0175737,6.67085,cut,856,856,no
rKaHyPar,sat14_atco_enc1_opt1_05_21.cnf.hgr,no,no,0,32,0.03,0.0283019,29.1013,cut,4948,4656,no
rKaHyPar,sat14_atco_enc1_opt1_05_21.cnf.hgr,no,no,1,32,0.03,0.0299191,40.4685,cut,5158,4847,no
rKaHyPar,sat14_atco_enc1_opt1_05_21.cnf.hgr,no,no,2,32,0.03,0.0299191,26.6441,cut,4973,4677,no
rKaHyPar,sat14_atco_enc1_opt1_05_21.cnf.hgr,no,no,3,32,0.03,0.0296496,31.8641,cut,5155,4880,no
rKaHyPar,sat14_atco_enc1_opt1_05_21.cnf.hgr,no,no,4,32,0.03,0.0299191,36.1358,cut,5075,4777,no
rKaHyPar,sat14_atco_enc1_opt1_05_21.cnf.hgr,no,no,5,32,0.03,0.0299191,41.3231,cut,5067,4741,no
rKaHyPar,sat14_atco_enc1_opt1_05_21.cnf.hgr,no,no,6,32,0.03,0.0299191,42.5619,cut,5190,4890,no
rKaHyPar,sat14_atco_enc1_opt1_05_21.cnf.hgr,no,no,7,32,0.03,0.0299191,28.8857,cut,5045,4766,no
rKaHyPar,sat14_atco_enc1_opt1_05_21.cnf.hgr,no,no,8,32,0.03,0.0299191,43.2602,cut,5104,4799,no
rKaHyPar,sat14_atco_enc1_opt1_05_21.cnf.hgr,no,no,9,32,0.03,0.0296496,38.3779,cut,5052,4758,no
rKaHyPar,sat14_atco_enc1_opt1_05_21.cnf.hgr,no,no,0,4,0.03,0.0287784,15.9158,cut,1519,1513,no
rKaHyPar,sat14_atco_enc1_opt1_05_21.cnf.hgr,no,no,1,4,0.03,0.0289806,12.5097,cut,1517,1506,no
rKaHyPar,sat14_atco_enc1_opt1_05_21.cnf.hgr,no,no,2,4,0.03,0.0299916,12.3044,cut,1678,1667,no
rKaHyPar,sat14_atco_enc1_opt1_05_21.cnf.hgr,no,no,3,4,0.03,0.0261163,13.0345,cut,1510,1501,no
rKaHyPar,sat14_atco_enc1_opt1_05_21.cnf.hgr,no,no,4,4,0.03,0.0062679,16.0761,cut,1459,1454,no
rKaHyPar,sat14_atco_enc1_opt1_05_21.cnf.hgr,no,no,5,4,0.03,0.0294524,13.2968,cut,1666,1649,no
rKaHyPar,sat14_atco_enc1_opt1_05_21.cnf.hgr,no,no,6,4,0.03,0.0273631,14.385,cut,1563,1554,no
rKaHyPar,sat14_atco_enc1_opt1_05_21.cnf.hgr,no,no,7,4,0.03,0.0299916,17.8473,cut,1724,1714,no
rKaHyPar,sat14_atco_enc1_opt1_05_21.cnf.hgr,no,no,8,4,0.03,0.0235889,19.1344,cut,1534,1527,no
rKaHyPar,sat14_atco_enc1_opt1_05_21.cnf.hgr,no,no,9,4,0.03,0.0165122,13.3014,cut,1545,1538,no
rKaHyPar,sat14_atco_enc1_opt1_05_21.cnf.hgr,no,no,0,64,0.03,0.0296496,35.9246,cut,7423,7029,no
rKaHyPar,sat14_atco_enc1_opt1_05_21.cnf.hgr,no,no,1,64,0.03,0.0296496,34.13,cut,7375,6921,no
rKaHyPar,sat14_atco_enc1_opt1_05_21.cnf.hgr,no,no,2,64,0.03,0.0296496,33.7288,cut,7428,6928,no
rKaHyPar,sat14_atco_enc1_opt1_05_21.cnf.hgr,no,no,3,64,0.03,0.0296496,52.3173,cut,7637,7076,no
rKaHyPar,sat14_atco_enc1_opt1_05_21.cnf.hgr,no,no,4,64,0.03,0.0296496,42.7515,cut,7545,7039,no
rKaHyPar,sat14_atco_enc1_opt1_05_21.cnf.hgr,no,no,5,64,0.03,0.0296496,44.2337,cut,7449,6815,no
rKaHyPar,sat14_atco_enc1_opt1_05_21.cnf.hgr,no,no,6,64,0.03,0.0296496,43.1646,cut,7254,6906,no
rKaHyPar,sat14_atco_enc1_opt1_05_21.cnf.hgr,no,no,7,64,0.03,0.0296496,28.8867,cut,8531,7991,no
rKaHyPar,sat14_atco_enc1_opt1_05_21.cnf.hgr,no,no,8,64,0.03,0.0296496,33.7275,cut,7323,6796,no
rKaHyPar,sat14_atco_enc1_opt1_05_21.cnf.hgr,no,no,9,64,0.03,0.0296496,32.939,cut,7455,6896,no
rKaHyPar,sat14_atco_enc1_opt1_05_21.cnf.hgr,no,no,0,8,0.03,0.0297884,20.9537,cut,2225,2205,no
rKaHyPar,sat14_atco_enc1_opt1_05_21.cnf.hgr,no,no,1,8,0.03,0.0281035,22.2742,cut,2133,2099,no
rKaHyPar,sat14_atco_enc1_opt1_05_21.cnf.hgr,no,no,2,8,0.03,0.0299906,25.4858,cut,2316,2288,no
rKaHyPar,sat14_atco_enc1_opt1_05_21.cnf.hgr,no,no,3,8,0.03,0.0299232,28.3776,cut,2155,2133,no
rKaHyPar,sat14_atco_enc1_opt1_05_21.cnf.hgr,no,no,4,8,0.03,0.029721,23.2657,cut,2161,2139,no
rKaHyPar,sat14_atco_enc1_opt1_05_21.cnf.hgr,no,no,5,8,0.03,0.0299906,22.073,cut,2257,2230,no
rKaHyPar,sat14_atco_enc1_opt1_05_21.cnf.hgr,no,no,6,8,0.03,0.0181291,28.7951,cut,2254,2218,no
rKaHyPar,sat14_atco_enc1_opt1_05_21.cnf.hgr,no,no,7,8,0.03,0.0224424,17.4977,cut,2199,2170,no
rKaHyPar,sat14_atco_enc1_opt1_05_21.cnf.hgr,no,no,8,8,0.03,0.027497,18.5274,cut,2243,2212,no
rKaHyPar,sat14_atco_enc1_opt1_05_21.cnf.hgr,no,no,9,8,0.03,0.0296536,23.6356,cut,2133,2116,no
rKaHyPar,sat14_atco_enc1_opt1_05_21.cnf.primal.hgr,no,no,0,128,0.03,0.027957,38.6923,cut,41312,39413,no
rKaHyPar,sat14_atco_enc1_opt1_05_21.cnf.primal.hgr,no,no,1,128,0.03,0.027957,29.0793,cut,41547,39335,no
rKaHyPar,sat14_atco_enc1_opt1_05_21.cnf.primal.hgr,no,no,2,128,0.03,0.027957,39.886,cut,41719,39592,no
rKaHyPar,sat14_atco_enc1_opt1_05_21.cnf.primal.hgr,no,no,3,128,0.03,0.027957,28.9479,cut,41518,39541,no
rKaHyPar,sat14_atco_enc1_opt1_05_21.cnf.primal.hgr,no,no,4,128,0.03,0.027957,27.8688,cut,41567,39358,no
rKaHyPar,sat14_atco_enc1_opt1_05_21.cnf.primal.hgr,no,no,5,128,0.03,0.027957,39.2345,cut,41991,39864,no
rKaHyPar,sat14_atco_enc1_opt1_05_21.cnf.primal.hgr,no,no,6,128,0.03,0.027957,28.7283,cut,41639,39482,no
rKaHyPar,sat14_atco_enc1_opt1_05_21.cnf.primal.hgr,no,no,7,128,0.03,0.027957,28.9203,cut,41773,39479,no
rKaHyPar,sat14_atco_enc1_opt1_05_21.cnf.primal.hgr,no,no,8,128,0.03,0.027957,40.6206,cut,41558,39349,no
rKaHyPar,sat14_atco_enc1_opt1_05_21.cnf.primal.hgr,no,no,9,128,0.03,0.027957,28.4331,cut,41716,39426,no
rKaHyPar,sat14_atco_enc1_opt1_05_21.cnf.primal.hgr,no,no,0,16,0.03,0.0298387,22.9375,cut,5408,5263,no
rKaHyPar,sat14_atco_enc1_opt1_05_21.cnf.primal.hgr,no,no,1,16,0.03,0.0298387,23.3762,cut,5600,5457,no
rKaHyPar,sat14_atco_enc1_opt1_05_21.cnf.primal.hgr,no,no,2,16,0.03,0.0298387,16.8977,cut,5495,5315,no
rKaHyPar,sat14_atco_enc1_opt1_05_21.cnf.primal.hgr,no,no,3,16,0.03,0.0298387,17.0807,cut,5324,5196,no
rKaHyPar,sat14_atco_enc1_opt1_05_21.cnf.primal.hgr,no,no,4,16,0.03,0.0298387,23.4565,cut,5336,5176,no
rKaHyPar,sat14_atco_enc1_opt1_05_21.cnf.primal.hgr,no,no,5,16,0.03,0.0298387,17.0486,cut,5332,5208,no
rKaHyPar,sat14_atco_enc1_opt1_05_21.cnf.primal.hgr,no,no,6,16,0.03,0.0298387,23.2092,cut,5444,5323,no
rKaHyPar,sat14_atco_enc1_opt1_05_21.cnf.primal.hgr,no,no,7,16,0.03,0.0298387,17.1436,cut,5549,5379,no
rKaHyPar,sat14_atco_enc1_opt1_05_21.cnf.primal.hgr,no,no,8,16,0.03,0.0298387,17.0645,cut,5404,5291,no
rKaHyPar,sat14_atco_enc1_opt1_05_21.cnf.primal.hgr,no,no,9,16,0.03,0.0298387,17.2901,cut,5430,5312,no
rKaHyPar,sat14_atco_enc1_opt1_05_21.cnf.primal.hgr,no,no,0,2,0.03,0.024732,5.76467,cut,1627,1627,no
rKaHyPar,sat14_atco_enc1_opt1_05_21.cnf.primal.hgr,no,no,1,2,0.03,0.016264,6.04549,cut,1667,1667,no
rKaHyPar,sat14_atco_enc1_opt1_05_21.cnf.primal.hgr,no,no,2,2,0.03,0.0262106,7.98376,cut,1673,1673,no
rKaHyPar,sat14_atco_enc1_opt1_05_21.cnf.primal.hgr,no,no,3,2,0.03,0.0299741,6.59155,cut,1621,1621,no
rKaHyPar,sat14_atco_enc1_opt1_05_21.cnf.primal.hgr,no,no,4,2,0.03,0.0238583,7.87742,cut,1689,1689,no
rKaHyPar,sat14_atco_enc1_opt1_05_21.cnf.primal.hgr,no,no,5,2,0.03,0.0253033,5.97413,cut,1613,1613,no
rKaHyPar,sat14_atco_enc1_opt1_05_21.cnf.primal.hgr,no,no,6,2,0.03,0.0264122,5.72154,cut,1591,1591,no
rKaHyPar,sat14_atco_enc1_opt1_05_21.cnf.primal.hgr,no,no,7,2,0.03,0.016264,5.76276,cut,1669,1669,no
rKaHyPar,sat14_atco_enc1_opt1_05_21.cnf.primal.hgr,no,no,8,2,0.03,0.0264122,6.21571,cut,1593,1593,no
rKaHyPar,sat14_atco_enc1_opt1_05_21.cnf.primal.hgr,no,no,9,2,0.03,0.0262106,6.43108,cut,1675,1675,no
rKaHyPar,sat14_atco_enc1_opt1_05_21.cnf.primal.hgr,no,no,0,32,0.03,0.0290323,19.1797,cut,7587,7036,no
rKaHyPar,sat14_atco_enc1_opt1_05_21.cnf.primal.hgr,no,no,1,32,0.03,0.0295699,27.4626,cut,7585,7014,no
rKaHyPar,sat14_atco_enc1_opt1_05_21.cnf.primal.hgr,no,no,2,32,0.03,0.0295699,19.3495,cut,7631,7087,no
rKaHyPar,sat14_atco_enc1_opt1_05_21.cnf.primal.hgr,no,no,3,32,0.03,0.0295699,19.559,cut,7656,7174,no
rKaHyPar,sat14_atco_enc1_opt1_05_21.cnf.primal.hgr,no,no,4,32,0.03,0.0295699,26.8488,cut,7473,6988,no
rKaHyPar,sat14_atco_enc1_opt1_05_21.cnf.primal.hgr,no,no,5,32,0.03,0.0295699,26.6991,cut,7535,6975,no
rKaHyPar,sat14_atco_enc1_opt1_05_21.cnf.primal.hgr,no,no,6,32,0.03,0.0290323,26.9364,cut,7642,7147,no
rKaHyPar,sat14_atco_enc1_opt1_05_21.cnf.primal.hgr,no,no,7,32,0.03,0.0295699,19.3418,cut,7745,7185,no
rKaHyPar,sat14_atco_enc1_opt1_05_21.cnf.primal.hgr,no,no,8,32,0.03,0.0295699,26.9594,cut,7617,7093,no
rKaHyPar,sat14_atco_enc1_opt1_05_21.cnf.primal.hgr,no,no,9,32,0.03,0.0295699,27.9572,cut,7648,7112,no
rKaHyPar,sat14_atco_enc1_opt1_05_21.cnf.primal.hgr,no,no,0,4,0.03,0.0281586,14.2931,cut,2713,2705,no
rKaHyPar,sat14_atco_enc1_opt1_05_21.cnf.primal.hgr,no,no,1,4,0.03,0.0283602,10.3636,cut,2703,2692,no
rKaHyPar,sat14_atco_enc1_opt1_05_21.cnf.primal.hgr,no,no,2,4,0.03,0.0147849,9.83956,cut,2691,2681,no
rKaHyPar,sat14_atco_enc1_opt1_05_21.cnf.primal.hgr,no,no,3,4,0.03,0.00752688,9.89754,cut,2679,2671,no
rKaHyPar,sat14_atco_enc1_opt1_05_21.cnf.primal.hgr,no,no,4,4,0.03,0.0229839,16.5983,cut,2839,2823,no
rKaHyPar,sat14_atco_enc1_opt1_05_21.cnf.primal.hgr,no,no,5,4,0.03,0.0149194,10.1035,cut,2799,2785,no
rKaHyPar,sat14_atco_enc1_opt1_05_21.cnf.primal.hgr,no,no,6,4,0.03,0.0189516,13.7795,cut,2789,2774,no
rKaHyPar,sat14_atco_enc1_opt1_05_21.cnf.primal.hgr,no,no,7,4,0.03,0.0123656,14.8025,cut,2799,2782,no
rKaHyPar,sat14_atco_enc1_opt1_05_21.cnf.primal.hgr,no,no,8,4,0.03,0.0292339,14.3521,cut,2773,2758,no
rKaHyPar,sat14_atco_enc1_opt1_05_21.cnf.primal.hgr,no,no,9,4,0.03,0.0143145,9.97196,cut,2677,2669,no
rKaHyPar,sat14_atco_enc1_opt1_05_21.cnf.primal.hgr,no,no,0,64,0.03,0.0290323,22.445,cut,13211,12398,no
rKaHyPar,sat14_atco_enc1_opt1_05_21.cnf.primal.hgr,no,no,1,64,0.03,0.0290323,23.5949,cut,13273,12498,no
rKaHyPar,sat14_atco_enc1_opt1_05_21.cnf.primal.hgr,no,no,2,64,0.03,0.0290323,23.0049,cut,12956,12323,no
rKaHyPar,sat14_atco_enc1_opt1_05_21.cnf.primal.hgr,no,no,3,64,0.03,0.0290323,32.6529,cut,13140,12407,no
rKaHyPar,sat14_atco_enc1_opt1_05_21.cnf.primal.hgr,no,no,4,64,0.03,0.0290323,32.929,cut,13141,12390,no
rKaHyPar,sat14_atco_enc1_opt1_05_21.cnf.primal.hgr,no,no,5,64,0.03,0.0290323,32.0325,cut,13305,12433,no
rKaHyPar,sat14_atco_enc1_opt1_05_21.cnf.primal.hgr,no,no,6,64,0.03,0.0290323,32.7876,cut,13218,12440,no
rKaHyPar,sat14_atco_enc1_opt1_05_21.cnf.primal.hgr,no,no,7,64,0.03,0.0290323,22.9344,cut,13192,12406,no
rKaHyPar,sat14_atco_enc1_opt1_05_21.cnf.primal.hgr,no,no,8,64,0.03,0.0290323,25.4529,cut,13206,12504,no
rKaHyPar,sat14_atco_enc1_opt1_05_21.cnf.primal.hgr,no,no,9,64,0.03,0.0290323,23.7711,cut,13310,12519,no
rKaHyPar,sat14_atco_enc1_opt1_05_21.cnf.primal.hgr,no,no,0,8,0.03,0.0299731,13.4766,cut,3766,3716,no
rKaHyPar,sat14_atco_enc1_opt1_05_21.cnf.primal.hgr,no,no,1,8,0.03,0.0299731,14.0077,cut,3686,3644,no
rKaHyPar,sat14_atco_enc1_opt1_05_21.cnf.primal.hgr,no,no,2,8,0.03,0.0299731,18.1247,cut,3915,3866,no
rKaHyPar,sat14_atco_enc1_opt1_05_21.cnf.primal.hgr,no,no,3,8,0.03,0.0299731,18.5223,cut,3680,3639,no
rKaHyPar,sat14_atco_enc1_opt1_05_21.cnf.primal.hgr,no,no,4,8,0.03,0.0298387,18.7028,cut,3788,3738,no
rKaHyPar,sat14_atco_enc1_opt1_05_21.cnf.primal.hgr,no,no,5,8,0.03,0.0299731,13.6707,cut,3785,3744,no
rKaHyPar,sat14_atco_enc1_opt1_05_21.cnf.primal.hgr,no,no,6,8,0.03,0.0299731,19.6574,cut,3904,3847,no
rKaHyPar,sat14_atco_enc1_opt1_05_21.cnf.primal.hgr,no,no,7,8,0.03,0.0299731,14.449,cut,3890,3843,no
rKaHyPar,sat14_atco_enc1_opt1_05_21.cnf.primal.hgr,no,no,8,8,0.03,0.0299731,14.0053,cut,3914,3872,no
rKaHyPar,sat14_atco_enc1_opt1_05_21.cnf.primal.hgr,no,no,9,8,0.03,0.0299731,20.2078,cut,3879,3827,no
rKaHyPar,sat14_atco_enc1_opt1_10_21.cnf.dual.hgr,no,no,0,128,0.03,0.0278828,84.5475,cut,10240,3867,no
rKaHyPar,sat14_atco_enc1_opt1_10_21.cnf.dual.hgr,no,no,1,128,0.03,0.0293006,56.6457,cut,10229,3965,no
rKaHyPar,sat14_atco_enc1_opt1_10_21.cnf.dual.hgr,no,no,2,128,0.03,0.0297732,55.1805,cut,10402,3942,no
rKaHyPar,sat14_atco_enc1_opt1_10_21.cnf.dual.hgr,no,no,3,128,0.03,0.0283554,55.5703,cut,10374,3883,no
rKaHyPar,sat14_atco_enc1_opt1_10_21.cnf.dual.hgr,no,no,4,128,0.03,0.0283554,57.0445,cut,10360,3951,no
rKaHyPar,sat14_atco_enc1_opt1_10_21.cnf.dual.hgr,no,no,5,128,0.03,0.0297732,85.3738,cut,10498,3907,no
rKaHyPar,sat14_atco_enc1_opt1_10_21.cnf.dual.hgr,no,no,6,128,0.03,0.0278828,58.1706,cut,9988,3848,no
rKaHyPar,sat14_atco_enc1_opt1_10_21.cnf.dual.hgr,no,no,7,128,0.03,0.0293006,59.3686,cut,10156,3939,no
rKaHyPar,sat14_atco_enc1_opt1_10_21.cnf.dual.hgr,no,no,8,128,0.03,0.0297732,57.927,cut,10349,3854,no
rKaHyPar,sat14_atco_enc1_opt1_10_21.cnf.dual.hgr,no,no,9,128,0.03,0.0278828,54.454,cut,10359,4015,no
rKaHyPar,sat14_atco_enc1_opt1_10_21.cnf.dual.hgr,no,no,0,16,0.03,0.0272346,58.7115,cut,2456,918,no
rKaHyPar,sat14_atco_enc1_opt1_10_21.cnf.dual.hgr,no,no,1,16,0.03,0.0297749,57.1041,cut,2749,969,no
rKaHyPar,sat14_atco_enc1_opt1_10_21.cnf.dual.hgr,no,no,2,16,0.03,0.0273528,41.0925,cut,2363,954,no
rKaHyPar,sat14_atco_enc1_opt1_10_21.cnf.dual.hgr,no,no,3,16,0.03,0.0294795,39.1075,cut,2180,898,no
rKaHyPar,sat14_atco_enc1_opt1_10_21.cnf.dual.hgr,no,no,4,16,0.03,0.0278844,60.7641,cut,2500,980,no
rKaHyPar,sat14_atco_enc1_opt1_10_21.cnf.dual.hgr,no,no,5,16,0.03,0.024458,38.58,cut,2671,986,no
rKaHyPar,sat14_atco_enc1_opt1_10_21.cnf.dual.hgr,no,no,6,16,0.03,0.0288297,57.7894,cut,2745,966,no
rKaHyPar,sat14_atco_enc1_opt1_10_21.cnf.dual.hgr,no,no,7,16,0.03,0.0298931,41.336,cut,2469,956,no
rKaHyPar,sat14_atco_enc1_opt1_10_21.cnf.dual.hgr,no,no,8,16,0.03,0.025285,39.6689,cut,2642,896,no
rKaHyPar,sat14_atco_enc1_opt1_10_21.cnf.dual.hgr,no,no,9,16,0.03,0.0275891,37.4765,cut,2563,952,no
rKaHyPar,sat14_atco_enc1_opt1_10_21.cnf.dual.hgr,no,no,0,2,0.03,0.012037,11.9165,cut,414,414,no
rKaHyPar,sat14_atco_enc1_opt1_10_21.cnf.dual.hgr,no,no,1,2,0.03,0.00312371,13.6842,cut,471,471,no
rKaHyPar,sat14_atco_enc1_opt1_10_21.cnf.dual.hgr,no,no,2,2,0.03,0.0167779,18.4435,cut,449,449,no
rKaHyPar,sat14_atco_enc1_opt1_10_21.cnf.dual.hgr,no,no,3,2,0.03,0.0170512,12.7652,cut,465,465,no
rKaHyPar,sat14_atco_enc1_opt1_10_21.cnf.dual.hgr,no,no,4,2,0.03,0.0161724,16.2088,cut,409,409,no
rKaHyPar,sat14_atco_enc1_opt1_10_21.cnf.dual.hgr,no,no,5,2,0.03,0.00291694,11.2017,cut,425,425,no
rKaHyPar,sat14_atco_enc1_opt1_10_21.cnf.dual.hgr,no,no,6,2,0.03,0.0207583,12.6854,cut,441,441,no
rKaHyPar,sat14_atco_enc1_opt1_10_21.cnf.dual.hgr,no,no,7,2,0.03,0.0229072,13.2705,cut,458,458,no
rKaHyPar,sat14_atco_enc1_opt1_10_21.cnf.dual.hgr,no,no,8,2,0.03,0.0206106,12.136,cut,447,447,no
rKaHyPar,sat14_atco_enc1_opt1_10_21.cnf.dual.hgr,no,no,9,2,0.03,0.000118154,13.0523,cut,497,497,no
rKaHyPar,sat14_atco_enc1_opt1_10_21.cnf.dual.hgr,no,no,0,32,0.03,0.0270558,44.1256,cut,3308,1251,no
rKaHyPar,sat14_atco_enc1_opt1_10_21.cnf.dual.hgr,no,no,1,32,0.03,0.029655,70.2783,cut,3368,1271,no
rKaHyPar,sat14_atco_enc1_opt1_10_21.cnf.dual.hgr,no,no,2,32,0.03,0.0285917,48.2729,cut,3549,1234,no
rKaHyPar,sat14_atco_enc1_opt1_10_21.cnf.dual.hgr,no,no,3,32,0.03,0.029655,46.4557,cut,3584,1258,no
rKaHyPar,sat14_atco_enc1_opt1_10_21.cnf.dual.hgr,no,no,4,32,0.03,0.0283554,67.6853,cut,3397,1240,no
rKaHyPar,sat14_atco_enc1_opt1_10_21.cnf.dual.hgr,no,no,5,32,0.03,0.0297732,71.2636,cut,3698,1224,no
rKaHyPar,sat14_atco_enc1_opt1_10_21.cnf.dual.hgr,no,no,6,32,0.03,0.0290643,45.8941,cut,3419,1206,no
rKaHyPar,sat14_atco_enc1_opt1_10_21.cnf.dual.hgr,no,no,7,32,0.03,0.0285917,48.1342,cut,3531,1253,no
rKaHyPar,sat14_atco_enc1_opt1_10_21.cnf.dual.hgr,no,no,8,32,0.03,0.0295369,71.5536,cut,3830,1303,no
rKaHyPar,sat14_atco_enc1_opt1_10_21.cnf.dual.hgr,no,no,9,32,0.03,0.0297732,71.7409,cut,3458,1239,no
rKaHyPar,sat14_atco_enc1_opt1_10_21.cnf.dual.hgr,no,no,0,4,0.03,0.0231583,32.7111,cut,1047,665,no
rKaHyPar,sat14_atco_enc1_opt1_10_21.cnf.dual.hgr,no,no,1,4,0.03,0.0285786,22.6042,cut,1052,667,no
rKaHyPar,sat14_atco_enc1_opt1_10_21.cnf.dual.hgr,no,no,2,4,0.03,0.0131594,23.8858,cut,1098,748,no
rKaHyPar,sat14_atco_enc1_opt1_10_21.cnf.dual.hgr,no,no,3,4,0.03,0.00809358,21.6333,cut,976,627,no
rKaHyPar,sat14_atco_enc1_opt1_10_21.cnf.dual.hgr,no,no,4,4,0.03,0.0273675,34.0986,cut,1045,644,no
rKaHyPar,sat14_atco_enc1_opt1_10_21.cnf.dual.hgr,no,no,5,4,0.03,0.0210315,22.9487,cut,1025,677,no
rKaHyPar,sat14_atco_enc1_opt1_10_21.cnf.dual.hgr,no,no,6,4,0.03,0.0147988,22.8104,cut,1092,677,no
rKaHyPar,sat14_atco_enc1_opt1_10_21.cnf.dual.hgr,no,no,7,4,0.03,0.0193773,35.3706,cut,1034,664,no
rKaHyPar,sat14_atco_enc1_opt1_10_21.cnf.dual.hgr,no,no,8,4,0.03,0.0134401,34.6553,cut,1040,715,no
rKaHyPar,sat14_atco_enc1_opt1_10_21.cnf.dual.hgr,no,no,9,4,0.03,0.0227447,33.8573,cut,1024,644,no
rKaHyPar,sat14_atco_enc1_opt1_10_21.cnf.dual.hgr,no,no,0,64,0.03,0.0297732,51.4593,cut,5257,1705,no
rKaHyPar,sat14_atco_enc1_opt1_10_21.cnf.dual.hgr,no,no,1,64,0.03,0.0295369,53.9331,cut,5442,1703,no
rKaHyPar,sat14_atco_enc1_opt1_10_21.cnf.dual.hgr,no,no,2,64,0.03,0.028828,78.2057,cut,5121,1684,no
rKaHyPar,sat14_atco_enc1_opt1_10_21.cnf.dual.hgr,no,no,3,64,0.03,0.0295369,78.0546,cut,5336,1664,no
rKaHyPar,sat14_atco_enc1_opt1_10_21.cnf.dual.hgr,no,no,4,64,0.03,0.0293006,80.9027,cut,5245,1666,no
rKaHyPar,sat14_atco_enc1_opt1_10_21.cnf.dual.hgr,no,no,5,64,0.03,0.0276465,51.9513,cut,5541,1639,no
rKaHyPar,sat14_atco_enc1_opt1_10_21.cnf.dual.hgr,no,no,6,64,0.03,0.0295369,79.2438,cut,5332,1733,no
rKaHyPar,sat14_atco_enc1_opt1_10_21.cnf.dual.hgr,no,no,7,64,0.03,0.0297732,50.1853,cut,5551,1676,no
rKaHyPar,sat14_atco_enc1_opt1_10_21.cnf.dual.hgr,no,no,8,64,0.03,0.0297732,79.4614,cut,5391,1693,no
rKaHyPar,sat14_atco_enc1_opt1_10_21.cnf.dual.hgr,no,no,9,64,0.03,0.0297732,54.3701,cut,5438,1740,no
rKaHyPar,sat14_atco_enc1_opt1_10_21.cnf.dual.hgr,no,no,0,8,0.03,0.0278549,30.5245,cut,1457,800,no
rKaHyPar,sat14_atco_enc1_opt1_10_21.cnf.dual.hgr,no,no,1,8,0.03,0.0290365,29.3702,cut,1571,821,no
rKaHyPar,sat14_atco_enc1_opt1_10_21.cnf.dual.hgr,no,no,2,8,0.03,0.0289774,47.0737,cut,1858,819,no
rKaHyPar,sat14_atco_enc1_opt1_10_21.cnf.dual.hgr,no,no,3,8,0.03,0.0175459,47.204,cut,1540,805,no
rKaHyPar,sat14_atco_enc1_opt1_10_21.cnf.dual.hgr,no,no,4,8,0.03,0.0265257,47.074,cut,1615,782,no
rKaHyPar,sat14_atco_enc1_opt1_10_21.cnf.dual.hgr,no,no,5,8,0.03,0.0260826,46.0348,cut,1682,826,no
rKaHyPar,sat14_atco_enc1_opt1_10_21.cnf.dual.hgr,no,no,6,8,0.03,0.0128788,46.2234,cut,1946,838,no
rKaHyPar,sat14_atco_enc1_opt1_10_21.cnf.dual.hgr,no,no,7,8,0.03,0.0251669,30.5444,cut,1811,841,no
rKaHyPar,sat14_atco_enc1_opt1_10_21.cnf.dual.hgr,no,no,8,8,0.03,0.0287706,31.1509,cut,1687,880,no
rKaHyPar,sat14_atco_enc1_opt1_10_21.cnf.dual.hgr,no,no,9,8,0.03,0.0134991,46.8615,cut,1814,832,no
rKaHyPar,sat14_atco_enc1_opt1_10_21.cnf.hgr,no,no,0,128,0.03,0.0286885,25.2554,cut,9361,8285,no
rKaHyPar,sat14_atco_enc1_opt1_10_21.cnf.hgr,no,no,1,128,0.03,0.0286885,19.4726,cut,9228,8377,no
rKaHyPar,sat14_atco_enc1_opt1_10_21.cnf.hgr,no,no,2,128,0.03,0.0286885,26.044,cut,9185,8170,no
rKaHyPar,sat14_atco_enc1_opt1_10_21.cnf.hgr,no,no,3,128,0.03,0.0286885,18.4803,cut,9096,8031,no
rKaHyPar,sat14_atco_enc1_opt1_10_21.cnf.hgr,no,no,4,128,0.03,0.0286885,18.3853,cut,9315,8097,no
rKaHyPar,sat14_atco_enc1_opt1_10_21.cnf.hgr,no,no,5,128,0.03,0.0286885,26.604,cut,9181,8261,no
rKaHyPar,sat14_atco_enc1_opt1_10_21.cnf.hgr,no,no,6,128,0.03,0.0286885,19.4055,cut,9173,8112,no
rKaHyPar,sat14_atco_enc1_opt1_10_21.cnf.hgr,no,no,7,128,0.03,0.0286885,19.333,cut,9121,8129,no
rKaHyPar,sat14_atco_enc1_opt1_10_21.cnf.hgr,no,no,8,128,0.03,0.0286885,25.8501,cut,9491,8287,no
rKaHyPar,sat14_atco_enc1_opt1_10_21.cnf.hgr,no,no,9,128,0.03,0.0286885,18.5709,cut,9126,8059,no
rKaHyPar,sat14_atco_enc1_opt1_10_21.cnf.hgr,no,no,0,16,0.03,0.0299043,15.1774,cut,2453,2347,no
rKaHyPar,sat14_atco_enc1_opt1_10_21.cnf.hgr,no,no,1,16,0.03,0.0299043,15.6198,cut,2304,2230,no
rKaHyPar,sat14_atco_enc1_opt1_10_21.cnf.hgr,no,no,2,16,0.03,0.0297334,12.016,cut,2284,2216,no
rKaHyPar,sat14_atco_enc1_opt1_10_21.cnf.hgr,no,no,3,16,0.03,0.0297334,10.8508,cut,2409,2323,no
rKaHyPar,sat14_atco_enc1_opt1_10_21.cnf.hgr,no,no,4,16,0.03,0.0297334,14.5279,cut,2311,2244,no
rKaHyPar,sat14_atco_enc1_opt1_10_21.cnf.hgr,no,no,5,16,0.03,0.0297334,11.5914,cut,2343,2248,no
rKaHyPar,sat14_atco_enc1_opt1_10_21.cnf.hgr,no,no,6,16,0.03,0.0299043,16.1802,cut,2451,2387,no
rKaHyPar,sat14_atco_enc1_opt1_10_21.cnf.hgr,no,no,7,16,0.03,0.0297334,11.8656,cut,2236,2170,no
rKaHyPar,sat14_atco_enc1_opt1_10_21.cnf.hgr,no,no,8,16,0.03,0.0295625,9.86303,cut,2356,2306,no
rKaHyPar,sat14_atco_enc1_opt1_10_21.cnf.hgr,no,no,9,16,0.03,0.0299043,11.402,cut,2483,2404,no
rKaHyPar,sat14_atco_enc1_opt1_10_21.cnf.hgr,no,no,0,2,0.03,0.0239234,3.0308,cut,704,704,no
rKaHyPar,sat14_atco_enc1_opt1_10_21.cnf.hgr,no,no,1,2,0.03,0.0287081,2.98232,cut,719,719,no
rKaHyPar,sat14_atco_enc1_opt1_10_21.cnf.hgr,no,no,2,2,0.03,0.0299897,4.85151,cut,798,798,no
rKaHyPar,sat14_atco_enc1_opt1_10_21.cnf.hgr,no,no,3,2,0.03,0.0247992,3.07601,cut,794,794,no
rKaHyPar,sat14_atco_enc1_opt1_10_21.cnf.hgr,no,no,4,2,0.03,0.00228554,4.39739,cut,818,818,no
rKaHyPar,sat14_atco_enc1_opt1_10_21.cnf.hgr,no,no,5,2,0.03,0.0291353,3.21931,cut,735,735,no
rKaHyPar,sat14_atco_enc1_opt1_10_21.cnf.hgr,no,no,6,2,0.03,0.0250342,3.05607,cut,682,682,no
rKaHyPar,sat14_atco_enc1_opt1_10_21.cnf.hgr,no,no,7,2,0.03,0.0298189,3.07716,cut,688,688,no
rKaHyPar,sat14_atco_enc1_opt1_10_21.cnf.hgr,no,no,8,2,0.03,0.0187116,2.95625,cut,635,635,no
rKaHyPar,sat14_atco_enc1_opt1_10_21.cnf.hgr,no,no,9,2,0.03,0.0161483,3.12088,cut,765,765,no
rKaHyPar,sat14_atco_enc1_opt1_10_21.cnf.hgr,no,no,0,32,0.03,0.0290499,13.897,cut,3479,3220,no
rKaHyPar,sat14_atco_enc1_opt1_10_21.cnf.hgr,no,no,1,32,0.03,0.0293917,18.4393,cut,3474,3161,no
rKaHyPar,sat14_atco_enc1_opt1_10_21.cnf.hgr,no,no,2,32,0.03,0.0287081,13.9363,cut,3635,3341,no
rKaHyPar,sat14_atco_enc1_opt1_10_21.cnf.hgr,no,no,3,32,0.03,0.0283664,14.201,cut,3469,3091,no
rKaHyPar,sat14_atco_enc1_opt1_10_21.cnf.hgr,no,no,4,32,0.03,0.0290499,17.4796,cut,3789,3475,no
rKaHyPar,sat14_atco_enc1_opt1_10_21.cnf.hgr,no,no,5,32,0.03,0.0297334,17.5394,cut,3731,3470,no
rKaHyPar,sat14_atco_enc1_opt1_10_21.cnf.hgr,no,no,6,32,0.03,0.0293917,13.2532,cut,3561,3264,no
rKaHyPar,sat14_atco_enc1_opt1_10_21.cnf.hgr,no,no,7,32,0.03,0.0297334,13.264,cut,3501,3172,no
rKaHyPar,sat14_atco_enc1_opt1_10_21.cnf.hgr,no,no,8,32,0.03,0.0290499,18.3121,cut,3645,3310,no
rKaHyPar,sat14_atco_enc1_opt1_10_21.cnf.hgr,no,no,9,32,0.03,0.0293917,19.3694,cut,3649,3293,no
rKaHyPar,sat14_atco_enc1_opt1_10_21.cnf.hgr,no,no,0,4,0.03,0.0257604,8.38945,cut,1142,1131,no
rKaHyPar,sat14_atco_enc1_opt1_10_21.cnf.hgr,no,no,1,4,0.03,0.0299897,6.42219,cut,1249,1234,no
rKaHyPar,sat14_atco_enc1_opt1_10_21.cnf.hgr,no,no,2,4,0.03,0.0246924,7.67156,cut,1201,1195,no
rKaHyPar,sat14_atco_enc1_opt1_10_21.cnf.hgr,no,no,3,4,0.03,0.0254187,6.7102,cut,1196,1184,no
rKaHyPar,sat14_atco_enc1_opt1_10_21.cnf.hgr,no,no,4,4,0.03,0.0262303,9.71534,cut,1181,1171,no
rKaHyPar,sat14_atco_enc1_opt1_10_21.cnf.hgr,no,no,5,4,0.03,0.0291781,6.47052,cut,1197,1186,no
rKaHyPar,sat14_atco_enc1_opt1_10_21.cnf.hgr,no,no,6,4,0.03,0.00717703,9.82214,cut,1291,1269,no
rKaHyPar,sat14_atco_enc1_opt1_10_21.cnf.hgr,no,no,7,4,0.03,0.0281955,9.46667,cut,1178,1173,no
rKaHyPar,sat14_atco_enc1_opt1_10_21.cnf.hgr,no,no,8,4,0.03,0.02811,9.958,cut,1168,1158,no
rKaHyPar,sat14_atco_enc1_opt1_10_21.cnf.hgr,no,no,9,4,0.03,0.0268284,10.8602,cut,1337,1307,no
rKaHyPar,sat14_atco_enc1_opt1_10_21.cnf.hgr,no,no,0,64,0.03,0.0293917,15.2281,cut,5743,5319,no
rKaHyPar,sat14_atco_enc1_opt1_10_21.cnf.hgr,no,no,1,64,0.03,0.0293917,15.6463,cut,5831,5354,no
rKaHyPar,sat14_atco_enc1_opt1_10_21.cnf.hgr,no,no,2,64,0.03,0.0293917,23.2407,cut,5718,5262,no
rKaHyPar,sat14_atco_enc1_opt1_10_21.cnf.hgr,no,no,3,64,0.03,0.0293917,22.7718,cut,5720,5301,no
rKaHyPar,sat14_atco_enc1_opt1_10_21.cnf.hgr,no,no,4,64,0.03,0.0293917,21.0428,cut,6026,5584,no
rKaHyPar,sat14_atco_enc1_opt1_10_21.cnf.hgr,no,no,5,64,0.03,0.0293917,17.4174,cut,5980,5537,no
rKaHyPar,sat14_atco_enc1_opt1_10_21.cnf.hgr,no,no,6,64,0.03,0.0293917,22.1677,cut,5885,5347,no
rKaHyPar,sat14_atco_enc1_opt1_10_21.cnf.hgr,no,no,7,64,0.03,0.0293917,15.8481,cut,5931,5461,no
rKaHyPar,sat14_atco_enc1_opt1_10_21.cnf.hgr,no,no,8,64,0.03,0.0293917,21.216,cut,5974,5552,no
rKaHyPar,sat14_atco_enc1_opt1_10_21.cnf.hgr,no,no,9,64,0.03,0.0293917,16.011,cut,5806,5361,no
rKaHyPar,sat14_atco_enc1_opt1_10_21.cnf.hgr,no,no,0,8,0.03,0.0299897,8.83693,cut,1678,1644,no
rKaHyPar,sat14_atco_enc1_opt1_10_21.cnf.hgr,no,no,1,8,0.03,0.0299043,8.23456,cut,1695,1662,no
rKaHyPar,sat14_atco_enc1_opt1_10_21.cnf.hgr,no,no,2,8,0.03,0.0255468,12.0319,cut,1640,1611,no
rKaHyPar,sat14_atco_enc1_opt1_10_21.cnf.hgr,no,no,3,8,0.03,0.0193951,12.3242,cut,1630,1595,no
rKaHyPar,sat14_atco_enc1_opt1_10_21.cnf.hgr,no,no,4,8,0.03,0.0299043,11.6366,cut,1728,1698,no
rKaHyPar,sat14_atco_enc1_opt1_10_21.cnf.hgr,no,no,5,8,0.03,0.0228127,12.7509,cut,1724,1696,no
rKaHyPar,sat14_atco_enc1_opt1_10_21.cnf.hgr,no,no,6,8,0.03,0.0299897,12.2298,cut,1742,1700,no
rKaHyPar,sat14_atco_enc1_opt1_10_21.cnf.hgr,no,no,7,8,0.03,0.0299897,8.98648,cut,1700,1680,no
rKaHyPar,sat14_atco_enc1_opt1_10_21.cnf.hgr,no,no,8,8,0.03,0.0299043,8.76008,cut,1694,1667,no
rKaHyPar,sat14_atco_enc1_opt1_10_21.cnf.hgr,no,no,9,8,0.03,0.0299897,11.8166,cut,1713,1679,no
rKaHyPar,sat14_atco_enc1_opt1_10_21.cnf.primal.hgr,no,no,0,128,0.03,0.0298913,14.1884,cut,21611,20203,no
rKaHyPar,sat14_atco_enc1_opt1_10_21.cnf.primal.hgr,no,no,1,128,0.03,0.0298913,14.3913,cut,21212,19635,no
rKaHyPar,sat14_atco_enc1_opt1_10_21.cnf.primal.hgr,no,no,2,128,0.03,0.0298913,14.4154,cut,21459,19861,no
rKaHyPar,sat14_atco_enc1_opt1_10_21.cnf.primal.hgr,no,no,3,128,0.03,0.0298913,19.3752,cut,21114,19559,no
rKaHyPar,sat14_atco_enc1_opt1_10_21.cnf.primal.hgr,no,no,4,128,0.03,0.0298913,14.1906,cut,21247,19761,no
rKaHyPar,sat14_atco_enc1_opt1_10_21.cnf.primal.hgr,no,no,5,128,0.03,0.0298913,19.7675,cut,21466,19865,no
rKaHyPar,sat14_atco_enc1_opt1_10_21.cnf.primal.hgr,no,no,6,128,0.03,0.0298913,14.1822,cut,21249,19747,no
rKaHyPar,sat14_atco_enc1_opt1_10_21.cnf.primal.hgr,no,no,7,128,0.03,0.0298913,14.4083,cut,21216,19636,no
rKaHyPar,sat14_atco_enc1_opt1_10_21.cnf.primal.hgr,no,no,8,128,0.03,0.0298913,14.2961,cut,21431,19738,no
rKaHyPar,sat14_atco_enc1_opt1_10_21.cnf.primal.hgr,no,no,9,128,0.03,0.0298913,19.841,cut,21140,19394,no
rKaHyPar,sat14_atco_enc1_opt1_10_21.cnf.primal.hgr,no,no,0,16,0.03,0.0299523,9.48604,cut,3831,3694,no
rKaHyPar,sat14_atco_enc1_opt1_10_21.cnf.primal.hgr,no,no,1,16,0.03,0.0299523,9.58322,cut,3750,3624,no
rKaHyPar,sat14_atco_enc1_opt1_10_21.cnf.primal.hgr,no,no,2,16,0.03,0.0299523,6.95358,cut,3744,3600,no
rKaHyPar,sat14_atco_enc1_opt1_10_21.cnf.primal.hgr,no,no,3,16,0.03,0.0299523,6.79921,cut,3812,3671,no
rKaHyPar,sat14_atco_enc1_opt1_10_21.cnf.primal.hgr,no,no,4,16,0.03,0.0299523,9.53084,cut,3792,3648,no
rKaHyPar,sat14_atco_enc1_opt1_10_21.cnf.primal.hgr,no,no,5,16,0.03,0.0299523,6.9343,cut,3796,3651,no
rKaHyPar,sat14_atco_enc1_opt1_10_21.cnf.primal.hgr,no,no,6,16,0.03,0.0299523,9.5833,cut,3738,3594,no
rKaHyPar,sat14_atco_enc1_opt1_10_21.cnf.primal.hgr,no,no,7,16,0.03,0.0299523,7.07372,cut,3787,3642,no
rKaHyPar,sat14_atco_enc1_opt1_10_21.cnf.primal.hgr,no,no,8,16,0.03,0.0299523,6.90528,cut,3838,3685,no
rKaHyPar,sat14_atco_enc1_opt1_10_21.cnf.primal.hgr,no,no,9,16,0.03,0.0299523,9.8081,cut,3984,3799,no
rKaHyPar,sat14_atco_enc1_opt1_10_21.cnf.primal.hgr,no,no,0,2,0.03,0.0242159,2.23969,cut,1274,1274,no
rKaHyPar,sat14_atco_enc1_opt1_10_21.cnf.primal.hgr,no,no,1,2,0.03,0.0219603,2.1273,cut,1350,1350,no
rKaHyPar,sat14_atco_enc1_opt1_10_21.cnf.primal.hgr,no,no,2,2,0.03,0.0293655,3.32712,cut,1274,1274,no
rKaHyPar,sat14_atco_enc1_opt1_10_21.cnf.primal.hgr,no,no,3,2,0.03,0.0194493,2.14707,cut,1272,1272,no
rKaHyPar,sat14_atco_enc1_opt1_10_21.cnf.primal.hgr,no,no,4,2,0.03,0.0217049,3.26841,cut,1274,1274,no
rKaHyPar,sat14_atco_enc1_opt1_10_21.cnf.primal.hgr,no,no,5,2,0.03,0.0227689,2.21043,cut,1268,1268,no
rKaHyPar,sat14_atco_enc1_opt1_10_21.cnf.primal.hgr,no,no,6,2,0.03,0.029408,2.23477,cut,1284,1284,no
rKaHyPar,sat14_atco_enc1_opt1_10_21.cnf.primal.hgr,no,no,7,2,0.03,0.0289399,2.38194,cut,1272,1272,no
rKaHyPar,sat14_atco_enc1_opt1_10_21.cnf.primal.hgr,no,no,8,2,0.03,0.0299613,2.32081,cut,1298,1298,no
rKaHyPar,sat14_atco_enc1_opt1_10_21.cnf.primal.hgr,no,no,9,2,0.03,0.0183853,2.1952,cut,1270,1270,no
rKaHyPar,sat14_atco_enc1_opt1_10_21.cnf.primal.hgr,no,no,0,32,0.03,0.0299523,8.55173,cut,5623,5074,no
rKaHyPar,sat14_atco_enc1_opt1_10_21.cnf.primal.hgr,no,no,1,32,0.03,0.0299523,11.8175,cut,5595,5214,no
rKaHyPar,sat14_atco_enc1_opt1_10_21.cnf.primal.hgr,no,no,2,32,0.03,0.0299523,8.64014,cut,5579,5207,no
rKaHyPar,sat14_atco_enc1_opt1_10_21.cnf.primal.hgr,no,no,3,32,0.03,0.0299523,8.4229,cut,5568,5168,no
rKaHyPar,sat14_atco_enc1_opt1_10_21.cnf.primal.hgr,no,no,4,32,0.03,0.0299523,12.0507,cut,5586,5241,no
rKaHyPar,sat14_atco_enc1_opt1_10_21.cnf.primal.hgr,no,no,5,32,0.03,0.0299523,11.7634,cut,5714,5369,no
rKaHyPar,sat14_atco_enc1_opt1_10_21.cnf.primal.hgr,no,no,6,32,0.03,0.0299523,8.76871,cut,5744,5323,no
rKaHyPar,sat14_atco_enc1_opt1_10_21.cnf.primal.hgr,no,no,7,32,0.03,0.0299523,8.59716,cut,5532,5157,no
rKaHyPar,sat14_atco_enc1_opt1_10_21.cnf.primal.hgr,no,no,8,32,0.03,0.0299523,11.8107,cut,5545,5168,no
rKaHyPar,sat14_atco_enc1_opt1_10_21.cnf.primal.hgr,no,no,9,32,0.03,0.0299523,11.9268,cut,5555,5033,no
rKaHyPar,sat14_atco_enc1_opt1_10_21.cnf.primal.hgr,no,no,0,4,0.03,0.0125968,5.75843,cut,2061,2050,no
rKaHyPar,sat14_atco_enc1_opt1_10_21.cnf.primal.hgr,no,no,1,4,0.03,0.0293642,4.14141,cut,2133,2113,no
rKaHyPar,sat14_atco_enc1_opt1_10_21.cnf.primal.hgr,no,no,2,4,0.03,0.0102136,5.70074,cut,2063,2052,no
rKaHyPar,sat14_atco_enc1_opt1_10_21.cnf.primal.hgr,no,no,3,4,0.03,0.028428,4.22715,cut,2158,2138,no
rKaHyPar,sat14_atco_enc1_opt1_10_21.cnf.primal.hgr,no,no,4,4,0.03,0.0107243,5.80353,cut,2067,2056,no
rKaHyPar,sat14_atco_enc1_opt1_10_21.cnf.primal.hgr,no,no,5,4,0.03,0.0138735,4.2733,cut,2063,2053,no
rKaHyPar,sat14_atco_enc1_opt1_10_21.cnf.primal.hgr,no,no,6,4,0.03,0.0128522,4.15406,cut,2059,2049,no
rKaHyPar,sat14_atco_enc1_opt1_10_21.cnf.primal.hgr,no,no,7,4,0.03,0.0274066,5.72504,cut,2077,2061,no
rKaHyPar,sat14_atco_enc1_opt1_10_21.cnf.primal.hgr,no,no,8,4,0.03,0.01498,6.13742,cut,2095,2083,no
rKaHyPar,sat14_atco_enc1_opt1_10_21.cnf.primal.hgr,no,no,9,4,0.03,0.00893693,5.81839,cut,2063,2053,no
rKaHyPar,sat14_atco_enc1_opt1_10_21.cnf.primal.hgr,no,no,0,64,0.03,0.029932,11.1302,cut,11273,10728,no
rKaHyPar,sat14_atco_enc1_opt1_10_21.cnf.primal.hgr,no,no,1,64,0.03,0.029932,15.3144,cut,11091,10487,no
rKaHyPar,sat14_atco_enc1_opt1_10_21.cnf.primal.hgr,no,no,2,64,0.03,0.029932,15.6395,cut,11032,10427,no
rKaHyPar,sat14_atco_enc1_opt1_10_21.cnf.primal.hgr,no,no,3,64,0.03,0.029932,15.011,cut,11006,10406,no
rKaHyPar,sat14_atco_enc1_opt1_10_21.cnf.primal.hgr,no,no,4,64,0.03,0.029932,11.0587,cut,11090,10478,no
rKaHyPar,sat14_atco_enc1_opt1_10_21.cnf.primal.hgr,no,no,5,64,0.03,0.029932,10.9599,cut,11057,10456,no
rKaHyPar,sat14_atco_enc1_opt1_10_21.cnf.primal.hgr,no,no,6,64,0.03,0.029932,15.3932,cut,11215,10515,no
rKaHyPar,sat14_atco_enc1_opt1_10_21.cnf.primal.hgr,no,no,7,64,0.03,0.029932,11.2329,cut,11085,10466,no
rKaHyPar,sat14_atco_enc1_opt1_10_21.cnf.primal.hgr,no,no,8,64,0.03,0.029932,15.6268,cut,11000,10408,no
rKaHyPar,sat14_atco_enc1_opt1_10_21.cnf.primal.hgr,no,no,9,64,0.03,0.029932,11.3002,cut,11974,11313,no
rKaHyPar,sat14_atco_enc1_opt1_10_21.cnf.primal.hgr,no,no,0,8,0.03,0.0299574,5.48991,cut,2820,2770,no
rKaHyPar,sat14_atco_enc1_opt1_10_21.cnf.primal.hgr,no,no,1,8,0.03,0.0299574,5.86046,cut,2849,2796,no
rKaHyPar,sat14_atco_enc1_opt1_10_21.cnf.primal.hgr,no,no,2,8,0.03,0.0182128,8.0202,cut,2763,2712,no
rKaHyPar,sat14_atco_enc1_opt1_10_21.cnf.primal.hgr,no,no,3,8,0.03,0.0297872,7.50662,cut,2827,2775,no
rKaHyPar,sat14_atco_enc1_opt1_10_21.cnf.primal.hgr,no,no,4,8,0.03,0.0299574,7.6971,cut,2832,2781,no
rKaHyPar,sat14_atco_enc1_opt1_10_21.cnf.primal.hgr,no,no,5,8,0.03,0.0299574,7.75883,cut,2937,2887,no
rKaHyPar,sat14_atco_enc1_opt1_10_21.cnf.primal.hgr,no,no,6,8,0.03,0.0299574,7.58961,cut,2851,2793,no
rKaHyPar,sat14_atco_enc1_opt1_10_21.cnf.primal.hgr,no,no,7,8,0.03,0.0214468,7.85939,cut,2753,2703,no
rKaHyPar,sat14_atco_enc1_opt1_10_21.cnf.primal.hgr,no,no,8,8,0.03,0.029617,5.52769,cut,2843,2792,no
rKaHyPar,sat14_atco_enc1_opt1_10_21.cnf.primal.hgr,no,no,9,8,0.03,0.0187234,7.54691,cut,2751,2701,no
rKaHyPar,sat14_atco_enc1_opt1_15_240.cnf.dual.hgr,no,no,0,128,0.03,0.0280151,381.577,cut,23565,6859,no
rKaHyPar,sat14_atco_enc1_opt1_15_240.cnf.dual.hgr,no,no,1,128,0.03,0.0298033,245.465,cut,23010,6866,no
rKaHyPar,sat14_atco_enc1_opt1_15_240.cnf.dual.hgr,no,no,2,128,0.03,0.0294059,410.831,cut,23491,6962,no
rKaHyPar,sat14_atco_enc1_opt1_15_240.cnf.dual.hgr,no,no,3,128,0.03,0.0292072,381.883,cut,23601,6860,no
rKaHyPar,sat14_atco_enc1_opt1_15_240.cnf.dual.hgr,no,no,4,128,0.03,0.0298033,256.082,cut,23164,6988,no
rKaHyPar,sat14_atco_enc1_opt1_15_240.cnf.dual.hgr,no,no,5,128,0.03,0.0288099,369.832,cut,22665,6811,no
rKaHyPar,sat14_atco_enc1_opt1_15_240.cnf.dual.hgr,no,no,6,128,0.03,0.0294059,276.673,cut,23493,6807,no
rKaHyPar,sat14_atco_enc1_opt1_15_240.cnf.dual.hgr,no,no,7,128,0.03,0.0298033,244.797,cut,23240,6950,no
rKaHyPar,sat14_atco_enc1_opt1_15_240.cnf.dual.hgr,no,no,8,128,0.03,0.0294059,418.276,cut,22588,6988,no
rKaHyPar,sat14_atco_enc1_opt1_15_240.cnf.dual.hgr,no,no,9,128,0.03,0.0288099,423.295,cut,23163,6914,no
rKaHyPar,sat14_atco_enc1_opt1_15_240.cnf.dual.hgr,no,no,0,16,0.03,0.0291626,328.386,cut,3399,1818,no
rKaHyPar,sat14_atco_enc1_opt1_15_240.cnf.dual.hgr,no,no,1,16,0.03,0.0297091,263.07,cut,4576,1955,no
rKaHyPar,sat14_atco_enc1_opt1_15_240.cnf.dual.hgr,no,no,2,16,0.03,0.0292123,209.547,cut,3867,1847,no
rKaHyPar,sat14_atco_enc1_opt1_15_240.cnf.dual.hgr,no,no,3,16,0.03,0.0281442,200.721,cut,4018,1796,no
rKaHyPar,sat14_atco_enc1_opt1_15_240.cnf.dual.hgr,no,no,4,16,0.03,0.0291129,273.223,cut,4346,1935,no
rKaHyPar,sat14_atco_enc1_opt1_15_240.cnf.dual.hgr,no,no,5,16,0.03,0.0283429,195.558,cut,4112,1842,no
rKaHyPar,sat14_atco_enc1_opt1_15_240.cnf.dual.hgr,no,no,6,16,0.03,0.0299575,290.613,cut,3922,1907,no
rKaHyPar,sat14_atco_enc1_opt1_15_240.cnf.dual.hgr,no,no,7,16,0.03,0.0291129,230.158,cut,3710,1914,no
rKaHyPar,sat14_atco_enc1_opt1_15_240.cnf.dual.hgr,no,no,8,16,0.03,0.0288397,201.915,cut,4123,1856,no
rKaHyPar,sat14_atco_enc1_opt1_15_240.cnf.dual.hgr,no,no,9,16,0.03,0.0290633,265.852,cut,4097,1921,no
rKaHyPar,sat14_atco_enc1_opt1_15_240.cnf.dual.hgr,no,no,0,2,0.03,0.00472908,68.5267,cut,647,647,no
rKaHyPar,sat14_atco_enc1_opt1_15_240.cnf.dual.hgr,no,no,1,2,0.03,0.0175439,68.2476,cut,637,637,no
rKaHyPar,sat14_atco_enc1_opt1_15_240.cnf.dual.hgr,no,no,2,2,0.03,0.0286229,101.767,cut,682,682,no
rKaHyPar,sat14_atco_enc1_opt1_15_240.cnf.dual.hgr,no,no,3,2,0.03,0.00153392,64.3932,cut,589,589,no
rKaHyPar,sat14_atco_enc1_opt1_15_240.cnf.dual.hgr,no,no,4,2,0.03,0.0211178,102.545,cut,679,679,no
rKaHyPar,sat14_atco_enc1_opt1_15_240.cnf.dual.hgr,no,no,5,2,0.03,0.0176805,69.0972,cut,637,637,no
rKaHyPar,sat14_atco_enc1_opt1_15_240.cnf.dual.hgr,no,no,6,2,0.03,0.00153392,66.0235,cut,589,589,no
rKaHyPar,sat14_atco_enc1_opt1_15_240.cnf.dual.hgr,no,no,7,2,0.03,0.0286229,69.6625,cut,682,682,no
rKaHyPar,sat14_atco_enc1_opt1_15_240.cnf.dual.hgr,no,no,8,2,0.03,0.00153392,66.3879,cut,589,589,no
rKaHyPar,sat14_atco_enc1_opt1_15_240.cnf.dual.hgr,no,no,9,2,0.03,0.0173234,70.3321,cut,664,664,no
rKaHyPar,sat14_atco_enc1_opt1_15_240.cnf.dual.hgr,no,no,0,32,0.03,0.0287645,229.807,cut,6973,2754,no
rKaHyPar,sat14_atco_enc1_opt1_15_240.cnf.dual.hgr,no,no,1,32,0.03,0.0294103,313.736,cut,7489,2830,no
rKaHyPar,sat14_atco_enc1_opt1_15_240.cnf.dual.hgr,no,no,2,32,0.03,0.029609,239.952,cut,7040,2903,no
rKaHyPar,sat14_atco_enc1_opt1_15_240.cnf.dual.hgr,no,no,3,32,0.03,0.0292116,238.75,cut,7327,2790,no
rKaHyPar,sat14_atco_enc1_opt1_15_240.cnf.dual.hgr,no,no,4,32,0.03,0.0299071,324.076,cut,6849,2699,no
rKaHyPar,sat14_atco_enc1_opt1_15_240.cnf.dual.hgr,no,no,5,32,0.03,0.0292116,326.188,cut,7481,2825,no
rKaHyPar,sat14_atco_enc1_opt1_15_240.cnf.dual.hgr,no,no,6,32,0.03,0.0292116,234.828,cut,7278,2877,no
rKaHyPar,sat14_atco_enc1_opt1_15_240.cnf.dual.hgr,no,no,7,32,0.03,0.0298077,205.343,cut,7394,2772,no
rKaHyPar,sat14_atco_enc1_opt1_15_240.cnf.dual.hgr,no,no,8,32,0.03,0.0274728,345.935,cut,7488,2804,no
rKaHyPar,sat14_atco_enc1_opt1_15_240.cnf.dual.hgr,no,no,9,32,0.03,0.029609,360.885,cut,6837,2762,no
rKaHyPar,sat14_atco_enc1_opt1_15_240.cnf.dual.hgr,no,no,0,4,0.03,0.00634684,182.972,cut,1377,987,no
rKaHyPar,sat14_atco_enc1_opt1_15_240.cnf.dual.hgr,no,no,1,4,0.03,0.0265984,115.578,cut,1879,1070,no
rKaHyPar,sat14_atco_enc1_opt1_15_240.cnf.dual.hgr,no,no,2,4,0.03,0.0188107,165.351,cut,1715,1071,no
rKaHyPar,sat14_atco_enc1_opt1_15_240.cnf.dual.hgr,no,no,3,4,0.03,0.024046,132.076,cut,1650,949,no
rKaHyPar,sat14_atco_enc1_opt1_15_240.cnf.dual.hgr,no,no,4,4,0.03,0.0161962,185.957,cut,1581,930,no
rKaHyPar,sat14_atco_enc1_opt1_15_240.cnf.dual.hgr,no,no,5,4,0.03,0.0221518,123.185,cut,1729,1006,no
rKaHyPar,sat14_atco_enc1_opt1_15_240.cnf.dual.hgr,no,no,6,4,0.03,0.0109672,184.624,cut,1603,950,no
rKaHyPar,sat14_atco_enc1_opt1_15_240.cnf.dual.hgr,no,no,7,4,0.03,0.0174383,183.478,cut,1462,932,no
rKaHyPar,sat14_atco_enc1_opt1_15_240.cnf.dual.hgr,no,no,8,4,0.03,0.0255985,219.979,cut,1574,1027,no
rKaHyPar,sat14_atco_enc1_opt1_15_240.cnf.dual.hgr,no,no,9,4,0.03,0.0150039,204.944,cut,1629,1038,no
rKaHyPar,sat14_atco_enc1_opt1_15_240.cnf.dual.hgr,no,no,0,64,0.03,0.0291108,243.447,cut,12205,4250,no
rKaHyPar,sat14_atco_enc1_opt1_15_240.cnf.dual.hgr,no,no,1,64,0.03,0.0295082,422.499,cut,12038,4188,no
rKaHyPar,sat14_atco_enc1_opt1_15_240.cnf.dual.hgr,no,no,2,64,0.03,0.0298063,347.254,cut,12864,4369,no
rKaHyPar,sat14_atco_enc1_opt1_15_240.cnf.dual.hgr,no,no,3,64,0.03,0.0291108,430.623,cut,12593,4372,no
rKaHyPar,sat14_atco_enc1_opt1_15_240.cnf.dual.hgr,no,no,4,64,0.03,0.0282166,219.995,cut,13007,4225,no
rKaHyPar,sat14_atco_enc1_opt1_15_240.cnf.dual.hgr,no,no,5,64,0.03,0.0288127,270.789,cut,12995,4355,no
rKaHyPar,sat14_atco_enc1_opt1_15_240.cnf.dual.hgr,no,no,6,64,0.03,0.0294088,368.726,cut,12473,4230,no
rKaHyPar,sat14_atco_enc1_opt1_15_240.cnf.dual.hgr,no,no,7,64,0.03,0.0296076,219.064,cut,12721,4230,no
rKaHyPar,sat14_atco_enc1_opt1_15_240.cnf.dual.hgr,no,no,8,64,0.03,0.0291108,348.849,cut,12876,4296,no
rKaHyPar,sat14_atco_enc1_opt1_15_240.cnf.dual.hgr,no,no,9,64,0.03,0.0293095,248.995,cut,11287,4237,no
rKaHyPar,sat14_atco_enc1_opt1_15_240.cnf.dual.hgr,no,no,0,8,0.03,0.0289146,153.038,cut,2472,1200,no
rKaHyPar,sat14_atco_enc1_opt1_15_240.cnf.dual.hgr,no,no,1,8,0.03,0.0284178,159.496,cut,2604,1301,no
rKaHyPar,sat14_atco_enc1_opt1_15_240.cnf.dual.hgr,no,no,2,8,0.03,0.0289891,232.97,cut,3021,1293,no
rKaHyPar,sat14_atco_enc1_opt1_15_240.cnf.dual.hgr,no,no,3,8,0.03,0.0287655,233.736,cut,2480,1186,no
rKaHyPar,sat14_atco_enc1_opt1_15_240.cnf.dual.hgr,no,no,4,8,0.03,0.0287283,237.085,cut,2809,1215,no
rKaHyPar,sat14_atco_enc1_opt1_15_240.cnf.dual.hgr,no,no,5,8,0.03,0.028778,239.6,cut,2570,1244,no
rKaHyPar,sat14_atco_enc1_opt1_15_240.cnf.dual.hgr,no,no,6,8,0.03,0.0291878,246.458,cut,3004,1225,no
rKaHyPar,sat14_atco_enc1_opt1_15_240.cnf.dual.hgr,no,no,7,8,0.03,0.028542,255.833,cut,2499,1243,no
rKaHyPar,sat14_atco_enc1_opt1_15_240.cnf.dual.hgr,no,no,8,8,0.03,0.0275608,177.508,cut,2461,1295,no
rKaHyPar,sat14_atco_enc1_opt1_15_240.cnf.dual.hgr,no,no,9,8,0.03,0.0287407,225.883,cut,3237,1425,no
rKaHyPar,sat14_atco_enc1_opt1_15_240.cnf.hgr,no,no,0,128,0.03,0.0291363,44.5311,cut,13904,12323,no
rKaHyPar,sat14_atco_enc1_opt1_15_240.cnf.hgr,no,no,1,128,0.03,0.0291363,46.7063,cut,13742,12333,no
rKaHyPar,sat14_atco_enc1_opt1_15_240.cnf.hgr,no,no,2,128,0.03,0.0291363,45.5276,cut,13782,12081,no
rKaHyPar,sat14_atco_enc1_opt1_15_240.cnf.hgr,no,no,3,128,0.03,0.0291363,56.1469,cut,13963,12562,no
rKaHyPar,sat14_atco_enc1_opt1_15_240.cnf.hgr,no,no,4,128,0.03,0.0291363,40.2207,cut,14040,12565,no
rKaHyPar,sat14_atco_enc1_opt1_15_240.cnf.hgr,no,no,5,128,0.03,0.0291363,42.0488,cut,14991,13419,no
rKaHyPar,sat14_atco_enc1_opt1_15_240.cnf.hgr,no,no,6,128,0.03,0.0291363,44.5436,cut,13875,12195,no
rKaHyPar,sat14_atco_enc1_opt1_15_240.cnf.hgr,no,no,7,128,0.03,0.0291363,41.5213,cut,13561,12144,no
rKaHyPar,sat14_atco_enc1_opt1_15_240.cnf.hgr,no,no,8,128,0.03,0.0291363,44.9032,cut,13767,12461,no
rKaHyPar,sat14_atco_enc1_opt1_15_240.cnf.hgr,no,no,9,128,0.03,0.0291363,64.3808,cut,13535,12161,no
rKaHyPar,sat14_atco_enc1_opt1_15_240.cnf.hgr,no,no,0,16,0.03,0.0298138,40.399,cut,3028,2935,no
rKaHyPar,sat14_atco_enc1_opt1_15_240.cnf.hgr,no,no,1,16,0.03,0.0296836,41.1716,cut,3153,3027,no
rKaHyPar,sat14_atco_enc1_opt1_15_240.cnf.hgr,no,no,2,16,0.03,0.0291629,30.1119,cut,3045,2967,no
rKaHyPar,sat14_atco_enc1_opt1_15_240.cnf.hgr,no,no,3,16,0.03,0.0296836,27.8575,cut,3041,2916,no
rKaHyPar,sat14_atco_enc1_opt1_15_240.cnf.hgr,no,no,4,16,0.03,0.0294233,40.2661,cut,3092,2997,no
rKaHyPar,sat14_atco_enc1_opt1_15_240.cnf.hgr,no,no,5,16,0.03,0.0262987,41.8155,cut,2878,2762,no
rKaHyPar,sat14_atco_enc1_opt1_15_240.cnf.hgr,no,no,6,16,0.03,0.029944,44.8491,cut,3102,3028,no
rKaHyPar,sat14_atco_enc1_opt1_15_240.cnf.hgr,no,no,7,16,0.03,0.0296836,27.2467,cut,3242,3143,no
rKaHyPar,sat14_atco_enc1_opt1_15_240.cnf.hgr,no,no,8,16,0.03,0.029944,44.7296,cut,3161,3029,no
rKaHyPar,sat14_atco_enc1_opt1_15_240.cnf.hgr,no,no,9,16,0.03,0.029944,40.4217,cut,3060,2923,no
rKaHyPar,sat14_atco_enc1_opt1_15_240.cnf.hgr,no,no,0,2,0.03,0.00561496,7.67146,cut,853,853,no
rKaHyPar,sat14_atco_enc1_opt1_15_240.cnf.hgr,no,no,1,2,0.03,0.00122064,7.51451,cut,954,954,no
rKaHyPar,sat14_atco_enc1_opt1_15_240.cnf.hgr,no,no,2,2,0.03,0.0187491,10.1622,cut,965,965,no
rKaHyPar,sat14_atco_enc1_opt1_15_240.cnf.hgr,no,no,3,2,0.03,0.0295233,7.45772,cut,960,960,no
rKaHyPar,sat14_atco_enc1_opt1_15_240.cnf.hgr,no,no,4,2,0.03,0.0264961,10.1257,cut,844,844,no
rKaHyPar,sat14_atco_enc1_opt1_15_240.cnf.hgr,no,no,5,2,0.03,0.0295396,10.0788,cut,838,838,no
rKaHyPar,sat14_atco_enc1_opt1_15_240.cnf.hgr,no,no,6,2,0.03,0.00792605,7.53903,cut,914,914,no
rKaHyPar,sat14_atco_enc1_opt1_15_240.cnf.hgr,no,no,7,2,0.03,0.00595674,7.3347,cut,1030,1030,no
rKaHyPar,sat14_atco_enc1_opt1_15_240.cnf.hgr,no,no,8,2,0.03,0.0110183,7.3315,cut,955,955,no
rKaHyPar,sat14_atco_enc1_opt1_15_240.cnf.hgr,no,no,9,2,0.03,0.008219,7.67761,cut,1066,1066,no
rKaHyPar,sat14_atco_enc1_opt1_15_240.cnf.hgr,no,no,0,32,0.03,0.0299401,35.2543,cut,4917,4560,no
rKaHyPar,sat14_atco_enc1_opt1_15_240.cnf.hgr,no,no,1,32,0.03,0.0299401,34.9495,cut,4962,4617,no
rKaHyPar,sat14_atco_enc1_opt1_15_240.cnf.hgr,no,no,2,32,0.03,0.0299401,38.1358,cut,4907,4655,no
rKaHyPar,sat14_atco_enc1_opt1_15_240.cnf.hgr,no,no,3,32,0.03,0.0296798,32.5234,cut,5008,4783,no
rKaHyPar,sat14_atco_enc1_opt1_15_240.cnf.hgr,no,no,4,32,0.03,0.0299401,45.5853,cut,4856,4587,no
rKaHyPar,sat14_atco_enc1_opt1_15_240.cnf.hgr,no,no,5,32,0.03,0.0299401,52.314,cut,4888,4660,no
rKaHyPar,sat14_atco_enc1_opt1_15_240.cnf.hgr,no,no,6,32,0.03,0.0299401,38.8187,cut,5074,4718,no
rKaHyPar,sat14_atco_enc1_opt1_15_240.cnf.hgr,no,no,7,32,0.03,0.0299401,36.373,cut,4934,4729,no
rKaHyPar,sat14_atco_enc1_opt1_15_240.cnf.hgr,no,no,8,32,0.03,0.0299401,43.2841,cut,5111,4807,no
rKaHyPar,sat14_atco_enc1_opt1_15_240.cnf.hgr,no,no,9,32,0.03,0.0296798,46.4445,cut,5027,4709,no
rKaHyPar,sat14_atco_enc1_opt1_15_240.cnf.hgr,no,no,0,4,0.03,0.0139639,22.7435,cut,1503,1498,no
rKaHyPar,sat14_atco_enc1_opt1_15_240.cnf.hgr,no,no,1,4,0.03,0.0157867,21.2758,cut,1514,1503,no
rKaHyPar,sat14_atco_enc1_opt1_15_240.cnf.hgr,no,no,2,4,0.03,0.0263655,22.1314,cut,1619,1607,no
rKaHyPar,sat14_atco_enc1_opt1_15_240.cnf.hgr,no,no,3,4,0.03,0.012076,16.0116,cut,1665,1648,no
rKaHyPar,sat14_atco_enc1_opt1_15_240.cnf.hgr,no,no,4,4,0.03,0.0279279,15.9017,cut,1555,1540,no
rKaHyPar,sat14_atco_enc1_opt1_15_240.cnf.hgr,no,no,5,4,0.03,0.0193672,15.2424,cut,1545,1532,no
rKaHyPar,sat14_atco_enc1_opt1_15_240.cnf.hgr,no,no,6,4,0.03,0.0154612,16.0402,cut,1517,1511,no
rKaHyPar,sat14_atco_enc1_opt1_15_240.cnf.hgr,no,no,7,4,0.03,0.0193672,15.2843,cut,1687,1674,no
rKaHyPar,sat14_atco_enc1_opt1_15_240.cnf.hgr,no,no,8,4,0.03,0.0169911,18.657,cut,1521,1512,no
rKaHyPar,sat14_atco_enc1_opt1_15_240.cnf.hgr,no,no,9,4,0.03,0.0125317,18.6832,cut,1575,1564,no
rKaHyPar,sat14_atco_enc1_opt1_15_240.cnf.hgr,no,no,0,64,0.03,0.029672,54.9383,cut,7715,7090,no
rKaHyPar,sat14_atco_enc1_opt1_15_240.cnf.hgr,no,no,1,64,0.03,0.029672,52.4804,cut,7750,7293,no
rKaHyPar,sat14_atco_enc1_opt1_15_240.cnf.hgr,no,no,2,64,0.03,0.029672,53.5116,cut,7646,7237,no
rKaHyPar,sat14_atco_enc1_opt1_15_240.cnf.hgr,no,no,3,64,0.03,0.029672,56.8066,cut,7549,7125,no
rKaHyPar,sat14_atco_enc1_opt1_15_240.cnf.hgr,no,no,4,64,0.03,0.029672,37.3284,cut,7444,7062,no
rKaHyPar,sat14_atco_enc1_opt1_15_240.cnf.hgr,no,no,5,64,0.03,0.029672,37.5846,cut,7551,7191,no
rKaHyPar,sat14_atco_enc1_opt1_15_240.cnf.hgr,no,no,6,64,0.03,0.029672,38.7633,cut,7960,7410,no
rKaHyPar,sat14_atco_enc1_opt1_15_240.cnf.hgr,no,no,7,64,0.03,0.029672,38.839,cut,7781,7259,no
rKaHyPar,sat14_atco_enc1_opt1_15_240.cnf.hgr,no,no,8,64,0.03,0.029672,53.8712,cut,7650,7198,no
rKaHyPar,sat14_atco_enc1_opt1_15_240.cnf.hgr,no,no,9,64,0.03,0.029672,36.3576,cut,7759,7309,no
rKaHyPar,sat14_atco_enc1_opt1_15_240.cnf.hgr,no,no,0,8,0.03,0.0296205,30.452,cut,2152,2123,no
rKaHyPar,sat14_atco_enc1_opt1_15_240.cnf.hgr,no,no,1,8,0.03,0.029946,21.3728,cut,2104,2078,no
rKaHyPar,sat14_atco_enc1_opt1_15_240.cnf.hgr,no,no,2,8,0.03,0.017577,33.9749,cut,2182,2150,no
rKaHyPar,sat14_atco_enc1_opt1_15_240.cnf.hgr,no,no,3,8,0.03,0.0258447,31.9252,cut,2142,2106,no
rKaHyPar,sat14_atco_enc1_opt1_15_240.cnf.hgr,no,no,4,8,0.03,0.029946,31.4017,cut,2044,2026,no
rKaHyPar,sat14_atco_enc1_opt1_15_240.cnf.hgr,no,no,5,8,0.03,0.029946,29.9942,cut,2159,2129,no
rKaHyPar,sat14_atco_enc1_opt1_15_240.cnf.hgr,no,no,6,8,0.03,0.029946,24.6588,cut,2157,2117,no
rKaHyPar,sat14_atco_enc1_opt1_15_240.cnf.hgr,no,no,7,8,0.03,0.029946,30.0141,cut,2195,2159,no
rKaHyPar,sat14_atco_enc1_opt1_15_240.cnf.hgr,no,no,8,8,0.03,0.0294903,20.2109,cut,2230,2176,no
rKaHyPar,sat14_atco_enc1_opt1_15_240.cnf.hgr,no,no,9,8,0.03,0.0298809,22.5357,cut,2269,2238,no
rKaHyPar,sat14_atco_enc1_opt1_15_240.cnf.primal.hgr,no,no,0,128,0.03,0.0290456,49.242,cut,81698,66119,no
rKaHyPar,sat14_atco_enc1_opt1_15_240.cnf.primal.hgr,no,no,1,128,0.03,0.0290456,33.5891,cut,80984,65669,no
rKaHyPar,sat14_atco_enc1_opt1_15_240.cnf.primal.hgr,no,no,2,128,0.03,0.0290456,46.7882,cut,81235,66007,no
rKaHyPar,sat14_atco_enc1_opt1_15_240.cnf.primal.hgr,no,no,3,128,0.03,0.0290456,48.8459,cut,80220,65493,no
rKaHyPar,sat14_atco_enc1_opt1_15_240.cnf.primal.hgr,no,no,4,128,0.03,0.0290456,34.6145,cut,80799,65258,no
rKaHyPar,sat14_atco_enc1_opt1_15_240.cnf.primal.hgr,no,no,5,128,0.03,0.0290456,36.3113,cut,68548,66413,no
rKaHyPar,sat14_atco_enc1_opt1_15_240.cnf.primal.hgr,no,no,6,128,0.03,0.0290456,35.1496,cut,81311,65872,no
rKaHyPar,sat14_atco_enc1_opt1_15_240.cnf.primal.hgr,no,no,7,128,0.03,0.0290456,33.0816,cut,81967,65930,no
rKaHyPar,sat14_atco_enc1_opt1_15_240.cnf.primal.hgr,no,no,8,128,0.03,0.0290456,35.3571,cut,80098,65524,no
rKaHyPar,sat14_atco_enc1_opt1_15_240.cnf.primal.hgr,no,no,9,128,0.03,0.0290456,46.7535,cut,81225,65734,no
rKaHyPar,sat14_atco_enc1_opt1_15_240.cnf.primal.hgr,no,no,0,16,0.03,0.0298469,25.5719,cut,5403,5186,no
rKaHyPar,sat14_atco_enc1_opt1_15_240.cnf.primal.hgr,no,no,1,16,0.03,0.0298469,25.1365,cut,5439,5260,no
rKaHyPar,sat14_atco_enc1_opt1_15_240.cnf.primal.hgr,no,no,2,16,0.03,0.0298469,18.1412,cut,5522,5297,no
rKaHyPar,sat14_atco_enc1_opt1_15_240.cnf.primal.hgr,no,no,3,16,0.03,0.0298469,17.9381,cut,5405,5202,no
rKaHyPar,sat14_atco_enc1_opt1_15_240.cnf.primal.hgr,no,no,4,16,0.03,0.0295873,25.9595,cut,5497,5278,no
rKaHyPar,sat14_atco_enc1_opt1_15_240.cnf.primal.hgr,no,no,5,16,0.03,0.0298469,26.15,cut,5582,5342,no
rKaHyPar,sat14_atco_enc1_opt1_15_240.cnf.primal.hgr,no,no,6,16,0.03,0.0298469,25.9041,cut,5414,5229,no
rKaHyPar,sat14_atco_enc1_opt1_15_240.cnf.primal.hgr,no,no,7,16,0.03,0.0298469,18.2499,cut,5446,5276,no
rKaHyPar,sat14_atco_enc1_opt1_15_240.cnf.primal.hgr,no,no,8,16,0.03,0.0298469,25.7745,cut,5372,5175,no
rKaHyPar,sat14_atco_enc1_opt1_15_240.cnf.primal.hgr,no,no,9,16,0.03,0.0298469,25.1845,cut,5416,5230,no
rKaHyPar,sat14_atco_enc1_opt1_15_240.cnf.primal.hgr,no,no,0,2,0.03,0.0299796,6.48123,cut,1688,1688,no
rKaHyPar,sat14_atco_enc1_opt1_15_240.cnf.primal.hgr,no,no,1,2,0.03,0.0110314,5.8731,cut,1672,1672,no
rKaHyPar,sat14_atco_enc1_opt1_15_240.cnf.primal.hgr,no,no,2,2,0.03,0.013692,8.04176,cut,1668,1668,no
rKaHyPar,sat14_atco_enc1_opt1_15_240.cnf.primal.hgr,no,no,3,2,0.03,0.0110963,5.74436,cut,1670,1670,no
rKaHyPar,sat14_atco_enc1_opt1_15_240.cnf.primal.hgr,no,no,4,2,0.03,0.0163525,8.81927,cut,1662,1662,no
rKaHyPar,sat14_atco_enc1_opt1_15_240.cnf.primal.hgr,no,no,5,2,0.03,0.0163525,8.99369,cut,1660,1660,no
rKaHyPar,sat14_atco_enc1_opt1_15_240.cnf.primal.hgr,no,no,6,2,0.03,0.0165147,5.99991,cut,1766,1766,no
rKaHyPar,sat14_atco_enc1_opt1_15_240.cnf.primal.hgr,no,no,7,2,0.03,0.0236203,6.00788,cut,1672,1672,no
rKaHyPar,sat14_atco_enc1_opt1_15_240.cnf.primal.hgr,no,no,8,2,0.03,0.00694332,6.01707,cut,1670,1670,no
rKaHyPar,sat14_atco_enc1_opt1_15_240.cnf.primal.hgr,no,no,9,2,0.03,0.0163525,5.86359,cut,1662,1662,no
rKaHyPar,sat14_atco_enc1_opt1_15_240.cnf.primal.hgr,no,no,0,32,0.03,0.0295797,21.5524,cut,8064,7328,no
rKaHyPar,sat14_atco_enc1_opt1_15_240.cnf.primal.hgr,no,no,1,32,0.03,0.0295797,21.4602,cut,8008,7332,no
rKaHyPar,sat14_atco_enc1_opt1_15_240.cnf.primal.hgr,no,no,2,32,0.03,0.0290607,21.3305,cut,8133,7332,no
rKaHyPar,sat14_atco_enc1_opt1_15_240.cnf.primal.hgr,no,no,3,32,0.03,0.0295797,21.3601,cut,8066,7331,no
rKaHyPar,sat14_atco_enc1_opt1_15_240.cnf.primal.hgr,no,no,4,32,0.03,0.0295797,30.3462,cut,8094,7329,no
rKaHyPar,sat14_atco_enc1_opt1_15_240.cnf.primal.hgr,no,no,5,32,0.03,0.0290607,30.2356,cut,8199,7269,no
rKaHyPar,sat14_atco_enc1_opt1_15_240.cnf.primal.hgr,no,no,6,32,0.03,0.0295797,21.6074,cut,8176,7342,no
rKaHyPar,sat14_atco_enc1_opt1_15_240.cnf.primal.hgr,no,no,7,32,0.03,0.0295797,21.1395,cut,8047,7250,no
rKaHyPar,sat14_atco_enc1_opt1_15_240.cnf.primal.hgr,no,no,8,32,0.03,0.0295797,29.4992,cut,8086,7361,no
rKaHyPar,sat14_atco_enc1_opt1_15_240.cnf.primal.hgr,no,no,9,32,0.03,0.0295797,30.077,cut,7970,7363,no
rKaHyPar,sat14_atco_enc1_opt1_15_240.cnf.primal.hgr,no,no,0,4,0.03,0.0146648,15.0386,cut,2706,2688,no
rKaHyPar,sat14_atco_enc1_opt1_15_240.cnf.primal.hgr,no,no,1,4,0.03,0.0101226,14.8874,cut,2683,2671,no
rKaHyPar,sat14_atco_enc1_opt1_15_240.cnf.primal.hgr,no,no,2,4,0.03,0.0198559,14.5108,cut,2696,2676,no
rKaHyPar,sat14_atco_enc1_opt1_15_240.cnf.primal.hgr,no,no,3,4,0.03,0.0201155,10.8198,cut,2822,2794,no
rKaHyPar,sat14_atco_enc1_opt1_15_240.cnf.primal.hgr,no,no,4,4,0.03,0.0198559,11.4084,cut,2692,2674,no
rKaHyPar,sat14_atco_enc1_opt1_15_240.cnf.primal.hgr,no,no,5,4,0.03,0.0198559,11.527,cut,2692,2674,no
rKaHyPar,sat14_atco_enc1_opt1_15_240.cnf.primal.hgr,no,no,6,4,0.03,0.0266044,15.1319,cut,2685,2674,no
rKaHyPar,sat14_atco_enc1_opt1_15_240.cnf.primal.hgr,no,no,7,4,0.03,0.0198559,10.7329,cut,2696,2678,no
rKaHyPar,sat14_atco_enc1_opt1_15_240.cnf.primal.hgr,no,no,8,4,0.03,0.0123937,14.5527,cut,2694,2676,no
rKaHyPar,sat14_atco_enc1_opt1_15_240.cnf.primal.hgr,no,no,9,4,0.03,0.0201155,14.7516,cut,2685,2672,no
rKaHyPar,sat14_atco_enc1_opt1_15_240.cnf.primal.hgr,no,no,0,64,0.03,0.0290456,42.5043,cut,26913,25994,no
rKaHyPar,sat14_atco_enc1_opt1_15_240.cnf.primal.hgr,no,no,1,64,0.03,0.0290456,42.5088,cut,26821,26001,no
rKaHyPar,sat14_atco_enc1_opt1_15_240.cnf.primal.hgr,no,no,2,64,0.03,0.0290456,39.2399,cut,26828,25972,no
rKaHyPar,sat14_atco_enc1_opt1_15_240.cnf.primal.hgr,no,no,3,64,0.03,0.0290456,44.3276,cut,26709,26067,no
rKaHyPar,sat14_atco_enc1_opt1_15_240.cnf.primal.hgr,no,no,4,64,0.03,0.0290456,30.791,cut,27001,26029,no
rKaHyPar,sat14_atco_enc1_opt1_15_240.cnf.primal.hgr,no,no,5,64,0.03,0.0290456,30.8919,cut,26635,25968,no
rKaHyPar,sat14_atco_enc1_opt1_15_240.cnf.primal.hgr,no,no,6,64,0.03,0.0290456,30.9448,cut,27192,26245,no
rKaHyPar,sat14_atco_enc1_opt1_15_240.cnf.primal.hgr,no,no,7,64,0.03,0.0290456,26.9606,cut,26738,26057,no
rKaHyPar,sat14_atco_enc1_opt1_15_240.cnf.primal.hgr,no,no,8,64,0.03,0.0290456,43.5244,cut,27190,26098,no
rKaHyPar,sat14_atco_enc1_opt1_15_240.cnf.primal.hgr,no,no,9,64,0.03,0.0290456,26.1729,cut,26843,26146,no
rKaHyPar,sat14_atco_enc1_opt1_15_240.cnf.primal.hgr,no,no,0,8,0.03,0.0245263,20.2349,cut,3612,3562,no
rKaHyPar,sat14_atco_enc1_opt1_15_240.cnf.primal.hgr,no,no,1,8,0.03,0.0299766,17.6507,cut,3906,3854,no
rKaHyPar,sat14_atco_enc1_opt1_15_240.cnf.primal.hgr,no,no,2,8,0.03,0.0245263,19.1977,cut,3588,3538,no
rKaHyPar,sat14_atco_enc1_opt1_15_240.cnf.primal.hgr,no,no,3,8,0.03,0.0293278,19.6013,cut,3615,3555,no
rKaHyPar,sat14_atco_enc1_opt1_15_240.cnf.primal.hgr,no,no,4,8,0.03,0.0277706,20.257,cut,3613,3562,no
rKaHyPar,sat14_atco_enc1_opt1_15_240.cnf.primal.hgr,no,no,5,8,0.03,0.0247859,20.7658,cut,3587,3536,no
rKaHyPar,sat14_atco_enc1_opt1_15_240.cnf.primal.hgr,no,no,6,8,0.03,0.023618,14.2219,cut,3611,3560,no
rKaHyPar,sat14_atco_enc1_opt1_15_240.cnf.primal.hgr,no,no,7,8,0.03,0.0272515,19.6714,cut,3605,3555,no
rKaHyPar,sat14_atco_enc1_opt1_15_240.cnf.primal.hgr,no,no,8,8,0.03,0.0290683,14.379,cut,3588,3537,no
rKaHyPar,sat14_atco_enc1_opt1_15_240.cnf.primal.hgr,no,no,9,8,0.03,0.029198,14.0637,cut,3611,3561,no
rKaHyPar,sat14_atco_enc1_opt2_05_4.cnf.dual.hgr,no,no,0,128,0.03,0.0271793,110.645,cut,27521,5707,no
rKaHyPar,sat14_atco_enc1_opt2_05_4.cnf.dual.hgr,no,no,1,128,0.03,0.026185,97.7859,cut,32257,5671,no
rKaHyPar,sat14_atco_enc1_opt2_05_4.cnf.dual.hgr,no,no,2,128,0.03,0.0205502,100.874,cut,30953,5659,no
rKaHyPar,sat14_atco_enc1_opt2_05_4.cnf.dual.hgr,no,no,3,128,0.03,0.0258535,164.824,cut,28929,5718,no
rKaHyPar,sat14_atco_enc1_opt2_05_4.cnf.dual.hgr,no,no,4,128,0.03,0.029168,112.989,cut,27566,5718,no
rKaHyPar,sat14_atco_enc1_opt2_05_4.cnf.dual.hgr,no,no,5,128,0.03,0.0285051,101.603,cut,32723,5684,no
rKaHyPar,sat14_atco_enc1_opt2_05_4.cnf.dual.hgr,no,no,6,128,0.03,0.0258535,110.275,cut,28034,5730,no
rKaHyPar,sat14_atco_enc1_opt2_05_4.cnf.dual.hgr,no,no,7,128,0.03,0.029168,114.058,cut,29399,5754,no
rKaHyPar,sat14_atco_enc1_opt2_05_4.cnf.dual.hgr,no,no,8,128,0.03,0.0285051,101.048,cut,31298,5716,no
rKaHyPar,sat14_atco_enc1_opt2_05_4.cnf.dual.hgr,no,no,9,128,0.03,0.0288366,157.191,cut,29696,5697,no
rKaHyPar,sat14_atco_enc1_opt2_05_4.cnf.dual.hgr,no,no,0,16,0.03,0.0280908,129.799,cut,4376,1978,no
rKaHyPar,sat14_atco_enc1_opt2_05_4.cnf.dual.hgr,no,no,1,16,0.03,0.0299553,126.122,cut,4651,1996,no
rKaHyPar,sat14_atco_enc1_opt2_05_4.cnf.dual.hgr,no,no,2,16,0.03,0.0286709,84.8397,cut,4226,2007,no
rKaHyPar,sat14_atco_enc1_opt2_05_4.cnf.dual.hgr,no,no,3,16,0.03,0.0295824,84.6468,cut,4870,1997,no
rKaHyPar,sat14_atco_enc1_opt2_05_4.cnf.dual.hgr,no,no,4,16,0.03,0.0294581,126.317,cut,4466,1934,no
rKaHyPar,sat14_atco_enc1_opt2_05_4.cnf.dual.hgr,no,no,5,16,0.03,0.028588,137.843,cut,3863,1982,no
rKaHyPar,sat14_atco_enc1_opt2_05_4.cnf.dual.hgr,no,no,6,16,0.03,0.029831,153.634,cut,4265,2130,no
rKaHyPar,sat14_atco_enc1_opt2_05_4.cnf.dual.hgr,no,no,7,16,0.03,0.0277179,126.678,cut,4356,1942,no
rKaHyPar,sat14_atco_enc1_opt2_05_4.cnf.dual.hgr,no,no,8,16,0.03,0.0277594,127.883,cut,4800,1991,no
rKaHyPar,sat14_atco_enc1_opt2_05_4.cnf.dual.hgr,no,no,9,16,0.03,0.027345,127.029,cut,5044,2011,no
rKaHyPar,sat14_atco_enc1_opt2_05_4.cnf.dual.hgr,no,no,0,2,0.03,0.0297801,43.7731,cut,526,526,no
rKaHyPar,sat14_atco_enc1_opt2_05_4.cnf.dual.hgr,no,no,1,2,0.03,0.0295056,43.3457,cut,529,529,no
rKaHyPar,sat14_atco_enc1_opt2_05_4.cnf.dual.hgr,no,no,2,2,0.03,0.0295315,64.9142,cut,526,526,no
rKaHyPar,sat14_atco_enc1_opt2_05_4.cnf.dual.hgr,no,no,3,2,0.03,0.0297283,43.1611,cut,523,523,no
rKaHyPar,sat14_atco_enc1_opt2_05_4.cnf.dual.hgr,no,no,4,2,0.03,0.0296092,43.9494,cut,525,525,no
rKaHyPar,sat14_atco_enc1_opt2_05_4.cnf.dual.hgr,no,no,5,2,0.03,0.0278068,66.6786,cut,510,510,no
rKaHyPar,sat14_atco_enc1_opt2_05_4.cnf.dual.hgr,no,no,6,2,0.03,0.0294279,43.4345,cut,522,522,no
rKaHyPar,sat14_atco_enc1_opt2_05_4.cnf.dual.hgr,no,no,7,2,0.03,0.0299251,44.1051,cut,523,523,no
rKaHyPar,sat14_atco_enc1_opt2_05_4.cnf.dual.hgr,no,no,8,2,0.03,0.0296869,43.4991,cut,526,526,no
rKaHyPar,sat14_atco_enc1_opt2_05_4.cnf.dual.hgr,no,no,9,2,0.03,0.0295522,43.6734,cut,573,573,no
rKaHyPar,sat14_atco_enc1_opt2_05_4.cnf.dual.hgr,no,no,0,32,0.03,0.0180643,151.293,cut,7791,2740,no
rKaHyPar,sat14_atco_enc1_opt2_05_4.cnf.dual.hgr,no,no,1,32,0.03,0.0299967,90.147,cut,8341,2691,no
rKaHyPar,sat14_atco_enc1_opt2_05_4.cnf.dual.hgr,no,no,2,32,0.03,0.0250249,90.4639,cut,8564,2761,no
rKaHyPar,sat14_atco_enc1_opt2_05_4.cnf.dual.hgr,no,no,3,32,0.03,0.0212131,150.408,cut,8032,2799,no
rKaHyPar,sat14_atco_enc1_opt2_05_4.cnf.dual.hgr,no,no,4,32,0.03,0.0254392,135.536,cut,8377,2687,no
rKaHyPar,sat14_atco_enc1_opt2_05_4.cnf.dual.hgr,no,no,5,32,0.03,0.0266821,135.947,cut,8634,2728,no
rKaHyPar,sat14_atco_enc1_opt2_05_4.cnf.dual.hgr,no,no,6,32,0.03,0.0299138,157.579,cut,7710,2791,no
rKaHyPar,sat14_atco_enc1_opt2_05_4.cnf.dual.hgr,no,no,7,32,0.03,0.0222904,91.2517,cut,9320,2725,no
rKaHyPar,sat14_atco_enc1_opt2_05_4.cnf.dual.hgr,no,no,8,32,0.03,0.0297481,136.931,cut,8747,2762,no
rKaHyPar,sat14_atco_enc1_opt2_05_4.cnf.dual.hgr,no,no,9,32,0.03,0.0226218,91.0398,cut,8957,2750,no
rKaHyPar,sat14_atco_enc1_opt2_05_4.cnf.dual.hgr,no,no,0,4,0.03,0.0295936,99.3275,cut,1246,838,no
rKaHyPar,sat14_atco_enc1_opt2_05_4.cnf.dual.hgr,no,no,1,4,0.03,0.0298112,96.1123,cut,890,831,no
rKaHyPar,sat14_atco_enc1_opt2_05_4.cnf.dual.hgr,no,no,2,4,0.03,0.0296765,94.5167,cut,966,878,no
rKaHyPar,sat14_atco_enc1_opt2_05_4.cnf.dual.hgr,no,no,3,4,0.03,0.0299251,64.8894,cut,959,832,no
rKaHyPar,sat14_atco_enc1_opt2_05_4.cnf.dual.hgr,no,no,4,4,0.03,0.0293968,63.7488,cut,1551,895,no
rKaHyPar,sat14_atco_enc1_opt2_05_4.cnf.dual.hgr,no,no,5,4,0.03,0.0297283,65.557,cut,1055,919,no
rKaHyPar,sat14_atco_enc1_opt2_05_4.cnf.dual.hgr,no,no,6,4,0.03,0.0198051,64.1226,cut,1415,880,no
rKaHyPar,sat14_atco_enc1_opt2_05_4.cnf.dual.hgr,no,no,7,4,0.03,0.0294279,65.9313,cut,1279,848,no
rKaHyPar,sat14_atco_enc1_opt2_05_4.cnf.dual.hgr,no,no,8,4,0.03,0.0290861,97.5456,cut,1219,838,no
rKaHyPar,sat14_atco_enc1_opt2_05_4.cnf.dual.hgr,no,no,9,4,0.03,0.0290343,64.2418,cut,1420,850,no
rKaHyPar,sat14_atco_enc1_opt2_05_4.cnf.dual.hgr,no,no,0,64,0.03,0.029831,143.983,cut,16109,3454,no
rKaHyPar,sat14_atco_enc1_opt2_05_4.cnf.dual.hgr,no,no,1,64,0.03,0.0288366,159.172,cut,15394,3449,no
rKaHyPar,sat14_atco_enc1_opt2_05_4.cnf.dual.hgr,no,no,2,64,0.03,0.0283394,108.825,cut,14838,3524,no
rKaHyPar,sat14_atco_enc1_opt2_05_4.cnf.dual.hgr,no,no,3,64,0.03,0.0296652,145.182,cut,18732,3464,no
rKaHyPar,sat14_atco_enc1_opt2_05_4.cnf.dual.hgr,no,no,4,64,0.03,0.0265164,94.7509,cut,16060,3430,no
rKaHyPar,sat14_atco_enc1_opt2_05_4.cnf.dual.hgr,no,no,5,64,0.03,0.0285051,139.031,cut,16633,3460,no
rKaHyPar,sat14_atco_enc1_opt2_05_4.cnf.dual.hgr,no,no,6,64,0.03,0.0299967,99.9204,cut,15512,3472,no
rKaHyPar,sat14_atco_enc1_opt2_05_4.cnf.dual.hgr,no,no,7,64,0.03,0.0293338,95.1748,cut,16227,3455,no
rKaHyPar,sat14_atco_enc1_opt2_05_4.cnf.dual.hgr,no,no,8,64,0.03,0.029831,95.242,cut,16184,3445,no
rKaHyPar,sat14_atco_enc1_opt2_05_4.cnf.dual.hgr,no,no,9,64,0.03,0.029831,100.13,cut,16121,3510,no
rKaHyPar,sat14_atco_enc1_opt2_05_4.cnf.dual.hgr,no,no,0,8,0.03,0.018769,114.999,cut,2978,1242,no
rKaHyPar,sat14_atco_enc1_opt2_05_4.cnf.dual.hgr,no,no,1,8,0.03,0.0147708,77.3684,cut,2546,1260,no
rKaHyPar,sat14_atco_enc1_opt2_05_4.cnf.dual.hgr,no,no,2,8,0.03,0.018624,111.591,cut,2951,1290,no
rKaHyPar,sat14_atco_enc1_opt2_05_4.cnf.dual.hgr,no,no,3,8,0.03,0.0184169,114.185,cut,2631,1248,no
rKaHyPar,sat14_atco_enc1_opt2_05_4.cnf.dual.hgr,no,no,4,8,0.03,0.0267241,122.151,cut,2773,1328,no
rKaHyPar,sat14_atco_enc1_opt2_05_4.cnf.dual.hgr,no,no,5,8,0.03,0.00981956,76.7796,cut,2755,1302,no
rKaHyPar,sat14_atco_enc1_opt2_05_4.cnf.dual.hgr,no,no,6,8,0.03,0.0240103,75.4992,cut,2534,1282,no
rKaHyPar,sat14_atco_enc1_opt2_05_4.cnf.dual.hgr,no,no,7,8,0.03,0.0274492,116.77,cut,2545,1310,no
rKaHyPar,sat14_atco_enc1_opt2_05_4.cnf.dual.hgr,no,no,8,8,0.03,0.0271384,76.994,cut,2909,1281,no
rKaHyPar,sat14_atco_enc1_opt2_05_4.cnf.dual.hgr,no,no,9,8,0.03,0.0186862,80.9634,cut,2976,1309,no
rKaHyPar,sat14_atco_enc1_opt2_05_4.cnf.hgr,no,no,0,128,0.03,0.0266667,27.1445,cut,11236,10394,no
rKaHyPar,sat14_atco_enc1_opt2_05_4.cnf.hgr,no,no,1,128,0.03,0.0266667,19.2112,cut,11255,10407,no
rKaHyPar,sat14_atco_enc1_opt2_05_4.cnf.hgr,no,no,2,128,0.03,0.0266667,27.4191,cut,11324,10476,no
rKaHyPar,sat14_atco_enc1_opt2_05_4.cnf.hgr,no,no,3,128,0.03,0.0266667,26.9483,cut,11281,10450,no
rKaHyPar,sat14_atco_enc1_opt2_05_4.cnf.hgr,no,no,4,128,0.03,0.0266667,19.0874,cut,12502,11268,no
rKaHyPar,sat14_atco_enc1_opt2_05_4.cnf.hgr,no,no,5,128,0.03,0.0266667,19.3122,cut,12586,11535,no
rKaHyPar,sat14_atco_enc1_opt2_05_4.cnf.hgr,no,no,6,128,0.03,0.0266667,19.0525,cut,12703,11572,no
rKaHyPar,sat14_atco_enc1_opt2_05_4.cnf.hgr,no,no,7,128,0.03,0.0266667,19.2884,cut,11348,10517,no
rKaHyPar,sat14_atco_enc1_opt2_05_4.cnf.hgr,no,no,8,128,0.03,0.0266667,19.3267,cut,14166,12769,no
rKaHyPar,sat14_atco_enc1_opt2_05_4.cnf.hgr,no,no,9,128,0.03,0.0266667,26.8815,cut,12286,11274,no
rKaHyPar,sat14_atco_enc1_opt2_05_4.cnf.hgr,no,no,0,16,0.03,0.0278242,13.1224,cut,2015,1438,no
rKaHyPar,sat14_atco_enc1_opt2_05_4.cnf.hgr,no,no,1,16,0.03,0.0283806,12.7806,cut,1718,1201,no
rKaHyPar,sat14_atco_enc1_opt2_05_4.cnf.hgr,no,no,2,16,0.03,0.0261547,9.06185,cut,1997,1426,no
rKaHyPar,sat14_atco_enc1_opt2_05_4.cnf.hgr,no,no,3,16,0.03,0.0289371,9.3154,cut,2003,1454,no
rKaHyPar,sat14_atco_enc1_opt2_05_4.cnf.hgr,no,no,4,16,0.03,0.0294936,13.0706,cut,2106,1527,no
rKaHyPar,sat14_atco_enc1_opt2_05_4.cnf.hgr,no,no,5,16,0.03,0.0261547,12.7022,cut,1960,1385,no
rKaHyPar,sat14_atco_enc1_opt2_05_4.cnf.hgr,no,no,6,16,0.03,0.0283806,12.9771,cut,1989,1428,no
rKaHyPar,sat14_atco_enc1_opt2_05_4.cnf.hgr,no,no,7,16,0.03,0.0278242,12.9631,cut,2095,1510,no
rKaHyPar,sat14_atco_enc1_opt2_05_4.cnf.hgr,no,no,8,16,0.03,0.0261547,12.8746,cut,1870,1299,no
rKaHyPar,sat14_atco_enc1_opt2_05_4.cnf.hgr,no,no,9,16,0.03,0.0278242,12.7406,cut,1834,1289,no
rKaHyPar,sat14_atco_enc1_opt2_05_4.cnf.hgr,no,no,0,2,0.03,0.0290904,2.72825,cut,286,286,no
rKaHyPar,sat14_atco_enc1_opt2_05_4.cnf.hgr,no,no,1,2,0.03,0.0299951,3.32491,cut,311,311,no
rKaHyPar,sat14_atco_enc1_opt2_05_4.cnf.hgr,no,no,2,2,0.03,0,3.26856,cut,270,270,no
rKaHyPar,sat14_atco_enc1_opt2_05_4.cnf.hgr,no,no,3,2,0.03,0.0185121,2.45551,cut,270,270,no
rKaHyPar,sat14_atco_enc1_opt2_05_4.cnf.hgr,no,no,4,2,0.03,0.0299951,2.61614,cut,290,290,no
rKaHyPar,sat14_atco_enc1_opt2_05_4.cnf.hgr,no,no,5,2,0.03,0.0286728,3.60947,cut,307,307,no
rKaHyPar,sat14_atco_enc1_opt2_05_4.cnf.hgr,no,no,6,2,0.03,0.0256803,2.3367,cut,270,270,no
rKaHyPar,sat14_atco_enc1_opt2_05_4.cnf.hgr,no,no,7,2,0.03,0.0196256,2.3657,cut,270,270,no
rKaHyPar,sat14_atco_enc1_opt2_05_4.cnf.hgr,no,no,8,2,0.03,0.0289512,2.6803,cut,280,280,no
rKaHyPar,sat14_atco_enc1_opt2_05_4.cnf.hgr,no,no,9,2,0.03,0.00299255,2.47579,cut,270,270,no
rKaHyPar,sat14_atco_enc1_opt2_05_4.cnf.hgr,no,no,0,32,0.03,0.028921,15.4518,cut,4684,4000,no
rKaHyPar,sat14_atco_enc1_opt2_05_4.cnf.hgr,no,no,1,32,0.03,0.0266963,10.9628,cut,4621,3943,no
rKaHyPar,sat14_atco_enc1_opt2_05_4.cnf.hgr,no,no,2,32,0.03,0.028921,10.877,cut,4615,3945,no
rKaHyPar,sat14_atco_enc1_opt2_05_4.cnf.hgr,no,no,3,32,0.03,0.028921,15.8348,cut,4662,3984,no
rKaHyPar,sat14_atco_enc1_opt2_05_4.cnf.hgr,no,no,4,32,0.03,0.028921,15.535,cut,4720,4049,no
rKaHyPar,sat14_atco_enc1_opt2_05_4.cnf.hgr,no,no,5,32,0.03,0.0278087,15.3222,cut,4633,3981,no
rKaHyPar,sat14_atco_enc1_opt2_05_4.cnf.hgr,no,no,6,32,0.03,0.028921,15.3069,cut,4666,3956,no
rKaHyPar,sat14_atco_enc1_opt2_05_4.cnf.hgr,no,no,7,32,0.03,0.025584,11.0754,cut,4581,3910,no
rKaHyPar,sat14_atco_enc1_opt2_05_4.cnf.hgr,no,no,8,32,0.03,0.028921,15.738,cut,4739,4012,no
rKaHyPar,sat14_atco_enc1_opt2_05_4.cnf.hgr,no,no,9,32,0.03,0.0266963,11.2184,cut,4689,3981,no
rKaHyPar,sat14_atco_enc1_opt2_05_4.cnf.hgr,no,no,0,4,0.03,0.0297843,6.57453,cut,575,359,no
rKaHyPar,sat14_atco_enc1_opt2_05_4.cnf.hgr,no,no,1,4,0.03,0.0190675,6.57895,cut,570,382,no
rKaHyPar,sat14_atco_enc1_opt2_05_4.cnf.hgr,no,no,2,4,0.03,0.02881,6.88742,cut,627,411,no
rKaHyPar,sat14_atco_enc1_opt2_05_4.cnf.hgr,no,no,3,4,0.03,0.0265832,4.63174,cut,566,351,no
rKaHyPar,sat14_atco_enc1_opt2_05_4.cnf.hgr,no,no,4,4,0.03,0.0299235,4.90184,cut,598,413,no
rKaHyPar,sat14_atco_enc1_opt2_05_4.cnf.hgr,no,no,5,4,0.03,0.0290884,4.82182,cut,604,414,no
rKaHyPar,sat14_atco_enc1_opt2_05_4.cnf.hgr,no,no,6,4,0.03,0.0153097,6.38792,cut,590,375,no
rKaHyPar,sat14_atco_enc1_opt2_05_4.cnf.hgr,no,no,7,4,0.03,0.0297843,4.85559,cut,560,372,no
rKaHyPar,sat14_atco_enc1_opt2_05_4.cnf.hgr,no,no,8,4,0.03,0.0299235,7.19232,cut,607,434,no
rKaHyPar,sat14_atco_enc1_opt2_05_4.cnf.hgr,no,no,9,4,0.03,0.0278358,4.63934,cut,566,351,no
rKaHyPar,sat14_atco_enc1_opt2_05_4.cnf.hgr,no,no,0,64,0.03,0.0288889,19.6879,cut,7119,6385,no
rKaHyPar,sat14_atco_enc1_opt2_05_4.cnf.hgr,no,no,1,64,0.03,0.0288889,19.7938,cut,8423,7613,no
rKaHyPar,sat14_atco_enc1_opt2_05_4.cnf.hgr,no,no,2,64,0.03,0.0288889,14.4168,cut,6190,5454,no
rKaHyPar,sat14_atco_enc1_opt2_05_4.cnf.hgr,no,no,3,64,0.03,0.0288889,20.1229,cut,6799,6015,no
rKaHyPar,sat14_atco_enc1_opt2_05_4.cnf.hgr,no,no,4,64,0.03,0.0288889,14.2281,cut,7165,6420,no
rKaHyPar,sat14_atco_enc1_opt2_05_4.cnf.hgr,no,no,5,64,0.03,0.0288889,19.9241,cut,6737,5941,no
rKaHyPar,sat14_atco_enc1_opt2_05_4.cnf.hgr,no,no,6,64,0.03,0.0288889,14.0456,cut,7120,6328,no
rKaHyPar,sat14_atco_enc1_opt2_05_4.cnf.hgr,no,no,7,64,0.03,0.0288889,14.3189,cut,7131,6401,no
rKaHyPar,sat14_atco_enc1_opt2_05_4.cnf.hgr,no,no,8,64,0.03,0.0288889,13.8978,cut,6441,5661,no
rKaHyPar,sat14_atco_enc1_opt2_05_4.cnf.hgr,no,no,9,64,0.03,0.0288889,13.8699,cut,6185,5420,no
rKaHyPar,sat14_atco_enc1_opt2_05_4.cnf.hgr,no,no,0,8,0.03,0.0267186,9.95828,cut,1127,634,no
rKaHyPar,sat14_atco_enc1_opt2_05_4.cnf.hgr,no,no,1,8,0.03,0.0272753,6.87442,cut,1166,640,no
rKaHyPar,sat14_atco_enc1_opt2_05_4.cnf.hgr,no,no,2,8,0.03,0.0275536,9.81558,cut,1148,660,no
rKaHyPar,sat14_atco_enc1_opt2_05_4.cnf.hgr,no,no,3,8,0.03,0.0295018,9.54542,cut,1151,644,no
rKaHyPar,sat14_atco_enc1_opt2_05_4.cnf.hgr,no,no,4,8,0.03,0.0289452,10.0718,cut,1135,653,no
rKaHyPar,sat14_atco_enc1_opt2_05_4.cnf.hgr,no,no,5,8,0.03,0.0278319,6.88815,cut,1121,660,no
rKaHyPar,sat14_atco_enc1_opt2_05_4.cnf.hgr,no,no,6,8,0.03,0.0292235,6.98882,cut,1136,631,no
rKaHyPar,sat14_atco_enc1_opt2_05_4.cnf.hgr,no,no,7,8,0.03,0.0264403,9.79207,cut,1133,652,no
rKaHyPar,sat14_atco_enc1_opt2_05_4.cnf.hgr,no,no,8,8,0.03,0.0297801,7.05927,cut,1180,747,no
rKaHyPar,sat14_atco_enc1_opt2_05_4.cnf.hgr,no,no,9,8,0.03,0.0267186,6.89174,cut,1148,626,no
rKaHyPar,sat14_atco_enc1_opt2_05_4.cnf.primal.hgr,no,no,0,128,0.03,0.026087,25.7633,cut,104468,70131,no
rKaHyPar,sat14_atco_enc1_opt2_05_4.cnf.primal.hgr,no,no,1,128,0.03,0.026087,25.8999,cut,101034,70034,no
rKaHyPar,sat14_atco_enc1_opt2_05_4.cnf.primal.hgr,no,no,2,128,0.03,0.026087,26.1814,cut,103376,70478,no
rKaHyPar,sat14_atco_enc1_opt2_05_4.cnf.primal.hgr,no,no,3,128,0.03,0.026087,25.6819,cut,103207,71014,no
rKaHyPar,sat14_atco_enc1_opt2_05_4.cnf.primal.hgr,no,no,4,128,0.03,0.026087,26.0331,cut,103486,71777,no
rKaHyPar,sat14_atco_enc1_opt2_05_4.cnf.primal.hgr,no,no,5,128,0.03,0.026087,26.1212,cut,103738,71391,no
rKaHyPar,sat14_atco_enc1_opt2_05_4.cnf.primal.hgr,no,no,6,128,0.03,0.026087,37.1249,cut,102871,72111,no
rKaHyPar,sat14_atco_enc1_opt2_05_4.cnf.primal.hgr,no,no,7,128,0.03,0.026087,26.0084,cut,103115,70155,no
rKaHyPar,sat14_atco_enc1_opt2_05_4.cnf.primal.hgr,no,no,8,128,0.03,0.026087,25.878,cut,102889,70900,no
rKaHyPar,sat14_atco_enc1_opt2_05_4.cnf.primal.hgr,no,no,9,128,0.03,0.026087,26.123,cut,104458,70846,no
rKaHyPar,sat14_atco_enc1_opt2_05_4.cnf.primal.hgr,no,no,0,16,0.03,0.0295082,11.5695,cut,3331,2534,no
rKaHyPar,sat14_atco_enc1_opt2_05_4.cnf.primal.hgr,no,no,1,16,0.03,0.0295082,11.9354,cut,3314,2538,no
rKaHyPar,sat14_atco_enc1_opt2_05_4.cnf.primal.hgr,no,no,2,16,0.03,0.0295082,8.14948,cut,3514,2588,no
rKaHyPar,sat14_atco_enc1_opt2_05_4.cnf.primal.hgr,no,no,3,16,0.03,0.0295082,8.37079,cut,3334,2558,no
rKaHyPar,sat14_atco_enc1_opt2_05_4.cnf.primal.hgr,no,no,4,16,0.03,0.0295082,12.0049,cut,3145,2620,no
rKaHyPar,sat14_atco_enc1_opt2_05_4.cnf.primal.hgr,no,no,5,16,0.03,0.0295082,12.1856,cut,3289,2654,no
rKaHyPar,sat14_atco_enc1_opt2_05_4.cnf.primal.hgr,no,no,6,16,0.03,0.0295082,11.9047,cut,3062,2483,no
rKaHyPar,sat14_atco_enc1_opt2_05_4.cnf.primal.hgr,no,no,7,16,0.03,0.0295082,11.3491,cut,3154,2575,no
rKaHyPar,sat14_atco_enc1_opt2_05_4.cnf.primal.hgr,no,no,8,16,0.03,0.0295082,11.8274,cut,3342,2563,no
rKaHyPar,sat14_atco_enc1_opt2_05_4.cnf.primal.hgr,no,no,9,16,0.03,0.0295082,8.37836,cut,3512,2554,no
rKaHyPar,sat14_atco_enc1_opt2_05_4.cnf.primal.hgr,no,no,0,2,0.03,0.0163979,2.04687,cut,462,462,no
rKaHyPar,sat14_atco_enc1_opt2_05_4.cnf.primal.hgr,no,no,1,2,0.03,0.000819896,2.26152,cut,462,462,no
rKaHyPar,sat14_atco_enc1_opt2_05_4.cnf.primal.hgr,no,no,2,2,0.03,0,2.88368,cut,462,462,no
rKaHyPar,sat14_atco_enc1_opt2_05_4.cnf.primal.hgr,no,no,3,2,0.03,0.0121618,2.16171,cut,462,462,no
rKaHyPar,sat14_atco_enc1_opt2_05_4.cnf.primal.hgr,no,no,4,2,0.03,0.00751571,2.10734,cut,462,462,no
rKaHyPar,sat14_atco_enc1_opt2_05_4.cnf.primal.hgr,no,no,5,2,0.03,0.00122984,3.06285,cut,462,462,no
rKaHyPar,sat14_atco_enc1_opt2_05_4.cnf.primal.hgr,no,no,6,2,0.03,0.013255,2.17656,cut,462,462,no
rKaHyPar,sat14_atco_enc1_opt2_05_4.cnf.primal.hgr,no,no,7,2,0.03,0.000136649,2.17868,cut,462,462,no
rKaHyPar,sat14_atco_enc1_opt2_05_4.cnf.primal.hgr,no,no,8,2,0.03,0.000136649,2.16359,cut,462,462,no
rKaHyPar,sat14_atco_enc1_opt2_05_4.cnf.primal.hgr,no,no,9,2,0.03,0.0169445,2.99325,cut,462,462,no
rKaHyPar,sat14_atco_enc1_opt2_05_4.cnf.primal.hgr,no,no,0,32,0.03,0.0283843,16.0631,cut,27599,26547,no
rKaHyPar,sat14_atco_enc1_opt2_05_4.cnf.primal.hgr,no,no,1,32,0.03,0.0283843,11.3051,cut,27989,26887,no
rKaHyPar,sat14_atco_enc1_opt2_05_4.cnf.primal.hgr,no,no,2,32,0.03,0.0283843,11.3648,cut,27789,26708,no
rKaHyPar,sat14_atco_enc1_opt2_05_4.cnf.primal.hgr,no,no,3,32,0.03,0.0283843,16.3643,cut,28090,27037,no
rKaHyPar,sat14_atco_enc1_opt2_05_4.cnf.primal.hgr,no,no,4,32,0.03,0.0283843,16.1948,cut,27746,27046,no
rKaHyPar,sat14_atco_enc1_opt2_05_4.cnf.primal.hgr,no,no,5,32,0.03,0.0283843,16.136,cut,27884,26741,no
rKaHyPar,sat14_atco_enc1_opt2_05_4.cnf.primal.hgr,no,no,6,32,0.03,0.0283843,15.417,cut,27837,26568,no
rKaHyPar,sat14_atco_enc1_opt2_05_4.cnf.primal.hgr,no,no,7,32,0.03,0.0283843,11.0056,cut,27443,26690,no
rKaHyPar,sat14_atco_enc1_opt2_05_4.cnf.primal.hgr,no,no,8,32,0.03,0.0283843,15.8789,cut,27889,26670,no
rKaHyPar,sat14_atco_enc1_opt2_05_4.cnf.primal.hgr,no,no,9,32,0.03,0.0283843,10.9897,cut,27384,26707,no
rKaHyPar,sat14_atco_enc1_opt2_05_4.cnf.primal.hgr,no,no,0,4,0.03,0.0297896,6.51603,cut,1086,824,no
rKaHyPar,sat14_atco_enc1_opt2_05_4.cnf.primal.hgr,no,no,1,4,0.03,0.0297896,6.36081,cut,1292,836,no
rKaHyPar,sat14_atco_enc1_opt2_05_4.cnf.primal.hgr,no,no,2,4,0.03,0.0297896,4.85685,cut,1226,844,no
rKaHyPar,sat14_atco_enc1_opt2_05_4.cnf.primal.hgr,no,no,3,4,0.03,0.0297896,4.26406,cut,1235,807,no
rKaHyPar,sat14_atco_enc1_opt2_05_4.cnf.primal.hgr,no,no,4,4,0.03,0.0297896,4.45436,cut,1081,849,no
rKaHyPar,sat14_atco_enc1_opt2_05_4.cnf.primal.hgr,no,no,5,4,0.03,0.0297896,4.73788,cut,1032,816,no
rKaHyPar,sat14_atco_enc1_opt2_05_4.cnf.primal.hgr,no,no,6,4,0.03,0.0297896,4.83756,cut,1121,863,no
rKaHyPar,sat14_atco_enc1_opt2_05_4.cnf.primal.hgr,no,no,7,4,0.03,0.0297896,4.40361,cut,1050,834,no
rKaHyPar,sat14_atco_enc1_opt2_05_4.cnf.primal.hgr,no,no,8,4,0.03,0.0297896,7.33268,cut,1223,852,no
rKaHyPar,sat14_atco_enc1_opt2_05_4.cnf.primal.hgr,no,no,9,4,0.03,0.0297896,4.27765,cut,1050,834,no
rKaHyPar,sat14_atco_enc1_opt2_05_4.cnf.primal.hgr,no,no,0,64,0.03,0.0262009,21.0718,cut,51721,47505,no
rKaHyPar,sat14_atco_enc1_opt2_05_4.cnf.primal.hgr,no,no,1,64,0.03,0.0262009,14.7569,cut,52076,47401,no
rKaHyPar,sat14_atco_enc1_opt2_05_4.cnf.primal.hgr,no,no,2,64,0.03,0.0262009,14.8921,cut,51826,47875,no
rKaHyPar,sat14_atco_enc1_opt2_05_4.cnf.primal.hgr,no,no,3,64,0.03,0.0262009,20.9102,cut,51157,47318,no
rKaHyPar,sat14_atco_enc1_opt2_05_4.cnf.primal.hgr,no,no,4,64,0.03,0.0262009,14.9627,cut,51434,47350,no
rKaHyPar,sat14_atco_enc1_opt2_05_4.cnf.primal.hgr,no,no,5,64,0.03,0.0262009,20.6668,cut,51348,47452,no
rKaHyPar,sat14_atco_enc1_opt2_05_4.cnf.primal.hgr,no,no,6,64,0.03,0.0262009,15.1125,cut,51984,48023,no
rKaHyPar,sat14_atco_enc1_opt2_05_4.cnf.primal.hgr,no,no,7,64,0.03,0.0262009,21.4159,cut,51339,47260,no
rKaHyPar,sat14_atco_enc1_opt2_05_4.cnf.primal.hgr,no,no,8,64,0.03,0.0262009,14.8011,cut,53008,47805,no
rKaHyPar,sat14_atco_enc1_opt2_05_4.cnf.primal.hgr,no,no,9,64,0.03,0.0262009,14.6462,cut,51333,47401,no
rKaHyPar,sat14_atco_enc1_opt2_05_4.cnf.primal.hgr,no,no,0,8,0.03,0.0295082,9.16924,cut,1853,1333,no
rKaHyPar,sat14_atco_enc1_opt2_05_4.cnf.primal.hgr,no,no,1,8,0.03,0.0295082,9.67587,cut,2240,1358,no
rKaHyPar,sat14_atco_enc1_opt2_05_4.cnf.primal.hgr,no,no,2,8,0.03,0.0295082,8.85095,cut,2069,1316,no
rKaHyPar,sat14_atco_enc1_opt2_05_4.cnf.primal.hgr,no,no,3,8,0.03,0.0295082,8.66799,cut,1889,1353,no
rKaHyPar,sat14_atco_enc1_opt2_05_4.cnf.primal.hgr,no,no,4,8,0.03,0.0295082,9.24595,cut,1990,1464,no
rKaHyPar,sat14_atco_enc1_opt2_05_4.cnf.primal.hgr,no,no,5,8,0.03,0.0295082,6.38088,cut,1834,1333,no
rKaHyPar,sat14_atco_enc1_opt2_05_4.cnf.primal.hgr,no,no,6,8,0.03,0.0295082,6.12773,cut,1895,1384,no
rKaHyPar,sat14_atco_enc1_opt2_05_4.cnf.primal.hgr,no,no,7,8,0.03,0.0295082,6.1675,cut,2039,1361,no
rKaHyPar,sat14_atco_enc1_opt2_05_4.cnf.primal.hgr,no,no,8,8,0.03,0.0295082,6.10406,cut,1941,1422,no
rKaHyPar,sat14_atco_enc1_opt2_05_4.cnf.primal.hgr,no,no,9,8,0.03,0.0295082,6.39429,cut,2407,1338,no
rKaHyPar,sat14_atco_enc1_opt2_10_12.cnf.dual.hgr,no,no,0,128,0.03,0.0250865,46.1332,cut,13279,3381,no
rKaHyPar,sat14_atco_enc1_opt2_10_12.cnf.dual.hgr,no,no,1,128,0.03,0.0250865,31.8112,cut,12897,3372,no
rKaHyPar,sat14_atco_enc1_opt2_10_12.cnf.dual.hgr,no,no,2,128,0.03,0.0276817,48.7804,cut,12634,3383,no
rKaHyPar,sat14_atco_enc1_opt2_10_12.cnf.dual.hgr,no,no,3,128,0.03,0.0276817,31.3454,cut,12624,3393,no
rKaHyPar,sat14_atco_enc1_opt2_10_12.cnf.dual.hgr,no,no,4,128,0.03,0.0294118,32.4257,cut,12611,3372,no
rKaHyPar,sat14_atco_enc1_opt2_10_12.cnf.dual.hgr,no,no,5,128,0.03,0.0285467,32.0193,cut,12800,3293,no
rKaHyPar,sat14_atco_enc1_opt2_10_12.cnf.dual.hgr,no,no,6,128,0.03,0.0276817,44.5701,cut,13494,3405,no
rKaHyPar,sat14_atco_enc1_opt2_10_12.cnf.dual.hgr,no,no,7,128,0.03,0.0285467,31.0393,cut,13097,3373,no
rKaHyPar,sat14_atco_enc1_opt2_10_12.cnf.dual.hgr,no,no,8,128,0.03,0.0250865,32.1036,cut,12671,3331,no
rKaHyPar,sat14_atco_enc1_opt2_10_12.cnf.dual.hgr,no,no,9,128,0.03,0.0276817,32.8097,cut,12299,3383,no
rKaHyPar,sat14_atco_enc1_opt2_10_12.cnf.dual.hgr,no,no,0,16,0.03,0.0293258,35.535,cut,3019,1074,no
rKaHyPar,sat14_atco_enc1_opt2_10_12.cnf.dual.hgr,no,no,1,16,0.03,0.0279191,35.9494,cut,3168,1063,no
rKaHyPar,sat14_atco_enc1_opt2_10_12.cnf.dual.hgr,no,no,2,16,0.03,0.0272698,23.4257,cut,2770,1036,no
rKaHyPar,sat14_atco_enc1_opt2_10_12.cnf.dual.hgr,no,no,3,16,0.03,0.027378,23.4603,cut,3043,1049,no
rKaHyPar,sat14_atco_enc1_opt2_10_12.cnf.dual.hgr,no,no,4,16,0.03,0.0282437,36.6997,cut,2895,1027,no
rKaHyPar,sat14_atco_enc1_opt2_10_12.cnf.dual.hgr,no,no,5,16,0.03,0.0284601,37.3608,cut,2544,1048,no
rKaHyPar,sat14_atco_enc1_opt2_10_12.cnf.dual.hgr,no,no,6,16,0.03,0.0295423,38.5565,cut,3219,1020,no
rKaHyPar,sat14_atco_enc1_opt2_10_12.cnf.dual.hgr,no,no,7,16,0.03,0.0268369,36.3248,cut,2845,1037,no
rKaHyPar,sat14_atco_enc1_opt2_10_12.cnf.dual.hgr,no,no,8,16,0.03,0.0295423,36.0264,cut,3103,1083,no
rKaHyPar,sat14_atco_enc1_opt2_10_12.cnf.dual.hgr,no,no,9,16,0.03,0.0295423,23.7249,cut,2758,1055,no
rKaHyPar,sat14_atco_enc1_opt2_10_12.cnf.dual.hgr,no,no,0,2,0.03,0.0199251,9.65648,cut,370,370,no
rKaHyPar,sat14_atco_enc1_opt2_10_12.cnf.dual.hgr,no,no,1,2,0.03,0.0200874,9.77401,cut,369,369,no
rKaHyPar,sat14_atco_enc1_opt2_10_12.cnf.dual.hgr,no,no,2,2,0.03,0.0200874,15.0002,cut,369,369,no
rKaHyPar,sat14_atco_enc1_opt2_10_12.cnf.dual.hgr,no,no,3,2,0.03,0.019898,10.2511,cut,370,370,no
rKaHyPar,sat14_atco_enc1_opt2_10_12.cnf.dual.hgr,no,no,4,2,0.03,0.019898,9.79086,cut,370,370,no
rKaHyPar,sat14_atco_enc1_opt2_10_12.cnf.dual.hgr,no,no,5,2,0.03,0.0199521,14.9788,cut,370,370,no
rKaHyPar,sat14_atco_enc1_opt2_10_12.cnf.dual.hgr,no,no,6,2,0.03,0.0199521,9.76423,cut,370,370,no
rKaHyPar,sat14_atco_enc1_opt2_10_12.cnf.dual.hgr,no,no,7,2,0.03,0.0200874,9.82712,cut,369,369,no
rKaHyPar,sat14_atco_enc1_opt2_10_12.cnf.dual.hgr,no,no,8,2,0.03,0.0199521,9.72923,cut,370,370,no
rKaHyPar,sat14_atco_enc1_opt2_10_12.cnf.dual.hgr,no,no,9,2,0.03,0.0299214,16.0665,cut,375,375,no
rKaHyPar,sat14_atco_enc1_opt2_10_12.cnf.dual.hgr,no,no,0,32,0.03,0.0296473,39.6203,cut,3792,1263,no
rKaHyPar,sat14_atco_enc1_opt2_10_12.cnf.dual.hgr,no,no,1,32,0.03,0.0248864,26.6523,cut,3634,1227,no
rKaHyPar,sat14_atco_enc1_opt2_10_12.cnf.dual.hgr,no,no,2,32,0.03,0.0298637,26.2447,cut,3918,1256,no
rKaHyPar,sat14_atco_enc1_opt2_10_12.cnf.dual.hgr,no,no,3,32,0.03,0.0272668,40.8379,cut,3873,1242,no
rKaHyPar,sat14_atco_enc1_opt2_10_12.cnf.dual.hgr,no,no,4,32,0.03,0.0298637,40.6992,cut,3882,1227,no
rKaHyPar,sat14_atco_enc1_opt2_10_12.cnf.dual.hgr,no,no,5,32,0.03,0.0205583,40.2198,cut,3847,1225,no
rKaHyPar,sat14_atco_enc1_opt2_10_12.cnf.dual.hgr,no,no,6,32,0.03,0.0175287,39.5114,cut,3832,1300,no
rKaHyPar,sat14_atco_enc1_opt2_10_12.cnf.dual.hgr,no,no,7,32,0.03,0.0298637,27.1819,cut,3681,1221,no
rKaHyPar,sat14_atco_enc1_opt2_10_12.cnf.dual.hgr,no,no,8,32,0.03,0.0294309,39.574,cut,3980,1257,no
rKaHyPar,sat14_atco_enc1_opt2_10_12.cnf.dual.hgr,no,no,9,32,0.03,0.0244536,24.8359,cut,4110,1354,no
rKaHyPar,sat14_atco_enc1_opt2_10_12.cnf.dual.hgr,no,no,0,4,0.03,0.0261606,24.7821,cut,1147,583,no
rKaHyPar,sat14_atco_enc1_opt2_10_12.cnf.dual.hgr,no,no,1,4,0.03,0.0137972,24.5049,cut,1100,588,no
rKaHyPar,sat14_atco_enc1_opt2_10_12.cnf.dual.hgr,no,no,2,4,0.03,0.0261065,16.2163,cut,1162,583,no
rKaHyPar,sat14_atco_enc1_opt2_10_12.cnf.dual.hgr,no,no,3,4,0.03,0.0155557,16.0022,cut,814,589,no
rKaHyPar,sat14_atco_enc1_opt2_10_12.cnf.dual.hgr,no,no,4,4,0.03,0.0261335,16.061,cut,1175,583,no
rKaHyPar,sat14_atco_enc1_opt2_10_12.cnf.dual.hgr,no,no,5,4,0.03,0.0285683,16.2465,cut,1156,583,no
rKaHyPar,sat14_atco_enc1_opt2_10_12.cnf.dual.hgr,no,no,6,4,0.03,0.0296505,24.9851,cut,1156,575,no
rKaHyPar,sat14_atco_enc1_opt2_10_12.cnf.dual.hgr,no,no,7,4,0.03,0.0282707,18.1674,cut,935,614,no
rKaHyPar,sat14_atco_enc1_opt2_10_12.cnf.dual.hgr,no,no,8,4,0.03,0.0261335,24.8316,cut,1152,583,no
rKaHyPar,sat14_atco_enc1_opt2_10_12.cnf.dual.hgr,no,no,9,4,0.03,0.0197219,18.0766,cut,901,613,no
rKaHyPar,sat14_atco_enc1_opt2_10_12.cnf.dual.hgr,no,no,0,64,0.03,0.0298572,43.5386,cut,6802,2066,no
rKaHyPar,sat14_atco_enc1_opt2_10_12.cnf.dual.hgr,no,no,1,64,0.03,0.0298572,31.2537,cut,6263,2086,no
rKaHyPar,sat14_atco_enc1_opt2_10_12.cnf.dual.hgr,no,no,2,64,0.03,0.0298572,28.1094,cut,6299,2063,no
rKaHyPar,sat14_atco_enc1_opt2_10_12.cnf.dual.hgr,no,no,3,64,0.03,0.0298572,45.1455,cut,7160,2061,no
rKaHyPar,sat14_atco_enc1_opt2_10_12.cnf.dual.hgr,no,no,4,64,0.03,0.0298572,28.323,cut,6651,2066,no
rKaHyPar,sat14_atco_enc1_opt2_10_12.cnf.dual.hgr,no,no,5,64,0.03,0.0298572,44.9415,cut,6417,2055,no
rKaHyPar,sat14_atco_enc1_opt2_10_12.cnf.dual.hgr,no,no,6,64,0.03,0.0298572,29.4706,cut,7017,2007,no
rKaHyPar,sat14_atco_enc1_opt2_10_12.cnf.dual.hgr,no,no,7,64,0.03,0.0298572,45.1599,cut,6896,2022,no
rKaHyPar,sat14_atco_enc1_opt2_10_12.cnf.dual.hgr,no,no,8,64,0.03,0.0298572,28.1103,cut,6580,2052,no
rKaHyPar,sat14_atco_enc1_opt2_10_12.cnf.dual.hgr,no,no,9,64,0.03,0.0272609,29.2255,cut,7040,2044,no
rKaHyPar,sat14_atco_enc1_opt2_10_12.cnf.dual.hgr,no,no,0,8,0.03,0.0296505,30.6269,cut,1731,872,no
rKaHyPar,sat14_atco_enc1_opt2_10_12.cnf.dual.hgr,no,no,1,8,0.03,0.0297587,30.6967,cut,2334,863,no
rKaHyPar,sat14_atco_enc1_opt2_10_12.cnf.dual.hgr,no,no,2,8,0.03,0.0293799,31.5342,cut,2074,833,no
rKaHyPar,sat14_atco_enc1_opt2_10_12.cnf.dual.hgr,no,no,3,8,0.03,0.0291094,32.3939,cut,2210,827,no
rKaHyPar,sat14_atco_enc1_opt2_10_12.cnf.dual.hgr,no,no,4,8,0.03,0.0294882,30.9257,cut,2178,850,no
rKaHyPar,sat14_atco_enc1_opt2_10_12.cnf.dual.hgr,no,no,5,8,0.03,0.0276485,20.7624,cut,1786,818,no
rKaHyPar,sat14_atco_enc1_opt2_10_12.cnf.dual.hgr,no,no,6,8,0.03,0.0286224,20.6541,cut,2145,842,no
rKaHyPar,sat14_atco_enc1_opt2_10_12.cnf.dual.hgr,no,no,7,8,0.03,0.0277026,20.0062,cut,2089,855,no
rKaHyPar,sat14_atco_enc1_opt2_10_12.cnf.dual.hgr,no,no,8,8,0.03,0.0285683,20.7851,cut,1965,848,no
rKaHyPar,sat14_atco_enc1_opt2_10_12.cnf.dual.hgr,no,no,9,8,0.03,0.0298669,19.8161,cut,1931,835,no
rKaHyPar,sat14_atco_enc1_opt2_10_12.cnf.hgr,no,no,0,128,0.03,0.0273973,11.0532,cut,9049,8679,no
rKaHyPar,sat14_atco_enc1_opt2_10_12.cnf.hgr,no,no,1,128,0.03,0.0273973,10.7998,cut,9804,9336,no
rKaHyPar,sat14_atco_enc1_opt2_10_12.cnf.hgr,no,no,2,128,0.03,0.0273973,10.876,cut,9298,8864,no
rKaHyPar,sat14_atco_enc1_opt2_10_12.cnf.hgr,no,no,3,128,0.03,0.0273973,11.0473,cut,9068,8630,no
rKaHyPar,sat14_atco_enc1_opt2_10_12.cnf.hgr,no,no,4,128,0.03,0.0273973,10.9095,cut,9598,9194,no
rKaHyPar,sat14_atco_enc1_opt2_10_12.cnf.hgr,no,no,5,128,0.03,0.0273973,15.7563,cut,9217,8853,no
rKaHyPar,sat14_atco_enc1_opt2_10_12.cnf.hgr,no,no,6,128,0.03,0.0273973,15.6244,cut,8902,8506,no
rKaHyPar,sat14_atco_enc1_opt2_10_12.cnf.hgr,no,no,7,128,0.03,0.0273973,10.9635,cut,9180,8810,no
rKaHyPar,sat14_atco_enc1_opt2_10_12.cnf.hgr,no,no,8,128,0.03,0.0273973,10.7227,cut,8664,8281,no
rKaHyPar,sat14_atco_enc1_opt2_10_12.cnf.hgr,no,no,9,128,0.03,0.0273973,10.8541,cut,9127,8700,no
rKaHyPar,sat14_atco_enc1_opt2_10_12.cnf.hgr,no,no,0,16,0.03,0.0248927,4.10174,cut,1382,1132,no
rKaHyPar,sat14_atco_enc1_opt2_10_12.cnf.hgr,no,no,1,16,0.03,0.0240343,4.29435,cut,1397,1145,no
rKaHyPar,sat14_atco_enc1_opt2_10_12.cnf.hgr,no,no,2,16,0.03,0.0248927,3.06385,cut,1400,1190,no
rKaHyPar,sat14_atco_enc1_opt2_10_12.cnf.hgr,no,no,3,16,0.03,0.023176,2.9803,cut,1341,1152,no
rKaHyPar,sat14_atco_enc1_opt2_10_12.cnf.hgr,no,no,4,16,0.03,0.0283262,4.32411,cut,1364,1135,no
rKaHyPar,sat14_atco_enc1_opt2_10_12.cnf.hgr,no,no,5,16,0.03,0.0291845,2.96331,cut,1373,1165,no
rKaHyPar,sat14_atco_enc1_opt2_10_12.cnf.hgr,no,no,6,16,0.03,0.0283262,4.31972,cut,1363,1154,no
rKaHyPar,sat14_atco_enc1_opt2_10_12.cnf.hgr,no,no,7,16,0.03,0.0240343,4.21783,cut,1320,1125,no
rKaHyPar,sat14_atco_enc1_opt2_10_12.cnf.hgr,no,no,8,16,0.03,0.0283262,3.0123,cut,1355,1152,no
rKaHyPar,sat14_atco_enc1_opt2_10_12.cnf.hgr,no,no,9,16,0.03,0.0291845,3.19825,cut,1426,1152,no
rKaHyPar,sat14_atco_enc1_opt2_10_12.cnf.hgr,no,no,0,2,0.03,0.0154556,0.929713,cut,431,431,no
rKaHyPar,sat14_atco_enc1_opt2_10_12.cnf.hgr,no,no,1,2,0.03,0.0154556,0.917832,cut,431,431,no
rKaHyPar,sat14_atco_enc1_opt2_10_12.cnf.hgr,no,no,2,2,0.03,0.0178169,1.30777,cut,431,431,no
rKaHyPar,sat14_atco_enc1_opt2_10_12.cnf.hgr,no,no,3,2,0.03,0.0154556,0.898326,cut,431,431,no
rKaHyPar,sat14_atco_enc1_opt2_10_12.cnf.hgr,no,no,4,2,0.03,0.0154556,0.999313,cut,431,431,no
rKaHyPar,sat14_atco_enc1_opt2_10_12.cnf.hgr,no,no,5,2,0.03,0.0154556,0.900927,cut,432,432,no
rKaHyPar,sat14_atco_enc1_opt2_10_12.cnf.hgr,no,no,6,2,0.03,0.0155629,0.951592,cut,431,431,no
rKaHyPar,sat14_atco_enc1_opt2_10_12.cnf.hgr,no,no,7,2,0.03,0.0154556,0.943565,cut,431,431,no
rKaHyPar,sat14_atco_enc1_opt2_10_12.cnf.hgr,no,no,8,2,0.03,0.0154556,0.93706,cut,432,432,no
rKaHyPar,sat14_atco_enc1_opt2_10_12.cnf.hgr,no,no,9,2,0.03,0.0155629,1.30574,cut,432,432,no
rKaHyPar,sat14_atco_enc1_opt2_10_12.cnf.hgr,no,no,0,32,0.03,0.0291595,5.92936,cut,2853,2557,no
rKaHyPar,sat14_atco_enc1_opt2_10_12.cnf.hgr,no,no,1,32,0.03,0.0291595,4.14464,cut,2870,2575,no
rKaHyPar,sat14_atco_enc1_opt2_10_12.cnf.hgr,no,no,2,32,0.03,0.0291595,4.25696,cut,2825,2580,no
rKaHyPar,sat14_atco_enc1_opt2_10_12.cnf.hgr,no,no,3,32,0.03,0.0291595,5.95147,cut,2855,2543,no
rKaHyPar,sat14_atco_enc1_opt2_10_12.cnf.hgr,no,no,4,32,0.03,0.0291595,4.19776,cut,2831,2553,no
rKaHyPar,sat14_atco_enc1_opt2_10_12.cnf.hgr,no,no,5,32,0.03,0.0291595,5.92581,cut,2838,2553,no
rKaHyPar,sat14_atco_enc1_opt2_10_12.cnf.hgr,no,no,6,32,0.03,0.0291595,6.01771,cut,2803,2531,no
rKaHyPar,sat14_atco_enc1_opt2_10_12.cnf.hgr,no,no,7,32,0.03,0.0291595,4.35781,cut,2838,2564,no
rKaHyPar,sat14_atco_enc1_opt2_10_12.cnf.hgr,no,no,8,32,0.03,0.0274443,5.81802,cut,2865,2560,no
rKaHyPar,sat14_atco_enc1_opt2_10_12.cnf.hgr,no,no,9,32,0.03,0.0274443,4.20359,cut,2830,2537,no
rKaHyPar,sat14_atco_enc1_opt2_10_12.cnf.hgr,no,no,0,4,0.03,0.0289762,2.29339,cut,699,695,no
rKaHyPar,sat14_atco_enc1_opt2_10_12.cnf.hgr,no,no,1,4,0.03,0.0298347,1.62468,cut,680,676,no
rKaHyPar,sat14_atco_enc1_opt2_10_12.cnf.hgr,no,no,2,4,0.03,0.0143808,1.60686,cut,745,741,no
rKaHyPar,sat14_atco_enc1_opt2_10_12.cnf.hgr,no,no,3,4,0.03,0.0289762,1.61446,cut,709,706,no
rKaHyPar,sat14_atco_enc1_opt2_10_12.cnf.hgr,no,no,4,4,0.03,0.0298347,2.28766,cut,734,730,no
rKaHyPar,sat14_atco_enc1_opt2_10_12.cnf.hgr,no,no,5,4,0.03,0.0135222,1.57608,cut,679,674,no
rKaHyPar,sat14_atco_enc1_opt2_10_12.cnf.hgr,no,no,6,4,0.03,0.0210346,1.54572,cut,769,766,no
rKaHyPar,sat14_atco_enc1_opt2_10_12.cnf.hgr,no,no,7,4,0.03,0.0298347,1.62369,cut,738,735,no
rKaHyPar,sat14_atco_enc1_opt2_10_12.cnf.hgr,no,no,8,4,0.03,0.0296201,2.27584,cut,753,749,no
rKaHyPar,sat14_atco_enc1_opt2_10_12.cnf.hgr,no,no,9,4,0.03,0.0221077,1.6227,cut,709,706,no
rKaHyPar,sat14_atco_enc1_opt2_10_12.cnf.hgr,no,no,0,64,0.03,0.0273973,6.1386,cut,4637,4296,no
rKaHyPar,sat14_atco_enc1_opt2_10_12.cnf.hgr,no,no,1,64,0.03,0.0273973,6.18861,cut,4570,4205,no
rKaHyPar,sat14_atco_enc1_opt2_10_12.cnf.hgr,no,no,2,64,0.03,0.0273973,6.14988,cut,4832,4504,no
rKaHyPar,sat14_atco_enc1_opt2_10_12.cnf.hgr,no,no,3,64,0.03,0.0273973,6.18357,cut,4649,4326,no
rKaHyPar,sat14_atco_enc1_opt2_10_12.cnf.hgr,no,no,4,64,0.03,0.0273973,6.11346,cut,4513,4173,no
rKaHyPar,sat14_atco_enc1_opt2_10_12.cnf.hgr,no,no,5,64,0.03,0.0273973,8.56726,cut,4580,4266,no
rKaHyPar,sat14_atco_enc1_opt2_10_12.cnf.hgr,no,no,6,64,0.03,0.0273973,8.94512,cut,4651,4325,no
rKaHyPar,sat14_atco_enc1_opt2_10_12.cnf.hgr,no,no,7,64,0.03,0.0273973,8.55792,cut,4572,4254,no
rKaHyPar,sat14_atco_enc1_opt2_10_12.cnf.hgr,no,no,8,64,0.03,0.0273973,5.96585,cut,4531,4163,no
rKaHyPar,sat14_atco_enc1_opt2_10_12.cnf.hgr,no,no,9,64,0.03,0.0273973,6.07492,cut,4582,4183,no
rKaHyPar,sat14_atco_enc1_opt2_10_12.cnf.hgr,no,no,0,8,0.03,0.0133047,3.10983,cut,959,855,no
rKaHyPar,sat14_atco_enc1_opt2_10_12.cnf.hgr,no,no,1,8,0.03,0.0257511,3.12683,cut,986,857,no
rKaHyPar,sat14_atco_enc1_opt2_10_12.cnf.hgr,no,no,2,8,0.03,0.0266094,3.28802,cut,952,690,no
rKaHyPar,sat14_atco_enc1_opt2_10_12.cnf.hgr,no,no,3,8,0.03,0.0257511,2.2173,cut,959,857,no
rKaHyPar,sat14_atco_enc1_opt2_10_12.cnf.hgr,no,no,4,8,0.03,0.0261803,3.28351,cut,976,906,no
rKaHyPar,sat14_atco_enc1_opt2_10_12.cnf.hgr,no,no,5,8,0.03,0.0274678,2.20004,cut,961,840,no
rKaHyPar,sat14_atco_enc1_opt2_10_12.cnf.hgr,no,no,6,8,0.03,0.0214592,2.23586,cut,950,848,no
rKaHyPar,sat14_atco_enc1_opt2_10_12.cnf.hgr,no,no,7,8,0.03,0.0274678,2.26143,cut,982,857,no
rKaHyPar,sat14_atco_enc1_opt2_10_12.cnf.hgr,no,no,8,8,0.03,0.0283262,2.18514,cut,987,883,no
rKaHyPar,sat14_atco_enc1_opt2_10_12.cnf.hgr,no,no,9,8,0.03,0.0257511,3.06129,cut,844,666,no
rKaHyPar,sat14_atco_enc1_opt2_10_12.cnf.primal.hgr,no,no,0,128,0.03,0.0266667,19.032,cut,30076,21896,no
rKaHyPar,sat14_atco_enc1_opt2_10_12.cnf.primal.hgr,no,no,1,128,0.03,0.0266667,13.4655,cut,29855,21986,no
rKaHyPar,sat14_atco_enc1_opt2_10_12.cnf.primal.hgr,no,no,2,128,0.03,0.0266667,19.5604,cut,29809,21860,no
rKaHyPar,sat14_atco_enc1_opt2_10_12.cnf.primal.hgr,no,no,3,128,0.03,0.0266667,13.4574,cut,30148,21814,no
rKaHyPar,sat14_atco_enc1_opt2_10_12.cnf.primal.hgr,no,no,4,128,0.03,0.0266667,13.4097,cut,30150,21995,no
rKaHyPar,sat14_atco_enc1_opt2_10_12.cnf.primal.hgr,no,no,5,128,0.03,0.0266667,19.4371,cut,29958,21967,no
rKaHyPar,sat14_atco_enc1_opt2_10_12.cnf.primal.hgr,no,no,6,128,0.03,0.0266667,19.27,cut,30589,21908,no
rKaHyPar,sat14_atco_enc1_opt2_10_12.cnf.primal.hgr,no,no,7,128,0.03,0.0266667,13.7157,cut,29928,21853,no
rKaHyPar,sat14_atco_enc1_opt2_10_12.cnf.primal.hgr,no,no,8,128,0.03,0.0266667,13.5224,cut,30273,21857,no
rKaHyPar,sat14_atco_enc1_opt2_10_12.cnf.primal.hgr,no,no,9,128,0.03,0.0266667,13.4075,cut,29449,21908,no
rKaHyPar,sat14_atco_enc1_opt2_10_12.cnf.primal.hgr,no,no,0,16,0.03,0.0286195,4.05464,cut,2519,2273,no
rKaHyPar,sat14_atco_enc1_opt2_10_12.cnf.primal.hgr,no,no,1,16,0.03,0.0286195,4.11439,cut,2566,2315,no
rKaHyPar,sat14_atco_enc1_opt2_10_12.cnf.primal.hgr,no,no,2,16,0.03,0.0286195,2.75202,cut,2666,2254,no
rKaHyPar,sat14_atco_enc1_opt2_10_12.cnf.primal.hgr,no,no,3,16,0.03,0.0286195,2.83457,cut,2547,2253,no
rKaHyPar,sat14_atco_enc1_opt2_10_12.cnf.primal.hgr,no,no,4,16,0.03,0.0286195,3.92088,cut,2512,2313,no
rKaHyPar,sat14_atco_enc1_opt2_10_12.cnf.primal.hgr,no,no,5,16,0.03,0.0286195,2.86466,cut,2625,2299,no
rKaHyPar,sat14_atco_enc1_opt2_10_12.cnf.primal.hgr,no,no,6,16,0.03,0.0286195,4.09604,cut,2527,2257,no
rKaHyPar,sat14_atco_enc1_opt2_10_12.cnf.primal.hgr,no,no,7,16,0.03,0.0286195,4.11111,cut,2589,2289,no
rKaHyPar,sat14_atco_enc1_opt2_10_12.cnf.primal.hgr,no,no,8,16,0.03,0.0286195,2.8616,cut,2517,2231,no
rKaHyPar,sat14_atco_enc1_opt2_10_12.cnf.primal.hgr,no,no,9,16,0.03,0.0286195,2.8695,cut,2548,2282,no
rKaHyPar,sat14_atco_enc1_opt2_10_12.cnf.primal.hgr,no,no,0,2,0.03,0.0299073,1.15418,cut,685,685,no
rKaHyPar,sat14_atco_enc1_opt2_10_12.cnf.primal.hgr,no,no,1,2,0.03,0.0296967,0.841057,cut,559,559,no
rKaHyPar,sat14_atco_enc1_opt2_10_12.cnf.primal.hgr,no,no,2,2,0.03,0.0290649,1.43182,cut,697,697,no
rKaHyPar,sat14_atco_enc1_opt2_10_12.cnf.primal.hgr,no,no,3,2,0.03,0.0206403,0.827142,cut,840,840,no
rKaHyPar,sat14_atco_enc1_opt2_10_12.cnf.primal.hgr,no,no,4,2,0.03,0.0299073,1.41698,cut,699,699,no
rKaHyPar,sat14_atco_enc1_opt2_10_12.cnf.primal.hgr,no,no,5,2,0.03,0.0248526,0.809118,cut,957,957,no
rKaHyPar,sat14_atco_enc1_opt2_10_12.cnf.primal.hgr,no,no,6,2,0.03,0.0296967,0.989359,cut,652,652,no
rKaHyPar,sat14_atco_enc1_opt2_10_12.cnf.primal.hgr,no,no,7,2,0.03,0.0288543,0.809344,cut,1008,1008,no
rKaHyPar,sat14_atco_enc1_opt2_10_12.cnf.primal.hgr,no,no,8,2,0.03,0.017481,0.749119,cut,585,585,no
rKaHyPar,sat14_atco_enc1_opt2_10_12.cnf.primal.hgr,no,no,9,2,0.03,0.028433,1.98943,cut,637,637,no
rKaHyPar,sat14_atco_enc1_opt2_10_12.cnf.primal.hgr,no,no,0,32,0.03,0.026936,6.27733,cut,10558,10243,no
rKaHyPar,sat14_atco_enc1_opt2_10_12.cnf.primal.hgr,no,no,1,32,0.03,0.026936,4.47538,cut,10633,10335,no
rKaHyPar,sat14_atco_enc1_opt2_10_12.cnf.primal.hgr,no,no,2,32,0.03,0.026936,4.64908,cut,10652,10326,no
rKaHyPar,sat14_atco_enc1_opt2_10_12.cnf.primal.hgr,no,no,3,32,0.03,0.026936,6.54572,cut,10646,10357,no
rKaHyPar,sat14_atco_enc1_opt2_10_12.cnf.primal.hgr,no,no,4,32,0.03,0.026936,4.4562,cut,10579,10306,no
rKaHyPar,sat14_atco_enc1_opt2_10_12.cnf.primal.hgr,no,no,5,32,0.03,0.026936,6.37427,cut,10683,10321,no
rKaHyPar,sat14_atco_enc1_opt2_10_12.cnf.primal.hgr,no,no,6,32,0.03,0.026936,6.69305,cut,10603,10287,no
rKaHyPar,sat14_atco_enc1_opt2_10_12.cnf.primal.hgr,no,no,7,32,0.03,0.026936,4.71011,cut,10731,10269,no
rKaHyPar,sat14_atco_enc1_opt2_10_12.cnf.primal.hgr,no,no,8,32,0.03,0.026936,6.2271,cut,10602,10293,no
rKaHyPar,sat14_atco_enc1_opt2_10_12.cnf.primal.hgr,no,no,9,32,0.03,0.026936,4.53433,cut,10511,10213,no
rKaHyPar,sat14_atco_enc1_opt2_10_12.cnf.primal.hgr,no,no,0,4,0.03,0.0294861,1.95782,cut,1049,983,no
rKaHyPar,sat14_atco_enc1_opt2_10_12.cnf.primal.hgr,no,no,1,4,0.03,0.0244313,1.75391,cut,1145,1092,no
rKaHyPar,sat14_atco_enc1_opt2_10_12.cnf.primal.hgr,no,no,2,4,0.03,0.0294861,1.50302,cut,1506,1423,no
rKaHyPar,sat14_atco_enc1_opt2_10_12.cnf.primal.hgr,no,no,3,4,0.03,0.0168492,1.61385,cut,1378,1214,no
rKaHyPar,sat14_atco_enc1_opt2_10_12.cnf.primal.hgr,no,no,4,4,0.03,0.0299073,2.08552,cut,1144,1024,no
rKaHyPar,sat14_atco_enc1_opt2_10_12.cnf.primal.hgr,no,no,5,4,0.03,0.0299073,1.72539,cut,1596,1564,no
rKaHyPar,sat14_atco_enc1_opt2_10_12.cnf.primal.hgr,no,no,6,4,0.03,0.0290649,2.32187,cut,1134,1050,no
rKaHyPar,sat14_atco_enc1_opt2_10_12.cnf.primal.hgr,no,no,7,4,0.03,0.0155855,1.47977,cut,1569,1117,no
rKaHyPar,sat14_atco_enc1_opt2_10_12.cnf.primal.hgr,no,no,8,4,0.03,0.0286436,2.08739,cut,1190,1133,no
rKaHyPar,sat14_atco_enc1_opt2_10_12.cnf.primal.hgr,no,no,9,4,0.03,0.0273799,1.61582,cut,1097,1039,no
rKaHyPar,sat14_atco_enc1_opt2_10_12.cnf.primal.hgr,no,no,0,64,0.03,0.0268456,8.66538,cut,17265,16547,no
rKaHyPar,sat14_atco_enc1_opt2_10_12.cnf.primal.hgr,no,no,1,64,0.03,0.0268456,8.86041,cut,17600,16582,no
rKaHyPar,sat14_atco_enc1_opt2_10_12.cnf.primal.hgr,no,no,2,64,0.03,0.0268456,8.59946,cut,17124,16507,no
rKaHyPar,sat14_atco_enc1_opt2_10_12.cnf.primal.hgr,no,no,3,64,0.03,0.0268456,8.65228,cut,16783,16282,no
rKaHyPar,sat14_atco_enc1_opt2_10_12.cnf.primal.hgr,no,no,4,64,0.03,0.0268456,8.53988,cut,17274,16455,no
rKaHyPar,sat14_atco_enc1_opt2_10_12.cnf.primal.hgr,no,no,5,64,0.03,0.0268456,12.2186,cut,17267,16460,no
rKaHyPar,sat14_atco_enc1_opt2_10_12.cnf.primal.hgr,no,no,6,64,0.03,0.0268456,12.3886,cut,17457,16400,no
rKaHyPar,sat14_atco_enc1_opt2_10_12.cnf.primal.hgr,no,no,7,64,0.03,0.0268456,12.3521,cut,17057,16339,no
rKaHyPar,sat14_atco_enc1_opt2_10_12.cnf.primal.hgr,no,no,8,64,0.03,0.0268456,9.03507,cut,17155,16346,no
rKaHyPar,sat14_atco_enc1_opt2_10_12.cnf.primal.hgr,no,no,9,64,0.03,0.0268456,8.53499,cut,17203,16417,no
rKaHyPar,sat14_atco_enc1_opt2_10_12.cnf.primal.hgr,no,no,0,8,0.03,0.0294861,2.7411,cut,1610,1340,no
rKaHyPar,sat14_atco_enc1_opt2_10_12.cnf.primal.hgr,no,no,1,8,0.03,0.0294861,2.88276,cut,1681,1423,no
rKaHyPar,sat14_atco_enc1_opt2_10_12.cnf.primal.hgr,no,no,2,8,0.03,0.0294861,2.7172,cut,1729,1525,no
rKaHyPar,sat14_atco_enc1_opt2_10_12.cnf.primal.hgr,no,no,3,8,0.03,0.0294861,2.15939,cut,1641,1416,no
rKaHyPar,sat14_atco_enc1_opt2_10_12.cnf.primal.hgr,no,no,4,8,0.03,0.0294861,2.90504,cut,1637,1401,no
rKaHyPar,sat14_atco_enc1_opt2_10_12.cnf.primal.hgr,no,no,5,8,0.03,0.0294861,2.12482,cut,1664,1400,no
rKaHyPar,sat14_atco_enc1_opt2_10_12.cnf.primal.hgr,no,no,6,8,0.03,0.0294861,1.94833,cut,1597,1344,no
rKaHyPar,sat14_atco_enc1_opt2_10_12.cnf.primal.hgr,no,no,7,8,0.03,0.0294861,2.16291,cut,2966,1584,no
rKaHyPar,sat14_atco_enc1_opt2_10_12.cnf.primal.hgr,no,no,8,8,0.03,0.0294861,2.05037,cut,1735,1502,no
rKaHyPar,sat14_atco_enc1_opt2_10_12.cnf.primal.hgr,no,no,9,8,0.03,0.0244313,2.97834,cut,1613,1409,no
rKaHyPar,sat14_atco_enc1_opt2_10_16.cnf.dual.hgr,no,no,0,128,0.03,0.0293132,32.8611,cut,12667,3394,no
rKaHyPar,sat14_atco_enc1_opt2_10_16.cnf.dual.hgr,no,no,1,128,0.03,0.0293132,31.0166,cut,12686,3433,no
rKaHyPar,sat14_atco_enc1_opt2_10_16.cnf.dual.hgr,no,no,2,128,0.03,0.0259631,32.3078,cut,12576,3385,no
rKaHyPar,sat14_atco_enc1_opt2_10_16.cnf.dual.hgr,no,no,3,128,0.03,0.0293132,42.7155,cut,11709,3573,no
rKaHyPar,sat14_atco_enc1_opt2_10_16.cnf.dual.hgr,no,no,4,128,0.03,0.0268007,53.9639,cut,12124,3398,no
rKaHyPar,sat14_atco_enc1_opt2_10_16.cnf.dual.hgr,no,no,5,128,0.03,0.0276382,48.5695,cut,11884,3395,no
rKaHyPar,sat14_atco_enc1_opt2_10_16.cnf.dual.hgr,no,no,6,128,0.03,0.0293132,51.7576,cut,12091,3465,no
rKaHyPar,sat14_atco_enc1_opt2_10_16.cnf.dual.hgr,no,no,7,128,0.03,0.0284757,30.3416,cut,13246,3438,no
rKaHyPar,sat14_atco_enc1_opt2_10_16.cnf.dual.hgr,no,no,8,128,0.03,0.0293132,34.621,cut,12103,3449,no
rKaHyPar,sat14_atco_enc1_opt2_10_16.cnf.dual.hgr,no,no,9,128,0.03,0.0293132,33.3936,cut,12207,3389,no
rKaHyPar,sat14_atco_enc1_opt2_10_16.cnf.dual.hgr,no,no,0,16,0.03,0.0285954,37.5387,cut,2802,1031,no
rKaHyPar,sat14_atco_enc1_opt2_10_16.cnf.dual.hgr,no,no,1,16,0.03,0.0293286,39.6057,cut,2737,1062,no
rKaHyPar,sat14_atco_enc1_opt2_10_16.cnf.dual.hgr,no,no,2,16,0.03,0.0293286,23.5751,cut,2827,1143,no
rKaHyPar,sat14_atco_enc1_opt2_10_16.cnf.dual.hgr,no,no,3,16,0.03,0.025872,25.2644,cut,2681,1006,no
rKaHyPar,sat14_atco_enc1_opt2_10_16.cnf.dual.hgr,no,no,4,16,0.03,0.0282811,39.4845,cut,2627,1015,no
rKaHyPar,sat14_atco_enc1_opt2_10_16.cnf.dual.hgr,no,no,5,16,0.03,0.0268147,25.2574,cut,2759,1016,no
rKaHyPar,sat14_atco_enc1_opt2_10_16.cnf.dual.hgr,no,no,6,16,0.03,0.0285954,36.0715,cut,2991,1136,no
rKaHyPar,sat14_atco_enc1_opt2_10_16.cnf.dual.hgr,no,no,7,16,0.03,0.0293286,25.8605,cut,2541,1069,no
rKaHyPar,sat14_atco_enc1_opt2_10_16.cnf.dual.hgr,no,no,8,16,0.03,0.0256625,23.8607,cut,2977,1089,no
rKaHyPar,sat14_atco_enc1_opt2_10_16.cnf.dual.hgr,no,no,9,16,0.03,0.02671,25.6763,cut,2625,1023,no
rKaHyPar,sat14_atco_enc1_opt2_10_16.cnf.dual.hgr,no,no,0,2,0.03,0.0025402,10.9214,cut,431,431,no
rKaHyPar,sat14_atco_enc1_opt2_10_16.cnf.dual.hgr,no,no,1,2,0.03,0.00301157,10.2403,cut,369,369,no
rKaHyPar,sat14_atco_enc1_opt2_10_16.cnf.dual.hgr,no,no,2,2,0.03,0.00311633,15.781,cut,370,370,no
rKaHyPar,sat14_atco_enc1_opt2_10_16.cnf.dual.hgr,no,no,3,2,0.03,0.00306395,10.4737,cut,369,369,no
rKaHyPar,sat14_atco_enc1_opt2_10_16.cnf.dual.hgr,no,no,4,2,0.03,0.00314251,10.2025,cut,370,370,no
rKaHyPar,sat14_atco_enc1_opt2_10_16.cnf.dual.hgr,no,no,5,2,0.03,0.0025402,11.6576,cut,431,431,no
rKaHyPar,sat14_atco_enc1_opt2_10_16.cnf.dual.hgr,no,no,6,2,0.03,0.00306395,10.2053,cut,369,369,no
rKaHyPar,sat14_atco_enc1_opt2_10_16.cnf.dual.hgr,no,no,7,2,0.03,0.00306395,10.331,cut,369,369,no
rKaHyPar,sat14_atco_enc1_opt2_10_16.cnf.dual.hgr,no,no,8,2,0.03,0.00261876,10.6799,cut,432,432,no
rKaHyPar,sat14_atco_enc1_opt2_10_16.cnf.dual.hgr,no,no,9,2,0.03,0.00314251,15.9498,cut,370,370,no
rKaHyPar,sat14_atco_enc1_opt2_10_16.cnf.dual.hgr,no,no,0,32,0.03,0.029535,29.1465,cut,3588,1250,no
rKaHyPar,sat14_atco_enc1_opt2_10_16.cnf.dual.hgr,no,no,1,32,0.03,0.029116,29.4475,cut,3631,1284,no
rKaHyPar,sat14_atco_enc1_opt2_10_16.cnf.dual.hgr,no,no,2,32,0.03,0.0247172,25.4341,cut,3637,1301,no
rKaHyPar,sat14_atco_enc1_opt2_10_16.cnf.dual.hgr,no,no,3,32,0.03,0.0173858,28.7962,cut,3816,1231,no
rKaHyPar,sat14_atco_enc1_opt2_10_16.cnf.dual.hgr,no,no,4,32,0.03,0.0242983,29.1675,cut,3533,1238,no
rKaHyPar,sat14_atco_enc1_opt2_10_16.cnf.dual.hgr,no,no,5,32,0.03,0.0257646,41.4856,cut,3573,1285,no
rKaHyPar,sat14_atco_enc1_opt2_10_16.cnf.dual.hgr,no,no,6,32,0.03,0.0299539,43.7198,cut,3506,1274,no
rKaHyPar,sat14_atco_enc1_opt2_10_16.cnf.dual.hgr,no,no,7,32,0.03,0.0297444,27.5024,cut,3623,1273,no
rKaHyPar,sat14_atco_enc1_opt2_10_16.cnf.dual.hgr,no,no,8,32,0.03,0.0234604,38.804,cut,3769,1338,no
rKaHyPar,sat14_atco_enc1_opt2_10_16.cnf.dual.hgr,no,no,9,32,0.03,0.0274403,25.7521,cut,4163,1331,no
rKaHyPar,sat14_atco_enc1_opt2_10_16.cnf.dual.hgr,no,no,0,4,0.03,0.00989892,25.2635,cut,1094,617,no
rKaHyPar,sat14_atco_enc1_opt2_10_16.cnf.dual.hgr,no,no,1,4,0.03,0.00678259,16.2872,cut,946,586,no
rKaHyPar,sat14_atco_enc1_opt2_10_16.cnf.dual.hgr,no,no,2,4,0.03,0.00552559,16.0313,cut,1018,647,no
rKaHyPar,sat14_atco_enc1_opt2_10_16.cnf.dual.hgr,no,no,3,4,0.03,0.00479233,25.785,cut,950,586,no
rKaHyPar,sat14_atco_enc1_opt2_10_16.cnf.dual.hgr,no,no,4,4,0.03,0.0025402,24.7379,cut,999,614,no
rKaHyPar,sat14_atco_enc1_opt2_10_16.cnf.dual.hgr,no,no,5,4,0.03,0.0294349,16.4285,cut,1000,620,no
rKaHyPar,sat14_atco_enc1_opt2_10_16.cnf.dual.hgr,no,no,6,4,0.03,0.00301157,17.0929,cut,945,615,no
rKaHyPar,sat14_atco_enc1_opt2_10_16.cnf.dual.hgr,no,no,7,4,0.03,0.00301157,17.0926,cut,921,613,no
rKaHyPar,sat14_atco_enc1_opt2_10_16.cnf.dual.hgr,no,no,8,4,0.03,0.0178599,25.9753,cut,1021,616,no
rKaHyPar,sat14_atco_enc1_opt2_10_16.cnf.dual.hgr,no,no,9,4,0.03,0.0102917,16.2257,cut,1078,616,no
rKaHyPar,sat14_atco_enc1_opt2_10_16.cnf.dual.hgr,no,no,0,64,0.03,0.0293255,32.817,cut,6217,2046,no
rKaHyPar,sat14_atco_enc1_opt2_10_16.cnf.dual.hgr,no,no,1,64,0.03,0.0284876,31.4269,cut,6340,2080,no
rKaHyPar,sat14_atco_enc1_opt2_10_16.cnf.dual.hgr,no,no,2,64,0.03,0.0297444,49.5307,cut,6265,2109,no
rKaHyPar,sat14_atco_enc1_opt2_10_16.cnf.dual.hgr,no,no,3,64,0.03,0.0293255,28.1463,cut,6731,2094,no
rKaHyPar,sat14_atco_enc1_opt2_10_16.cnf.dual.hgr,no,no,4,64,0.03,0.0297444,28.0793,cut,7020,2115,no
rKaHyPar,sat14_atco_enc1_opt2_10_16.cnf.dual.hgr,no,no,5,64,0.03,0.0297444,32.0159,cut,6234,1999,no
rKaHyPar,sat14_atco_enc1_opt2_10_16.cnf.dual.hgr,no,no,6,64,0.03,0.0289066,43.1703,cut,6321,2095,no
rKaHyPar,sat14_atco_enc1_opt2_10_16.cnf.dual.hgr,no,no,7,64,0.03,0.0268119,49.4357,cut,6475,2055,no
rKaHyPar,sat14_atco_enc1_opt2_10_16.cnf.dual.hgr,no,no,8,64,0.03,0.0272308,27.664,cut,6999,2115,no
rKaHyPar,sat14_atco_enc1_opt2_10_16.cnf.dual.hgr,no,no,9,64,0.03,0.0297444,27.7016,cut,6940,2132,no
rKaHyPar,sat14_atco_enc1_opt2_10_16.cnf.dual.hgr,no,no,0,8,0.03,0.0292254,33.1563,cut,2103,814,no
rKaHyPar,sat14_atco_enc1_opt2_10_16.cnf.dual.hgr,no,no,1,8,0.03,0.029592,32.8373,cut,2006,896,no
rKaHyPar,sat14_atco_enc1_opt2_10_16.cnf.dual.hgr,no,no,2,8,0.03,0.0277065,32.8742,cut,2102,883,no
rKaHyPar,sat14_atco_enc1_opt2_10_16.cnf.dual.hgr,no,no,3,8,0.03,0.0288064,20.2682,cut,1785,884,no
rKaHyPar,sat14_atco_enc1_opt2_10_16.cnf.dual.hgr,no,no,4,8,0.03,0.0285969,32.9798,cut,2030,890,no
rKaHyPar,sat14_atco_enc1_opt2_10_16.cnf.dual.hgr,no,no,5,8,0.03,0.029592,32.0775,cut,1981,845,no
rKaHyPar,sat14_atco_enc1_opt2_10_16.cnf.dual.hgr,no,no,6,8,0.03,0.029173,20.6201,cut,2156,930,no
rKaHyPar,sat14_atco_enc1_opt2_10_16.cnf.dual.hgr,no,no,7,8,0.03,0.0293825,20.7317,cut,1830,820,no
rKaHyPar,sat14_atco_enc1_opt2_10_16.cnf.dual.hgr,no,no,8,8,0.03,0.0290159,21.4853,cut,1913,842,no
rKaHyPar,sat14_atco_enc1_opt2_10_16.cnf.dual.hgr,no,no,9,8,0.03,0.029173,33.1141,cut,1897,873,no
rKaHyPar,sat14_atco_enc1_opt2_10_16.cnf.hgr,no,no,0,128,0.03,0.027027,16.0099,cut,9244,8882,no
rKaHyPar,sat14_atco_enc1_opt2_10_16.cnf.hgr,no,no,1,128,0.03,0.027027,11.1718,cut,9036,8648,no
rKaHyPar,sat14_atco_enc1_opt2_10_16.cnf.hgr,no,no,2,128,0.03,0.027027,15.9558,cut,8992,8610,no
rKaHyPar,sat14_atco_enc1_opt2_10_16.cnf.hgr,no,no,3,128,0.03,0.027027,11.3334,cut,9392,9021,no
rKaHyPar,sat14_atco_enc1_opt2_10_16.cnf.hgr,no,no,4,128,0.03,0.027027,15.9307,cut,9533,9110,no
rKaHyPar,sat14_atco_enc1_opt2_10_16.cnf.hgr,no,no,5,128,0.03,0.027027,15.8763,cut,9496,9069,no
rKaHyPar,sat14_atco_enc1_opt2_10_16.cnf.hgr,no,no,6,128,0.03,0.027027,15.8926,cut,9606,9149,no
rKaHyPar,sat14_atco_enc1_opt2_10_16.cnf.hgr,no,no,7,128,0.03,0.027027,10.9975,cut,9544,9128,no
rKaHyPar,sat14_atco_enc1_opt2_10_16.cnf.hgr,no,no,8,128,0.03,0.027027,11.2717,cut,9289,8898,no
rKaHyPar,sat14_atco_enc1_opt2_10_16.cnf.hgr,no,no,9,128,0.03,0.027027,10.868,cut,9567,9099,no
rKaHyPar,sat14_atco_enc1_opt2_10_16.cnf.hgr,no,no,0,16,0.03,0.0295608,4.28093,cut,1325,1100,no
rKaHyPar,sat14_atco_enc1_opt2_10_16.cnf.hgr,no,no,1,16,0.03,0.0261824,4.4328,cut,1383,1152,no
rKaHyPar,sat14_atco_enc1_opt2_10_16.cnf.hgr,no,no,2,16,0.03,0.0295608,3.06554,cut,1404,1148,no
rKaHyPar,sat14_atco_enc1_opt2_10_16.cnf.hgr,no,no,3,16,0.03,0.0287162,3.25676,cut,1469,1169,no
rKaHyPar,sat14_atco_enc1_opt2_10_16.cnf.hgr,no,no,4,16,0.03,0.0295608,4.33033,cut,1385,1143,no
rKaHyPar,sat14_atco_enc1_opt2_10_16.cnf.hgr,no,no,5,16,0.03,0.0219595,2.98814,cut,1635,1403,no
rKaHyPar,sat14_atco_enc1_opt2_10_16.cnf.hgr,no,no,6,16,0.03,0.0295608,4.43554,cut,1409,1156,no
rKaHyPar,sat14_atco_enc1_opt2_10_16.cnf.hgr,no,no,7,16,0.03,0.0295608,3.11339,cut,1435,1135,no
rKaHyPar,sat14_atco_enc1_opt2_10_16.cnf.hgr,no,no,8,16,0.03,0.0261824,3.15052,cut,1364,1116,no
rKaHyPar,sat14_atco_enc1_opt2_10_16.cnf.hgr,no,no,9,16,0.03,0.0244932,3.08694,cut,1419,1163,no
rKaHyPar,sat14_atco_enc1_opt2_10_16.cnf.hgr,no,no,0,2,0.03,0.0289488,0.986973,cut,433,433,no
rKaHyPar,sat14_atco_enc1_opt2_10_16.cnf.hgr,no,no,1,2,0.03,0.029477,1.00328,cut,433,433,no
rKaHyPar,sat14_atco_enc1_opt2_10_16.cnf.hgr,no,no,2,2,0.03,0.0289488,1.38083,cut,433,433,no
rKaHyPar,sat14_atco_enc1_opt2_10_16.cnf.hgr,no,no,3,2,0.03,0.0289488,0.95081,cut,432,432,no
rKaHyPar,sat14_atco_enc1_opt2_10_16.cnf.hgr,no,no,4,2,0.03,0.029477,1.02761,cut,436,436,no
rKaHyPar,sat14_atco_enc1_opt2_10_16.cnf.hgr,no,no,5,2,0.03,0.0289488,1.01586,cut,433,433,no
rKaHyPar,sat14_atco_enc1_opt2_10_16.cnf.hgr,no,no,6,2,0.03,0.0289488,0.99185,cut,433,433,no
rKaHyPar,sat14_atco_enc1_opt2_10_16.cnf.hgr,no,no,7,2,0.03,0.0296883,0.975162,cut,432,432,no
rKaHyPar,sat14_atco_enc1_opt2_10_16.cnf.hgr,no,no,8,2,0.03,0.0289488,0.993899,cut,432,432,no
rKaHyPar,sat14_atco_enc1_opt2_10_16.cnf.hgr,no,no,9,2,0.03,0.0293714,1.31486,cut,433,433,no
rKaHyPar,sat14_atco_enc1_opt2_10_16.cnf.hgr,no,no,0,32,0.03,0.027027,4.38258,cut,2863,2579,no
rKaHyPar,sat14_atco_enc1_opt2_10_16.cnf.hgr,no,no,1,32,0.03,0.0287162,4.36696,cut,3023,2633,no
rKaHyPar,sat14_atco_enc1_opt2_10_16.cnf.hgr,no,no,2,32,0.03,0.0287162,4.49124,cut,2918,2617,no
rKaHyPar,sat14_atco_enc1_opt2_10_16.cnf.hgr,no,no,3,32,0.03,0.0287162,4.32027,cut,2915,2628,no
rKaHyPar,sat14_atco_enc1_opt2_10_16.cnf.hgr,no,no,4,32,0.03,0.0287162,4.441,cut,2864,2609,no
rKaHyPar,sat14_atco_enc1_opt2_10_16.cnf.hgr,no,no,5,32,0.03,0.0253378,5.99616,cut,2892,2614,no
rKaHyPar,sat14_atco_enc1_opt2_10_16.cnf.hgr,no,no,6,32,0.03,0.0287162,5.95504,cut,2977,2659,no
rKaHyPar,sat14_atco_enc1_opt2_10_16.cnf.hgr,no,no,7,32,0.03,0.027027,4.48555,cut,2901,2623,no
rKaHyPar,sat14_atco_enc1_opt2_10_16.cnf.hgr,no,no,8,32,0.03,0.0287162,6.0201,cut,2894,2605,no
rKaHyPar,sat14_atco_enc1_opt2_10_16.cnf.hgr,no,no,9,32,0.03,0.0287162,4.22712,cut,2996,2722,no
rKaHyPar,sat14_atco_enc1_opt2_10_16.cnf.hgr,no,no,0,4,0.03,0.0145785,2.26247,cut,700,678,no
rKaHyPar,sat14_atco_enc1_opt2_10_16.cnf.hgr,no,no,1,4,0.03,0.0287344,1.59483,cut,695,676,no
rKaHyPar,sat14_atco_enc1_opt2_10_16.cnf.hgr,no,no,2,4,0.03,0.0173252,1.79704,cut,540,482,no
rKaHyPar,sat14_atco_enc1_opt2_10_16.cnf.hgr,no,no,3,4,0.03,0,2.2257,cut,697,669,no
rKaHyPar,sat14_atco_enc1_opt2_10_16.cnf.hgr,no,no,4,4,0.03,0.0145785,2.34455,cut,694,680,no
rKaHyPar,sat14_atco_enc1_opt2_10_16.cnf.hgr,no,no,5,4,0.03,0.00507078,1.81352,cut,598,479,no
rKaHyPar,sat14_atco_enc1_opt2_10_16.cnf.hgr,no,no,6,4,0.03,0.0283119,2.58815,cut,687,684,no
rKaHyPar,sat14_atco_enc1_opt2_10_16.cnf.hgr,no,no,7,4,0.03,0.0240862,1.66716,cut,699,679,no
rKaHyPar,sat14_atco_enc1_opt2_10_16.cnf.hgr,no,no,8,4,0.03,0.0147898,2.26547,cut,691,676,no
rKaHyPar,sat14_atco_enc1_opt2_10_16.cnf.hgr,no,no,9,4,0.03,0.0295795,1.64582,cut,699,682,no
rKaHyPar,sat14_atco_enc1_opt2_10_16.cnf.hgr,no,no,0,64,0.03,0.027027,6.34234,cut,4495,4165,no
rKaHyPar,sat14_atco_enc1_opt2_10_16.cnf.hgr,no,no,1,64,0.03,0.027027,6.20207,cut,4515,4125,no
rKaHyPar,sat14_atco_enc1_opt2_10_16.cnf.hgr,no,no,2,64,0.03,0.027027,8.7836,cut,4515,4205,no
rKaHyPar,sat14_atco_enc1_opt2_10_16.cnf.hgr,no,no,3,64,0.03,0.027027,6.28042,cut,4550,4219,no
rKaHyPar,sat14_atco_enc1_opt2_10_16.cnf.hgr,no,no,4,64,0.03,0.027027,6.08347,cut,4489,4138,no
rKaHyPar,sat14_atco_enc1_opt2_10_16.cnf.hgr,no,no,5,64,0.03,0.027027,5.99799,cut,4585,4233,no
rKaHyPar,sat14_atco_enc1_opt2_10_16.cnf.hgr,no,no,6,64,0.03,0.027027,8.76925,cut,4624,4286,no
rKaHyPar,sat14_atco_enc1_opt2_10_16.cnf.hgr,no,no,7,64,0.03,0.027027,8.6778,cut,4776,4422,no
rKaHyPar,sat14_atco_enc1_opt2_10_16.cnf.hgr,no,no,8,64,0.03,0.027027,6.24728,cut,4671,4322,no
rKaHyPar,sat14_atco_enc1_opt2_10_16.cnf.hgr,no,no,9,64,0.03,0.027027,6.12527,cut,4556,4240,no
rKaHyPar,sat14_atco_enc1_opt2_10_16.cnf.hgr,no,no,0,8,0.03,0.0299958,3.28298,cut,982,858,no
rKaHyPar,sat14_atco_enc1_opt2_10_16.cnf.hgr,no,no,1,8,0.03,0.0274609,3.28353,cut,1064,931,no
rKaHyPar,sat14_atco_enc1_opt2_10_16.cnf.hgr,no,no,2,8,0.03,0.0228137,3.37945,cut,843,613,no
rKaHyPar,sat14_atco_enc1_opt2_10_16.cnf.hgr,no,no,3,8,0.03,0.0299958,2.36513,cut,854,678,no
rKaHyPar,sat14_atco_enc1_opt2_10_16.cnf.hgr,no,no,4,8,0.03,0.0295733,3.29412,cut,1017,891,no
rKaHyPar,sat14_atco_enc1_opt2_10_16.cnf.hgr,no,no,5,8,0.03,0.0270384,3.34164,cut,1031,871,no
rKaHyPar,sat14_atco_enc1_opt2_10_16.cnf.hgr,no,no,6,8,0.03,0.0299958,2.51919,cut,934,729,no
rKaHyPar,sat14_atco_enc1_opt2_10_16.cnf.hgr,no,no,7,8,0.03,0.0295733,2.32495,cut,970,885,no
rKaHyPar,sat14_atco_enc1_opt2_10_16.cnf.hgr,no,no,8,8,0.03,0.0283059,2.29831,cut,967,848,no
rKaHyPar,sat14_atco_enc1_opt2_10_16.cnf.hgr,no,no,9,8,0.03,0.0299958,3.2422,cut,961,860,no
rKaHyPar,sat14_atco_enc1_opt2_10_16.cnf.primal.hgr,no,no,0,128,0.03,0.0263158,13.7764,cut,29760,22011,no
rKaHyPar,sat14_atco_enc1_opt2_10_16.cnf.primal.hgr,no,no,1,128,0.03,0.0263158,13.8297,cut,29484,22354,no
rKaHyPar,sat14_atco_enc1_opt2_10_16.cnf.primal.hgr,no,no,2,128,0.03,0.0263158,13.7884,cut,29365,22645,no
rKaHyPar,sat14_atco_enc1_opt2_10_16.cnf.primal.hgr,no,no,3,128,0.03,0.0263158,13.7699,cut,29583,22519,no
rKaHyPar,sat14_atco_enc1_opt2_10_16.cnf.primal.hgr,no,no,4,128,0.03,0.0263158,20.1294,cut,29540,22437,no
rKaHyPar,sat14_atco_enc1_opt2_10_16.cnf.primal.hgr,no,no,5,128,0.03,0.0263158,19.6575,cut,29900,22191,no
rKaHyPar,sat14_atco_enc1_opt2_10_16.cnf.primal.hgr,no,no,6,128,0.03,0.0263158,19.7691,cut,29592,22821,no
rKaHyPar,sat14_atco_enc1_opt2_10_16.cnf.primal.hgr,no,no,7,128,0.03,0.0263158,13.8209,cut,29337,21985,no
rKaHyPar,sat14_atco_enc1_opt2_10_16.cnf.primal.hgr,no,no,8,128,0.03,0.0263158,13.8198,cut,29481,22412,no
rKaHyPar,sat14_atco_enc1_opt2_10_16.cnf.primal.hgr,no,no,9,128,0.03,0.0263158,19.722,cut,29265,22698,no
rKaHyPar,sat14_atco_enc1_opt2_10_16.cnf.primal.hgr,no,no,0,16,0.03,0.0298507,4.26191,cut,2849,2692,no
rKaHyPar,sat14_atco_enc1_opt2_10_16.cnf.primal.hgr,no,no,1,16,0.03,0.0298507,3.91683,cut,2568,2285,no
rKaHyPar,sat14_atco_enc1_opt2_10_16.cnf.primal.hgr,no,no,2,16,0.03,0.0298507,2.95223,cut,2592,2313,no
rKaHyPar,sat14_atco_enc1_opt2_10_16.cnf.primal.hgr,no,no,3,16,0.03,0.0298507,2.9349,cut,2611,2338,no
rKaHyPar,sat14_atco_enc1_opt2_10_16.cnf.primal.hgr,no,no,4,16,0.03,0.0298507,4.2439,cut,2636,2388,no
rKaHyPar,sat14_atco_enc1_opt2_10_16.cnf.primal.hgr,no,no,5,16,0.03,0.0298507,2.87121,cut,2556,2302,no
rKaHyPar,sat14_atco_enc1_opt2_10_16.cnf.primal.hgr,no,no,6,16,0.03,0.0298507,3.93855,cut,2544,2269,no
rKaHyPar,sat14_atco_enc1_opt2_10_16.cnf.primal.hgr,no,no,7,16,0.03,0.0281924,3.04323,cut,2644,2339,no
rKaHyPar,sat14_atco_enc1_opt2_10_16.cnf.primal.hgr,no,no,8,16,0.03,0.0298507,3.00926,cut,2630,2357,no
rKaHyPar,sat14_atco_enc1_opt2_10_16.cnf.primal.hgr,no,no,9,16,0.03,0.0298507,3.08771,cut,2570,2297,no
rKaHyPar,sat14_atco_enc1_opt2_10_16.cnf.primal.hgr,no,no,0,2,0.03,0.00290336,0.883795,cut,953,953,no
rKaHyPar,sat14_atco_enc1_opt2_10_16.cnf.primal.hgr,no,no,1,2,0.03,0.0288262,0.828268,cut,611,611,no
rKaHyPar,sat14_atco_enc1_opt2_10_16.cnf.primal.hgr,no,no,2,2,0.03,0.0284114,1.40089,cut,591,591,no
rKaHyPar,sat14_atco_enc1_opt2_10_16.cnf.primal.hgr,no,no,3,2,0.03,0.0286188,0.891031,cut,561,561,no
rKaHyPar,sat14_atco_enc1_opt2_10_16.cnf.primal.hgr,no,no,4,2,0.03,0,0.842615,cut,1030,1030,no
rKaHyPar,sat14_atco_enc1_opt2_10_16.cnf.primal.hgr,no,no,5,2,0.03,0.0294484,0.773197,cut,603,603,no
rKaHyPar,sat14_atco_enc1_opt2_10_16.cnf.primal.hgr,no,no,6,2,0.03,0.0215678,0.795019,cut,996,996,no
rKaHyPar,sat14_atco_enc1_opt2_10_16.cnf.primal.hgr,no,no,7,2,0.03,0.0257155,0.831044,cut,1003,1003,no
rKaHyPar,sat14_atco_enc1_opt2_10_16.cnf.primal.hgr,no,no,8,2,0.03,0.0284114,0.852055,cut,1014,1014,no
rKaHyPar,sat14_atco_enc1_opt2_10_16.cnf.primal.hgr,no,no,9,2,0.03,0.0111987,0.76993,cut,711,711,no
rKaHyPar,sat14_atco_enc1_opt2_10_16.cnf.primal.hgr,no,no,0,32,0.03,0.0298013,4.75561,cut,10683,10364,no
rKaHyPar,sat14_atco_enc1_opt2_10_16.cnf.primal.hgr,no,no,1,32,0.03,0.0298013,4.71777,cut,10499,10183,no
rKaHyPar,sat14_atco_enc1_opt2_10_16.cnf.primal.hgr,no,no,2,32,0.03,0.0298013,6.58404,cut,10564,10270,no
rKaHyPar,sat14_atco_enc1_opt2_10_16.cnf.primal.hgr,no,no,3,32,0.03,0.0298013,5.01476,cut,10706,10387,no
rKaHyPar,sat14_atco_enc1_opt2_10_16.cnf.primal.hgr,no,no,4,32,0.03,0.0298013,4.81656,cut,10653,10351,no
rKaHyPar,sat14_atco_enc1_opt2_10_16.cnf.primal.hgr,no,no,5,32,0.03,0.0298013,6.60125,cut,10773,10228,no
rKaHyPar,sat14_atco_enc1_opt2_10_16.cnf.primal.hgr,no,no,6,32,0.03,0.0298013,6.50051,cut,10723,10386,no
rKaHyPar,sat14_atco_enc1_opt2_10_16.cnf.primal.hgr,no,no,7,32,0.03,0.0298013,4.74464,cut,10839,10522,no
rKaHyPar,sat14_atco_enc1_opt2_10_16.cnf.primal.hgr,no,no,8,32,0.03,0.0298013,6.82876,cut,10613,10293,no
rKaHyPar,sat14_atco_enc1_opt2_10_16.cnf.primal.hgr,no,no,9,32,0.03,0.0298013,5.0213,cut,10704,10386,no
rKaHyPar,sat14_atco_enc1_opt2_10_16.cnf.primal.hgr,no,no,0,4,0.03,0.0298631,2.13443,cut,1161,1002,no
rKaHyPar,sat14_atco_enc1_opt2_10_16.cnf.primal.hgr,no,no,1,4,0.03,0.0215678,1.53894,cut,1067,947,no
rKaHyPar,sat14_atco_enc1_opt2_10_16.cnf.primal.hgr,no,no,2,4,0.03,0.0269598,1.36115,cut,1097,1038,no
rKaHyPar,sat14_atco_enc1_opt2_10_16.cnf.primal.hgr,no,no,3,4,0.03,0.0298631,2.16692,cut,1164,1106,no
rKaHyPar,sat14_atco_enc1_opt2_10_16.cnf.primal.hgr,no,no,4,4,0.03,0.0298631,2.847,cut,1613,1607,no
rKaHyPar,sat14_atco_enc1_opt2_10_16.cnf.primal.hgr,no,no,5,4,0.03,0.0298631,1.61549,cut,1506,1437,no
rKaHyPar,sat14_atco_enc1_opt2_10_16.cnf.primal.hgr,no,no,6,4,0.03,0.0269598,1.47552,cut,1213,1160,no
rKaHyPar,sat14_atco_enc1_opt2_10_16.cnf.primal.hgr,no,no,7,4,0.03,0.0298631,1.87885,cut,1167,1086,no
rKaHyPar,sat14_atco_enc1_opt2_10_16.cnf.primal.hgr,no,no,8,4,0.03,0.0261302,2.30915,cut,1657,1633,no
rKaHyPar,sat14_atco_enc1_opt2_10_16.cnf.primal.hgr,no,no,9,4,0.03,0.0298631,1.49257,cut,1094,978,no
rKaHyPar,sat14_atco_enc1_opt2_10_16.cnf.primal.hgr,no,no,0,64,0.03,0.0264901,8.73667,cut,17046,16193,no
rKaHyPar,sat14_atco_enc1_opt2_10_16.cnf.primal.hgr,no,no,1,64,0.03,0.0264901,8.85694,cut,17166,16352,no
rKaHyPar,sat14_atco_enc1_opt2_10_16.cnf.primal.hgr,no,no,2,64,0.03,0.0264901,12.5241,cut,17090,16350,no
rKaHyPar,sat14_atco_enc1_opt2_10_16.cnf.primal.hgr,no,no,3,64,0.03,0.0264901,8.88863,cut,16854,16314,no
rKaHyPar,sat14_atco_enc1_opt2_10_16.cnf.primal.hgr,no,no,4,64,0.03,0.0264901,8.76081,cut,17333,16416,no
rKaHyPar,sat14_atco_enc1_opt2_10_16.cnf.primal.hgr,no,no,5,64,0.03,0.0264901,8.76196,cut,17394,16367,no
rKaHyPar,sat14_atco_enc1_opt2_10_16.cnf.primal.hgr,no,no,6,64,0.03,0.0264901,12.5526,cut,17515,16426,no
rKaHyPar,sat14_atco_enc1_opt2_10_16.cnf.primal.hgr,no,no,7,64,0.03,0.0264901,8.86595,cut,17200,16469,no
rKaHyPar,sat14_atco_enc1_opt2_10_16.cnf.primal.hgr,no,no,8,64,0.03,0.0264901,8.99924,cut,16952,16322,no
rKaHyPar,sat14_atco_enc1_opt2_10_16.cnf.primal.hgr,no,no,9,64,0.03,0.0264901,8.746,cut,17394,16488,no
rKaHyPar,sat14_atco_enc1_opt2_10_16.cnf.primal.hgr,no,no,0,8,0.03,0.0298507,3.2388,cut,2303,2199,no
rKaHyPar,sat14_atco_enc1_opt2_10_16.cnf.primal.hgr,no,no,1,8,0.03,0.0298507,2.90573,cut,1590,1350,no
rKaHyPar,sat14_atco_enc1_opt2_10_16.cnf.primal.hgr,no,no,2,8,0.03,0.0298507,3.24265,cut,1705,1452,no
rKaHyPar,sat14_atco_enc1_opt2_10_16.cnf.primal.hgr,no,no,3,8,0.03,0.0298507,2.11538,cut,1635,1411,no
rKaHyPar,sat14_atco_enc1_opt2_10_16.cnf.primal.hgr,no,no,4,8,0.03,0.0298507,2.79501,cut,2855,2750,no
rKaHyPar,sat14_atco_enc1_opt2_10_16.cnf.primal.hgr,no,no,5,8,0.03,0.0298507,3.35071,cut,1726,1497,no
rKaHyPar,sat14_atco_enc1_opt2_10_16.cnf.primal.hgr,no,no,6,8,0.03,0.0298507,2.17988,cut,1707,1469,no
rKaHyPar,sat14_atco_enc1_opt2_10_16.cnf.primal.hgr,no,no,7,8,0.03,0.0298507,2.23098,cut,1842,1600,no
rKaHyPar,sat14_atco_enc1_opt2_10_16.cnf.primal.hgr,no,no,8,8,0.03,0.0298507,2.32927,cut,2076,1999,no
rKaHyPar,sat14_atco_enc1_opt2_10_16.cnf.primal.hgr,no,no,9,8,0.03,0.0298507,3.06383,cut,1727,1412,no
rKaHyPar,sat14_atco_enc2_opt1_05_21.cnf.dual.hgr,no,no,0,128,0.03,0.0291474,271.985,cut,19989,5675,no
rKaHyPar,sat14_atco_enc2_opt1_05_21.cnf.dual.hgr,no,no,1,128,0.03,0.0291474,170.218,cut,18962,5769,no
rKaHyPar,sat14_atco_enc2_opt1_05_21.cnf.dual.hgr,no,no,2,128,0.03,0.0291474,260.61,cut,19357,5749,no
rKaHyPar,sat14_atco_enc2_opt1_05_21.cnf.dual.hgr,no,no,3,128,0.03,0.0293903,174.844,cut,19933,5768,no
rKaHyPar,sat14_atco_enc2_opt1_05_21.cnf.dual.hgr,no,no,4,128,0.03,0.0293903,402.728,cut,18916,5732,no
rKaHyPar,sat14_atco_enc2_opt1_05_21.cnf.dual.hgr,no,no,5,128,0.03,0.0291474,275.96,cut,19621,5662,no
rKaHyPar,sat14_atco_enc2_opt1_05_21.cnf.dual.hgr,no,no,6,128,0.03,0.0298761,267.909,cut,18885,5652,no
rKaHyPar,sat14_atco_enc2_opt1_05_21.cnf.dual.hgr,no,no,7,128,0.03,0.0298761,181.263,cut,19502,5771,no
rKaHyPar,sat14_atco_enc2_opt1_05_21.cnf.dual.hgr,no,no,8,128,0.03,0.0291474,175.526,cut,18932,5706,no
rKaHyPar,sat14_atco_enc2_opt1_05_21.cnf.dual.hgr,no,no,9,128,0.03,0.0293903,346.135,cut,18676,5811,no
rKaHyPar,sat14_atco_enc2_opt1_05_21.cnf.dual.hgr,no,no,0,16,0.03,0.0296994,221.212,cut,4019,1453,no
rKaHyPar,sat14_atco_enc2_opt1_05_21.cnf.dual.hgr,no,no,1,16,0.03,0.0284543,212.141,cut,4142,1452,no
rKaHyPar,sat14_atco_enc2_opt1_05_21.cnf.dual.hgr,no,no,2,16,0.03,0.0286669,148.631,cut,4133,1432,no
rKaHyPar,sat14_atco_enc2_opt1_05_21.cnf.dual.hgr,no,no,3,16,0.03,0.0291224,143.506,cut,3607,1452,no
rKaHyPar,sat14_atco_enc2_opt1_05_21.cnf.dual.hgr,no,no,4,16,0.03,0.0297601,269.179,cut,3143,1414,no
rKaHyPar,sat14_atco_enc2_opt1_05_21.cnf.dual.hgr,no,no,5,16,0.03,0.0284543,141.81,cut,3547,1425,no
rKaHyPar,sat14_atco_enc2_opt1_05_21.cnf.dual.hgr,no,no,6,16,0.03,0.0289402,215.983,cut,3850,1475,no
rKaHyPar,sat14_atco_enc2_opt1_05_21.cnf.dual.hgr,no,no,7,16,0.03,0.0284543,140.098,cut,4089,1550,no
rKaHyPar,sat14_atco_enc2_opt1_05_21.cnf.dual.hgr,no,no,8,16,0.03,0.0297297,148.46,cut,4308,1460,no
rKaHyPar,sat14_atco_enc2_opt1_05_21.cnf.dual.hgr,no,no,9,16,0.03,0.0297601,176.734,cut,3473,1467,no
rKaHyPar,sat14_atco_enc2_opt1_05_21.cnf.dual.hgr,no,no,0,2,0.03,0.0274602,71.5947,cut,672,672,no
rKaHyPar,sat14_atco_enc2_opt1_05_21.cnf.dual.hgr,no,no,1,2,0.03,0.0274602,71.4109,cut,672,672,no
rKaHyPar,sat14_atco_enc2_opt1_05_21.cnf.dual.hgr,no,no,2,2,0.03,0.0274602,109.137,cut,672,672,no
rKaHyPar,sat14_atco_enc2_opt1_05_21.cnf.dual.hgr,no,no,3,2,0.03,0.0274602,71.837,cut,672,672,no
rKaHyPar,sat14_atco_enc2_opt1_05_21.cnf.dual.hgr,no,no,4,2,0.03,0.0274602,71.6709,cut,672,672,no
rKaHyPar,sat14_atco_enc2_opt1_05_21.cnf.dual.hgr,no,no,5,2,0.03,0.0274602,71.6378,cut,672,672,no
rKaHyPar,sat14_atco_enc2_opt1_05_21.cnf.dual.hgr,no,no,6,2,0.03,0.0274602,71.9208,cut,672,672,no
rKaHyPar,sat14_atco_enc2_opt1_05_21.cnf.dual.hgr,no,no,7,2,0.03,0.0274602,71.8118,cut,672,672,no
rKaHyPar,sat14_atco_enc2_opt1_05_21.cnf.dual.hgr,no,no,8,2,0.03,0.0274602,72.3163,cut,672,672,no
rKaHyPar,sat14_atco_enc2_opt1_05_21.cnf.dual.hgr,no,no,9,2,0.03,0.00205363,94.9201,cut,669,669,no
rKaHyPar,sat14_atco_enc2_opt1_05_21.cnf.dual.hgr,no,no,0,32,0.03,0.0299423,155.109,cut,5376,1818,no
rKaHyPar,sat14_atco_enc2_opt1_05_21.cnf.dual.hgr,no,no,1,32,0.03,0.0299423,148.463,cut,5715,1754,no
rKaHyPar,sat14_atco_enc2_opt1_05_21.cnf.dual.hgr,no,no,2,32,0.03,0.0299423,231.649,cut,5456,1777,no
rKaHyPar,sat14_atco_enc2_opt1_05_21.cnf.dual.hgr,no,no,3,32,0.03,0.0299423,155.469,cut,5991,1772,no
rKaHyPar,sat14_atco_enc2_opt1_05_21.cnf.dual.hgr,no,no,4,32,0.03,0.0299423,200.075,cut,5151,1800,no
rKaHyPar,sat14_atco_enc2_opt1_05_21.cnf.dual.hgr,no,no,5,32,0.03,0.0299423,230.386,cut,5284,1771,no
rKaHyPar,sat14_atco_enc2_opt1_05_21.cnf.dual.hgr,no,no,6,32,0.03,0.0299423,228.093,cut,5272,1743,no
rKaHyPar,sat14_atco_enc2_opt1_05_21.cnf.dual.hgr,no,no,7,32,0.03,0.0299423,151.537,cut,5257,1784,no
rKaHyPar,sat14_atco_enc2_opt1_05_21.cnf.dual.hgr,no,no,8,32,0.03,0.0299423,241.662,cut,5120,1752,no
rKaHyPar,sat14_atco_enc2_opt1_05_21.cnf.dual.hgr,no,no,9,32,0.03,0.0299423,151.343,cut,6628,1824,no
rKaHyPar,sat14_atco_enc2_opt1_05_21.cnf.dual.hgr,no,no,0,4,0.03,0.0232011,152.041,cut,1843,1030,no
rKaHyPar,sat14_atco_enc2_opt1_05_21.cnf.dual.hgr,no,no,1,4,0.03,0.0170895,105.016,cut,2241,1044,no
rKaHyPar,sat14_atco_enc2_opt1_05_21.cnf.dual.hgr,no,no,2,4,0.03,0.0149031,105.281,cut,2140,1038,no
rKaHyPar,sat14_atco_enc2_opt1_05_21.cnf.dual.hgr,no,no,3,4,0.03,0.0150549,157.755,cut,1635,1064,no
rKaHyPar,sat14_atco_enc2_opt1_05_21.cnf.dual.hgr,no,no,4,4,0.03,0.0223887,177.897,cut,1587,1012,no
rKaHyPar,sat14_atco_enc2_opt1_05_21.cnf.dual.hgr,no,no,5,4,0.03,0.0156698,99.7974,cut,1774,1028,no
rKaHyPar,sat14_atco_enc2_opt1_05_21.cnf.dual.hgr,no,no,6,4,0.03,0.0152143,153.206,cut,1820,1022,no
rKaHyPar,sat14_atco_enc2_opt1_05_21.cnf.dual.hgr,no,no,7,4,0.03,0.0156243,103.256,cut,1955,1059,no
rKaHyPar,sat14_atco_enc2_opt1_05_21.cnf.dual.hgr,no,no,8,4,0.03,0.0247574,158.294,cut,2037,1025,no
rKaHyPar,sat14_atco_enc2_opt1_05_21.cnf.dual.hgr,no,no,9,4,0.03,0.0283788,138.672,cut,1459,1000,no
rKaHyPar,sat14_atco_enc2_opt1_05_21.cnf.dual.hgr,no,no,0,64,0.03,0.0286651,170.859,cut,10079,3241,no
rKaHyPar,sat14_atco_enc2_opt1_05_21.cnf.dual.hgr,no,no,1,64,0.03,0.0285437,168.221,cut,9521,3240,no
rKaHyPar,sat14_atco_enc2_opt1_05_21.cnf.dual.hgr,no,no,2,64,0.03,0.0289081,252.298,cut,11730,3300,no
rKaHyPar,sat14_atco_enc2_opt1_05_21.cnf.dual.hgr,no,no,3,64,0.03,0.0298798,246.386,cut,9740,3345,no
rKaHyPar,sat14_atco_enc2_opt1_05_21.cnf.dual.hgr,no,no,4,64,0.03,0.0290295,198.838,cut,9777,3326,no
rKaHyPar,sat14_atco_enc2_opt1_05_21.cnf.dual.hgr,no,no,5,64,0.03,0.0284222,164.803,cut,9641,3263,no
rKaHyPar,sat14_atco_enc2_opt1_05_21.cnf.dual.hgr,no,no,6,64,0.03,0.0289081,246.692,cut,10549,3338,no
rKaHyPar,sat14_atco_enc2_opt1_05_21.cnf.dual.hgr,no,no,7,64,0.03,0.0269647,174.347,cut,10557,3329,no
rKaHyPar,sat14_atco_enc2_opt1_05_21.cnf.dual.hgr,no,no,8,64,0.03,0.0295154,169.709,cut,10587,3298,no
rKaHyPar,sat14_atco_enc2_opt1_05_21.cnf.dual.hgr,no,no,9,64,0.03,0.0281793,244.784,cut,10089,3362,no
rKaHyPar,sat14_atco_enc2_opt1_05_21.cnf.dual.hgr,no,no,0,8,0.03,0.0107351,192.095,cut,2702,1313,no
rKaHyPar,sat14_atco_enc2_opt1_05_21.cnf.dual.hgr,no,no,1,8,0.03,0.0285306,186.872,cut,3012,1289,no
rKaHyPar,sat14_atco_enc2_opt1_05_21.cnf.dual.hgr,no,no,2,8,0.03,0.0287736,187.535,cut,2668,1271,no
rKaHyPar,sat14_atco_enc2_opt1_05_21.cnf.dual.hgr,no,no,3,8,0.03,0.0286066,122.291,cut,3380,1292,no
rKaHyPar,sat14_atco_enc2_opt1_05_21.cnf.dual.hgr,no,no,4,8,0.03,0.0284851,147.699,cut,2722,1250,no
rKaHyPar,sat14_atco_enc2_opt1_05_21.cnf.dual.hgr,no,no,5,8,0.03,0.0205287,178.236,cut,2880,1225,no
rKaHyPar,sat14_atco_enc2_opt1_05_21.cnf.dual.hgr,no,no,6,8,0.03,0.029305,170.933,cut,2711,1305,no
rKaHyPar,sat14_atco_enc2_opt1_05_21.cnf.dual.hgr,no,no,7,8,0.03,0.0136807,121.38,cut,3307,1280,no
rKaHyPar,sat14_atco_enc2_opt1_05_21.cnf.dual.hgr,no,no,8,8,0.03,0.0289254,127.978,cut,3121,1299,no
rKaHyPar,sat14_atco_enc2_opt1_05_21.cnf.dual.hgr,no,no,9,8,0.03,0.0299579,257.355,cut,2339,1196,no
rKaHyPar,sat14_atco_enc2_opt1_05_21.cnf.hgr,no,no,0,128,0.03,0.0295119,29.6085,cut,12993,9572,no
rKaHyPar,sat14_atco_enc2_opt1_05_21.cnf.hgr,no,no,1,128,0.03,0.0295119,29.4894,cut,14000,9566,no
rKaHyPar,sat14_atco_enc2_opt1_05_21.cnf.hgr,no,no,2,128,0.03,0.0295119,29.8158,cut,13578,9679,no
rKaHyPar,sat14_atco_enc2_opt1_05_21.cnf.hgr,no,no,3,128,0.03,0.0295119,28.2934,cut,13998,9431,no
rKaHyPar,sat14_atco_enc2_opt1_05_21.cnf.hgr,no,no,4,128,0.03,0.0295119,40.5995,cut,13602,9518,no
rKaHyPar,sat14_atco_enc2_opt1_05_21.cnf.hgr,no,no,5,128,0.03,0.0295119,29.1075,cut,14025,9665,no
rKaHyPar,sat14_atco_enc2_opt1_05_21.cnf.hgr,no,no,6,128,0.03,0.0295119,41.0649,cut,13636,9175,no
rKaHyPar,sat14_atco_enc2_opt1_05_21.cnf.hgr,no,no,7,128,0.03,0.0295119,29.3472,cut,13374,9463,no
rKaHyPar,sat14_atco_enc2_opt1_05_21.cnf.hgr,no,no,8,128,0.03,0.0295119,28.3026,cut,13729,9433,no
rKaHyPar,sat14_atco_enc2_opt1_05_21.cnf.hgr,no,no,9,128,0.03,0.0295119,41.5356,cut,14062,9763,no
rKaHyPar,sat14_atco_enc2_opt1_05_21.cnf.hgr,no,no,0,16,0.03,0.0296622,27.4305,cut,3435,3217,no
rKaHyPar,sat14_atco_enc2_opt1_05_21.cnf.hgr,no,no,1,16,0.03,0.0293784,27.5199,cut,3680,3392,no
rKaHyPar,sat14_atco_enc2_opt1_05_21.cnf.hgr,no,no,2,16,0.03,0.0298041,20.0047,cut,3476,3191,no
rKaHyPar,sat14_atco_enc2_opt1_05_21.cnf.hgr,no,no,3,16,0.03,0.0298041,19.2079,cut,3740,3300,no
rKaHyPar,sat14_atco_enc2_opt1_05_21.cnf.hgr,no,no,4,16,0.03,0.0295203,28.2713,cut,3510,3230,no
rKaHyPar,sat14_atco_enc2_opt1_05_21.cnf.hgr,no,no,5,16,0.03,0.0295203,18.7527,cut,3288,3098,no
rKaHyPar,sat14_atco_enc2_opt1_05_21.cnf.hgr,no,no,6,16,0.03,0.0290945,26.5874,cut,3307,3098,no
rKaHyPar,sat14_atco_enc2_opt1_05_21.cnf.hgr,no,no,7,16,0.03,0.0298041,19.0132,cut,3155,3042,no
rKaHyPar,sat14_atco_enc2_opt1_05_21.cnf.hgr,no,no,8,16,0.03,0.0298041,25.705,cut,3399,3129,no
rKaHyPar,sat14_atco_enc2_opt1_05_21.cnf.hgr,no,no,9,16,0.03,0.0292364,18.8536,cut,3793,3302,no
rKaHyPar,sat14_atco_enc2_opt1_05_21.cnf.hgr,no,no,0,2,0.03,0.0261505,6.32419,cut,882,882,no
rKaHyPar,sat14_atco_enc2_opt1_05_21.cnf.hgr,no,no,1,2,0.03,0.0213072,6.32017,cut,761,761,no
rKaHyPar,sat14_atco_enc2_opt1_05_21.cnf.hgr,no,no,2,2,0.03,0.00384984,9.52335,cut,846,846,no
rKaHyPar,sat14_atco_enc2_opt1_05_21.cnf.hgr,no,no,3,2,0.03,0.0233651,6.02661,cut,821,821,no
rKaHyPar,sat14_atco_enc2_opt1_05_21.cnf.hgr,no,no,4,2,0.03,0.0241635,6.0388,cut,828,828,no
rKaHyPar,sat14_atco_enc2_opt1_05_21.cnf.hgr,no,no,5,2,0.03,0.0269311,8.53281,cut,892,892,no
rKaHyPar,sat14_atco_enc2_opt1_05_21.cnf.hgr,no,no,6,2,0.03,0.0224781,6.4143,cut,871,871,no
rKaHyPar,sat14_atco_enc2_opt1_05_21.cnf.hgr,no,no,7,2,0.03,0.0213781,6.14911,cut,882,882,no
rKaHyPar,sat14_atco_enc2_opt1_05_21.cnf.hgr,no,no,8,2,0.03,0.0144236,6.03906,cut,785,785,no
rKaHyPar,sat14_atco_enc2_opt1_05_21.cnf.hgr,no,no,9,2,0.03,0.0297165,7.26501,cut,869,869,no
rKaHyPar,sat14_atco_enc2_opt1_05_21.cnf.hgr,no,no,0,32,0.03,0.0298041,21.2171,cut,5323,4541,no
rKaHyPar,sat14_atco_enc2_opt1_05_21.cnf.hgr,no,no,1,32,0.03,0.0295203,22.9696,cut,5622,4493,no
rKaHyPar,sat14_atco_enc2_opt1_05_21.cnf.hgr,no,no,2,32,0.03,0.0298041,31.4988,cut,5638,4560,no
rKaHyPar,sat14_atco_enc2_opt1_05_21.cnf.hgr,no,no,3,32,0.03,0.0298041,21.9813,cut,5692,4655,no
rKaHyPar,sat14_atco_enc2_opt1_05_21.cnf.hgr,no,no,4,32,0.03,0.0266818,30.1327,cut,5918,4488,no
rKaHyPar,sat14_atco_enc2_opt1_05_21.cnf.hgr,no,no,5,32,0.03,0.0295203,31.3416,cut,5555,4455,no
rKaHyPar,sat14_atco_enc2_opt1_05_21.cnf.hgr,no,no,6,32,0.03,0.0298041,31.5458,cut,5545,4582,no
rKaHyPar,sat14_atco_enc2_opt1_05_21.cnf.hgr,no,no,7,32,0.03,0.0295203,22.3811,cut,5712,4620,no
rKaHyPar,sat14_atco_enc2_opt1_05_21.cnf.hgr,no,no,8,32,0.03,0.0298041,30.6195,cut,5781,4601,no
rKaHyPar,sat14_atco_enc2_opt1_05_21.cnf.hgr,no,no,9,32,0.03,0.0298041,22.4623,cut,5316,4383,no
rKaHyPar,sat14_atco_enc2_opt1_05_21.cnf.hgr,no,no,0,4,0.03,0.0168186,21.0851,cut,1568,1557,no
rKaHyPar,sat14_atco_enc2_opt1_05_21.cnf.hgr,no,no,1,4,0.03,0.024128,17.7099,cut,1637,1630,no
rKaHyPar,sat14_atco_enc2_opt1_05_21.cnf.hgr,no,no,2,4,0.03,0.0239151,14.6075,cut,1655,1646,no
rKaHyPar,sat14_atco_enc2_opt1_05_21.cnf.hgr,no,no,3,4,0.03,0.0284214,15.4927,cut,1588,1484,no
rKaHyPar,sat14_atco_enc2_opt1_05_21.cnf.hgr,no,no,4,4,0.03,0.0299826,13.6795,cut,1650,1643,no
rKaHyPar,sat14_atco_enc2_opt1_05_21.cnf.hgr,no,no,5,4,0.03,0.0257602,14.7339,cut,1584,1578,no
rKaHyPar,sat14_atco_enc2_opt1_05_21.cnf.hgr,no,no,6,4,0.03,0.00628038,11.8816,cut,1560,1556,no
rKaHyPar,sat14_atco_enc2_opt1_05_21.cnf.hgr,no,no,7,4,0.03,0.0147607,16.2715,cut,1399,1395,no
rKaHyPar,sat14_atco_enc2_opt1_05_21.cnf.hgr,no,no,8,4,0.03,0.0242345,15.7933,cut,1429,1423,no
rKaHyPar,sat14_atco_enc2_opt1_05_21.cnf.hgr,no,no,9,4,0.03,0.0299116,14.2189,cut,1558,1544,no
rKaHyPar,sat14_atco_enc2_opt1_05_21.cnf.hgr,no,no,0,64,0.03,0.0295119,34.6257,cut,7654,6112,no
rKaHyPar,sat14_atco_enc2_opt1_05_21.cnf.hgr,no,no,1,64,0.03,0.0289444,25.0783,cut,7443,5799,no
rKaHyPar,sat14_atco_enc2_opt1_05_21.cnf.hgr,no,no,2,64,0.03,0.0295119,36.2965,cut,7467,5990,no
rKaHyPar,sat14_atco_enc2_opt1_05_21.cnf.hgr,no,no,3,64,0.03,0.0295119,24.0995,cut,8366,6277,no
rKaHyPar,sat14_atco_enc2_opt1_05_21.cnf.hgr,no,no,4,64,0.03,0.0295119,25.368,cut,7585,5823,no
rKaHyPar,sat14_atco_enc2_opt1_05_21.cnf.hgr,no,no,5,64,0.03,0.0295119,25.4404,cut,7395,5788,no
rKaHyPar,sat14_atco_enc2_opt1_05_21.cnf.hgr,no,no,6,64,0.03,0.0295119,35.7388,cut,7343,6004,no
rKaHyPar,sat14_atco_enc2_opt1_05_21.cnf.hgr,no,no,7,64,0.03,0.0295119,24.41,cut,7712,5723,no
rKaHyPar,sat14_atco_enc2_opt1_05_21.cnf.hgr,no,no,8,64,0.03,0.0295119,24.0671,cut,7680,5784,no
rKaHyPar,sat14_atco_enc2_opt1_05_21.cnf.hgr,no,no,9,64,0.03,0.0295119,35.6711,cut,7562,5793,no
rKaHyPar,sat14_atco_enc2_opt1_05_21.cnf.hgr,no,no,0,8,0.03,0.0292364,16.409,cut,2182,2153,no
rKaHyPar,sat14_atco_enc2_opt1_05_21.cnf.hgr,no,no,1,8,0.03,0.0242691,21.687,cut,2153,2128,no
rKaHyPar,sat14_atco_enc2_opt1_05_21.cnf.hgr,no,no,2,8,0.03,0.0298751,22.877,cut,2358,2256,no
rKaHyPar,sat14_atco_enc2_opt1_05_21.cnf.hgr,no,no,3,8,0.03,0.0296622,15.9701,cut,2383,2339,no
rKaHyPar,sat14_atco_enc2_opt1_05_21.cnf.hgr,no,no,4,8,0.03,0.0297332,15.9477,cut,2425,2324,no
rKaHyPar,sat14_atco_enc2_opt1_05_21.cnf.hgr,no,no,5,8,0.03,0.0199404,21.9925,cut,2227,2209,no
rKaHyPar,sat14_atco_enc2_opt1_05_21.cnf.hgr,no,no,6,8,0.03,0.0288816,22.4643,cut,2239,2213,no
rKaHyPar,sat14_atco_enc2_opt1_05_21.cnf.hgr,no,no,7,8,0.03,0.0298751,16.2175,cut,2519,2358,no
rKaHyPar,sat14_atco_enc2_opt1_05_21.cnf.hgr,no,no,8,8,0.03,0.0295913,15.1677,cut,2222,2193,no
rKaHyPar,sat14_atco_enc2_opt1_05_21.cnf.hgr,no,no,9,8,0.03,0.0240562,16.6845,cut,2197,2134,no
rKaHyPar,sat14_atco_enc2_opt1_05_21.cnf.primal.hgr,no,no,0,128,0.03,0.0294118,40.356,cut,39443,34022,no
rKaHyPar,sat14_atco_enc2_opt1_05_21.cnf.primal.hgr,no,no,1,128,0.03,0.0294118,26.5437,cut,39536,34135,no
rKaHyPar,sat14_atco_enc2_opt1_05_21.cnf.primal.hgr,no,no,2,128,0.03,0.0294118,36.6772,cut,39144,34213,no
rKaHyPar,sat14_atco_enc2_opt1_05_21.cnf.primal.hgr,no,no,3,128,0.03,0.0294118,27.5759,cut,40322,34964,no
rKaHyPar,sat14_atco_enc2_opt1_05_21.cnf.primal.hgr,no,no,4,128,0.03,0.0294118,38.731,cut,39748,34640,no
rKaHyPar,sat14_atco_enc2_opt1_05_21.cnf.primal.hgr,no,no,5,128,0.03,0.0294118,27.8,cut,39660,34430,no
rKaHyPar,sat14_atco_enc2_opt1_05_21.cnf.primal.hgr,no,no,6,128,0.03,0.0294118,38.7679,cut,40050,35157,no
rKaHyPar,sat14_atco_enc2_opt1_05_21.cnf.primal.hgr,no,no,7,128,0.03,0.0294118,27.224,cut,39134,34106,no
rKaHyPar,sat14_atco_enc2_opt1_05_21.cnf.primal.hgr,no,no,8,128,0.03,0.0294118,26.6906,cut,39941,34811,no
rKaHyPar,sat14_atco_enc2_opt1_05_21.cnf.primal.hgr,no,no,9,128,0.03,0.0294118,37.7946,cut,38431,33561,no
rKaHyPar,sat14_atco_enc2_opt1_05_21.cnf.primal.hgr,no,no,0,16,0.03,0.0229202,20.5554,cut,5389,4901,no
rKaHyPar,sat14_atco_enc2_opt1_05_21.cnf.primal.hgr,no,no,1,16,0.03,0.0263158,20.3671,cut,5231,4859,no
rKaHyPar,sat14_atco_enc2_opt1_05_21.cnf.primal.hgr,no,no,2,16,0.03,0.0280136,14.5986,cut,5300,4889,no
rKaHyPar,sat14_atco_enc2_opt1_05_21.cnf.primal.hgr,no,no,3,16,0.03,0.0265988,14.5907,cut,5260,4918,no
rKaHyPar,sat14_atco_enc2_opt1_05_21.cnf.primal.hgr,no,no,4,16,0.03,0.0299943,17.8829,cut,13533,3861,no
rKaHyPar,sat14_atco_enc2_opt1_05_21.cnf.primal.hgr,no,no,5,16,0.03,0.0254669,14.576,cut,5248,4925,no
rKaHyPar,sat14_atco_enc2_opt1_05_21.cnf.primal.hgr,no,no,6,16,0.03,0.0260328,20.2646,cut,5383,4911,no
rKaHyPar,sat14_atco_enc2_opt1_05_21.cnf.primal.hgr,no,no,7,16,0.03,0.0299943,14.5305,cut,5353,4955,no
rKaHyPar,sat14_atco_enc2_opt1_05_21.cnf.primal.hgr,no,no,8,16,0.03,0.0299943,20.3232,cut,5416,4927,no
rKaHyPar,sat14_atco_enc2_opt1_05_21.cnf.primal.hgr,no,no,9,16,0.03,0.0251839,14.7703,cut,5375,4912,no
rKaHyPar,sat14_atco_enc2_opt1_05_21.cnf.primal.hgr,no,no,0,2,0.03,0.0298581,4.89211,cut,1606,1606,no
rKaHyPar,sat14_atco_enc2_opt1_05_21.cnf.primal.hgr,no,no,1,2,0.03,0.0244808,4.81029,cut,1591,1591,no
rKaHyPar,sat14_atco_enc2_opt1_05_21.cnf.primal.hgr,no,no,2,2,0.03,0.0244808,6.54075,cut,1591,1591,no
rKaHyPar,sat14_atco_enc2_opt1_05_21.cnf.primal.hgr,no,no,3,2,0.03,0.0243747,4.83709,cut,1609,1609,no
rKaHyPar,sat14_atco_enc2_opt1_05_21.cnf.primal.hgr,no,no,4,2,0.03,0.0188205,4.19703,cut,1496,1496,no
rKaHyPar,sat14_atco_enc2_opt1_05_21.cnf.primal.hgr,no,no,5,2,0.03,0.0244808,6.58406,cut,1593,1593,no
rKaHyPar,sat14_atco_enc2_opt1_05_21.cnf.primal.hgr,no,no,6,2,0.03,0.0240917,4.90634,cut,1607,1607,no
rKaHyPar,sat14_atco_enc2_opt1_05_21.cnf.primal.hgr,no,no,7,2,0.03,0.0233134,4.63541,cut,1613,1613,no
rKaHyPar,sat14_atco_enc2_opt1_05_21.cnf.primal.hgr,no,no,8,2,0.03,0.0243747,4.82398,cut,1607,1607,no
rKaHyPar,sat14_atco_enc2_opt1_05_21.cnf.primal.hgr,no,no,9,2,0.03,0.000530654,4.78042,cut,1631,1631,no
rKaHyPar,sat14_atco_enc2_opt1_05_21.cnf.primal.hgr,no,no,0,32,0.03,0.0299943,16.863,cut,7856,5902,no
rKaHyPar,sat14_atco_enc2_opt1_05_21.cnf.primal.hgr,no,no,1,32,0.03,0.0299943,17.0937,cut,10130,5594,no
rKaHyPar,sat14_atco_enc2_opt1_05_21.cnf.primal.hgr,no,no,2,32,0.03,0.0299943,23.3719,cut,7864,6011,no
rKaHyPar,sat14_atco_enc2_opt1_05_21.cnf.primal.hgr,no,no,3,32,0.03,0.0299943,17.0319,cut,7542,5937,no
rKaHyPar,sat14_atco_enc2_opt1_05_21.cnf.primal.hgr,no,no,4,32,0.03,0.0299943,22.1097,cut,14305,5093,no
rKaHyPar,sat14_atco_enc2_opt1_05_21.cnf.primal.hgr,no,no,5,32,0.03,0.0299943,23.7532,cut,7464,5957,no
rKaHyPar,sat14_atco_enc2_opt1_05_21.cnf.primal.hgr,no,no,6,32,0.03,0.0299943,23.8293,cut,7740,5982,no
rKaHyPar,sat14_atco_enc2_opt1_05_21.cnf.primal.hgr,no,no,7,32,0.03,0.0277306,17.1269,cut,8899,7174,no
rKaHyPar,sat14_atco_enc2_opt1_05_21.cnf.primal.hgr,no,no,8,32,0.03,0.0299943,24.2042,cut,7679,6033,no
rKaHyPar,sat14_atco_enc2_opt1_05_21.cnf.primal.hgr,no,no,9,32,0.03,0.0288625,17.1186,cut,9166,7165,no
rKaHyPar,sat14_atco_enc2_opt1_05_21.cnf.primal.hgr,no,no,0,4,0.03,0.0289373,11.7102,cut,2842,2711,no
rKaHyPar,sat14_atco_enc2_opt1_05_21.cnf.primal.hgr,no,no,1,4,0.03,0.0162021,12.0548,cut,2681,2671,no
rKaHyPar,sat14_atco_enc2_opt1_05_21.cnf.primal.hgr,no,no,2,4,0.03,0.0166973,9.13377,cut,2705,2695,no
rKaHyPar,sat14_atco_enc2_opt1_05_21.cnf.primal.hgr,no,no,3,4,0.03,0.0186784,11.8166,cut,2677,2669,no
rKaHyPar,sat14_atco_enc2_opt1_05_21.cnf.primal.hgr,no,no,4,4,0.03,0.0299986,8.49553,cut,2682,2673,no
rKaHyPar,sat14_atco_enc2_opt1_05_21.cnf.primal.hgr,no,no,5,4,0.03,0.0162021,8.63053,cut,2687,2679,no
rKaHyPar,sat14_atco_enc2_opt1_05_21.cnf.primal.hgr,no,no,6,4,0.03,0.0203764,11.7856,cut,2856,2703,no
rKaHyPar,sat14_atco_enc2_opt1_05_21.cnf.primal.hgr,no,no,7,4,0.03,0.0162021,11.6289,cut,2687,2679,no
rKaHyPar,sat14_atco_enc2_opt1_05_21.cnf.primal.hgr,no,no,8,4,0.03,0.0162021,11.9127,cut,2687,2679,no
rKaHyPar,sat14_atco_enc2_opt1_05_21.cnf.primal.hgr,no,no,9,4,0.03,0.0212962,8.94643,cut,2701,2693,no
rKaHyPar,sat14_atco_enc2_opt1_05_21.cnf.primal.hgr,no,no,0,64,0.03,0.0294118,27.6475,cut,10003,7733,no
rKaHyPar,sat14_atco_enc2_opt1_05_21.cnf.primal.hgr,no,no,1,64,0.03,0.0294118,20.1166,cut,9999,7736,no
rKaHyPar,sat14_atco_enc2_opt1_05_21.cnf.primal.hgr,no,no,2,64,0.03,0.0294118,27.571,cut,9970,7720,no
rKaHyPar,sat14_atco_enc2_opt1_05_21.cnf.primal.hgr,no,no,3,64,0.03,0.0294118,20.1779,cut,12140,9996,no
rKaHyPar,sat14_atco_enc2_opt1_05_21.cnf.primal.hgr,no,no,4,64,0.03,0.0294118,19.9387,cut,11832,7650,no
rKaHyPar,sat14_atco_enc2_opt1_05_21.cnf.primal.hgr,no,no,5,64,0.03,0.0294118,19.8647,cut,9797,7705,no
rKaHyPar,sat14_atco_enc2_opt1_05_21.cnf.primal.hgr,no,no,6,64,0.03,0.0294118,27.9638,cut,11364,9182,no
rKaHyPar,sat14_atco_enc2_opt1_05_21.cnf.primal.hgr,no,no,7,64,0.03,0.0294118,20.0981,cut,10114,7769,no
rKaHyPar,sat14_atco_enc2_opt1_05_21.cnf.primal.hgr,no,no,8,64,0.03,0.0294118,20.0578,cut,9830,7767,no
rKaHyPar,sat14_atco_enc2_opt1_05_21.cnf.primal.hgr,no,no,9,64,0.03,0.0294118,28.1055,cut,10636,7650,no
rKaHyPar,sat14_atco_enc2_opt1_05_21.cnf.primal.hgr,no,no,0,8,0.03,0.0111787,11.7776,cut,3731,3688,no
rKaHyPar,sat14_atco_enc2_opt1_05_21.cnf.primal.hgr,no,no,1,8,0.03,0.027027,16.2367,cut,3687,3644,no
rKaHyPar,sat14_atco_enc2_opt1_05_21.cnf.primal.hgr,no,no,2,8,0.03,0.0110372,16.1837,cut,3717,3674,no
rKaHyPar,sat14_atco_enc2_opt1_05_21.cnf.primal.hgr,no,no,3,8,0.03,0.027027,12.033,cut,3693,3650,no
rKaHyPar,sat14_atco_enc2_opt1_05_21.cnf.primal.hgr,no,no,4,8,0.03,0.0299986,11.7408,cut,3787,3740,no
rKaHyPar,sat14_atco_enc2_opt1_05_21.cnf.primal.hgr,no,no,5,8,0.03,0.0291496,16.5752,cut,3729,3688,no
rKaHyPar,sat14_atco_enc2_opt1_05_21.cnf.primal.hgr,no,no,6,8,0.03,0.0182539,17.1258,cut,4328,3731,no
rKaHyPar,sat14_atco_enc2_opt1_05_21.cnf.primal.hgr,no,no,7,8,0.03,0.027027,11.6984,cut,3689,3648,no
rKaHyPar,sat14_atco_enc2_opt1_05_21.cnf.primal.hgr,no,no,8,8,0.03,0.0299986,12.3739,cut,3721,3678,no
rKaHyPar,sat14_atco_enc2_opt1_05_21.cnf.primal.hgr,no,no,9,8,0.03,0.0298571,11.8887,cut,3723,3683,no
rKaHyPar,sat14_atco_enc2_opt1_15_100.cnf.dual.hgr,no,no,0,128,0.03,0.0299625,216.971,cut,21909,6969,no
rKaHyPar,sat14_atco_enc2_opt1_15_100.cnf.dual.hgr,no,no,1,128,0.03,0.0286407,255.989,cut,21439,6904,no
rKaHyPar,sat14_atco_enc2_opt1_15_100.cnf.dual.hgr,no,no,2,128,0.03,0.0299625,236.815,cut,22116,7028,no
rKaHyPar,sat14_atco_enc2_opt1_15_100.cnf.dual.hgr,no,no,3,128,0.03,0.0297422,222.704,cut,21859,6820,no
rKaHyPar,sat14_atco_enc2_opt1_15_100.cnf.dual.hgr,no,no,4,128,0.03,0.0297422,235.706,cut,21476,6895,no
rKaHyPar,sat14_atco_enc2_opt1_15_100.cnf.dual.hgr,no,no,5,128,0.03,0.0295219,257.608,cut,21513,7069,no
rKaHyPar,sat14_atco_enc2_opt1_15_100.cnf.dual.hgr,no,no,6,128,0.03,0.0299625,316.139,cut,22665,6908,no
rKaHyPar,sat14_atco_enc2_opt1_15_100.cnf.dual.hgr,no,no,7,128,0.03,0.0299625,358.549,cut,23383,6947,no
rKaHyPar,sat14_atco_enc2_opt1_15_100.cnf.dual.hgr,no,no,8,128,0.03,0.0299625,254.384,cut,22219,6859,no
rKaHyPar,sat14_atco_enc2_opt1_15_100.cnf.dual.hgr,no,no,9,128,0.03,0.0299625,392.236,cut,21206,6901,no
rKaHyPar,sat14_atco_enc2_opt1_15_100.cnf.dual.hgr,no,no,0,16,0.03,0.0248134,321.266,cut,4373,1689,no
rKaHyPar,sat14_atco_enc2_opt1_15_100.cnf.dual.hgr,no,no,1,16,0.03,0.0297981,310.213,cut,3742,1563,no
rKaHyPar,sat14_atco_enc2_opt1_15_100.cnf.dual.hgr,no,no,2,16,0.03,0.0290821,170.33,cut,4475,1808,no
rKaHyPar,sat14_atco_enc2_opt1_15_100.cnf.dual.hgr,no,no,3,16,0.03,0.0294952,208.964,cut,3852,1662,no
rKaHyPar,sat14_atco_enc2_opt1_15_100.cnf.dual.hgr,no,no,4,16,0.03,0.0296329,296.497,cut,4435,1701,no
rKaHyPar,sat14_atco_enc2_opt1_15_100.cnf.dual.hgr,no,no,5,16,0.03,0.0298532,208.217,cut,3589,1505,no
rKaHyPar,sat14_atco_enc2_opt1_15_100.cnf.dual.hgr,no,no,6,16,0.03,0.0298532,263.314,cut,4523,1681,no
rKaHyPar,sat14_atco_enc2_opt1_15_100.cnf.dual.hgr,no,no,7,16,0.03,0.0296054,254.669,cut,4173,1812,no
rKaHyPar,sat14_atco_enc2_opt1_15_100.cnf.dual.hgr,no,no,8,16,0.03,0.0290821,301.501,cut,3977,1547,no
rKaHyPar,sat14_atco_enc2_opt1_15_100.cnf.dual.hgr,no,no,9,16,0.03,0.0298808,182.001,cut,4844,1684,no
rKaHyPar,sat14_atco_enc2_opt1_15_100.cnf.dual.hgr,no,no,0,2,0.03,0.0181009,80.7214,cut,614,614,no
rKaHyPar,sat14_atco_enc2_opt1_15_100.cnf.dual.hgr,no,no,1,2,0.03,0.0061966,74.3316,cut,681,681,no
rKaHyPar,sat14_atco_enc2_opt1_15_100.cnf.dual.hgr,no,no,2,2,0.03,0.0122968,90.1576,cut,589,589,no
rKaHyPar,sat14_atco_enc2_opt1_15_100.cnf.dual.hgr,no,no,3,2,0.03,0.00760804,80.0891,cut,658,658,no
rKaHyPar,sat14_atco_enc2_opt1_15_100.cnf.dual.hgr,no,no,4,2,0.03,0.0122968,89.5893,cut,589,589,no
rKaHyPar,sat14_atco_enc2_opt1_15_100.cnf.dual.hgr,no,no,5,2,0.03,0.0107132,102.821,cut,678,678,no
rKaHyPar,sat14_atco_enc2_opt1_15_100.cnf.dual.hgr,no,no,6,2,0.03,0.0213955,78.8686,cut,615,615,no
rKaHyPar,sat14_atco_enc2_opt1_15_100.cnf.dual.hgr,no,no,7,2,0.03,0.000685068,62.3858,cut,647,647,no
rKaHyPar,sat14_atco_enc2_opt1_15_100.cnf.dual.hgr,no,no,8,2,0.03,0.000685068,62.0998,cut,647,647,no
rKaHyPar,sat14_atco_enc2_opt1_15_100.cnf.dual.hgr,no,no,9,2,0.03,0.0227656,79.0972,cut,672,672,no
rKaHyPar,sat14_atco_enc2_opt1_15_100.cnf.dual.hgr,no,no,0,32,0.03,0.027484,353.362,cut,6370,2265,no
rKaHyPar,sat14_atco_enc2_opt1_15_100.cnf.dual.hgr,no,no,1,32,0.03,0.0296872,238.117,cut,5719,2322,no
rKaHyPar,sat14_atco_enc2_opt1_15_100.cnf.dual.hgr,no,no,2,32,0.03,0.0296321,362.755,cut,6060,2255,no
rKaHyPar,sat14_atco_enc2_opt1_15_100.cnf.dual.hgr,no,no,3,32,0.03,0.0294118,359.14,cut,6797,2553,no
rKaHyPar,sat14_atco_enc2_opt1_15_100.cnf.dual.hgr,no,no,4,32,0.03,0.0282,330.86,cut,6406,2517,no
rKaHyPar,sat14_atco_enc2_opt1_15_100.cnf.dual.hgr,no,no,5,32,0.03,0.0298524,366.581,cut,6504,2387,no
rKaHyPar,sat14_atco_enc2_opt1_15_100.cnf.dual.hgr,no,no,6,32,0.03,0.0294668,177.127,cut,6788,2340,no
rKaHyPar,sat14_atco_enc2_opt1_15_100.cnf.dual.hgr,no,no,7,32,0.03,0.0298524,248.701,cut,6636,2450,no
rKaHyPar,sat14_atco_enc2_opt1_15_100.cnf.dual.hgr,no,no,8,32,0.03,0.028861,360.566,cut,5931,2403,no
rKaHyPar,sat14_atco_enc2_opt1_15_100.cnf.dual.hgr,no,no,9,32,0.03,0.0299075,250.659,cut,6371,2420,no
rKaHyPar,sat14_atco_enc2_opt1_15_100.cnf.dual.hgr,no,no,0,4,0.03,0.0165174,167.54,cut,1789,995,no
rKaHyPar,sat14_atco_enc2_opt1_15_100.cnf.dual.hgr,no,no,1,4,0.03,0.0278296,204.392,cut,1676,1008,no
rKaHyPar,sat14_atco_enc2_opt1_15_100.cnf.dual.hgr,no,no,2,4,0.03,0.029427,104.338,cut,1730,971,no
rKaHyPar,sat14_atco_enc2_opt1_15_100.cnf.dual.hgr,no,no,3,4,0.03,0.0223284,134.998,cut,1342,956,no
rKaHyPar,sat14_atco_enc2_opt1_15_100.cnf.dual.hgr,no,no,4,4,0.03,0.00109473,109.573,cut,1480,1002,no
rKaHyPar,sat14_atco_enc2_opt1_15_100.cnf.dual.hgr,no,no,5,4,0.03,0.0249998,138.962,cut,1435,1045,no
rKaHyPar,sat14_atco_enc2_opt1_15_100.cnf.dual.hgr,no,no,6,4,0.03,0.0166964,130.716,cut,1509,946,no
rKaHyPar,sat14_atco_enc2_opt1_15_100.cnf.dual.hgr,no,no,7,4,0.03,0.0185141,159.67,cut,1620,957,no
rKaHyPar,sat14_atco_enc2_opt1_15_100.cnf.dual.hgr,no,no,8,4,0.03,0.0237192,212.061,cut,1594,1008,no
rKaHyPar,sat14_atco_enc2_opt1_15_100.cnf.dual.hgr,no,no,9,4,0.03,0.0130955,153.111,cut,1511,930,no
rKaHyPar,sat14_atco_enc2_opt1_15_100.cnf.dual.hgr,no,no,0,64,0.03,0.0297422,375.259,cut,11517,4119,no
rKaHyPar,sat14_atco_enc2_opt1_15_100.cnf.dual.hgr,no,no,1,64,0.03,0.0298524,240.644,cut,10786,4077,no
rKaHyPar,sat14_atco_enc2_opt1_15_100.cnf.dual.hgr,no,no,2,64,0.03,0.0298524,209.375,cut,11468,4067,no
rKaHyPar,sat14_atco_enc2_opt1_15_100.cnf.dual.hgr,no,no,3,64,0.03,0.0298524,233.638,cut,10904,4020,no
rKaHyPar,sat14_atco_enc2_opt1_15_100.cnf.dual.hgr,no,no,4,64,0.03,0.0297422,243.422,cut,11520,4167,no
rKaHyPar,sat14_atco_enc2_opt1_15_100.cnf.dual.hgr,no,no,5,64,0.03,0.0299625,378.82,cut,10932,4206,no
rKaHyPar,sat14_atco_enc2_opt1_15_100.cnf.dual.hgr,no,no,6,64,0.03,0.0291915,327.786,cut,11893,4162,no
rKaHyPar,sat14_atco_enc2_opt1_15_100.cnf.dual.hgr,no,no,7,64,0.03,0.0291915,247.534,cut,11134,4224,no
rKaHyPar,sat14_atco_enc2_opt1_15_100.cnf.dual.hgr,no,no,8,64,0.03,0.0293016,355.925,cut,10614,4228,no
rKaHyPar,sat14_atco_enc2_opt1_15_100.cnf.dual.hgr,no,no,9,64,0.03,0.0286407,359.227,cut,11316,4130,no
rKaHyPar,sat14_atco_enc2_opt1_15_100.cnf.dual.hgr,no,no,0,8,0.03,0.0295782,169.784,cut,2587,1175,no
rKaHyPar,sat14_atco_enc2_opt1_15_100.cnf.dual.hgr,no,no,1,8,0.03,0.0296058,202.628,cut,2618,1267,no
rKaHyPar,sat14_atco_enc2_opt1_15_100.cnf.dual.hgr,no,no,2,8,0.03,0.0296746,247.675,cut,2680,1226,no
rKaHyPar,sat14_atco_enc2_opt1_15_100.cnf.dual.hgr,no,no,3,8,0.03,0.0284628,172.671,cut,2400,1173,no
rKaHyPar,sat14_atco_enc2_opt1_15_100.cnf.dual.hgr,no,no,4,8,0.03,0.0293717,140.359,cut,2494,1205,no
rKaHyPar,sat14_atco_enc2_opt1_15_100.cnf.dual.hgr,no,no,5,8,0.03,0.025695,154.949,cut,2555,1169,no
rKaHyPar,sat14_atco_enc2_opt1_15_100.cnf.dual.hgr,no,no,6,8,0.03,0.0296884,263.33,cut,2572,1304,no
rKaHyPar,sat14_atco_enc2_opt1_15_100.cnf.dual.hgr,no,no,7,8,0.03,0.0295645,154.473,cut,2598,1205,no
rKaHyPar,sat14_atco_enc2_opt1_15_100.cnf.dual.hgr,no,no,8,8,0.03,0.0291376,145.079,cut,2993,1284,no
rKaHyPar,sat14_atco_enc2_opt1_15_100.cnf.dual.hgr,no,no,9,8,0.03,0.0271822,171.04,cut,2652,1243,no
rKaHyPar,sat14_atco_enc2_opt1_15_100.cnf.hgr,no,no,0,128,0.03,0.0295082,43.9354,cut,13636,9713,no
rKaHyPar,sat14_atco_enc2_opt1_15_100.cnf.hgr,no,no,1,128,0.03,0.0295082,31.956,cut,12641,9117,no
rKaHyPar,sat14_atco_enc2_opt1_15_100.cnf.hgr,no,no,2,128,0.03,0.0295082,45.5912,cut,12640,9393,no
rKaHyPar,sat14_atco_enc2_opt1_15_100.cnf.hgr,no,no,3,128,0.03,0.0295082,31.3562,cut,13359,9997,no
rKaHyPar,sat14_atco_enc2_opt1_15_100.cnf.hgr,no,no,4,128,0.03,0.0295082,31.9413,cut,13211,9732,no
rKaHyPar,sat14_atco_enc2_opt1_15_100.cnf.hgr,no,no,5,128,0.03,0.0295082,32.2002,cut,13102,9563,no
rKaHyPar,sat14_atco_enc2_opt1_15_100.cnf.hgr,no,no,6,128,0.03,0.0295082,44.2575,cut,12782,9125,no
rKaHyPar,sat14_atco_enc2_opt1_15_100.cnf.hgr,no,no,7,128,0.03,0.0295082,45.513,cut,12277,9492,no
rKaHyPar,sat14_atco_enc2_opt1_15_100.cnf.hgr,no,no,8,128,0.03,0.0295082,30.7785,cut,13251,9800,no
rKaHyPar,sat14_atco_enc2_opt1_15_100.cnf.hgr,no,no,9,128,0.03,0.0295082,44.2792,cut,12717,9390,no
rKaHyPar,sat14_atco_enc2_opt1_15_100.cnf.hgr,no,no,0,16,0.03,0.0293716,28.261,cut,3304,2976,no
rKaHyPar,sat14_atco_enc2_opt1_15_100.cnf.hgr,no,no,1,16,0.03,0.0295082,28.9956,cut,3209,3049,no
rKaHyPar,sat14_atco_enc2_opt1_15_100.cnf.hgr,no,no,2,16,0.03,0.029918,20.8504,cut,3435,3152,no
rKaHyPar,sat14_atco_enc2_opt1_15_100.cnf.hgr,no,no,3,16,0.03,0.0297814,19.8305,cut,3225,2959,no
rKaHyPar,sat14_atco_enc2_opt1_15_100.cnf.hgr,no,no,4,16,0.03,0.029918,28.4971,cut,3336,3083,no
rKaHyPar,sat14_atco_enc2_opt1_15_100.cnf.hgr,no,no,5,16,0.03,0.0293716,20.7474,cut,3161,3024,no
rKaHyPar,sat14_atco_enc2_opt1_15_100.cnf.hgr,no,no,6,16,0.03,0.029918,28.7287,cut,3365,3060,no
rKaHyPar,sat14_atco_enc2_opt1_15_100.cnf.hgr,no,no,7,16,0.03,0.029918,28.8027,cut,3135,2949,no
rKaHyPar,sat14_atco_enc2_opt1_15_100.cnf.hgr,no,no,8,16,0.03,0.029918,28.2827,cut,3242,3004,no
rKaHyPar,sat14_atco_enc2_opt1_15_100.cnf.hgr,no,no,9,16,0.03,0.0286885,21.1317,cut,3246,3048,no
rKaHyPar,sat14_atco_enc2_opt1_15_100.cnf.hgr,no,no,0,2,0.03,0.0186653,6.81606,cut,870,870,no
rKaHyPar,sat14_atco_enc2_opt1_15_100.cnf.hgr,no,no,1,2,0.03,0.00112709,6.82864,cut,927,927,no
rKaHyPar,sat14_atco_enc2_opt1_15_100.cnf.hgr,no,no,2,2,0.03,0.0135592,9.52444,cut,927,927,no
rKaHyPar,sat14_atco_enc2_opt1_15_100.cnf.hgr,no,no,3,2,0.03,0.028792,6.58099,cut,859,859,no
rKaHyPar,sat14_atco_enc2_opt1_15_100.cnf.hgr,no,no,4,2,0.03,0.0262646,9.16675,cut,824,824,no
rKaHyPar,sat14_atco_enc2_opt1_15_100.cnf.hgr,no,no,5,2,0.03,0.000905086,9.78432,cut,896,896,no
rKaHyPar,sat14_atco_enc2_opt1_15_100.cnf.hgr,no,no,6,2,0.03,0.0229516,6.74924,cut,843,843,no
rKaHyPar,sat14_atco_enc2_opt1_15_100.cnf.hgr,no,no,7,2,0.03,0.0223539,6.72273,cut,900,900,no
rKaHyPar,sat14_atco_enc2_opt1_15_100.cnf.hgr,no,no,8,2,0.03,0.0115612,6.47326,cut,844,844,no
rKaHyPar,sat14_atco_enc2_opt1_15_100.cnf.hgr,no,no,9,2,0.03,0.0283992,6.70447,cut,868,868,no
rKaHyPar,sat14_atco_enc2_opt1_15_100.cnf.hgr,no,no,0,32,0.03,0.0295082,33.1467,cut,5042,4268,no
rKaHyPar,sat14_atco_enc2_opt1_15_100.cnf.hgr,no,no,1,32,0.03,0.0297814,24.0402,cut,4980,4157,no
rKaHyPar,sat14_atco_enc2_opt1_15_100.cnf.hgr,no,no,2,32,0.03,0.0297814,32.9793,cut,5052,4216,no
rKaHyPar,sat14_atco_enc2_opt1_15_100.cnf.hgr,no,no,3,32,0.03,0.0297814,31.7741,cut,5037,4113,no
rKaHyPar,sat14_atco_enc2_opt1_15_100.cnf.hgr,no,no,4,32,0.03,0.0297814,33.0274,cut,4989,4156,no
rKaHyPar,sat14_atco_enc2_opt1_15_100.cnf.hgr,no,no,5,32,0.03,0.0297814,34.1551,cut,5133,4256,no
rKaHyPar,sat14_atco_enc2_opt1_15_100.cnf.hgr,no,no,6,32,0.03,0.029235,23.4522,cut,4907,4191,no
rKaHyPar,sat14_atco_enc2_opt1_15_100.cnf.hgr,no,no,7,32,0.03,0.0297814,23.8011,cut,4974,4162,no
rKaHyPar,sat14_atco_enc2_opt1_15_100.cnf.hgr,no,no,8,32,0.03,0.0295082,32.7548,cut,4985,4220,no
rKaHyPar,sat14_atco_enc2_opt1_15_100.cnf.hgr,no,no,9,32,0.03,0.0297814,24.5257,cut,5086,4300,no
rKaHyPar,sat14_atco_enc2_opt1_15_100.cnf.hgr,no,no,0,4,0.03,0.0296117,17.3046,cut,1577,1568,no
rKaHyPar,sat14_atco_enc2_opt1_15_100.cnf.hgr,no,no,1,4,0.03,0.0298166,17.9243,cut,1609,1599,no
rKaHyPar,sat14_atco_enc2_opt1_15_100.cnf.hgr,no,no,2,4,0.03,0.0280747,12.2022,cut,1609,1535,no
rKaHyPar,sat14_atco_enc2_opt1_15_100.cnf.hgr,no,no,3,4,0.03,0.0293043,12.28,cut,1516,1506,no
rKaHyPar,sat14_atco_enc2_opt1_15_100.cnf.hgr,no,no,4,4,0.03,0.0191946,13.2043,cut,1507,1499,no
rKaHyPar,sat14_atco_enc2_opt1_15_100.cnf.hgr,no,no,5,4,0.03,0.0298166,12.7791,cut,1580,1575,no
rKaHyPar,sat14_atco_enc2_opt1_15_100.cnf.hgr,no,no,6,4,0.03,0.0133543,19.3478,cut,1542,1539,no
rKaHyPar,sat14_atco_enc2_opt1_15_100.cnf.hgr,no,no,7,4,0.03,0.0140374,20.3568,cut,1568,1556,no
rKaHyPar,sat14_atco_enc2_opt1_15_100.cnf.hgr,no,no,8,4,0.03,0.0216537,16.4075,cut,1475,1467,no
rKaHyPar,sat14_atco_enc2_opt1_15_100.cnf.hgr,no,no,9,4,0.03,0.026367,19.9802,cut,1588,1577,no
rKaHyPar,sat14_atco_enc2_opt1_15_100.cnf.hgr,no,no,0,64,0.03,0.0295082,37.4157,cut,7371,6046,no
rKaHyPar,sat14_atco_enc2_opt1_15_100.cnf.hgr,no,no,1,64,0.03,0.0295082,28.2858,cut,7285,5729,no
rKaHyPar,sat14_atco_enc2_opt1_15_100.cnf.hgr,no,no,2,64,0.03,0.0295082,27.3164,cut,7517,5861,no
rKaHyPar,sat14_atco_enc2_opt1_15_100.cnf.hgr,no,no,3,64,0.03,0.0295082,27.2028,cut,7538,5949,no
rKaHyPar,sat14_atco_enc2_opt1_15_100.cnf.hgr,no,no,4,64,0.03,0.0295082,26.2605,cut,7117,5764,no
rKaHyPar,sat14_atco_enc2_opt1_15_100.cnf.hgr,no,no,5,64,0.03,0.0295082,38.2411,cut,7508,5929,no
rKaHyPar,sat14_atco_enc2_opt1_15_100.cnf.hgr,no,no,6,64,0.03,0.0295082,38.1399,cut,7327,5773,no
rKaHyPar,sat14_atco_enc2_opt1_15_100.cnf.hgr,no,no,7,64,0.03,0.0295082,27.7489,cut,7334,5878,no
rKaHyPar,sat14_atco_enc2_opt1_15_100.cnf.hgr,no,no,8,64,0.03,0.0295082,37.3231,cut,7445,6109,no
rKaHyPar,sat14_atco_enc2_opt1_15_100.cnf.hgr,no,no,9,64,0.03,0.0295082,38.4576,cut,7624,6107,no
rKaHyPar,sat14_atco_enc2_opt1_15_100.cnf.hgr,no,no,0,8,0.03,0.0258197,17.4796,cut,2137,2111,no
rKaHyPar,sat14_atco_enc2_opt1_15_100.cnf.hgr,no,no,1,8,0.03,0.029918,23.1908,cut,2242,2204,no
rKaHyPar,sat14_atco_enc2_opt1_15_100.cnf.hgr,no,no,2,8,0.03,0.0187158,25.2798,cut,2332,2291,no
rKaHyPar,sat14_atco_enc2_opt1_15_100.cnf.hgr,no,no,3,8,0.03,0.0268443,15.9699,cut,2155,2138,no
rKaHyPar,sat14_atco_enc2_opt1_15_100.cnf.hgr,no,no,4,8,0.03,0.0258197,17.1161,cut,2142,2120,no
rKaHyPar,sat14_atco_enc2_opt1_15_100.cnf.hgr,no,no,5,8,0.03,0.026571,16.9628,cut,2333,2273,no
rKaHyPar,sat14_atco_enc2_opt1_15_100.cnf.hgr,no,no,6,8,0.03,0.0260929,23.3714,cut,2263,2238,no
rKaHyPar,sat14_atco_enc2_opt1_15_100.cnf.hgr,no,no,7,8,0.03,0.0299863,16.8995,cut,2397,2329,no
rKaHyPar,sat14_atco_enc2_opt1_15_100.cnf.hgr,no,no,8,8,0.03,0.0181011,16.0914,cut,2264,2235,no
rKaHyPar,sat14_atco_enc2_opt1_15_100.cnf.hgr,no,no,9,8,0.03,0.027459,16.7246,cut,2216,2184,no
rKaHyPar,sat14_atco_enc2_opt1_15_100.cnf.primal.hgr,no,no,0,128,0.03,0.0283224,29.2573,cut,48409,42900,no
rKaHyPar,sat14_atco_enc2_opt1_15_100.cnf.primal.hgr,no,no,1,128,0.03,0.0283224,28.3939,cut,48454,42397,no
rKaHyPar,sat14_atco_enc2_opt1_15_100.cnf.primal.hgr,no,no,2,128,0.03,0.0283224,29.1748,cut,48580,43223,no
rKaHyPar,sat14_atco_enc2_opt1_15_100.cnf.primal.hgr,no,no,3,128,0.03,0.0283224,28.9436,cut,50457,42511,no
rKaHyPar,sat14_atco_enc2_opt1_15_100.cnf.primal.hgr,no,no,4,128,0.03,0.0283224,30.2541,cut,48489,43376,no
rKaHyPar,sat14_atco_enc2_opt1_15_100.cnf.primal.hgr,no,no,5,128,0.03,0.0283224,28.6648,cut,48965,42482,no
rKaHyPar,sat14_atco_enc2_opt1_15_100.cnf.primal.hgr,no,no,6,128,0.03,0.0283224,28.26,cut,48134,42966,no
rKaHyPar,sat14_atco_enc2_opt1_15_100.cnf.primal.hgr,no,no,7,128,0.03,0.0283224,39.7907,cut,49155,43392,no
rKaHyPar,sat14_atco_enc2_opt1_15_100.cnf.primal.hgr,no,no,8,128,0.03,0.0283224,29.1464,cut,51004,44231,no
rKaHyPar,sat14_atco_enc2_opt1_15_100.cnf.primal.hgr,no,no,9,128,0.03,0.0283224,29.5864,cut,47428,42099,no
rKaHyPar,sat14_atco_enc2_opt1_15_100.cnf.primal.hgr,no,no,0,16,0.03,0.0171569,22.2848,cut,5008,4698,no
rKaHyPar,sat14_atco_enc2_opt1_15_100.cnf.primal.hgr,no,no,1,16,0.03,0.0223312,21.8447,cut,5025,4733,no
rKaHyPar,sat14_atco_enc2_opt1_15_100.cnf.primal.hgr,no,no,2,16,0.03,0.0299564,15.664,cut,9413,3943,no
rKaHyPar,sat14_atco_enc2_opt1_15_100.cnf.primal.hgr,no,no,3,16,0.03,0.0299564,15.9084,cut,5264,4786,no
rKaHyPar,sat14_atco_enc2_opt1_15_100.cnf.primal.hgr,no,no,4,16,0.03,0.0174292,22.0273,cut,4973,4686,no
rKaHyPar,sat14_atco_enc2_opt1_15_100.cnf.primal.hgr,no,no,5,16,0.03,0.0182462,16.3852,cut,4945,4683,no
rKaHyPar,sat14_atco_enc2_opt1_15_100.cnf.primal.hgr,no,no,6,16,0.03,0.0212418,16.038,cut,4918,4655,no
rKaHyPar,sat14_atco_enc2_opt1_15_100.cnf.primal.hgr,no,no,7,16,0.03,0.0299564,22.0961,cut,5113,4765,no
rKaHyPar,sat14_atco_enc2_opt1_15_100.cnf.primal.hgr,no,no,8,16,0.03,0.0247821,21.0954,cut,12161,3962,no
rKaHyPar,sat14_atco_enc2_opt1_15_100.cnf.primal.hgr,no,no,9,16,0.03,0.0174292,16.1843,cut,4947,4687,no
rKaHyPar,sat14_atco_enc2_opt1_15_100.cnf.primal.hgr,no,no,0,2,0.03,0.0297862,5.69211,cut,1681,1681,no
rKaHyPar,sat14_atco_enc2_opt1_15_100.cnf.primal.hgr,no,no,1,2,0.03,0.00861247,5.37814,cut,1671,1671,no
rKaHyPar,sat14_atco_enc2_opt1_15_100.cnf.primal.hgr,no,no,2,2,0.03,0.0277097,7.30637,cut,1667,1667,no
rKaHyPar,sat14_atco_enc2_opt1_15_100.cnf.primal.hgr,no,no,3,2,0.03,0.028765,5.42797,cut,1669,1669,no
rKaHyPar,sat14_atco_enc2_opt1_15_100.cnf.primal.hgr,no,no,4,2,0.03,0.0179398,7.3443,cut,1669,1669,no
rKaHyPar,sat14_atco_enc2_opt1_15_100.cnf.primal.hgr,no,no,5,2,0.03,0.0101103,8.04717,cut,1671,1671,no
rKaHyPar,sat14_atco_enc2_opt1_15_100.cnf.primal.hgr,no,no,6,2,0.03,0.0274714,5.14582,cut,1669,1669,no
rKaHyPar,sat14_atco_enc2_opt1_15_100.cnf.primal.hgr,no,no,7,2,0.03,0.0179398,5.34071,cut,1669,1669,no
rKaHyPar,sat14_atco_enc2_opt1_15_100.cnf.primal.hgr,no,no,8,2,0.03,0.0262119,5.42309,cut,1663,1663,no
rKaHyPar,sat14_atco_enc2_opt1_15_100.cnf.primal.hgr,no,no,9,2,0.03,0.0262119,7.63129,cut,1667,1667,no
rKaHyPar,sat14_atco_enc2_opt1_15_100.cnf.primal.hgr,no,no,0,32,0.03,0.0294118,26.6849,cut,7230,5825,no
rKaHyPar,sat14_atco_enc2_opt1_15_100.cnf.primal.hgr,no,no,1,32,0.03,0.0299564,18.6445,cut,7249,5883,no
rKaHyPar,sat14_atco_enc2_opt1_15_100.cnf.primal.hgr,no,no,2,32,0.03,0.0299564,16.7787,cut,15341,5133,no
rKaHyPar,sat14_atco_enc2_opt1_15_100.cnf.primal.hgr,no,no,3,32,0.03,0.0299564,26.0242,cut,7275,5891,no
rKaHyPar,sat14_atco_enc2_opt1_15_100.cnf.primal.hgr,no,no,4,32,0.03,0.0299564,25.8104,cut,7341,5946,no
rKaHyPar,sat14_atco_enc2_opt1_15_100.cnf.primal.hgr,no,no,5,32,0.03,0.0299564,23.3566,cut,16256,5178,no
rKaHyPar,sat14_atco_enc2_opt1_15_100.cnf.primal.hgr,no,no,6,32,0.03,0.0299564,18.6062,cut,7211,5882,no
rKaHyPar,sat14_atco_enc2_opt1_15_100.cnf.primal.hgr,no,no,7,32,0.03,0.0299564,19.0766,cut,7288,5993,no
rKaHyPar,sat14_atco_enc2_opt1_15_100.cnf.primal.hgr,no,no,8,32,0.03,0.0299564,24.6348,cut,13900,5320,no
rKaHyPar,sat14_atco_enc2_opt1_15_100.cnf.primal.hgr,no,no,9,32,0.03,0.0299564,18.6233,cut,7632,5890,no
rKaHyPar,sat14_atco_enc2_opt1_15_100.cnf.primal.hgr,no,no,0,4,0.03,0.0140251,13.6506,cut,2710,2698,no
rKaHyPar,sat14_atco_enc2_opt1_15_100.cnf.primal.hgr,no,no,1,4,0.03,0.00973584,13.1717,cut,2710,2698,no
rKaHyPar,sat14_atco_enc2_opt1_15_100.cnf.primal.hgr,no,no,2,4,0.03,0.016408,10.951,cut,2785,2773,no
rKaHyPar,sat14_atco_enc2_opt1_15_100.cnf.primal.hgr,no,no,3,4,0.03,0.00803377,9.54731,cut,2710,2700,no
rKaHyPar,sat14_atco_enc2_opt1_15_100.cnf.primal.hgr,no,no,4,4,0.03,0.00864651,9.5389,cut,2708,2697,no
rKaHyPar,sat14_atco_enc2_opt1_15_100.cnf.primal.hgr,no,no,5,4,0.03,0.00864651,9.64087,cut,2710,2699,no
rKaHyPar,sat14_atco_enc2_opt1_15_100.cnf.primal.hgr,no,no,6,4,0.03,0.00864651,9.50345,cut,2710,2699,no
rKaHyPar,sat14_atco_enc2_opt1_15_100.cnf.primal.hgr,no,no,7,4,0.03,0.0152505,12.9025,cut,2716,2704,no
rKaHyPar,sat14_atco_enc2_opt1_15_100.cnf.primal.hgr,no,no,8,4,0.03,0.0201525,12.198,cut,4671,2463,no
rKaHyPar,sat14_atco_enc2_opt1_15_100.cnf.primal.hgr,no,no,9,4,0.03,0.00864651,13.4728,cut,2708,2697,no
rKaHyPar,sat14_atco_enc2_opt1_15_100.cnf.primal.hgr,no,no,0,64,0.03,0.0294118,33.5384,cut,15995,13897,no
rKaHyPar,sat14_atco_enc2_opt1_15_100.cnf.primal.hgr,no,no,1,64,0.03,0.0294118,24.977,cut,15275,13087,no
rKaHyPar,sat14_atco_enc2_opt1_15_100.cnf.primal.hgr,no,no,2,64,0.03,0.0294118,24.3493,cut,15553,13262,no
rKaHyPar,sat14_atco_enc2_opt1_15_100.cnf.primal.hgr,no,no,3,64,0.03,0.0294118,22.3359,cut,15254,13129,no
rKaHyPar,sat14_atco_enc2_opt1_15_100.cnf.primal.hgr,no,no,4,64,0.03,0.0294118,22.4278,cut,15409,13242,no
rKaHyPar,sat14_atco_enc2_opt1_15_100.cnf.primal.hgr,no,no,5,64,0.03,0.0294118,30.7482,cut,15134,13123,no
rKaHyPar,sat14_atco_enc2_opt1_15_100.cnf.primal.hgr,no,no,6,64,0.03,0.0294118,32.8874,cut,15222,13182,no
rKaHyPar,sat14_atco_enc2_opt1_15_100.cnf.primal.hgr,no,no,7,64,0.03,0.0294118,30.9313,cut,15718,13333,no
rKaHyPar,sat14_atco_enc2_opt1_15_100.cnf.primal.hgr,no,no,8,64,0.03,0.0294118,29.3021,cut,21896,12301,no
rKaHyPar,sat14_atco_enc2_opt1_15_100.cnf.primal.hgr,no,no,9,64,0.03,0.0294118,31.546,cut,15231,13193,no
rKaHyPar,sat14_atco_enc2_opt1_15_100.cnf.primal.hgr,no,no,0,8,0.03,0.0284586,14.2962,cut,3665,3614,no
rKaHyPar,sat14_atco_enc2_opt1_15_100.cnf.primal.hgr,no,no,1,8,0.03,0.0288671,17.6534,cut,3658,3607,no
rKaHyPar,sat14_atco_enc2_opt1_15_100.cnf.primal.hgr,no,no,2,8,0.03,0.0291394,18.998,cut,3725,3675,no
rKaHyPar,sat14_atco_enc2_opt1_15_100.cnf.primal.hgr,no,no,3,8,0.03,0.0243736,12.8564,cut,3651,3601,no
rKaHyPar,sat14_atco_enc2_opt1_15_100.cnf.primal.hgr,no,no,4,8,0.03,0.0270969,17.5974,cut,3650,3599,no
rKaHyPar,sat14_atco_enc2_opt1_15_100.cnf.primal.hgr,no,no,5,8,0.03,0.0249183,12.7592,cut,3658,3608,no
rKaHyPar,sat14_atco_enc2_opt1_15_100.cnf.primal.hgr,no,no,6,8,0.03,0.0269608,17.7888,cut,3649,3599,no
rKaHyPar,sat14_atco_enc2_opt1_15_100.cnf.primal.hgr,no,no,7,8,0.03,0.0242375,12.8949,cut,3672,3622,no
rKaHyPar,sat14_atco_enc2_opt1_15_100.cnf.primal.hgr,no,no,8,8,0.03,0.0288671,12.8257,cut,3660,3609,no
rKaHyPar,sat14_atco_enc2_opt1_15_100.cnf.primal.hgr,no,no,9,8,0.03,0.0242375,13.6081,cut,3661,3610,no
rKaHyPar,sat14_atco_enc3_opt1_04_50.cnf.dual.hgr,no,no,0,128,0.03,0.0299206,3196.92,cut,50109,19996,no
rKaHyPar,sat14_atco_enc3_opt1_04_50.cnf.dual.hgr,no,no,1,128,0.03,0.029403,2183.16,cut,49703,19992,no
rKaHyPar,sat14_atco_enc3_opt1_04_50.cnf.dual.hgr,no,no,2,128,0.03,0.0298011,3248.18,cut,49991,20037,no
rKaHyPar,sat14_atco_enc3_opt1_04_50.cnf.dual.hgr,no,no,3,128,0.03,0.0291044,2150.73,cut,49319,19963,no
rKaHyPar,sat14_atco_enc3_opt1_04_50.cnf.dual.hgr,no,no,4,128,0.03,0.0293831,2169.97,cut,50234,20094,no
rKaHyPar,sat14_atco_enc3_opt1_04_50.cnf.dual.hgr,no,no,5,128,0.03,0.0299604,2190.51,cut,47739,19892,no
rKaHyPar,sat14_atco_enc3_opt1_04_50.cnf.dual.hgr,no,no,6,128,0.03,0.0293831,2139.28,cut,49178,19905,no
rKaHyPar,sat14_atco_enc3_opt1_04_50.cnf.dual.hgr,no,no,7,128,0.03,0.0290048,3159.87,cut,50335,20104,no
rKaHyPar,sat14_atco_enc3_opt1_04_50.cnf.dual.hgr,no,no,8,128,0.03,0.0294627,2155.14,cut,49345,20080,no
rKaHyPar,sat14_atco_enc3_opt1_04_50.cnf.dual.hgr,no,no,9,128,0.03,0.0298608,2135.33,cut,50341,19939,no
rKaHyPar,sat14_atco_enc3_opt1_04_50.cnf.dual.hgr,no,no,0,16,0.03,0.0149279,2906.1,cut,14147,6250,no
rKaHyPar,sat14_atco_enc3_opt1_04_50.cnf.dual.hgr,no,no,1,16,0.03,0.0295996,3010.61,cut,14191,6301,no
rKaHyPar,sat14_atco_enc3_opt1_04_50.cnf.dual.hgr,no,no,2,16,0.03,0.0299678,1970.86,cut,14465,6122,no
rKaHyPar,sat14_atco_enc3_opt1_04_50.cnf.dual.hgr,no,no,3,16,0.03,0.0294776,2037.75,cut,13673,6229,no
rKaHyPar,sat14_atco_enc3_opt1_04_50.cnf.dual.hgr,no,no,4,16,0.03,0.029821,2844.91,cut,14229,6192,no
rKaHyPar,sat14_atco_enc3_opt1_04_50.cnf.dual.hgr,no,no,5,16,0.03,0.0292089,1976.06,cut,13156,6144,no
rKaHyPar,sat14_atco_enc3_opt1_04_50.cnf.dual.hgr,no,no,6,16,0.03,0.0295697,1896.53,cut,15295,6301,no
rKaHyPar,sat14_atco_enc3_opt1_04_50.cnf.dual.hgr,no,no,7,16,0.03,0.029821,2933.09,cut,14254,6235,no
rKaHyPar,sat14_atco_enc3_opt1_04_50.cnf.dual.hgr,no,no,8,16,0.03,0.0250632,2942.79,cut,14045,6208,no
rKaHyPar,sat14_atco_enc3_opt1_04_50.cnf.dual.hgr,no,no,9,16,0.03,0.029174,1997.28,cut,13830,6214,no
rKaHyPar,sat14_atco_enc3_opt1_04_50.cnf.dual.hgr,no,no,0,2,0.03,0.0067075,987.947,cut,2700,2700,no
rKaHyPar,sat14_atco_enc3_opt1_04_50.cnf.dual.hgr,no,no,1,2,0.03,2.64393e-05,987.076,cut,2700,2700,no
rKaHyPar,sat14_atco_enc3_opt1_04_50.cnf.dual.hgr,no,no,2,2,0.03,2.79946e-05,1490.06,cut,2700,2700,no
rKaHyPar,sat14_atco_enc3_opt1_04_50.cnf.dual.hgr,no,no,3,2,0.03,2.67504e-05,1004.57,cut,2700,2700,no
rKaHyPar,sat14_atco_enc3_opt1_04_50.cnf.dual.hgr,no,no,4,2,0.03,0.0023307,1481.59,cut,2700,2700,no
rKaHyPar,sat14_atco_enc3_opt1_04_50.cnf.dual.hgr,no,no,5,2,0.03,0.00417244,1533.04,cut,2700,2700,no
rKaHyPar,sat14_atco_enc3_opt1_04_50.cnf.dual.hgr,no,no,6,2,0.03,0.0134931,937.066,cut,2700,2700,no
rKaHyPar,sat14_atco_enc3_opt1_04_50.cnf.dual.hgr,no,no,7,2,0.03,0.000219913,1031.23,cut,2700,2700,no
rKaHyPar,sat14_atco_enc3_opt1_04_50.cnf.dual.hgr,no,no,8,2,0.03,3.70151e-05,1006.87,cut,2700,2700,no
rKaHyPar,sat14_atco_enc3_opt1_04_50.cnf.dual.hgr,no,no,9,2,0.03,0.000291144,1526.17,cut,2700,2700,no
rKaHyPar,sat14_atco_enc3_opt1_04_50.cnf.dual.hgr,no,no,0,32,0.03,0.0290496,3103.52,cut,22263,8915,no
rKaHyPar,sat14_atco_enc3_opt1_04_50.cnf.dual.hgr,no,no,1,32,0.03,0.0298111,2128.92,cut,21262,8785,no
rKaHyPar,sat14_atco_enc3_opt1_04_50.cnf.dual.hgr,no,no,2,32,0.03,0.0288008,2064.81,cut,22316,8838,no
rKaHyPar,sat14_atco_enc3_opt1_04_50.cnf.dual.hgr,no,no,3,32,0.03,0.0288655,3051.49,cut,21513,8770,no
rKaHyPar,sat14_atco_enc3_opt1_04_50.cnf.dual.hgr,no,no,4,32,0.03,0.0297862,3134.88,cut,21777,8669,no
rKaHyPar,sat14_atco_enc3_opt1_04_50.cnf.dual.hgr,no,no,5,32,0.03,0.0285569,3062.87,cut,21338,8863,no
rKaHyPar,sat14_atco_enc3_opt1_04_50.cnf.dual.hgr,no,no,6,32,0.03,0.0281488,2056.82,cut,21984,8791,no
rKaHyPar,sat14_atco_enc3_opt1_04_50.cnf.dual.hgr,no,no,7,32,0.03,0.0283927,2062.74,cut,20992,8773,no
rKaHyPar,sat14_atco_enc3_opt1_04_50.cnf.dual.hgr,no,no,8,32,0.03,0.0284126,3096.59,cut,20517,8705,no
rKaHyPar,sat14_atco_enc3_opt1_04_50.cnf.dual.hgr,no,no,9,32,0.03,0.0289401,2077.04,cut,21694,8832,no
rKaHyPar,sat14_atco_enc3_opt1_04_50.cnf.dual.hgr,no,no,0,4,0.03,0.014304,2298.4,cut,4878,4320,no
rKaHyPar,sat14_atco_enc3_opt1_04_50.cnf.dual.hgr,no,no,1,4,0.03,0.00106628,2332.57,cut,5060,4320,no
rKaHyPar,sat14_atco_enc3_opt1_04_50.cnf.dual.hgr,no,no,2,4,0.03,0.00353043,1486.75,cut,6282,4320,no
rKaHyPar,sat14_atco_enc3_opt1_04_50.cnf.dual.hgr,no,no,3,4,0.03,0.000959281,1588.94,cut,5004,4320,no
rKaHyPar,sat14_atco_enc3_opt1_04_50.cnf.dual.hgr,no,no,4,4,0.03,0.000798157,1578.4,cut,4899,4320,no
rKaHyPar,sat14_atco_enc3_opt1_04_50.cnf.dual.hgr,no,no,5,4,0.03,0.00718279,1622.56,cut,5530,4320,no
rKaHyPar,sat14_atco_enc3_opt1_04_50.cnf.dual.hgr,no,no,6,4,0.03,0.0119661,2242.88,cut,6930,4320,no
rKaHyPar,sat14_atco_enc3_opt1_04_50.cnf.dual.hgr,no,no,7,4,0.03,0.00344644,2364.77,cut,4870,4320,no
rKaHyPar,sat14_atco_enc3_opt1_04_50.cnf.dual.hgr,no,no,8,4,0.03,0.00360073,2349.86,cut,4922,4320,no
rKaHyPar,sat14_atco_enc3_opt1_04_50.cnf.dual.hgr,no,no,9,4,0.03,0.000987898,2330.67,cut,4934,4320,no
rKaHyPar,sat14_atco_enc3_opt1_04_50.cnf.dual.hgr,no,no,0,64,0.03,0.0299305,3114.5,cut,32629,12713,no
rKaHyPar,sat14_atco_enc3_opt1_04_50.cnf.dual.hgr,no,no,1,64,0.03,0.0299206,2116.11,cut,31213,12459,no
rKaHyPar,sat14_atco_enc3_opt1_04_50.cnf.dual.hgr,no,no,3,64,0.03,0.0298907,2106.14,cut,32457,12628,no
rKaHyPar,sat14_atco_enc3_opt1_04_50.cnf.dual.hgr,no,no,4,64,0.03,0.0299405,2065.52,cut,33126,12648,no
rKaHyPar,sat14_atco_enc3_opt1_04_50.cnf.dual.hgr,no,no,5,64,0.03,0.0299206,3111.82,cut,31839,12539,no
rKaHyPar,sat14_atco_enc3_opt1_04_50.cnf.dual.hgr,no,no,6,64,0.03,0.0295722,3074.76,cut,32035,12616,no
rKaHyPar,sat14_atco_enc3_opt1_04_50.cnf.dual.hgr,no,no,7,64,0.03,0.0298907,3179.14,cut,32329,12739,no
rKaHyPar,sat14_atco_enc3_opt1_04_50.cnf.dual.hgr,no,no,8,64,0.03,0.0297016,3155.37,cut,32053,12719,no
rKaHyPar,sat14_atco_enc3_opt1_04_50.cnf.dual.hgr,no,no,9,64,0.03,0.0297514,3104.97,cut,31638,12555,no
rKaHyPar,sat14_atco_enc3_opt1_04_50.cnf.dual.hgr,no,no,0,8,0.03,0.0299791,1931.73,cut,10111,5101,no
rKaHyPar,sat14_atco_enc3_opt1_04_50.cnf.dual.hgr,no,no,1,8,0.03,0.0298795,2693.9,cut,9730,5110,no
rKaHyPar,sat14_atco_enc3_opt1_04_50.cnf.dual.hgr,no,no,2,8,0.03,0.0298783,2678.51,cut,11041,5068,no
rKaHyPar,sat14_atco_enc3_opt1_04_50.cnf.dual.hgr,no,no,3,8,0.03,0.0297949,1797.91,cut,9407,5114,no
rKaHyPar,sat14_atco_enc3_opt1_04_50.cnf.dual.hgr,no,no,4,8,0.03,0.0297949,2675.69,cut,9209,5213,no
rKaHyPar,sat14_atco_enc3_opt1_04_50.cnf.dual.hgr,no,no,5,8,0.03,0.0298684,1777.41,cut,9250,5167,no
rKaHyPar,sat14_atco_enc3_opt1_04_50.cnf.dual.hgr,no,no,6,8,0.03,0.029882,2594.97,cut,9193,5134,no
rKaHyPar,sat14_atco_enc3_opt1_04_50.cnf.dual.hgr,no,no,7,8,0.03,0.0297949,1740.7,cut,11636,5128,no
rKaHyPar,sat14_atco_enc3_opt1_04_50.cnf.dual.hgr,no,no,8,8,0.03,0.0297987,1804.01,cut,9507,5083,no
rKaHyPar,sat14_atco_enc3_opt1_04_50.cnf.dual.hgr,no,no,9,8,0.03,0.0298733,1763.98,cut,9103,5122,no
rKaHyPar,sat14_atco_enc3_opt1_04_50.cnf.hgr,no,no,0,128,0.03,0.0299929,1962.68,cut,132026,110104,no
rKaHyPar,sat14_atco_enc3_opt1_04_50.cnf.hgr,no,no,1,128,0.03,0.0295168,2002.4,cut,131056,111651,no
rKaHyPar,sat14_atco_enc3_opt1_04_50.cnf.hgr,no,no,2,128,0.03,0.0294374,1984.58,cut,126220,106864,no
rKaHyPar,sat14_atco_enc3_opt1_04_50.cnf.hgr,no,no,3,128,0.03,0.0299929,1975.83,cut,126085,105806,no
rKaHyPar,sat14_atco_enc3_opt1_04_50.cnf.hgr,no,no,4,128,0.03,0.0298738,2000.39,cut,125491,106124,no
rKaHyPar,sat14_atco_enc3_opt1_04_50.cnf.hgr,no,no,5,128,0.03,0.0298738,2807.7,cut,128503,107768,no
rKaHyPar,sat14_atco_enc3_opt1_04_50.cnf.hgr,no,no,6,128,0.03,0.0299929,1981.11,cut,127180,107515,no
rKaHyPar,sat14_atco_enc3_opt1_04_50.cnf.hgr,no,no,7,128,0.03,0.0299929,2791.11,cut,127111,107219,no
rKaHyPar,sat14_atco_enc3_opt1_04_50.cnf.hgr,no,no,8,128,0.03,0.0299929,1943.58,cut,128689,106749,no
rKaHyPar,sat14_atco_enc3_opt1_04_50.cnf.hgr,no,no,9,128,0.03,0.0299135,1957.18,cut,132350,110194,no
rKaHyPar,sat14_atco_enc3_opt1_04_50.cnf.hgr,no,no,0,16,0.03,0.0297205,2741.71,cut,33128,20710,no
rKaHyPar,sat14_atco_enc3_opt1_04_50.cnf.hgr,no,no,1,16,0.03,0.0298842,2818.7,cut,33511,21338,no
rKaHyPar,sat14_atco_enc3_opt1_04_50.cnf.hgr,no,no,2,16,0.03,0.0285799,2131.92,cut,31896,20078,no
rKaHyPar,sat14_atco_enc3_opt1_04_50.cnf.hgr,no,no,3,16,0.03,0.0293288,2194.02,cut,32793,21441,no
rKaHyPar,sat14_atco_enc3_opt1_04_50.cnf.hgr,no,no,4,16,0.03,0.0299883,3247.97,cut,34169,21902,no
rKaHyPar,sat14_atco_enc3_opt1_04_50.cnf.hgr,no,no,5,16,0.03,0.0276178,2925.11,cut,32985,19964,no
rKaHyPar,sat14_atco_enc3_opt1_04_50.cnf.hgr,no,no,6,16,0.03,0.0291304,2188.91,cut,31689,19328,no
rKaHyPar,sat14_atco_enc3_opt1_04_50.cnf.hgr,no,no,7,16,0.03,0.0297503,2709.02,cut,31345,18523,no
rKaHyPar,sat14_atco_enc3_opt1_04_50.cnf.hgr,no,no,8,16,0.03,0.0299487,2235.92,cut,32291,19528,no
rKaHyPar,sat14_atco_enc3_opt1_04_50.cnf.hgr,no,no,9,16,0.03,0.0296759,2080.91,cut,32651,20926,no
rKaHyPar,sat14_atco_enc3_opt1_04_50.cnf.hgr,no,no,0,2,0.03,0.00357497,363.716,cut,1980,1980,no
rKaHyPar,sat14_atco_enc3_opt1_04_50.cnf.hgr,no,no,1,2,0.03,0.000192789,362.056,cut,1980,1980,no
rKaHyPar,sat14_atco_enc3_opt1_04_50.cnf.hgr,no,no,2,2,0.03,0.00405044,361.522,cut,1980,1980,no
rKaHyPar,sat14_atco_enc3_opt1_04_50.cnf.hgr,no,no,3,2,0.03,0.00405044,359.328,cut,1980,1980,no
rKaHyPar,sat14_atco_enc3_opt1_04_50.cnf.hgr,no,no,4,2,0.03,0.00294081,517.017,cut,1980,1980,no
rKaHyPar,sat14_atco_enc3_opt1_04_50.cnf.hgr,no,no,5,2,0.03,0.00404982,383.55,cut,1980,1980,no
rKaHyPar,sat14_atco_enc3_opt1_04_50.cnf.hgr,no,no,6,2,0.03,0.00405106,353.981,cut,1980,1980,no
rKaHyPar,sat14_atco_enc3_opt1_04_50.cnf.hgr,no,no,7,2,0.03,0.00357497,363.713,cut,1980,1980,no
rKaHyPar,sat14_atco_enc3_opt1_04_50.cnf.hgr,no,no,8,2,0.03,0.000827569,490.858,cut,1980,1980,no
rKaHyPar,sat14_atco_enc3_opt1_04_50.cnf.hgr,no,no,9,2,0.03,0.00357497,501.167,cut,1980,1980,no
rKaHyPar,sat14_atco_enc3_opt1_04_50.cnf.hgr,no,no,0,32,0.03,0.0296361,2797.98,cut,53025,39085,no
rKaHyPar,sat14_atco_enc3_opt1_04_50.cnf.hgr,no,no,1,32,0.03,0.0299832,1826.49,cut,51776,37897,no
rKaHyPar,sat14_atco_enc3_opt1_04_50.cnf.hgr,no,no,2,32,0.03,0.0297551,1973.94,cut,52551,38651,no
rKaHyPar,sat14_atco_enc3_opt1_04_50.cnf.hgr,no,no,3,32,0.03,0.0291203,2488.59,cut,51597,36842,no
rKaHyPar,sat14_atco_enc3_opt1_04_50.cnf.hgr,no,no,4,32,0.03,0.0298642,2492.23,cut,51382,37105,no
rKaHyPar,sat14_atco_enc3_opt1_04_50.cnf.hgr,no,no,5,32,0.03,0.0299832,2803.24,cut,53437,38582,no
rKaHyPar,sat14_atco_enc3_opt1_04_50.cnf.hgr,no,no,6,32,0.03,0.0293782,1844.17,cut,52188,36943,no
rKaHyPar,sat14_atco_enc3_opt1_04_50.cnf.hgr,no,no,7,32,0.03,0.029894,1862.31,cut,54082,39398,no
rKaHyPar,sat14_atco_enc3_opt1_04_50.cnf.hgr,no,no,8,32,0.03,0.0298543,2479.2,cut,50128,35485,no
rKaHyPar,sat14_atco_enc3_opt1_04_50.cnf.hgr,no,no,9,32,0.03,0.0299436,1787.53,cut,49900,36336,no
rKaHyPar,sat14_atco_enc3_opt1_04_50.cnf.hgr,no,no,1,4,0.03,0.0162637,1111.21,cut,7794,4614,no
rKaHyPar,sat14_atco_enc3_opt1_04_50.cnf.hgr,no,no,2,4,0.03,0.00831164,1077.65,cut,7750,4564,no
rKaHyPar,sat14_atco_enc3_opt1_04_50.cnf.hgr,no,no,3,4,0.03,0.00419425,1129.32,cut,8218,4564,no
rKaHyPar,sat14_atco_enc3_opt1_04_50.cnf.hgr,no,no,4,4,0.03,0.0298743,1193.01,cut,8002,4582,no
rKaHyPar,sat14_atco_enc3_opt1_04_50.cnf.hgr,no,no,5,4,0.03,0.00693422,1117.51,cut,7984,4564,no
rKaHyPar,sat14_atco_enc3_opt1_04_50.cnf.hgr,no,no,6,4,0.03,0.0286159,1183.68,cut,8582,4622,no
rKaHyPar,sat14_atco_enc3_opt1_04_50.cnf.hgr,no,no,7,4,0.03,0.0286159,969.956,cut,8014,5134,no
rKaHyPar,sat14_atco_enc3_opt1_04_50.cnf.hgr,no,no,8,4,0.03,0.0183057,1720.51,cut,8127,4617,no
rKaHyPar,sat14_atco_enc3_opt1_04_50.cnf.hgr,no,no,9,4,0.03,0.023074,1472.89,cut,8562,4602,no
rKaHyPar,sat14_atco_enc3_opt1_04_50.cnf.hgr,no,no,0,64,0.03,0.0289415,1840.6,cut,80224,62195,no
rKaHyPar,sat14_atco_enc3_opt1_04_50.cnf.hgr,no,no,1,64,0.03,0.0299929,1931.11,cut,72784,63210,no
rKaHyPar,sat14_atco_enc3_opt1_04_50.cnf.hgr,no,no,3,64,0.03,0.0299929,2657,cut,80103,63525,no
rKaHyPar,sat14_atco_enc3_opt1_04_50.cnf.hgr,no,no,4,64,0.03,0.0292986,1913.89,cut,80089,63769,no
rKaHyPar,sat14_atco_enc3_opt1_04_50.cnf.hgr,no,no,5,64,0.03,0.0292589,2722.5,cut,81279,62493,no
rKaHyPar,sat14_atco_enc3_opt1_04_50.cnf.hgr,no,no,6,64,0.03,0.0299929,1846.7,cut,78469,62067,no
rKaHyPar,sat14_atco_enc3_opt1_04_50.cnf.hgr,no,no,9,64,0.03,0.0299929,2572.75,cut,79217,61772,no
rKaHyPar,sat14_atco_enc3_opt1_04_50.cnf.hgr,no,no,0,8,0.03,0.0297801,2293.34,cut,17860,8571,no
rKaHyPar,sat14_atco_enc3_opt1_04_50.cnf.hgr,no,no,1,8,0.03,0.0299859,2240.91,cut,18605,8276,no
rKaHyPar,sat14_atco_enc3_opt1_04_50.cnf.hgr,no,no,2,8,0.03,0.0293288,2259.63,cut,19021,8391,no
rKaHyPar,sat14_atco_enc3_opt1_04_50.cnf.hgr,no,no,3,8,0.03,0.0295395,2318.44,cut,19497,9311,no
rKaHyPar,sat14_atco_enc3_opt1_04_50.cnf.hgr,no,no,5,8,0.03,0.0298173,1761.61,cut,19029,9292,no
rKaHyPar,sat14_atco_enc3_opt1_04_50.cnf.hgr,no,no,6,8,0.03,0.0261921,1559.76,cut,18703,8812,no
rKaHyPar,sat14_atco_enc3_opt1_04_50.cnf.hgr,no,no,7,8,0.03,0.0299958,1694.36,cut,17837,7998,no
rKaHyPar,sat14_atco_enc3_opt1_04_50.cnf.hgr,no,no,8,8,0.03,0.0299983,1634.64,cut,18776,8572,no
rKaHyPar,sat14_atco_enc3_opt1_04_50.cnf.hgr,no,no,9,8,0.03,0.023834,2447.63,cut,18910,9031,no
rKaHyPar,sat14_atco_enc3_opt1_04_50.cnf.primal.hgr,no,no,0,128,0.03,0.0299929,1014.5,cut,175743,162435,no
rKaHyPar,sat14_atco_enc3_opt1_04_50.cnf.primal.hgr,no,no,1,128,0.03,0.0299929,741.581,cut,184608,171163,no
rKaHyPar,sat14_atco_enc3_opt1_04_50.cnf.primal.hgr,no,no,2,128,0.03,0.0299929,1074.88,cut,184153,170024,no
rKaHyPar,sat14_atco_enc3_opt1_04_50.cnf.primal.hgr,no,no,3,128,0.03,0.0299929,750.135,cut,180622,166998,no
rKaHyPar,sat14_atco_enc3_opt1_04_50.cnf.primal.hgr,no,no,4,128,0.03,0.0299929,763.518,cut,177754,164128,no
rKaHyPar,sat14_atco_enc3_opt1_04_50.cnf.primal.hgr,no,no,5,128,0.03,0.0299929,1109.64,cut,177555,163960,no
rKaHyPar,sat14_atco_enc3_opt1_04_50.cnf.primal.hgr,no,no,6,128,0.03,0.0299929,775.357,cut,180238,165653,no
rKaHyPar,sat14_atco_enc3_opt1_04_50.cnf.primal.hgr,no,no,7,128,0.03,0.0299929,1024.97,cut,177564,164014,no
rKaHyPar,sat14_atco_enc3_opt1_04_50.cnf.primal.hgr,no,no,8,128,0.03,0.0298342,813.184,cut,184576,170957,no
rKaHyPar,sat14_atco_enc3_opt1_04_50.cnf.primal.hgr,no,no,9,128,0.03,0.0299929,788.614,cut,179477,164668,no
rKaHyPar,sat14_atco_enc3_opt1_04_50.cnf.primal.hgr,no,no,0,16,0.03,0.0291997,1202.08,cut,33121,20629,no
rKaHyPar,sat14_atco_enc3_opt1_04_50.cnf.primal.hgr,no,no,1,16,0.03,0.0225345,1298.75,cut,32461,20605,no
rKaHyPar,sat14_atco_enc3_opt1_04_50.cnf.primal.hgr,no,no,2,16,0.03,0.0297948,1049.81,cut,32051,21124,no
rKaHyPar,sat14_atco_enc3_opt1_04_50.cnf.primal.hgr,no,no,3,16,0.03,0.0295468,911.233,cut,32107,20029,no
rKaHyPar,sat14_atco_enc3_opt1_04_50.cnf.primal.hgr,no,no,4,16,0.03,0.0162066,1470.76,cut,31255,19118,no
rKaHyPar,sat14_atco_enc3_opt1_04_50.cnf.primal.hgr,no,no,5,16,0.03,0.0183292,1359.47,cut,32881,21635,no
rKaHyPar,sat14_atco_enc3_opt1_04_50.cnf.primal.hgr,no,no,6,16,0.03,0.0182399,974.484,cut,31777,19006,no
rKaHyPar,sat14_atco_enc3_opt1_04_50.cnf.primal.hgr,no,no,7,16,0.03,0.0286145,1262.92,cut,32074,20940,no
rKaHyPar,sat14_atco_enc3_opt1_04_50.cnf.primal.hgr,no,no,8,16,0.03,0.0255795,834.763,cut,30455,18275,no
rKaHyPar,sat14_atco_enc3_opt1_04_50.cnf.primal.hgr,no,no,9,16,0.03,0.0217212,983.27,cut,31074,20166,no
rKaHyPar,sat14_atco_enc3_opt1_04_50.cnf.primal.hgr,no,no,0,2,0.03,0.0125989,135.085,cut,1440,1440,no
rKaHyPar,sat14_atco_enc3_opt1_04_50.cnf.primal.hgr,no,no,1,2,0.03,0.0125976,145.206,cut,1440,1440,no
rKaHyPar,sat14_atco_enc3_opt1_04_50.cnf.primal.hgr,no,no,2,2,0.03,0.0125976,188.933,cut,1440,1440,no
rKaHyPar,sat14_atco_enc3_opt1_04_50.cnf.primal.hgr,no,no,3,2,0.03,0.00874061,142.497,cut,1980,1980,no
rKaHyPar,sat14_atco_enc3_opt1_04_50.cnf.primal.hgr,no,no,4,2,0.03,0.00293957,295.249,cut,1980,1980,no
rKaHyPar,sat14_atco_enc3_opt1_04_50.cnf.primal.hgr,no,no,5,2,0.03,0.0125976,212.279,cut,1440,1440,no
rKaHyPar,sat14_atco_enc3_opt1_04_50.cnf.primal.hgr,no,no,6,2,0.03,0.0169853,197.17,cut,1740,1740,no
rKaHyPar,sat14_atco_enc3_opt1_04_50.cnf.primal.hgr,no,no,7,2,0.03,0.0125989,160.915,cut,1440,1440,no
rKaHyPar,sat14_atco_enc3_opt1_04_50.cnf.primal.hgr,no,no,8,2,0.03,0.0125989,295.085,cut,1440,1440,no
rKaHyPar,sat14_atco_enc3_opt1_04_50.cnf.primal.hgr,no,no,9,2,0.03,0.0125989,295.96,cut,1440,1440,no
rKaHyPar,sat14_atco_enc3_opt1_04_50.cnf.primal.hgr,no,no,0,32,0.03,0.0286836,1125.9,cut,50091,37149,no
rKaHyPar,sat14_atco_enc3_opt1_04_50.cnf.primal.hgr,no,no,1,32,0.03,0.0279299,784.718,cut,54942,42405,no
rKaHyPar,sat14_atco_enc3_opt1_04_50.cnf.primal.hgr,no,no,2,32,0.03,0.0284258,797.863,cut,51302,38722,no
rKaHyPar,sat14_atco_enc3_opt1_04_50.cnf.primal.hgr,no,no,3,32,0.03,0.0298342,1117.45,cut,52291,39737,no
rKaHyPar,sat14_atco_enc3_opt1_04_50.cnf.primal.hgr,no,no,4,32,0.03,0.0291796,1103.37,cut,52665,39978,no
rKaHyPar,sat14_atco_enc3_opt1_04_50.cnf.primal.hgr,no,no,5,32,0.03,0.0293779,1204.56,cut,49179,36489,no
rKaHyPar,sat14_atco_enc3_opt1_04_50.cnf.primal.hgr,no,no,6,32,0.03,0.0298937,887.892,cut,53367,40780,no
rKaHyPar,sat14_atco_enc3_opt1_04_50.cnf.primal.hgr,no,no,7,32,0.03,0.0278307,863.452,cut,52437,39705,no
rKaHyPar,sat14_atco_enc3_opt1_04_50.cnf.primal.hgr,no,no,8,32,0.03,0.0282274,1181.91,cut,53395,40816,no
rKaHyPar,sat14_atco_enc3_opt1_04_50.cnf.primal.hgr,no,no,9,32,0.03,0.0299929,973.202,cut,51939,39228,no
rKaHyPar,sat14_atco_enc3_opt1_04_50.cnf.primal.hgr,no,no,1,4,0.03,0.0183119,464.791,cut,7795,4615,no
rKaHyPar,sat14_atco_enc3_opt1_04_50.cnf.primal.hgr,no,no,2,4,0.03,0.0298892,632.262,cut,7915,4735,no
rKaHyPar,sat14_atco_enc3_opt1_04_50.cnf.primal.hgr,no,no,3,4,0.03,0.0196112,523.912,cut,8321,4601,no
rKaHyPar,sat14_atco_enc3_opt1_04_50.cnf.primal.hgr,no,no,4,4,0.03,0.0250043,526.243,cut,7483,4603,no
rKaHyPar,sat14_atco_enc3_opt1_04_50.cnf.primal.hgr,no,no,5,4,0.03,0.0240051,500.595,cut,7517,4637,no
rKaHyPar,sat14_atco_enc3_opt1_04_50.cnf.primal.hgr,no,no,6,4,0.03,0.0221702,711.077,cut,8799,4839,no
rKaHyPar,sat14_atco_enc3_opt1_04_50.cnf.primal.hgr,no,no,7,4,0.03,0.0108904,435.76,cut,7787,4607,no
rKaHyPar,sat14_atco_enc3_opt1_04_50.cnf.primal.hgr,no,no,8,4,0.03,0.0285998,660.458,cut,7713,4833,no
rKaHyPar,sat14_atco_enc3_opt1_04_50.cnf.primal.hgr,no,no,9,4,0.03,0.0251928,692.355,cut,7670,4790,no
rKaHyPar,sat14_atco_enc3_opt1_04_50.cnf.primal.hgr,no,no,0,64,0.03,0.0299929,743.339,cut,99034,86263,no
rKaHyPar,sat14_atco_enc3_opt1_04_50.cnf.primal.hgr,no,no,1,64,0.03,0.0297548,764.322,cut,99410,86379,no
rKaHyPar,sat14_atco_enc3_opt1_04_50.cnf.primal.hgr,no,no,3,64,0.03,0.0299929,1068.76,cut,95667,82741,no
rKaHyPar,sat14_atco_enc3_opt1_04_50.cnf.primal.hgr,no,no,4,64,0.03,0.0299532,794.398,cut,100125,87109,no
rKaHyPar,sat14_atco_enc3_opt1_04_50.cnf.primal.hgr,no,no,5,64,0.03,0.0299532,1178.55,cut,92548,79728,no
rKaHyPar,sat14_atco_enc3_opt1_04_50.cnf.primal.hgr,no,no,6,64,0.03,0.0297548,802.349,cut,99849,86793,no
rKaHyPar,sat14_atco_enc3_opt1_04_50.cnf.primal.hgr,no,no,9,64,0.03,0.0299135,1183.9,cut,96513,83585,no
rKaHyPar,sat14_atco_enc3_opt1_04_50.cnf.primal.hgr,no,no,0,8,0.03,0.0299586,863.038,cut,17378,7850,no
rKaHyPar,sat14_atco_enc3_opt1_04_50.cnf.primal.hgr,no,no,1,8,0.03,0.0298842,883.376,cut,17987,8939,no
rKaHyPar,sat14_atco_enc3_opt1_04_50.cnf.primal.hgr,no,no,2,8,0.03,0.0299536,1059.15,cut,17691,8820,no
rKaHyPar,sat14_atco_enc3_opt1_04_50.cnf.primal.hgr,no,no,3,8,0.03,0.0298842,995.342,cut,17233,7867,no
rKaHyPar,sat14_atco_enc3_opt1_04_50.cnf.primal.hgr,no,no,5,8,0.03,0.0299536,747.992,cut,18287,8940,no
rKaHyPar,sat14_atco_enc3_opt1_04_50.cnf.primal.hgr,no,no,6,8,0.03,0.0299239,885.463,cut,17983,8807,no
rKaHyPar,sat14_atco_enc3_opt1_04_50.cnf.primal.hgr,no,no,7,8,0.03,0.0296759,742.492,cut,17757,8523,no
rKaHyPar,sat14_atco_enc3_opt1_04_50.cnf.primal.hgr,no,no,8,8,0.03,0.0298693,857.888,cut,17943,8883,no
rKaHyPar,sat14_atco_enc3_opt1_04_50.cnf.primal.hgr,no,no,9,8,0.03,0.0286444,1082.66,cut,18280,9036,no
rKaHyPar,sat14_atco_enc3_opt2_05_21.cnf.dual.hgr,no,no,0,128,0.03,0.0281086,1669.98,cut,53956,20931,no
rKaHyPar,sat14_atco_enc3_opt2_05_21.cnf.dual.hgr,no,no,1,128,0.03,0.0298559,2467.85,cut,54536,21075,no
rKaHyPar,sat14_atco_enc3_opt2_05_21.cnf.dual.hgr,no,no,2,128,0.03,0.0297912,1693.31,cut,54479,20704,no
rKaHyPar,sat14_atco_enc3_opt2_05_21.cnf.dual.hgr,no,no,3,128,0.03,0.0299422,1727.61,cut,51505,20745,no
rKaHyPar,sat14_atco_enc3_opt2_05_21.cnf.dual.hgr,no,no,4,128,0.03,0.029597,2425.92,cut,55034,20919,no
rKaHyPar,sat14_atco_enc3_opt2_05_21.cnf.dual.hgr,no,no,5,128,0.03,0.0288851,2497.76,cut,52796,20832,no
rKaHyPar,sat14_atco_enc3_opt2_05_21.cnf.dual.hgr,no,no,6,128,0.03,0.0297912,1707.44,cut,53891,21017,no
rKaHyPar,sat14_atco_enc3_opt2_05_21.cnf.dual.hgr,no,no,7,128,0.03,0.0299638,2454.52,cut,54196,20845,no
rKaHyPar,sat14_atco_enc3_opt2_05_21.cnf.dual.hgr,no,no,8,128,0.03,0.0299206,1732.76,cut,52705,20792,no
rKaHyPar,sat14_atco_enc3_opt2_05_21.cnf.dual.hgr,no,no,9,128,0.03,0.0294676,1692.84,cut,52326,20713,no
rKaHyPar,sat14_atco_enc3_opt2_05_21.cnf.dual.hgr,no,no,0,16,0.03,0.029727,2414.44,cut,12197,6830,no
rKaHyPar,sat14_atco_enc3_opt2_05_21.cnf.dual.hgr,no,no,1,16,0.03,0.0299104,2374.28,cut,10648,6553,no
rKaHyPar,sat14_atco_enc3_opt2_05_21.cnf.dual.hgr,no,no,2,16,0.03,0.0296623,1481.3,cut,11240,7145,no
rKaHyPar,sat14_atco_enc3_opt2_05_21.cnf.dual.hgr,no,no,3,16,0.03,0.0290933,1812.11,cut,11370,6516,no
rKaHyPar,sat14_atco_enc3_opt2_05_21.cnf.dual.hgr,no,no,4,16,0.03,0.0299751,1624.09,cut,11137,6693,no
rKaHyPar,sat14_atco_enc3_opt2_05_21.cnf.dual.hgr,no,no,5,16,0.03,0.0285675,2424.15,cut,10231,6497,no
rKaHyPar,sat14_atco_enc3_opt2_05_21.cnf.dual.hgr,no,no,6,16,0.03,0.0299508,1608.18,cut,12320,6765,no
rKaHyPar,sat14_atco_enc3_opt2_05_21.cnf.dual.hgr,no,no,7,16,0.03,0.0299077,2277.2,cut,10413,6730,no
rKaHyPar,sat14_atco_enc3_opt2_05_21.cnf.dual.hgr,no,no,8,16,0.03,0.0282385,1705.34,cut,10839,6593,no
rKaHyPar,sat14_atco_enc3_opt2_05_21.cnf.dual.hgr,no,no,9,16,0.03,0.0289558,1614.46,cut,11521,6895,no
rKaHyPar,sat14_atco_enc3_opt2_05_21.cnf.dual.hgr,no,no,0,2,0.03,0.0159893,339.269,cut,642,642,no
rKaHyPar,sat14_atco_enc3_opt2_05_21.cnf.dual.hgr,no,no,1,2,0.03,0.000647178,455.421,cut,606,606,no
rKaHyPar,sat14_atco_enc3_opt2_05_21.cnf.dual.hgr,no,no,2,2,0.03,0.0237103,329.197,cut,639,639,no
rKaHyPar,sat14_atco_enc3_opt2_05_21.cnf.dual.hgr,no,no,3,2,0.03,0.0196695,323.393,cut,606,606,no
rKaHyPar,sat14_atco_enc3_opt2_05_21.cnf.dual.hgr,no,no,4,2,0.03,0.00635346,320.755,cut,642,642,no
rKaHyPar,sat14_atco_enc3_opt2_05_21.cnf.dual.hgr,no,no,5,2,0.03,0.0159897,339.497,cut,642,642,no
rKaHyPar,sat14_atco_enc3_opt2_05_21.cnf.dual.hgr,no,no,6,2,0.03,0.020651,320.022,cut,534,534,no
rKaHyPar,sat14_atco_enc3_opt2_05_21.cnf.dual.hgr,no,no,7,2,0.03,0.0147364,320.064,cut,643,643,no
rKaHyPar,sat14_atco_enc3_opt2_05_21.cnf.dual.hgr,no,no,8,2,0.03,0.0195289,484.3,cut,642,642,no
rKaHyPar,sat14_atco_enc3_opt2_05_21.cnf.dual.hgr,no,no,9,2,0.03,0.000323589,480.527,cut,678,678,no
rKaHyPar,sat14_atco_enc3_opt2_05_21.cnf.dual.hgr,no,no,0,32,0.03,0.0299211,1579.71,cut,19599,8820,no
rKaHyPar,sat14_atco_enc3_opt2_05_21.cnf.dual.hgr,no,no,1,32,0.03,0.0290151,1595.31,cut,19019,8644,no
rKaHyPar,sat14_atco_enc3_opt2_05_21.cnf.dual.hgr,no,no,2,32,0.03,0.0294681,1596.78,cut,19390,8881,no
rKaHyPar,sat14_atco_enc3_opt2_05_21.cnf.dual.hgr,no,no,3,32,0.03,0.0299642,2355.64,cut,20178,9010,no
rKaHyPar,sat14_atco_enc3_opt2_05_21.cnf.dual.hgr,no,no,4,32,0.03,0.0299589,2251.19,cut,18820,8921,no
rKaHyPar,sat14_atco_enc3_opt2_05_21.cnf.dual.hgr,no,no,5,32,0.03,0.0299642,2342.99,cut,18562,8622,no
rKaHyPar,sat14_atco_enc3_opt2_05_21.cnf.dual.hgr,no,no,6,32,0.03,0.0295112,1565.35,cut,20555,9005,no
rKaHyPar,sat14_atco_enc3_opt2_05_21.cnf.dual.hgr,no,no,7,32,0.03,0.029851,1553.06,cut,19970,8786,no
rKaHyPar,sat14_atco_enc3_opt2_05_21.cnf.dual.hgr,no,no,8,32,0.03,0.0299157,2326.77,cut,17932,8720,no
rKaHyPar,sat14_atco_enc3_opt2_05_21.cnf.dual.hgr,no,no,9,32,0.03,0.0298941,1557.62,cut,19096,8878,no
rKaHyPar,sat14_atco_enc3_opt2_05_21.cnf.dual.hgr,no,no,0,4,0.03,0.0299407,962.251,cut,1776,1589,no
rKaHyPar,sat14_atco_enc3_opt2_05_21.cnf.dual.hgr,no,no,1,4,0.03,0.00688907,800.788,cut,2176,1796,no
rKaHyPar,sat14_atco_enc3_opt2_05_21.cnf.dual.hgr,no,no,2,4,0.03,0.0266307,867.499,cut,2415,1892,no
rKaHyPar,sat14_atco_enc3_opt2_05_21.cnf.dual.hgr,no,no,3,4,0.03,0.0236786,1225.35,cut,1885,1591,no
rKaHyPar,sat14_atco_enc3_opt2_05_21.cnf.dual.hgr,no,no,4,4,0.03,0.0289754,809.582,cut,1928,1598,no
rKaHyPar,sat14_atco_enc3_opt2_05_21.cnf.dual.hgr,no,no,5,4,0.03,0.0173228,935.136,cut,2012,1588,no
rKaHyPar,sat14_atco_enc3_opt2_05_21.cnf.dual.hgr,no,no,6,4,0.03,0.0259383,860.383,cut,1973,1569,no
rKaHyPar,sat14_atco_enc3_opt2_05_21.cnf.dual.hgr,no,no,7,4,0.03,0.0265154,883.164,cut,2218,1548,no
rKaHyPar,sat14_atco_enc3_opt2_05_21.cnf.dual.hgr,no,no,8,4,0.03,0.0224105,1213.45,cut,2078,1572,no
rKaHyPar,sat14_atco_enc3_opt2_05_21.cnf.dual.hgr,no,no,9,4,0.03,0.0242887,904.202,cut,2449,1776,no
rKaHyPar,sat14_atco_enc3_opt2_05_21.cnf.dual.hgr,no,no,0,64,0.03,0.0298454,1662.47,cut,32193,13671,no
rKaHyPar,sat14_atco_enc3_opt2_05_21.cnf.dual.hgr,no,no,1,64,0.03,0.029716,1639.24,cut,34263,13705,no
rKaHyPar,sat14_atco_enc3_opt2_05_21.cnf.dual.hgr,no,no,3,64,0.03,0.0287021,2406.42,cut,31238,13817,no
rKaHyPar,sat14_atco_enc3_opt2_05_21.cnf.dual.hgr,no,no,4,64,0.03,0.0293493,1660.74,cut,32842,13764,no
rKaHyPar,sat14_atco_enc3_opt2_05_21.cnf.dual.hgr,no,no,5,64,0.03,0.0298562,1695.89,cut,32385,13739,no
rKaHyPar,sat14_atco_enc3_opt2_05_21.cnf.dual.hgr,no,no,6,64,0.03,0.0297915,1683.8,cut,31970,13626,no
rKaHyPar,sat14_atco_enc3_opt2_05_21.cnf.dual.hgr,no,no,8,64,0.03,0.0289502,2453.77,cut,30977,13590,no
rKaHyPar,sat14_atco_enc3_opt2_05_21.cnf.dual.hgr,no,no,9,64,0.03,0.0298886,2405.73,cut,33611,13768,no
rKaHyPar,sat14_atco_enc3_opt2_05_21.cnf.dual.hgr,no,no,0,8,0.03,0.0105476,1650.79,cut,5038,2777,no
rKaHyPar,sat14_atco_enc3_opt2_05_21.cnf.dual.hgr,no,no,1,8,0.03,0.029692,1734.57,cut,5339,2784,no
rKaHyPar,sat14_atco_enc3_opt2_05_21.cnf.dual.hgr,no,no,2,8,0.03,0.0116883,1592.72,cut,5285,2854,no
rKaHyPar,sat14_atco_enc3_opt2_05_21.cnf.dual.hgr,no,no,3,8,0.03,0.0297675,1827.78,cut,5823,2820,no
rKaHyPar,sat14_atco_enc3_opt2_05_21.cnf.dual.hgr,no,no,5,8,0.03,0.00990047,1657.18,cut,4785,3022,no
rKaHyPar,sat14_atco_enc3_opt2_05_21.cnf.dual.hgr,no,no,6,8,0.03,0.0194868,1137.29,cut,5801,2955,no
rKaHyPar,sat14_atco_enc3_opt2_05_21.cnf.dual.hgr,no,no,7,8,0.03,0.0294021,1237.43,cut,4486,2744,no
rKaHyPar,sat14_atco_enc3_opt2_05_21.cnf.dual.hgr,no,no,8,8,0.03,0.0295814,1662.61,cut,5357,2913,no
rKaHyPar,sat14_atco_enc3_opt2_05_21.cnf.dual.hgr,no,no,9,8,0.03,0.0274093,1649.11,cut,5883,2954,no
rKaHyPar,sat14_atco_enc3_opt2_05_21.cnf.hgr,no,no,0,128,0.03,0.0299711,2403.44,cut,111088,105210,no
rKaHyPar,sat14_atco_enc3_opt2_05_21.cnf.hgr,no,no,1,128,0.03,0.0299711,2507.44,cut,110895,104775,no
rKaHyPar,sat14_atco_enc3_opt2_05_21.cnf.hgr,no,no,2,128,0.03,0.0299711,2456.35,cut,111436,103909,no
rKaHyPar,sat14_atco_enc3_opt2_05_21.cnf.hgr,no,no,3,128,0.03,0.0297124,1755.85,cut,113830,106658,no
rKaHyPar,sat14_atco_enc3_opt2_05_21.cnf.hgr,no,no,4,128,0.03,0.0296261,2495.76,cut,112741,105919,no
rKaHyPar,sat14_atco_enc3_opt2_05_21.cnf.hgr,no,no,5,128,0.03,0.0299711,2500.52,cut,111975,105126,no
rKaHyPar,sat14_atco_enc3_opt2_05_21.cnf.hgr,no,no,6,128,0.03,0.0299711,1742.27,cut,115890,108702,no
rKaHyPar,sat14_atco_enc3_opt2_05_21.cnf.hgr,no,no,7,128,0.03,0.0299711,2434.99,cut,112675,105894,no
rKaHyPar,sat14_atco_enc3_opt2_05_21.cnf.hgr,no,no,8,128,0.03,0.0299711,1757.42,cut,112559,106349,no
rKaHyPar,sat14_atco_enc3_opt2_05_21.cnf.hgr,no,no,9,128,0.03,0.0295399,1685.72,cut,110003,104645,no
rKaHyPar,sat14_atco_enc3_opt2_05_21.cnf.hgr,no,no,0,16,0.03,0.0290014,2280.84,cut,19338,18057,no
rKaHyPar,sat14_atco_enc3_opt2_05_21.cnf.hgr,no,no,1,16,0.03,0.028775,2340.36,cut,19924,18870,no
rKaHyPar,sat14_atco_enc3_opt2_05_21.cnf.hgr,no,no,2,16,0.03,0.0296591,1577.17,cut,19537,18096,no
rKaHyPar,sat14_atco_enc3_opt2_05_21.cnf.hgr,no,no,3,16,0.03,0.0295836,1496.33,cut,19764,18094,no
rKaHyPar,sat14_atco_enc3_opt2_05_21.cnf.hgr,no,no,4,16,0.03,0.0299987,1669.41,cut,20758,19118,no
rKaHyPar,sat14_atco_enc3_opt2_05_21.cnf.hgr,no,no,5,16,0.03,0.029616,2199.92,cut,20154,19045,no
rKaHyPar,sat14_atco_enc3_opt2_05_21.cnf.hgr,no,no,6,16,0.03,0.0294057,1601.83,cut,20098,18800,no
rKaHyPar,sat14_atco_enc3_opt2_05_21.cnf.hgr,no,no,7,16,0.03,0.0296753,2314.1,cut,21077,19504,no
rKaHyPar,sat14_atco_enc3_opt2_05_21.cnf.hgr,no,no,8,16,0.03,0.0293087,1556.57,cut,19963,18999,no
rKaHyPar,sat14_atco_enc3_opt2_05_21.cnf.hgr,no,no,9,16,0.03,0.0297507,1523.26,cut,19908,18706,no
rKaHyPar,sat14_atco_enc3_opt2_05_21.cnf.hgr,no,no,0,2,0.03,0.0128108,312.372,cut,502,502,no
rKaHyPar,sat14_atco_enc3_opt2_05_21.cnf.hgr,no,no,1,2,0.03,0.0200794,474.681,cut,578,578,no
rKaHyPar,sat14_atco_enc3_opt2_05_21.cnf.hgr,no,no,2,2,0.03,0.0128115,316.517,cut,502,502,no
rKaHyPar,sat14_atco_enc3_opt2_05_21.cnf.hgr,no,no,3,2,0.03,0.0128115,335.469,cut,502,502,no
rKaHyPar,sat14_atco_enc3_opt2_05_21.cnf.hgr,no,no,4,2,0.03,0.0128115,330.313,cut,502,502,no
rKaHyPar,sat14_atco_enc3_opt2_05_21.cnf.hgr,no,no,5,2,0.03,0.0128115,340.948,cut,502,502,no
rKaHyPar,sat14_atco_enc3_opt2_05_21.cnf.hgr,no,no,6,2,0.03,0.0128115,339.567,cut,502,502,no
rKaHyPar,sat14_atco_enc3_opt2_05_21.cnf.hgr,no,no,7,2,0.03,0.0105798,338.265,cut,634,634,no
rKaHyPar,sat14_atco_enc3_opt2_05_21.cnf.hgr,no,no,8,2,0.03,0.0025693,645.388,cut,1070,1070,no
rKaHyPar,sat14_atco_enc3_opt2_05_21.cnf.hgr,no,no,9,2,0.03,0.0106148,424.657,cut,668,668,no
rKaHyPar,sat14_atco_enc3_opt2_05_21.cnf.hgr,no,no,0,32,0.03,0.0299502,1520.76,cut,37065,33622,no
rKaHyPar,sat14_atco_enc3_opt2_05_21.cnf.hgr,no,no,1,32,0.03,0.0292925,1559.08,cut,37741,35109,no
rKaHyPar,sat14_atco_enc3_opt2_05_21.cnf.hgr,no,no,2,32,0.03,0.0299286,1477.07,cut,37035,34837,no
rKaHyPar,sat14_atco_enc3_opt2_05_21.cnf.hgr,no,no,3,32,0.03,0.0295297,2155.4,cut,37880,35340,no
rKaHyPar,sat14_atco_enc3_opt2_05_21.cnf.hgr,no,no,4,32,0.03,0.0299933,2250.63,cut,37350,35091,no
rKaHyPar,sat14_atco_enc3_opt2_05_21.cnf.hgr,no,no,5,32,0.03,0.0299933,2162.99,cut,36614,33829,no
rKaHyPar,sat14_atco_enc3_opt2_05_21.cnf.hgr,no,no,6,32,0.03,0.0298208,1644.1,cut,37841,35425,no
rKaHyPar,sat14_atco_enc3_opt2_05_21.cnf.hgr,no,no,7,32,0.03,0.0298855,1470.71,cut,37850,34985,no
rKaHyPar,sat14_atco_enc3_opt2_05_21.cnf.hgr,no,no,8,32,0.03,0.0299178,2087.84,cut,36557,34059,no
rKaHyPar,sat14_atco_enc3_opt2_05_21.cnf.hgr,no,no,9,32,0.03,0.0298639,1666.77,cut,38233,35537,no
rKaHyPar,sat14_atco_enc3_opt2_05_21.cnf.hgr,no,no,0,4,0.03,0.0263736,710.982,cut,3722,3402,no
rKaHyPar,sat14_atco_enc3_opt2_05_21.cnf.hgr,no,no,1,4,0.03,0.0294907,893.945,cut,3841,3418,no
rKaHyPar,sat14_atco_enc3_opt2_05_21.cnf.hgr,no,no,2,4,0.03,0.0278803,904.989,cut,3690,3374,no
rKaHyPar,sat14_atco_enc3_opt2_05_21.cnf.hgr,no,no,3,4,0.03,0.0225543,1066.31,cut,3752,3431,no
rKaHyPar,sat14_atco_enc3_opt2_05_21.cnf.hgr,no,no,4,4,0.03,0.0188874,785.017,cut,3756,3491,no
rKaHyPar,sat14_atco_enc3_opt2_05_21.cnf.hgr,no,no,5,4,0.03,0.0210113,961.468,cut,3807,3495,no
rKaHyPar,sat14_atco_enc3_opt2_05_21.cnf.hgr,no,no,6,4,0.03,0.0270905,985.427,cut,4189,3802,no
rKaHyPar,sat14_atco_enc3_opt2_05_21.cnf.hgr,no,no,7,4,0.03,0.0278789,866.854,cut,3619,3303,no
rKaHyPar,sat14_atco_enc3_opt2_05_21.cnf.hgr,no,no,8,4,0.03,0.0262617,1133.14,cut,3815,3452,no
rKaHyPar,sat14_atco_enc3_opt2_05_21.cnf.hgr,no,no,9,4,0.03,0.0249249,892.731,cut,3841,3466,no
rKaHyPar,sat14_atco_enc3_opt2_05_21.cnf.hgr,no,no,0,64,0.03,0.0297561,1624.82,cut,65570,61057,no
rKaHyPar,sat14_atco_enc3_opt2_05_21.cnf.hgr,no,no,1,64,0.03,0.0299933,1633.76,cut,59319,55851,no
rKaHyPar,sat14_atco_enc3_opt2_05_21.cnf.hgr,no,no,3,64,0.03,0.0299933,2303.86,cut,62217,57694,no
rKaHyPar,sat14_atco_enc3_opt2_05_21.cnf.hgr,no,no,4,64,0.03,0.0299933,1631.48,cut,63591,58506,no
rKaHyPar,sat14_atco_enc3_opt2_05_21.cnf.hgr,no,no,5,64,0.03,0.0299933,1662.42,cut,65560,60602,no
rKaHyPar,sat14_atco_enc3_opt2_05_21.cnf.hgr,no,no,6,64,0.03,0.0298639,1639.65,cut,65941,61244,no
rKaHyPar,sat14_atco_enc3_opt2_05_21.cnf.hgr,no,no,8,64,0.03,0.0297777,2301.1,cut,62389,58295,no
rKaHyPar,sat14_atco_enc3_opt2_05_21.cnf.hgr,no,no,9,64,0.03,0.0299502,2564.93,cut,67385,61621,no
rKaHyPar,sat14_atco_enc3_opt2_05_21.cnf.hgr,no,no,0,8,0.03,0.0298101,1933.62,cut,9929,8913,no
rKaHyPar,sat14_atco_enc3_opt2_05_21.cnf.hgr,no,no,1,8,0.03,0.0290096,1590.24,cut,9021,8175,no
rKaHyPar,sat14_atco_enc3_opt2_05_21.cnf.hgr,no,no,2,8,0.03,0.0298586,1815.86,cut,9293,8286,no
rKaHyPar,sat14_atco_enc3_opt2_05_21.cnf.hgr,no,no,3,8,0.03,0.0298344,1743.39,cut,9465,8505,no
rKaHyPar,sat14_atco_enc3_opt2_05_21.cnf.hgr,no,no,5,8,0.03,0.0285837,1754.16,cut,9294,8596,no
rKaHyPar,sat14_atco_enc3_opt2_05_21.cnf.hgr,no,no,6,8,0.03,0.0283169,1158.38,cut,9606,8646,no
rKaHyPar,sat14_atco_enc3_opt2_05_21.cnf.hgr,no,no,7,8,0.03,0.0295864,1068.96,cut,9481,8742,no
rKaHyPar,sat14_atco_enc3_opt2_05_21.cnf.hgr,no,no,8,8,0.03,0.029581,2018.4,cut,9495,8719,no
rKaHyPar,sat14_atco_enc3_opt2_05_21.cnf.hgr,no,no,9,8,0.03,0.0296268,1557.48,cut,9804,8986,no
rKaHyPar,sat14_atco_enc3_opt2_05_21.cnf.primal.hgr,no,no,0,128,0.03,0.0299267,1529.89,cut,176622,173014,no
rKaHyPar,sat14_atco_enc3_opt2_05_21.cnf.primal.hgr,no,no,1,128,0.03,0.0299267,2118.01,cut,166688,163684,no
rKaHyPar,sat14_atco_enc3_opt2_05_21.cnf.primal.hgr,no,no,2,128,0.03,0.0292367,1566.32,cut,165610,163120,no
rKaHyPar,sat14_atco_enc3_opt2_05_21.cnf.primal.hgr,no,no,3,128,0.03,0.0299267,1524.8,cut,168274,165768,no
rKaHyPar,sat14_atco_enc3_opt2_05_21.cnf.primal.hgr,no,no,4,128,0.03,0.0299267,2166.34,cut,169286,166976,no
rKaHyPar,sat14_atco_enc3_opt2_05_21.cnf.primal.hgr,no,no,5,128,0.03,0.0299267,2110.63,cut,174697,171671,no
rKaHyPar,sat14_atco_enc3_opt2_05_21.cnf.primal.hgr,no,no,6,128,0.03,0.0299267,2166.52,cut,171112,169151,no
rKaHyPar,sat14_atco_enc3_opt2_05_21.cnf.primal.hgr,no,no,7,128,0.03,0.0299267,2160.92,cut,170985,168429,no
rKaHyPar,sat14_atco_enc3_opt2_05_21.cnf.primal.hgr,no,no,8,128,0.03,0.0299267,1517,cut,172034,169716,no
rKaHyPar,sat14_atco_enc3_opt2_05_21.cnf.primal.hgr,no,no,9,128,0.03,0.0281156,1498.13,cut,165917,163531,no
rKaHyPar,sat14_atco_enc3_opt2_05_21.cnf.primal.hgr,no,no,0,16,0.03,0.0297561,1648.45,cut,20879,20005,no
rKaHyPar,sat14_atco_enc3_opt2_05_21.cnf.primal.hgr,no,no,1,16,0.03,0.0281929,1720.94,cut,20450,19670,no
rKaHyPar,sat14_atco_enc3_opt2_05_21.cnf.primal.hgr,no,no,2,16,0.03,0.0298747,1256.26,cut,19867,18966,no
rKaHyPar,sat14_atco_enc3_opt2_05_21.cnf.primal.hgr,no,no,3,16,0.03,0.0295621,1313.55,cut,19076,18182,no
rKaHyPar,sat14_atco_enc3_opt2_05_21.cnf.primal.hgr,no,no,4,16,0.03,0.0298963,1397.24,cut,19915,19162,no
rKaHyPar,sat14_atco_enc3_opt2_05_21.cnf.primal.hgr,no,no,5,16,0.03,0.0275999,1794.79,cut,20003,19110,no
rKaHyPar,sat14_atco_enc3_opt2_05_21.cnf.primal.hgr,no,no,6,16,0.03,0.0288829,1397.24,cut,20084,19314,no
rKaHyPar,sat14_atco_enc3_opt2_05_21.cnf.primal.hgr,no,no,7,16,0.03,0.0272333,1990.58,cut,20743,19768,no
rKaHyPar,sat14_atco_enc3_opt2_05_21.cnf.primal.hgr,no,no,8,16,0.03,0.0279988,1316.34,cut,20085,19208,no
rKaHyPar,sat14_atco_enc3_opt2_05_21.cnf.primal.hgr,no,no,9,16,0.03,0.0299718,1759.33,cut,20560,19647,no
rKaHyPar,sat14_atco_enc3_opt2_05_21.cnf.primal.hgr,no,no,0,2,0.03,0.00644043,273.507,cut,498,498,no
rKaHyPar,sat14_atco_enc3_opt2_05_21.cnf.primal.hgr,no,no,1,2,0.03,0.0128593,368.206,cut,546,546,no
rKaHyPar,sat14_atco_enc3_opt2_05_21.cnf.primal.hgr,no,no,2,2,0.03,0.0045335,287.155,cut,606,606,no
rKaHyPar,sat14_atco_enc3_opt2_05_21.cnf.primal.hgr,no,no,3,2,0.03,0.00721129,367.849,cut,534,534,no
rKaHyPar,sat14_atco_enc3_opt2_05_21.cnf.primal.hgr,no,no,4,2,0.03,0.00121019,268.234,cut,678,678,no
rKaHyPar,sat14_atco_enc3_opt2_05_21.cnf.primal.hgr,no,no,5,2,0.03,0.0126585,271.34,cut,462,462,no
rKaHyPar,sat14_atco_enc3_opt2_05_21.cnf.primal.hgr,no,no,6,2,0.03,0.0128606,370.253,cut,546,546,no
rKaHyPar,sat14_atco_enc3_opt2_05_21.cnf.primal.hgr,no,no,7,2,0.03,0.00914113,269.987,cut,642,642,no
rKaHyPar,sat14_atco_enc3_opt2_05_21.cnf.primal.hgr,no,no,8,2,0.03,0.0128593,367.738,cut,546,546,no
rKaHyPar,sat14_atco_enc3_opt2_05_21.cnf.primal.hgr,no,no,9,2,0.03,0.0128606,365.691,cut,546,546,no
rKaHyPar,sat14_atco_enc3_opt2_05_21.cnf.primal.hgr,no,no,0,32,0.03,0.0299933,1298.88,cut,39230,38261,no
rKaHyPar,sat14_atco_enc3_opt2_05_21.cnf.primal.hgr,no,no,1,32,0.03,0.0290877,1383.51,cut,40147,39223,no
rKaHyPar,sat14_atco_enc3_opt2_05_21.cnf.primal.hgr,no,no,2,32,0.03,0.029713,1827.22,cut,37788,36840,no
rKaHyPar,sat14_atco_enc3_opt2_05_21.cnf.primal.hgr,no,no,3,32,0.03,0.0296268,1826.31,cut,41370,40392,no
rKaHyPar,sat14_atco_enc3_opt2_05_21.cnf.primal.hgr,no,no,4,32,0.03,0.0294543,1951.43,cut,37589,36664,no
rKaHyPar,sat14_atco_enc3_opt2_05_21.cnf.primal.hgr,no,no,5,32,0.03,0.0297561,1329.3,cut,40698,39721,no
rKaHyPar,sat14_atco_enc3_opt2_05_21.cnf.primal.hgr,no,no,6,32,0.03,0.0299933,1323.73,cut,38723,37745,no
rKaHyPar,sat14_atco_enc3_opt2_05_21.cnf.primal.hgr,no,no,7,32,0.03,0.0294543,1359.92,cut,41249,40346,no
rKaHyPar,sat14_atco_enc3_opt2_05_21.cnf.primal.hgr,no,no,8,32,0.03,0.0296483,1961.3,cut,40512,39479,no
rKaHyPar,sat14_atco_enc3_opt2_05_21.cnf.primal.hgr,no,no,9,32,0.03,0.0291955,1354.01,cut,41305,40220,no
rKaHyPar,sat14_atco_enc3_opt2_05_21.cnf.primal.hgr,no,no,0,4,0.03,0.0190073,674.526,cut,3506,3306,no
rKaHyPar,sat14_atco_enc3_opt2_05_21.cnf.primal.hgr,no,no,1,4,0.03,0.0257913,713.217,cut,3748,3465,no
rKaHyPar,sat14_atco_enc3_opt2_05_21.cnf.primal.hgr,no,no,2,4,0.03,0.0281255,878.247,cut,3722,3434,no
rKaHyPar,sat14_atco_enc3_opt2_05_21.cnf.primal.hgr,no,no,3,4,0.03,0.0290661,933.888,cut,3816,3458,no
rKaHyPar,sat14_atco_enc3_opt2_05_21.cnf.primal.hgr,no,no,4,4,0.03,0.0236863,649.855,cut,3705,3448,no
rKaHyPar,sat14_atco_enc3_opt2_05_21.cnf.primal.hgr,no,no,5,4,0.03,0.0168079,691.242,cut,3672,3428,no
rKaHyPar,sat14_atco_enc3_opt2_05_21.cnf.primal.hgr,no,no,6,4,0.03,0.0277993,675.184,cut,3705,3467,no
rKaHyPar,sat14_atco_enc3_opt2_05_21.cnf.primal.hgr,no,no,7,4,0.03,0.0229235,743.898,cut,3707,3424,no
rKaHyPar,sat14_atco_enc3_opt2_05_21.cnf.primal.hgr,no,no,8,4,0.03,0.0279179,990.992,cut,3750,3467,no
rKaHyPar,sat14_atco_enc3_opt2_05_21.cnf.primal.hgr,no,no,9,4,0.03,0.0173712,748.784,cut,3982,3718,no
rKaHyPar,sat14_atco_enc3_opt2_05_21.cnf.primal.hgr,no,no,0,64,0.03,0.0297986,1459.28,cut,82853,81813,no
rKaHyPar,sat14_atco_enc3_opt2_05_21.cnf.primal.hgr,no,no,1,64,0.03,0.0273837,2034.85,cut,82452,81318,no
rKaHyPar,sat14_atco_enc3_opt2_05_21.cnf.primal.hgr,no,no,3,64,0.03,0.0294105,1978.52,cut,84753,83594,no
rKaHyPar,sat14_atco_enc3_opt2_05_21.cnf.primal.hgr,no,no,4,64,0.03,0.028548,1994.06,cut,88221,87128,no
rKaHyPar,sat14_atco_enc3_opt2_05_21.cnf.primal.hgr,no,no,5,64,0.03,0.0299711,1448.4,cut,83903,82310,no
rKaHyPar,sat14_atco_enc3_opt2_05_21.cnf.primal.hgr,no,no,6,64,0.03,0.0299711,1482.6,cut,86178,84482,no
rKaHyPar,sat14_atco_enc3_opt2_05_21.cnf.primal.hgr,no,no,7,64,0.03,0.029928,1467.04,cut,85076,83191,no
rKaHyPar,sat14_atco_enc3_opt2_05_21.cnf.primal.hgr,no,no,9,64,0.03,0.0299711,2054.68,cut,87315,84971,no
rKaHyPar,sat14_atco_enc3_opt2_05_21.cnf.primal.hgr,no,no,0,8,0.03,0.0292171,1433.45,cut,9765,8948,no
rKaHyPar,sat14_atco_enc3_opt2_05_21.cnf.primal.hgr,no,no,1,8,0.03,0.0287319,1056.47,cut,9379,8717,no
rKaHyPar,sat14_atco_enc3_opt2_05_21.cnf.primal.hgr,no,no,2,8,0.03,0.0298208,1478.94,cut,9480,8729,no
rKaHyPar,sat14_atco_enc3_opt2_05_21.cnf.primal.hgr,no,no,3,8,0.03,0.0298855,1288.16,cut,9594,8831,no
rKaHyPar,sat14_atco_enc3_opt2_05_21.cnf.primal.hgr,no,no,4,8,0.03,0.029934,1622.24,cut,9771,9050,no
rKaHyPar,sat14_atco_enc3_opt2_05_21.cnf.primal.hgr,no,no,5,8,0.03,0.0286834,1451.54,cut,9606,8960,no
rKaHyPar,sat14_atco_enc3_opt2_05_21.cnf.primal.hgr,no,no,6,8,0.03,0.0294381,1058.89,cut,9315,8646,no
rKaHyPar,sat14_atco_enc3_opt2_05_21.cnf.primal.hgr,no,no,7,8,0.03,0.0282252,1416.52,cut,8627,7948,no
rKaHyPar,sat14_atco_enc3_opt2_05_21.cnf.primal.hgr,no,no,8,8,0.03,0.0298909,1370.48,cut,9502,8744,no
rKaHyPar,sat14_atco_enc3_opt2_05_21.cnf.primal.hgr,no,no,9,8,0.03,0.0272118,1366.18,cut,8815,8125,no
rKaHyPar,sat14_atco_enc3_opt2_10_12.cnf.dual.hgr,no,no,0,128,0.03,0.029972,1361.47,cut,46713,19089,no
rKaHyPar,sat14_atco_enc3_opt2_10_12.cnf.dual.hgr,no,no,1,128,0.03,0.0299201,1998.02,cut,43969,18726,no
rKaHyPar,sat14_atco_enc3_opt2_10_12.cnf.dual.hgr,no,no,2,128,0.03,0.0295827,2011.1,cut,47856,18972,no
rKaHyPar,sat14_atco_enc3_opt2_10_12.cnf.dual.hgr,no,no,3,128,0.03,0.0297384,1369.93,cut,49338,19097,no
rKaHyPar,sat14_atco_enc3_opt2_10_12.cnf.dual.hgr,no,no,4,128,0.03,0.0299979,1989.56,cut,47123,18806,no
rKaHyPar,sat14_atco_enc3_opt2_10_12.cnf.dual.hgr,no,no,5,128,0.03,0.0294789,1985.51,cut,46324,18711,no
rKaHyPar,sat14_atco_enc3_opt2_10_12.cnf.dual.hgr,no,no,6,128,0.03,0.0296087,2001,cut,46422,18884,no
rKaHyPar,sat14_atco_enc3_opt2_10_12.cnf.dual.hgr,no,no,7,128,0.03,0.0295568,2020.03,cut,45301,18768,no
rKaHyPar,sat14_atco_enc3_opt2_10_12.cnf.dual.hgr,no,no,8,128,0.03,0.0297644,1365.51,cut,45588,18579,no
rKaHyPar,sat14_atco_enc3_opt2_10_12.cnf.dual.hgr,no,no,9,128,0.03,0.0297644,1374.02,cut,47638,18957,no
rKaHyPar,sat14_atco_enc3_opt2_10_12.cnf.dual.hgr,no,no,0,16,0.03,0.0299914,1878.44,cut,9694,5716,no
rKaHyPar,sat14_atco_enc3_opt2_10_12.cnf.dual.hgr,no,no,1,16,0.03,0.0297482,1916.92,cut,9036,5969,no
rKaHyPar,sat14_atco_enc3_opt2_10_12.cnf.dual.hgr,no,no,2,16,0.03,0.0298909,1293.98,cut,9992,6228,no
rKaHyPar,sat14_atco_enc3_opt2_10_12.cnf.dual.hgr,no,no,3,16,0.03,0.0297449,1321.66,cut,10073,6075,no
rKaHyPar,sat14_atco_enc3_opt2_10_12.cnf.dual.hgr,no,no,4,16,0.03,0.0287977,1307.21,cut,10118,6264,no
rKaHyPar,sat14_atco_enc3_opt2_10_12.cnf.dual.hgr,no,no,5,16,0.03,0.028947,1915.04,cut,9267,5820,no
rKaHyPar,sat14_atco_enc3_opt2_10_12.cnf.dual.hgr,no,no,6,16,0.03,0.0295049,1394.56,cut,8373,5683,no
rKaHyPar,sat14_atco_enc3_opt2_10_12.cnf.dual.hgr,no,no,7,16,0.03,0.0296184,1936.7,cut,9242,5926,no
rKaHyPar,sat14_atco_enc3_opt2_10_12.cnf.dual.hgr,no,no,8,16,0.03,0.0289437,1313.16,cut,9696,6058,no
rKaHyPar,sat14_atco_enc3_opt2_10_12.cnf.dual.hgr,no,no,9,16,0.03,0.0295989,2016.77,cut,9056,6231,no
rKaHyPar,sat14_atco_enc3_opt2_10_12.cnf.dual.hgr,no,no,0,2,0.03,0.00682155,258.229,cut,399,399,no
rKaHyPar,sat14_atco_enc3_opt2_10_12.cnf.dual.hgr,no,no,1,2,0.03,0.00797104,380.206,cut,461,461,no
rKaHyPar,sat14_atco_enc3_opt2_10_12.cnf.dual.hgr,no,no,2,2,0.03,0.00721809,259.403,cut,401,401,no
rKaHyPar,sat14_atco_enc3_opt2_10_12.cnf.dual.hgr,no,no,3,2,0.03,0.0205283,386.651,cut,459,459,no
rKaHyPar,sat14_atco_enc3_opt2_10_12.cnf.dual.hgr,no,no,4,2,0.03,0.014111,256.526,cut,459,459,no
rKaHyPar,sat14_atco_enc3_opt2_10_12.cnf.dual.hgr,no,no,5,2,0.03,0.0115773,261.036,cut,457,457,no
rKaHyPar,sat14_atco_enc3_opt2_10_12.cnf.dual.hgr,no,no,6,2,0.03,0.00977415,367.371,cut,337,337,no
rKaHyPar,sat14_atco_enc3_opt2_10_12.cnf.dual.hgr,no,no,7,2,0.03,0.0201005,262.975,cut,461,461,no
rKaHyPar,sat14_atco_enc3_opt2_10_12.cnf.dual.hgr,no,no,8,2,0.03,0.0156266,374.091,cut,399,399,no
rKaHyPar,sat14_atco_enc3_opt2_10_12.cnf.dual.hgr,no,no,9,2,0.03,0.00977374,364.086,cut,337,337,no
rKaHyPar,sat14_atco_enc3_opt2_10_12.cnf.dual.hgr,no,no,0,32,0.03,0.0296281,1290.73,cut,17071,8234,no
rKaHyPar,sat14_atco_enc3_opt2_10_12.cnf.dual.hgr,no,no,1,32,0.03,0.0299979,1292.44,cut,17687,8052,no
rKaHyPar,sat14_atco_enc3_opt2_10_12.cnf.dual.hgr,no,no,2,32,0.03,0.0288042,1895.82,cut,17112,8203,no
rKaHyPar,sat14_atco_enc3_opt2_10_12.cnf.dual.hgr,no,no,3,32,0.03,0.0295633,1946.56,cut,19946,8744,no
rKaHyPar,sat14_atco_enc3_opt2_10_12.cnf.dual.hgr,no,no,4,32,0.03,0.0298617,1943.27,cut,17089,8220,no
rKaHyPar,sat14_atco_enc3_opt2_10_12.cnf.dual.hgr,no,no,5,32,0.03,0.0297709,1269.06,cut,15891,7974,no
rKaHyPar,sat14_atco_enc3_opt2_10_12.cnf.dual.hgr,no,no,6,32,0.03,0.0291546,1306.41,cut,18147,8657,no
rKaHyPar,sat14_atco_enc3_opt2_10_12.cnf.dual.hgr,no,no,7,32,0.03,0.0295373,1322.67,cut,17095,8126,no
rKaHyPar,sat14_atco_enc3_opt2_10_12.cnf.dual.hgr,no,no,8,32,0.03,0.029946,1884.32,cut,17675,8231,no
rKaHyPar,sat14_atco_enc3_opt2_10_12.cnf.dual.hgr,no,no,9,32,0.03,0.0299979,1280.31,cut,18029,8315,no
rKaHyPar,sat14_atco_enc3_opt2_10_12.cnf.dual.hgr,no,no,0,4,0.03,0.0282293,718.671,cut,1700,1487,no
rKaHyPar,sat14_atco_enc3_opt2_10_12.cnf.dual.hgr,no,no,1,4,0.03,0.0143575,789.896,cut,1770,1433,no
rKaHyPar,sat14_atco_enc3_opt2_10_12.cnf.dual.hgr,no,no,2,4,0.03,0.0281588,1163.02,cut,1545,1402,no
rKaHyPar,sat14_atco_enc3_opt2_10_12.cnf.dual.hgr,no,no,3,4,0.03,0.0290629,970.574,cut,1880,1427,no
rKaHyPar,sat14_atco_enc3_opt2_10_12.cnf.dual.hgr,no,no,4,4,0.03,0.0261923,797.869,cut,1708,1280,no
rKaHyPar,sat14_atco_enc3_opt2_10_12.cnf.dual.hgr,no,no,5,4,0.03,0.0280063,761.002,cut,1425,1252,no
rKaHyPar,sat14_atco_enc3_opt2_10_12.cnf.dual.hgr,no,no,6,4,0.03,0.0268961,693.002,cut,1509,1459,no
rKaHyPar,sat14_atco_enc3_opt2_10_12.cnf.dual.hgr,no,no,7,4,0.03,0.0281742,738.312,cut,1591,1395,no
rKaHyPar,sat14_atco_enc3_opt2_10_12.cnf.dual.hgr,no,no,8,4,0.03,0.0227985,1079.75,cut,1780,1542,no
rKaHyPar,sat14_atco_enc3_opt2_10_12.cnf.dual.hgr,no,no,9,4,0.03,0.0295868,708.616,cut,1633,1327,no
rKaHyPar,sat14_atco_enc3_opt2_10_12.cnf.dual.hgr,no,no,0,64,0.03,0.029946,1371.77,cut,30960,12686,no
rKaHyPar,sat14_atco_enc3_opt2_10_12.cnf.dual.hgr,no,no,1,64,0.03,0.0289729,1961.31,cut,28418,12425,no
rKaHyPar,sat14_atco_enc3_opt2_10_12.cnf.dual.hgr,no,no,3,64,0.03,0.0288821,2018.03,cut,30102,12644,no
rKaHyPar,sat14_atco_enc3_opt2_10_12.cnf.dual.hgr,no,no,4,64,0.03,0.0298033,1961.27,cut,30601,12479,no
rKaHyPar,sat14_atco_enc3_opt2_10_12.cnf.dual.hgr,no,no,5,64,0.03,0.0296217,1326.49,cut,28250,12460,no
rKaHyPar,sat14_atco_enc3_opt2_10_12.cnf.dual.hgr,no,no,6,64,0.03,0.0297903,1343.9,cut,29519,12468,no
rKaHyPar,sat14_atco_enc3_opt2_10_12.cnf.dual.hgr,no,no,7,64,0.03,0.0291416,1339.57,cut,29420,12630,no
rKaHyPar,sat14_atco_enc3_opt2_10_12.cnf.dual.hgr,no,no,9,64,0.03,0.029466,2008.18,cut,29674,12835,no
rKaHyPar,sat14_atco_enc3_opt2_10_12.cnf.dual.hgr,no,no,0,8,0.03,0.0292713,1262.58,cut,4569,2289,no
rKaHyPar,sat14_atco_enc3_opt2_10_12.cnf.dual.hgr,no,no,1,8,0.03,0.0290589,865.223,cut,4426,2281,no
rKaHyPar,sat14_atco_enc3_opt2_10_12.cnf.dual.hgr,no,no,2,8,0.03,0.029354,1224.91,cut,4436,2316,no
rKaHyPar,sat14_atco_enc3_opt2_10_12.cnf.dual.hgr,no,no,3,8,0.03,0.0280647,1296.35,cut,4689,2448,no
rKaHyPar,sat14_atco_enc3_opt2_10_12.cnf.dual.hgr,no,no,4,8,0.03,0.0291237,1239.58,cut,4555,2296,no
rKaHyPar,sat14_atco_enc3_opt2_10_12.cnf.dual.hgr,no,no,5,8,0.03,0.0291108,1309.01,cut,4504,2301,no
rKaHyPar,sat14_atco_enc3_opt2_10_12.cnf.dual.hgr,no,no,6,8,0.03,0.0279722,885.276,cut,3955,2314,no
rKaHyPar,sat14_atco_enc3_opt2_10_12.cnf.dual.hgr,no,no,7,8,0.03,0.0296865,1492.94,cut,3468,2411,no
rKaHyPar,sat14_atco_enc3_opt2_10_12.cnf.dual.hgr,no,no,8,8,0.03,0.0173977,1350.57,cut,4452,2363,no
rKaHyPar,sat14_atco_enc3_opt2_10_12.cnf.dual.hgr,no,no,9,8,0.03,0.0299428,1278.3,cut,4141,2283,no
rKaHyPar,sat14_atco_enc3_opt2_10_12.cnf.hgr,no,no,0,128,0.03,0.0299736,1436.04,cut,107349,101341,no
rKaHyPar,sat14_atco_enc3_opt2_10_12.cnf.hgr,no,no,1,128,0.03,0.0299736,1978.22,cut,100952,97533,no
rKaHyPar,sat14_atco_enc3_opt2_10_12.cnf.hgr,no,no,2,128,0.03,0.0299736,1375.7,cut,102278,99169,no
rKaHyPar,sat14_atco_enc3_opt2_10_12.cnf.hgr,no,no,3,128,0.03,0.0299736,1418.05,cut,108959,101889,no
rKaHyPar,sat14_atco_enc3_opt2_10_12.cnf.hgr,no,no,4,128,0.03,0.0299736,2208.1,cut,105986,100400,no
rKaHyPar,sat14_atco_enc3_opt2_10_12.cnf.hgr,no,no,5,128,0.03,0.0299736,2112.23,cut,101511,98302,no
rKaHyPar,sat14_atco_enc3_opt2_10_12.cnf.hgr,no,no,6,128,0.03,0.0299736,1946.57,cut,104230,99717,no
rKaHyPar,sat14_atco_enc3_opt2_10_12.cnf.hgr,no,no,7,128,0.03,0.0299736,1973.81,cut,101648,97833,no
rKaHyPar,sat14_atco_enc3_opt2_10_12.cnf.hgr,no,no,8,128,0.03,0.0299736,1456.72,cut,105412,101722,no
rKaHyPar,sat14_atco_enc3_opt2_10_12.cnf.hgr,no,no,9,128,0.03,0.0299736,1392.97,cut,104063,99316,no
rKaHyPar,sat14_atco_enc3_opt2_10_12.cnf.hgr,no,no,0,16,0.03,0.0287639,2165.59,cut,18436,17811,no
rKaHyPar,sat14_atco_enc3_opt2_10_12.cnf.hgr,no,no,1,16,0.03,0.0266608,1844.99,cut,18755,18203,no
rKaHyPar,sat14_atco_enc3_opt2_10_12.cnf.hgr,no,no,2,16,0.03,0.0291004,1777.22,cut,19362,18885,no
rKaHyPar,sat14_atco_enc3_opt2_10_12.cnf.hgr,no,no,3,16,0.03,0.0292233,1439.68,cut,19646,19516,no
rKaHyPar,sat14_atco_enc3_opt2_10_12.cnf.hgr,no,no,4,16,0.03,0.0292751,1373.27,cut,19219,18808,no
rKaHyPar,sat14_atco_enc3_opt2_10_12.cnf.hgr,no,no,5,16,0.03,0.0266996,2041.13,cut,17813,17506,no
rKaHyPar,sat14_atco_enc3_opt2_10_12.cnf.hgr,no,no,6,16,0.03,0.0288933,1455.23,cut,20596,19875,no
rKaHyPar,sat14_atco_enc3_opt2_10_12.cnf.hgr,no,no,7,16,0.03,0.0295275,1604.44,cut,18307,17996,no
rKaHyPar,sat14_atco_enc3_opt2_10_12.cnf.hgr,no,no,8,16,0.03,0.0293334,1366.4,cut,17106,16978,no
rKaHyPar,sat14_atco_enc3_opt2_10_12.cnf.hgr,no,no,9,16,0.03,0.0282721,1656.33,cut,18558,18226,no
rKaHyPar,sat14_atco_enc3_opt2_10_12.cnf.hgr,no,no,0,2,0.03,0.0183876,267.842,cut,558,558,no
rKaHyPar,sat14_atco_enc3_opt2_10_12.cnf.hgr,no,no,1,2,0.03,0.00958448,398.968,cut,417,417,no
rKaHyPar,sat14_atco_enc3_opt2_10_12.cnf.hgr,no,no,2,2,0.03,0.00958367,358.027,cut,417,417,no
rKaHyPar,sat14_atco_enc3_opt2_10_12.cnf.hgr,no,no,3,2,0.03,0.00958448,377.279,cut,417,417,no
rKaHyPar,sat14_atco_enc3_opt2_10_12.cnf.hgr,no,no,4,2,0.03,0.0183876,268.315,cut,558,558,no
rKaHyPar,sat14_atco_enc3_opt2_10_12.cnf.hgr,no,no,5,2,0.03,0.0138926,301.416,cut,750,750,no
rKaHyPar,sat14_atco_enc3_opt2_10_12.cnf.hgr,no,no,6,2,0.03,0.00512914,338.981,cut,698,698,no
rKaHyPar,sat14_atco_enc3_opt2_10_12.cnf.hgr,no,no,7,2,0.03,0.0162327,255.501,cut,417,417,no
rKaHyPar,sat14_atco_enc3_opt2_10_12.cnf.hgr,no,no,8,2,0.03,0.0161316,289.024,cut,483,483,no
rKaHyPar,sat14_atco_enc3_opt2_10_12.cnf.hgr,no,no,9,2,0.03,0.00512833,353.889,cut,698,698,no
rKaHyPar,sat14_atco_enc3_opt2_10_12.cnf.hgr,no,no,0,32,0.03,0.0298704,1376.73,cut,33879,33459,no
rKaHyPar,sat14_atco_enc3_opt2_10_12.cnf.hgr,no,no,1,32,0.03,0.0299481,1208.65,cut,34133,33603,no
rKaHyPar,sat14_atco_enc3_opt2_10_12.cnf.hgr,no,no,2,32,0.03,0.0299999,1890.15,cut,34403,34047,no
rKaHyPar,sat14_atco_enc3_opt2_10_12.cnf.hgr,no,no,3,32,0.03,0.0297669,1796.7,cut,34878,34282,no
rKaHyPar,sat14_atco_enc3_opt2_10_12.cnf.hgr,no,no,4,32,0.03,0.0298834,1296.84,cut,32159,31652,no
rKaHyPar,sat14_atco_enc3_opt2_10_12.cnf.hgr,no,no,5,32,0.03,0.0294434,1255.77,cut,33224,32740,no
rKaHyPar,sat14_atco_enc3_opt2_10_12.cnf.hgr,no,no,6,32,0.03,0.0298187,1242.18,cut,36463,36066,no
rKaHyPar,sat14_atco_enc3_opt2_10_12.cnf.hgr,no,no,7,32,0.03,0.0299999,1777.47,cut,34267,33563,no
rKaHyPar,sat14_atco_enc3_opt2_10_12.cnf.hgr,no,no,8,32,0.03,0.029974,1967.79,cut,34993,34377,no
rKaHyPar,sat14_atco_enc3_opt2_10_12.cnf.hgr,no,no,9,32,0.03,0.0296634,1225.81,cut,32773,32334,no
rKaHyPar,sat14_atco_enc3_opt2_10_12.cnf.hgr,no,no,0,4,0.03,0.0206298,1264.64,cut,3564,3450,no
rKaHyPar,sat14_atco_enc3_opt2_10_12.cnf.hgr,no,no,1,4,0.03,0.0275328,851.883,cut,3579,3453,no
rKaHyPar,sat14_atco_enc3_opt2_10_12.cnf.hgr,no,no,2,4,0.03,0.0278273,954.567,cut,3681,3567,no
rKaHyPar,sat14_atco_enc3_opt2_10_12.cnf.hgr,no,no,3,4,0.03,0.0279729,967.812,cut,3507,3427,no
rKaHyPar,sat14_atco_enc3_opt2_10_12.cnf.hgr,no,no,4,4,0.03,0.0293722,652.901,cut,3692,3593,no
rKaHyPar,sat14_atco_enc3_opt2_10_12.cnf.hgr,no,no,5,4,0.03,0.0175043,969.172,cut,3615,3596,no
rKaHyPar,sat14_atco_enc3_opt2_10_12.cnf.hgr,no,no,6,4,0.03,0.0228623,598.814,cut,3733,3688,no
rKaHyPar,sat14_atco_enc3_opt2_10_12.cnf.hgr,no,no,7,4,0.03,0.029555,979.404,cut,3837,3706,no
rKaHyPar,sat14_atco_enc3_opt2_10_12.cnf.hgr,no,no,8,4,0.03,0.0267256,1025.16,cut,3691,3646,no
rKaHyPar,sat14_atco_enc3_opt2_10_12.cnf.hgr,no,no,9,4,0.03,0.026271,800.85,cut,3706,3693,no
rKaHyPar,sat14_atco_enc3_opt2_10_12.cnf.hgr,no,no,0,64,0.03,0.0298701,1348.93,cut,56611,53340,no
rKaHyPar,sat14_atco_enc3_opt2_10_12.cnf.hgr,no,no,1,64,0.03,0.0299995,1960.22,cut,58190,56897,no
rKaHyPar,sat14_atco_enc3_opt2_10_12.cnf.hgr,no,no,3,64,0.03,0.0299995,1296.57,cut,59294,56638,no
rKaHyPar,sat14_atco_enc3_opt2_10_12.cnf.hgr,no,no,4,64,0.03,0.0299995,1987.32,cut,60763,57110,no
rKaHyPar,sat14_atco_enc3_opt2_10_12.cnf.hgr,no,no,5,64,0.03,0.0299995,1313.91,cut,60357,56543,no
rKaHyPar,sat14_atco_enc3_opt2_10_12.cnf.hgr,no,no,6,64,0.03,0.0299477,1891.78,cut,55223,53787,no
rKaHyPar,sat14_atco_enc3_opt2_10_12.cnf.hgr,no,no,7,64,0.03,0.0299995,1320.12,cut,55446,51981,no
rKaHyPar,sat14_atco_enc3_opt2_10_12.cnf.hgr,no,no,9,64,0.03,0.0292488,1285.81,cut,54833,51588,no
rKaHyPar,sat14_atco_enc3_opt2_10_12.cnf.hgr,no,no,0,8,0.03,0.0297766,1156.01,cut,8977,8407,no
rKaHyPar,sat14_atco_enc3_opt2_10_12.cnf.hgr,no,no,1,8,0.03,0.0294466,1323.57,cut,8727,7875,no
rKaHyPar,sat14_atco_enc3_opt2_10_12.cnf.hgr,no,no,2,8,0.03,0.0295372,1455.04,cut,7701,7446,no
rKaHyPar,sat14_atco_enc3_opt2_10_12.cnf.hgr,no,no,3,8,0.03,0.0298834,1021.6,cut,7816,7588,no
rKaHyPar,sat14_atco_enc3_opt2_10_12.cnf.hgr,no,no,4,8,0.03,0.0296698,1482.78,cut,7856,7653,no
rKaHyPar,sat14_atco_enc3_opt2_10_12.cnf.hgr,no,no,5,8,0.03,0.0297346,1459.52,cut,8296,8116,no
rKaHyPar,sat14_atco_enc3_opt2_10_12.cnf.hgr,no,no,6,8,0.03,0.0299902,1153.39,cut,9332,9220,no
rKaHyPar,sat14_atco_enc3_opt2_10_12.cnf.hgr,no,no,7,8,0.03,0.0292136,1220.46,cut,8903,8727,no
rKaHyPar,sat14_atco_enc3_opt2_10_12.cnf.hgr,no,no,8,8,0.03,0.0299287,1879.01,cut,8829,8351,no
rKaHyPar,sat14_atco_enc3_opt2_10_12.cnf.hgr,no,no,9,8,0.03,0.0297507,1313.46,cut,8854,8672,no
rKaHyPar,sat14_atco_enc3_opt2_10_12.cnf.primal.hgr,no,no,0,128,0.03,0.0299203,1198.13,cut,163011,161077,no
rKaHyPar,sat14_atco_enc3_opt2_10_12.cnf.primal.hgr,no,no,1,128,0.03,0.0299203,1706.47,cut,166945,165380,no
rKaHyPar,sat14_atco_enc3_opt2_10_12.cnf.primal.hgr,no,no,2,128,0.03,0.0295062,1723.15,cut,164482,163163,no
rKaHyPar,sat14_atco_enc3_opt2_10_12.cnf.primal.hgr,no,no,3,128,0.03,0.0299203,1204.58,cut,167101,165631,no
rKaHyPar,sat14_atco_enc3_opt2_10_12.cnf.primal.hgr,no,no,4,128,0.03,0.0299203,1757.6,cut,162098,160611,no
rKaHyPar,sat14_atco_enc3_opt2_10_12.cnf.primal.hgr,no,no,5,128,0.03,0.0286779,1707.62,cut,164542,162315,no
rKaHyPar,sat14_atco_enc3_opt2_10_12.cnf.primal.hgr,no,no,6,128,0.03,0.0299203,1701.09,cut,165253,163795,no
rKaHyPar,sat14_atco_enc3_opt2_10_12.cnf.primal.hgr,no,no,7,128,0.03,0.0299203,1684.2,cut,163209,161027,no
rKaHyPar,sat14_atco_enc3_opt2_10_12.cnf.primal.hgr,no,no,8,128,0.03,0.0299203,1218.49,cut,162021,160578,no
rKaHyPar,sat14_atco_enc3_opt2_10_12.cnf.primal.hgr,no,no,9,128,0.03,0.0269179,1201,cut,161764,159835,no
rKaHyPar,sat14_atco_enc3_opt2_10_12.cnf.primal.hgr,no,no,0,16,0.03,0.0286021,1462.47,cut,20438,19902,no
rKaHyPar,sat14_atco_enc3_opt2_10_12.cnf.primal.hgr,no,no,1,16,0.03,0.0294434,1473.67,cut,19601,19032,no
rKaHyPar,sat14_atco_enc3_opt2_10_12.cnf.primal.hgr,no,no,2,16,0.03,0.0273208,1569.78,cut,20371,19867,no
rKaHyPar,sat14_atco_enc3_opt2_10_12.cnf.primal.hgr,no,no,3,16,0.03,0.0278903,1017.87,cut,20612,20061,no
rKaHyPar,sat14_atco_enc3_opt2_10_12.cnf.primal.hgr,no,no,4,16,0.03,0.0294822,974.962,cut,19982,19377,no
rKaHyPar,sat14_atco_enc3_opt2_10_12.cnf.primal.hgr,no,no,5,16,0.03,0.0275409,1501.81,cut,20082,19485,no
rKaHyPar,sat14_atco_enc3_opt2_10_12.cnf.primal.hgr,no,no,6,16,0.03,0.0277609,1054.52,cut,21100,20554,no
rKaHyPar,sat14_atco_enc3_opt2_10_12.cnf.primal.hgr,no,no,7,16,0.03,0.0291198,1339.6,cut,19911,19250,no
rKaHyPar,sat14_atco_enc3_opt2_10_12.cnf.primal.hgr,no,no,8,16,0.03,0.0266996,1124.05,cut,20677,20094,no
rKaHyPar,sat14_atco_enc3_opt2_10_12.cnf.primal.hgr,no,no,9,16,0.03,0.0273208,1475.37,cut,20457,19914,no
rKaHyPar,sat14_atco_enc3_opt2_10_12.cnf.primal.hgr,no,no,0,2,0.03,0.0213173,220.395,cut,1111,1111,no
rKaHyPar,sat14_atco_enc3_opt2_10_12.cnf.primal.hgr,no,no,1,2,0.03,0.0151763,308.405,cut,859,859,no
rKaHyPar,sat14_atco_enc3_opt2_10_12.cnf.primal.hgr,no,no,2,2,0.03,0.00855799,306.368,cut,1169,1169,no
rKaHyPar,sat14_atco_enc3_opt2_10_12.cnf.primal.hgr,no,no,3,2,0.03,0.0238362,326.429,cut,863,863,no
rKaHyPar,sat14_atco_enc3_opt2_10_12.cnf.primal.hgr,no,no,4,2,0.03,0.020688,226.451,cut,921,921,no
rKaHyPar,sat14_atco_enc3_opt2_10_12.cnf.primal.hgr,no,no,5,2,0.03,0.018394,223.032,cut,1173,1173,no
rKaHyPar,sat14_atco_enc3_opt2_10_12.cnf.primal.hgr,no,no,6,2,0.03,0.014437,319.978,cut,929,929,no
rKaHyPar,sat14_atco_enc3_opt2_10_12.cnf.primal.hgr,no,no,7,2,0.03,0.01224,232.151,cut,1173,1173,no
rKaHyPar,sat14_atco_enc3_opt2_10_12.cnf.primal.hgr,no,no,8,2,0.03,0.0151779,221.909,cut,859,859,no
rKaHyPar,sat14_atco_enc3_opt2_10_12.cnf.primal.hgr,no,no,9,2,0.03,0.0144386,317.413,cut,929,929,no
rKaHyPar,sat14_atco_enc3_opt2_10_12.cnf.primal.hgr,no,no,0,32,0.03,0.0299736,1122.55,cut,38935,38198,no
rKaHyPar,sat14_atco_enc3_opt2_10_12.cnf.primal.hgr,no,no,1,32,0.03,0.0299736,1086.86,cut,38908,38250,no
rKaHyPar,sat14_atco_enc3_opt2_10_12.cnf.primal.hgr,no,no,2,32,0.03,0.0299995,1597.29,cut,40458,39615,no
rKaHyPar,sat14_atco_enc3_opt2_10_12.cnf.primal.hgr,no,no,3,32,0.03,0.0295336,1508.45,cut,41405,40686,no
rKaHyPar,sat14_atco_enc3_opt2_10_12.cnf.primal.hgr,no,no,4,32,0.03,0.0299995,1042.79,cut,38734,37952,no
rKaHyPar,sat14_atco_enc3_opt2_10_12.cnf.primal.hgr,no,no,5,32,0.03,0.0299995,1115.89,cut,39002,38377,no
rKaHyPar,sat14_atco_enc3_opt2_10_12.cnf.primal.hgr,no,no,6,32,0.03,0.0298442,1142.61,cut,42231,41560,no
rKaHyPar,sat14_atco_enc3_opt2_10_12.cnf.primal.hgr,no,no,7,32,0.03,0.0295336,1585.78,cut,39954,39139,no
rKaHyPar,sat14_atco_enc3_opt2_10_12.cnf.primal.hgr,no,no,8,32,0.03,0.0298442,1512.83,cut,39594,38923,no
rKaHyPar,sat14_atco_enc3_opt2_10_12.cnf.primal.hgr,no,no,9,32,0.03,0.0295336,1070.6,cut,39747,39155,no
rKaHyPar,sat14_atco_enc3_opt2_10_12.cnf.primal.hgr,no,no,1,4,0.03,0.0284242,653.563,cut,3982,3784,no
rKaHyPar,sat14_atco_enc3_opt2_10_12.cnf.primal.hgr,no,no,2,4,0.03,0.0230046,842.806,cut,4216,3978,no
rKaHyPar,sat14_atco_enc3_opt2_10_12.cnf.primal.hgr,no,no,3,4,0.03,0.0273985,723.622,cut,3951,3823,no
rKaHyPar,sat14_atco_enc3_opt2_10_12.cnf.primal.hgr,no,no,4,4,0.03,0.027502,513.659,cut,4086,3877,no
rKaHyPar,sat14_atco_enc3_opt2_10_12.cnf.primal.hgr,no,no,5,4,0.03,0.0247227,512.946,cut,4330,4122,no
rKaHyPar,sat14_atco_enc3_opt2_10_12.cnf.primal.hgr,no,no,6,4,0.03,0.0274632,549.168,cut,4072,3782,no
rKaHyPar,sat14_atco_enc3_opt2_10_12.cnf.primal.hgr,no,no,7,4,0.03,0.0231664,540.136,cut,4234,3988,no
rKaHyPar,sat14_atco_enc3_opt2_10_12.cnf.primal.hgr,no,no,8,4,0.03,0.0186108,746.351,cut,4067,3933,no
rKaHyPar,sat14_atco_enc3_opt2_10_12.cnf.primal.hgr,no,no,9,4,0.03,0.0273823,502.566,cut,3983,3723,no
rKaHyPar,sat14_atco_enc3_opt2_10_12.cnf.primal.hgr,no,no,0,64,0.03,0.0293524,1131.41,cut,83667,82891,no
rKaHyPar,sat14_atco_enc3_opt2_10_12.cnf.primal.hgr,no,no,1,64,0.03,0.0286794,1623.57,cut,80667,79945,no
rKaHyPar,sat14_atco_enc3_opt2_10_12.cnf.primal.hgr,no,no,3,64,0.03,0.0298183,1168.88,cut,82689,81973,no
rKaHyPar,sat14_atco_enc3_opt2_10_12.cnf.primal.hgr,no,no,4,64,0.03,0.0299736,1645.06,cut,82469,81703,no
rKaHyPar,sat14_atco_enc3_opt2_10_12.cnf.primal.hgr,no,no,5,64,0.03,0.0299736,1162.76,cut,81644,80865,no
rKaHyPar,sat14_atco_enc3_opt2_10_12.cnf.primal.hgr,no,no,6,64,0.03,0.0295077,1590.86,cut,81721,80935,no
rKaHyPar,sat14_atco_enc3_opt2_10_12.cnf.primal.hgr,no,no,9,64,0.03,0.0291971,1158.05,cut,81902,81195,no
rKaHyPar,sat14_atco_enc3_opt2_10_12.cnf.primal.hgr,no,no,0,8,0.03,0.029631,777.185,cut,9455,9051,no
rKaHyPar,sat14_atco_enc3_opt2_10_12.cnf.primal.hgr,no,no,1,8,0.03,0.029741,844.21,cut,9738,9171,no
rKaHyPar,sat14_atco_enc3_opt2_10_12.cnf.primal.hgr,no,no,2,8,0.03,0.0299416,1171.27,cut,9869,9409,no
rKaHyPar,sat14_atco_enc3_opt2_10_12.cnf.primal.hgr,no,no,3,8,0.03,0.0299675,790.567,cut,9687,9143,no
rKaHyPar,sat14_atco_enc3_opt2_10_12.cnf.primal.hgr,no,no,4,8,0.03,0.029644,1187.47,cut,9587,9054,no
rKaHyPar,sat14_atco_enc3_opt2_10_12.cnf.primal.hgr,no,no,5,8,0.03,0.0293398,1201.24,cut,9787,9224,no
rKaHyPar,sat14_atco_enc3_opt2_10_12.cnf.primal.hgr,no,no,6,8,0.03,0.0268614,798.458,cut,10207,9672,no
rKaHyPar,sat14_atco_enc3_opt2_10_12.cnf.primal.hgr,no,no,7,8,0.03,0.0290033,1121.06,cut,9631,9058,no
rKaHyPar,sat14_atco_enc3_opt2_10_12.cnf.primal.hgr,no,no,8,8,0.03,0.0289516,1118.9,cut,9530,9082,no
rKaHyPar,sat14_atco_enc3_opt2_10_12.cnf.primal.hgr,no,no,9,8,0.03,0.0299999,1424.57,cut,9636,9083,no
rKaHyPar,sat14_atco_enc3_opt2_10_14.cnf.dual.hgr,no,no,0,128,0.03,0.0294513,1357.56,cut,46365,18894,no
rKaHyPar,sat14_atco_enc3_opt2_10_14.cnf.dual.hgr,no,no,1,128,0.03,0.0298909,2012.12,cut,46300,18824,no
rKaHyPar,sat14_atco_enc3_opt2_10_14.cnf.dual.hgr,no,no,2,128,0.03,0.0295547,1361.18,cut,46140,18833,no
rKaHyPar,sat14_atco_enc3_opt2_10_14.cnf.dual.hgr,no,no,3,128,0.03,0.0296323,1360.35,cut,45670,19025,no
rKaHyPar,sat14_atco_enc3_opt2_10_14.cnf.dual.hgr,no,no,4,128,0.03,0.0299943,1375.03,cut,48010,19079,no
rKaHyPar,sat14_atco_enc3_opt2_10_14.cnf.dual.hgr,no,no,5,128,0.03,0.0285463,2020.24,cut,46284,19048,no
rKaHyPar,sat14_atco_enc3_opt2_10_14.cnf.dual.hgr,no,no,6,128,0.03,0.0298392,2007.66,cut,46096,18852,no
rKaHyPar,sat14_atco_enc3_opt2_10_14.cnf.dual.hgr,no,no,7,128,0.03,0.0298392,1403.41,cut,45749,18963,no
rKaHyPar,sat14_atco_enc3_opt2_10_14.cnf.dual.hgr,no,no,8,128,0.03,0.0298133,1379.34,cut,44686,18718,no
rKaHyPar,sat14_atco_enc3_opt2_10_14.cnf.dual.hgr,no,no,9,128,0.03,0.0295806,1357.88,cut,45387,18950,no
rKaHyPar,sat14_atco_enc3_opt2_10_14.cnf.dual.hgr,no,no,0,16,0.03,0.0289797,2081.93,cut,9070,5917,no
rKaHyPar,sat14_atco_enc3_opt2_10_14.cnf.dual.hgr,no,no,1,16,0.03,0.0298621,1326.35,cut,9742,6083,no
rKaHyPar,sat14_atco_enc3_opt2_10_14.cnf.dual.hgr,no,no,2,16,0.03,0.0299332,1825.71,cut,10012,5995,no
rKaHyPar,sat14_atco_enc3_opt2_10_14.cnf.dual.hgr,no,no,3,16,0.03,0.0295938,1297.87,cut,9155,6000,no
rKaHyPar,sat14_atco_enc3_opt2_10_14.cnf.dual.hgr,no,no,4,16,0.03,0.0291478,1882.7,cut,9718,5966,no
rKaHyPar,sat14_atco_enc3_opt2_10_14.cnf.dual.hgr,no,no,5,16,0.03,0.0286856,1990.88,cut,10160,6091,no
rKaHyPar,sat14_atco_enc3_opt2_10_14.cnf.dual.hgr,no,no,6,16,0.03,0.0290961,1350.83,cut,10224,6100,no
rKaHyPar,sat14_atco_enc3_opt2_10_14.cnf.dual.hgr,no,no,7,16,0.03,0.0293158,1406.76,cut,9073,5798,no
rKaHyPar,sat14_atco_enc3_opt2_10_14.cnf.dual.hgr,no,no,8,16,0.03,0.0297716,1377.05,cut,8531,5768,no
rKaHyPar,sat14_atco_enc3_opt2_10_14.cnf.dual.hgr,no,no,9,16,0.03,0.0295356,1978.03,cut,9592,5875,no
rKaHyPar,sat14_atco_enc3_opt2_10_14.cnf.dual.hgr,no,no,0,2,0.03,0.0205013,259.249,cut,401,401,no
rKaHyPar,sat14_atco_enc3_opt2_10_14.cnf.dual.hgr,no,no,1,2,0.03,0.0136943,256.63,cut,459,459,no
rKaHyPar,sat14_atco_enc3_opt2_10_14.cnf.dual.hgr,no,no,2,2,0.03,0.010646,367.154,cut,457,457,no
rKaHyPar,sat14_atco_enc3_opt2_10_14.cnf.dual.hgr,no,no,3,2,0.03,0.00549754,373.581,cut,401,401,no
rKaHyPar,sat14_atco_enc3_opt2_10_14.cnf.dual.hgr,no,no,4,2,0.03,0.0110625,376.589,cut,461,461,no
rKaHyPar,sat14_atco_enc3_opt2_10_14.cnf.dual.hgr,no,no,5,2,0.03,0.0237254,260.01,cut,460,460,no
rKaHyPar,sat14_atco_enc3_opt2_10_14.cnf.dual.hgr,no,no,6,2,0.03,0.0106351,377.396,cut,457,457,no
rKaHyPar,sat14_atco_enc3_opt2_10_14.cnf.dual.hgr,no,no,7,2,0.03,0.0208492,380.71,cut,401,401,no
rKaHyPar,sat14_atco_enc3_opt2_10_14.cnf.dual.hgr,no,no,8,2,0.03,0.0166231,258.939,cut,459,459,no
rKaHyPar,sat14_atco_enc3_opt2_10_14.cnf.dual.hgr,no,no,9,2,0.03,0.0142394,376.069,cut,459,459,no
rKaHyPar,sat14_atco_enc3_opt2_10_14.cnf.dual.hgr,no,no,0,32,0.03,0.0299234,1914.79,cut,16392,8162,no
rKaHyPar,sat14_atco_enc3_opt2_10_14.cnf.dual.hgr,no,no,1,32,0.03,0.0299363,1298.14,cut,19060,8318,no
rKaHyPar,sat14_atco_enc3_opt2_10_14.cnf.dual.hgr,no,no,2,32,0.03,0.0297683,1890.69,cut,17286,8258,no
rKaHyPar,sat14_atco_enc3_opt2_10_14.cnf.dual.hgr,no,no,3,32,0.03,0.0296713,1297.03,cut,16472,7926,no
rKaHyPar,sat14_atco_enc3_opt2_10_14.cnf.dual.hgr,no,no,4,32,0.03,0.0298264,1254.95,cut,17715,8113,no
rKaHyPar,sat14_atco_enc3_opt2_10_14.cnf.dual.hgr,no,no,5,32,0.03,0.0299299,1301.32,cut,17102,8072,no
rKaHyPar,sat14_atco_enc3_opt2_10_14.cnf.dual.hgr,no,no,6,32,0.03,0.0298717,1281.98,cut,17001,8152,no
rKaHyPar,sat14_atco_enc3_opt2_10_14.cnf.dual.hgr,no,no,7,32,0.03,0.02982,1882.27,cut,17161,8012,no
rKaHyPar,sat14_atco_enc3_opt2_10_14.cnf.dual.hgr,no,no,8,32,0.03,0.0299816,1953.11,cut,17255,8292,no
rKaHyPar,sat14_atco_enc3_opt2_10_14.cnf.dual.hgr,no,no,9,32,0.03,0.0296907,1899.38,cut,18817,8479,no
rKaHyPar,sat14_atco_enc3_opt2_10_14.cnf.dual.hgr,no,no,0,4,0.03,0.02772,762.789,cut,1824,1555,no
rKaHyPar,sat14_atco_enc3_opt2_10_14.cnf.dual.hgr,no,no,1,4,0.03,0.0294031,781.514,cut,1703,1397,no
rKaHyPar,sat14_atco_enc3_opt2_10_14.cnf.dual.hgr,no,no,2,4,0.03,0.0277289,1038.39,cut,1611,1575,no
rKaHyPar,sat14_atco_enc3_opt2_10_14.cnf.dual.hgr,no,no,3,4,0.03,0.0193462,1063.48,cut,1673,1517,no
rKaHyPar,sat14_atco_enc3_opt2_10_14.cnf.dual.hgr,no,no,4,4,0.03,0.0115809,782.202,cut,1789,1460,no
rKaHyPar,sat14_atco_enc3_opt2_10_14.cnf.dual.hgr,no,no,5,4,0.03,0.0256595,702.975,cut,1599,1475,no
rKaHyPar,sat14_atco_enc3_opt2_10_14.cnf.dual.hgr,no,no,6,4,0.03,0.0295631,828.986,cut,2009,1493,no
rKaHyPar,sat14_atco_enc3_opt2_10_14.cnf.dual.hgr,no,no,7,4,0.03,0.0284246,714.453,cut,1779,1452,no
rKaHyPar,sat14_atco_enc3_opt2_10_14.cnf.dual.hgr,no,no,8,4,0.03,0.0291211,1185.87,cut,1524,1441,no
rKaHyPar,sat14_atco_enc3_opt2_10_14.cnf.dual.hgr,no,no,9,4,0.03,0.0297078,752.052,cut,1870,1410,no
rKaHyPar,sat14_atco_enc3_opt2_10_14.cnf.dual.hgr,no,no,0,64,0.03,0.0292574,1357.45,cut,30219,12681,no
rKaHyPar,sat14_atco_enc3_opt2_10_14.cnf.dual.hgr,no,no,1,64,0.03,0.0299943,2002.4,cut,28294,12542,no
rKaHyPar,sat14_atco_enc3_opt2_10_14.cnf.dual.hgr,no,no,3,64,0.03,0.0299297,1357.68,cut,27893,12382,no
rKaHyPar,sat14_atco_enc3_opt2_10_14.cnf.dual.hgr,no,no,4,64,0.03,0.0299685,1964.2,cut,30206,12599,no
rKaHyPar,sat14_atco_enc3_opt2_10_14.cnf.dual.hgr,no,no,5,64,0.03,0.0297487,1321.57,cut,28457,12398,no
rKaHyPar,sat14_atco_enc3_opt2_10_14.cnf.dual.hgr,no,no,6,64,0.03,0.0297616,2061.24,cut,28498,12411,no
rKaHyPar,sat14_atco_enc3_opt2_10_14.cnf.dual.hgr,no,no,8,64,0.03,0.0299297,1331.84,cut,28434,12619,no
rKaHyPar,sat14_atco_enc3_opt2_10_14.cnf.dual.hgr,no,no,9,64,0.03,0.0294901,1374.91,cut,28840,12433,no
rKaHyPar,sat14_atco_enc3_opt2_10_14.cnf.dual.hgr,no,no,0,8,0.03,0.029387,859.325,cut,4195,2280,no
rKaHyPar,sat14_atco_enc3_opt2_10_14.cnf.dual.hgr,no,no,1,8,0.03,0.0286209,904.438,cut,4318,2322,no
rKaHyPar,sat14_atco_enc3_opt2_10_14.cnf.dual.hgr,no,no,2,8,0.03,0.0298782,866.268,cut,4426,2281,no
rKaHyPar,sat14_atco_enc3_opt2_10_14.cnf.dual.hgr,no,no,3,8,0.03,0.0291074,904.962,cut,3926,2251,no
rKaHyPar,sat14_atco_enc3_opt2_10_14.cnf.dual.hgr,no,no,4,8,0.03,0.0287486,1256.13,cut,4339,2320,no
rKaHyPar,sat14_atco_enc3_opt2_10_14.cnf.dual.hgr,no,no,5,8,0.03,0.0286775,1320.84,cut,4752,2318,no
rKaHyPar,sat14_atco_enc3_opt2_10_14.cnf.dual.hgr,no,no,6,8,0.03,0.0295922,865.281,cut,4583,2314,no
rKaHyPar,sat14_atco_enc3_opt2_10_14.cnf.dual.hgr,no,no,7,8,0.03,0.029033,1301.37,cut,4251,2244,no
rKaHyPar,sat14_atco_enc3_opt2_10_14.cnf.dual.hgr,no,no,8,8,0.03,0.0291817,1432.98,cut,3375,2344,no
rKaHyPar,sat14_atco_enc3_opt2_10_14.cnf.dual.hgr,no,no,9,8,0.03,0.0191587,1353.3,cut,4740,2710,no
rKaHyPar,sat14_atco_enc3_opt2_10_14.cnf.hgr,no,no,0,128,0.03,0.0299701,1364.33,cut,104403,99376,no
rKaHyPar,sat14_atco_enc3_opt2_10_14.cnf.hgr,no,no,1,128,0.03,0.0294027,1940.07,cut,101435,98123,no
rKaHyPar,sat14_atco_enc3_opt2_10_14.cnf.hgr,no,no,2,128,0.03,0.0299701,2025.85,cut,101932,97692,no
rKaHyPar,sat14_atco_enc3_opt2_10_14.cnf.hgr,no,no,3,128,0.03,0.0299701,1395.69,cut,103118,99225,no
rKaHyPar,sat14_atco_enc3_opt2_10_14.cnf.hgr,no,no,4,128,0.03,0.0299701,1446.36,cut,105876,101359,no
rKaHyPar,sat14_atco_enc3_opt2_10_14.cnf.hgr,no,no,5,128,0.03,0.0299701,1999.65,cut,105173,100630,no
rKaHyPar,sat14_atco_enc3_opt2_10_14.cnf.hgr,no,no,6,128,0.03,0.0299701,2003,cut,102253,97835,no
rKaHyPar,sat14_atco_enc3_opt2_10_14.cnf.hgr,no,no,7,128,0.03,0.0299701,1407.56,cut,103950,100478,no
rKaHyPar,sat14_atco_enc3_opt2_10_14.cnf.hgr,no,no,8,128,0.03,0.0299701,1379.76,cut,101390,97337,no
rKaHyPar,sat14_atco_enc3_opt2_10_14.cnf.hgr,no,no,9,128,0.03,0.0299701,1382.9,cut,106389,102331,no
rKaHyPar,sat14_atco_enc3_opt2_10_14.cnf.hgr,no,no,0,16,0.03,0.0291775,1739.69,cut,17898,17629,no
rKaHyPar,sat14_atco_enc3_opt2_10_14.cnf.hgr,no,no,1,16,0.03,0.029184,1182.71,cut,17936,17768,no
rKaHyPar,sat14_atco_enc3_opt2_10_14.cnf.hgr,no,no,2,16,0.03,0.028681,1936.5,cut,19113,18753,no
rKaHyPar,sat14_atco_enc3_opt2_10_14.cnf.hgr,no,no,3,16,0.03,0.0287971,1442.48,cut,18268,18047,no
rKaHyPar,sat14_atco_enc3_opt2_10_14.cnf.hgr,no,no,4,16,0.03,0.0293001,1822.67,cut,18964,18780,no
rKaHyPar,sat14_atco_enc3_opt2_10_14.cnf.hgr,no,no,5,16,0.03,0.0295773,1826.82,cut,19650,19080,no
rKaHyPar,sat14_atco_enc3_opt2_10_14.cnf.hgr,no,no,6,16,0.03,0.0299191,1110.03,cut,18445,18075,no
rKaHyPar,sat14_atco_enc3_opt2_10_14.cnf.hgr,no,no,7,16,0.03,0.0298481,1751.14,cut,18220,17949,no
rKaHyPar,sat14_atco_enc3_opt2_10_14.cnf.hgr,no,no,8,16,0.03,0.0291066,1396.13,cut,19030,18641,no
rKaHyPar,sat14_atco_enc3_opt2_10_14.cnf.hgr,no,no,9,16,0.03,0.0285392,1717.16,cut,18967,18776,no
rKaHyPar,sat14_atco_enc3_opt2_10_14.cnf.hgr,no,no,0,2,0.03,0.0206686,256.037,cut,452,452,no
rKaHyPar,sat14_atco_enc3_opt2_10_14.cnf.hgr,no,no,1,2,0.03,0.0134822,276.863,cut,642,642,no
rKaHyPar,sat14_atco_enc3_opt2_10_14.cnf.hgr,no,no,2,2,0.03,0.0183827,396.587,cut,558,558,no
rKaHyPar,sat14_atco_enc3_opt2_10_14.cnf.hgr,no,no,3,2,0.03,0.00825839,378.221,cut,417,417,no
rKaHyPar,sat14_atco_enc3_opt2_10_14.cnf.hgr,no,no,4,2,0.03,0.00825839,377.526,cut,417,417,no
rKaHyPar,sat14_atco_enc3_opt2_10_14.cnf.hgr,no,no,5,2,0.03,0.00825839,263.3,cut,417,417,no
rKaHyPar,sat14_atco_enc3_opt2_10_14.cnf.hgr,no,no,6,2,0.03,0.00825839,379.671,cut,417,417,no
rKaHyPar,sat14_atco_enc3_opt2_10_14.cnf.hgr,no,no,7,2,0.03,0.0206677,405.657,cut,452,452,no
rKaHyPar,sat14_atco_enc3_opt2_10_14.cnf.hgr,no,no,8,2,0.03,0.0158172,266.733,cut,418,418,no
rKaHyPar,sat14_atco_enc3_opt2_10_14.cnf.hgr,no,no,9,2,0.03,0.0206686,373.905,cut,452,452,no
rKaHyPar,sat14_atco_enc3_opt2_10_14.cnf.hgr,no,no,0,32,0.03,0.0298802,1919.63,cut,34742,34060,no
rKaHyPar,sat14_atco_enc3_opt2_10_14.cnf.hgr,no,no,1,32,0.03,0.0299318,1173.54,cut,33540,32803,no
rKaHyPar,sat14_atco_enc3_opt2_10_14.cnf.hgr,no,no,2,32,0.03,0.0290677,1679.15,cut,33396,32850,no
rKaHyPar,sat14_atco_enc3_opt2_10_14.cnf.hgr,no,no,3,32,0.03,0.0298931,1343.09,cut,35475,35250,no
rKaHyPar,sat14_atco_enc3_opt2_10_14.cnf.hgr,no,no,4,32,0.03,0.0299705,1336.3,cut,33521,33155,no
rKaHyPar,sat14_atco_enc3_opt2_10_14.cnf.hgr,no,no,5,32,0.03,0.029661,1222.92,cut,34820,34203,no
rKaHyPar,sat14_atco_enc3_opt2_10_14.cnf.hgr,no,no,6,32,0.03,0.0293644,1306.55,cut,33469,32831,no
rKaHyPar,sat14_atco_enc3_opt2_10_14.cnf.hgr,no,no,7,32,0.03,0.0299705,1908.41,cut,35792,35354,no
rKaHyPar,sat14_atco_enc3_opt2_10_14.cnf.hgr,no,no,8,32,0.03,0.0298673,1842.75,cut,34728,34224,no
rKaHyPar,sat14_atco_enc3_opt2_10_14.cnf.hgr,no,no,9,32,0.03,0.0294804,1821.75,cut,35105,34910,no
rKaHyPar,sat14_atco_enc3_opt2_10_14.cnf.hgr,no,no,0,4,0.03,0.0245398,649.059,cut,3757,3631,no
rKaHyPar,sat14_atco_enc3_opt2_10_14.cnf.hgr,no,no,1,4,0.03,0.0297337,765.802,cut,3574,3555,no
rKaHyPar,sat14_atco_enc3_opt2_10_14.cnf.hgr,no,no,2,4,0.03,0.0262969,1030.23,cut,3907,3784,no
rKaHyPar,sat14_atco_enc3_opt2_10_14.cnf.hgr,no,no,3,4,0.03,0.0243173,1413.58,cut,3800,3702,no
rKaHyPar,sat14_atco_enc3_opt2_10_14.cnf.hgr,no,no,4,4,0.03,0.029687,1034.5,cut,3602,3587,no
rKaHyPar,sat14_atco_enc3_opt2_10_14.cnf.hgr,no,no,5,4,0.03,0.0181014,797.195,cut,3626,3428,no
rKaHyPar,sat14_atco_enc3_opt2_10_14.cnf.hgr,no,no,6,4,0.03,0.0175082,847.436,cut,3499,3425,no
rKaHyPar,sat14_atco_enc3_opt2_10_14.cnf.hgr,no,no,7,4,0.03,0.0248316,734.173,cut,3677,3673,no
rKaHyPar,sat14_atco_enc3_opt2_10_14.cnf.hgr,no,no,8,4,0.03,0.0251878,835.288,cut,3815,3631,no
rKaHyPar,sat14_atco_enc3_opt2_10_14.cnf.hgr,no,no,9,4,0.03,0.0183432,750.718,cut,3636,3611,no
rKaHyPar,sat14_atco_enc3_opt2_10_14.cnf.hgr,no,no,0,64,0.03,0.0299959,1322.68,cut,59186,55118,no
rKaHyPar,sat14_atco_enc3_opt2_10_14.cnf.hgr,no,no,1,64,0.03,0.0299959,1782.17,cut,55388,52266,no
rKaHyPar,sat14_atco_enc3_opt2_10_14.cnf.hgr,no,no,3,64,0.03,0.0299959,1316.64,cut,56251,54547,no
rKaHyPar,sat14_atco_enc3_opt2_10_14.cnf.hgr,no,no,4,64,0.03,0.0299959,1888.74,cut,58696,55272,no
rKaHyPar,sat14_atco_enc3_opt2_10_14.cnf.hgr,no,no,5,64,0.03,0.0299959,1363.82,cut,59369,55151,no
rKaHyPar,sat14_atco_enc3_opt2_10_14.cnf.hgr,no,no,6,64,0.03,0.0299959,1970.24,cut,59488,56132,no
rKaHyPar,sat14_atco_enc3_opt2_10_14.cnf.hgr,no,no,8,64,0.03,0.0299959,1297.12,cut,58500,54857,no
rKaHyPar,sat14_atco_enc3_opt2_10_14.cnf.hgr,no,no,9,64,0.03,0.0299959,1359.51,cut,59022,56183,no
rKaHyPar,sat14_atco_enc3_opt2_10_14.cnf.hgr,no,no,0,8,0.03,0.0290679,1079.02,cut,8442,8203,no
rKaHyPar,sat14_atco_enc3_opt2_10_14.cnf.hgr,no,no,1,8,0.03,0.0299191,1194.16,cut,8318,8166,no
rKaHyPar,sat14_atco_enc3_opt2_10_14.cnf.hgr,no,no,2,8,0.03,0.028752,944.49,cut,8446,8180,no
rKaHyPar,sat14_atco_enc3_opt2_10_14.cnf.hgr,no,no,3,8,0.03,0.0298739,1299.01,cut,8392,7914,no
rKaHyPar,sat14_atco_enc3_opt2_10_14.cnf.hgr,no,no,4,8,0.03,0.0298385,1612.18,cut,7920,7739,no
rKaHyPar,sat14_atco_enc3_opt2_10_14.cnf.hgr,no,no,5,8,0.03,0.0295096,1768.53,cut,9047,8589,no
rKaHyPar,sat14_atco_enc3_opt2_10_14.cnf.hgr,no,no,6,8,0.03,0.0297289,1115.56,cut,8452,8217,no
rKaHyPar,sat14_atco_enc3_opt2_10_14.cnf.hgr,no,no,7,8,0.03,0.0295838,1554.48,cut,7299,7096,no
rKaHyPar,sat14_atco_enc3_opt2_10_14.cnf.hgr,no,no,8,8,0.03,0.0292259,1771.71,cut,8315,7951,no
rKaHyPar,sat14_atco_enc3_opt2_10_14.cnf.hgr,no,no,9,8,0.03,0.0294709,1563.52,cut,8698,8542,no
rKaHyPar,sat14_atco_enc3_opt2_10_14.cnf.primal.hgr,no,no,0,128,0.03,0.0299185,1222.95,cut,169215,167044,no
rKaHyPar,sat14_atco_enc3_opt2_10_14.cnf.primal.hgr,no,no,1,128,0.03,0.0299185,1737.63,cut,163301,161678,no
rKaHyPar,sat14_atco_enc3_opt2_10_14.cnf.primal.hgr,no,no,2,128,0.03,0.0299185,1197.37,cut,166136,164564,no
rKaHyPar,sat14_atco_enc3_opt2_10_14.cnf.primal.hgr,no,no,3,128,0.03,0.0299185,1190.62,cut,164712,163174,no
rKaHyPar,sat14_atco_enc3_opt2_10_14.cnf.primal.hgr,no,no,4,128,0.03,0.0297122,1208.22,cut,162810,161475,no
rKaHyPar,sat14_atco_enc3_opt2_10_14.cnf.primal.hgr,no,no,5,128,0.03,0.0299185,1738.43,cut,162443,160947,no
rKaHyPar,sat14_atco_enc3_opt2_10_14.cnf.primal.hgr,no,no,6,128,0.03,0.0299185,1709.74,cut,165883,164358,no
rKaHyPar,sat14_atco_enc3_opt2_10_14.cnf.primal.hgr,no,no,7,128,0.03,0.0291963,1228.58,cut,169279,167393,no
rKaHyPar,sat14_atco_enc3_opt2_10_14.cnf.primal.hgr,no,no,8,128,0.03,0.0298153,1285.76,cut,168671,167239,no
rKaHyPar,sat14_atco_enc3_opt2_10_14.cnf.primal.hgr,no,no,9,128,0.03,0.0299185,1680.66,cut,165224,163648,no
rKaHyPar,sat14_atco_enc3_opt2_10_14.cnf.primal.hgr,no,no,0,16,0.03,0.0288485,1434.19,cut,20388,19898,no
rKaHyPar,sat14_atco_enc3_opt2_10_14.cnf.primal.hgr,no,no,1,16,0.03,0.0279458,1052.3,cut,21781,21196,no
rKaHyPar,sat14_atco_enc3_opt2_10_14.cnf.primal.hgr,no,no,2,16,0.03,0.027791,1556.22,cut,20599,20020,no
rKaHyPar,sat14_atco_enc3_opt2_10_14.cnf.primal.hgr,no,no,3,16,0.03,0.0297512,1562.91,cut,20250,19629,no
rKaHyPar,sat14_atco_enc3_opt2_10_14.cnf.primal.hgr,no,no,4,16,0.03,0.0299447,1383.19,cut,20415,19822,no
rKaHyPar,sat14_atco_enc3_opt2_10_14.cnf.primal.hgr,no,no,5,16,0.03,0.0297512,1495.89,cut,20032,19367,no
rKaHyPar,sat14_atco_enc3_opt2_10_14.cnf.primal.hgr,no,no,6,16,0.03,0.028668,1558.63,cut,19939,19381,no
rKaHyPar,sat14_atco_enc3_opt2_10_14.cnf.primal.hgr,no,no,7,16,0.03,0.0299834,1108.89,cut,19756,19176,no
rKaHyPar,sat14_atco_enc3_opt2_10_14.cnf.primal.hgr,no,no,8,16,0.03,0.0288743,1108.71,cut,19947,19338,no
rKaHyPar,sat14_atco_enc3_opt2_10_14.cnf.primal.hgr,no,no,9,16,0.03,0.0294675,1049.33,cut,19189,18538,no
rKaHyPar,sat14_atco_enc3_opt2_10_14.cnf.primal.hgr,no,no,0,2,0.03,0.0138521,247.511,cut,929,929,no
rKaHyPar,sat14_atco_enc3_opt2_10_14.cnf.primal.hgr,no,no,1,2,0.03,0.0146194,220.274,cut,987,987,no
rKaHyPar,sat14_atco_enc3_opt2_10_14.cnf.primal.hgr,no,no,2,2,0.03,0.0147355,305.936,cut,859,859,no
rKaHyPar,sat14_atco_enc3_opt2_10_14.cnf.primal.hgr,no,no,3,2,0.03,0.00685754,229.091,cut,1177,1177,no
rKaHyPar,sat14_atco_enc3_opt2_10_14.cnf.primal.hgr,no,no,4,2,0.03,0.0147355,318.021,cut,859,859,no
rKaHyPar,sat14_atco_enc3_opt2_10_14.cnf.primal.hgr,no,no,5,2,0.03,0.00481995,233.284,cut,913,913,no
rKaHyPar,sat14_atco_enc3_opt2_10_14.cnf.primal.hgr,no,no,6,2,0.03,0.0125206,226.807,cut,1328,1328,no
rKaHyPar,sat14_atco_enc3_opt2_10_14.cnf.primal.hgr,no,no,7,2,0.03,0.0245527,353.685,cut,863,863,no
rKaHyPar,sat14_atco_enc3_opt2_10_14.cnf.primal.hgr,no,no,8,2,0.03,0.0245527,248.398,cut,863,863,no
rKaHyPar,sat14_atco_enc3_opt2_10_14.cnf.primal.hgr,no,no,9,2,0.03,0.00481833,227.541,cut,913,913,no
rKaHyPar,sat14_atco_enc3_opt2_10_14.cnf.primal.hgr,no,no,0,32,0.03,0.0299959,1531.62,cut,38502,37820,no
rKaHyPar,sat14_atco_enc3_opt2_10_14.cnf.primal.hgr,no,no,1,32,0.03,0.0288868,1116.25,cut,40598,39859,no
rKaHyPar,sat14_atco_enc3_opt2_10_14.cnf.primal.hgr,no,no,2,32,0.03,0.0287837,1064.03,cut,39420,38647,no
rKaHyPar,sat14_atco_enc3_opt2_10_14.cnf.primal.hgr,no,no,3,32,0.03,0.0299959,1095.6,cut,40897,40170,no
rKaHyPar,sat14_atco_enc3_opt2_10_14.cnf.primal.hgr,no,no,4,32,0.03,0.0299959,1051.06,cut,39965,39229,no
rKaHyPar,sat14_atco_enc3_opt2_10_14.cnf.primal.hgr,no,no,5,32,0.03,0.0296606,1498.81,cut,37708,36975,no
rKaHyPar,sat14_atco_enc3_opt2_10_14.cnf.primal.hgr,no,no,6,32,0.03,0.0289126,1149.89,cut,40742,40011,no
rKaHyPar,sat14_atco_enc3_opt2_10_14.cnf.primal.hgr,no,no,7,32,0.03,0.0297895,1642.53,cut,39342,38701,no
rKaHyPar,sat14_atco_enc3_opt2_10_14.cnf.primal.hgr,no,no,8,32,0.03,0.0299185,1461.99,cut,39170,38476,no
rKaHyPar,sat14_atco_enc3_opt2_10_14.cnf.primal.hgr,no,no,9,32,0.03,0.0294285,1581.14,cut,40117,39481,no
rKaHyPar,sat14_atco_enc3_opt2_10_14.cnf.primal.hgr,no,no,0,4,0.03,0.0176,624.195,cut,3985,3809,no
rKaHyPar,sat14_atco_enc3_opt2_10_14.cnf.primal.hgr,no,no,1,4,0.03,0.017355,571.661,cut,4013,3829,no
rKaHyPar,sat14_atco_enc3_opt2_10_14.cnf.primal.hgr,no,no,2,4,0.03,0.0256118,716.923,cut,4324,4096,no
rKaHyPar,sat14_atco_enc3_opt2_10_14.cnf.primal.hgr,no,no,3,4,0.03,0.0250185,857.112,cut,4309,4073,no
rKaHyPar,sat14_atco_enc3_opt2_10_14.cnf.primal.hgr,no,no,4,4,0.03,0.0178934,530.395,cut,4475,4225,no
rKaHyPar,sat14_atco_enc3_opt2_10_14.cnf.primal.hgr,no,no,5,4,0.03,0.0297127,659.742,cut,4042,3844,no
rKaHyPar,sat14_atco_enc3_opt2_10_14.cnf.primal.hgr,no,no,6,4,0.03,0.027759,609.208,cut,4465,4215,no
rKaHyPar,sat14_atco_enc3_opt2_10_14.cnf.primal.hgr,no,no,7,4,0.03,0.0297031,523.056,cut,3895,3725,no
rKaHyPar,sat14_atco_enc3_opt2_10_14.cnf.primal.hgr,no,no,8,4,0.03,0.0278879,700.824,cut,3997,3865,no
rKaHyPar,sat14_atco_enc3_opt2_10_14.cnf.primal.hgr,no,no,9,4,0.03,0.0265854,590.869,cut,4178,3920,no
rKaHyPar,sat14_atco_enc3_opt2_10_14.cnf.primal.hgr,no,no,0,64,0.03,0.0299701,1207.68,cut,79313,78562,no
rKaHyPar,sat14_atco_enc3_opt2_10_14.cnf.primal.hgr,no,no,1,64,0.03,0.0299701,1668.81,cut,80086,79352,no
rKaHyPar,sat14_atco_enc3_opt2_10_14.cnf.primal.hgr,no,no,3,64,0.03,0.0298669,1168.84,cut,82073,81390,no
rKaHyPar,sat14_atco_enc3_opt2_10_14.cnf.primal.hgr,no,no,4,64,0.03,0.0299701,1597.94,cut,83278,82375,no
rKaHyPar,sat14_atco_enc3_opt2_10_14.cnf.primal.hgr,no,no,5,64,0.03,0.0299701,1199.75,cut,85873,85057,no
rKaHyPar,sat14_atco_enc3_opt2_10_14.cnf.primal.hgr,no,no,6,64,0.03,0.0269266,1657.07,cut,84318,83553,no
rKaHyPar,sat14_atco_enc3_opt2_10_14.cnf.primal.hgr,no,no,7,64,0.03,0.0290416,1192.13,cut,81823,81030,no
rKaHyPar,sat14_atco_enc3_opt2_10_14.cnf.primal.hgr,no,no,8,64,0.03,0.0299701,1236.16,cut,82452,81767,no
rKaHyPar,sat14_atco_enc3_opt2_10_14.cnf.primal.hgr,no,no,9,64,0.03,0.0295574,1206.47,cut,80825,80138,no
rKaHyPar,sat14_atco_enc3_opt2_10_14.cnf.primal.hgr,no,no,0,8,0.03,0.0294484,916.617,cut,9513,8976,no
rKaHyPar,sat14_atco_enc3_opt2_10_14.cnf.primal.hgr,no,no,1,8,0.03,0.0293645,954.63,cut,9688,9196,no
rKaHyPar,sat14_atco_enc3_opt2_10_14.cnf.primal.hgr,no,no,2,8,0.03,0.0292356,783.379,cut,9854,9313,no
rKaHyPar,sat14_atco_enc3_opt2_10_14.cnf.primal.hgr,no,no,3,8,0.03,0.0295709,833.383,cut,9537,8953,no
rKaHyPar,sat14_atco_enc3_opt2_10_14.cnf.primal.hgr,no,no,4,8,0.03,0.0285843,901.735,cut,9722,9172,no
rKaHyPar,sat14_atco_enc3_opt2_10_14.cnf.primal.hgr,no,no,5,8,0.03,0.0298739,1222.77,cut,9595,9061,no
rKaHyPar,sat14_atco_enc3_opt2_10_14.cnf.primal.hgr,no,no,6,8,0.03,0.028623,1011.97,cut,10083,9447,no
rKaHyPar,sat14_atco_enc3_opt2_10_14.cnf.primal.hgr,no,no,7,8,0.03,0.0295386,792.242,cut,9560,9082,no
rKaHyPar,sat14_atco_enc3_opt2_10_14.cnf.primal.hgr,no,no,8,8,0.03,0.0297772,971.083,cut,10053,9574,no
rKaHyPar,sat14_atco_enc3_opt2_10_14.cnf.primal.hgr,no,no,9,8,0.03,0.0296612,1252.16,cut,9649,9164,no
rKaHyPar,sat14_blocks-blocks-37-1.130-NOTKNOWN.cnf.dual.hgr,no,no,0,128,0.03,0.0299995,13419.5,cut,434804,152052,no
rKaHyPar,sat14_blocks-blocks-37-1.130-NOTKNOWN.cnf.dual.hgr,no,no,1,128,0.03,0.0299995,20005.7,cut,419633,152496,no
rKaHyPar,sat14_blocks-blocks-37-1.130-NOTKNOWN.cnf.dual.hgr,no,no,2,128,0.03,0.029987,20255.3,cut,435743,151850,no
rKaHyPar,sat14_blocks-blocks-37-1.130-NOTKNOWN.cnf.dual.hgr,no,no,3,128,0.03,0.029987,13458.4,cut,452421,151194,no
rKaHyPar,sat14_blocks-blocks-37-1.130-NOTKNOWN.cnf.dual.hgr,no,no,4,128,0.03,0.0299995,13483.3,cut,422821,152119,no
rKaHyPar,sat14_blocks-blocks-37-1.130-NOTKNOWN.cnf.dual.hgr,no,no,5,128,0.03,0.0299995,19959.5,cut,419167,152224,no
rKaHyPar,sat14_blocks-blocks-37-1.130-NOTKNOWN.cnf.dual.hgr,no,no,6,128,0.03,0.029987,20181.2,cut,448764,151306,no
rKaHyPar,sat14_blocks-blocks-37-1.130-NOTKNOWN.cnf.dual.hgr,no,no,7,128,0.03,0.0299995,13563.2,cut,424427,152119,no
rKaHyPar,sat14_blocks-blocks-37-1.130-NOTKNOWN.cnf.dual.hgr,no,no,8,128,0.03,0.0299995,13647.3,cut,446697,151554,no
rKaHyPar,sat14_blocks-blocks-37-1.130-NOTKNOWN.cnf.dual.hgr,no,no,9,128,0.03,0.0299995,20532.7,cut,423811,151312,no
rKaHyPar,sat14_blocks-blocks-37-1.130-NOTKNOWN.cnf.dual.hgr,no,no,0,16,0.03,0.0218221,12184.6,cut,38236,22215,no
rKaHyPar,sat14_blocks-blocks-37-1.130-NOTKNOWN.cnf.dual.hgr,no,no,1,16,0.03,0.0218221,8219.67,cut,38691,22215,no
rKaHyPar,sat14_blocks-blocks-37-1.130-NOTKNOWN.cnf.dual.hgr,no,no,2,16,0.03,0.0218221,12232.9,cut,43513,22215,no
rKaHyPar,sat14_blocks-blocks-37-1.130-NOTKNOWN.cnf.dual.hgr,no,no,3,16,0.03,0.0218221,12201.2,cut,41949,22215,no
rKaHyPar,sat14_blocks-blocks-37-1.130-NOTKNOWN.cnf.dual.hgr,no,no,4,16,0.03,0.0218221,12158.9,cut,42116,22215,no
rKaHyPar,sat14_blocks-blocks-37-1.130-NOTKNOWN.cnf.dual.hgr,no,no,5,16,0.03,0.0218236,12282.8,cut,41661,22215,no
rKaHyPar,sat14_blocks-blocks-37-1.130-NOTKNOWN.cnf.dual.hgr,no,no,6,16,0.03,0.0218221,12255.7,cut,40573,22215,no
rKaHyPar,sat14_blocks-blocks-37-1.130-NOTKNOWN.cnf.dual.hgr,no,no,7,16,0.03,0.0218221,8201.29,cut,41198,22215,no
rKaHyPar,sat14_blocks-blocks-37-1.130-NOTKNOWN.cnf.dual.hgr,no,no,8,16,0.03,0.0218221,8211.71,cut,39524,22215,no
rKaHyPar,sat14_blocks-blocks-37-1.130-NOTKNOWN.cnf.dual.hgr,no,no,9,16,0.03,0.0218221,8222.01,cut,41524,22215,no
rKaHyPar,sat14_blocks-blocks-37-1.130-NOTKNOWN.cnf.dual.hgr,no,no,0,2,0.03,0,2499.64,cut,1481,1481,no
rKaHyPar,sat14_blocks-blocks-37-1.130-NOTKNOWN.cnf.dual.hgr,no,no,1,2,0.03,0,2517.16,cut,1481,1481,no
rKaHyPar,sat14_blocks-blocks-37-1.130-NOTKNOWN.cnf.dual.hgr,no,no,2,2,0.03,0,3718.31,cut,1481,1481,no
rKaHyPar,sat14_blocks-blocks-37-1.130-NOTKNOWN.cnf.dual.hgr,no,no,3,2,0.03,0,2494.82,cut,1481,1481,no
rKaHyPar,sat14_blocks-blocks-37-1.130-NOTKNOWN.cnf.dual.hgr,no,no,4,2,0.03,0,3680.01,cut,1481,1481,no
rKaHyPar,sat14_blocks-blocks-37-1.130-NOTKNOWN.cnf.dual.hgr,no,no,6,2,0.03,0,2490.95,cut,1481,1481,no
rKaHyPar,sat14_blocks-blocks-37-1.130-NOTKNOWN.cnf.dual.hgr,no,no,7,2,0.03,0,3742.06,cut,1481,1481,no
rKaHyPar,sat14_blocks-blocks-37-1.130-NOTKNOWN.cnf.dual.hgr,no,no,8,2,0.03,0,2522.2,cut,1481,1481,no
rKaHyPar,sat14_blocks-blocks-37-1.130-NOTKNOWN.cnf.dual.hgr,no,no,9,2,0.03,0,2519.76,cut,1481,1481,no
rKaHyPar,sat14_blocks-blocks-37-1.130-NOTKNOWN.cnf.dual.hgr,no,no,0,32,0.03,0.0299997,14516.1,cut,114618,47086,no
rKaHyPar,sat14_blocks-blocks-37-1.130-NOTKNOWN.cnf.dual.hgr,no,no,1,32,0.03,0.029984,9769.76,cut,98490,47186,no
rKaHyPar,sat14_blocks-blocks-37-1.130-NOTKNOWN.cnf.dual.hgr,no,no,2,32,0.03,0.0299934,9710.92,cut,120112,47150,no
rKaHyPar,sat14_blocks-blocks-37-1.130-NOTKNOWN.cnf.dual.hgr,no,no,3,32,0.03,0.0299934,9707.65,cut,98117,47168,no
rKaHyPar,sat14_blocks-blocks-37-1.130-NOTKNOWN.cnf.dual.hgr,no,no,4,32,0.03,0.0299809,9752.1,cut,110996,47145,no
rKaHyPar,sat14_blocks-blocks-37-1.130-NOTKNOWN.cnf.dual.hgr,no,no,5,32,0.03,0.0299809,14544.8,cut,105174,47113,no
rKaHyPar,sat14_blocks-blocks-37-1.130-NOTKNOWN.cnf.dual.hgr,no,no,6,32,0.03,0.0299934,9843.33,cut,101303,47674,no
rKaHyPar,sat14_blocks-blocks-37-1.130-NOTKNOWN.cnf.dual.hgr,no,no,8,32,0.03,0.0299966,14659,cut,96518,47119,no
rKaHyPar,sat14_blocks-blocks-37-1.130-NOTKNOWN.cnf.dual.hgr,no,no,9,32,0.03,0.0299934,14637.2,cut,98687,47147,no
rKaHyPar,sat14_blocks-blocks-37-1.130-NOTKNOWN.cnf.dual.hgr,no,no,0,4,0.03,0,4771.77,cut,6209,4443,no
rKaHyPar,sat14_blocks-blocks-37-1.130-NOTKNOWN.cnf.dual.hgr,no,no,1,4,0.03,1.17382e-05,4804.15,cut,5993,4443,no
rKaHyPar,sat14_blocks-blocks-37-1.130-NOTKNOWN.cnf.dual.hgr,no,no,2,4,0.03,0,7263.94,cut,6241,4443,no
rKaHyPar,sat14_blocks-blocks-37-1.130-NOTKNOWN.cnf.dual.hgr,no,no,3,4,0.03,0,7164.01,cut,6020,4443,no
rKaHyPar,sat14_blocks-blocks-37-1.130-NOTKNOWN.cnf.dual.hgr,no,no,4,4,0.03,0.00436035,4775.12,cut,6219,4443,no
rKaHyPar,sat14_blocks-blocks-37-1.130-NOTKNOWN.cnf.dual.hgr,no,no,5,4,0.03,0,4818.62,cut,5995,4443,no
rKaHyPar,sat14_blocks-blocks-37-1.130-NOTKNOWN.cnf.dual.hgr,no,no,6,4,0.03,0.00214809,4800.59,cut,5997,4443,no
rKaHyPar,sat14_blocks-blocks-37-1.130-NOTKNOWN.cnf.dual.hgr,no,no,7,4,0.03,0.00431301,4776.92,cut,6183,4443,no
rKaHyPar,sat14_blocks-blocks-37-1.130-NOTKNOWN.cnf.dual.hgr,no,no,8,4,0.03,0,7190.91,cut,6165,4443,no
rKaHyPar,sat14_blocks-blocks-37-1.130-NOTKNOWN.cnf.dual.hgr,no,no,9,4,0.03,0,4791.72,cut,6241,4443,no
rKaHyPar,sat14_blocks-blocks-37-1.130-NOTKNOWN.cnf.dual.hgr,no,no,0,64,0.03,0.0299934,11025.6,cut,219446,95782,no
rKaHyPar,sat14_blocks-blocks-37-1.130-NOTKNOWN.cnf.dual.hgr,no,no,1,64,0.03,0.0299872,16640.4,cut,226827,95985,no
rKaHyPar,sat14_blocks-blocks-37-1.130-NOTKNOWN.cnf.dual.hgr,no,no,3,64,0.03,0.0299183,11026,cut,236565,96196,no
rKaHyPar,sat14_blocks-blocks-37-1.130-NOTKNOWN.cnf.dual.hgr,no,no,4,64,0.03,0.0299684,16464.5,cut,238692,96029,no
rKaHyPar,sat14_blocks-blocks-37-1.130-NOTKNOWN.cnf.dual.hgr,no,no,5,64,0.03,0.0299934,11131,cut,221283,96153,no
rKaHyPar,sat14_blocks-blocks-37-1.130-NOTKNOWN.cnf.dual.hgr,no,no,6,64,0.03,0.0299746,16444.3,cut,225297,96490,no
rKaHyPar,sat14_blocks-blocks-37-1.130-NOTKNOWN.cnf.dual.hgr,no,no,9,64,0.03,0.0298369,11053.1,cut,234436,96015,no
rKaHyPar,sat14_blocks-blocks-37-1.130-NOTKNOWN.cnf.dual.hgr,no,no,0,8,0.03,0.00314662,6859.1,cut,17213,10367,no
rKaHyPar,sat14_blocks-blocks-37-1.130-NOTKNOWN.cnf.dual.hgr,no,no,1,8,0.03,0.00314662,6829.49,cut,16782,10367,no
rKaHyPar,sat14_blocks-blocks-37-1.130-NOTKNOWN.cnf.dual.hgr,no,no,2,8,0.03,0.00932796,6844.67,cut,17391,10367,no
rKaHyPar,sat14_blocks-blocks-37-1.130-NOTKNOWN.cnf.dual.hgr,no,no,3,8,0.03,0.00314662,6856.94,cut,17433,10367,no
rKaHyPar,sat14_blocks-blocks-37-1.130-NOTKNOWN.cnf.dual.hgr,no,no,4,8,0.03,0.00314662,6853.73,cut,18140,10367,no
rKaHyPar,sat14_blocks-blocks-37-1.130-NOTKNOWN.cnf.dual.hgr,no,no,5,8,0.03,0.00314662,10231.6,cut,16999,10367,no
rKaHyPar,sat14_blocks-blocks-37-1.130-NOTKNOWN.cnf.dual.hgr,no,no,6,8,0.03,0.00314662,6848.05,cut,16597,10367,no
rKaHyPar,sat14_blocks-blocks-37-1.130-NOTKNOWN.cnf.dual.hgr,no,no,7,8,0.03,0.00314662,6866.5,cut,17172,10367,no
rKaHyPar,sat14_blocks-blocks-37-1.130-NOTKNOWN.cnf.dual.hgr,no,no,8,8,0.03,0.00467728,10220.9,cut,17558,10367,no
rKaHyPar,sat14_blocks-blocks-37-1.130-NOTKNOWN.cnf.dual.hgr,no,no,9,8,0.03,0.00314662,10309.9,cut,16732,10367,no
rKaHyPar,sat14_blocks-blocks-37-1.130-NOTKNOWN.cnf.hgr,no,no,0,128,0.03,0.0299634,2102.83,cut,1249251,1100778,no
rKaHyPar,sat14_blocks-blocks-37-1.130-NOTKNOWN.cnf.hgr,no,no,1,128,0.03,0.0299634,3122.52,cut,1254635,1104249,no
rKaHyPar,sat14_blocks-blocks-37-1.130-NOTKNOWN.cnf.hgr,no,no,2,128,0.03,0.0299634,2104.98,cut,1241087,1094101,no
rKaHyPar,sat14_blocks-blocks-37-1.130-NOTKNOWN.cnf.hgr,no,no,3,128,0.03,0.0299634,2219.04,cut,1251835,1103653,no
rKaHyPar,sat14_blocks-blocks-37-1.130-NOTKNOWN.cnf.hgr,no,no,4,128,0.03,0.0299634,2162.89,cut,1247230,1097684,no
rKaHyPar,sat14_blocks-blocks-37-1.130-NOTKNOWN.cnf.hgr,no,no,5,128,0.03,0.0299634,2144.1,cut,1250042,1101812,no
rKaHyPar,sat14_blocks-blocks-37-1.130-NOTKNOWN.cnf.hgr,no,no,6,128,0.03,0.0299634,3240.45,cut,1243432,1091921,no
rKaHyPar,sat14_blocks-blocks-37-1.130-NOTKNOWN.cnf.hgr,no,no,7,128,0.03,0.0299634,2106.19,cut,1248246,1102389,no
rKaHyPar,sat14_blocks-blocks-37-1.130-NOTKNOWN.cnf.hgr,no,no,8,128,0.03,0.0299634,3173.37,cut,1245002,1106192,no
rKaHyPar,sat14_blocks-blocks-37-1.130-NOTKNOWN.cnf.hgr,no,no,9,128,0.03,0.0299634,3171.6,cut,1248601,1093024,no
rKaHyPar,sat14_blocks-blocks-37-1.130-NOTKNOWN.cnf.hgr,no,no,0,16,0.03,0.0287789,2116.04,cut,154734,150481,no
rKaHyPar,sat14_blocks-blocks-37-1.130-NOTKNOWN.cnf.hgr,no,no,1,16,0.03,0.0299941,1455.8,cut,150997,149775,no
rKaHyPar,sat14_blocks-blocks-37-1.130-NOTKNOWN.cnf.hgr,no,no,2,16,0.03,0.0296367,2120.15,cut,153286,149138,no
rKaHyPar,sat14_blocks-blocks-37-1.130-NOTKNOWN.cnf.hgr,no,no,3,16,0.03,0.0282071,2953.88,cut,173760,168868,no
rKaHyPar,sat14_blocks-blocks-37-1.130-NOTKNOWN.cnf.hgr,no,no,4,16,0.03,0.0299941,3230.09,cut,170919,167633,no
rKaHyPar,sat14_blocks-blocks-37-1.130-NOTKNOWN.cnf.hgr,no,no,5,16,0.03,0.0298798,1490.43,cut,152076,148977,no
rKaHyPar,sat14_blocks-blocks-37-1.130-NOTKNOWN.cnf.hgr,no,no,6,16,0.03,0.0287789,2191.88,cut,152144,149712,no
rKaHyPar,sat14_blocks-blocks-37-1.130-NOTKNOWN.cnf.hgr,no,no,7,16,0.03,0.0299655,1496.15,cut,153117,149107,no
rKaHyPar,sat14_blocks-blocks-37-1.130-NOTKNOWN.cnf.hgr,no,no,8,16,0.03,0.0299941,2194.62,cut,155200,151021,no
rKaHyPar,sat14_blocks-blocks-37-1.130-NOTKNOWN.cnf.hgr,no,no,9,16,0.03,0.0291078,1466.44,cut,153946,149567,no
rKaHyPar,sat14_blocks-blocks-37-1.130-NOTKNOWN.cnf.hgr,no,no,0,2,0.03,0,634.264,cut,9918,9918,no
rKaHyPar,sat14_blocks-blocks-37-1.130-NOTKNOWN.cnf.hgr,no,no,1,2,0.03,0,720.172,cut,9918,9918,no
rKaHyPar,sat14_blocks-blocks-37-1.130-NOTKNOWN.cnf.hgr,no,no,2,2,0.03,0,766.644,cut,9918,9918,no
rKaHyPar,sat14_blocks-blocks-37-1.130-NOTKNOWN.cnf.hgr,no,no,3,2,0.03,0,823.292,cut,9918,9918,no
rKaHyPar,sat14_blocks-blocks-37-1.130-NOTKNOWN.cnf.hgr,no,no,4,2,0.03,0,988.166,cut,9918,9918,no
rKaHyPar,sat14_blocks-blocks-37-1.130-NOTKNOWN.cnf.hgr,no,no,5,2,0.03,0,896.008,cut,9918,9918,no
rKaHyPar,sat14_blocks-blocks-37-1.130-NOTKNOWN.cnf.hgr,no,no,6,2,0.03,0,760.388,cut,9918,9918,no
rKaHyPar,sat14_blocks-blocks-37-1.130-NOTKNOWN.cnf.hgr,no,no,7,2,0.03,0,961.598,cut,9918,9918,no
rKaHyPar,sat14_blocks-blocks-37-1.130-NOTKNOWN.cnf.hgr,no,no,8,2,0.03,0,864.165,cut,9918,9918,no
rKaHyPar,sat14_blocks-blocks-37-1.130-NOTKNOWN.cnf.hgr,no,no,9,2,0.03,0,619.721,cut,9918,9918,no
rKaHyPar,sat14_blocks-blocks-37-1.130-NOTKNOWN.cnf.hgr,no,no,0,32,0.03,0.0299937,2640.74,cut,324970,314275,no
rKaHyPar,sat14_blocks-blocks-37-1.130-NOTKNOWN.cnf.hgr,no,no,1,32,0.03,0.0299937,2529.44,cut,321592,312012,no
rKaHyPar,sat14_blocks-blocks-37-1.130-NOTKNOWN.cnf.hgr,no,no,2,32,0.03,0.0299937,1673.3,cut,321854,312403,no
rKaHyPar,sat14_blocks-blocks-37-1.130-NOTKNOWN.cnf.hgr,no,no,3,32,0.03,0.0299937,2007.16,cut,334209,320313,no
rKaHyPar,sat14_blocks-blocks-37-1.130-NOTKNOWN.cnf.hgr,no,no,4,32,0.03,0.0299937,2609.34,cut,337231,325066,no
rKaHyPar,sat14_blocks-blocks-37-1.130-NOTKNOWN.cnf.hgr,no,no,5,32,0.03,0.0299937,3382.64,cut,329948,319910,no
rKaHyPar,sat14_blocks-blocks-37-1.130-NOTKNOWN.cnf.hgr,no,no,6,32,0.03,0.0299937,1721.65,cut,318935,310917,no
rKaHyPar,sat14_blocks-blocks-37-1.130-NOTKNOWN.cnf.hgr,no,no,7,32,0.03,0.0299937,1755.55,cut,319816,312127,no
rKaHyPar,sat14_blocks-blocks-37-1.130-NOTKNOWN.cnf.hgr,no,no,8,32,0.03,0.0299937,2510.85,cut,320532,311142,no
rKaHyPar,sat14_blocks-blocks-37-1.130-NOTKNOWN.cnf.hgr,no,no,9,32,0.03,0.0299937,2448.78,cut,318075,310982,no
rKaHyPar,sat14_blocks-blocks-37-1.130-NOTKNOWN.cnf.hgr,no,no,0,4,0.03,0.0124309,1020.18,cut,29754,29754,no
rKaHyPar,sat14_blocks-blocks-37-1.130-NOTKNOWN.cnf.hgr,no,no,1,4,0.03,0.0124309,1530.64,cut,29754,29754,no
rKaHyPar,sat14_blocks-blocks-37-1.130-NOTKNOWN.cnf.hgr,no,no,2,4,0.03,0.0124309,1406.55,cut,29754,29754,no
rKaHyPar,sat14_blocks-blocks-37-1.130-NOTKNOWN.cnf.hgr,no,no,3,4,0.03,0.0124309,1533.77,cut,29754,29754,no
rKaHyPar,sat14_blocks-blocks-37-1.130-NOTKNOWN.cnf.hgr,no,no,4,4,0.03,0.0126954,4069.01,cut,39672,39672,no
rKaHyPar,sat14_blocks-blocks-37-1.130-NOTKNOWN.cnf.hgr,no,no,5,4,0.03,0.0124309,1071.33,cut,29754,29754,no
rKaHyPar,sat14_blocks-blocks-37-1.130-NOTKNOWN.cnf.hgr,no,no,6,4,0.03,0.0124309,1003.09,cut,29754,29754,no
rKaHyPar,sat14_blocks-blocks-37-1.130-NOTKNOWN.cnf.hgr,no,no,7,4,0.03,0.0124238,1443.28,cut,29761,29754,no
rKaHyPar,sat14_blocks-blocks-37-1.130-NOTKNOWN.cnf.hgr,no,no,8,4,0.03,0.0124309,1471.74,cut,29754,29754,no
rKaHyPar,sat14_blocks-blocks-37-1.130-NOTKNOWN.cnf.hgr,no,no,9,4,0.03,0.0124309,998.675,cut,29754,29754,no
rKaHyPar,sat14_blocks-blocks-37-1.130-NOTKNOWN.cnf.hgr,no,no,0,64,0.03,0.0299651,3102.45,cut,650794,634249,no
rKaHyPar,sat14_blocks-blocks-37-1.130-NOTKNOWN.cnf.hgr,no,no,1,64,0.03,0.0299651,3105.13,cut,655546,634853,no
rKaHyPar,sat14_blocks-blocks-37-1.130-NOTKNOWN.cnf.hgr,no,no,3,64,0.03,0.0299651,3209.49,cut,653012,634201,no
rKaHyPar,sat14_blocks-blocks-37-1.130-NOTKNOWN.cnf.hgr,no,no,4,64,0.03,0.0299651,3321.76,cut,660580,639063,no
rKaHyPar,sat14_blocks-blocks-37-1.130-NOTKNOWN.cnf.hgr,no,no,5,64,0.03,0.0299651,2157.31,cut,655805,640240,no
rKaHyPar,sat14_blocks-blocks-37-1.130-NOTKNOWN.cnf.hgr,no,no,6,64,0.03,0.0299651,2216.85,cut,648759,633028,no
rKaHyPar,sat14_blocks-blocks-37-1.130-NOTKNOWN.cnf.hgr,no,no,9,64,0.03,0.0299651,3194.27,cut,665233,637695,no
rKaHyPar,sat14_blocks-blocks-37-1.130-NOTKNOWN.cnf.hgr,no,no,0,8,0.03,0.0299872,1848.39,cut,69565,69443,no
rKaHyPar,sat14_blocks-blocks-37-1.130-NOTKNOWN.cnf.hgr,no,no,1,8,0.03,0.0298943,1277.41,cut,69471,69445,no
rKaHyPar,sat14_blocks-blocks-37-1.130-NOTKNOWN.cnf.hgr,no,no,2,8,0.03,0.0299443,1279.91,cut,69595,69445,no
rKaHyPar,sat14_blocks-blocks-37-1.130-NOTKNOWN.cnf.hgr,no,no,3,8,0.03,0.0299872,1780.06,cut,79585,79361,no
rKaHyPar,sat14_blocks-blocks-37-1.130-NOTKNOWN.cnf.hgr,no,no,4,8,0.03,0.0294582,2060.07,cut,79575,79351,no
rKaHyPar,sat14_blocks-blocks-37-1.130-NOTKNOWN.cnf.hgr,no,no,5,8,0.03,0.0298943,1860,cut,69492,69474,no
rKaHyPar,sat14_blocks-blocks-37-1.130-NOTKNOWN.cnf.hgr,no,no,6,8,0.03,0.0299801,1322.61,cut,69477,69444,no
rKaHyPar,sat14_blocks-blocks-37-1.130-NOTKNOWN.cnf.hgr,no,no,7,8,0.03,0.0299872,1248.59,cut,71731,69461,no
rKaHyPar,sat14_blocks-blocks-37-1.130-NOTKNOWN.cnf.hgr,no,no,8,8,0.03,0.0299443,2856.05,cut,79368,79364,no
rKaHyPar,sat14_blocks-blocks-37-1.130-NOTKNOWN.cnf.hgr,no,no,9,8,0.03,0.0299872,1834.93,cut,69517,69443,no
rKaHyPar,sat14_blocks-blocks-37-1.130-NOTKNOWN.cnf.primal.hgr,no,no,0,128,0.03,0.0299634,3657.35,cut,2747813,2732223,no
rKaHyPar,sat14_blocks-blocks-37-1.130-NOTKNOWN.cnf.primal.hgr,no,no,1,128,0.03,0.0299634,5426.34,cut,2912127,2891277,no
rKaHyPar,sat14_blocks-blocks-37-1.130-NOTKNOWN.cnf.primal.hgr,no,no,2,128,0.03,0.0299634,5251.32,cut,2683104,2666809,no
rKaHyPar,sat14_blocks-blocks-37-1.130-NOTKNOWN.cnf.primal.hgr,no,no,3,128,0.03,0.0299634,3913.76,cut,2920892,2903644,no
rKaHyPar,sat14_blocks-blocks-37-1.130-NOTKNOWN.cnf.primal.hgr,no,no,4,128,0.03,0.0299634,3607.36,cut,2867317,2848258,no
rKaHyPar,sat14_blocks-blocks-37-1.130-NOTKNOWN.cnf.primal.hgr,no,no,5,128,0.03,0.0299634,3592.09,cut,2765616,2749752,no
rKaHyPar,sat14_blocks-blocks-37-1.130-NOTKNOWN.cnf.primal.hgr,no,no,6,128,0.03,0.0299634,5118.16,cut,2759221,2745726,no
rKaHyPar,sat14_blocks-blocks-37-1.130-NOTKNOWN.cnf.primal.hgr,no,no,7,128,0.03,0.0299634,3835.28,cut,2882787,2867269,no
rKaHyPar,sat14_blocks-blocks-37-1.130-NOTKNOWN.cnf.primal.hgr,no,no,8,128,0.03,0.0299634,5472,cut,2756343,2741389,no
rKaHyPar,sat14_blocks-blocks-37-1.130-NOTKNOWN.cnf.primal.hgr,no,no,9,128,0.03,0.0299634,5649.22,cut,2843352,2825175,no
rKaHyPar,sat14_blocks-blocks-37-1.130-NOTKNOWN.cnf.primal.hgr,no,no,0,16,0.03,0.0299937,2313.33,cut,252955,252894,no
rKaHyPar,sat14_blocks-blocks-37-1.130-NOTKNOWN.cnf.primal.hgr,no,no,1,16,0.03,0.0299937,1428.8,cut,219521,219416,no
rKaHyPar,sat14_blocks-blocks-37-1.130-NOTKNOWN.cnf.primal.hgr,no,no,2,16,0.03,0.0299937,2468.28,cut,233641,231447,no
rKaHyPar,sat14_blocks-blocks-37-1.130-NOTKNOWN.cnf.primal.hgr,no,no,3,16,0.03,0.0299937,2145.45,cut,229052,228951,no
rKaHyPar,sat14_blocks-blocks-37-1.130-NOTKNOWN.cnf.primal.hgr,no,no,4,16,0.03,0.0299937,2075.18,cut,220418,220362,no
rKaHyPar,sat14_blocks-blocks-37-1.130-NOTKNOWN.cnf.primal.hgr,no,no,5,16,0.03,0.0299937,1334.73,cut,194562,194538,no
rKaHyPar,sat14_blocks-blocks-37-1.130-NOTKNOWN.cnf.primal.hgr,no,no,6,16,0.03,0.0299937,2055.39,cut,221029,220767,no
rKaHyPar,sat14_blocks-blocks-37-1.130-NOTKNOWN.cnf.primal.hgr,no,no,7,16,0.03,0.0299937,1694.43,cut,233417,233306,no
rKaHyPar,sat14_blocks-blocks-37-1.130-NOTKNOWN.cnf.primal.hgr,no,no,8,16,0.03,0.0299937,1853.77,cut,199840,199819,no
rKaHyPar,sat14_blocks-blocks-37-1.130-NOTKNOWN.cnf.primal.hgr,no,no,9,16,0.03,0.0299937,1428.01,cut,248501,248496,no
rKaHyPar,sat14_blocks-blocks-37-1.130-NOTKNOWN.cnf.primal.hgr,no,no,0,2,0.03,0.00264488,477.187,cut,9955,9955,no
rKaHyPar,sat14_blocks-blocks-37-1.130-NOTKNOWN.cnf.primal.hgr,no,no,1,2,0.03,0.00264488,378.631,cut,9955,9955,no
rKaHyPar,sat14_blocks-blocks-37-1.130-NOTKNOWN.cnf.primal.hgr,no,no,2,2,0.03,0.00264488,386.931,cut,9955,9955,no
rKaHyPar,sat14_blocks-blocks-37-1.130-NOTKNOWN.cnf.primal.hgr,no,no,3,2,0.03,0.00264488,420.704,cut,9955,9955,no
rKaHyPar,sat14_blocks-blocks-37-1.130-NOTKNOWN.cnf.primal.hgr,no,no,4,2,0.03,0.00264488,563.668,cut,9955,9955,no
rKaHyPar,sat14_blocks-blocks-37-1.130-NOTKNOWN.cnf.primal.hgr,no,no,5,2,0.03,0.00264488,670.199,cut,9955,9955,no
rKaHyPar,sat14_blocks-blocks-37-1.130-NOTKNOWN.cnf.primal.hgr,no,no,6,2,0.03,0.00264488,394.499,cut,9955,9955,no
rKaHyPar,sat14_blocks-blocks-37-1.130-NOTKNOWN.cnf.primal.hgr,no,no,7,2,0.03,0.00264488,746.427,cut,9955,9955,no
rKaHyPar,sat14_blocks-blocks-37-1.130-NOTKNOWN.cnf.primal.hgr,no,no,8,2,0.03,0.00264488,557.818,cut,9955,9955,no
rKaHyPar,sat14_blocks-blocks-37-1.130-NOTKNOWN.cnf.primal.hgr,no,no,9,2,0.03,0.00264488,438.639,cut,9955,9955,no
rKaHyPar,sat14_blocks-blocks-37-1.130-NOTKNOWN.cnf.primal.hgr,no,no,0,32,0.03,0.0299651,2350.67,cut,435813,432979,no
rKaHyPar,sat14_blocks-blocks-37-1.130-NOTKNOWN.cnf.primal.hgr,no,no,1,32,0.03,0.0299651,2957.27,cut,478112,477264,no
rKaHyPar,sat14_blocks-blocks-37-1.130-NOTKNOWN.cnf.primal.hgr,no,no,2,32,0.03,0.0299651,1923.14,cut,468058,465533,no
rKaHyPar,sat14_blocks-blocks-37-1.130-NOTKNOWN.cnf.primal.hgr,no,no,3,32,0.03,0.0299651,1952.4,cut,430550,429967,no
rKaHyPar,sat14_blocks-blocks-37-1.130-NOTKNOWN.cnf.primal.hgr,no,no,4,32,0.03,0.0299651,1911.7,cut,448208,446292,no
rKaHyPar,sat14_blocks-blocks-37-1.130-NOTKNOWN.cnf.primal.hgr,no,no,5,32,0.03,0.0299651,2339.52,cut,433865,432441,no
rKaHyPar,sat14_blocks-blocks-37-1.130-NOTKNOWN.cnf.primal.hgr,no,no,6,32,0.03,0.0299651,1655.11,cut,440877,439927,no
rKaHyPar,sat14_blocks-blocks-37-1.130-NOTKNOWN.cnf.primal.hgr,no,no,7,32,0.03,0.0299651,1728.16,cut,455356,455148,no
rKaHyPar,sat14_blocks-blocks-37-1.130-NOTKNOWN.cnf.primal.hgr,no,no,8,32,0.03,0.0299651,2455.64,cut,431482,430863,no
rKaHyPar,sat14_blocks-blocks-37-1.130-NOTKNOWN.cnf.primal.hgr,no,no,9,32,0.03,0.0299651,3066.41,cut,461118,460469,no
rKaHyPar,sat14_blocks-blocks-37-1.130-NOTKNOWN.cnf.primal.hgr,no,no,0,4,0.03,0.0126954,767.633,cut,29865,29865,no
rKaHyPar,sat14_blocks-blocks-37-1.130-NOTKNOWN.cnf.primal.hgr,no,no,1,4,0.03,0.0126954,1328.91,cut,39820,39820,no
rKaHyPar,sat14_blocks-blocks-37-1.130-NOTKNOWN.cnf.primal.hgr,no,no,2,4,0.03,0.0126954,985.635,cut,29865,29865,no
rKaHyPar,sat14_blocks-blocks-37-1.130-NOTKNOWN.cnf.primal.hgr,no,no,3,4,0.03,0.0126954,916.678,cut,39820,39820,no
rKaHyPar,sat14_blocks-blocks-37-1.130-NOTKNOWN.cnf.primal.hgr,no,no,4,4,0.03,0.0126954,909.448,cut,49775,49775,no
rKaHyPar,sat14_blocks-blocks-37-1.130-NOTKNOWN.cnf.primal.hgr,no,no,5,4,0.03,0.0126954,705.768,cut,29865,29865,no
rKaHyPar,sat14_blocks-blocks-37-1.130-NOTKNOWN.cnf.primal.hgr,no,no,6,4,0.03,0.0126954,625.197,cut,39820,39820,no
rKaHyPar,sat14_blocks-blocks-37-1.130-NOTKNOWN.cnf.primal.hgr,no,no,7,4,0.03,0.0126954,1127.6,cut,39820,39820,no
rKaHyPar,sat14_blocks-blocks-37-1.130-NOTKNOWN.cnf.primal.hgr,no,no,8,4,0.03,0.0126954,955.683,cut,29865,29865,no
rKaHyPar,sat14_blocks-blocks-37-1.130-NOTKNOWN.cnf.primal.hgr,no,no,9,4,0.03,0.0126954,639.519,cut,29865,29865,no
rKaHyPar,sat14_blocks-blocks-37-1.130-NOTKNOWN.cnf.primal.hgr,no,no,0,64,0.03,0.0299634,2978.51,cut,825077,820715,no
rKaHyPar,sat14_blocks-blocks-37-1.130-NOTKNOWN.cnf.primal.hgr,no,no,1,64,0.03,0.0299634,3314.78,cut,943625,941140,no
rKaHyPar,sat14_blocks-blocks-37-1.130-NOTKNOWN.cnf.primal.hgr,no,no,3,64,0.03,0.0299634,3099.01,cut,931462,929201,no
rKaHyPar,sat14_blocks-blocks-37-1.130-NOTKNOWN.cnf.primal.hgr,no,no,4,64,0.03,0.0299634,3112.93,cut,926554,923900,no
rKaHyPar,sat14_blocks-blocks-37-1.130-NOTKNOWN.cnf.primal.hgr,no,no,5,64,0.03,0.0299634,2690.38,cut,1114675,1107313,no
rKaHyPar,sat14_blocks-blocks-37-1.130-NOTKNOWN.cnf.primal.hgr,no,no,6,64,0.03,0.0299634,2220.73,cut,827492,825128,no
rKaHyPar,sat14_blocks-blocks-37-1.130-NOTKNOWN.cnf.primal.hgr,no,no,9,64,0.03,0.0299634,3413.34,cut,940850,934004,no
rKaHyPar,sat14_blocks-blocks-37-1.130-NOTKNOWN.cnf.primal.hgr,no,no,0,8,0.03,0.0299941,1955.16,cut,89553,89553,no
rKaHyPar,sat14_blocks-blocks-37-1.130-NOTKNOWN.cnf.primal.hgr,no,no,1,8,0.03,0.0299941,1375.96,cut,98016,98016,no
rKaHyPar,sat14_blocks-blocks-37-1.130-NOTKNOWN.cnf.primal.hgr,no,no,2,8,0.03,0.0299941,1134.66,cut,94801,94801,no
rKaHyPar,sat14_blocks-blocks-37-1.130-NOTKNOWN.cnf.primal.hgr,no,no,3,8,0.03,0.0299941,1196.37,cut,110120,110120,no
rKaHyPar,sat14_blocks-blocks-37-1.130-NOTKNOWN.cnf.primal.hgr,no,no,4,8,0.03,0.0299941,1038.89,cut,90345,90345,no
rKaHyPar,sat14_blocks-blocks-37-1.130-NOTKNOWN.cnf.primal.hgr,no,no,5,8,0.03,0.0299941,2388.69,cut,98715,98715,no
rKaHyPar,sat14_blocks-blocks-37-1.130-NOTKNOWN.cnf.primal.hgr,no,no,6,8,0.03,0.0299941,1090.4,cut,99753,99753,no
rKaHyPar,sat14_blocks-blocks-37-1.130-NOTKNOWN.cnf.primal.hgr,no,no,7,8,0.03,0.0299941,1107.63,cut,89637,89637,no
rKaHyPar,sat14_blocks-blocks-37-1.130-NOTKNOWN.cnf.primal.hgr,no,no,8,8,0.03,0.0299941,1314.64,cut,94248,94248,no
rKaHyPar,sat14_blocks-blocks-37-1.130-NOTKNOWN.cnf.primal.hgr,no,no,9,8,0.03,0.0299941,1825.52,cut,110723,110723,no
rKaHyPar,sat14_bob12m09-opt.cnf.dual.hgr,no,no,0,128,0.03,0.0209908,13.0428,cut,11301,3635,no
rKaHyPar,sat14_bob12m09-opt.cnf.dual.hgr,no,no,1,128,0.03,0.0277078,13.3299,cut,11518,3651,no
rKaHyPar,sat14_bob12m09-opt.cnf.dual.hgr,no,no,2,128,0.03,0.0285474,13.1878,cut,11391,3659,no
rKaHyPar,sat14_bob12m09-opt.cnf.dual.hgr,no,no,3,128,0.03,0.0268682,13.5233,cut,11651,3660,no
rKaHyPar,sat14_bob12m09-opt.cnf.dual.hgr,no,no,4,128,0.03,0.0277078,13.166,cut,11387,3653,no
rKaHyPar,sat14_bob12m09-opt.cnf.dual.hgr,no,no,5,128,0.03,0.0251889,13.1946,cut,11438,3644,no
rKaHyPar,sat14_bob12m09-opt.cnf.dual.hgr,no,no,6,128,0.03,0.0243493,19.1761,cut,11511,3688,no
rKaHyPar,sat14_bob12m09-opt.cnf.dual.hgr,no,no,7,128,0.03,0.0260285,19.7255,cut,11154,3646,no
rKaHyPar,sat14_bob12m09-opt.cnf.dual.hgr,no,no,8,128,0.03,0.0260285,20.0539,cut,11568,3660,no
rKaHyPar,sat14_bob12m09-opt.cnf.dual.hgr,no,no,9,128,0.03,0.0277078,19.229,cut,11351,3633,no
rKaHyPar,sat14_bob12m09-opt.cnf.dual.hgr,no,no,0,16,0.03,0.0280227,12.6982,cut,1764,1177,no
rKaHyPar,sat14_bob12m09-opt.cnf.dual.hgr,no,no,1,16,0.03,0.0274979,12.3231,cut,1777,1215,no
rKaHyPar,sat14_bob12m09-opt.cnf.dual.hgr,no,no,2,16,0.03,0.0279177,13.1454,cut,1704,1188,no
rKaHyPar,sat14_bob12m09-opt.cnf.dual.hgr,no,no,3,16,0.03,0.0280227,13.2867,cut,1804,1203,no
rKaHyPar,sat14_bob12m09-opt.cnf.dual.hgr,no,no,4,16,0.03,0.0290722,12.6031,cut,1729,1196,no
rKaHyPar,sat14_bob12m09-opt.cnf.dual.hgr,no,no,5,16,0.03,0.0274979,8.77348,cut,1789,1215,no
rKaHyPar,sat14_bob12m09-opt.cnf.dual.hgr,no,no,6,16,0.03,0.0291772,12.7426,cut,1809,1206,no
rKaHyPar,sat14_bob12m09-opt.cnf.dual.hgr,no,no,7,16,0.03,0.0273929,9.1087,cut,1732,1180,no
rKaHyPar,sat14_bob12m09-opt.cnf.dual.hgr,no,no,8,16,0.03,0.0279177,12.8974,cut,1783,1200,no
rKaHyPar,sat14_bob12m09-opt.cnf.dual.hgr,no,no,9,16,0.03,0.0298069,8.3932,cut,1906,1222,no
rKaHyPar,sat14_bob12m09-opt.cnf.dual.hgr,no,no,0,2,0.03,0.0217126,3.78987,cut,73,73,no
rKaHyPar,sat14_bob12m09-opt.cnf.dual.hgr,no,no,1,2,0.03,0.0217126,3.77822,cut,73,73,no
rKaHyPar,sat14_bob12m09-opt.cnf.dual.hgr,no,no,2,2,0.03,0.0133687,2.77836,cut,86,86,no
rKaHyPar,sat14_bob12m09-opt.cnf.dual.hgr,no,no,3,2,0.03,0.0217126,3.82741,cut,73,73,no
rKaHyPar,sat14_bob12m09-opt.cnf.dual.hgr,no,no,4,2,0.03,0.0228802,5.79225,cut,77,77,no
rKaHyPar,sat14_bob12m09-opt.cnf.dual.hgr,no,no,5,2,0.03,0.00863256,4.14914,cut,87,87,no
rKaHyPar,sat14_bob12m09-opt.cnf.dual.hgr,no,no,6,2,0.03,0.00721567,4.40841,cut,79,79,no
rKaHyPar,sat14_bob12m09-opt.cnf.dual.hgr,no,no,7,2,0.03,0.0217126,3.89733,cut,73,73,no
rKaHyPar,sat14_bob12m09-opt.cnf.dual.hgr,no,no,8,2,0.03,0.0217126,5.83056,cut,73,73,no
rKaHyPar,sat14_bob12m09-opt.cnf.dual.hgr,no,no,9,2,0.03,0.0127652,3.85599,cut,85,85,no
rKaHyPar,sat14_bob12m09-opt.cnf.dual.hgr,no,no,0,32,0.03,0.0193115,13.8943,cut,3927,1932,no
rKaHyPar,sat14_bob12m09-opt.cnf.dual.hgr,no,no,1,32,0.03,0.0224601,14.7387,cut,3812,1938,no
rKaHyPar,sat14_bob12m09-opt.cnf.dual.hgr,no,no,2,32,0.03,0.0293871,9.52973,cut,3724,1944,no
rKaHyPar,sat14_bob12m09-opt.cnf.dual.hgr,no,no,3,32,0.03,0.0293871,10.1121,cut,3803,1944,no
rKaHyPar,sat14_bob12m09-opt.cnf.dual.hgr,no,no,4,32,0.03,0.029597,9.66437,cut,3636,1968,no
rKaHyPar,sat14_bob12m09-opt.cnf.dual.hgr,no,no,5,32,0.03,0.0293871,14.5553,cut,3771,1942,no
rKaHyPar,sat14_bob12m09-opt.cnf.dual.hgr,no,no,6,32,0.03,0.0245592,14.2674,cut,3818,1932,no
rKaHyPar,sat14_bob12m09-opt.cnf.dual.hgr,no,no,7,32,0.03,0.0228799,10.0646,cut,3794,1939,no
rKaHyPar,sat14_bob12m09-opt.cnf.dual.hgr,no,no,8,32,0.03,0.0285474,14.1454,cut,4040,1890,no
rKaHyPar,sat14_bob12m09-opt.cnf.dual.hgr,no,no,9,32,0.03,0.0281276,14.0131,cut,3772,1922,no
rKaHyPar,sat14_bob12m09-opt.cnf.dual.hgr,no,no,0,4,0.03,0.0299906,8.46261,cut,204,165,no
rKaHyPar,sat14_bob12m09-opt.cnf.dual.hgr,no,no,1,4,0.03,0.029597,7.94986,cut,186,164,no
rKaHyPar,sat14_bob12m09-opt.cnf.dual.hgr,no,no,2,4,0.03,0.0299643,8.13377,cut,178,151,no
rKaHyPar,sat14_bob12m09-opt.cnf.dual.hgr,no,no,3,4,0.03,0.0293871,5.3562,cut,162,140,no
rKaHyPar,sat14_bob12m09-opt.cnf.dual.hgr,no,no,4,4,0.03,0.0291247,8.12063,cut,200,145,no
rKaHyPar,sat14_bob12m09-opt.cnf.dual.hgr,no,no,5,4,0.03,0.0174748,5.83577,cut,182,139,no
rKaHyPar,sat14_bob12m09-opt.cnf.dual.hgr,no,no,6,4,0.03,0.0242181,5.29458,cut,198,146,no
rKaHyPar,sat14_bob12m09-opt.cnf.dual.hgr,no,no,7,4,0.03,0.017501,8.54292,cut,180,139,no
rKaHyPar,sat14_bob12m09-opt.cnf.dual.hgr,no,no,8,4,0.03,0.0298069,7.95302,cut,194,145,no
rKaHyPar,sat14_bob12m09-opt.cnf.dual.hgr,no,no,9,4,0.03,0.0293608,5.29766,cut,192,149,no
rKaHyPar,sat14_bob12m09-opt.cnf.dual.hgr,no,no,0,64,0.03,0.0293871,17.1824,cut,7019,2903,no
rKaHyPar,sat14_bob12m09-opt.cnf.dual.hgr,no,no,1,64,0.03,0.0293871,16.3168,cut,7123,2842,no
rKaHyPar,sat14_bob12m09-opt.cnf.dual.hgr,no,no,2,64,0.03,0.0285474,15.9328,cut,6910,2848,no
rKaHyPar,sat14_bob12m09-opt.cnf.dual.hgr,no,no,3,64,0.03,0.0298069,16.764,cut,6973,2831,no
rKaHyPar,sat14_bob12m09-opt.cnf.dual.hgr,no,no,4,64,0.03,0.0293871,16.2229,cut,6936,2842,no
rKaHyPar,sat14_bob12m09-opt.cnf.dual.hgr,no,no,5,64,0.03,0.0277078,11.1316,cut,7136,2824,no
rKaHyPar,sat14_bob12m09-opt.cnf.dual.hgr,no,no,6,64,0.03,0.0298069,11.132,cut,6904,2837,no
rKaHyPar,sat14_bob12m09-opt.cnf.dual.hgr,no,no,8,64,0.03,0.0289673,16.2352,cut,6919,2858,no
rKaHyPar,sat14_bob12m09-opt.cnf.dual.hgr,no,no,9,64,0.03,0.0298069,17.2551,cut,7030,2884,no
rKaHyPar,sat14_bob12m09-opt.cnf.dual.hgr,no,no,0,8,0.03,0.0298069,11.8861,cut,656,550,no
rKaHyPar,sat14_bob12m09-opt.cnf.dual.hgr,no,no,1,8,0.03,0.0298594,8.94285,cut,615,530,no
rKaHyPar,sat14_bob12m09-opt.cnf.dual.hgr,no,no,2,8,0.03,0.0299118,12.5176,cut,624,516,no
rKaHyPar,sat14_bob12m09-opt.cnf.dual.hgr,no,no,3,8,0.03,0.0298069,8.47804,cut,662,548,no
rKaHyPar,sat14_bob12m09-opt.cnf.dual.hgr,no,no,4,8,0.03,0.0299643,8.03467,cut,678,571,no
rKaHyPar,sat14_bob12m09-opt.cnf.dual.hgr,no,no,5,8,0.03,0.0298594,8.46103,cut,598,502,no
rKaHyPar,sat14_bob12m09-opt.cnf.dual.hgr,no,no,6,8,0.03,0.0298594,8.91281,cut,650,558,no
rKaHyPar,sat14_bob12m09-opt.cnf.dual.hgr,no,no,7,8,0.03,0.0295445,8.07708,cut,601,508,no
rKaHyPar,sat14_bob12m09-opt.cnf.dual.hgr,no,no,8,8,0.03,0.029597,8.17861,cut,657,543,no
rKaHyPar,sat14_bob12m09-opt.cnf.dual.hgr,no,no,9,8,0.03,0.0298594,11.3474,cut,591,506,no
rKaHyPar,sat14_bob12m09-opt.cnf.hgr,no,no,0,128,0.03,0.03,27.4745,cut,57973,45912,no
rKaHyPar,sat14_bob12m09-opt.cnf.hgr,no,no,1,128,0.03,0.03,27.5206,cut,58292,45671,no
rKaHyPar,sat14_bob12m09-opt.cnf.hgr,no,no,2,128,0.03,0.03,37.2267,cut,57865,45866,no
rKaHyPar,sat14_bob12m09-opt.cnf.hgr,no,no,3,128,0.03,0.03,26.1169,cut,58030,45734,no
rKaHyPar,sat14_bob12m09-opt.cnf.hgr,no,no,4,128,0.03,0.03,27.2087,cut,57891,45453,no
rKaHyPar,sat14_bob12m09-opt.cnf.hgr,no,no,5,128,0.03,0.03,26.3056,cut,57888,45563,no
rKaHyPar,sat14_bob12m09-opt.cnf.hgr,no,no,6,128,0.03,0.03,36.0645,cut,57733,45479,no
rKaHyPar,sat14_bob12m09-opt.cnf.hgr,no,no,7,128,0.03,0.03,38.1038,cut,57434,45392,no
rKaHyPar,sat14_bob12m09-opt.cnf.hgr,no,no,8,128,0.03,0.03,37.0295,cut,57626,45526,no
rKaHyPar,sat14_bob12m09-opt.cnf.hgr,no,no,9,128,0.03,0.03,36.779,cut,58242,45763,no
rKaHyPar,sat14_bob12m09-opt.cnf.hgr,no,no,0,16,0.03,0.0298764,28.4875,cut,18290,17142,no
rKaHyPar,sat14_bob12m09-opt.cnf.hgr,no,no,1,16,0.03,0.0298764,37.2268,cut,18646,17446,no
rKaHyPar,sat14_bob12m09-opt.cnf.hgr,no,no,2,16,0.03,0.0295636,28.3105,cut,18443,17299,no
rKaHyPar,sat14_bob12m09-opt.cnf.hgr,no,no,3,16,0.03,0.0298764,30.2079,cut,18767,17379,no
rKaHyPar,sat14_bob12m09-opt.cnf.hgr,no,no,4,16,0.03,0.0298764,27.8094,cut,18161,17007,no
rKaHyPar,sat14_bob12m09-opt.cnf.hgr,no,no,5,16,0.03,0.0298764,21.5186,cut,18587,17381,no
rKaHyPar,sat14_bob12m09-opt.cnf.hgr,no,no,6,16,0.03,0.0298764,29.3181,cut,18067,16984,no
rKaHyPar,sat14_bob12m09-opt.cnf.hgr,no,no,7,16,0.03,0.0298764,27.2719,cut,18404,17314,no
rKaHyPar,sat14_bob12m09-opt.cnf.hgr,no,no,8,16,0.03,0.0298764,28.9942,cut,18345,17135,no
rKaHyPar,sat14_bob12m09-opt.cnf.hgr,no,no,9,16,0.03,0.0298764,19.759,cut,18395,17190,no
rKaHyPar,sat14_bob12m09-opt.cnf.hgr,no,no,0,2,0.03,0.000273737,4.60519,cut,557,557,no
rKaHyPar,sat14_bob12m09-opt.cnf.hgr,no,no,1,2,0.03,0.0253011,4.69916,cut,423,423,no
rKaHyPar,sat14_bob12m09-opt.cnf.hgr,no,no,2,2,0.03,0.00619819,4.455,cut,454,454,no
rKaHyPar,sat14_bob12m09-opt.cnf.hgr,no,no,3,2,0.03,0.00619819,4.44874,cut,454,454,no
rKaHyPar,sat14_bob12m09-opt.cnf.hgr,no,no,4,2,0.03,0.0243626,6.43853,cut,544,544,no
rKaHyPar,sat14_bob12m09-opt.cnf.hgr,no,no,5,2,0.03,0.0299937,7.01318,cut,615,615,no
rKaHyPar,sat14_bob12m09-opt.cnf.hgr,no,no,6,2,0.03,0.000273737,4.73779,cut,557,557,no
rKaHyPar,sat14_bob12m09-opt.cnf.hgr,no,no,7,2,0.03,0.000273737,4.64637,cut,557,557,no
rKaHyPar,sat14_bob12m09-opt.cnf.hgr,no,no,8,2,0.03,0.0299937,6.70987,cut,608,608,no
rKaHyPar,sat14_bob12m09-opt.cnf.hgr,no,no,9,2,0.03,0.0161309,4.49923,cut,534,534,no
rKaHyPar,sat14_bob12m09-opt.cnf.hgr,no,no,0,32,0.03,0.0297154,32.5108,cut,31645,27800,no
rKaHyPar,sat14_bob12m09-opt.cnf.hgr,no,no,1,32,0.03,0.0297154,34.3394,cut,32062,27925,no
rKaHyPar,sat14_bob12m09-opt.cnf.hgr,no,no,2,32,0.03,0.0297154,22.9554,cut,31529,27700,no
rKaHyPar,sat14_bob12m09-opt.cnf.hgr,no,no,3,32,0.03,0.0297154,23.9428,cut,31629,27674,no
rKaHyPar,sat14_bob12m09-opt.cnf.hgr,no,no,4,32,0.03,0.0297154,25.4685,cut,32042,28251,no
rKaHyPar,sat14_bob12m09-opt.cnf.hgr,no,no,5,32,0.03,0.0297154,32.1612,cut,32090,28223,no
rKaHyPar,sat14_bob12m09-opt.cnf.hgr,no,no,6,32,0.03,0.0297154,32.9575,cut,31906,27844,no
rKaHyPar,sat14_bob12m09-opt.cnf.hgr,no,no,7,32,0.03,0.0297154,23.698,cut,31819,28000,no
rKaHyPar,sat14_bob12m09-opt.cnf.hgr,no,no,8,32,0.03,0.0297154,36.4664,cut,31504,27665,no
rKaHyPar,sat14_bob12m09-opt.cnf.hgr,no,no,9,32,0.03,0.0297154,33.0197,cut,31926,27926,no
rKaHyPar,sat14_bob12m09-opt.cnf.hgr,no,no,0,4,0.03,0.0242453,12.4517,cut,1199,1199,no
rKaHyPar,sat14_bob12m09-opt.cnf.hgr,no,no,1,4,0.03,0.0228375,12.7267,cut,1292,1292,no
rKaHyPar,sat14_bob12m09-opt.cnf.hgr,no,no,2,4,0.03,0.0299937,16.6699,cut,2549,2534,no
rKaHyPar,sat14_bob12m09-opt.cnf.hgr,no,no,3,4,0.03,0.0299937,9.66272,cut,1549,1544,no
rKaHyPar,sat14_bob12m09-opt.cnf.hgr,no,no,4,4,0.03,0.0299937,13.8233,cut,1549,1534,no
rKaHyPar,sat14_bob12m09-opt.cnf.hgr,no,no,5,4,0.03,0.0299937,8.82633,cut,1369,1363,no
rKaHyPar,sat14_bob12m09-opt.cnf.hgr,no,no,6,4,0.03,0.0299546,8.32829,cut,1353,1348,no
rKaHyPar,sat14_bob12m09-opt.cnf.hgr,no,no,7,4,0.03,0.0291334,12.2891,cut,1239,1239,no
rKaHyPar,sat14_bob12m09-opt.cnf.hgr,no,no,8,4,0.03,0.0299937,13.1957,cut,1747,1745,no
rKaHyPar,sat14_bob12m09-opt.cnf.hgr,no,no,9,4,0.03,0.0299937,9.10531,cut,1270,1270,no
rKaHyPar,sat14_bob12m09-opt.cnf.hgr,no,no,0,64,0.03,0.0293934,36.4025,cut,45679,38044,no
rKaHyPar,sat14_bob12m09-opt.cnf.hgr,no,no,1,64,0.03,0.0293934,35.7777,cut,45551,37973,no
rKaHyPar,sat14_bob12m09-opt.cnf.hgr,no,no,2,64,0.03,0.0293934,34.7532,cut,45454,37591,no
rKaHyPar,sat14_bob12m09-opt.cnf.hgr,no,no,3,64,0.03,0.0293934,33.8819,cut,45880,37782,no
rKaHyPar,sat14_bob12m09-opt.cnf.hgr,no,no,4,64,0.03,0.0293934,34.1973,cut,45922,37895,no
rKaHyPar,sat14_bob12m09-opt.cnf.hgr,no,no,5,64,0.03,0.0293934,24.4205,cut,45322,37398,no
rKaHyPar,sat14_bob12m09-opt.cnf.hgr,no,no,6,64,0.03,0.0293934,26.7967,cut,45711,37773,no
rKaHyPar,sat14_bob12m09-opt.cnf.hgr,no,no,8,64,0.03,0.0293934,34.5242,cut,45420,37863,no
rKaHyPar,sat14_bob12m09-opt.cnf.hgr,no,no,9,64,0.03,0.0293934,34.7901,cut,45065,37450,no
rKaHyPar,sat14_bob12m09-opt.cnf.hgr,no,no,0,8,0.03,0.0299546,30.6437,cut,6536,6460,no
rKaHyPar,sat14_bob12m09-opt.cnf.hgr,no,no,1,8,0.03,0.0299546,23.2124,cut,6400,6364,no
rKaHyPar,sat14_bob12m09-opt.cnf.hgr,no,no,2,8,0.03,0.0299546,32.2051,cut,6649,6584,no
rKaHyPar,sat14_bob12m09-opt.cnf.hgr,no,no,3,8,0.03,0.0299546,19.6607,cut,6371,6322,no
rKaHyPar,sat14_bob12m09-opt.cnf.hgr,no,no,4,8,0.03,0.0299546,20.5859,cut,6374,6302,no
rKaHyPar,sat14_bob12m09-opt.cnf.hgr,no,no,5,8,0.03,0.0299546,22.1496,cut,6392,6333,no
rKaHyPar,sat14_bob12m09-opt.cnf.hgr,no,no,6,8,0.03,0.0299546,23.0485,cut,6559,6519,no
rKaHyPar,sat14_bob12m09-opt.cnf.hgr,no,no,7,8,0.03,0.0299546,24.3,cut,7626,7553,no
rKaHyPar,sat14_bob12m09-opt.cnf.hgr,no,no,8,8,0.03,0.0299546,26.1691,cut,6420,6340,no
rKaHyPar,sat14_bob12m09-opt.cnf.hgr,no,no,9,8,0.03,0.0299546,37.5984,cut,6605,6535,no
rKaHyPar,sat14_bob12m09-opt.cnf.primal.hgr,no,no,0,128,0.03,0.03,21.8389,cut,55155,49159,no
rKaHyPar,sat14_bob12m09-opt.cnf.primal.hgr,no,no,1,128,0.03,0.03,15.7032,cut,54781,48832,no
rKaHyPar,sat14_bob12m09-opt.cnf.primal.hgr,no,no,2,128,0.03,0.03,16.4132,cut,54814,48992,no
rKaHyPar,sat14_bob12m09-opt.cnf.primal.hgr,no,no,3,128,0.03,0.03,21.8931,cut,54598,48680,no
rKaHyPar,sat14_bob12m09-opt.cnf.primal.hgr,no,no,4,128,0.03,0.03,16.1588,cut,54802,48840,no
rKaHyPar,sat14_bob12m09-opt.cnf.primal.hgr,no,no,5,128,0.03,0.03,15.7164,cut,54664,48835,no
rKaHyPar,sat14_bob12m09-opt.cnf.primal.hgr,no,no,6,128,0.03,0.03,16.3844,cut,54734,48883,no
rKaHyPar,sat14_bob12m09-opt.cnf.primal.hgr,no,no,7,128,0.03,0.03,21.5181,cut,54599,48696,no
rKaHyPar,sat14_bob12m09-opt.cnf.primal.hgr,no,no,8,128,0.03,0.03,21.6829,cut,54709,48859,no
rKaHyPar,sat14_bob12m09-opt.cnf.primal.hgr,no,no,9,128,0.03,0.03,22.7034,cut,55139,49143,no
rKaHyPar,sat14_bob12m09-opt.cnf.primal.hgr,no,no,0,16,0.03,0.0297154,17.7967,cut,18900,18521,no
rKaHyPar,sat14_bob12m09-opt.cnf.primal.hgr,no,no,1,16,0.03,0.0297154,20.4475,cut,18072,17591,no
rKaHyPar,sat14_bob12m09-opt.cnf.primal.hgr,no,no,2,16,0.03,0.0297154,20.1801,cut,18445,17977,no
rKaHyPar,sat14_bob12m09-opt.cnf.primal.hgr,no,no,3,16,0.03,0.0297154,19.3389,cut,18100,17726,no
rKaHyPar,sat14_bob12m09-opt.cnf.primal.hgr,no,no,4,16,0.03,0.0297154,19.8026,cut,18318,17905,no
rKaHyPar,sat14_bob12m09-opt.cnf.primal.hgr,no,no,5,16,0.03,0.0297154,13.2439,cut,18046,17625,no
rKaHyPar,sat14_bob12m09-opt.cnf.primal.hgr,no,no,6,16,0.03,0.0297154,19.8872,cut,18308,17856,no
rKaHyPar,sat14_bob12m09-opt.cnf.primal.hgr,no,no,7,16,0.03,0.0297154,14.4653,cut,18368,17941,no
rKaHyPar,sat14_bob12m09-opt.cnf.primal.hgr,no,no,8,16,0.03,0.0297154,15.1076,cut,18133,17722,no
rKaHyPar,sat14_bob12m09-opt.cnf.primal.hgr,no,no,9,16,0.03,0.0297154,14.5968,cut,18323,17947,no
rKaHyPar,sat14_bob12m09-opt.cnf.primal.hgr,no,no,0,2,0.03,0.0123182,2.47363,cut,458,458,no
rKaHyPar,sat14_bob12m09-opt.cnf.primal.hgr,no,no,1,2,0.03,0.0066479,2.33746,cut,454,454,no
rKaHyPar,sat14_bob12m09-opt.cnf.primal.hgr,no,no,2,2,0.03,0.024871,2.57168,cut,545,545,no
rKaHyPar,sat14_bob12m09-opt.cnf.primal.hgr,no,no,3,2,0.03,0.0237369,2.56854,cut,438,438,no
rKaHyPar,sat14_bob12m09-opt.cnf.primal.hgr,no,no,4,2,0.03,0.0164242,3.44383,cut,534,534,no
rKaHyPar,sat14_bob12m09-opt.cnf.primal.hgr,no,no,5,2,0.03,0.0123182,3.16035,cut,458,458,no
rKaHyPar,sat14_bob12m09-opt.cnf.primal.hgr,no,no,6,2,0.03,0.0172454,2.46571,cut,434,434,no
rKaHyPar,sat14_bob12m09-opt.cnf.primal.hgr,no,no,7,2,0.03,0.0066479,2.48084,cut,454,454,no
rKaHyPar,sat14_bob12m09-opt.cnf.primal.hgr,no,no,8,2,0.03,0.00512279,3.68419,cut,565,565,no
rKaHyPar,sat14_bob12m09-opt.cnf.primal.hgr,no,no,9,2,0.03,0.0066479,2.47423,cut,454,454,no
rKaHyPar,sat14_bob12m09-opt.cnf.primal.hgr,no,no,0,32,0.03,0.0293934,18.0199,cut,30793,29096,no
rKaHyPar,sat14_bob12m09-opt.cnf.primal.hgr,no,no,1,32,0.03,0.0293934,18.5996,cut,30802,29228,no
rKaHyPar,sat14_bob12m09-opt.cnf.primal.hgr,no,no,2,32,0.03,0.0293934,15.3901,cut,31000,29391,no
rKaHyPar,sat14_bob12m09-opt.cnf.primal.hgr,no,no,3,32,0.03,0.0293934,13.0265,cut,31124,29321,no
rKaHyPar,sat14_bob12m09-opt.cnf.primal.hgr,no,no,4,32,0.03,0.0293934,12.3392,cut,30376,28736,no
rKaHyPar,sat14_bob12m09-opt.cnf.primal.hgr,no,no,5,32,0.03,0.0293934,19.7395,cut,30816,29271,no
rKaHyPar,sat14_bob12m09-opt.cnf.primal.hgr,no,no,6,32,0.03,0.0293934,19.9359,cut,30938,29272,no
rKaHyPar,sat14_bob12m09-opt.cnf.primal.hgr,no,no,7,32,0.03,0.0293934,13.5045,cut,30922,29202,no
rKaHyPar,sat14_bob12m09-opt.cnf.primal.hgr,no,no,8,32,0.03,0.0293934,12.7628,cut,30660,28977,no
rKaHyPar,sat14_bob12m09-opt.cnf.primal.hgr,no,no,9,32,0.03,0.0293934,19.1982,cut,30922,29292,no
rKaHyPar,sat14_bob12m09-opt.cnf.primal.hgr,no,no,0,4,0.03,0.0299546,7.28003,cut,1648,1643,no
rKaHyPar,sat14_bob12m09-opt.cnf.primal.hgr,no,no,1,4,0.03,0.0299546,6.58376,cut,1647,1642,no
rKaHyPar,sat14_bob12m09-opt.cnf.primal.hgr,no,no,2,4,0.03,0.0299546,5.40254,cut,1626,1621,no
rKaHyPar,sat14_bob12m09-opt.cnf.primal.hgr,no,no,3,4,0.03,0.0299546,5.0464,cut,1657,1652,no
rKaHyPar,sat14_bob12m09-opt.cnf.primal.hgr,no,no,4,4,0.03,0.0299546,6.86454,cut,1648,1643,no
rKaHyPar,sat14_bob12m09-opt.cnf.primal.hgr,no,no,5,4,0.03,0.0299546,4.51815,cut,1653,1647,no
rKaHyPar,sat14_bob12m09-opt.cnf.primal.hgr,no,no,6,4,0.03,0.0299546,5.07538,cut,1681,1675,no
rKaHyPar,sat14_bob12m09-opt.cnf.primal.hgr,no,no,7,4,0.03,0.0299546,10.7955,cut,2444,2437,no
rKaHyPar,sat14_bob12m09-opt.cnf.primal.hgr,no,no,8,4,0.03,0.0297982,4.11144,cut,1176,1176,no
rKaHyPar,sat14_bob12m09-opt.cnf.primal.hgr,no,no,9,4,0.03,0.0299546,4.4067,cut,1322,1322,no
rKaHyPar,sat14_bob12m09-opt.cnf.primal.hgr,no,no,0,64,0.03,0.03,19.1259,cut,43271,39746,no
rKaHyPar,sat14_bob12m09-opt.cnf.primal.hgr,no,no,1,64,0.03,0.03,13.4125,cut,43289,39738,no
rKaHyPar,sat14_bob12m09-opt.cnf.primal.hgr,no,no,2,64,0.03,0.03,19.724,cut,43437,39776,no
rKaHyPar,sat14_bob12m09-opt.cnf.primal.hgr,no,no,3,64,0.03,0.03,19.9618,cut,43367,39853,no
rKaHyPar,sat14_bob12m09-opt.cnf.primal.hgr,no,no,4,64,0.03,0.03,13.7775,cut,43726,40069,no
rKaHyPar,sat14_bob12m09-opt.cnf.primal.hgr,no,no,5,64,0.03,0.03,14.3916,cut,43592,39886,no
rKaHyPar,sat14_bob12m09-opt.cnf.primal.hgr,no,no,6,64,0.03,0.03,15.1974,cut,43319,39703,no
rKaHyPar,sat14_bob12m09-opt.cnf.primal.hgr,no,no,7,64,0.03,0.03,15.7148,cut,43348,39785,no
rKaHyPar,sat14_bob12m09-opt.cnf.primal.hgr,no,no,8,64,0.03,0.03,19.6959,cut,43145,39461,no
rKaHyPar,sat14_bob12m09-opt.cnf.primal.hgr,no,no,9,64,0.03,0.03,20.918,cut,43333,39726,no
rKaHyPar,sat14_bob12m09-opt.cnf.primal.hgr,no,no,0,8,0.03,0.0298764,24.2137,cut,6757,6714,no
rKaHyPar,sat14_bob12m09-opt.cnf.primal.hgr,no,no,1,8,0.03,0.0298764,17.4762,cut,8029,7993,no
rKaHyPar,sat14_bob12m09-opt.cnf.primal.hgr,no,no,2,8,0.03,0.0298764,20.5881,cut,6937,6875,no
rKaHyPar,sat14_bob12m09-opt.cnf.primal.hgr,no,no,3,8,0.03,0.0298764,13.3177,cut,6797,6761,no
rKaHyPar,sat14_bob12m09-opt.cnf.primal.hgr,no,no,4,8,0.03,0.0298764,14.1292,cut,7125,7069,no
rKaHyPar,sat14_bob12m09-opt.cnf.primal.hgr,no,no,5,8,0.03,0.0298764,13.0031,cut,6911,6870,no
rKaHyPar,sat14_bob12m09-opt.cnf.primal.hgr,no,no,6,8,0.03,0.0298764,14.219,cut,7016,6982,no
rKaHyPar,sat14_bob12m09-opt.cnf.primal.hgr,no,no,7,8,0.03,0.0298764,21.7705,cut,6977,6932,no
rKaHyPar,sat14_bob12m09-opt.cnf.primal.hgr,no,no,8,8,0.03,0.0298764,10.8439,cut,6573,6528,no
rKaHyPar,sat14_bob12m09-opt.cnf.primal.hgr,no,no,9,8,0.03,0.0298764,19.0483,cut,7037,6959,no
rKaHyPar,sat14_bob12s02.cnf.dual.hgr,no,no,0,128,0.03,0.0147783,9.16865,cut,8254,2636,no
rKaHyPar,sat14_bob12s02.cnf.dual.hgr,no,no,1,128,0.03,0.0246305,6.44981,cut,8211,2643,no
rKaHyPar,sat14_bob12s02.cnf.dual.hgr,no,no,2,128,0.03,0.0295567,8.8897,cut,8433,2659,no
rKaHyPar,sat14_bob12s02.cnf.dual.hgr,no,no,3,128,0.03,0.0295567,8.80484,cut,8275,2654,no
rKaHyPar,sat14_bob12s02.cnf.dual.hgr,no,no,4,128,0.03,0.0246305,6.34304,cut,8360,2620,no
rKaHyPar,sat14_bob12s02.cnf.dual.hgr,no,no,5,128,0.03,0.0295567,6.64417,cut,8416,2706,no
rKaHyPar,sat14_bob12s02.cnf.dual.hgr,no,no,6,128,0.03,0.0246305,6.3889,cut,8219,2620,no
rKaHyPar,sat14_bob12s02.cnf.dual.hgr,no,no,7,128,0.03,0.0295567,8.83809,cut,8361,2667,no
rKaHyPar,sat14_bob12s02.cnf.dual.hgr,no,no,8,128,0.03,0.0295567,8.72136,cut,8238,2612,no
rKaHyPar,sat14_bob12s02.cnf.dual.hgr,no,no,9,128,0.03,0.0197044,8.95968,cut,8244,2665,no
rKaHyPar,sat14_bob12s02.cnf.dual.hgr,no,no,0,16,0.03,0.0285421,3.90729,cut,3244,1621,no
rKaHyPar,sat14_bob12s02.cnf.dual.hgr,no,no,1,16,0.03,0.0268994,3.91167,cut,3220,1556,no
rKaHyPar,sat14_bob12s02.cnf.dual.hgr,no,no,2,16,0.03,0.0213552,3.96992,cut,3287,1574,no
rKaHyPar,sat14_bob12s02.cnf.dual.hgr,no,no,3,16,0.03,0.0275154,3.70536,cut,3334,1616,no
rKaHyPar,sat14_bob12s02.cnf.dual.hgr,no,no,4,16,0.03,0.0285421,4.08805,cut,3225,1622,no
rKaHyPar,sat14_bob12s02.cnf.dual.hgr,no,no,5,16,0.03,0.0295688,2.71174,cut,3267,1620,no
rKaHyPar,sat14_bob12s02.cnf.dual.hgr,no,no,6,16,0.03,0.0287474,4.18696,cut,3301,1630,no
rKaHyPar,sat14_bob12s02.cnf.dual.hgr,no,no,7,16,0.03,0.0295688,2.88077,cut,3222,1596,no
rKaHyPar,sat14_bob12s02.cnf.dual.hgr,no,no,8,16,0.03,0.0293634,4.08535,cut,3220,1589,no
rKaHyPar,sat14_bob12s02.cnf.dual.hgr,no,no,9,16,0.03,0.0221766,2.79445,cut,3226,1583,no
rKaHyPar,sat14_bob12s02.cnf.dual.hgr,no,no,0,2,0.03,0,0.888309,cut,224,224,no
rKaHyPar,sat14_bob12s02.cnf.dual.hgr,no,no,1,2,0.03,0,0.884869,cut,224,224,no
rKaHyPar,sat14_bob12s02.cnf.dual.hgr,no,no,2,2,0.03,0,0.875087,cut,226,226,no
rKaHyPar,sat14_bob12s02.cnf.dual.hgr,no,no,3,2,0.03,2.56674e-05,0.865118,cut,224,224,no
rKaHyPar,sat14_bob12s02.cnf.dual.hgr,no,no,4,2,0.03,2.56674e-05,1.16854,cut,224,224,no
rKaHyPar,sat14_bob12s02.cnf.dual.hgr,no,no,5,2,0.03,2.56674e-05,1.31365,cut,224,224,no
rKaHyPar,sat14_bob12s02.cnf.dual.hgr,no,no,6,2,0.03,2.56674e-05,0.871235,cut,224,224,no
rKaHyPar,sat14_bob12s02.cnf.dual.hgr,no,no,7,2,0.03,2.56674e-05,0.85226,cut,224,224,no
rKaHyPar,sat14_bob12s02.cnf.dual.hgr,no,no,8,2,0.03,0.00567248,1.19088,cut,224,224,no
rKaHyPar,sat14_bob12s02.cnf.dual.hgr,no,no,9,2,0.03,0.000282341,0.899381,cut,224,224,no
rKaHyPar,sat14_bob12s02.cnf.dual.hgr,no,no,0,32,0.03,0.0262834,4.94187,cut,4677,2133,no
rKaHyPar,sat14_bob12s02.cnf.dual.hgr,no,no,1,32,0.03,0.0110883,4.80943,cut,4674,2158,no
rKaHyPar,sat14_bob12s02.cnf.dual.hgr,no,no,2,32,0.03,0.0201232,3.35253,cut,4614,2129,no
rKaHyPar,sat14_bob12s02.cnf.dual.hgr,no,no,3,32,0.03,0.0201232,3.47763,cut,4699,2149,no
rKaHyPar,sat14_bob12s02.cnf.dual.hgr,no,no,4,32,0.03,0.0250513,3.43507,cut,4698,2154,no
rKaHyPar,sat14_bob12s02.cnf.dual.hgr,no,no,5,32,0.03,0.0238193,4.83568,cut,4713,2145,no
rKaHyPar,sat14_bob12s02.cnf.dual.hgr,no,no,6,32,0.03,0.0225873,4.83926,cut,4737,2141,no
rKaHyPar,sat14_bob12s02.cnf.dual.hgr,no,no,7,32,0.03,0.0225873,3.37747,cut,4696,2161,no
rKaHyPar,sat14_bob12s02.cnf.dual.hgr,no,no,8,32,0.03,0.0205339,3.4267,cut,4848,2184,no
rKaHyPar,sat14_bob12s02.cnf.dual.hgr,no,no,9,32,0.03,0.0221766,4.83653,cut,4762,2166,no
rKaHyPar,sat14_bob12s02.cnf.dual.hgr,no,no,0,4,0.03,0.0299281,2.15725,cut,904,591,no
rKaHyPar,sat14_bob12s02.cnf.dual.hgr,no,no,1,4,0.03,0.0154004,2.11125,cut,852,579,no
rKaHyPar,sat14_bob12s02.cnf.dual.hgr,no,no,2,4,0.03,0.0299795,1.58485,cut,920,619,no
rKaHyPar,sat14_bob12s02.cnf.dual.hgr,no,no,3,4,0.03,0.0283368,1.51417,cut,901,592,no
rKaHyPar,sat14_bob12s02.cnf.dual.hgr,no,no,4,4,0.03,0.0298768,2.22806,cut,928,611,no
rKaHyPar,sat14_bob12s02.cnf.dual.hgr,no,no,5,4,0.03,0.0291068,1.56812,cut,896,590,no
rKaHyPar,sat14_bob12s02.cnf.dual.hgr,no,no,6,4,0.03,0.0290554,1.57141,cut,927,614,no
rKaHyPar,sat14_bob12s02.cnf.dual.hgr,no,no,7,4,0.03,0.0196099,2.12551,cut,892,588,no
rKaHyPar,sat14_bob12s02.cnf.dual.hgr,no,no,8,4,0.03,0.0299795,1.53586,cut,904,590,no
rKaHyPar,sat14_bob12s02.cnf.dual.hgr,no,no,9,4,0.03,0.0154517,1.45014,cut,905,588,no
rKaHyPar,sat14_bob12s02.cnf.dual.hgr,no,no,0,64,0.03,0.0246305,6.23972,cut,6600,2429,no
rKaHyPar,sat14_bob12s02.cnf.dual.hgr,no,no,1,64,0.03,0.0246305,4.47349,cut,6561,2455,no
rKaHyPar,sat14_bob12s02.cnf.dual.hgr,no,no,2,64,0.03,0.0221675,6.1526,cut,6419,2409,no
rKaHyPar,sat14_bob12s02.cnf.dual.hgr,no,no,3,64,0.03,0.0197044,6.32868,cut,6378,2458,no
rKaHyPar,sat14_bob12s02.cnf.dual.hgr,no,no,4,64,0.03,0.0287356,4.52574,cut,6468,2485,no
rKaHyPar,sat14_bob12s02.cnf.dual.hgr,no,no,5,64,0.03,0.0238095,4.48506,cut,6401,2433,no
rKaHyPar,sat14_bob12s02.cnf.dual.hgr,no,no,6,64,0.03,0.0279146,4.53458,cut,6474,2415,no
rKaHyPar,sat14_bob12s02.cnf.dual.hgr,no,no,7,64,0.03,0.00985222,6.1496,cut,6415,2449,no
rKaHyPar,sat14_bob12s02.cnf.dual.hgr,no,no,8,64,0.03,0.0197044,6.43786,cut,6457,2438,no
rKaHyPar,sat14_bob12s02.cnf.dual.hgr,no,no,9,64,0.03,0.0197044,6.28981,cut,6374,2428,no
rKaHyPar,sat14_bob12s02.cnf.dual.hgr,no,no,0,8,0.03,0.0228953,3.37959,cut,2026,1140,no
rKaHyPar,sat14_bob12s02.cnf.dual.hgr,no,no,1,8,0.03,0.0287474,3.53129,cut,2091,1163,no
rKaHyPar,sat14_bob12s02.cnf.dual.hgr,no,no,2,8,0.03,0.0298768,3.06098,cut,1967,1120,no
rKaHyPar,sat14_bob12s02.cnf.dual.hgr,no,no,3,8,0.03,0.0288501,2.11592,cut,2013,1145,no
rKaHyPar,sat14_bob12s02.cnf.dual.hgr,no,no,4,8,0.03,0.0292608,2.07425,cut,1961,1125,no
rKaHyPar,sat14_bob12s02.cnf.dual.hgr,no,no,5,8,0.03,0.0298768,2.14917,cut,1925,1126,no
rKaHyPar,sat14_bob12s02.cnf.dual.hgr,no,no,6,8,0.03,0.0298768,2.56191,cut,2024,1137,no
rKaHyPar,sat14_bob12s02.cnf.dual.hgr,no,no,7,8,0.03,0.0298768,3.04069,cut,1925,1123,no
rKaHyPar,sat14_bob12s02.cnf.dual.hgr,no,no,8,8,0.03,0.0281314,2.62807,cut,1980,1123,no
rKaHyPar,sat14_bob12s02.cnf.dual.hgr,no,no,9,8,0.03,0.0265914,3.52121,cut,1976,1141,no
rKaHyPar,sat14_bob12s02.cnf.hgr,no,no,0,128,0.03,0.0291971,16.3103,cut,24679,20467,no
rKaHyPar,sat14_bob12s02.cnf.hgr,no,no,1,128,0.03,0.0291971,11.6247,cut,24661,20444,no
rKaHyPar,sat14_bob12s02.cnf.hgr,no,no,2,128,0.03,0.0291971,11.7447,cut,24723,20414,no
rKaHyPar,sat14_bob12s02.cnf.hgr,no,no,3,128,0.03,0.0291971,16.0873,cut,24985,20704,no
rKaHyPar,sat14_bob12s02.cnf.hgr,no,no,4,128,0.03,0.0291971,11.743,cut,24764,20415,no
rKaHyPar,sat14_bob12s02.cnf.hgr,no,no,5,128,0.03,0.0291971,11.7567,cut,24546,20407,no
rKaHyPar,sat14_bob12s02.cnf.hgr,no,no,6,128,0.03,0.0291971,11.7701,cut,24702,20425,no
rKaHyPar,sat14_bob12s02.cnf.hgr,no,no,7,128,0.03,0.0291971,16.341,cut,24645,20424,no
rKaHyPar,sat14_bob12s02.cnf.hgr,no,no,8,128,0.03,0.0291971,16.2004,cut,24521,20450,no
rKaHyPar,sat14_bob12s02.cnf.hgr,no,no,9,128,0.03,0.0291971,16.2229,cut,24589,20362,no
rKaHyPar,sat14_bob12s02.cnf.hgr,no,no,0,16,0.03,0.0298144,8.66289,cut,9114,8344,no
rKaHyPar,sat14_bob12s02.cnf.hgr,no,no,1,16,0.03,0.0295102,8.7624,cut,10419,9243,no
rKaHyPar,sat14_bob12s02.cnf.hgr,no,no,2,16,0.03,0.0295102,6.8933,cut,9095,8424,no
rKaHyPar,sat14_bob12s02.cnf.hgr,no,no,3,16,0.03,0.0298144,10.0987,cut,10306,9121,no
rKaHyPar,sat14_bob12s02.cnf.hgr,no,no,4,16,0.03,0.0295102,8.71405,cut,9082,8364,no
rKaHyPar,sat14_bob12s02.cnf.hgr,no,no,5,16,0.03,0.0298144,10.3758,cut,10136,9042,no
rKaHyPar,sat14_bob12s02.cnf.hgr,no,no,6,16,0.03,0.0295102,9.66051,cut,9097,8389,no
rKaHyPar,sat14_bob12s02.cnf.hgr,no,no,7,16,0.03,0.0298144,6.30211,cut,9196,8388,no
rKaHyPar,sat14_bob12s02.cnf.hgr,no,no,8,16,0.03,0.0298144,10.2899,cut,10492,9262,no
rKaHyPar,sat14_bob12s02.cnf.hgr,no,no,9,16,0.03,0.0298144,6.36608,cut,10483,9213,no
rKaHyPar,sat14_bob12s02.cnf.hgr,no,no,0,2,0.03,0.00110291,6.82819,cut,1974,1974,no
rKaHyPar,sat14_bob12s02.cnf.hgr,no,no,1,2,0.03,0.0295124,4.63562,cut,1973,1973,no
rKaHyPar,sat14_bob12s02.cnf.hgr,no,no,2,2,0.03,0.000456378,10.057,cut,1974,1974,no
rKaHyPar,sat14_bob12s02.cnf.hgr,no,no,3,2,0.03,0.0298547,6.97972,cut,2052,2052,no
rKaHyPar,sat14_bob12s02.cnf.hgr,no,no,4,2,0.03,0.000152126,12.1625,cut,1974,1974,no
rKaHyPar,sat14_bob12s02.cnf.hgr,no,no,5,2,0.03,0.0298928,5.33133,cut,2034,2034,no
rKaHyPar,sat14_bob12s02.cnf.hgr,no,no,6,2,0.03,0.00106488,7.1177,cut,1974,1974,no
rKaHyPar,sat14_bob12s02.cnf.hgr,no,no,7,2,0.03,0.000456378,7.17408,cut,1974,1974,no
rKaHyPar,sat14_bob12s02.cnf.hgr,no,no,8,2,0.03,0.0298928,5.38496,cut,1988,1988,no
rKaHyPar,sat14_bob12s02.cnf.hgr,no,no,9,2,0.03,0.0297026,4.34979,cut,1986,1986,no
rKaHyPar,sat14_bob12s02.cnf.hgr,no,no,0,32,0.03,0.0298054,11.5169,cut,14070,12538,no
rKaHyPar,sat14_bob12s02.cnf.hgr,no,no,1,32,0.03,0.0298054,12.2396,cut,14523,12714,no
rKaHyPar,sat14_bob12s02.cnf.hgr,no,no,2,32,0.03,0.0298054,8.17371,cut,14060,12506,no
rKaHyPar,sat14_bob12s02.cnf.hgr,no,no,3,32,0.03,0.0291971,8.61823,cut,14552,12724,no
rKaHyPar,sat14_bob12s02.cnf.hgr,no,no,4,32,0.03,0.0298054,8.16143,cut,14065,12606,no
rKaHyPar,sat14_bob12s02.cnf.hgr,no,no,5,32,0.03,0.0298054,12.0345,cut,14652,12816,no
rKaHyPar,sat14_bob12s02.cnf.hgr,no,no,6,32,0.03,0.0298054,11.954,cut,13976,12471,no
rKaHyPar,sat14_bob12s02.cnf.hgr,no,no,7,32,0.03,0.0298054,11.4117,cut,14251,12559,no
rKaHyPar,sat14_bob12s02.cnf.hgr,no,no,8,32,0.03,0.0298054,8.23179,cut,14687,12867,no
rKaHyPar,sat14_bob12s02.cnf.hgr,no,no,9,32,0.03,0.0298054,11.6685,cut,15036,12969,no
rKaHyPar,sat14_bob12s02.cnf.hgr,no,no,0,4,0.03,0.0299688,6.44069,cut,3469,3366,no
rKaHyPar,sat14_bob12s02.cnf.hgr,no,no,1,4,0.03,0.0299688,5.14891,cut,4331,3989,no
rKaHyPar,sat14_bob12s02.cnf.hgr,no,no,2,4,0.03,0.0298928,5.37247,cut,3455,3354,no
rKaHyPar,sat14_bob12s02.cnf.hgr,no,no,3,4,0.03,0.0298928,7.94868,cut,4258,3841,no
rKaHyPar,sat14_bob12s02.cnf.hgr,no,no,4,4,0.03,0.0297406,6.84533,cut,3489,3356,no
rKaHyPar,sat14_bob12s02.cnf.hgr,no,no,5,4,0.03,0.0299688,5.42221,cut,4316,3971,no
rKaHyPar,sat14_bob12s02.cnf.hgr,no,no,6,4,0.03,0.0299688,4.60342,cut,3466,3365,no
rKaHyPar,sat14_bob12s02.cnf.hgr,no,no,7,4,0.03,0.0299688,5.5462,cut,3462,3361,no
rKaHyPar,sat14_bob12s02.cnf.hgr,no,no,8,4,0.03,0.0299688,5.91879,cut,4202,3852,no
rKaHyPar,sat14_bob12s02.cnf.hgr,no,no,9,4,0.03,0.0299688,6.27209,cut,4220,3878,no
rKaHyPar,sat14_bob12s02.cnf.hgr,no,no,0,64,0.03,0.0291971,13.0145,cut,19716,16946,no
rKaHyPar,sat14_bob12s02.cnf.hgr,no,no,1,64,0.03,0.0291971,9.38614,cut,19815,16922,no
rKaHyPar,sat14_bob12s02.cnf.hgr,no,no,2,64,0.03,0.0291971,13.136,cut,19594,16849,no
rKaHyPar,sat14_bob12s02.cnf.hgr,no,no,3,64,0.03,0.0291971,13.3842,cut,19962,17027,no
rKaHyPar,sat14_bob12s02.cnf.hgr,no,no,4,64,0.03,0.0291971,9.53474,cut,19672,16922,no
rKaHyPar,sat14_bob12s02.cnf.hgr,no,no,5,64,0.03,0.0291971,9.41196,cut,19873,16979,no
rKaHyPar,sat14_bob12s02.cnf.hgr,no,no,6,64,0.03,0.0291971,13.109,cut,19570,16842,no
rKaHyPar,sat14_bob12s02.cnf.hgr,no,no,7,64,0.03,0.0291971,9.60172,cut,19652,16798,no
rKaHyPar,sat14_bob12s02.cnf.hgr,no,no,8,64,0.03,0.0279805,13.0589,cut,19924,16851,no
rKaHyPar,sat14_bob12s02.cnf.hgr,no,no,9,64,0.03,0.0291971,9.47291,cut,19849,16965,no
rKaHyPar,sat14_bob12s02.cnf.hgr,no,no,0,8,0.03,0.0147551,5.28169,cut,5926,5647,no
rKaHyPar,sat14_bob12s02.cnf.hgr,no,no,1,8,0.03,0.0299665,11.9108,cut,6895,6257,no
rKaHyPar,sat14_bob12s02.cnf.hgr,no,no,2,8,0.03,0.0299665,7.55582,cut,5823,5627,no
rKaHyPar,sat14_bob12s02.cnf.hgr,no,no,3,8,0.03,0.0174932,6.74912,cut,5926,5652,no
rKaHyPar,sat14_bob12s02.cnf.hgr,no,no,4,8,0.03,0.0299665,5.783,cut,5958,5654,no
rKaHyPar,sat14_bob12s02.cnf.hgr,no,no,5,8,0.03,0.0289017,8.71439,cut,7051,6385,no
rKaHyPar,sat14_bob12s02.cnf.hgr,no,no,6,8,0.03,0.0147551,5.2624,cut,5940,5633,no
rKaHyPar,sat14_bob12s02.cnf.hgr,no,no,7,8,0.03,0.0299665,7.59581,cut,5752,5566,no
rKaHyPar,sat14_bob12s02.cnf.hgr,no,no,8,8,0.03,0.0240341,5.85442,cut,6981,6361,no
rKaHyPar,sat14_bob12s02.cnf.hgr,no,no,9,8,0.03,0.0295102,8.41371,cut,6977,6356,no
rKaHyPar,sat14_bob12s02.cnf.primal.hgr,no,no,0,128,0.03,0.0291262,11.4422,cut,23954,21655,no
rKaHyPar,sat14_bob12s02.cnf.primal.hgr,no,no,1,128,0.03,0.0291262,8.26466,cut,23819,21541,no
rKaHyPar,sat14_bob12s02.cnf.primal.hgr,no,no,2,128,0.03,0.0291262,11.407,cut,23972,21564,no
rKaHyPar,sat14_bob12s02.cnf.primal.hgr,no,no,3,128,0.03,0.0291262,11.2517,cut,23941,21562,no
rKaHyPar,sat14_bob12s02.cnf.primal.hgr,no,no,4,128,0.03,0.0291262,7.95893,cut,23845,21594,no
rKaHyPar,sat14_bob12s02.cnf.primal.hgr,no,no,5,128,0.03,0.0291262,8.07328,cut,24005,21672,no
rKaHyPar,sat14_bob12s02.cnf.primal.hgr,no,no,6,128,0.03,0.0291262,8.4225,cut,23931,21645,no
rKaHyPar,sat14_bob12s02.cnf.primal.hgr,no,no,7,128,0.03,0.0291262,11.5474,cut,23936,21625,no
rKaHyPar,sat14_bob12s02.cnf.primal.hgr,no,no,8,128,0.03,0.0291262,10.7947,cut,23990,21603,no
rKaHyPar,sat14_bob12s02.cnf.primal.hgr,no,no,9,128,0.03,0.0291262,11.2017,cut,23820,21592,no
rKaHyPar,sat14_bob12s02.cnf.primal.hgr,no,no,0,16,0.03,0.0298054,5.3936,cut,9962,9630,no
rKaHyPar,sat14_bob12s02.cnf.primal.hgr,no,no,1,16,0.03,0.0273723,5.82106,cut,10039,9730,no
rKaHyPar,sat14_bob12s02.cnf.primal.hgr,no,no,2,16,0.03,0.0291971,4.04386,cut,9994,9624,no
rKaHyPar,sat14_bob12s02.cnf.primal.hgr,no,no,3,16,0.03,0.0298054,4.43563,cut,10196,9769,no
rKaHyPar,sat14_bob12s02.cnf.primal.hgr,no,no,4,16,0.03,0.0298054,5.17854,cut,10194,9834,no
rKaHyPar,sat14_bob12s02.cnf.primal.hgr,no,no,5,16,0.03,0.0285888,4.72034,cut,9708,9342,no
rKaHyPar,sat14_bob12s02.cnf.primal.hgr,no,no,6,16,0.03,0.0298054,4.84926,cut,9887,9646,no
rKaHyPar,sat14_bob12s02.cnf.primal.hgr,no,no,7,16,0.03,0.0273723,3.76329,cut,9847,9615,no
rKaHyPar,sat14_bob12s02.cnf.primal.hgr,no,no,8,16,0.03,0.0298054,4.35744,cut,10404,9790,no
rKaHyPar,sat14_bob12s02.cnf.primal.hgr,no,no,9,16,0.03,0.0298054,3.37837,cut,9818,9442,no
rKaHyPar,sat14_bob12s02.cnf.primal.hgr,no,no,0,2,0.03,0.0298928,1.4844,cut,2046,2046,no
rKaHyPar,sat14_bob12s02.cnf.primal.hgr,no,no,1,2,0.03,0.0298928,1.32495,cut,2031,2031,no
rKaHyPar,sat14_bob12s02.cnf.primal.hgr,no,no,2,2,0.03,0.0298928,1.76475,cut,2035,2035,no
rKaHyPar,sat14_bob12s02.cnf.primal.hgr,no,no,3,2,0.03,0.0299688,5.95621,cut,2260,2260,no
rKaHyPar,sat14_bob12s02.cnf.primal.hgr,no,no,4,2,0.03,0.0299688,5.84341,cut,1993,1993,no
rKaHyPar,sat14_bob12s02.cnf.primal.hgr,no,no,5,2,0.03,0.018103,4.96612,cut,1988,1988,no
rKaHyPar,sat14_bob12s02.cnf.primal.hgr,no,no,6,2,0.03,0.0299688,1.38596,cut,2032,2032,no
rKaHyPar,sat14_bob12s02.cnf.primal.hgr,no,no,7,2,0.03,0.0299688,4.38046,cut,2042,2042,no
rKaHyPar,sat14_bob12s02.cnf.primal.hgr,no,no,8,2,0.03,0.0295124,3.32394,cut,2008,2008,no
rKaHyPar,sat14_bob12s02.cnf.primal.hgr,no,no,9,2,0.03,0.0293603,1.19345,cut,2082,2082,no
rKaHyPar,sat14_bob12s02.cnf.primal.hgr,no,no,0,32,0.03,0.0291971,6.7602,cut,14916,14030,no
rKaHyPar,sat14_bob12s02.cnf.primal.hgr,no,no,1,32,0.03,0.0291971,6.29434,cut,14866,13938,no
rKaHyPar,sat14_bob12s02.cnf.primal.hgr,no,no,2,32,0.03,0.0291971,4.51638,cut,14617,13657,no
rKaHyPar,sat14_bob12s02.cnf.primal.hgr,no,no,3,32,0.03,0.0291971,4.63233,cut,14817,13847,no
rKaHyPar,sat14_bob12s02.cnf.primal.hgr,no,no,4,32,0.03,0.0291971,4.10915,cut,14645,13844,no
rKaHyPar,sat14_bob12s02.cnf.primal.hgr,no,no,5,32,0.03,0.0291971,6.1074,cut,14636,13611,no
rKaHyPar,sat14_bob12s02.cnf.primal.hgr,no,no,6,32,0.03,0.0291971,6.58617,cut,14612,13756,no
rKaHyPar,sat14_bob12s02.cnf.primal.hgr,no,no,7,32,0.03,0.0279805,6.3654,cut,14634,13711,no
rKaHyPar,sat14_bob12s02.cnf.primal.hgr,no,no,8,32,0.03,0.0291971,4.03519,cut,14657,13789,no
rKaHyPar,sat14_bob12s02.cnf.primal.hgr,no,no,9,32,0.03,0.0291971,6.13778,cut,14877,14028,no
rKaHyPar,sat14_bob12s02.cnf.primal.hgr,no,no,0,4,0.03,0.0296623,4.14502,cut,3557,3534,no
rKaHyPar,sat14_bob12s02.cnf.primal.hgr,no,no,1,4,0.03,0.0299665,3.51596,cut,3709,3638,no
rKaHyPar,sat14_bob12s02.cnf.primal.hgr,no,no,2,4,0.03,0.0299665,3.97275,cut,3717,3644,no
rKaHyPar,sat14_bob12s02.cnf.primal.hgr,no,no,3,4,0.03,0.0296623,4.90239,cut,4155,4035,no
rKaHyPar,sat14_bob12s02.cnf.primal.hgr,no,no,4,4,0.03,0.0299665,4.75051,cut,4073,4014,no
rKaHyPar,sat14_bob12s02.cnf.primal.hgr,no,no,5,4,0.03,0.0299665,3.35409,cut,3573,3551,no
rKaHyPar,sat14_bob12s02.cnf.primal.hgr,no,no,6,4,0.03,0.0299665,3.99104,cut,3552,3527,no
rKaHyPar,sat14_bob12s02.cnf.primal.hgr,no,no,7,4,0.03,0.029206,3.69039,cut,4174,4105,no
rKaHyPar,sat14_bob12s02.cnf.primal.hgr,no,no,8,4,0.03,0.0299665,3.10583,cut,4088,4029,no
rKaHyPar,sat14_bob12s02.cnf.primal.hgr,no,no,9,4,0.03,0.0299665,2.96545,cut,3577,3554,no
rKaHyPar,sat14_bob12s02.cnf.primal.hgr,no,no,0,64,0.03,0.0291971,7.61905,cut,19653,18021,no
rKaHyPar,sat14_bob12s02.cnf.primal.hgr,no,no,1,64,0.03,0.0291971,5.69177,cut,19481,17926,no
rKaHyPar,sat14_bob12s02.cnf.primal.hgr,no,no,2,64,0.03,0.0291971,7.64187,cut,19564,17997,no
rKaHyPar,sat14_bob12s02.cnf.primal.hgr,no,no,3,64,0.03,0.0291971,7.37361,cut,19733,18123,no
rKaHyPar,sat14_bob12s02.cnf.primal.hgr,no,no,4,64,0.03,0.0291971,5.48855,cut,19400,17940,no
rKaHyPar,sat14_bob12s02.cnf.primal.hgr,no,no,5,64,0.03,0.0291971,5.44567,cut,19565,17994,no
rKaHyPar,sat14_bob12s02.cnf.primal.hgr,no,no,6,64,0.03,0.0291971,7.79935,cut,19474,17986,no
rKaHyPar,sat14_bob12s02.cnf.primal.hgr,no,no,7,64,0.03,0.0291971,7.48683,cut,19561,18020,no
rKaHyPar,sat14_bob12s02.cnf.primal.hgr,no,no,8,64,0.03,0.0291971,7.26671,cut,19619,18056,no
rKaHyPar,sat14_bob12s02.cnf.primal.hgr,no,no,9,64,0.03,0.0291971,5.46163,cut,19466,18025,no
rKaHyPar,sat14_bob12s02.cnf.primal.hgr,no,no,0,8,0.03,0.0298144,4.55323,cut,6257,6029,no
rKaHyPar,sat14_bob12s02.cnf.primal.hgr,no,no,1,8,0.03,0.0298144,6.44047,cut,6255,6031,no
rKaHyPar,sat14_bob12s02.cnf.primal.hgr,no,no,2,8,0.03,0.0289017,6.2582,cut,5989,5897,no
rKaHyPar,sat14_bob12s02.cnf.primal.hgr,no,no,3,8,0.03,0.0249468,4.81298,cut,6918,6740,no
rKaHyPar,sat14_bob12s02.cnf.primal.hgr,no,no,4,8,0.03,0.0295102,4.71432,cut,6783,6638,no
rKaHyPar,sat14_bob12s02.cnf.primal.hgr,no,no,5,8,0.03,0.0298144,4.69902,cut,6043,5916,no
rKaHyPar,sat14_bob12s02.cnf.primal.hgr,no,no,6,8,0.03,0.0298144,3.64493,cut,6366,6227,no
rKaHyPar,sat14_bob12s02.cnf.primal.hgr,no,no,7,8,0.03,0.0295102,7.13345,cut,6445,6218,no
rKaHyPar,sat14_bob12s02.cnf.primal.hgr,no,no,8,8,0.03,0.0298144,4.30366,cut,6812,6662,no
rKaHyPar,sat14_bob12s02.cnf.primal.hgr,no,no,9,8,0.03,0.0298144,7.07287,cut,6394,6270,no
rKaHyPar,sat14_c10bi_i.cnf.dual.hgr,no,no,0,128,0.03,0.0298651,41.4271,cut,26325,3670,no
rKaHyPar,sat14_c10bi_i.cnf.dual.hgr,no,no,1,128,0.03,0.0298651,28.5004,cut,26008,3635,no
rKaHyPar,sat14_c10bi_i.cnf.dual.hgr,no,no,2,128,0.03,0.0289017,28.6623,cut,27686,3550,no
rKaHyPar,sat14_c10bi_i.cnf.dual.hgr,no,no,3,128,0.03,0.0276172,40.9403,cut,27377,3655,no
rKaHyPar,sat14_c10bi_i.cnf.dual.hgr,no,no,4,128,0.03,0.0282595,28.3591,cut,26971,3616,no
rKaHyPar,sat14_c10bi_i.cnf.dual.hgr,no,no,5,128,0.03,0.029544,28.5723,cut,26235,3584,no
rKaHyPar,sat14_c10bi_i.cnf.dual.hgr,no,no,6,128,0.03,0.0298651,28.7724,cut,27192,3629,no
rKaHyPar,sat14_c10bi_i.cnf.dual.hgr,no,no,7,128,0.03,0.0266538,28.4642,cut,26895,3610,no
rKaHyPar,sat14_c10bi_i.cnf.dual.hgr,no,no,8,128,0.03,0.0292229,42.1901,cut,27411,3669,no
rKaHyPar,sat14_c10bi_i.cnf.dual.hgr,no,no,9,128,0.03,0.0289017,41.4994,cut,27010,3647,no
rKaHyPar,sat14_c10bi_i.cnf.dual.hgr,no,no,0,16,0.03,0.0274242,31.7963,cut,6969,2318,no
rKaHyPar,sat14_c10bi_i.cnf.dual.hgr,no,no,1,16,0.03,0.0270227,32.3612,cut,6858,2324,no
rKaHyPar,sat14_c10bi_i.cnf.dual.hgr,no,no,2,16,0.03,0.0298735,22.1056,cut,6213,2269,no
rKaHyPar,sat14_c10bi_i.cnf.dual.hgr,no,no,3,16,0.03,0.0296728,31.9481,cut,6240,2308,no
rKaHyPar,sat14_c10bi_i.cnf.dual.hgr,no,no,4,16,0.03,0.0289099,32.6567,cut,6528,2296,no
rKaHyPar,sat14_c10bi_i.cnf.dual.hgr,no,no,5,16,0.03,0.0219635,32.4907,cut,7038,2347,no
rKaHyPar,sat14_c10bi_i.cnf.dual.hgr,no,no,6,16,0.03,0.0288697,32.0632,cut,6575,2344,no
rKaHyPar,sat14_c10bi_i.cnf.dual.hgr,no,no,7,16,0.03,0.029472,22.2123,cut,6251,2253,no
rKaHyPar,sat14_c10bi_i.cnf.dual.hgr,no,no,8,16,0.03,0.0290705,32.7257,cut,6680,2330,no
rKaHyPar,sat14_c10bi_i.cnf.dual.hgr,no,no,9,16,0.03,0.0286689,22.4088,cut,6807,2415,no
rKaHyPar,sat14_c10bi_i.cnf.dual.hgr,no,no,0,2,0.03,0.0210255,12.2866,cut,626,626,no
rKaHyPar,sat14_c10bi_i.cnf.dual.hgr,no,no,1,2,0.03,0.0210255,12.3048,cut,626,626,no
rKaHyPar,sat14_c10bi_i.cnf.dual.hgr,no,no,2,2,0.03,0.0210255,18.8143,cut,626,626,no
rKaHyPar,sat14_c10bi_i.cnf.dual.hgr,no,no,3,2,0.03,0.0210255,12.0534,cut,626,626,no
rKaHyPar,sat14_c10bi_i.cnf.dual.hgr,no,no,4,2,0.03,0.0210255,18.6105,cut,626,626,no
rKaHyPar,sat14_c10bi_i.cnf.dual.hgr,no,no,5,2,0.03,0.0210255,12.3889,cut,626,626,no
rKaHyPar,sat14_c10bi_i.cnf.dual.hgr,no,no,6,2,0.03,0.0210255,12.3697,cut,626,626,no
rKaHyPar,sat14_c10bi_i.cnf.dual.hgr,no,no,7,2,0.03,0.0210255,12.1733,cut,626,626,no
rKaHyPar,sat14_c10bi_i.cnf.dual.hgr,no,no,8,2,0.03,0.0210255,12.5276,cut,626,626,no
rKaHyPar,sat14_c10bi_i.cnf.dual.hgr,no,no,9,2,0.03,0.0210255,12.2265,cut,626,626,no
rKaHyPar,sat14_c10bi_i.cnf.dual.hgr,no,no,0,32,0.03,0.0291496,34.2161,cut,12470,2764,no
rKaHyPar,sat14_c10bi_i.cnf.dual.hgr,no,no,1,32,0.03,0.0291496,34.4443,cut,12280,2740,no
rKaHyPar,sat14_c10bi_i.cnf.dual.hgr,no,no,2,32,0.03,0.0282663,23.8405,cut,10974,2747,no
rKaHyPar,sat14_c10bi_i.cnf.dual.hgr,no,no,3,32,0.03,0.0297117,34.3451,cut,11626,2755,no
rKaHyPar,sat14_c10bi_i.cnf.dual.hgr,no,no,4,32,0.03,0.0296314,23.3995,cut,12614,2733,no
rKaHyPar,sat14_c10bi_i.cnf.dual.hgr,no,no,5,32,0.03,0.0283466,34.9413,cut,11164,2756,no
rKaHyPar,sat14_c10bi_i.cnf.dual.hgr,no,no,6,32,0.03,0.028186,35.6227,cut,12430,2830,no
rKaHyPar,sat14_c10bi_i.cnf.dual.hgr,no,no,7,32,0.03,0.0283466,34.349,cut,11870,2723,no
rKaHyPar,sat14_c10bi_i.cnf.dual.hgr,no,no,8,32,0.03,0.0295511,23.8206,cut,11977,2726,no
rKaHyPar,sat14_c10bi_i.cnf.dual.hgr,no,no,9,32,0.03,0.0299526,34.4316,cut,11836,2773,no
rKaHyPar,sat14_c10bi_i.cnf.dual.hgr,no,no,0,4,0.03,0.0293725,26.1198,cut,1791,1252,no
rKaHyPar,sat14_c10bi_i.cnf.dual.hgr,no,no,1,4,0.03,0.0291115,17.3208,cut,1767,1254,no
rKaHyPar,sat14_c10bi_i.cnf.dual.hgr,no,no,2,4,0.03,0.0277563,17.6189,cut,1820,1254,no
rKaHyPar,sat14_c10bi_i.cnf.dual.hgr,no,no,3,4,0.03,0.0241425,17.08,cut,1770,1292,no
rKaHyPar,sat14_c10bi_i.cnf.dual.hgr,no,no,4,4,0.03,0.0223355,26.2912,cut,1774,1265,no
rKaHyPar,sat14_c10bi_i.cnf.dual.hgr,no,no,5,4,0.03,0.0268528,17.6127,cut,1775,1255,no
rKaHyPar,sat14_c10bi_i.cnf.dual.hgr,no,no,6,4,0.03,0.0261602,29.5467,cut,1934,1350,no
rKaHyPar,sat14_c10bi_i.cnf.dual.hgr,no,no,7,4,0.03,0.0256482,17.5289,cut,1796,1251,no
rKaHyPar,sat14_c10bi_i.cnf.dual.hgr,no,no,8,4,0.03,0.0241425,17.7005,cut,1801,1252,no
rKaHyPar,sat14_c10bi_i.cnf.dual.hgr,no,no,9,4,0.03,0.0239015,17.4751,cut,1804,1267,no
rKaHyPar,sat14_c10bi_i.cnf.dual.hgr,no,no,0,64,0.03,0.0297093,37.577,cut,18400,3136,no
rKaHyPar,sat14_c10bi_i.cnf.dual.hgr,no,no,1,64,0.03,0.0276216,25.5098,cut,18481,3076,no
rKaHyPar,sat14_c10bi_i.cnf.dual.hgr,no,no,2,64,0.03,0.0295487,37.3882,cut,18495,3109,no
rKaHyPar,sat14_c10bi_i.cnf.dual.hgr,no,no,3,64,0.03,0.028264,36.8982,cut,19783,3092,no
rKaHyPar,sat14_c10bi_i.cnf.dual.hgr,no,no,4,64,0.03,0.0271399,25.3578,cut,19541,3078,no
rKaHyPar,sat14_c10bi_i.cnf.dual.hgr,no,no,5,64,0.03,0.0295487,25.2863,cut,19079,3165,no
rKaHyPar,sat14_c10bi_i.cnf.dual.hgr,no,no,6,64,0.03,0.029067,37.4013,cut,19887,3105,no
rKaHyPar,sat14_c10bi_i.cnf.dual.hgr,no,no,7,64,0.03,0.0295487,25.3745,cut,18910,3155,no
rKaHyPar,sat14_c10bi_i.cnf.dual.hgr,no,no,8,64,0.03,0.029067,37.4527,cut,18983,3094,no
rKaHyPar,sat14_c10bi_i.cnf.dual.hgr,no,no,9,64,0.03,0.0271399,25.3442,cut,18993,3074,no
rKaHyPar,sat14_c10bi_i.cnf.dual.hgr,no,no,0,8,0.03,0.017025,19.6751,cut,3654,1794,no
rKaHyPar,sat14_c10bi_i.cnf.dual.hgr,no,no,1,8,0.03,0.029834,31.7493,cut,3853,1827,no
rKaHyPar,sat14_c10bi_i.cnf.dual.hgr,no,no,2,8,0.03,0.0234094,28.9109,cut,3667,1699,no
rKaHyPar,sat14_c10bi_i.cnf.dual.hgr,no,no,3,8,0.03,0.029854,19.7071,cut,3850,1799,no
rKaHyPar,sat14_c10bi_i.cnf.dual.hgr,no,no,4,8,0.03,0.0293923,20.7616,cut,3845,1854,no
rKaHyPar,sat14_c10bi_i.cnf.dual.hgr,no,no,5,8,0.03,0.0291112,20.086,cut,3906,1858,no
rKaHyPar,sat14_c10bi_i.cnf.dual.hgr,no,no,6,8,0.03,0.0298139,19.9954,cut,3892,1859,no
rKaHyPar,sat14_c10bi_i.cnf.dual.hgr,no,no,7,8,0.03,0.0288502,29.3925,cut,3485,1757,no
rKaHyPar,sat14_c10bi_i.cnf.dual.hgr,no,no,8,8,0.03,0.0295127,20.0097,cut,3700,1817,no
rKaHyPar,sat14_c10bi_i.cnf.dual.hgr,no,no,9,8,0.03,0.0299544,29.5553,cut,3705,1799,no
rKaHyPar,sat14_c10bi_i.cnf.hgr,no,no,0,128,0.03,0.0296084,111.518,cut,104281,85434,no
rKaHyPar,sat14_c10bi_i.cnf.hgr,no,no,1,128,0.03,0.0296084,78.9225,cut,103472,84214,no
rKaHyPar,sat14_c10bi_i.cnf.hgr,no,no,2,128,0.03,0.0296084,112.211,cut,103951,85229,no
rKaHyPar,sat14_c10bi_i.cnf.hgr,no,no,3,128,0.03,0.0296084,113.408,cut,101914,84928,no
rKaHyPar,sat14_c10bi_i.cnf.hgr,no,no,4,128,0.03,0.0296084,75.7791,cut,103544,84762,no
rKaHyPar,sat14_c10bi_i.cnf.hgr,no,no,5,128,0.03,0.0296084,79.0534,cut,102848,85670,no
rKaHyPar,sat14_c10bi_i.cnf.hgr,no,no,6,128,0.03,0.0296084,78.4997,cut,102569,82457,no
rKaHyPar,sat14_c10bi_i.cnf.hgr,no,no,7,128,0.03,0.0296084,81.7324,cut,102824,85976,no
rKaHyPar,sat14_c10bi_i.cnf.hgr,no,no,8,128,0.03,0.0296084,108.535,cut,104841,85263,no
rKaHyPar,sat14_c10bi_i.cnf.hgr,no,no,9,128,0.03,0.0296084,106.8,cut,103643,85624,no
rKaHyPar,sat14_c10bi_i.cnf.hgr,no,no,0,16,0.03,0.0299701,93.1001,cut,32473,30134,no
rKaHyPar,sat14_c10bi_i.cnf.hgr,no,no,1,16,0.03,0.0299701,100.43,cut,32978,30295,no
rKaHyPar,sat14_c10bi_i.cnf.hgr,no,no,2,16,0.03,0.0299701,72.8075,cut,35803,32999,no
rKaHyPar,sat14_c10bi_i.cnf.hgr,no,no,3,16,0.03,0.0299701,82.3686,cut,31245,28945,no
rKaHyPar,sat14_c10bi_i.cnf.hgr,no,no,4,16,0.03,0.0299701,105.785,cut,34224,31944,no
rKaHyPar,sat14_c10bi_i.cnf.hgr,no,no,5,16,0.03,0.0299701,99.855,cut,31057,28690,no
rKaHyPar,sat14_c10bi_i.cnf.hgr,no,no,6,16,0.03,0.0299701,98.5757,cut,32391,30122,no
rKaHyPar,sat14_c10bi_i.cnf.hgr,no,no,7,16,0.03,0.0299701,60.4314,cut,31551,29556,no
rKaHyPar,sat14_c10bi_i.cnf.hgr,no,no,8,16,0.03,0.0299701,96.875,cut,31305,29141,no
rKaHyPar,sat14_c10bi_i.cnf.hgr,no,no,9,16,0.03,0.0299701,70.112,cut,34167,31846,no
rKaHyPar,sat14_c10bi_i.cnf.hgr,no,no,0,2,0.03,0.010224,18.0142,cut,5204,5204,no
rKaHyPar,sat14_c10bi_i.cnf.hgr,no,no,1,2,0.03,0.029993,23.6578,cut,4978,4978,no
rKaHyPar,sat14_c10bi_i.cnf.hgr,no,no,2,2,0.03,0.029993,32.4572,cut,4980,4980,no
rKaHyPar,sat14_c10bi_i.cnf.hgr,no,no,3,2,0.03,0.010224,17.7339,cut,5204,5204,no
rKaHyPar,sat14_c10bi_i.cnf.hgr,no,no,4,2,0.03,0.010224,25.4924,cut,5204,5204,no
rKaHyPar,sat14_c10bi_i.cnf.hgr,no,no,5,2,0.03,0.010224,17.6784,cut,5204,5204,no
rKaHyPar,sat14_c10bi_i.cnf.hgr,no,no,6,2,0.03,0.010224,18.1257,cut,5204,5204,no
rKaHyPar,sat14_c10bi_i.cnf.hgr,no,no,7,2,0.03,0.029993,20.869,cut,4989,4989,no
rKaHyPar,sat14_c10bi_i.cnf.hgr,no,no,8,2,0.03,0.010224,17.6382,cut,5204,5204,no
rKaHyPar,sat14_c10bi_i.cnf.hgr,no,no,9,2,0.03,0.029993,24.7038,cut,5015,5015,no
rKaHyPar,sat14_c10bi_i.cnf.hgr,no,no,0,32,0.03,0.0299701,101.214,cut,49234,44456,no
rKaHyPar,sat14_c10bi_i.cnf.hgr,no,no,1,32,0.03,0.0299701,97.9803,cut,50704,45521,no
rKaHyPar,sat14_c10bi_i.cnf.hgr,no,no,2,32,0.03,0.0299701,80.6583,cut,53316,47219,no
rKaHyPar,sat14_c10bi_i.cnf.hgr,no,no,3,32,0.03,0.0299701,99.9231,cut,49482,44646,no
rKaHyPar,sat14_c10bi_i.cnf.hgr,no,no,4,32,0.03,0.0299701,79.8143,cut,51523,46308,no
rKaHyPar,sat14_c10bi_i.cnf.hgr,no,no,5,32,0.03,0.0299701,113.911,cut,50193,45592,no
rKaHyPar,sat14_c10bi_i.cnf.hgr,no,no,6,32,0.03,0.0299701,101.807,cut,49084,44890,no
rKaHyPar,sat14_c10bi_i.cnf.hgr,no,no,7,32,0.03,0.0299701,104.113,cut,52104,46516,no
rKaHyPar,sat14_c10bi_i.cnf.hgr,no,no,8,32,0.03,0.0299701,74.6867,cut,50306,45408,no
rKaHyPar,sat14_c10bi_i.cnf.hgr,no,no,9,32,0.03,0.0299701,94.2456,cut,50414,45446,no
rKaHyPar,sat14_c10bi_i.cnf.hgr,no,no,0,4,0.03,0.0119256,44.6046,cut,12396,12161,no
rKaHyPar,sat14_c10bi_i.cnf.hgr,no,no,1,4,0.03,0.0295975,43.9856,cut,11619,11417,no
rKaHyPar,sat14_c10bi_i.cnf.hgr,no,no,2,4,0.03,0.02306,38.5662,cut,12334,11812,no
rKaHyPar,sat14_c10bi_i.cnf.hgr,no,no,3,4,0.03,0.0190898,29.525,cut,11547,11384,no
rKaHyPar,sat14_c10bi_i.cnf.hgr,no,no,4,4,0.03,0.022075,44.6092,cut,11609,11367,no
rKaHyPar,sat14_c10bi_i.cnf.hgr,no,no,5,4,0.03,0.0292691,35.9139,cut,11635,11444,no
rKaHyPar,sat14_c10bi_i.cnf.hgr,no,no,6,4,0.03,0.0148957,41.2117,cut,11738,11545,no
rKaHyPar,sat14_c10bi_i.cnf.hgr,no,no,7,4,0.03,0.0183137,29.5545,cut,11510,11383,no
rKaHyPar,sat14_c10bi_i.cnf.hgr,no,no,8,4,0.03,0.0267914,29.8369,cut,11614,11386,no
rKaHyPar,sat14_c10bi_i.cnf.hgr,no,no,9,4,0.03,0.0133883,48.659,cut,12386,12035,no
rKaHyPar,sat14_c10bi_i.cnf.hgr,no,no,0,64,0.03,0.0298472,103.733,cut,75005,64414,no
rKaHyPar,sat14_c10bi_i.cnf.hgr,no,no,1,64,0.03,0.0298472,76.7331,cut,76059,64430,no
rKaHyPar,sat14_c10bi_i.cnf.hgr,no,no,2,64,0.03,0.0298472,108.92,cut,75177,64192,no
rKaHyPar,sat14_c10bi_i.cnf.hgr,no,no,3,64,0.03,0.0298472,107.797,cut,75678,64551,no
rKaHyPar,sat14_c10bi_i.cnf.hgr,no,no,4,64,0.03,0.0298472,78.1334,cut,75505,63871,no
rKaHyPar,sat14_c10bi_i.cnf.hgr,no,no,5,64,0.03,0.0298472,84.0377,cut,75872,65266,no
rKaHyPar,sat14_c10bi_i.cnf.hgr,no,no,6,64,0.03,0.0298472,105.905,cut,75723,63763,no
rKaHyPar,sat14_c10bi_i.cnf.hgr,no,no,7,64,0.03,0.0298472,118.74,cut,77418,65956,no
rKaHyPar,sat14_c10bi_i.cnf.hgr,no,no,8,64,0.03,0.0298472,103.87,cut,74771,63710,no
rKaHyPar,sat14_c10bi_i.cnf.hgr,no,no,9,64,0.03,0.0298472,73.2387,cut,74770,63072,no
rKaHyPar,sat14_c10bi_i.cnf.hgr,no,no,0,8,0.03,0.03,92.8408,cut,20414,19317,no
rKaHyPar,sat14_c10bi_i.cnf.hgr,no,no,1,8,0.03,0.03,123.318,cut,20159,19393,no
rKaHyPar,sat14_c10bi_i.cnf.hgr,no,no,2,8,0.03,0.03,92.821,cut,21310,20048,no
rKaHyPar,sat14_c10bi_i.cnf.hgr,no,no,3,8,0.03,0.03,78.4945,cut,20362,19686,no
rKaHyPar,sat14_c10bi_i.cnf.hgr,no,no,4,8,0.03,0.03,76.0928,cut,21053,19928,no
rKaHyPar,sat14_c10bi_i.cnf.hgr,no,no,5,8,0.03,0.03,112.423,cut,20093,19276,no
rKaHyPar,sat14_c10bi_i.cnf.hgr,no,no,6,8,0.03,0.03,68.5769,cut,20191,19121,no
rKaHyPar,sat14_c10bi_i.cnf.hgr,no,no,7,8,0.03,0.0299701,99.3578,cut,19730,18725,no
rKaHyPar,sat14_c10bi_i.cnf.hgr,no,no,8,8,0.03,0.0299701,69.6757,cut,20176,19018,no
rKaHyPar,sat14_c10bi_i.cnf.hgr,no,no,9,8,0.03,0.03,87.4879,cut,19874,18860,no
rKaHyPar,sat14_c10bi_i.cnf.primal.hgr,no,no,0,128,0.03,0.0296084,51.194,cut,98362,89728,no
rKaHyPar,sat14_c10bi_i.cnf.primal.hgr,no,no,1,128,0.03,0.0296084,36.8738,cut,100027,91186,no
rKaHyPar,sat14_c10bi_i.cnf.primal.hgr,no,no,2,128,0.03,0.0296084,37.9138,cut,100230,91098,no
rKaHyPar,sat14_c10bi_i.cnf.primal.hgr,no,no,3,128,0.03,0.0296084,36.4773,cut,99706,90338,no
rKaHyPar,sat14_c10bi_i.cnf.primal.hgr,no,no,4,128,0.03,0.0296084,36.5494,cut,101028,92066,no
rKaHyPar,sat14_c10bi_i.cnf.primal.hgr,no,no,5,128,0.03,0.0296084,35.0671,cut,99061,90921,no
rKaHyPar,sat14_c10bi_i.cnf.primal.hgr,no,no,6,128,0.03,0.0296084,35.8638,cut,99845,91294,no
rKaHyPar,sat14_c10bi_i.cnf.primal.hgr,no,no,7,128,0.03,0.0296084,35.2992,cut,99799,91040,no
rKaHyPar,sat14_c10bi_i.cnf.primal.hgr,no,no,8,128,0.03,0.0296084,55.3627,cut,100865,91842,no
rKaHyPar,sat14_c10bi_i.cnf.primal.hgr,no,no,9,128,0.03,0.0296084,36.4131,cut,99661,91036,no
rKaHyPar,sat14_c10bi_i.cnf.primal.hgr,no,no,0,16,0.03,0.0299701,55.6517,cut,30100,28999,no
rKaHyPar,sat14_c10bi_i.cnf.primal.hgr,no,no,1,16,0.03,0.0299701,45.9741,cut,32012,31048,no
rKaHyPar,sat14_c10bi_i.cnf.primal.hgr,no,no,2,16,0.03,0.0299701,34.16,cut,31633,30597,no
rKaHyPar,sat14_c10bi_i.cnf.primal.hgr,no,no,3,16,0.03,0.0299701,35.9452,cut,30814,29895,no
rKaHyPar,sat14_c10bi_i.cnf.primal.hgr,no,no,4,16,0.03,0.0299701,44.8435,cut,30312,29434,no
rKaHyPar,sat14_c10bi_i.cnf.primal.hgr,no,no,5,16,0.03,0.0299701,53.6466,cut,30718,29830,no
rKaHyPar,sat14_c10bi_i.cnf.primal.hgr,no,no,6,16,0.03,0.0299701,38.5635,cut,31410,30454,no
rKaHyPar,sat14_c10bi_i.cnf.primal.hgr,no,no,7,16,0.03,0.0299701,29.0323,cut,30626,29536,no
rKaHyPar,sat14_c10bi_i.cnf.primal.hgr,no,no,8,16,0.03,0.0299701,45.3184,cut,31734,30523,no
rKaHyPar,sat14_c10bi_i.cnf.primal.hgr,no,no,9,16,0.03,0.0299701,26.6861,cut,30153,29120,no
rKaHyPar,sat14_c10bi_i.cnf.primal.hgr,no,no,0,2,0.03,0.011239,8.59983,cut,5207,5207,no
rKaHyPar,sat14_c10bi_i.cnf.primal.hgr,no,no,1,2,0.03,0.0299855,13.6787,cut,5170,5170,no
rKaHyPar,sat14_c10bi_i.cnf.primal.hgr,no,no,2,2,0.03,0.0299855,21.2352,cut,5146,5146,no
rKaHyPar,sat14_c10bi_i.cnf.primal.hgr,no,no,3,2,0.03,0.0299855,17.2449,cut,5175,5175,no
rKaHyPar,sat14_c10bi_i.cnf.primal.hgr,no,no,4,2,0.03,0.0299855,18.4941,cut,5194,5194,no
rKaHyPar,sat14_c10bi_i.cnf.primal.hgr,no,no,5,2,0.03,0.0299855,11.7943,cut,5148,5148,no
rKaHyPar,sat14_c10bi_i.cnf.primal.hgr,no,no,6,2,0.03,0.0299855,14.4901,cut,5185,5185,no
rKaHyPar,sat14_c10bi_i.cnf.primal.hgr,no,no,7,2,0.03,0.0299855,18.0715,cut,5210,5210,no
rKaHyPar,sat14_c10bi_i.cnf.primal.hgr,no,no,8,2,0.03,0.0299855,18.1987,cut,5176,5176,no
rKaHyPar,sat14_c10bi_i.cnf.primal.hgr,no,no,9,2,0.03,0.0299855,13.5341,cut,5158,5158,no
rKaHyPar,sat14_c10bi_i.cnf.primal.hgr,no,no,0,32,0.03,0.0298472,52.9854,cut,50220,48275,no
rKaHyPar,sat14_c10bi_i.cnf.primal.hgr,no,no,1,32,0.03,0.0298472,48.7101,cut,49573,47000,no
rKaHyPar,sat14_c10bi_i.cnf.primal.hgr,no,no,2,32,0.03,0.0298472,36.1727,cut,50093,47710,no
rKaHyPar,sat14_c10bi_i.cnf.primal.hgr,no,no,3,32,0.03,0.0298472,48.8192,cut,50819,47814,no
rKaHyPar,sat14_c10bi_i.cnf.primal.hgr,no,no,4,32,0.03,0.0298472,33.9652,cut,51225,48618,no
rKaHyPar,sat14_c10bi_i.cnf.primal.hgr,no,no,5,32,0.03,0.0298472,47.6901,cut,49008,46199,no
rKaHyPar,sat14_c10bi_i.cnf.primal.hgr,no,no,6,32,0.03,0.0298472,51.3967,cut,50572,47925,no
rKaHyPar,sat14_c10bi_i.cnf.primal.hgr,no,no,7,32,0.03,0.0298472,47.0681,cut,52476,49748,no
rKaHyPar,sat14_c10bi_i.cnf.primal.hgr,no,no,8,32,0.03,0.0298472,34.3017,cut,49807,47112,no
rKaHyPar,sat14_c10bi_i.cnf.primal.hgr,no,no,9,32,0.03,0.0298472,51.3484,cut,49241,47300,no
rKaHyPar,sat14_c10bi_i.cnf.primal.hgr,no,no,0,4,0.03,0.03,27.7759,cut,11804,11705,no
rKaHyPar,sat14_c10bi_i.cnf.primal.hgr,no,no,1,4,0.03,0.0226567,11.3257,cut,11741,11595,no
rKaHyPar,sat14_c10bi_i.cnf.primal.hgr,no,no,2,4,0.03,0.0117612,13.0809,cut,11473,11387,no
rKaHyPar,sat14_c10bi_i.cnf.primal.hgr,no,no,3,4,0.03,0.03,17.8034,cut,11415,11384,no
rKaHyPar,sat14_c10bi_i.cnf.primal.hgr,no,no,4,4,0.03,0.03,25.94,cut,12053,11909,no
rKaHyPar,sat14_c10bi_i.cnf.primal.hgr,no,no,5,4,0.03,0.0299701,15.727,cut,11654,11491,no
rKaHyPar,sat14_c10bi_i.cnf.primal.hgr,no,no,6,4,0.03,0.0299701,26.9437,cut,11724,11697,no
rKaHyPar,sat14_c10bi_i.cnf.primal.hgr,no,no,7,4,0.03,0.0298507,18.0747,cut,11669,11489,no
rKaHyPar,sat14_c10bi_i.cnf.primal.hgr,no,no,8,4,0.03,0.0117612,13.7569,cut,11473,11387,no
rKaHyPar,sat14_c10bi_i.cnf.primal.hgr,no,no,9,4,0.03,0.03,18.2322,cut,12122,11968,no
rKaHyPar,sat14_c10bi_i.cnf.primal.hgr,no,no,0,64,0.03,0.0296084,55.6519,cut,70913,65044,no
rKaHyPar,sat14_c10bi_i.cnf.primal.hgr,no,no,1,64,0.03,0.0296084,55.9993,cut,71919,67586,no
rKaHyPar,sat14_c10bi_i.cnf.primal.hgr,no,no,2,64,0.03,0.0296084,54.2017,cut,72846,67800,no
rKaHyPar,sat14_c10bi_i.cnf.primal.hgr,no,no,3,64,0.03,0.0296084,46.2555,cut,71526,66079,no
rKaHyPar,sat14_c10bi_i.cnf.primal.hgr,no,no,4,64,0.03,0.0296084,34.4447,cut,73305,67704,no
rKaHyPar,sat14_c10bi_i.cnf.primal.hgr,no,no,5,64,0.03,0.0296084,35.5507,cut,71148,65897,no
rKaHyPar,sat14_c10bi_i.cnf.primal.hgr,no,no,6,64,0.03,0.0296084,50.5541,cut,71196,66083,no
rKaHyPar,sat14_c10bi_i.cnf.primal.hgr,no,no,7,64,0.03,0.0296084,36.6089,cut,72711,67269,no
rKaHyPar,sat14_c10bi_i.cnf.primal.hgr,no,no,8,64,0.03,0.0296084,54.6479,cut,70955,65805,no
rKaHyPar,sat14_c10bi_i.cnf.primal.hgr,no,no,9,64,0.03,0.0296084,35.8711,cut,73064,67570,no
rKaHyPar,sat14_c10bi_i.cnf.primal.hgr,no,no,0,8,0.03,0.0299701,29.3816,cut,19959,19565,no
rKaHyPar,sat14_c10bi_i.cnf.primal.hgr,no,no,1,8,0.03,0.0299701,52.0318,cut,19667,19316,no
rKaHyPar,sat14_c10bi_i.cnf.primal.hgr,no,no,2,8,0.03,0.0299701,42.0759,cut,19489,19177,no
rKaHyPar,sat14_c10bi_i.cnf.primal.hgr,no,no,3,8,0.03,0.0299701,31.2006,cut,19161,18854,no
rKaHyPar,sat14_c10bi_i.cnf.primal.hgr,no,no,4,8,0.03,0.0299701,34.2563,cut,19003,18683,no
rKaHyPar,sat14_c10bi_i.cnf.primal.hgr,no,no,5,8,0.03,0.0299701,25.8339,cut,19316,19008,no
rKaHyPar,sat14_c10bi_i.cnf.primal.hgr,no,no,6,8,0.03,0.0299701,30.9018,cut,19454,19164,no
rKaHyPar,sat14_c10bi_i.cnf.primal.hgr,no,no,7,8,0.03,0.0299701,34.095,cut,19516,19112,no
rKaHyPar,sat14_c10bi_i.cnf.primal.hgr,no,no,8,8,0.03,0.0299701,31.4246,cut,19678,19320,no
rKaHyPar,sat14_c10bi_i.cnf.primal.hgr,no,no,9,8,0.03,0.0299701,47.2991,cut,19039,18645,no
rKaHyPar,sat14_countbitssrl032.cnf.dual.hgr,no,no,0,128,0.03,0.0275229,8.13858,cut,3133,1945,no
rKaHyPar,sat14_countbitssrl032.cnf.dual.hgr,no,no,1,128,0.03,0.0298165,5.86189,cut,3094,1915,no
rKaHyPar,sat14_countbitssrl032.cnf.dual.hgr,no,no,2,128,0.03,0.0252294,8.01752,cut,3129,1926,no
rKaHyPar,sat14_countbitssrl032.cnf.dual.hgr,no,no,3,128,0.03,0.0298165,5.7867,cut,3159,1942,no
rKaHyPar,sat14_countbitssrl032.cnf.dual.hgr,no,no,4,128,0.03,0.0275229,5.79888,cut,3215,1965,no
rKaHyPar,sat14_countbitssrl032.cnf.dual.hgr,no,no,5,128,0.03,0.0275229,5.87507,cut,3129,1934,no
rKaHyPar,sat14_countbitssrl032.cnf.dual.hgr,no,no,6,128,0.03,0.0275229,5.9724,cut,3080,1904,no
rKaHyPar,sat14_countbitssrl032.cnf.dual.hgr,no,no,7,128,0.03,0.0298165,5.86469,cut,3173,1926,no
rKaHyPar,sat14_countbitssrl032.cnf.dual.hgr,no,no,8,128,0.03,0.0298165,8.10365,cut,3138,1924,no
rKaHyPar,sat14_countbitssrl032.cnf.dual.hgr,no,no,9,128,0.03,0.0229358,5.85835,cut,3221,1950,no
rKaHyPar,sat14_countbitssrl032.cnf.dual.hgr,no,no,0,16,0.03,0.0244042,3.02111,cut,846,680,no
rKaHyPar,sat14_countbitssrl032.cnf.dual.hgr,no,no,1,16,0.03,0.0292851,3.17402,cut,845,681,no
rKaHyPar,sat14_countbitssrl032.cnf.dual.hgr,no,no,2,16,0.03,0.0252656,2.09843,cut,828,682,no
rKaHyPar,sat14_countbitssrl032.cnf.dual.hgr,no,no,3,16,0.03,0.0140683,3.18327,cut,838,681,no
rKaHyPar,sat14_countbitssrl032.cnf.dual.hgr,no,no,4,16,0.03,0.0269882,3.18283,cut,844,680,no
rKaHyPar,sat14_countbitssrl032.cnf.dual.hgr,no,no,5,16,0.03,0.0269882,3.10628,cut,824,659,no
rKaHyPar,sat14_countbitssrl032.cnf.dual.hgr,no,no,6,16,0.03,0.02383,3.03979,cut,831,658,no
rKaHyPar,sat14_countbitssrl032.cnf.dual.hgr,no,no,7,16,0.03,0.0218203,2.13284,cut,856,695,no
rKaHyPar,sat14_countbitssrl032.cnf.dual.hgr,no,no,8,16,0.03,0.0111972,3.03374,cut,819,673,no
rKaHyPar,sat14_countbitssrl032.cnf.dual.hgr,no,no,9,16,0.03,0.0146425,2.19443,cut,823,676,no
rKaHyPar,sat14_countbitssrl032.cnf.dual.hgr,no,no,0,2,0.03,0,0.524026,cut,96,96,no
rKaHyPar,sat14_countbitssrl032.cnf.dual.hgr,no,no,1,2,0.03,0,0.524245,cut,96,96,no
rKaHyPar,sat14_countbitssrl032.cnf.dual.hgr,no,no,2,2,0.03,0,0.730947,cut,96,96,no
rKaHyPar,sat14_countbitssrl032.cnf.dual.hgr,no,no,3,2,0.03,0,0.54459,cut,96,96,no
rKaHyPar,sat14_countbitssrl032.cnf.dual.hgr,no,no,4,2,0.03,0,0.75905,cut,96,96,no
rKaHyPar,sat14_countbitssrl032.cnf.dual.hgr,no,no,5,2,0.03,3.58912e-05,0.57676,cut,96,96,no
rKaHyPar,sat14_countbitssrl032.cnf.dual.hgr,no,no,6,2,0.03,0,0.545278,cut,96,96,no
rKaHyPar,sat14_countbitssrl032.cnf.dual.hgr,no,no,7,2,0.03,0,0.511674,cut,96,96,no
rKaHyPar,sat14_countbitssrl032.cnf.dual.hgr,no,no,8,2,0.03,0,0.548935,cut,96,96,no
rKaHyPar,sat14_countbitssrl032.cnf.dual.hgr,no,no,9,2,0.03,0,0.543425,cut,96,96,no
rKaHyPar,sat14_countbitssrl032.cnf.dual.hgr,no,no,0,32,0.03,0.0298507,4.1534,cut,1297,930,no
rKaHyPar,sat14_countbitssrl032.cnf.dual.hgr,no,no,1,32,0.03,0.0177956,4.00309,cut,1295,942,no
rKaHyPar,sat14_countbitssrl032.cnf.dual.hgr,no,no,2,32,0.03,0.0235362,2.85914,cut,1275,959,no
rKaHyPar,sat14_countbitssrl032.cnf.dual.hgr,no,no,3,32,0.03,0.0275545,4.18175,cut,1294,940,no
rKaHyPar,sat14_countbitssrl032.cnf.dual.hgr,no,no,4,32,0.03,0.0298507,2.95985,cut,1348,963,no
rKaHyPar,sat14_countbitssrl032.cnf.dual.hgr,no,no,5,32,0.03,0.0292767,4.111,cut,1254,919,no
rKaHyPar,sat14_countbitssrl032.cnf.dual.hgr,no,no,6,32,0.03,0.0258324,4.00007,cut,1293,926,no
rKaHyPar,sat14_countbitssrl032.cnf.dual.hgr,no,no,7,32,0.03,0.0275545,4.05542,cut,1309,932,no
rKaHyPar,sat14_countbitssrl032.cnf.dual.hgr,no,no,8,32,0.03,0.0195178,2.86366,cut,1323,955,no
rKaHyPar,sat14_countbitssrl032.cnf.dual.hgr,no,no,9,32,0.03,0.0281286,4.14373,cut,1317,950,no
rKaHyPar,sat14_countbitssrl032.cnf.dual.hgr,no,no,0,4,0.03,0.0291436,1.44355,cut,224,224,no
rKaHyPar,sat14_countbitssrl032.cnf.dual.hgr,no,no,1,4,0.03,0.0291436,1.01797,cut,224,224,no
rKaHyPar,sat14_countbitssrl032.cnf.dual.hgr,no,no,2,4,0.03,0.0297897,1.03431,cut,240,224,no
rKaHyPar,sat14_countbitssrl032.cnf.dual.hgr,no,no,3,4,0.03,0.0291436,1.02392,cut,228,224,no
rKaHyPar,sat14_countbitssrl032.cnf.dual.hgr,no,no,4,4,0.03,0.0291436,1.37601,cut,224,224,no
rKaHyPar,sat14_countbitssrl032.cnf.dual.hgr,no,no,5,4,0.03,0.0291436,1.12539,cut,228,224,no
rKaHyPar,sat14_countbitssrl032.cnf.dual.hgr,no,no,6,4,0.03,0.0291436,1.43865,cut,224,224,no
rKaHyPar,sat14_countbitssrl032.cnf.dual.hgr,no,no,7,4,0.03,0.0291436,1.05007,cut,230,224,no
rKaHyPar,sat14_countbitssrl032.cnf.dual.hgr,no,no,8,4,0.03,0.0295025,1.01116,cut,238,224,no
rKaHyPar,sat14_countbitssrl032.cnf.dual.hgr,no,no,9,4,0.03,0.0291436,1.04406,cut,228,224,no
rKaHyPar,sat14_countbitssrl032.cnf.dual.hgr,no,no,0,64,0.03,0.0287026,5.605,cut,2006,1380,no
rKaHyPar,sat14_countbitssrl032.cnf.dual.hgr,no,no,1,64,0.03,0.0275545,5.60347,cut,2030,1388,no
rKaHyPar,sat14_countbitssrl032.cnf.dual.hgr,no,no,2,64,0.03,0.0241102,5.58692,cut,2116,1414,no
rKaHyPar,sat14_countbitssrl032.cnf.dual.hgr,no,no,3,64,0.03,0.0298507,5.72777,cut,1999,1394,no
rKaHyPar,sat14_countbitssrl032.cnf.dual.hgr,no,no,4,64,0.03,0.0252583,4.03469,cut,1994,1373,no
rKaHyPar,sat14_countbitssrl032.cnf.dual.hgr,no,no,5,64,0.03,0.0287026,4.03559,cut,1993,1380,no
rKaHyPar,sat14_countbitssrl032.cnf.dual.hgr,no,no,6,64,0.03,0.0275545,5.90847,cut,2026,1387,no
rKaHyPar,sat14_countbitssrl032.cnf.dual.hgr,no,no,7,64,0.03,0.0241102,5.70324,cut,2028,1384,no
rKaHyPar,sat14_countbitssrl032.cnf.dual.hgr,no,no,8,64,0.03,0.0287026,5.72766,cut,2033,1390,no
rKaHyPar,sat14_countbitssrl032.cnf.dual.hgr,no,no,9,64,0.03,0.0298507,4.0745,cut,2016,1376,no
rKaHyPar,sat14_countbitssrl032.cnf.dual.hgr,no,no,0,8,0.03,0.00933104,1.58539,cut,485,417,no
rKaHyPar,sat14_countbitssrl032.cnf.dual.hgr,no,no,1,8,0.03,0.0130635,2.25439,cut,501,436,no
rKaHyPar,sat14_countbitssrl032.cnf.dual.hgr,no,no,2,8,0.03,0.0249785,2.38871,cut,485,419,no
rKaHyPar,sat14_countbitssrl032.cnf.dual.hgr,no,no,3,8,0.03,0.0127763,1.55798,cut,512,436,no
rKaHyPar,sat14_countbitssrl032.cnf.dual.hgr,no,no,4,8,0.03,0.026414,2.30715,cut,493,431,no
rKaHyPar,sat14_countbitssrl032.cnf.dual.hgr,no,no,5,8,0.03,0.00574218,1.63086,cut,487,406,no
rKaHyPar,sat14_countbitssrl032.cnf.dual.hgr,no,no,6,8,0.03,0.00933104,1.64484,cut,468,408,no
rKaHyPar,sat14_countbitssrl032.cnf.dual.hgr,no,no,7,8,0.03,0.0249785,1.57228,cut,476,412,no
rKaHyPar,sat14_countbitssrl032.cnf.dual.hgr,no,no,8,8,0.03,0.00674706,1.57674,cut,516,443,no
rKaHyPar,sat14_countbitssrl032.cnf.dual.hgr,no,no,9,8,0.03,0.026414,2.2174,cut,493,446,no
rKaHyPar,sat14_countbitssrl032.cnf.hgr,no,no,0,128,0.03,0.024055,13.5523,cut,14056,12160,no
rKaHyPar,sat14_countbitssrl032.cnf.hgr,no,no,1,128,0.03,0.0274914,9.7507,cut,13847,12123,no
rKaHyPar,sat14_countbitssrl032.cnf.hgr,no,no,2,128,0.03,0.0274914,9.78083,cut,13930,12185,no
rKaHyPar,sat14_countbitssrl032.cnf.hgr,no,no,3,128,0.03,0.0274914,9.8153,cut,13951,12173,no
rKaHyPar,sat14_countbitssrl032.cnf.hgr,no,no,4,128,0.03,0.0274914,9.65321,cut,13854,12187,no
rKaHyPar,sat14_countbitssrl032.cnf.hgr,no,no,5,128,0.03,0.0274914,9.74457,cut,13929,12166,no
rKaHyPar,sat14_countbitssrl032.cnf.hgr,no,no,6,128,0.03,0.0274914,9.88953,cut,13942,12204,no
rKaHyPar,sat14_countbitssrl032.cnf.hgr,no,no,7,128,0.03,0.0274914,9.79268,cut,13857,12098,no
rKaHyPar,sat14_countbitssrl032.cnf.hgr,no,no,8,128,0.03,0.0274914,13.3108,cut,14198,12308,no
rKaHyPar,sat14_countbitssrl032.cnf.hgr,no,no,9,128,0.03,0.0274914,9.71205,cut,14023,12137,no
rKaHyPar,sat14_countbitssrl032.cnf.hgr,no,no,0,16,0.03,0.0296647,6.84316,cut,4105,4079,no
rKaHyPar,sat14_countbitssrl032.cnf.hgr,no,no,1,16,0.03,0.0296647,6.99091,cut,4086,4039,no
rKaHyPar,sat14_countbitssrl032.cnf.hgr,no,no,2,16,0.03,0.0296647,5.09611,cut,4070,4050,no
rKaHyPar,sat14_countbitssrl032.cnf.hgr,no,no,3,16,0.03,0.0296647,6.72359,cut,4066,4025,no
rKaHyPar,sat14_countbitssrl032.cnf.hgr,no,no,4,16,0.03,0.0296647,6.66933,cut,4050,4029,no
rKaHyPar,sat14_countbitssrl032.cnf.hgr,no,no,5,16,0.03,0.0296647,6.86508,cut,4006,3979,no
rKaHyPar,sat14_countbitssrl032.cnf.hgr,no,no,6,16,0.03,0.0296647,6.99384,cut,3971,3965,no
rKaHyPar,sat14_countbitssrl032.cnf.hgr,no,no,7,16,0.03,0.0296647,5.14179,cut,4111,4076,no
rKaHyPar,sat14_countbitssrl032.cnf.hgr,no,no,8,16,0.03,0.0296647,7.05961,cut,4016,3979,no
rKaHyPar,sat14_countbitssrl032.cnf.hgr,no,no,9,16,0.03,0.0296647,4.90056,cut,4057,4035,no
rKaHyPar,sat14_countbitssrl032.cnf.hgr,no,no,0,2,0.03,0.00537432,1.33412,cut,289,289,no
rKaHyPar,sat14_countbitssrl032.cnf.hgr,no,no,1,2,0.03,0.00542806,1.29788,cut,289,289,no
rKaHyPar,sat14_countbitssrl032.cnf.hgr,no,no,2,2,0.03,0.00537432,1.93168,cut,289,289,no
rKaHyPar,sat14_countbitssrl032.cnf.hgr,no,no,3,2,0.03,0.00537432,1.34879,cut,289,289,no
rKaHyPar,sat14_countbitssrl032.cnf.hgr,no,no,4,2,0.03,0.00542806,1.90031,cut,289,289,no
rKaHyPar,sat14_countbitssrl032.cnf.hgr,no,no,5,2,0.03,0.00537432,1.38963,cut,289,289,no
rKaHyPar,sat14_countbitssrl032.cnf.hgr,no,no,6,2,0.03,0.00542806,1.40286,cut,289,289,no
rKaHyPar,sat14_countbitssrl032.cnf.hgr,no,no,7,2,0.03,0.00542806,1.36109,cut,289,289,no
rKaHyPar,sat14_countbitssrl032.cnf.hgr,no,no,8,2,0.03,0.00542806,1.36888,cut,289,289,no
rKaHyPar,sat14_countbitssrl032.cnf.hgr,no,no,9,2,0.03,0.00537432,1.31689,cut,289,289,no
rKaHyPar,sat14_countbitssrl032.cnf.hgr,no,no,0,32,0.03,0.0292347,8.44794,cut,7685,7251,no
rKaHyPar,sat14_countbitssrl032.cnf.hgr,no,no,1,32,0.03,0.0292347,8.32643,cut,7671,7260,no
rKaHyPar,sat14_countbitssrl032.cnf.hgr,no,no,2,32,0.03,0.0292347,6.21005,cut,7627,7232,no
rKaHyPar,sat14_countbitssrl032.cnf.hgr,no,no,3,32,0.03,0.0283749,8.33785,cut,7691,7295,no
rKaHyPar,sat14_countbitssrl032.cnf.hgr,no,no,4,32,0.03,0.0292347,6.03013,cut,7752,7307,no
rKaHyPar,sat14_countbitssrl032.cnf.hgr,no,no,5,32,0.03,0.0292347,8.46981,cut,7759,7370,no
rKaHyPar,sat14_countbitssrl032.cnf.hgr,no,no,6,32,0.03,0.0292347,8.69135,cut,7653,7294,no
rKaHyPar,sat14_countbitssrl032.cnf.hgr,no,no,7,32,0.03,0.0292347,8.3724,cut,7765,7415,no
rKaHyPar,sat14_countbitssrl032.cnf.hgr,no,no,8,32,0.03,0.0292347,6.17427,cut,7691,7273,no
rKaHyPar,sat14_countbitssrl032.cnf.hgr,no,no,9,32,0.03,0.0283749,8.1801,cut,7741,7331,no
rKaHyPar,sat14_countbitssrl032.cnf.hgr,no,no,0,4,0.03,0.0274076,3.24514,cut,735,735,no
rKaHyPar,sat14_countbitssrl032.cnf.hgr,no,no,1,4,0.03,0.0273001,2.30078,cut,735,735,no
rKaHyPar,sat14_countbitssrl032.cnf.hgr,no,no,2,4,0.03,0.0274076,2.44907,cut,748,748,no
rKaHyPar,sat14_countbitssrl032.cnf.hgr,no,no,3,4,0.03,0.0274076,2.35562,cut,735,735,no
rKaHyPar,sat14_countbitssrl032.cnf.hgr,no,no,4,4,0.03,0.0273001,3.39857,cut,735,735,no
rKaHyPar,sat14_countbitssrl032.cnf.hgr,no,no,5,4,0.03,0.0273001,2.35549,cut,735,735,no
rKaHyPar,sat14_countbitssrl032.cnf.hgr,no,no,6,4,0.03,0.0273001,3.16832,cut,748,748,no
rKaHyPar,sat14_countbitssrl032.cnf.hgr,no,no,7,4,0.03,0.0273001,2.4095,cut,735,735,no
rKaHyPar,sat14_countbitssrl032.cnf.hgr,no,no,8,4,0.03,0.0273001,2.32822,cut,735,735,no
rKaHyPar,sat14_countbitssrl032.cnf.hgr,no,no,9,4,0.03,0.0273001,2.29048,cut,735,735,no
rKaHyPar,sat14_countbitssrl032.cnf.hgr,no,no,0,64,0.03,0.0292096,10.218,cut,10989,9872,no
rKaHyPar,sat14_countbitssrl032.cnf.hgr,no,no,1,64,0.03,0.0292096,10.2846,cut,10909,9865,no
rKaHyPar,sat14_countbitssrl032.cnf.hgr,no,no,2,64,0.03,0.0292096,10.1816,cut,10952,9879,no
rKaHyPar,sat14_countbitssrl032.cnf.hgr,no,no,3,64,0.03,0.0292096,10.3037,cut,10861,9820,no
rKaHyPar,sat14_countbitssrl032.cnf.hgr,no,no,4,64,0.03,0.0292096,7.4246,cut,10984,9912,no
rKaHyPar,sat14_countbitssrl032.cnf.hgr,no,no,5,64,0.03,0.0292096,7.39116,cut,10911,9866,no
rKaHyPar,sat14_countbitssrl032.cnf.hgr,no,no,6,64,0.03,0.0292096,10.2268,cut,10955,9903,no
rKaHyPar,sat14_countbitssrl032.cnf.hgr,no,no,7,64,0.03,0.0292096,7.43361,cut,10980,9881,no
rKaHyPar,sat14_countbitssrl032.cnf.hgr,no,no,8,64,0.03,0.0292096,10.4113,cut,10882,9872,no
rKaHyPar,sat14_countbitssrl032.cnf.hgr,no,no,9,64,0.03,0.0292096,7.49379,cut,10859,9851,no
rKaHyPar,sat14_countbitssrl032.cnf.hgr,no,no,0,8,0.03,0.0298796,4.00132,cut,1933,1907,no
rKaHyPar,sat14_countbitssrl032.cnf.hgr,no,no,1,8,0.03,0.0298796,5.44508,cut,1915,1915,no
rKaHyPar,sat14_countbitssrl032.cnf.hgr,no,no,2,8,0.03,0.0298796,5.42643,cut,1945,1945,no
rKaHyPar,sat14_countbitssrl032.cnf.hgr,no,no,3,8,0.03,0.0296647,4.06854,cut,1904,1904,no
rKaHyPar,sat14_countbitssrl032.cnf.hgr,no,no,4,8,0.03,0.0298796,5.67415,cut,1924,1924,no
rKaHyPar,sat14_countbitssrl032.cnf.hgr,no,no,5,8,0.03,0.0298796,3.75162,cut,1893,1893,no
rKaHyPar,sat14_countbitssrl032.cnf.hgr,no,no,6,8,0.03,0.0298796,3.99456,cut,1916,1915,no
rKaHyPar,sat14_countbitssrl032.cnf.hgr,no,no,7,8,0.03,0.0298796,3.95246,cut,1930,1930,no
rKaHyPar,sat14_countbitssrl032.cnf.hgr,no,no,8,8,0.03,0.0298796,3.86801,cut,1890,1890,no
rKaHyPar,sat14_countbitssrl032.cnf.hgr,no,no,9,8,0.03,0.0298796,5.34048,cut,1907,1907,no
rKaHyPar,sat14_countbitssrl032.cnf.primal.hgr,no,no,0,128,0.03,0.0273973,9.46368,cut,13509,12533,no
rKaHyPar,sat14_countbitssrl032.cnf.primal.hgr,no,no,1,128,0.03,0.0273973,6.74691,cut,13444,12420,no
rKaHyPar,sat14_countbitssrl032.cnf.primal.hgr,no,no,2,128,0.03,0.0273973,9.18202,cut,13554,12444,no
rKaHyPar,sat14_countbitssrl032.cnf.primal.hgr,no,no,3,128,0.03,0.0273973,6.73466,cut,13350,12430,no
rKaHyPar,sat14_countbitssrl032.cnf.primal.hgr,no,no,4,128,0.03,0.0273973,6.62943,cut,13450,12388,no
rKaHyPar,sat14_countbitssrl032.cnf.primal.hgr,no,no,5,128,0.03,0.0273973,6.66238,cut,13488,12434,no
rKaHyPar,sat14_countbitssrl032.cnf.primal.hgr,no,no,6,128,0.03,0.0273973,6.81219,cut,13577,12529,no
rKaHyPar,sat14_countbitssrl032.cnf.primal.hgr,no,no,7,128,0.03,0.0273973,6.70714,cut,13589,12542,no
rKaHyPar,sat14_countbitssrl032.cnf.primal.hgr,no,no,8,128,0.03,0.0273973,9.34677,cut,13472,12416,no
rKaHyPar,sat14_countbitssrl032.cnf.primal.hgr,no,no,9,128,0.03,0.0273973,6.72029,cut,13515,12518,no
rKaHyPar,sat14_countbitssrl032.cnf.primal.hgr,no,no,0,16,0.03,0.0292347,3.21895,cut,3882,3882,no
rKaHyPar,sat14_countbitssrl032.cnf.primal.hgr,no,no,1,16,0.03,0.0292347,3.25807,cut,4298,4286,no
rKaHyPar,sat14_countbitssrl032.cnf.primal.hgr,no,no,2,16,0.03,0.0292347,2.38705,cut,4195,4184,no
rKaHyPar,sat14_countbitssrl032.cnf.primal.hgr,no,no,3,16,0.03,0.0292347,3.60656,cut,4199,4178,no
rKaHyPar,sat14_countbitssrl032.cnf.primal.hgr,no,no,4,16,0.03,0.0292347,3.08831,cut,3992,3992,no
rKaHyPar,sat14_countbitssrl032.cnf.primal.hgr,no,no,5,16,0.03,0.0292347,3.37559,cut,4244,4222,no
rKaHyPar,sat14_countbitssrl032.cnf.primal.hgr,no,no,6,16,0.03,0.0292347,3.68528,cut,4080,4070,no
rKaHyPar,sat14_countbitssrl032.cnf.primal.hgr,no,no,7,16,0.03,0.0292347,2.25355,cut,3934,3934,no
rKaHyPar,sat14_countbitssrl032.cnf.primal.hgr,no,no,8,16,0.03,0.0292347,3.43348,cut,4120,4114,no
rKaHyPar,sat14_countbitssrl032.cnf.primal.hgr,no,no,9,16,0.03,0.0292347,2.34733,cut,3924,3924,no
rKaHyPar,sat14_countbitssrl032.cnf.primal.hgr,no,no,0,2,0.03,0.00795357,0.53832,cut,303,303,no
rKaHyPar,sat14_countbitssrl032.cnf.primal.hgr,no,no,1,2,0.03,0.00784609,0.500605,cut,303,303,no
rKaHyPar,sat14_countbitssrl032.cnf.primal.hgr,no,no,2,2,0.03,0.00795357,0.761272,cut,303,303,no
rKaHyPar,sat14_countbitssrl032.cnf.primal.hgr,no,no,3,2,0.03,0.00795357,0.563578,cut,303,303,no
rKaHyPar,sat14_countbitssrl032.cnf.primal.hgr,no,no,4,2,0.03,0.00784609,0.718109,cut,303,303,no
rKaHyPar,sat14_countbitssrl032.cnf.primal.hgr,no,no,5,2,0.03,0.00795357,0.540329,cut,303,303,no
rKaHyPar,sat14_countbitssrl032.cnf.primal.hgr,no,no,6,2,0.03,0.00784609,0.637319,cut,303,303,no
rKaHyPar,sat14_countbitssrl032.cnf.primal.hgr,no,no,7,2,0.03,0.00784609,0.533025,cut,303,303,no
rKaHyPar,sat14_countbitssrl032.cnf.primal.hgr,no,no,8,2,0.03,0.00795357,0.572092,cut,303,303,no
rKaHyPar,sat14_countbitssrl032.cnf.primal.hgr,no,no,9,2,0.03,0.00795357,0.563617,cut,303,303,no
rKaHyPar,sat14_countbitssrl032.cnf.primal.hgr,no,no,0,32,0.03,0.0292096,4.59789,cut,7763,7434,no
rKaHyPar,sat14_countbitssrl032.cnf.primal.hgr,no,no,1,32,0.03,0.0292096,4.32469,cut,7693,7344,no
rKaHyPar,sat14_countbitssrl032.cnf.primal.hgr,no,no,2,32,0.03,0.0292096,3.29566,cut,7701,7419,no
rKaHyPar,sat14_countbitssrl032.cnf.primal.hgr,no,no,3,32,0.03,0.0292096,4.57042,cut,7805,7407,no
rKaHyPar,sat14_countbitssrl032.cnf.primal.hgr,no,no,4,32,0.03,0.0292096,3.23386,cut,7725,7360,no
rKaHyPar,sat14_countbitssrl032.cnf.primal.hgr,no,no,5,32,0.03,0.0292096,4.44908,cut,7670,7317,no
rKaHyPar,sat14_countbitssrl032.cnf.primal.hgr,no,no,6,32,0.03,0.0292096,4.62275,cut,7693,7324,no
rKaHyPar,sat14_countbitssrl032.cnf.primal.hgr,no,no,7,32,0.03,0.0292096,4.45732,cut,7724,7346,no
rKaHyPar,sat14_countbitssrl032.cnf.primal.hgr,no,no,8,32,0.03,0.0292096,3.35056,cut,7828,7417,no
rKaHyPar,sat14_countbitssrl032.cnf.primal.hgr,no,no,9,32,0.03,0.0292096,4.60848,cut,7850,7501,no
rKaHyPar,sat14_countbitssrl032.cnf.primal.hgr,no,no,0,4,0.03,0.027515,1.24715,cut,749,749,no
rKaHyPar,sat14_countbitssrl032.cnf.primal.hgr,no,no,1,4,0.03,0.0273001,0.927456,cut,749,749,no
rKaHyPar,sat14_countbitssrl032.cnf.primal.hgr,no,no,2,4,0.03,0.027515,0.920959,cut,749,749,no
rKaHyPar,sat14_countbitssrl032.cnf.primal.hgr,no,no,3,4,0.03,0.0273001,0.975645,cut,749,749,no
rKaHyPar,sat14_countbitssrl032.cnf.primal.hgr,no,no,4,4,0.03,0.027515,1.19705,cut,756,756,no
rKaHyPar,sat14_countbitssrl032.cnf.primal.hgr,no,no,5,4,0.03,0.027515,0.924307,cut,749,749,no
rKaHyPar,sat14_countbitssrl032.cnf.primal.hgr,no,no,6,4,0.03,0.0273001,1.27586,cut,749,749,no
rKaHyPar,sat14_countbitssrl032.cnf.primal.hgr,no,no,7,4,0.03,0.027515,0.96619,cut,749,749,no
rKaHyPar,sat14_countbitssrl032.cnf.primal.hgr,no,no,8,4,0.03,0.027515,1.05322,cut,749,749,no
rKaHyPar,sat14_countbitssrl032.cnf.primal.hgr,no,no,9,4,0.03,0.0273001,0.910666,cut,749,749,no
rKaHyPar,sat14_countbitssrl032.cnf.primal.hgr,no,no,0,64,0.03,0.0274914,6.37558,cut,10752,10141,no
rKaHyPar,sat14_countbitssrl032.cnf.primal.hgr,no,no,1,64,0.03,0.0274914,6.31012,cut,10642,9970,no
rKaHyPar,sat14_countbitssrl032.cnf.primal.hgr,no,no,2,64,0.03,0.0274914,6.32299,cut,10681,10014,no
rKaHyPar,sat14_countbitssrl032.cnf.primal.hgr,no,no,3,64,0.03,0.0274914,6.45699,cut,10685,10042,no
rKaHyPar,sat14_countbitssrl032.cnf.primal.hgr,no,no,4,64,0.03,0.0274914,4.46878,cut,10745,10041,no
rKaHyPar,sat14_countbitssrl032.cnf.primal.hgr,no,no,5,64,0.03,0.0274914,4.49032,cut,10710,10066,no
rKaHyPar,sat14_countbitssrl032.cnf.primal.hgr,no,no,6,64,0.03,0.0274914,6.35026,cut,10565,10004,no
rKaHyPar,sat14_countbitssrl032.cnf.primal.hgr,no,no,7,64,0.03,0.0274914,6.34759,cut,10728,10031,no
rKaHyPar,sat14_countbitssrl032.cnf.primal.hgr,no,no,8,64,0.03,0.0274914,6.57242,cut,10779,10125,no
rKaHyPar,sat14_countbitssrl032.cnf.primal.hgr,no,no,9,64,0.03,0.0274914,4.67733,cut,10675,10053,no
rKaHyPar,sat14_countbitssrl032.cnf.primal.hgr,no,no,0,8,0.03,0.0296647,1.69696,cut,1895,1895,no
rKaHyPar,sat14_countbitssrl032.cnf.primal.hgr,no,no,1,8,0.03,0.0296647,2.55365,cut,1944,1944,no
rKaHyPar,sat14_countbitssrl032.cnf.primal.hgr,no,no,2,8,0.03,0.0296647,2.47973,cut,1934,1934,no
rKaHyPar,sat14_countbitssrl032.cnf.primal.hgr,no,no,3,8,0.03,0.0296647,1.89284,cut,1938,1938,no
rKaHyPar,sat14_countbitssrl032.cnf.primal.hgr,no,no,4,8,0.03,0.0296647,2.41218,cut,1917,1917,no
rKaHyPar,sat14_countbitssrl032.cnf.primal.hgr,no,no,5,8,0.03,0.0296647,1.73494,cut,1930,1930,no
rKaHyPar,sat14_countbitssrl032.cnf.primal.hgr,no,no,6,8,0.03,0.0296647,1.88117,cut,1967,1967,no
rKaHyPar,sat14_countbitssrl032.cnf.primal.hgr,no,no,7,8,0.03,0.0296647,1.7106,cut,1955,1955,no
rKaHyPar,sat14_countbitssrl032.cnf.primal.hgr,no,no,8,8,0.03,0.0296647,1.71426,cut,1942,1942,no
rKaHyPar,sat14_countbitssrl032.cnf.primal.hgr,no,no,9,8,0.03,0.0296647,2.46034,cut,1949,1949,no
rKaHyPar,sat14_ctl_3791_556_unsat_pre.cnf.dual.hgr,no,no,0,128,0.03,0.0295775,25.7875,cut,42640,5568,no
rKaHyPar,sat14_ctl_3791_556_unsat_pre.cnf.dual.hgr,no,no,1,128,0.03,0.0295775,18.3908,cut,44905,5507,no
rKaHyPar,sat14_ctl_3791_556_unsat_pre.cnf.dual.hgr,no,no,2,128,0.03,0.028169,18.4996,cut,41246,5574,no
rKaHyPar,sat14_ctl_3791_556_unsat_pre.cnf.dual.hgr,no,no,3,128,0.03,0.0295775,17.9001,cut,43624,5472,no
rKaHyPar,sat14_ctl_3791_556_unsat_pre.cnf.dual.hgr,no,no,4,128,0.03,0.028169,18.3365,cut,42146,5547,no
rKaHyPar,sat14_ctl_3791_556_unsat_pre.cnf.dual.hgr,no,no,5,128,0.03,0.028169,18.3264,cut,43801,5530,no
rKaHyPar,sat14_ctl_3791_556_unsat_pre.cnf.dual.hgr,no,no,6,128,0.03,0.0295775,18.4673,cut,44493,5429,no
rKaHyPar,sat14_ctl_3791_556_unsat_pre.cnf.dual.hgr,no,no,7,128,0.03,0.0239437,26.1597,cut,43588,5434,no
rKaHyPar,sat14_ctl_3791_556_unsat_pre.cnf.dual.hgr,no,no,8,128,0.03,0.0295775,26.1939,cut,44029,5475,no
rKaHyPar,sat14_ctl_3791_556_unsat_pre.cnf.dual.hgr,no,no,9,128,0.03,0.0295775,18.7538,cut,42847,5476,no
rKaHyPar,sat14_ctl_3791_556_unsat_pre.cnf.dual.hgr,no,no,0,16,0.03,0.0295983,19.8236,cut,7542,2522,no
rKaHyPar,sat14_ctl_3791_556_unsat_pre.cnf.dual.hgr,no,no,1,16,0.03,0.0297745,20.35,cut,6494,2550,no
rKaHyPar,sat14_ctl_3791_556_unsat_pre.cnf.dual.hgr,no,no,2,16,0.03,0.0260747,13.685,cut,6880,2483,no
rKaHyPar,sat14_ctl_3791_556_unsat_pre.cnf.dual.hgr,no,no,3,16,0.03,0.0274841,19.7456,cut,6902,2532,no
rKaHyPar,sat14_ctl_3791_556_unsat_pre.cnf.dual.hgr,no,no,4,16,0.03,0.0287174,19.9629,cut,6169,2495,no
rKaHyPar,sat14_ctl_3791_556_unsat_pre.cnf.dual.hgr,no,no,5,16,0.03,0.0280127,19.6193,cut,6498,2459,no
rKaHyPar,sat14_ctl_3791_556_unsat_pre.cnf.dual.hgr,no,no,6,16,0.03,0.0158562,20.6669,cut,6490,2497,no
rKaHyPar,sat14_ctl_3791_556_unsat_pre.cnf.dual.hgr,no,no,7,16,0.03,0.0299507,14.6969,cut,6733,2491,no
rKaHyPar,sat14_ctl_3791_556_unsat_pre.cnf.dual.hgr,no,no,8,16,0.03,0.0292459,20.6886,cut,6819,2521,no
rKaHyPar,sat14_ctl_3791_556_unsat_pre.cnf.dual.hgr,no,no,9,16,0.03,0.0294221,13.3887,cut,7600,2528,no
rKaHyPar,sat14_ctl_3791_556_unsat_pre.cnf.dual.hgr,no,no,0,2,0.03,0.02993,7.70995,cut,387,387,no
rKaHyPar,sat14_ctl_3791_556_unsat_pre.cnf.dual.hgr,no,no,1,2,0.03,0.029974,11.8329,cut,335,335,no
rKaHyPar,sat14_ctl_3791_556_unsat_pre.cnf.dual.hgr,no,no,2,2,0.03,0.0298639,12.2547,cut,397,397,no
rKaHyPar,sat14_ctl_3791_556_unsat_pre.cnf.dual.hgr,no,no,3,2,0.03,0.029996,7.93184,cut,344,344,no
rKaHyPar,sat14_ctl_3791_556_unsat_pre.cnf.dual.hgr,no,no,4,2,0.03,0.029974,13.5774,cut,362,362,no
rKaHyPar,sat14_ctl_3791_556_unsat_pre.cnf.dual.hgr,no,no,5,2,0.03,0.029996,8.58402,cut,335,335,no
rKaHyPar,sat14_ctl_3791_556_unsat_pre.cnf.dual.hgr,no,no,6,2,0.03,0.0298859,10.0606,cut,363,363,no
rKaHyPar,sat14_ctl_3791_556_unsat_pre.cnf.dual.hgr,no,no,7,2,0.03,0.0297978,6.92031,cut,412,412,no
rKaHyPar,sat14_ctl_3791_556_unsat_pre.cnf.dual.hgr,no,no,8,2,0.03,0.0298419,8.54431,cut,354,354,no
rKaHyPar,sat14_ctl_3791_556_unsat_pre.cnf.dual.hgr,no,no,9,2,0.03,0.02993,7.65882,cut,386,386,no
rKaHyPar,sat14_ctl_3791_556_unsat_pre.cnf.dual.hgr,no,no,0,32,0.03,0.0285412,22.3962,cut,13140,3720,no
rKaHyPar,sat14_ctl_3791_556_unsat_pre.cnf.dual.hgr,no,no,1,32,0.03,0.0292459,22.1551,cut,14117,3839,no
rKaHyPar,sat14_ctl_3791_556_unsat_pre.cnf.dual.hgr,no,no,2,32,0.03,0.0281889,15.2588,cut,12516,3719,no
rKaHyPar,sat14_ctl_3791_556_unsat_pre.cnf.dual.hgr,no,no,3,32,0.03,0.0288936,21.9325,cut,13585,3630,no
rKaHyPar,sat14_ctl_3791_556_unsat_pre.cnf.dual.hgr,no,no,4,32,0.03,0.0299507,15.3922,cut,13642,3696,no
rKaHyPar,sat14_ctl_3791_556_unsat_pre.cnf.dual.hgr,no,no,5,32,0.03,0.0260747,21.7514,cut,13838,3733,no
rKaHyPar,sat14_ctl_3791_556_unsat_pre.cnf.dual.hgr,no,no,6,32,0.03,0.0236082,21.9529,cut,12944,3878,no
rKaHyPar,sat14_ctl_3791_556_unsat_pre.cnf.dual.hgr,no,no,7,32,0.03,0.0281889,22.1296,cut,13289,3692,no
rKaHyPar,sat14_ctl_3791_556_unsat_pre.cnf.dual.hgr,no,no,8,32,0.03,0.0243129,15.4497,cut,13322,3720,no
rKaHyPar,sat14_ctl_3791_556_unsat_pre.cnf.dual.hgr,no,no,9,32,0.03,0.0264271,22.7881,cut,14004,3810,no
rKaHyPar,sat14_ctl_3791_556_unsat_pre.cnf.dual.hgr,no,no,0,4,0.03,0.0297318,14.2458,cut,1337,838,no
rKaHyPar,sat14_ctl_3791_556_unsat_pre.cnf.dual.hgr,no,no,1,4,0.03,0.0298639,9.60288,cut,1310,887,no
rKaHyPar,sat14_ctl_3791_556_unsat_pre.cnf.dual.hgr,no,no,2,4,0.03,0.0297318,7.65466,cut,1659,715,no
rKaHyPar,sat14_ctl_3791_556_unsat_pre.cnf.dual.hgr,no,no,3,4,0.03,0.0298639,8.14957,cut,1618,714,no
rKaHyPar,sat14_ctl_3791_556_unsat_pre.cnf.dual.hgr,no,no,4,4,0.03,0.0294675,14.6588,cut,1299,807,no
rKaHyPar,sat14_ctl_3791_556_unsat_pre.cnf.dual.hgr,no,no,5,4,0.03,0.0297318,10.797,cut,1296,814,no
rKaHyPar,sat14_ctl_3791_556_unsat_pre.cnf.dual.hgr,no,no,6,4,0.03,0.0295115,11.229,cut,1315,818,no
rKaHyPar,sat14_ctl_3791_556_unsat_pre.cnf.dual.hgr,no,no,7,4,0.03,0.0299079,10.7742,cut,1539,926,no
rKaHyPar,sat14_ctl_3791_556_unsat_pre.cnf.dual.hgr,no,no,8,4,0.03,0.0298639,10.7383,cut,1290,802,no
rKaHyPar,sat14_ctl_3791_556_unsat_pre.cnf.dual.hgr,no,no,9,4,0.03,0.0294675,10.5032,cut,1375,853,no
rKaHyPar,sat14_ctl_3791_556_unsat_pre.cnf.dual.hgr,no,no,0,64,0.03,0.0267794,24.2251,cut,24716,4623,no
rKaHyPar,sat14_ctl_3791_556_unsat_pre.cnf.dual.hgr,no,no,1,64,0.03,0.0281889,24.1409,cut,24446,4574,no
rKaHyPar,sat14_ctl_3791_556_unsat_pre.cnf.dual.hgr,no,no,2,64,0.03,0.0267794,24.256,cut,22775,4627,no
rKaHyPar,sat14_ctl_3791_556_unsat_pre.cnf.dual.hgr,no,no,3,64,0.03,0.0281889,23.4401,cut,23846,4653,no
rKaHyPar,sat14_ctl_3791_556_unsat_pre.cnf.dual.hgr,no,no,4,64,0.03,0.0260747,16.7197,cut,25689,4669,no
rKaHyPar,sat14_ctl_3791_556_unsat_pre.cnf.dual.hgr,no,no,5,64,0.03,0.0281889,16.7428,cut,24397,4643,no
rKaHyPar,sat14_ctl_3791_556_unsat_pre.cnf.dual.hgr,no,no,6,64,0.03,0.0267794,23.8508,cut,24687,4613,no
rKaHyPar,sat14_ctl_3791_556_unsat_pre.cnf.dual.hgr,no,no,7,64,0.03,0.0281889,16.7469,cut,24244,4641,no
rKaHyPar,sat14_ctl_3791_556_unsat_pre.cnf.dual.hgr,no,no,8,64,0.03,0.0281889,24.4029,cut,24319,4623,no
rKaHyPar,sat14_ctl_3791_556_unsat_pre.cnf.dual.hgr,no,no,9,64,0.03,0.0281889,16.827,cut,25906,4641,no
rKaHyPar,sat14_ctl_3791_556_unsat_pre.cnf.dual.hgr,no,no,0,8,0.03,0.0297745,11.4905,cut,3104,1502,no
rKaHyPar,sat14_ctl_3791_556_unsat_pre.cnf.dual.hgr,no,no,1,8,0.03,0.0299507,18.6623,cut,2795,1492,no
rKaHyPar,sat14_ctl_3791_556_unsat_pre.cnf.dual.hgr,no,no,2,8,0.03,0.0299507,15.8231,cut,2979,1496,no
rKaHyPar,sat14_ctl_3791_556_unsat_pre.cnf.dual.hgr,no,no,3,8,0.03,0.0299507,11.2531,cut,3029,1493,no
rKaHyPar,sat14_ctl_3791_556_unsat_pre.cnf.dual.hgr,no,no,4,8,0.03,0.0291579,17.8822,cut,3053,1576,no
rKaHyPar,sat14_ctl_3791_556_unsat_pre.cnf.dual.hgr,no,no,5,8,0.03,0.0298626,12.3451,cut,2695,1515,no
rKaHyPar,sat14_ctl_3791_556_unsat_pre.cnf.dual.hgr,no,no,6,8,0.03,0.0298626,12.8277,cut,3033,1546,no
rKaHyPar,sat14_ctl_3791_556_unsat_pre.cnf.dual.hgr,no,no,7,8,0.03,0.0295983,13.4923,cut,3422,1620,no
rKaHyPar,sat14_ctl_3791_556_unsat_pre.cnf.dual.hgr,no,no,8,8,0.03,0.0299507,13.1207,cut,3072,1491,no
rKaHyPar,sat14_ctl_3791_556_unsat_pre.cnf.dual.hgr,no,no,9,8,0.03,0.0295983,18.9944,cut,3532,1607,no
rKaHyPar,sat14_ctl_3791_556_unsat_pre.cnf.hgr,no,no,0,128,0.03,0.0289855,17.9157,cut,35241,27450,no
rKaHyPar,sat14_ctl_3791_556_unsat_pre.cnf.hgr,no,no,1,128,0.03,0.0289855,12.7757,cut,35122,27847,no
rKaHyPar,sat14_ctl_3791_556_unsat_pre.cnf.hgr,no,no,2,128,0.03,0.0289855,17.8647,cut,35415,27748,no
rKaHyPar,sat14_ctl_3791_556_unsat_pre.cnf.hgr,no,no,3,128,0.03,0.0289855,12.6228,cut,35779,27732,no
rKaHyPar,sat14_ctl_3791_556_unsat_pre.cnf.hgr,no,no,4,128,0.03,0.0289855,12.8817,cut,35773,27788,no
rKaHyPar,sat14_ctl_3791_556_unsat_pre.cnf.hgr,no,no,5,128,0.03,0.0289855,12.846,cut,35675,27627,no
rKaHyPar,sat14_ctl_3791_556_unsat_pre.cnf.hgr,no,no,6,128,0.03,0.0289855,12.7317,cut,35539,27546,no
rKaHyPar,sat14_ctl_3791_556_unsat_pre.cnf.hgr,no,no,7,128,0.03,0.0289855,17.7798,cut,35156,27432,no
rKaHyPar,sat14_ctl_3791_556_unsat_pre.cnf.hgr,no,no,8,128,0.03,0.0289855,17.8888,cut,35657,27506,no
rKaHyPar,sat14_ctl_3791_556_unsat_pre.cnf.hgr,no,no,9,128,0.03,0.0289855,12.6978,cut,36138,27814,no
rKaHyPar,sat14_ctl_3791_556_unsat_pre.cnf.hgr,no,no,0,16,0.03,0.0299728,6.03571,cut,8595,8060,no
rKaHyPar,sat14_ctl_3791_556_unsat_pre.cnf.hgr,no,no,1,16,0.03,0.0299728,5.82513,cut,8727,7891,no
rKaHyPar,sat14_ctl_3791_556_unsat_pre.cnf.hgr,no,no,2,16,0.03,0.0299728,4.38362,cut,8197,7635,no
rKaHyPar,sat14_ctl_3791_556_unsat_pre.cnf.hgr,no,no,3,16,0.03,0.0299728,5.79194,cut,8340,7598,no
rKaHyPar,sat14_ctl_3791_556_unsat_pre.cnf.hgr,no,no,4,16,0.03,0.0299728,5.77133,cut,8079,7388,no
rKaHyPar,sat14_ctl_3791_556_unsat_pre.cnf.hgr,no,no,5,16,0.03,0.0281562,5.88571,cut,8337,7920,no
rKaHyPar,sat14_ctl_3791_556_unsat_pre.cnf.hgr,no,no,6,16,0.03,0.0281562,6.01766,cut,8773,8011,no
rKaHyPar,sat14_ctl_3791_556_unsat_pre.cnf.hgr,no,no,7,16,0.03,0.0299728,4.22411,cut,8701,8042,no
rKaHyPar,sat14_ctl_3791_556_unsat_pre.cnf.hgr,no,no,8,16,0.03,0.0299728,6.04808,cut,8354,7800,no
rKaHyPar,sat14_ctl_3791_556_unsat_pre.cnf.hgr,no,no,9,16,0.03,0.0299728,4.25644,cut,8148,7512,no
rKaHyPar,sat14_ctl_3791_556_unsat_pre.cnf.hgr,no,no,0,2,0.03,0.027027,0.851946,cut,0,0,no
rKaHyPar,sat14_ctl_3791_556_unsat_pre.cnf.hgr,no,no,1,2,0.03,0.027027,0.888047,cut,0,0,no
rKaHyPar,sat14_ctl_3791_556_unsat_pre.cnf.hgr,no,no,2,2,0.03,0.027027,0.848258,cut,0,0,no
rKaHyPar,sat14_ctl_3791_556_unsat_pre.cnf.hgr,no,no,3,2,0.03,0.027027,0.663365,cut,0,0,no
rKaHyPar,sat14_ctl_3791_556_unsat_pre.cnf.hgr,no,no,4,2,0.03,0.027027,0.982539,cut,0,0,no
rKaHyPar,sat14_ctl_3791_556_unsat_pre.cnf.hgr,no,no,5,2,0.03,0.027027,0.706409,cut,0,0,no
rKaHyPar,sat14_ctl_3791_556_unsat_pre.cnf.hgr,no,no,6,2,0.03,0.027027,0.711281,cut,0,0,no
rKaHyPar,sat14_ctl_3791_556_unsat_pre.cnf.hgr,no,no,7,2,0.03,0.027027,0.659613,cut,0,0,no
rKaHyPar,sat14_ctl_3791_556_unsat_pre.cnf.hgr,no,no,8,2,0.03,0.027027,0.66932,cut,0,0,no
rKaHyPar,sat14_ctl_3791_556_unsat_pre.cnf.hgr,no,no,9,2,0.03,0.027027,0.688528,cut,0,0,no
rKaHyPar,sat14_ctl_3791_556_unsat_pre.cnf.hgr,no,no,0,32,0.03,0.0290381,8.57218,cut,14059,12021,no
rKaHyPar,sat14_ctl_3791_556_unsat_pre.cnf.hgr,no,no,1,32,0.03,0.0290381,8.45171,cut,14184,12249,no
rKaHyPar,sat14_ctl_3791_556_unsat_pre.cnf.hgr,no,no,2,32,0.03,0.0290381,5.91285,cut,14086,12044,no
rKaHyPar,sat14_ctl_3791_556_unsat_pre.cnf.hgr,no,no,3,32,0.03,0.0290381,8.30073,cut,14321,12292,no
rKaHyPar,sat14_ctl_3791_556_unsat_pre.cnf.hgr,no,no,4,32,0.03,0.0290381,6.2554,cut,13762,11965,no
rKaHyPar,sat14_ctl_3791_556_unsat_pre.cnf.hgr,no,no,5,32,0.03,0.0290381,8.17792,cut,14107,11830,no
rKaHyPar,sat14_ctl_3791_556_unsat_pre.cnf.hgr,no,no,6,32,0.03,0.0290381,8.34396,cut,13867,11995,no
rKaHyPar,sat14_ctl_3791_556_unsat_pre.cnf.hgr,no,no,7,32,0.03,0.0290381,8.49537,cut,14444,12056,no
rKaHyPar,sat14_ctl_3791_556_unsat_pre.cnf.hgr,no,no,8,32,0.03,0.0290381,5.79157,cut,13768,11796,no
rKaHyPar,sat14_ctl_3791_556_unsat_pre.cnf.hgr,no,no,9,32,0.03,0.0290381,8.23718,cut,13836,11828,no
rKaHyPar,sat14_ctl_3791_556_unsat_pre.cnf.hgr,no,no,0,4,0.03,0.0147627,3.45035,cut,2202,2202,no
rKaHyPar,sat14_ctl_3791_556_unsat_pre.cnf.hgr,no,no,1,4,0.03,0.0297524,3.00968,cut,1853,1853,no
rKaHyPar,sat14_ctl_3791_556_unsat_pre.cnf.hgr,no,no,2,4,0.03,0.028844,2.64137,cut,1932,1932,no
rKaHyPar,sat14_ctl_3791_556_unsat_pre.cnf.hgr,no,no,3,4,0.03,0.0158983,2.04575,cut,2256,2256,no
rKaHyPar,sat14_ctl_3791_556_unsat_pre.cnf.hgr,no,no,4,4,0.03,0.0283897,3.78511,cut,1856,1856,no
rKaHyPar,sat14_ctl_3791_556_unsat_pre.cnf.hgr,no,no,5,4,0.03,0.0152169,2.1987,cut,2246,2246,no
rKaHyPar,sat14_ctl_3791_556_unsat_pre.cnf.hgr,no,no,6,4,0.03,0.0292982,2.65188,cut,1884,1884,no
rKaHyPar,sat14_ctl_3791_556_unsat_pre.cnf.hgr,no,no,7,4,0.03,0.028844,2.59816,cut,1899,1899,no
rKaHyPar,sat14_ctl_3791_556_unsat_pre.cnf.hgr,no,no,8,4,0.03,0.0158983,2.11281,cut,2256,2256,no
rKaHyPar,sat14_ctl_3791_556_unsat_pre.cnf.hgr,no,no,9,4,0.03,0.0202135,2.67318,cut,1863,1863,no
rKaHyPar,sat14_ctl_3791_556_unsat_pre.cnf.hgr,no,no,0,64,0.03,0.0289855,12.5405,cut,22012,18083,no
rKaHyPar,sat14_ctl_3791_556_unsat_pre.cnf.hgr,no,no,1,64,0.03,0.0289855,12.4649,cut,21415,17955,no
rKaHyPar,sat14_ctl_3791_556_unsat_pre.cnf.hgr,no,no,2,64,0.03,0.0289855,12.4226,cut,21580,17970,no
rKaHyPar,sat14_ctl_3791_556_unsat_pre.cnf.hgr,no,no,3,64,0.03,0.0289855,12.5707,cut,21734,17951,no
rKaHyPar,sat14_ctl_3791_556_unsat_pre.cnf.hgr,no,no,4,64,0.03,0.0289855,8.87333,cut,21414,17802,no
rKaHyPar,sat14_ctl_3791_556_unsat_pre.cnf.hgr,no,no,5,64,0.03,0.0289855,9.03118,cut,21993,18164,no
rKaHyPar,sat14_ctl_3791_556_unsat_pre.cnf.hgr,no,no,6,64,0.03,0.0289855,12.5214,cut,21289,17791,no
rKaHyPar,sat14_ctl_3791_556_unsat_pre.cnf.hgr,no,no,7,64,0.03,0.0289855,12.2052,cut,21527,17875,no
rKaHyPar,sat14_ctl_3791_556_unsat_pre.cnf.hgr,no,no,8,64,0.03,0.0289855,12.7043,cut,21700,18030,no
rKaHyPar,sat14_ctl_3791_556_unsat_pre.cnf.hgr,no,no,9,64,0.03,0.0289855,9.10048,cut,21670,17905,no
rKaHyPar,sat14_ctl_3791_556_unsat_pre.cnf.hgr,no,no,0,8,0.03,0.0290645,3.40277,cut,4949,4769,no
rKaHyPar,sat14_ctl_3791_556_unsat_pre.cnf.hgr,no,no,1,8,0.03,0.0249773,5.06874,cut,5147,4851,no
rKaHyPar,sat14_ctl_3791_556_unsat_pre.cnf.hgr,no,no,2,8,0.03,0.0295186,5.51169,cut,5083,4901,no
rKaHyPar,sat14_ctl_3791_556_unsat_pre.cnf.hgr,no,no,3,8,0.03,0.0277021,3.12158,cut,5045,4888,no
rKaHyPar,sat14_ctl_3791_556_unsat_pre.cnf.hgr,no,no,4,8,0.03,0.0299728,4.86782,cut,5130,4855,no
rKaHyPar,sat14_ctl_3791_556_unsat_pre.cnf.hgr,no,no,5,8,0.03,0.0290645,3.12742,cut,4884,4745,no
rKaHyPar,sat14_ctl_3791_556_unsat_pre.cnf.hgr,no,no,6,8,0.03,0.0181653,3.65078,cut,5239,5044,no
rKaHyPar,sat14_ctl_3791_556_unsat_pre.cnf.hgr,no,no,7,8,0.03,0.0299728,3.38624,cut,5142,4967,no
rKaHyPar,sat14_ctl_3791_556_unsat_pre.cnf.hgr,no,no,8,8,0.03,0.0299728,3.1559,cut,4861,4753,no
rKaHyPar,sat14_ctl_3791_556_unsat_pre.cnf.hgr,no,no,9,8,0.03,0.0163488,4.75497,cut,4947,4839,no
rKaHyPar,sat14_ctl_3791_556_unsat_pre.cnf.primal.hgr,no,no,0,128,0.03,0.0289855,20.3377,cut,97889,59845,no
rKaHyPar,sat14_ctl_3791_556_unsat_pre.cnf.primal.hgr,no,no,1,128,0.03,0.0289855,14.2582,cut,97279,58865,no
rKaHyPar,sat14_ctl_3791_556_unsat_pre.cnf.primal.hgr,no,no,2,128,0.03,0.0289855,14.3725,cut,97620,59204,no
rKaHyPar,sat14_ctl_3791_556_unsat_pre.cnf.primal.hgr,no,no,3,128,0.03,0.0289855,14.4729,cut,97755,58864,no
rKaHyPar,sat14_ctl_3791_556_unsat_pre.cnf.primal.hgr,no,no,4,128,0.03,0.0289855,14.3559,cut,97284,59129,no
rKaHyPar,sat14_ctl_3791_556_unsat_pre.cnf.primal.hgr,no,no,5,128,0.03,0.0289855,14.3647,cut,97418,58828,no
rKaHyPar,sat14_ctl_3791_556_unsat_pre.cnf.primal.hgr,no,no,6,128,0.03,0.0289855,14.3983,cut,97712,59432,no
rKaHyPar,sat14_ctl_3791_556_unsat_pre.cnf.primal.hgr,no,no,7,128,0.03,0.0289855,19.6086,cut,99227,59267,no
rKaHyPar,sat14_ctl_3791_556_unsat_pre.cnf.primal.hgr,no,no,8,128,0.03,0.0289855,19.7006,cut,97546,58774,no
rKaHyPar,sat14_ctl_3791_556_unsat_pre.cnf.primal.hgr,no,no,9,128,0.03,0.0289855,14.387,cut,98035,59375,no
rKaHyPar,sat14_ctl_3791_556_unsat_pre.cnf.primal.hgr,no,no,0,16,0.03,0.0290381,10.4972,cut,39269,31866,no
rKaHyPar,sat14_ctl_3791_556_unsat_pre.cnf.primal.hgr,no,no,1,16,0.03,0.0290381,10.115,cut,38804,31107,no
rKaHyPar,sat14_ctl_3791_556_unsat_pre.cnf.primal.hgr,no,no,2,16,0.03,0.0290381,7.62151,cut,39909,32475,no
rKaHyPar,sat14_ctl_3791_556_unsat_pre.cnf.primal.hgr,no,no,3,16,0.03,0.0290381,10.3886,cut,39717,31982,no
rKaHyPar,sat14_ctl_3791_556_unsat_pre.cnf.primal.hgr,no,no,4,16,0.03,0.0290381,10.3403,cut,38903,31171,no
rKaHyPar,sat14_ctl_3791_556_unsat_pre.cnf.primal.hgr,no,no,5,16,0.03,0.0290381,10.6921,cut,39445,32103,no
rKaHyPar,sat14_ctl_3791_556_unsat_pre.cnf.primal.hgr,no,no,6,16,0.03,0.0290381,10.0719,cut,38857,31537,no
rKaHyPar,sat14_ctl_3791_556_unsat_pre.cnf.primal.hgr,no,no,7,16,0.03,0.0290381,7.49032,cut,38394,31302,no
rKaHyPar,sat14_ctl_3791_556_unsat_pre.cnf.primal.hgr,no,no,8,16,0.03,0.0290381,10.9483,cut,39513,32287,no
rKaHyPar,sat14_ctl_3791_556_unsat_pre.cnf.primal.hgr,no,no,9,16,0.03,0.0290381,7.58569,cut,38205,31362,no
rKaHyPar,sat14_ctl_3791_556_unsat_pre.cnf.primal.hgr,no,no,0,2,0.03,0.027027,0.685275,cut,0,0,no
rKaHyPar,sat14_ctl_3791_556_unsat_pre.cnf.primal.hgr,no,no,1,2,0.03,0.027027,0.997946,cut,0,0,no
rKaHyPar,sat14_ctl_3791_556_unsat_pre.cnf.primal.hgr,no,no,2,2,0.03,0.027027,0.961949,cut,0,0,no
rKaHyPar,sat14_ctl_3791_556_unsat_pre.cnf.primal.hgr,no,no,3,2,0.03,0.027027,0.681595,cut,0,0,no
rKaHyPar,sat14_ctl_3791_556_unsat_pre.cnf.primal.hgr,no,no,4,2,0.03,0.027027,0.995314,cut,0,0,no
rKaHyPar,sat14_ctl_3791_556_unsat_pre.cnf.primal.hgr,no,no,5,2,0.03,0.027027,0.659687,cut,0,0,no
rKaHyPar,sat14_ctl_3791_556_unsat_pre.cnf.primal.hgr,no,no,6,2,0.03,0.027027,0.693351,cut,0,0,no
rKaHyPar,sat14_ctl_3791_556_unsat_pre.cnf.primal.hgr,no,no,7,2,0.03,0.027027,0.712432,cut,0,0,no
rKaHyPar,sat14_ctl_3791_556_unsat_pre.cnf.primal.hgr,no,no,8,2,0.03,0.027027,0.730431,cut,0,0,no
rKaHyPar,sat14_ctl_3791_556_unsat_pre.cnf.primal.hgr,no,no,9,2,0.03,0.027027,0.727967,cut,0,0,no
rKaHyPar,sat14_ctl_3791_556_unsat_pre.cnf.primal.hgr,no,no,0,32,0.03,0.0289855,12.6883,cut,59293,41809,no
rKaHyPar,sat14_ctl_3791_556_unsat_pre.cnf.primal.hgr,no,no,1,32,0.03,0.0289855,12.5562,cut,59541,42288,no
rKaHyPar,sat14_ctl_3791_556_unsat_pre.cnf.primal.hgr,no,no,2,32,0.03,0.0289855,9.06866,cut,59359,43083,no
rKaHyPar,sat14_ctl_3791_556_unsat_pre.cnf.primal.hgr,no,no,3,32,0.03,0.0289855,12.7858,cut,58492,41229,no
rKaHyPar,sat14_ctl_3791_556_unsat_pre.cnf.primal.hgr,no,no,4,32,0.03,0.0289855,9.12977,cut,58881,41834,no
rKaHyPar,sat14_ctl_3791_556_unsat_pre.cnf.primal.hgr,no,no,5,32,0.03,0.0289855,12.5419,cut,58561,41749,no
rKaHyPar,sat14_ctl_3791_556_unsat_pre.cnf.primal.hgr,no,no,6,32,0.03,0.0289855,12.2566,cut,59262,41271,no
rKaHyPar,sat14_ctl_3791_556_unsat_pre.cnf.primal.hgr,no,no,7,32,0.03,0.0289855,12.6457,cut,58653,42277,no
rKaHyPar,sat14_ctl_3791_556_unsat_pre.cnf.primal.hgr,no,no,8,32,0.03,0.0289855,9.16273,cut,59926,41831,no
rKaHyPar,sat14_ctl_3791_556_unsat_pre.cnf.primal.hgr,no,no,9,32,0.03,0.0289855,12.9755,cut,57340,41208,no
rKaHyPar,sat14_ctl_3791_556_unsat_pre.cnf.primal.hgr,no,no,0,4,0.03,0.0263397,2.82186,cut,3317,3317,no
rKaHyPar,sat14_ctl_3791_556_unsat_pre.cnf.primal.hgr,no,no,1,4,0.03,0.0281562,2.54684,cut,4245,4245,no
rKaHyPar,sat14_ctl_3791_556_unsat_pre.cnf.primal.hgr,no,no,2,4,0.03,0.0299728,2.93496,cut,4253,4253,no
rKaHyPar,sat14_ctl_3791_556_unsat_pre.cnf.primal.hgr,no,no,3,4,0.03,0.0299728,3.07449,cut,4256,4256,no
rKaHyPar,sat14_ctl_3791_556_unsat_pre.cnf.primal.hgr,no,no,4,4,0.03,0.0299728,8.5774,cut,8755,8755,no
rKaHyPar,sat14_ctl_3791_556_unsat_pre.cnf.primal.hgr,no,no,5,4,0.03,0.0299728,2.59487,cut,4286,4286,no
rKaHyPar,sat14_ctl_3791_556_unsat_pre.cnf.primal.hgr,no,no,6,4,0.03,0.027248,2.36102,cut,3385,3382,no
rKaHyPar,sat14_ctl_3791_556_unsat_pre.cnf.primal.hgr,no,no,7,4,0.03,0.0299728,2.48182,cut,4290,4290,no
rKaHyPar,sat14_ctl_3791_556_unsat_pre.cnf.primal.hgr,no,no,8,4,0.03,0.0299728,2.70175,cut,4256,4256,no
rKaHyPar,sat14_ctl_3791_556_unsat_pre.cnf.primal.hgr,no,no,9,4,0.03,0.0290645,2.85267,cut,3390,3390,no
rKaHyPar,sat14_ctl_3791_556_unsat_pre.cnf.primal.hgr,no,no,0,64,0.03,0.0289855,15.693,cut,77361,50449,no
rKaHyPar,sat14_ctl_3791_556_unsat_pre.cnf.primal.hgr,no,no,1,64,0.03,0.0289855,11.5243,cut,77072,49809,no
rKaHyPar,sat14_ctl_3791_556_unsat_pre.cnf.primal.hgr,no,no,2,64,0.03,0.0289855,15.9827,cut,76421,50066,no
rKaHyPar,sat14_ctl_3791_556_unsat_pre.cnf.primal.hgr,no,no,3,64,0.03,0.0289855,15.8355,cut,78153,50071,no
rKaHyPar,sat14_ctl_3791_556_unsat_pre.cnf.primal.hgr,no,no,4,64,0.03,0.0289855,11.3451,cut,78776,51164,no
rKaHyPar,sat14_ctl_3791_556_unsat_pre.cnf.primal.hgr,no,no,5,64,0.03,0.0289855,11.5491,cut,76354,50269,no
rKaHyPar,sat14_ctl_3791_556_unsat_pre.cnf.primal.hgr,no,no,6,64,0.03,0.0289855,15.4484,cut,77274,50456,no
rKaHyPar,sat14_ctl_3791_556_unsat_pre.cnf.primal.hgr,no,no,7,64,0.03,0.0289855,11.1205,cut,77900,50865,no
rKaHyPar,sat14_ctl_3791_556_unsat_pre.cnf.primal.hgr,no,no,8,64,0.03,0.0289855,15.762,cut,78035,50418,no
rKaHyPar,sat14_ctl_3791_556_unsat_pre.cnf.primal.hgr,no,no,9,64,0.03,0.0289855,11.195,cut,78162,50702,no
rKaHyPar,sat14_ctl_3791_556_unsat_pre.cnf.primal.hgr,no,no,0,8,0.03,0.0299728,6.30285,cut,19268,17475,no
rKaHyPar,sat14_ctl_3791_556_unsat_pre.cnf.primal.hgr,no,no,1,8,0.03,0.0299728,8.37514,cut,19714,18044,no
rKaHyPar,sat14_ctl_3791_556_unsat_pre.cnf.primal.hgr,no,no,2,8,0.03,0.0299728,8.11686,cut,19349,17575,no
rKaHyPar,sat14_ctl_3791_556_unsat_pre.cnf.primal.hgr,no,no,3,8,0.03,0.0299728,6.08798,cut,18695,17114,no
rKaHyPar,sat14_ctl_3791_556_unsat_pre.cnf.primal.hgr,no,no,4,8,0.03,0.0299728,8.44924,cut,18967,17313,no
rKaHyPar,sat14_ctl_3791_556_unsat_pre.cnf.primal.hgr,no,no,5,8,0.03,0.0299728,6.10307,cut,19622,17689,no
rKaHyPar,sat14_ctl_3791_556_unsat_pre.cnf.primal.hgr,no,no,6,8,0.03,0.0299728,7.01727,cut,19411,17692,no
rKaHyPar,sat14_ctl_3791_556_unsat_pre.cnf.primal.hgr,no,no,7,8,0.03,0.0299728,6.36675,cut,19055,17261,no
rKaHyPar,sat14_ctl_3791_556_unsat_pre.cnf.primal.hgr,no,no,8,8,0.03,0.0299728,6.05563,cut,19444,17690,no
rKaHyPar,sat14_ctl_3791_556_unsat_pre.cnf.primal.hgr,no,no,9,8,0.03,0.0299728,8.38937,cut,19461,17648,no
rKaHyPar,sat14_ctl_4291_567_5_unsat_pre.cnf.dual.hgr,no,no,0,128,0.03,0.0294397,30.4101,cut,114935,10440,no
rKaHyPar,sat14_ctl_4291_567_5_unsat_pre.cnf.dual.hgr,no,no,1,128,0.03,0.0294397,21.2977,cut,122480,10533,no
rKaHyPar,sat14_ctl_4291_567_5_unsat_pre.cnf.dual.hgr,no,no,2,128,0.03,0.0294397,31.2385,cut,118803,10545,no
rKaHyPar,sat14_ctl_4291_567_5_unsat_pre.cnf.dual.hgr,no,no,3,128,0.03,0.0294397,21.6209,cut,114238,10537,no
rKaHyPar,sat14_ctl_4291_567_5_unsat_pre.cnf.dual.hgr,no,no,4,128,0.03,0.02849,21.4712,cut,116100,10464,no
rKaHyPar,sat14_ctl_4291_567_5_unsat_pre.cnf.dual.hgr,no,no,5,128,0.03,0.0294397,20.983,cut,120535,10409,no
rKaHyPar,sat14_ctl_4291_567_5_unsat_pre.cnf.dual.hgr,no,no,6,128,0.03,0.0294397,21.9982,cut,115041,10515,no
rKaHyPar,sat14_ctl_4291_567_5_unsat_pre.cnf.dual.hgr,no,no,7,128,0.03,0.0275404,30.2715,cut,122061,10432,no
rKaHyPar,sat14_ctl_4291_567_5_unsat_pre.cnf.dual.hgr,no,no,8,128,0.03,0.0294397,30.8519,cut,116221,10598,no
rKaHyPar,sat14_ctl_4291_567_5_unsat_pre.cnf.dual.hgr,no,no,9,128,0.03,0.0294397,21.0224,cut,115550,10380,no
rKaHyPar,sat14_ctl_4291_567_5_unsat_pre.cnf.dual.hgr,no,no,0,16,0.03,0.0294432,24.2019,cut,23399,5859,no
rKaHyPar,sat14_ctl_4291_567_5_unsat_pre.cnf.dual.hgr,no,no,1,16,0.03,0.0299181,25.6996,cut,22590,5653,no
rKaHyPar,sat14_ctl_4291_567_5_unsat_pre.cnf.dual.hgr,no,no,2,16,0.03,0.0299181,17.6329,cut,22372,5827,no
rKaHyPar,sat14_ctl_4291_567_5_unsat_pre.cnf.dual.hgr,no,no,3,16,0.03,0.0297994,23.5835,cut,23711,5845,no
rKaHyPar,sat14_ctl_4291_567_5_unsat_pre.cnf.dual.hgr,no,no,4,16,0.03,0.024813,23.4765,cut,22609,5784,no
rKaHyPar,sat14_ctl_4291_567_5_unsat_pre.cnf.dual.hgr,no,no,5,16,0.03,0.0295619,25.2672,cut,23421,6012,no
rKaHyPar,sat14_ctl_4291_567_5_unsat_pre.cnf.dual.hgr,no,no,6,16,0.03,0.0297994,24.9606,cut,23138,5979,no
rKaHyPar,sat14_ctl_4291_567_5_unsat_pre.cnf.dual.hgr,no,no,7,16,0.03,0.0288496,16.5104,cut,22231,5826,no
rKaHyPar,sat14_ctl_4291_567_5_unsat_pre.cnf.dual.hgr,no,no,8,16,0.03,0.0297994,23.5632,cut,21689,5828,no
rKaHyPar,sat14_ctl_4291_567_5_unsat_pre.cnf.dual.hgr,no,no,9,16,0.03,0.0295619,17.2697,cut,21907,5673,no
rKaHyPar,sat14_ctl_4291_567_5_unsat_pre.cnf.dual.hgr,no,no,0,2,0.03,0,7.0169,cut,2131,2131,no
rKaHyPar,sat14_ctl_4291_567_5_unsat_pre.cnf.dual.hgr,no,no,1,2,0.03,0.0281249,20.0538,cut,2113,2113,no
rKaHyPar,sat14_ctl_4291_567_5_unsat_pre.cnf.dual.hgr,no,no,2,2,0.03,0,10.1937,cut,2131,2131,no
rKaHyPar,sat14_ctl_4291_567_5_unsat_pre.cnf.dual.hgr,no,no,3,2,0.03,0,6.93394,cut,2131,2131,no
rKaHyPar,sat14_ctl_4291_567_5_unsat_pre.cnf.dual.hgr,no,no,4,2,0.03,0,10.1852,cut,2131,2131,no
rKaHyPar,sat14_ctl_4291_567_5_unsat_pre.cnf.dual.hgr,no,no,5,2,0.03,0,6.87174,cut,2131,2131,no
rKaHyPar,sat14_ctl_4291_567_5_unsat_pre.cnf.dual.hgr,no,no,6,2,0.03,0,6.88996,cut,2131,2131,no
rKaHyPar,sat14_ctl_4291_567_5_unsat_pre.cnf.dual.hgr,no,no,7,2,0.03,0,6.89392,cut,2131,2131,no
rKaHyPar,sat14_ctl_4291_567_5_unsat_pre.cnf.dual.hgr,no,no,8,2,0.03,0,6.89409,cut,2131,2131,no
rKaHyPar,sat14_ctl_4291_567_5_unsat_pre.cnf.dual.hgr,no,no,9,2,0.03,0,6.99966,cut,2131,2131,no
rKaHyPar,sat14_ctl_4291_567_5_unsat_pre.cnf.dual.hgr,no,no,0,32,0.03,0.0296771,25.5802,cut,38464,7419,no
rKaHyPar,sat14_ctl_4291_567_5_unsat_pre.cnf.dual.hgr,no,no,1,32,0.03,0.0299145,25.3458,cut,41728,7381,no
rKaHyPar,sat14_ctl_4291_567_5_unsat_pre.cnf.dual.hgr,no,no,2,32,0.03,0.0299145,17.8695,cut,38062,7416,no
rKaHyPar,sat14_ctl_4291_567_5_unsat_pre.cnf.dual.hgr,no,no,3,32,0.03,0.0299145,25.4314,cut,39589,7424,no
rKaHyPar,sat14_ctl_4291_567_5_unsat_pre.cnf.dual.hgr,no,no,4,32,0.03,0.0296771,17.9644,cut,38127,7453,no
rKaHyPar,sat14_ctl_4291_567_5_unsat_pre.cnf.dual.hgr,no,no,5,32,0.03,0.0273029,25.2299,cut,39409,7255,no
rKaHyPar,sat14_ctl_4291_567_5_unsat_pre.cnf.dual.hgr,no,no,6,32,0.03,0.0294397,26.0385,cut,39146,7408,no
rKaHyPar,sat14_ctl_4291_567_5_unsat_pre.cnf.dual.hgr,no,no,7,32,0.03,0.0299145,25.9294,cut,38044,7458,no
rKaHyPar,sat14_ctl_4291_567_5_unsat_pre.cnf.dual.hgr,no,no,8,32,0.03,0.02849,18.1962,cut,38534,7488,no
rKaHyPar,sat14_ctl_4291_567_5_unsat_pre.cnf.dual.hgr,no,no,9,32,0.03,0.0289649,26.0219,cut,39509,7462,no
rKaHyPar,sat14_ctl_4291_567_5_unsat_pre.cnf.dual.hgr,no,no,0,4,0.03,0,14.2188,cut,6168,3083,no
rKaHyPar,sat14_ctl_4291_567_5_unsat_pre.cnf.dual.hgr,no,no,1,4,0.03,0.00394788,12.4757,cut,6751,3417,no
rKaHyPar,sat14_ctl_4291_567_5_unsat_pre.cnf.dual.hgr,no,no,2,4,0.03,0,9.94483,cut,5834,3083,no
rKaHyPar,sat14_ctl_4291_567_5_unsat_pre.cnf.dual.hgr,no,no,3,4,0.03,0,10.875,cut,6663,3358,no
rKaHyPar,sat14_ctl_4291_567_5_unsat_pre.cnf.dual.hgr,no,no,4,4,0.03,0,15.3459,cut,6255,3370,no
rKaHyPar,sat14_ctl_4291_567_5_unsat_pre.cnf.dual.hgr,no,no,5,4,0.03,0,9.8637,cut,5716,3083,no
rKaHyPar,sat14_ctl_4291_567_5_unsat_pre.cnf.dual.hgr,no,no,6,4,0.03,0,9.8387,cut,6136,3083,no
rKaHyPar,sat14_ctl_4291_567_5_unsat_pre.cnf.dual.hgr,no,no,7,4,0.03,0,9.81966,cut,6077,3083,no
rKaHyPar,sat14_ctl_4291_567_5_unsat_pre.cnf.dual.hgr,no,no,8,4,0.03,0,9.98455,cut,6068,3083,no
rKaHyPar,sat14_ctl_4291_567_5_unsat_pre.cnf.dual.hgr,no,no,9,4,0.03,0.00510552,11.5318,cut,6812,3382,no
rKaHyPar,sat14_ctl_4291_567_5_unsat_pre.cnf.dual.hgr,no,no,0,64,0.03,0.0294397,28.3404,cut,69922,9062,no
rKaHyPar,sat14_ctl_4291_567_5_unsat_pre.cnf.dual.hgr,no,no,1,64,0.03,0.0289649,19.2216,cut,69262,8910,no
rKaHyPar,sat14_ctl_4291_567_5_unsat_pre.cnf.dual.hgr,no,no,2,64,0.03,0.0294397,27.7683,cut,71255,8915,no
rKaHyPar,sat14_ctl_4291_567_5_unsat_pre.cnf.dual.hgr,no,no,3,64,0.03,0.0289649,28.1205,cut,69244,9008,no
rKaHyPar,sat14_ctl_4291_567_5_unsat_pre.cnf.dual.hgr,no,no,4,64,0.03,0.0294397,19.8434,cut,75943,8882,no
rKaHyPar,sat14_ctl_4291_567_5_unsat_pre.cnf.dual.hgr,no,no,5,64,0.03,0.0299145,19.1451,cut,72843,8956,no
rKaHyPar,sat14_ctl_4291_567_5_unsat_pre.cnf.dual.hgr,no,no,6,64,0.03,0.0294397,28.7133,cut,69352,8959,no
rKaHyPar,sat14_ctl_4291_567_5_unsat_pre.cnf.dual.hgr,no,no,7,64,0.03,0.0299145,19.4401,cut,68782,8996,no
rKaHyPar,sat14_ctl_4291_567_5_unsat_pre.cnf.dual.hgr,no,no,8,64,0.03,0.025641,27.7277,cut,70279,8951,no
rKaHyPar,sat14_ctl_4291_567_5_unsat_pre.cnf.dual.hgr,no,no,9,64,0.03,0.0299145,19.724,cut,70518,8939,no
rKaHyPar,sat14_ctl_4291_567_5_unsat_pre.cnf.dual.hgr,no,no,0,8,0.03,0.0299199,13.9304,cut,13644,4289,no
rKaHyPar,sat14_ctl_4291_567_5_unsat_pre.cnf.dual.hgr,no,no,1,8,0.03,0.0295043,19.0542,cut,13793,4240,no
rKaHyPar,sat14_ctl_4291_567_5_unsat_pre.cnf.dual.hgr,no,no,2,8,0.03,0.0297418,20.4725,cut,12889,4174,no
rKaHyPar,sat14_ctl_4291_567_5_unsat_pre.cnf.dual.hgr,no,no,3,8,0.03,0.0284357,13.7834,cut,11796,4188,no
rKaHyPar,sat14_ctl_4291_567_5_unsat_pre.cnf.dual.hgr,no,no,4,8,0.03,0.00409617,19.4664,cut,11997,4182,no
rKaHyPar,sat14_ctl_4291_567_5_unsat_pre.cnf.dual.hgr,no,no,5,8,0.03,0.0294449,14.4205,cut,11896,4219,no
rKaHyPar,sat14_ctl_4291_567_5_unsat_pre.cnf.dual.hgr,no,no,6,8,0.03,0.0277827,14.197,cut,12654,4166,no
rKaHyPar,sat14_ctl_4291_567_5_unsat_pre.cnf.dual.hgr,no,no,7,8,0.03,0.0292075,13.0935,cut,12811,4198,no
rKaHyPar,sat14_ctl_4291_567_5_unsat_pre.cnf.dual.hgr,no,no,8,8,0.03,0.0299199,13.4558,cut,13117,4292,no
rKaHyPar,sat14_ctl_4291_567_5_unsat_pre.cnf.dual.hgr,no,no,9,8,0.03,0.0266548,20.0931,cut,12223,4201,no
rKaHyPar,sat14_ctl_4291_567_5_unsat_pre.cnf.hgr,no,no,0,128,0.03,0.0294118,24.1067,cut,78799,54059,no
rKaHyPar,sat14_ctl_4291_567_5_unsat_pre.cnf.hgr,no,no,1,128,0.03,0.0294118,17.2785,cut,79149,53746,no
rKaHyPar,sat14_ctl_4291_567_5_unsat_pre.cnf.hgr,no,no,2,128,0.03,0.0294118,16.8759,cut,79164,53841,no
rKaHyPar,sat14_ctl_4291_567_5_unsat_pre.cnf.hgr,no,no,3,128,0.03,0.0294118,17.2029,cut,79772,54271,no
rKaHyPar,sat14_ctl_4291_567_5_unsat_pre.cnf.hgr,no,no,4,128,0.03,0.0294118,17.5,cut,79154,54196,no
rKaHyPar,sat14_ctl_4291_567_5_unsat_pre.cnf.hgr,no,no,5,128,0.03,0.0294118,17.7546,cut,78325,54158,no
rKaHyPar,sat14_ctl_4291_567_5_unsat_pre.cnf.hgr,no,no,6,128,0.03,0.0294118,17.2259,cut,78943,54053,no
rKaHyPar,sat14_ctl_4291_567_5_unsat_pre.cnf.hgr,no,no,7,128,0.03,0.0294118,23.6556,cut,79981,54477,no
rKaHyPar,sat14_ctl_4291_567_5_unsat_pre.cnf.hgr,no,no,8,128,0.03,0.0294118,24.6257,cut,79145,53969,no
rKaHyPar,sat14_ctl_4291_567_5_unsat_pre.cnf.hgr,no,no,9,128,0.03,0.0294118,17.388,cut,78878,53891,no
rKaHyPar,sat14_ctl_4291_567_5_unsat_pre.cnf.hgr,no,no,0,16,0.03,0.029937,12.1278,cut,32627,26355,no
rKaHyPar,sat14_ctl_4291_567_5_unsat_pre.cnf.hgr,no,no,1,16,0.03,0.029937,12.2956,cut,32562,26254,no
rKaHyPar,sat14_ctl_4291_567_5_unsat_pre.cnf.hgr,no,no,2,16,0.03,0.029937,9.09652,cut,31608,26161,no
rKaHyPar,sat14_ctl_4291_567_5_unsat_pre.cnf.hgr,no,no,3,16,0.03,0.029937,11.3111,cut,32209,25861,no
rKaHyPar,sat14_ctl_4291_567_5_unsat_pre.cnf.hgr,no,no,4,16,0.03,0.029937,12.9746,cut,32042,25990,no
rKaHyPar,sat14_ctl_4291_567_5_unsat_pre.cnf.hgr,no,no,5,16,0.03,0.029937,12.3623,cut,32737,26435,no
rKaHyPar,sat14_ctl_4291_567_5_unsat_pre.cnf.hgr,no,no,6,16,0.03,0.029937,14.1521,cut,31151,24994,no
rKaHyPar,sat14_ctl_4291_567_5_unsat_pre.cnf.hgr,no,no,7,16,0.03,0.029937,8.68106,cut,31490,25817,no
rKaHyPar,sat14_ctl_4291_567_5_unsat_pre.cnf.hgr,no,no,8,16,0.03,0.029937,12.4901,cut,32282,26013,no
rKaHyPar,sat14_ctl_4291_567_5_unsat_pre.cnf.hgr,no,no,9,16,0.03,0.0283613,9.43009,cut,31199,25020,no
rKaHyPar,sat14_ctl_4291_567_5_unsat_pre.cnf.hgr,no,no,0,2,0.03,0.029937,6.07425,cut,4204,4204,no
rKaHyPar,sat14_ctl_4291_567_5_unsat_pre.cnf.hgr,no,no,1,2,0.03,0.029937,8.45328,cut,4204,4204,no
rKaHyPar,sat14_ctl_4291_567_5_unsat_pre.cnf.hgr,no,no,2,2,0.03,0.029937,7.89492,cut,4205,4205,no
rKaHyPar,sat14_ctl_4291_567_5_unsat_pre.cnf.hgr,no,no,3,2,0.03,0.029937,5.84585,cut,4206,4206,no
rKaHyPar,sat14_ctl_4291_567_5_unsat_pre.cnf.hgr,no,no,4,2,0.03,0.029937,8.42208,cut,4203,4203,no
rKaHyPar,sat14_ctl_4291_567_5_unsat_pre.cnf.hgr,no,no,5,2,0.03,0.029937,6.04521,cut,4205,4205,no
rKaHyPar,sat14_ctl_4291_567_5_unsat_pre.cnf.hgr,no,no,6,2,0.03,0.029937,5.73972,cut,4206,4206,no
rKaHyPar,sat14_ctl_4291_567_5_unsat_pre.cnf.hgr,no,no,7,2,0.03,0.029937,5.99371,cut,4204,4204,no
rKaHyPar,sat14_ctl_4291_567_5_unsat_pre.cnf.hgr,no,no,8,2,0.03,0.029937,8.29913,cut,4204,4204,no
rKaHyPar,sat14_ctl_4291_567_5_unsat_pre.cnf.hgr,no,no,9,2,0.03,0.029937,5.91271,cut,4205,4205,no
rKaHyPar,sat14_ctl_4291_567_5_unsat_pre.cnf.hgr,no,no,0,32,0.03,0.0294118,13.9954,cut,43955,32131,no
rKaHyPar,sat14_ctl_4291_567_5_unsat_pre.cnf.hgr,no,no,1,32,0.03,0.0294118,13.8228,cut,44024,32287,no
rKaHyPar,sat14_ctl_4291_567_5_unsat_pre.cnf.hgr,no,no,2,32,0.03,0.0273109,10.1534,cut,43107,32634,no
rKaHyPar,sat14_ctl_4291_567_5_unsat_pre.cnf.hgr,no,no,3,32,0.03,0.0294118,13.3515,cut,43656,33535,no
rKaHyPar,sat14_ctl_4291_567_5_unsat_pre.cnf.hgr,no,no,4,32,0.03,0.0294118,10.3169,cut,44076,32940,no
rKaHyPar,sat14_ctl_4291_567_5_unsat_pre.cnf.hgr,no,no,5,32,0.03,0.0294118,13.7935,cut,44279,33429,no
rKaHyPar,sat14_ctl_4291_567_5_unsat_pre.cnf.hgr,no,no,6,32,0.03,0.0283613,13.7815,cut,44718,33482,no
rKaHyPar,sat14_ctl_4291_567_5_unsat_pre.cnf.hgr,no,no,7,32,0.03,0.0294118,13.7018,cut,43378,32640,no
rKaHyPar,sat14_ctl_4291_567_5_unsat_pre.cnf.hgr,no,no,8,32,0.03,0.0294118,10.3292,cut,43452,32693,no
rKaHyPar,sat14_ctl_4291_567_5_unsat_pre.cnf.hgr,no,no,9,32,0.03,0.0294118,13.3324,cut,43816,32278,no
rKaHyPar,sat14_ctl_4291_567_5_unsat_pre.cnf.hgr,no,no,0,4,0.03,0.0294118,6.38689,cut,10377,10325,no
rKaHyPar,sat14_ctl_4291_567_5_unsat_pre.cnf.hgr,no,no,1,4,0.03,0.0296744,6.58626,cut,10344,10344,no
rKaHyPar,sat14_ctl_4291_567_5_unsat_pre.cnf.hgr,no,no,2,4,0.03,0.0296744,4.61922,cut,10394,10330,no
rKaHyPar,sat14_ctl_4291_567_5_unsat_pre.cnf.hgr,no,no,3,4,0.03,0.0291492,4.62028,cut,10407,10333,no
rKaHyPar,sat14_ctl_4291_567_5_unsat_pre.cnf.hgr,no,no,4,4,0.03,0.0294118,6.79552,cut,10392,10343,no
rKaHyPar,sat14_ctl_4291_567_5_unsat_pre.cnf.hgr,no,no,5,4,0.03,0.0296744,4.71499,cut,10340,10340,no
rKaHyPar,sat14_ctl_4291_567_5_unsat_pre.cnf.hgr,no,no,6,4,0.03,0.0296744,4.80189,cut,10395,10338,no
rKaHyPar,sat14_ctl_4291_567_5_unsat_pre.cnf.hgr,no,no,7,4,0.03,0.0296744,4.81079,cut,10376,10372,no
rKaHyPar,sat14_ctl_4291_567_5_unsat_pre.cnf.hgr,no,no,8,4,0.03,0.0294118,5.15864,cut,10321,10321,no
rKaHyPar,sat14_ctl_4291_567_5_unsat_pre.cnf.hgr,no,no,9,4,0.03,0.0296744,4.52071,cut,10338,10338,no
rKaHyPar,sat14_ctl_4291_567_5_unsat_pre.cnf.hgr,no,no,0,64,0.03,0.0294118,18.3681,cut,60704,43440,no
rKaHyPar,sat14_ctl_4291_567_5_unsat_pre.cnf.hgr,no,no,1,64,0.03,0.0294118,13.3596,cut,59938,42901,no
rKaHyPar,sat14_ctl_4291_567_5_unsat_pre.cnf.hgr,no,no,2,64,0.03,0.0294118,17.4409,cut,61243,43698,no
rKaHyPar,sat14_ctl_4291_567_5_unsat_pre.cnf.hgr,no,no,3,64,0.03,0.0294118,17.3523,cut,60203,43078,no
rKaHyPar,sat14_ctl_4291_567_5_unsat_pre.cnf.hgr,no,no,4,64,0.03,0.0294118,13.1881,cut,59428,42803,no
rKaHyPar,sat14_ctl_4291_567_5_unsat_pre.cnf.hgr,no,no,5,64,0.03,0.0294118,13.1758,cut,61194,43196,no
rKaHyPar,sat14_ctl_4291_567_5_unsat_pre.cnf.hgr,no,no,6,64,0.03,0.0294118,17.7189,cut,61095,43513,no
rKaHyPar,sat14_ctl_4291_567_5_unsat_pre.cnf.hgr,no,no,7,64,0.03,0.0294118,12.9961,cut,61009,43175,no
rKaHyPar,sat14_ctl_4291_567_5_unsat_pre.cnf.hgr,no,no,8,64,0.03,0.0294118,17.9797,cut,60845,43149,no
rKaHyPar,sat14_ctl_4291_567_5_unsat_pre.cnf.hgr,no,no,9,64,0.03,0.0294118,12.6243,cut,61276,43575,no
rKaHyPar,sat14_ctl_4291_567_5_unsat_pre.cnf.hgr,no,no,0,8,0.03,0.029937,9.53023,cut,18170,17828,no
rKaHyPar,sat14_ctl_4291_567_5_unsat_pre.cnf.hgr,no,no,1,8,0.03,0.029937,9.85147,cut,19483,18022,no
rKaHyPar,sat14_ctl_4291_567_5_unsat_pre.cnf.hgr,no,no,2,8,0.03,0.029937,10.8194,cut,19216,18378,no
rKaHyPar,sat14_ctl_4291_567_5_unsat_pre.cnf.hgr,no,no,3,8,0.03,0.029937,8.1447,cut,17845,17461,no
rKaHyPar,sat14_ctl_4291_567_5_unsat_pre.cnf.hgr,no,no,4,8,0.03,0.029937,12.9287,cut,19623,18636,no
rKaHyPar,sat14_ctl_4291_567_5_unsat_pre.cnf.hgr,no,no,5,8,0.03,0.029937,7.04421,cut,17986,17564,no
rKaHyPar,sat14_ctl_4291_567_5_unsat_pre.cnf.hgr,no,no,6,8,0.03,0.029937,7.86972,cut,19555,18667,no
rKaHyPar,sat14_ctl_4291_567_5_unsat_pre.cnf.hgr,no,no,7,8,0.03,0.029937,8.76388,cut,18895,18088,no
rKaHyPar,sat14_ctl_4291_567_5_unsat_pre.cnf.hgr,no,no,8,8,0.03,0.029937,8.6934,cut,19616,18612,no
rKaHyPar,sat14_ctl_4291_567_5_unsat_pre.cnf.hgr,no,no,9,8,0.03,0.029937,10.8501,cut,19406,18591,no
rKaHyPar,sat14_ctl_4291_567_5_unsat_pre.cnf.primal.hgr,no,no,0,128,0.03,0.0252101,24.403,cut,125045,82387,no
rKaHyPar,sat14_ctl_4291_567_5_unsat_pre.cnf.primal.hgr,no,no,1,128,0.03,0.0252101,17.6865,cut,125638,82338,no
rKaHyPar,sat14_ctl_4291_567_5_unsat_pre.cnf.primal.hgr,no,no,2,128,0.03,0.0252101,24.9153,cut,126167,82167,no
rKaHyPar,sat14_ctl_4291_567_5_unsat_pre.cnf.primal.hgr,no,no,3,128,0.03,0.0252101,18.0393,cut,128599,82399,no
rKaHyPar,sat14_ctl_4291_567_5_unsat_pre.cnf.primal.hgr,no,no,4,128,0.03,0.0252101,17.8285,cut,125388,81518,no
rKaHyPar,sat14_ctl_4291_567_5_unsat_pre.cnf.primal.hgr,no,no,5,128,0.03,0.0252101,17.7023,cut,125636,82109,no
rKaHyPar,sat14_ctl_4291_567_5_unsat_pre.cnf.primal.hgr,no,no,6,128,0.03,0.0252101,17.6748,cut,125144,82257,no
rKaHyPar,sat14_ctl_4291_567_5_unsat_pre.cnf.primal.hgr,no,no,7,128,0.03,0.0252101,24.6148,cut,125903,81935,no
rKaHyPar,sat14_ctl_4291_567_5_unsat_pre.cnf.primal.hgr,no,no,8,128,0.03,0.0252101,24.536,cut,124354,82036,no
rKaHyPar,sat14_ctl_4291_567_5_unsat_pre.cnf.primal.hgr,no,no,9,128,0.03,0.0252101,18.0336,cut,126694,82043,no
rKaHyPar,sat14_ctl_4291_567_5_unsat_pre.cnf.primal.hgr,no,no,0,16,0.03,0.0294118,12.5137,cut,39700,34693,no
rKaHyPar,sat14_ctl_4291_567_5_unsat_pre.cnf.primal.hgr,no,no,1,16,0.03,0.0294118,13.2999,cut,39383,34981,no
rKaHyPar,sat14_ctl_4291_567_5_unsat_pre.cnf.primal.hgr,no,no,2,16,0.03,0.0294118,8.9743,cut,39838,35264,no
rKaHyPar,sat14_ctl_4291_567_5_unsat_pre.cnf.primal.hgr,no,no,3,16,0.03,0.0294118,11.3894,cut,39279,34292,no
rKaHyPar,sat14_ctl_4291_567_5_unsat_pre.cnf.primal.hgr,no,no,4,16,0.03,0.0294118,10.9919,cut,39043,34099,no
rKaHyPar,sat14_ctl_4291_567_5_unsat_pre.cnf.primal.hgr,no,no,5,16,0.03,0.0294118,10.9073,cut,38902,34435,no
rKaHyPar,sat14_ctl_4291_567_5_unsat_pre.cnf.primal.hgr,no,no,6,16,0.03,0.0294118,12.9589,cut,38543,33912,no
rKaHyPar,sat14_ctl_4291_567_5_unsat_pre.cnf.primal.hgr,no,no,7,16,0.03,0.0294118,8.02518,cut,39441,34571,no
rKaHyPar,sat14_ctl_4291_567_5_unsat_pre.cnf.primal.hgr,no,no,8,16,0.03,0.0294118,10.7902,cut,38483,33612,no
rKaHyPar,sat14_ctl_4291_567_5_unsat_pre.cnf.primal.hgr,no,no,9,16,0.03,0.0294118,9.65785,cut,39193,34502,no
rKaHyPar,sat14_ctl_4291_567_5_unsat_pre.cnf.primal.hgr,no,no,0,2,0.03,0.029937,3.08953,cut,4222,4222,no
rKaHyPar,sat14_ctl_4291_567_5_unsat_pre.cnf.primal.hgr,no,no,1,2,0.03,0.029937,4.24213,cut,4209,4209,no
rKaHyPar,sat14_ctl_4291_567_5_unsat_pre.cnf.primal.hgr,no,no,2,2,0.03,0.029937,4.34264,cut,4222,4222,no
rKaHyPar,sat14_ctl_4291_567_5_unsat_pre.cnf.primal.hgr,no,no,3,2,0.03,0.029937,3.05385,cut,4211,4211,no
rKaHyPar,sat14_ctl_4291_567_5_unsat_pre.cnf.primal.hgr,no,no,4,2,0.03,0.029937,4.30616,cut,4210,4210,no
rKaHyPar,sat14_ctl_4291_567_5_unsat_pre.cnf.primal.hgr,no,no,5,2,0.03,0.029937,3.10806,cut,4215,4215,no
rKaHyPar,sat14_ctl_4291_567_5_unsat_pre.cnf.primal.hgr,no,no,6,2,0.03,0.029937,3.06212,cut,4210,4210,no
rKaHyPar,sat14_ctl_4291_567_5_unsat_pre.cnf.primal.hgr,no,no,7,2,0.03,0.029937,3.03393,cut,4213,4213,no
rKaHyPar,sat14_ctl_4291_567_5_unsat_pre.cnf.primal.hgr,no,no,8,2,0.03,0.029937,4.28895,cut,4225,4225,no
rKaHyPar,sat14_ctl_4291_567_5_unsat_pre.cnf.primal.hgr,no,no,9,2,0.03,0.029937,3.02632,cut,4226,4226,no
rKaHyPar,sat14_ctl_4291_567_5_unsat_pre.cnf.primal.hgr,no,no,0,32,0.03,0.0294118,14.7777,cut,57721,47772,no
rKaHyPar,sat14_ctl_4291_567_5_unsat_pre.cnf.primal.hgr,no,no,1,32,0.03,0.0294118,15.3372,cut,60387,49118,no
rKaHyPar,sat14_ctl_4291_567_5_unsat_pre.cnf.primal.hgr,no,no,2,32,0.03,0.0294118,11.161,cut,57733,47641,no
rKaHyPar,sat14_ctl_4291_567_5_unsat_pre.cnf.primal.hgr,no,no,3,32,0.03,0.0294118,14.6559,cut,58876,48184,no
rKaHyPar,sat14_ctl_4291_567_5_unsat_pre.cnf.primal.hgr,no,no,4,32,0.03,0.0294118,10.8497,cut,59185,48747,no
rKaHyPar,sat14_ctl_4291_567_5_unsat_pre.cnf.primal.hgr,no,no,5,32,0.03,0.0294118,15.5619,cut,58556,47868,no
rKaHyPar,sat14_ctl_4291_567_5_unsat_pre.cnf.primal.hgr,no,no,6,32,0.03,0.0294118,14.9448,cut,58851,48640,no
rKaHyPar,sat14_ctl_4291_567_5_unsat_pre.cnf.primal.hgr,no,no,7,32,0.03,0.0294118,15.0366,cut,58935,48312,no
rKaHyPar,sat14_ctl_4291_567_5_unsat_pre.cnf.primal.hgr,no,no,8,32,0.03,0.0294118,11.0552,cut,59531,48213,no
rKaHyPar,sat14_ctl_4291_567_5_unsat_pre.cnf.primal.hgr,no,no,9,32,0.03,0.0294118,15.3415,cut,58580,48109,no
rKaHyPar,sat14_ctl_4291_567_5_unsat_pre.cnf.primal.hgr,no,no,0,4,0.03,0.0296744,5.29989,cut,10765,10765,no
rKaHyPar,sat14_ctl_4291_567_5_unsat_pre.cnf.primal.hgr,no,no,1,4,0.03,0.0296744,8.66272,cut,11414,11414,no
rKaHyPar,sat14_ctl_4291_567_5_unsat_pre.cnf.primal.hgr,no,no,2,4,0.03,0.029937,6.32139,cut,11256,11256,no
rKaHyPar,sat14_ctl_4291_567_5_unsat_pre.cnf.primal.hgr,no,no,3,4,0.03,0.029937,3.11543,cut,10485,10485,no
rKaHyPar,sat14_ctl_4291_567_5_unsat_pre.cnf.primal.hgr,no,no,4,4,0.03,0.029937,4.17697,cut,10432,10432,no
rKaHyPar,sat14_ctl_4291_567_5_unsat_pre.cnf.primal.hgr,no,no,5,4,0.03,0.029937,3.58055,cut,10844,10844,no
rKaHyPar,sat14_ctl_4291_567_5_unsat_pre.cnf.primal.hgr,no,no,6,4,0.03,0.029937,3.17497,cut,10477,10477,no
rKaHyPar,sat14_ctl_4291_567_5_unsat_pre.cnf.primal.hgr,no,no,7,4,0.03,0.029937,3.00847,cut,10475,10475,no
rKaHyPar,sat14_ctl_4291_567_5_unsat_pre.cnf.primal.hgr,no,no,8,4,0.03,0.0296744,3.73182,cut,10899,10889,no
rKaHyPar,sat14_ctl_4291_567_5_unsat_pre.cnf.primal.hgr,no,no,9,4,0.03,0.029937,3.26539,cut,10471,10471,no
rKaHyPar,sat14_ctl_4291_567_5_unsat_pre.cnf.primal.hgr,no,no,0,64,0.03,0.0294118,19.8991,cut,90332,65684,no
rKaHyPar,sat14_ctl_4291_567_5_unsat_pre.cnf.primal.hgr,no,no,1,64,0.03,0.0294118,14.4847,cut,90575,65090,no
rKaHyPar,sat14_ctl_4291_567_5_unsat_pre.cnf.primal.hgr,no,no,2,64,0.03,0.0294118,19.8044,cut,89924,65294,no
rKaHyPar,sat14_ctl_4291_567_5_unsat_pre.cnf.primal.hgr,no,no,3,64,0.03,0.0294118,20.0555,cut,89678,65222,no
rKaHyPar,sat14_ctl_4291_567_5_unsat_pre.cnf.primal.hgr,no,no,4,64,0.03,0.0294118,14.4686,cut,90382,65593,no
rKaHyPar,sat14_ctl_4291_567_5_unsat_pre.cnf.primal.hgr,no,no,5,64,0.03,0.0294118,14.3875,cut,89550,64898,no
rKaHyPar,sat14_ctl_4291_567_5_unsat_pre.cnf.primal.hgr,no,no,6,64,0.03,0.0294118,19.0717,cut,89313,65568,no
rKaHyPar,sat14_ctl_4291_567_5_unsat_pre.cnf.primal.hgr,no,no,7,64,0.03,0.0294118,14.1768,cut,90668,65145,no
rKaHyPar,sat14_ctl_4291_567_5_unsat_pre.cnf.primal.hgr,no,no,8,64,0.03,0.0294118,19.734,cut,89334,64754,no
rKaHyPar,sat14_ctl_4291_567_5_unsat_pre.cnf.primal.hgr,no,no,9,64,0.03,0.0294118,14.448,cut,89976,64863,no
rKaHyPar,sat14_ctl_4291_567_5_unsat_pre.cnf.primal.hgr,no,no,0,8,0.03,0.029937,6.58785,cut,17964,17645,no
rKaHyPar,sat14_ctl_4291_567_5_unsat_pre.cnf.primal.hgr,no,no,1,8,0.03,0.029937,8.12627,cut,17590,17552,no
rKaHyPar,sat14_ctl_4291_567_5_unsat_pre.cnf.primal.hgr,no,no,2,8,0.03,0.029937,8.53507,cut,18041,17770,no
rKaHyPar,sat14_ctl_4291_567_5_unsat_pre.cnf.primal.hgr,no,no,3,8,0.03,0.029937,4.60977,cut,16227,16222,no
rKaHyPar,sat14_ctl_4291_567_5_unsat_pre.cnf.primal.hgr,no,no,4,8,0.03,0.029937,8.68543,cut,17846,17615,no
rKaHyPar,sat14_ctl_4291_567_5_unsat_pre.cnf.primal.hgr,no,no,5,8,0.03,0.029937,6.37595,cut,18474,18152,no
rKaHyPar,sat14_ctl_4291_567_5_unsat_pre.cnf.primal.hgr,no,no,6,8,0.03,0.029937,5.98398,cut,18420,18359,no
rKaHyPar,sat14_ctl_4291_567_5_unsat_pre.cnf.primal.hgr,no,no,7,8,0.03,0.029937,5.95395,cut,17655,17426,no
rKaHyPar,sat14_ctl_4291_567_5_unsat_pre.cnf.primal.hgr,no,no,8,8,0.03,0.029937,4.76312,cut,16469,16469,no
rKaHyPar,sat14_ctl_4291_567_5_unsat_pre.cnf.primal.hgr,no,no,9,8,0.03,0.029937,6.36821,cut,16454,16454,no
rKaHyPar,sat14_dated-10-11-u.cnf.dual.hgr,no,no,0,128,0.03,0.0296869,56.1902,cut,21917,10210,no
rKaHyPar,sat14_dated-10-11-u.cnf.dual.hgr,no,no,1,128,0.03,0.0298902,41.225,cut,23026,10198,no
rKaHyPar,sat14_dated-10-11-u.cnf.dual.hgr,no,no,2,128,0.03,0.0298902,41.0544,cut,23100,10205,no
rKaHyPar,sat14_dated-10-11-u.cnf.dual.hgr,no,no,3,128,0.03,0.0294835,41.2447,cut,22857,9834,no
rKaHyPar,sat14_dated-10-11-u.cnf.dual.hgr,no,no,4,128,0.03,0.0266368,41.2558,cut,23266,9835,no
rKaHyPar,sat14_dated-10-11-u.cnf.dual.hgr,no,no,5,128,0.03,0.0286702,41.5252,cut,22666,9889,no
rKaHyPar,sat14_dated-10-11-u.cnf.dual.hgr,no,no,6,128,0.03,0.0290769,41.8514,cut,23612,9983,no
rKaHyPar,sat14_dated-10-11-u.cnf.dual.hgr,no,no,7,128,0.03,0.0298902,55.7313,cut,23726,9846,no
rKaHyPar,sat14_dated-10-11-u.cnf.dual.hgr,no,no,8,128,0.03,0.0282635,55.6358,cut,23211,9997,no
rKaHyPar,sat14_dated-10-11-u.cnf.dual.hgr,no,no,9,128,0.03,0.0296869,40.77,cut,22622,9904,no
rKaHyPar,sat14_dated-10-11-u.cnf.dual.hgr,no,no,0,16,0.03,0.0286716,36.6157,cut,6311,4803,no
rKaHyPar,sat14_dated-10-11-u.cnf.dual.hgr,no,no,1,16,0.03,0.029485,36.478,cut,6412,4853,no
rKaHyPar,sat14_dated-10-11-u.cnf.dual.hgr,no,no,2,16,0.03,0.0277312,27.1498,cut,6567,4836,no
rKaHyPar,sat14_dated-10-11-u.cnf.dual.hgr,no,no,3,16,0.03,0.0270449,36.3975,cut,6361,4875,no
rKaHyPar,sat14_dated-10-11-u.cnf.dual.hgr,no,no,4,16,0.03,0.0293325,37.0986,cut,7374,4875,no
rKaHyPar,sat14_dated-10-11-u.cnf.dual.hgr,no,no,5,16,0.03,0.0297138,36.8507,cut,6831,4867,no
rKaHyPar,sat14_dated-10-11-u.cnf.dual.hgr,no,no,6,16,0.03,0.0290275,36.2095,cut,6777,4876,no
rKaHyPar,sat14_dated-10-11-u.cnf.dual.hgr,no,no,7,16,0.03,0.0275024,27.5315,cut,6659,4863,no
rKaHyPar,sat14_dated-10-11-u.cnf.dual.hgr,no,no,8,16,0.03,0.027782,36.2375,cut,6338,4839,no
rKaHyPar,sat14_dated-10-11-u.cnf.dual.hgr,no,no,9,16,0.03,0.0299934,27.5694,cut,6042,4785,no
rKaHyPar,sat14_dated-10-11-u.cnf.dual.hgr,no,no,0,2,0.03,0.0174117,11.0226,cut,1482,1482,no
rKaHyPar,sat14_dated-10-11-u.cnf.dual.hgr,no,no,1,2,0.03,0.0280239,10.5321,cut,1474,1474,no
rKaHyPar,sat14_dated-10-11-u.cnf.dual.hgr,no,no,2,2,0.03,0.00942074,14.3081,cut,1480,1480,no
rKaHyPar,sat14_dated-10-11-u.cnf.dual.hgr,no,no,3,2,0.03,0.00741586,10.8366,cut,1480,1480,no
rKaHyPar,sat14_dated-10-11-u.cnf.dual.hgr,no,no,4,2,0.03,0,13.3327,cut,1508,1508,no
rKaHyPar,sat14_dated-10-11-u.cnf.dual.hgr,no,no,5,2,0.03,0,10.5524,cut,1486,1486,no
rKaHyPar,sat14_dated-10-11-u.cnf.dual.hgr,no,no,6,2,0.03,0,10.0842,cut,1494,1494,no
rKaHyPar,sat14_dated-10-11-u.cnf.dual.hgr,no,no,7,2,0.03,0.0299843,10.7617,cut,1472,1472,no
rKaHyPar,sat14_dated-10-11-u.cnf.dual.hgr,no,no,8,2,0.03,0.00412098,15.4978,cut,1476,1476,no
rKaHyPar,sat14_dated-10-11-u.cnf.dual.hgr,no,no,9,2,0.03,0.027684,11.3443,cut,1518,1518,no
rKaHyPar,sat14_dated-10-11-u.cnf.dual.hgr,no,no,0,32,0.03,0.0269432,45.6883,cut,10138,7084,no
rKaHyPar,sat14_dated-10-11-u.cnf.dual.hgr,no,no,1,32,0.03,0.0268924,43.0669,cut,10012,7028,no
rKaHyPar,sat14_dated-10-11-u.cnf.dual.hgr,no,no,2,32,0.03,0.0296884,32.9401,cut,10086,6950,no
rKaHyPar,sat14_dated-10-11-u.cnf.dual.hgr,no,no,3,32,0.03,0.0299426,43.8815,cut,10462,7028,no
rKaHyPar,sat14_dated-10-11-u.cnf.dual.hgr,no,no,4,32,0.03,0.0283666,32.1939,cut,10108,6930,no
rKaHyPar,sat14_dated-10-11-u.cnf.dual.hgr,no,no,5,32,0.03,0.0291292,44.4935,cut,10697,7107,no
rKaHyPar,sat14_dated-10-11-u.cnf.dual.hgr,no,no,6,32,0.03,0.02979,43.1171,cut,10201,7035,no
rKaHyPar,sat14_dated-10-11-u.cnf.dual.hgr,no,no,7,32,0.03,0.02857,44.6153,cut,10877,7169,no
rKaHyPar,sat14_dated-10-11-u.cnf.dual.hgr,no,no,8,32,0.03,0.0296884,33.1107,cut,10454,7073,no
rKaHyPar,sat14_dated-10-11-u.cnf.dual.hgr,no,no,9,32,0.03,0.029485,43.4005,cut,10413,6973,no
rKaHyPar,sat14_dated-10-11-u.cnf.dual.hgr,no,no,0,4,0.03,0.024192,23.7174,cut,3224,2595,no
rKaHyPar,sat14_dated-10-11-u.cnf.dual.hgr,no,no,1,4,0.03,0.00808307,22.8415,cut,3148,2620,no
rKaHyPar,sat14_dated-10-11-u.cnf.dual.hgr,no,no,2,4,0.03,0.0162869,16.9214,cut,3100,2606,no
rKaHyPar,sat14_dated-10-11-u.cnf.dual.hgr,no,no,3,4,0.03,0.0231054,17.8353,cut,3152,2617,no
rKaHyPar,sat14_dated-10-11-u.cnf.dual.hgr,no,no,4,4,0.03,0.0286974,23.3548,cut,3116,2648,no
rKaHyPar,sat14_dated-10-11-u.cnf.dual.hgr,no,no,5,4,0.03,0.0261429,17.5201,cut,3141,2585,no
rKaHyPar,sat14_dated-10-11-u.cnf.dual.hgr,no,no,6,4,0.03,0.0133574,17.4317,cut,3098,2609,no
rKaHyPar,sat14_dated-10-11-u.cnf.dual.hgr,no,no,7,4,0.03,0.0244716,17.9778,cut,2856,2574,no
rKaHyPar,sat14_dated-10-11-u.cnf.dual.hgr,no,no,8,4,0.03,0.0289707,17.9797,cut,3030,2618,no
rKaHyPar,sat14_dated-10-11-u.cnf.dual.hgr,no,no,9,4,0.03,0.0290724,17.314,cut,2921,2583,no
rKaHyPar,sat14_dated-10-11-u.cnf.dual.hgr,no,no,0,64,0.03,0.0261285,49.1369,cut,16034,8948,no
rKaHyPar,sat14_dated-10-11-u.cnf.dual.hgr,no,no,1,64,0.03,0.0281619,36.487,cut,16136,9053,no
rKaHyPar,sat14_dated-10-11-u.cnf.dual.hgr,no,no,3,64,0.03,0.0297885,48.8664,cut,15624,9022,no
rKaHyPar,sat14_dated-10-11-u.cnf.dual.hgr,no,no,4,64,0.03,0.0237902,35.7653,cut,15384,8948,no
rKaHyPar,sat14_dated-10-11-u.cnf.dual.hgr,no,no,5,64,0.03,0.0291785,36.2901,cut,15800,8840,no
rKaHyPar,sat14_dated-10-11-u.cnf.dual.hgr,no,no,6,64,0.03,0.0298902,49.4009,cut,16251,8892,no
rKaHyPar,sat14_dated-10-11-u.cnf.dual.hgr,no,no,7,64,0.03,0.0290769,36.8858,cut,16858,8931,no
rKaHyPar,sat14_dated-10-11-u.cnf.dual.hgr,no,no,8,64,0.03,0.0293819,49.0337,cut,16263,8874,no
rKaHyPar,sat14_dated-10-11-u.cnf.dual.hgr,no,no,9,64,0.03,0.0296869,35.9544,cut,15664,8838,no
rKaHyPar,sat14_dated-10-11-u.cnf.dual.hgr,no,no,0,8,0.03,0.0243,22.6092,cut,5022,3548,no
rKaHyPar,sat14_dated-10-11-u.cnf.dual.hgr,no,no,1,8,0.03,0.0115781,30.1576,cut,4437,3555,no
rKaHyPar,sat14_dated-10-11-u.cnf.dual.hgr,no,no,2,8,0.03,0.0184538,30.0567,cut,4267,3524,no
rKaHyPar,sat14_dated-10-11-u.cnf.dual.hgr,no,no,3,8,0.03,0.0192418,22.7416,cut,4460,3563,no
rKaHyPar,sat14_dated-10-11-u.cnf.dual.hgr,no,no,4,8,0.03,0.0295998,30.4026,cut,4307,3545,no
rKaHyPar,sat14_dated-10-11-u.cnf.dual.hgr,no,no,5,8,0.03,0.0262954,22.355,cut,4339,3504,no
rKaHyPar,sat14_dated-10-11-u.cnf.dual.hgr,no,no,6,8,0.03,0.0256599,22.7551,cut,4476,3566,no
rKaHyPar,sat14_dated-10-11-u.cnf.dual.hgr,no,no,7,8,0.03,0.0206398,22.6402,cut,4323,3545,no
rKaHyPar,sat14_dated-10-11-u.cnf.dual.hgr,no,no,8,8,0.03,0.0282399,22.7042,cut,4396,3551,no
rKaHyPar,sat14_dated-10-11-u.cnf.dual.hgr,no,no,9,8,0.03,0.0115781,29.828,cut,4821,3571,no
rKaHyPar,sat14_dated-10-11-u.cnf.hgr,no,no,0,128,0.03,0.02977,45.4791,cut,31772,30528,no
rKaHyPar,sat14_dated-10-11-u.cnf.hgr,no,no,1,128,0.03,0.02977,32.8919,cut,31858,30705,no
rKaHyPar,sat14_dated-10-11-u.cnf.hgr,no,no,2,128,0.03,0.02977,45.2071,cut,31717,30575,no
rKaHyPar,sat14_dated-10-11-u.cnf.hgr,no,no,3,128,0.03,0.02977,32.9073,cut,31804,30598,no
rKaHyPar,sat14_dated-10-11-u.cnf.hgr,no,no,4,128,0.03,0.0293189,32.9548,cut,31796,30605,no
rKaHyPar,sat14_dated-10-11-u.cnf.hgr,no,no,5,128,0.03,0.02977,32.9202,cut,31785,30605,no
rKaHyPar,sat14_dated-10-11-u.cnf.hgr,no,no,6,128,0.03,0.02977,32.9471,cut,31693,30521,no
rKaHyPar,sat14_dated-10-11-u.cnf.hgr,no,no,7,128,0.03,0.02977,45.984,cut,31966,30732,no
rKaHyPar,sat14_dated-10-11-u.cnf.hgr,no,no,8,128,0.03,0.02977,45.5158,cut,31799,30615,no
rKaHyPar,sat14_dated-10-11-u.cnf.hgr,no,no,9,128,0.03,0.02977,33.3105,cut,31688,30508,no
rKaHyPar,sat14_dated-10-11-u.cnf.hgr,no,no,0,16,0.03,0.0289855,29.5466,cut,13301,12726,no
rKaHyPar,sat14_dated-10-11-u.cnf.hgr,no,no,1,16,0.03,0.0298878,30.5895,cut,13371,12805,no
rKaHyPar,sat14_dated-10-11-u.cnf.hgr,no,no,2,16,0.03,0.0298314,22.198,cut,13282,12691,no
rKaHyPar,sat14_dated-10-11-u.cnf.hgr,no,no,3,16,0.03,0.0298878,31.3705,cut,13310,12750,no
rKaHyPar,sat14_dated-10-11-u.cnf.hgr,no,no,4,16,0.03,0.0299442,29.9575,cut,13396,12814,no
rKaHyPar,sat14_dated-10-11-u.cnf.hgr,no,no,5,16,0.03,0.0166357,33.2156,cut,13257,12675,no
rKaHyPar,sat14_dated-10-11-u.cnf.hgr,no,no,6,16,0.03,0.0291547,29.816,cut,13246,12661,no
rKaHyPar,sat14_dated-10-11-u.cnf.hgr,no,no,7,16,0.03,0.0289855,22.4287,cut,13277,12708,no
rKaHyPar,sat14_dated-10-11-u.cnf.hgr,no,no,8,16,0.03,0.0296058,30.2551,cut,13280,12727,no
rKaHyPar,sat14_dated-10-11-u.cnf.hgr,no,no,9,16,0.03,0.0293239,22.0092,cut,13225,12660,no
rKaHyPar,sat14_dated-10-11-u.cnf.hgr,no,no,0,2,0.03,0.0103905,8.82977,cut,4234,4234,no
rKaHyPar,sat14_dated-10-11-u.cnf.hgr,no,no,1,2,0.03,0.00100099,8.01675,cut,4233,4233,no
rKaHyPar,sat14_dated-10-11-u.cnf.hgr,no,no,2,2,0.03,0.0299944,12.3526,cut,4244,4244,no
rKaHyPar,sat14_dated-10-11-u.cnf.hgr,no,no,3,2,0.03,0.0103905,8.79313,cut,4234,4234,no
rKaHyPar,sat14_dated-10-11-u.cnf.hgr,no,no,4,2,0.03,0.0250881,11.1051,cut,4250,4250,no
rKaHyPar,sat14_dated-10-11-u.cnf.hgr,no,no,5,2,0.03,0.0252502,7.93826,cut,4289,4289,no
rKaHyPar,sat14_dated-10-11-u.cnf.hgr,no,no,6,2,0.03,0.0299521,9.94306,cut,4239,4239,no
rKaHyPar,sat14_dated-10-11-u.cnf.hgr,no,no,7,2,0.03,0.0216693,8.44238,cut,4204,4204,no
rKaHyPar,sat14_dated-10-11-u.cnf.hgr,no,no,8,2,0.03,0.0216693,10.9212,cut,4204,4204,no
rKaHyPar,sat14_dated-10-11-u.cnf.hgr,no,no,9,2,0.03,0.0127591,8.22317,cut,4250,4250,no
rKaHyPar,sat14_dated-10-11-u.cnf.hgr,no,no,0,32,0.03,0.0206383,36.3918,cut,19640,18574,no
rKaHyPar,sat14_dated-10-11-u.cnf.hgr,no,no,1,32,0.03,0.0293222,34.3369,cut,19772,18856,no
rKaHyPar,sat14_dated-10-11-u.cnf.hgr,no,no,2,32,0.03,0.0285328,24.7449,cut,19783,18769,no
rKaHyPar,sat14_dated-10-11-u.cnf.hgr,no,no,3,32,0.03,0.0289839,34.5497,cut,19635,18616,no
rKaHyPar,sat14_dated-10-11-u.cnf.hgr,no,no,4,32,0.03,0.029435,27.6549,cut,19763,18778,no
rKaHyPar,sat14_dated-10-11-u.cnf.hgr,no,no,5,32,0.03,0.0299989,33.3423,cut,19711,18679,no
rKaHyPar,sat14_dated-10-11-u.cnf.hgr,no,no,6,32,0.03,0.0258261,33.8098,cut,19805,18793,no
rKaHyPar,sat14_dated-10-11-u.cnf.hgr,no,no,7,32,0.03,0.0288711,36.7738,cut,19576,18620,no
rKaHyPar,sat14_dated-10-11-u.cnf.hgr,no,no,8,32,0.03,0.02842,25.232,cut,19635,18683,no
rKaHyPar,sat14_dated-10-11-u.cnf.hgr,no,no,9,32,0.03,0.0299989,37.995,cut,19721,18733,no
rKaHyPar,sat14_dated-10-11-u.cnf.hgr,no,no,0,4,0.03,0.0240942,18.0154,cut,7098,6865,no
rKaHyPar,sat14_dated-10-11-u.cnf.hgr,no,no,1,4,0.03,0.0270266,17.8205,cut,7145,6939,no
rKaHyPar,sat14_dated-10-11-u.cnf.hgr,no,no,2,4,0.03,0.014183,13.5883,cut,7176,6945,no
rKaHyPar,sat14_dated-10-11-u.cnf.hgr,no,no,3,4,0.03,0.0212745,13.6317,cut,7125,6893,no
rKaHyPar,sat14_dated-10-11-u.cnf.hgr,no,no,4,4,0.03,0.015325,18.5944,cut,7109,6911,no
rKaHyPar,sat14_dated-10-11-u.cnf.hgr,no,no,5,4,0.03,0.0274778,13.6385,cut,7119,6905,no
rKaHyPar,sat14_dated-10-11-u.cnf.hgr,no,no,6,4,0.03,0.0167489,13.8253,cut,7113,6883,no
rKaHyPar,sat14_dated-10-11-u.cnf.hgr,no,no,7,4,0.03,0.025786,14.4416,cut,7137,6911,no
rKaHyPar,sat14_dated-10-11-u.cnf.hgr,no,no,8,4,0.03,0.0160722,14.161,cut,7149,6925,no
rKaHyPar,sat14_dated-10-11-u.cnf.hgr,no,no,9,4,0.03,0.0242916,13.992,cut,7014,6797,no
rKaHyPar,sat14_dated-10-11-u.cnf.hgr,no,no,0,64,0.03,0.0299955,39.2492,cut,25373,24363,no
rKaHyPar,sat14_dated-10-11-u.cnf.hgr,no,no,1,64,0.03,0.0290934,28.8913,cut,25564,24495,no
rKaHyPar,sat14_dated-10-11-u.cnf.hgr,no,no,3,64,0.03,0.0284168,39.4993,cut,25764,24672,no
rKaHyPar,sat14_dated-10-11-u.cnf.hgr,no,no,4,64,0.03,0.0295444,28.5441,cut,25675,24588,no
rKaHyPar,sat14_dated-10-11-u.cnf.hgr,no,no,5,64,0.03,0.0299955,28.4916,cut,25395,24421,no
rKaHyPar,sat14_dated-10-11-u.cnf.hgr,no,no,6,64,0.03,0.0295444,38.8971,cut,25662,24617,no
rKaHyPar,sat14_dated-10-11-u.cnf.hgr,no,no,7,64,0.03,0.0293189,28.8624,cut,25758,24647,no
rKaHyPar,sat14_dated-10-11-u.cnf.hgr,no,no,8,64,0.03,0.0284168,39.5747,cut,25532,24480,no
rKaHyPar,sat14_dated-10-11-u.cnf.hgr,no,no,9,64,0.03,0.02977,28.748,cut,25648,24548,no
rKaHyPar,sat14_dated-10-11-u.cnf.hgr,no,no,0,8,0.03,0.0251234,18.5185,cut,9744,9333,no
rKaHyPar,sat14_dated-10-11-u.cnf.hgr,no,no,1,8,0.03,0.0297476,24.6692,cut,9764,9369,no
rKaHyPar,sat14_dated-10-11-u.cnf.hgr,no,no,2,8,0.03,0.0231778,24.5854,cut,9793,9377,no
rKaHyPar,sat14_dated-10-11-u.cnf.hgr,no,no,3,8,0.03,0.0206683,17.9685,cut,9742,9345,no
rKaHyPar,sat14_dated-10-11-u.cnf.hgr,no,no,4,8,0.03,0.0163823,24.5719,cut,9730,9327,no
rKaHyPar,sat14_dated-10-11-u.cnf.hgr,no,no,5,8,0.03,0.022924,18.3103,cut,9671,9258,no
rKaHyPar,sat14_dated-10-11-u.cnf.hgr,no,no,6,8,0.03,0.0162414,18,cut,9672,9270,no
rKaHyPar,sat14_dated-10-11-u.cnf.hgr,no,no,7,8,0.03,0.0299732,18.8034,cut,9696,9300,no
rKaHyPar,sat14_dated-10-11-u.cnf.hgr,no,no,8,8,0.03,0.0180742,18.5833,cut,9745,9339,no
rKaHyPar,sat14_dated-10-11-u.cnf.hgr,no,no,9,8,0.03,0.0268434,25.2098,cut,9713,9303,no
rKaHyPar,sat14_dated-10-11-u.cnf.primal.hgr,no,no,0,128,0.03,0.0297565,41.4123,cut,39868,37399,no
rKaHyPar,sat14_dated-10-11-u.cnf.primal.hgr,no,no,1,128,0.03,0.0288548,29.5899,cut,39382,36932,no
rKaHyPar,sat14_dated-10-11-u.cnf.primal.hgr,no,no,2,128,0.03,0.0288548,29.9439,cut,39293,36964,no
rKaHyPar,sat14_dated-10-11-u.cnf.primal.hgr,no,no,3,128,0.03,0.0297565,40.5929,cut,39402,37012,no
rKaHyPar,sat14_dated-10-11-u.cnf.primal.hgr,no,no,4,128,0.03,0.0297565,29.7343,cut,39307,36876,no
rKaHyPar,sat14_dated-10-11-u.cnf.primal.hgr,no,no,5,128,0.03,0.0297565,29.8319,cut,39488,37067,no
rKaHyPar,sat14_dated-10-11-u.cnf.primal.hgr,no,no,6,128,0.03,0.0297565,30.4917,cut,39623,37281,no
rKaHyPar,sat14_dated-10-11-u.cnf.primal.hgr,no,no,7,128,0.03,0.0297565,40.4389,cut,39547,37170,no
rKaHyPar,sat14_dated-10-11-u.cnf.primal.hgr,no,no,8,128,0.03,0.0288548,40.967,cut,39261,36756,no
rKaHyPar,sat14_dated-10-11-u.cnf.primal.hgr,no,no,9,128,0.03,0.0297565,40.7473,cut,39257,36930,no
rKaHyPar,sat14_dated-10-11-u.cnf.primal.hgr,no,no,0,16,0.03,0.0288711,27.3243,cut,18717,17658,no
rKaHyPar,sat14_dated-10-11-u.cnf.primal.hgr,no,no,1,16,0.03,0.0272922,28.0759,cut,18629,17602,no
rKaHyPar,sat14_dated-10-11-u.cnf.primal.hgr,no,no,2,16,0.03,0.0295478,19.9032,cut,18703,17623,no
rKaHyPar,sat14_dated-10-11-u.cnf.primal.hgr,no,no,3,16,0.03,0.0295478,28.0106,cut,18750,17653,no
rKaHyPar,sat14_dated-10-11-u.cnf.primal.hgr,no,no,4,16,0.03,0.0295478,27.0835,cut,18623,17579,no
rKaHyPar,sat14_dated-10-11-u.cnf.primal.hgr,no,no,5,16,0.03,0.0299989,25.7485,cut,18696,17683,no
rKaHyPar,sat14_dated-10-11-u.cnf.primal.hgr,no,no,6,16,0.03,0.0298861,25.8308,cut,18637,17601,no
rKaHyPar,sat14_dated-10-11-u.cnf.primal.hgr,no,no,7,16,0.03,0.0299989,19.7116,cut,18578,17530,no
rKaHyPar,sat14_dated-10-11-u.cnf.primal.hgr,no,no,8,16,0.03,0.0299989,31.4071,cut,19508,18425,no
rKaHyPar,sat14_dated-10-11-u.cnf.primal.hgr,no,no,9,16,0.03,0.0299989,23.9458,cut,18642,17582,no
rKaHyPar,sat14_dated-10-11-u.cnf.primal.hgr,no,no,0,2,0.03,0.022064,8.13597,cut,5305,5305,no
rKaHyPar,sat14_dated-10-11-u.cnf.primal.hgr,no,no,1,2,0.03,0.00593543,8.96082,cut,5293,5293,no
rKaHyPar,sat14_dated-10-11-u.cnf.primal.hgr,no,no,2,2,0.03,0.0297617,11.2655,cut,5327,5327,no
rKaHyPar,sat14_dated-10-11-u.cnf.primal.hgr,no,no,3,2,0.03,0.029945,9.41564,cut,5350,5350,no
rKaHyPar,sat14_dated-10-11-u.cnf.primal.hgr,no,no,4,2,0.03,0.0291978,11.5579,cut,5263,5263,no
rKaHyPar,sat14_dated-10-11-u.cnf.primal.hgr,no,no,5,2,0.03,0.0170027,7.98873,cut,5284,5284,no
rKaHyPar,sat14_dated-10-11-u.cnf.primal.hgr,no,no,6,2,0.03,0.024066,8.8126,cut,5327,5327,no
rKaHyPar,sat14_dated-10-11-u.cnf.primal.hgr,no,no,7,2,0.03,0.0270689,8.78302,cut,5234,5234,no
rKaHyPar,sat14_dated-10-11-u.cnf.primal.hgr,no,no,8,2,0.03,0.0200197,12.771,cut,5316,5316,no
rKaHyPar,sat14_dated-10-11-u.cnf.primal.hgr,no,no,9,2,0.03,0.0253207,8.79964,cut,5312,5312,no
rKaHyPar,sat14_dated-10-11-u.cnf.primal.hgr,no,no,0,32,0.03,0.0299955,30.4937,cut,25240,23991,no
rKaHyPar,sat14_dated-10-11-u.cnf.primal.hgr,no,no,1,32,0.03,0.0245828,31.8024,cut,25469,24050,no
rKaHyPar,sat14_dated-10-11-u.cnf.primal.hgr,no,no,2,32,0.03,0.0293189,24.3618,cut,25862,24543,no
rKaHyPar,sat14_dated-10-11-u.cnf.primal.hgr,no,no,3,32,0.03,0.0299955,32.4211,cut,25287,24000,no
rKaHyPar,sat14_dated-10-11-u.cnf.primal.hgr,no,no,4,32,0.03,0.0268381,23.9459,cut,25009,23707,no
rKaHyPar,sat14_dated-10-11-u.cnf.primal.hgr,no,no,5,32,0.03,0.0288678,31.6364,cut,25101,23792,no
rKaHyPar,sat14_dated-10-11-u.cnf.primal.hgr,no,no,6,32,0.03,0.0268381,31.5619,cut,25401,24006,no
rKaHyPar,sat14_dated-10-11-u.cnf.primal.hgr,no,no,7,32,0.03,0.0299955,31.1963,cut,25245,23930,no
rKaHyPar,sat14_dated-10-11-u.cnf.primal.hgr,no,no,8,32,0.03,0.0293189,23.7695,cut,25392,24038,no
rKaHyPar,sat14_dated-10-11-u.cnf.primal.hgr,no,no,9,32,0.03,0.0299955,30.6193,cut,25569,24267,no
rKaHyPar,sat14_dated-10-11-u.cnf.primal.hgr,no,no,0,4,0.03,0.0219935,19.0318,cut,9171,8795,no
rKaHyPar,sat14_dated-10-11-u.cnf.primal.hgr,no,no,1,4,0.03,0.00913577,17.6943,cut,9275,8877,no
rKaHyPar,sat14_dated-10-11-u.cnf.primal.hgr,no,no,2,4,0.03,0.0285352,13.7272,cut,9271,8877,no
rKaHyPar,sat14_dated-10-11-u.cnf.primal.hgr,no,no,3,4,0.03,0.0299732,13.8518,cut,9293,8903,no
rKaHyPar,sat14_dated-10-11-u.cnf.primal.hgr,no,no,4,4,0.03,0.0221345,17.2544,cut,9272,8854,no
rKaHyPar,sat14_dated-10-11-u.cnf.primal.hgr,no,no,5,4,0.03,0.0223883,13.5904,cut,9369,8961,no
rKaHyPar,sat14_dated-10-11-u.cnf.primal.hgr,no,no,6,4,0.03,0.024362,12.7706,cut,9330,8930,no
rKaHyPar,sat14_dated-10-11-u.cnf.primal.hgr,no,no,7,4,0.03,0.0274919,13.3301,cut,9231,8845,no
rKaHyPar,sat14_dated-10-11-u.cnf.primal.hgr,no,no,8,4,0.03,0.0164951,13.3906,cut,9421,9025,no
rKaHyPar,sat14_dated-10-11-u.cnf.primal.hgr,no,no,9,4,0.03,0.0200479,12.8725,cut,9323,8933,no
rKaHyPar,sat14_dated-10-11-u.cnf.primal.hgr,no,no,0,64,0.03,0.02977,34.564,cut,32209,30272,no
rKaHyPar,sat14_dated-10-11-u.cnf.primal.hgr,no,no,1,64,0.03,0.0288678,34.0785,cut,32257,30487,no
rKaHyPar,sat14_dated-10-11-u.cnf.primal.hgr,no,no,3,64,0.03,0.0248083,35.2182,cut,32217,30238,no
rKaHyPar,sat14_dated-10-11-u.cnf.primal.hgr,no,no,4,64,0.03,0.02977,25.397,cut,32071,30146,no
rKaHyPar,sat14_dated-10-11-u.cnf.primal.hgr,no,no,5,64,0.03,0.02977,24.9743,cut,32197,30291,no
rKaHyPar,sat14_dated-10-11-u.cnf.primal.hgr,no,no,6,64,0.03,0.0293189,33.6069,cut,32507,30599,no
rKaHyPar,sat14_dated-10-11-u.cnf.primal.hgr,no,no,7,64,0.03,0.02977,34.3232,cut,32223,30356,no
rKaHyPar,sat14_dated-10-11-u.cnf.primal.hgr,no,no,8,64,0.03,0.0279657,35.0943,cut,32113,30135,no
rKaHyPar,sat14_dated-10-11-u.cnf.primal.hgr,no,no,9,64,0.03,0.0275147,24.9366,cut,32094,30172,no
rKaHyPar,sat14_dated-10-11-u.cnf.primal.hgr,no,no,0,8,0.03,0.0286472,17.0075,cut,13077,12335,no
rKaHyPar,sat14_dated-10-11-u.cnf.primal.hgr,no,no,1,8,0.03,0.0299442,22.8371,cut,13133,12402,no
rKaHyPar,sat14_dated-10-11-u.cnf.primal.hgr,no,no,2,8,0.03,0.0299442,25.3568,cut,12996,12264,no
rKaHyPar,sat14_dated-10-11-u.cnf.primal.hgr,no,no,3,8,0.03,0.0159589,17.0666,cut,13089,12339,no
rKaHyPar,sat14_dated-10-11-u.cnf.primal.hgr,no,no,4,8,0.03,0.0280268,16.6978,cut,13027,12251,no
rKaHyPar,sat14_dated-10-11-u.cnf.primal.hgr,no,no,5,8,0.03,0.0203011,16.5503,cut,13097,12349,no
rKaHyPar,sat14_dated-10-11-u.cnf.primal.hgr,no,no,6,8,0.03,0.0283088,16.8011,cut,13127,12367,no
rKaHyPar,sat14_dated-10-11-u.cnf.primal.hgr,no,no,7,8,0.03,0.0288727,22.0049,cut,13042,12290,no
rKaHyPar,sat14_dated-10-11-u.cnf.primal.hgr,no,no,8,8,0.03,0.0267862,16.8565,cut,13187,12459,no
rKaHyPar,sat14_dated-10-11-u.cnf.primal.hgr,no,no,9,8,0.03,0.0299442,22.7698,cut,13222,12516,no
rKaHyPar,sat14_dated-10-17-u.cnf.dual.hgr,no,no,0,128,0.03,0.0297633,107.168,cut,29285,15031,no
rKaHyPar,sat14_dated-10-17-u.cnf.dual.hgr,no,no,1,128,0.03,0.0252211,80.7397,cut,30098,15229,no
rKaHyPar,sat14_dated-10-17-u.cnf.dual.hgr,no,no,2,128,0.03,0.0298829,106.389,cut,28410,14542,no
rKaHyPar,sat14_dated-10-17-u.cnf.dual.hgr,no,no,3,128,0.03,0.0298829,107.68,cut,31023,15126,no
rKaHyPar,sat14_dated-10-17-u.cnf.dual.hgr,no,no,4,128,0.03,0.0291657,80.7067,cut,28728,15017,no
rKaHyPar,sat14_dated-10-17-u.cnf.dual.hgr,no,no,5,128,0.03,0.0296438,79.768,cut,29099,15083,no
rKaHyPar,sat14_dated-10-17-u.cnf.dual.hgr,no,no,6,128,0.03,0.0294047,79.5938,cut,28185,15093,no
rKaHyPar,sat14_dated-10-17-u.cnf.dual.hgr,no,no,7,128,0.03,0.0297633,107.339,cut,28261,15361,no
rKaHyPar,sat14_dated-10-17-u.cnf.dual.hgr,no,no,8,128,0.03,0.0297633,110.07,cut,29905,15065,no
rKaHyPar,sat14_dated-10-17-u.cnf.dual.hgr,no,no,9,128,0.03,0.0297633,108.17,cut,29032,15200,no
rKaHyPar,sat14_dated-10-17-u.cnf.dual.hgr,no,no,0,16,0.03,0.0284058,72.9009,cut,9597,6705,no
rKaHyPar,sat14_dated-10-17-u.cnf.dual.hgr,no,no,1,16,0.03,0.0257161,74.6133,cut,9293,6694,no
rKaHyPar,sat14_dated-10-17-u.cnf.dual.hgr,no,no,2,16,0.03,0.0276138,55.2441,cut,8739,6733,no
rKaHyPar,sat14_dated-10-17-u.cnf.dual.hgr,no,no,3,16,0.03,0.0239081,74.133,cut,9431,6677,no
rKaHyPar,sat14_dated-10-17-u.cnf.dual.hgr,no,no,4,16,0.03,0.0177667,73.8907,cut,9469,6707,no
rKaHyPar,sat14_dated-10-17-u.cnf.dual.hgr,no,no,5,16,0.03,0.028615,74.4488,cut,10051,6855,no
rKaHyPar,sat14_dated-10-17-u.cnf.dual.hgr,no,no,6,16,0.03,0.0295265,72.688,cut,8908,6681,no
rKaHyPar,sat14_dated-10-17-u.cnf.dual.hgr,no,no,7,16,0.03,0.0240127,54.7829,cut,8985,6745,no
rKaHyPar,sat14_dated-10-17-u.cnf.dual.hgr,no,no,8,16,0.03,0.0290782,74.4008,cut,9413,6685,no
rKaHyPar,sat14_dated-10-17-u.cnf.dual.hgr,no,no,9,16,0.03,0.0159288,55.4081,cut,8614,6603,no
rKaHyPar,sat14_dated-10-17-u.cnf.dual.hgr,no,no,0,2,0.03,0.0215828,19.8008,cut,2436,2436,no
rKaHyPar,sat14_dated-10-17-u.cnf.dual.hgr,no,no,1,2,0.03,0.0215828,19.7652,cut,2436,2436,no
rKaHyPar,sat14_dated-10-17-u.cnf.dual.hgr,no,no,2,2,0.03,0.0259704,26.2422,cut,2520,2520,no
rKaHyPar,sat14_dated-10-17-u.cnf.dual.hgr,no,no,3,2,0.03,0.0231854,21.2602,cut,2442,2442,no
rKaHyPar,sat14_dated-10-17-u.cnf.dual.hgr,no,no,4,2,0.03,0,26.4191,cut,2488,2488,no
rKaHyPar,sat14_dated-10-17-u.cnf.dual.hgr,no,no,5,2,0.03,0,21.3383,cut,2452,2452,no
rKaHyPar,sat14_dated-10-17-u.cnf.dual.hgr,no,no,6,2,0.03,0.0288936,20.9217,cut,2494,2494,no
rKaHyPar,sat14_dated-10-17-u.cnf.dual.hgr,no,no,7,2,0.03,0,21.2675,cut,2440,2440,no
rKaHyPar,sat14_dated-10-17-u.cnf.dual.hgr,no,no,8,2,0.03,0,27.7038,cut,2436,2436,no
rKaHyPar,sat14_dated-10-17-u.cnf.dual.hgr,no,no,9,2,0.03,0,20.9653,cut,2438,2438,no
rKaHyPar,sat14_dated-10-17-u.cnf.dual.hgr,no,no,0,32,0.03,0.0298548,85.942,cut,12965,8855,no
rKaHyPar,sat14_dated-10-17-u.cnf.dual.hgr,no,no,1,32,0.03,0.0290479,86.128,cut,12600,8905,no
rKaHyPar,sat14_dated-10-17-u.cnf.dual.hgr,no,no,2,32,0.03,0.0296456,65.3185,cut,13587,9049,no
rKaHyPar,sat14_dated-10-17-u.cnf.dual.hgr,no,no,3,32,0.03,0.028241,85.2861,cut,12800,8936,no
rKaHyPar,sat14_dated-10-17-u.cnf.dual.hgr,no,no,4,32,0.03,0.0294364,65.6373,cut,13278,8948,no
rKaHyPar,sat14_dated-10-17-u.cnf.dual.hgr,no,no,5,32,0.03,0.0296157,88.4834,cut,12471,8904,no
rKaHyPar,sat14_dated-10-17-u.cnf.dual.hgr,no,no,6,32,0.03,0.029526,85.2877,cut,12852,8774,no
rKaHyPar,sat14_dated-10-17-u.cnf.dual.hgr,no,no,7,32,0.03,0.0289283,86.0898,cut,13516,8915,no
rKaHyPar,sat14_dated-10-17-u.cnf.dual.hgr,no,no,8,32,0.03,0.0296755,65.3979,cut,12072,8833,no
rKaHyPar,sat14_dated-10-17-u.cnf.dual.hgr,no,no,9,32,0.03,0.0290778,87.8585,cut,12435,8870,no
rKaHyPar,sat14_dated-10-17-u.cnf.dual.hgr,no,no,0,4,0.03,0.0239008,47.3009,cut,4979,4002,no
rKaHyPar,sat14_dated-10-17-u.cnf.dual.hgr,no,no,1,4,0.03,0.029848,47.8215,cut,4853,4034,no
rKaHyPar,sat14_dated-10-17-u.cnf.dual.hgr,no,no,2,4,0.03,0.0183458,33.9938,cut,4620,4054,no
rKaHyPar,sat14_dated-10-17-u.cnf.dual.hgr,no,no,3,4,0.03,0.0260264,34.4447,cut,4774,4030,no
rKaHyPar,sat14_dated-10-17-u.cnf.dual.hgr,no,no,4,4,0.03,0.0124286,46.4892,cut,4752,4010,no
rKaHyPar,sat14_dated-10-17-u.cnf.dual.hgr,no,no,5,4,0.03,0.0210729,35.5433,cut,4418,3984,no
rKaHyPar,sat14_dated-10-17-u.cnf.dual.hgr,no,no,6,4,0.03,0.0183571,35.4467,cut,4772,3998,no
rKaHyPar,sat14_dated-10-17-u.cnf.dual.hgr,no,no,7,4,0.03,0.0291382,33.9051,cut,4713,4030,no
rKaHyPar,sat14_dated-10-17-u.cnf.dual.hgr,no,no,8,4,0.03,0.0221525,34.5063,cut,4650,4009,no
rKaHyPar,sat14_dated-10-17-u.cnf.dual.hgr,no,no,9,4,0.03,0.0245545,33.4595,cut,4471,3983,no
rKaHyPar,sat14_dated-10-17-u.cnf.dual.hgr,no,no,0,64,0.03,0.0299444,96.875,cut,20525,12356,no
rKaHyPar,sat14_dated-10-17-u.cnf.dual.hgr,no,no,1,64,0.03,0.0281513,96.2637,cut,19831,12458,no
rKaHyPar,sat14_dated-10-17-u.cnf.dual.hgr,no,no,3,64,0.03,0.0297651,96.6984,cut,19489,12441,no
rKaHyPar,sat14_dated-10-17-u.cnf.dual.hgr,no,no,4,64,0.03,0.0296456,71.8726,cut,18820,12291,no
rKaHyPar,sat14_dated-10-17-u.cnf.dual.hgr,no,no,5,64,0.03,0.0298249,73.6458,cut,19057,12483,no
rKaHyPar,sat14_dated-10-17-u.cnf.dual.hgr,no,no,6,64,0.03,0.0294663,97.9368,cut,18737,12252,no
rKaHyPar,sat14_dated-10-17-u.cnf.dual.hgr,no,no,7,64,0.03,0.0286295,95.8404,cut,20718,12473,no
rKaHyPar,sat14_dated-10-17-u.cnf.dual.hgr,no,no,8,64,0.03,0.0299444,95.91,cut,19469,12295,no
rKaHyPar,sat14_dated-10-17-u.cnf.dual.hgr,no,no,9,64,0.03,0.0292272,72.5414,cut,19925,12388,no
rKaHyPar,sat14_dated-10-17-u.cnf.dual.hgr,no,no,0,8,0.03,0.0261646,46.4073,cut,6841,5282,no
rKaHyPar,sat14_dated-10-17-u.cnf.dual.hgr,no,no,1,8,0.03,0.0275692,61.8991,cut,6995,5296,no
rKaHyPar,sat14_dated-10-17-u.cnf.dual.hgr,no,no,2,8,0.03,0.0201801,60.2777,cut,6749,5309,no
rKaHyPar,sat14_dated-10-17-u.cnf.dual.hgr,no,no,3,8,0.03,0.0296836,46.37,cut,6439,5325,no
rKaHyPar,sat14_dated-10-17-u.cnf.dual.hgr,no,no,4,8,0.03,0.0297957,45.5606,cut,6861,5278,no
rKaHyPar,sat14_dated-10-17-u.cnf.dual.hgr,no,no,5,8,0.03,0.0297434,46.4304,cut,6718,5236,no
rKaHyPar,sat14_dated-10-17-u.cnf.dual.hgr,no,no,6,8,0.03,0.0210766,46.0804,cut,6724,5250,no
rKaHyPar,sat14_dated-10-17-u.cnf.dual.hgr,no,no,7,8,0.03,0.0271807,61.1137,cut,7062,5266,no
rKaHyPar,sat14_dated-10-17-u.cnf.dual.hgr,no,no,8,8,0.03,0.0292577,46.8022,cut,6657,5244,no
rKaHyPar,sat14_dated-10-17-u.cnf.dual.hgr,no,no,9,8,0.03,0.024887,61.6373,cut,6415,5211,no
rKaHyPar,sat14_dated-10-17-u.cnf.hgr,no,no,0,128,0.03,0.0295512,79.1267,cut,45895,44156,no
rKaHyPar,sat14_dated-10-17-u.cnf.hgr,no,no,1,128,0.03,0.0273209,58.2394,cut,46159,44350,no
rKaHyPar,sat14_dated-10-17-u.cnf.hgr,no,no,2,128,0.03,0.028436,58.1339,cut,46638,44825,no
rKaHyPar,sat14_dated-10-17-u.cnf.hgr,no,no,3,128,0.03,0.0298299,78.082,cut,46074,44222,no
rKaHyPar,sat14_dated-10-17-u.cnf.hgr,no,no,4,128,0.03,0.0295512,58.1615,cut,46451,44650,no
rKaHyPar,sat14_dated-10-17-u.cnf.hgr,no,no,5,128,0.03,0.0298299,58.1555,cut,46328,44513,no
rKaHyPar,sat14_dated-10-17-u.cnf.hgr,no,no,6,128,0.03,0.0298299,57.9608,cut,46068,44250,no
rKaHyPar,sat14_dated-10-17-u.cnf.hgr,no,no,7,128,0.03,0.0289936,78.4686,cut,46223,44380,no
rKaHyPar,sat14_dated-10-17-u.cnf.hgr,no,no,8,128,0.03,0.0298299,80.331,cut,45651,43887,no
rKaHyPar,sat14_dated-10-17-u.cnf.hgr,no,no,9,128,0.03,0.0298299,80.4749,cut,46325,44559,no
rKaHyPar,sat14_dated-10-17-u.cnf.hgr,no,no,0,16,0.03,0.0258948,55.2109,cut,17903,17124,no
rKaHyPar,sat14_dated-10-17-u.cnf.hgr,no,no,1,16,0.03,0.015753,55.2096,cut,17881,17091,no
rKaHyPar,sat14_dated-10-17-u.cnf.hgr,no,no,2,16,0.03,0.0241174,40.0337,cut,17756,17009,no
rKaHyPar,sat14_dated-10-17-u.cnf.hgr,no,no,3,16,0.03,0.0293451,55.9153,cut,17852,17077,no
rKaHyPar,sat14_dated-10-17-u.cnf.hgr,no,no,4,16,0.03,0.0205974,55.5325,cut,17895,17132,no
rKaHyPar,sat14_dated-10-17-u.cnf.hgr,no,no,5,16,0.03,0.0134528,54.6659,cut,17817,17043,no
rKaHyPar,sat14_dated-10-17-u.cnf.hgr,no,no,6,16,0.03,0.0173561,54.8148,cut,17937,17160,no
rKaHyPar,sat14_dated-10-17-u.cnf.hgr,no,no,7,16,0.03,0.0240477,41.0377,cut,18028,17256,no
rKaHyPar,sat14_dated-10-17-u.cnf.hgr,no,no,8,16,0.03,0.02938,55.6437,cut,17931,17183,no
rKaHyPar,sat14_dated-10-17-u.cnf.hgr,no,no,9,16,0.03,0.0227233,40.5706,cut,17855,17091,no
rKaHyPar,sat14_dated-10-17-u.cnf.hgr,no,no,0,2,0.03,0.0247752,15.9098,cut,6855,6855,no
rKaHyPar,sat14_dated-10-17-u.cnf.hgr,no,no,1,2,0.03,0.0280426,15.4071,cut,6744,6744,no
rKaHyPar,sat14_dated-10-17-u.cnf.hgr,no,no,2,2,0.03,0.0281515,21.0817,cut,6689,6689,no
rKaHyPar,sat14_dated-10-17-u.cnf.hgr,no,no,3,2,0.03,0.0260473,17.0145,cut,6560,6560,no
rKaHyPar,sat14_dated-10-17-u.cnf.hgr,no,no,4,2,0.03,0.0265701,21.1501,cut,6560,6560,no
rKaHyPar,sat14_dated-10-17-u.cnf.hgr,no,no,5,2,0.03,0.0263348,14.6611,cut,6560,6560,no
rKaHyPar,sat14_dated-10-17-u.cnf.hgr,no,no,6,2,0.03,0.0237906,15.1504,cut,6864,6864,no
rKaHyPar,sat14_dated-10-17-u.cnf.hgr,no,no,7,2,0.03,0.0263348,17.4339,cut,6560,6560,no
rKaHyPar,sat14_dated-10-17-u.cnf.hgr,no,no,8,2,0.03,0.0278334,15.7783,cut,6744,6744,no
rKaHyPar,sat14_dated-10-17-u.cnf.hgr,no,no,9,2,0.03,0.0262564,15.2848,cut,6560,6560,no
rKaHyPar,sat14_dated-10-17-u.cnf.hgr,no,no,0,32,0.03,0.029832,67.2676,cut,23995,23026,no
rKaHyPar,sat14_dated-10-17-u.cnf.hgr,no,no,1,32,0.03,0.0299714,71.7603,cut,24051,23065,no
rKaHyPar,sat14_dated-10-17-u.cnf.hgr,no,no,2,32,0.03,0.0299714,52.7458,cut,24117,23143,no
rKaHyPar,sat14_dated-10-17-u.cnf.hgr,no,no,3,32,0.03,0.0296229,67.8772,cut,23756,22809,no
rKaHyPar,sat14_dated-10-17-u.cnf.hgr,no,no,4,32,0.03,0.0299714,53.8556,cut,24059,23101,no
rKaHyPar,sat14_dated-10-17-u.cnf.hgr,no,no,5,32,0.03,0.0294835,69.0581,cut,23790,22820,no
rKaHyPar,sat14_dated-10-17-u.cnf.hgr,no,no,6,32,0.03,0.0294835,67.9725,cut,23987,23030,no
rKaHyPar,sat14_dated-10-17-u.cnf.hgr,no,no,7,32,0.03,0.0282986,51.5965,cut,23895,22972,no
rKaHyPar,sat14_dated-10-17-u.cnf.hgr,no,no,8,32,0.03,0.029832,50.4023,cut,23865,22897,no
rKaHyPar,sat14_dated-10-17-u.cnf.hgr,no,no,9,32,0.03,0.0296926,71.9284,cut,24052,23098,no
rKaHyPar,sat14_dated-10-17-u.cnf.hgr,no,no,0,4,0.03,0.029319,35.4492,cut,10923,10597,no
rKaHyPar,sat14_dated-10-17-u.cnf.hgr,no,no,1,4,0.03,0.0241609,26.2089,cut,10723,10443,no
rKaHyPar,sat14_dated-10-17-u.cnf.hgr,no,no,2,4,0.03,0.0299812,26.736,cut,10988,10642,no
rKaHyPar,sat14_dated-10-17-u.cnf.hgr,no,no,3,4,0.03,0.0260865,25.4259,cut,10723,10420,no
rKaHyPar,sat14_dated-10-17-u.cnf.hgr,no,no,4,4,0.03,0.0235859,34.9793,cut,10723,10418,no
rKaHyPar,sat14_dated-10-17-u.cnf.hgr,no,no,5,4,0.03,0.0299376,27.2593,cut,10872,10534,no
rKaHyPar,sat14_dated-10-17-u.cnf.hgr,no,no,6,4,0.03,0.0235685,28.1621,cut,10763,10469,no
rKaHyPar,sat14_dated-10-17-u.cnf.hgr,no,no,7,4,0.03,0.0259035,26.0489,cut,10721,10427,no
rKaHyPar,sat14_dated-10-17-u.cnf.hgr,no,no,8,4,0.03,0.0175217,27.2403,cut,10852,10535,no
rKaHyPar,sat14_dated-10-17-u.cnf.hgr,no,no,9,4,0.03,0.0259035,26.2503,cut,10638,10348,no
rKaHyPar,sat14_dated-10-17-u.cnf.hgr,no,no,0,64,0.03,0.0298299,73.5199,cut,34898,33310,no
rKaHyPar,sat14_dated-10-17-u.cnf.hgr,no,no,1,64,0.03,0.0299693,72.625,cut,34731,33128,no
rKaHyPar,sat14_dated-10-17-u.cnf.hgr,no,no,3,64,0.03,0.0299693,74.7161,cut,35201,33592,no
rKaHyPar,sat14_dated-10-17-u.cnf.hgr,no,no,4,64,0.03,0.029133,55.6222,cut,34747,33176,no
rKaHyPar,sat14_dated-10-17-u.cnf.hgr,no,no,5,64,0.03,0.0295512,55.5156,cut,35038,33336,no
rKaHyPar,sat14_dated-10-17-u.cnf.hgr,no,no,6,64,0.03,0.0298299,73.5384,cut,34873,33286,no
rKaHyPar,sat14_dated-10-17-u.cnf.hgr,no,no,7,64,0.03,0.0275997,72.8193,cut,34735,33109,no
rKaHyPar,sat14_dated-10-17-u.cnf.hgr,no,no,8,64,0.03,0.0273209,73.3822,cut,35119,33477,no
rKaHyPar,sat14_dated-10-17-u.cnf.hgr,no,no,9,64,0.03,0.0299693,54.5376,cut,34843,33160,no
rKaHyPar,sat14_dated-10-17-u.cnf.hgr,no,no,0,8,0.03,0.0226536,35.5345,cut,14397,13806,no
rKaHyPar,sat14_dated-10-17-u.cnf.hgr,no,no,1,8,0.03,0.0181229,46.5412,cut,14134,13550,no
rKaHyPar,sat14_dated-10-17-u.cnf.hgr,no,no,2,8,0.03,0.0214512,45.412,cut,13988,13460,no
rKaHyPar,sat14_dated-10-17-u.cnf.hgr,no,no,3,8,0.03,0.0154916,34.1593,cut,13993,13432,no
rKaHyPar,sat14_dated-10-17-u.cnf.hgr,no,no,4,8,0.03,0.0257206,35.1386,cut,14117,13544,no
rKaHyPar,sat14_dated-10-17-u.cnf.hgr,no,no,5,8,0.03,0.0278465,34.1289,cut,14049,13472,no
rKaHyPar,sat14_dated-10-17-u.cnf.hgr,no,no,6,8,0.03,0.0266441,34.7099,cut,13948,13422,no
rKaHyPar,sat14_dated-10-17-u.cnf.hgr,no,no,7,8,0.03,0.0229498,46.4479,cut,14073,13511,no
rKaHyPar,sat14_dated-10-17-u.cnf.hgr,no,no,8,8,0.03,0.026679,35.0159,cut,14200,13613,no
rKaHyPar,sat14_dated-10-17-u.cnf.hgr,no,no,9,8,0.03,0.0229498,48.5775,cut,14075,13531,no
rKaHyPar,sat14_dated-10-17-u.cnf.primal.hgr,no,no,0,128,0.03,0.0295429,66.8258,cut,56977,53448,no
rKaHyPar,sat14_dated-10-17-u.cnf.primal.hgr,no,no,1,128,0.03,0.0295429,50.4512,cut,56637,53386,no
rKaHyPar,sat14_dated-10-17-u.cnf.primal.hgr,no,no,2,128,0.03,0.0295429,69.5668,cut,56576,53436,no
rKaHyPar,sat14_dated-10-17-u.cnf.primal.hgr,no,no,3,128,0.03,0.0295429,69.195,cut,56603,53347,no
rKaHyPar,sat14_dated-10-17-u.cnf.primal.hgr,no,no,4,128,0.03,0.0295429,50.3879,cut,56558,53254,no
rKaHyPar,sat14_dated-10-17-u.cnf.primal.hgr,no,no,5,128,0.03,0.0295429,50.4016,cut,56545,53303,no
rKaHyPar,sat14_dated-10-17-u.cnf.primal.hgr,no,no,6,128,0.03,0.0295429,50.5665,cut,56675,53374,no
rKaHyPar,sat14_dated-10-17-u.cnf.primal.hgr,no,no,7,128,0.03,0.0295429,69.9274,cut,56723,53517,no
rKaHyPar,sat14_dated-10-17-u.cnf.primal.hgr,no,no,8,128,0.03,0.0295429,69.0076,cut,56539,53147,no
rKaHyPar,sat14_dated-10-17-u.cnf.primal.hgr,no,no,9,128,0.03,0.0295429,71.4792,cut,57204,54001,no
rKaHyPar,sat14_dated-10-17-u.cnf.primal.hgr,no,no,0,16,0.03,0.0299714,51.4464,cut,25934,24354,no
rKaHyPar,sat14_dated-10-17-u.cnf.primal.hgr,no,no,1,16,0.03,0.0296229,54.5991,cut,24911,23493,no
rKaHyPar,sat14_dated-10-17-u.cnf.primal.hgr,no,no,2,16,0.03,0.0299714,36.895,cut,24372,22979,no
rKaHyPar,sat14_dated-10-17-u.cnf.primal.hgr,no,no,3,16,0.03,0.0279501,51.87,cut,24447,22985,no
rKaHyPar,sat14_dated-10-17-u.cnf.primal.hgr,no,no,4,16,0.03,0.0299714,49.3017,cut,24812,23365,no
rKaHyPar,sat14_dated-10-17-u.cnf.primal.hgr,no,no,5,16,0.03,0.0287168,50.2296,cut,24733,23358,no
rKaHyPar,sat14_dated-10-17-u.cnf.primal.hgr,no,no,6,16,0.03,0.0299714,49.0403,cut,24451,23021,no
rKaHyPar,sat14_dated-10-17-u.cnf.primal.hgr,no,no,7,16,0.03,0.0296926,34.7511,cut,24855,23455,no
rKaHyPar,sat14_dated-10-17-u.cnf.primal.hgr,no,no,8,16,0.03,0.0259985,47.4492,cut,24284,22814,no
rKaHyPar,sat14_dated-10-17-u.cnf.primal.hgr,no,no,9,16,0.03,0.0190284,36.0147,cut,24811,23411,no
rKaHyPar,sat14_dated-10-17-u.cnf.primal.hgr,no,no,0,2,0.03,0.0298331,15.8176,cut,8715,8715,no
rKaHyPar,sat14_dated-10-17-u.cnf.primal.hgr,no,no,1,2,0.03,0.0299899,18.1053,cut,8319,8319,no
rKaHyPar,sat14_dated-10-17-u.cnf.primal.hgr,no,no,2,2,0.03,0.0127906,22.7341,cut,8242,8242,no
rKaHyPar,sat14_dated-10-17-u.cnf.primal.hgr,no,no,3,2,0.03,0.00275328,15.3459,cut,8407,8407,no
rKaHyPar,sat14_dated-10-17-u.cnf.primal.hgr,no,no,4,2,0.03,0.0256509,20.4451,cut,8141,8141,no
rKaHyPar,sat14_dated-10-17-u.cnf.primal.hgr,no,no,5,2,0.03,0.0106646,15.5861,cut,8155,8155,no
rKaHyPar,sat14_dated-10-17-u.cnf.primal.hgr,no,no,6,2,0.03,0.0181577,18.7081,cut,8147,8147,no
rKaHyPar,sat14_dated-10-17-u.cnf.primal.hgr,no,no,7,2,0.03,0.0181577,16.3642,cut,8147,8147,no
rKaHyPar,sat14_dated-10-17-u.cnf.primal.hgr,no,no,8,2,0.03,0.0240477,18.2256,cut,8636,8636,no
rKaHyPar,sat14_dated-10-17-u.cnf.primal.hgr,no,no,9,2,0.03,0.0127906,15.346,cut,8242,8242,no
rKaHyPar,sat14_dated-10-17-u.cnf.primal.hgr,no,no,0,32,0.03,0.0294118,56.5975,cut,34418,32675,no
rKaHyPar,sat14_dated-10-17-u.cnf.primal.hgr,no,no,1,32,0.03,0.0299693,59.4587,cut,34147,32329,no
rKaHyPar,sat14_dated-10-17-u.cnf.primal.hgr,no,no,2,32,0.03,0.0299693,43.6372,cut,34059,32349,no
rKaHyPar,sat14_dated-10-17-u.cnf.primal.hgr,no,no,3,32,0.03,0.0299693,58.7145,cut,34282,32491,no
rKaHyPar,sat14_dated-10-17-u.cnf.primal.hgr,no,no,4,32,0.03,0.0299693,41.8049,cut,33941,32168,no
rKaHyPar,sat14_dated-10-17-u.cnf.primal.hgr,no,no,5,32,0.03,0.0292724,58.3291,cut,34033,32207,no
rKaHyPar,sat14_dated-10-17-u.cnf.primal.hgr,no,no,6,32,0.03,0.0299693,58.7346,cut,33887,32067,no
rKaHyPar,sat14_dated-10-17-u.cnf.primal.hgr,no,no,7,32,0.03,0.0299693,46.9481,cut,34317,32357,no
rKaHyPar,sat14_dated-10-17-u.cnf.primal.hgr,no,no,8,32,0.03,0.0298299,45.5472,cut,33877,32125,no
rKaHyPar,sat14_dated-10-17-u.cnf.primal.hgr,no,no,9,32,0.03,0.0299693,63.6128,cut,34126,32263,no
rKaHyPar,sat14_dated-10-17-u.cnf.primal.hgr,no,no,0,4,0.03,0.0198306,32.6393,cut,14577,13975,no
rKaHyPar,sat14_dated-10-17-u.cnf.primal.hgr,no,no,1,4,0.03,0.0182971,25.4647,cut,13835,13281,no
rKaHyPar,sat14_dated-10-17-u.cnf.primal.hgr,no,no,2,4,0.03,0.0180183,24.18,cut,13845,13279,no
rKaHyPar,sat14_dated-10-17-u.cnf.primal.hgr,no,no,3,4,0.03,0.021852,25.209,cut,13844,13276,no
rKaHyPar,sat14_dated-10-17-u.cnf.primal.hgr,no,no,4,4,0.03,0.0299376,33.8191,cut,13836,13230,no
rKaHyPar,sat14_dated-10-17-u.cnf.primal.hgr,no,no,5,4,0.03,0.021852,23.8337,cut,13792,13236,no
rKaHyPar,sat14_dated-10-17-u.cnf.primal.hgr,no,no,6,4,0.03,0.0226885,25.1305,cut,13800,13252,no
rKaHyPar,sat14_dated-10-17-u.cnf.primal.hgr,no,no,7,4,0.03,0.018576,23.3077,cut,13702,13154,no
rKaHyPar,sat14_dated-10-17-u.cnf.primal.hgr,no,no,8,4,0.03,0.021852,23.1081,cut,13671,13109,no
rKaHyPar,sat14_dated-10-17-u.cnf.primal.hgr,no,no,9,4,0.03,0.0210853,23.3982,cut,14172,13648,no
rKaHyPar,sat14_dated-10-17-u.cnf.primal.hgr,no,no,0,64,0.03,0.0289936,61.8878,cut,44483,42088,no
rKaHyPar,sat14_dated-10-17-u.cnf.primal.hgr,no,no,1,64,0.03,0.0289936,60.158,cut,44202,41877,no
rKaHyPar,sat14_dated-10-17-u.cnf.primal.hgr,no,no,3,64,0.03,0.0281572,64.9497,cut,44734,42256,no
rKaHyPar,sat14_dated-10-17-u.cnf.primal.hgr,no,no,4,64,0.03,0.0298299,44.381,cut,44447,41938,no
rKaHyPar,sat14_dated-10-17-u.cnf.primal.hgr,no,no,5,64,0.03,0.028436,46.0812,cut,44423,41876,no
rKaHyPar,sat14_dated-10-17-u.cnf.primal.hgr,no,no,6,64,0.03,0.0298299,64.3271,cut,44495,41975,no
rKaHyPar,sat14_dated-10-17-u.cnf.primal.hgr,no,no,7,64,0.03,0.0298299,61.0566,cut,44523,42149,no
rKaHyPar,sat14_dated-10-17-u.cnf.primal.hgr,no,no,8,64,0.03,0.0298299,61.1243,cut,43814,41422,no
rKaHyPar,sat14_dated-10-17-u.cnf.primal.hgr,no,no,9,64,0.03,0.0298299,49.2844,cut,45072,42505,no
rKaHyPar,sat14_dated-10-17-u.cnf.primal.hgr,no,no,0,8,0.03,0.0288224,30.9944,cut,19260,18184,no
rKaHyPar,sat14_dated-10-17-u.cnf.primal.hgr,no,no,1,8,0.03,0.0168334,42.9659,cut,18716,17672,no
rKaHyPar,sat14_dated-10-17-u.cnf.primal.hgr,no,no,2,8,0.03,0.0245007,43.6436,cut,18822,17758,no
rKaHyPar,sat14_dated-10-17-u.cnf.primal.hgr,no,no,3,8,0.03,0.0175304,31.3911,cut,18765,17761,no
rKaHyPar,sat14_dated-10-17-u.cnf.primal.hgr,no,no,4,8,0.03,0.0222702,30.7318,cut,18684,17672,no
rKaHyPar,sat14_dated-10-17-u.cnf.primal.hgr,no,no,5,8,0.03,0.0253372,30.5579,cut,18458,17422,no
rKaHyPar,sat14_dated-10-17-u.cnf.primal.hgr,no,no,6,8,0.03,0.0260342,30.0722,cut,18411,17339,no
rKaHyPar,sat14_dated-10-17-u.cnf.primal.hgr,no,no,7,8,0.03,0.0260342,40.8872,cut,18611,17583,no
rKaHyPar,sat14_dated-10-17-u.cnf.primal.hgr,no,no,8,8,0.03,0.0299376,30.4412,cut,18582,17524,no
rKaHyPar,sat14_dated-10-17-u.cnf.primal.hgr,no,no,9,8,0.03,0.0203185,41.57,cut,18696,17670,no
rKaHyPar,sat14_E02F20.cnf.dual.hgr,no,no,0,128,0.03,0.0126254,2422.78,cut,33124,1107,no
rKaHyPar,sat14_E02F20.cnf.dual.hgr,no,no,1,128,0.03,0.0223373,2317.39,cut,40472,1087,no
rKaHyPar,sat14_E02F20.cnf.dual.hgr,no,no,2,128,0.03,0.0110068,1704.02,cut,35032,1093,no
rKaHyPar,sat14_E02F20.cnf.dual.hgr,no,no,3,128,0.03,0.00712205,2306.73,cut,34773,1080,no
rKaHyPar,sat14_E02F20.cnf.dual.hgr,no,no,4,128,0.03,0.00841696,1695.28,cut,39690,1103,no
rKaHyPar,sat14_E02F20.cnf.dual.hgr,no,no,5,128,0.03,0.0077695,1691.52,cut,39557,1100,no
rKaHyPar,sat14_E02F20.cnf.dual.hgr,no,no,6,128,0.03,0.0152153,1710.94,cut,38766,1104,no
rKaHyPar,sat14_E02F20.cnf.dual.hgr,no,no,7,128,0.03,0.00323729,2280.67,cut,33868,1101,no
rKaHyPar,sat14_E02F20.cnf.dual.hgr,no,no,8,128,0.03,0.00809323,2337.22,cut,36844,1093,no
rKaHyPar,sat14_E02F20.cnf.dual.hgr,no,no,9,128,0.03,0.00323729,2310.66,cut,35930,1094,no
rKaHyPar,sat14_E02F20.cnf.dual.hgr,no,no,0,16,0.03,0.0120589,2445.22,cut,4614,1017,no
rKaHyPar,sat14_E02F20.cnf.dual.hgr,no,no,1,16,0.03,0.026303,2307.45,cut,5033,945,no
rKaHyPar,sat14_E02F20.cnf.dual.hgr,no,no,2,16,0.03,0.023875,1792.2,cut,4820,964,no
rKaHyPar,sat14_E02F20.cnf.dual.hgr,no,no,3,16,0.03,0.0051392,2244.91,cut,5008,941,no
rKaHyPar,sat14_E02F20.cnf.dual.hgr,no,no,4,16,0.03,0.0114519,2181.29,cut,5016,975,no
rKaHyPar,sat14_E02F20.cnf.dual.hgr,no,no,5,16,0.03,0.0240369,2726.97,cut,4365,949,no
rKaHyPar,sat14_E02F20.cnf.dual.hgr,no,no,6,16,0.03,0.029338,2287.54,cut,4790,969,no
rKaHyPar,sat14_E02F20.cnf.dual.hgr,no,no,7,16,0.03,0.0299045,2403.4,cut,4709,964,no
rKaHyPar,sat14_E02F20.cnf.dual.hgr,no,no,8,16,0.03,0.00214471,2284.25,cut,5125,953,no
rKaHyPar,sat14_E02F20.cnf.dual.hgr,no,no,9,16,0.03,0.0104807,1728.17,cut,5085,922,no
rKaHyPar,sat14_E02F20.cnf.dual.hgr,no,no,0,2,0.03,0.0277806,1191.51,cut,281,281,no
rKaHyPar,sat14_E02F20.cnf.dual.hgr,no,no,1,2,0.03,0.028246,1614.26,cut,278,278,no
rKaHyPar,sat14_E02F20.cnf.dual.hgr,no,no,2,2,0.03,0.0276238,1572.97,cut,282,282,no
rKaHyPar,sat14_E02F20.cnf.dual.hgr,no,no,3,2,0.03,0.0113459,1177.54,cut,290,290,no
rKaHyPar,sat14_E02F20.cnf.dual.hgr,no,no,4,2,0.03,0.0280386,1484.77,cut,279,279,no
rKaHyPar,sat14_E02F20.cnf.dual.hgr,no,no,5,2,0.03,0.0283775,1199.67,cut,277,277,no
rKaHyPar,sat14_E02F20.cnf.dual.hgr,no,no,6,2,0.03,0.0281954,1132.77,cut,278,278,no
rKaHyPar,sat14_E02F20.cnf.dual.hgr,no,no,7,2,0.03,0.0280487,1125.48,cut,279,279,no
rKaHyPar,sat14_E02F20.cnf.dual.hgr,no,no,8,2,0.03,0.0276288,1231.54,cut,282,282,no
rKaHyPar,sat14_E02F20.cnf.dual.hgr,no,no,9,2,0.03,0.0289794,1181.67,cut,289,289,no
rKaHyPar,sat14_E02F20.cnf.dual.hgr,no,no,0,32,0.03,0.016753,2380.02,cut,9230,1049,no
rKaHyPar,sat14_E02F20.cnf.dual.hgr,no,no,1,32,0.03,0.0283263,2325.33,cut,9299,1000,no
rKaHyPar,sat14_E02F20.cnf.dual.hgr,no,no,2,32,0.03,0.0277598,1728.19,cut,9244,1000,no
rKaHyPar,sat14_E02F20.cnf.dual.hgr,no,no,3,32,0.03,0.00655552,1802.17,cut,9212,1048,no
rKaHyPar,sat14_E02F20.cnf.dual.hgr,no,no,4,32,0.03,0.0223373,1754.97,cut,10235,1049,no
rKaHyPar,sat14_E02F20.cnf.dual.hgr,no,no,5,32,0.03,0.0224183,2221.53,cut,9380,1019,no
rKaHyPar,sat14_E02F20.cnf.dual.hgr,no,no,6,32,0.03,0.0218517,2320.34,cut,9837,999,no
rKaHyPar,sat14_E02F20.cnf.dual.hgr,no,no,7,32,0.03,0.00372289,1693.19,cut,11374,1054,no
rKaHyPar,sat14_E02F20.cnf.dual.hgr,no,no,8,32,0.03,0.0101165,1681.35,cut,11091,1044,no
rKaHyPar,sat14_E02F20.cnf.dual.hgr,no,no,9,32,0.03,0.0244416,2302.32,cut,11252,1014,no
rKaHyPar,sat14_E02F20.cnf.dual.hgr,no,no,0,4,0.03,0.0126257,2023.66,cut,944,490,no
rKaHyPar,sat14_E02F20.cnf.dual.hgr,no,no,1,4,0.03,0.023309,1462.87,cut,1048,481,no
rKaHyPar,sat14_E02F20.cnf.dual.hgr,no,no,2,4,0.03,0.011695,1491.98,cut,928,489,no
rKaHyPar,sat14_E02F20.cnf.dual.hgr,no,no,3,4,0.03,0.0118872,1409.84,cut,914,490,no
rKaHyPar,sat14_E02F20.cnf.dual.hgr,no,no,4,4,0.03,0.011786,1727.63,cut,800,480,no
rKaHyPar,sat14_E02F20.cnf.dual.hgr,no,no,5,4,0.03,0.0126257,1333.32,cut,996,490,no
rKaHyPar,sat14_E02F20.cnf.dual.hgr,no,no,6,4,0.03,0.0146996,1861.08,cut,928,489,no
rKaHyPar,sat14_E02F20.cnf.dual.hgr,no,no,7,4,0.03,0.0188475,1318.64,cut,812,486,no
rKaHyPar,sat14_E02F20.cnf.dual.hgr,no,no,8,4,0.03,0.00561479,1587.54,cut,935,492,no
rKaHyPar,sat14_E02F20.cnf.dual.hgr,no,no,9,4,0.03,0.0240172,1381.98,cut,826,479,no
rKaHyPar,sat14_E02F20.cnf.dual.hgr,no,no,0,64,0.03,0.00598899,2435.32,cut,16892,1073,no
rKaHyPar,sat14_E02F20.cnf.dual.hgr,no,no,1,64,0.03,0.0263839,2327.87,cut,16971,1050,no
rKaHyPar,sat14_E02F20.cnf.dual.hgr,no,no,3,64,0.03,0.00971188,2319.5,cut,20205,1095,no
rKaHyPar,sat14_E02F20.cnf.dual.hgr,no,no,4,64,0.03,0.0132729,1728.1,cut,18657,1072,no
rKaHyPar,sat14_E02F20.cnf.dual.hgr,no,no,5,64,0.03,0.00955002,1788.78,cut,18562,1087,no
rKaHyPar,sat14_E02F20.cnf.dual.hgr,no,no,6,64,0.03,0.00890256,2313.42,cut,17135,1081,no
rKaHyPar,sat14_E02F20.cnf.dual.hgr,no,no,7,64,0.03,0.00841696,2329.1,cut,19103,1077,no
rKaHyPar,sat14_E02F20.cnf.dual.hgr,no,no,8,64,0.03,0.0100356,2275.32,cut,20744,1072,no
rKaHyPar,sat14_E02F20.cnf.dual.hgr,no,no,9,64,0.03,0.0294594,1724.36,cut,18423,1087,no
rKaHyPar,sat14_E02F20.cnf.dual.hgr,no,no,0,8,0.03,0.0248467,1711.24,cut,2104,841,no
rKaHyPar,sat14_E02F20.cnf.dual.hgr,no,no,1,8,0.03,0.0198491,2185.9,cut,2277,860,no
rKaHyPar,sat14_E02F20.cnf.dual.hgr,no,no,2,8,0.03,0.0218724,2237.53,cut,2295,867,no
rKaHyPar,sat14_E02F20.cnf.dual.hgr,no,no,3,8,0.03,0.0281448,1549.74,cut,2703,838,no
rKaHyPar,sat14_E02F20.cnf.dual.hgr,no,no,4,8,0.03,0.0243814,1723.9,cut,2263,844,no
rKaHyPar,sat14_E02F20.cnf.dual.hgr,no,no,5,8,0.03,0.0292576,1542.37,cut,2190,835,no
rKaHyPar,sat14_E02F20.cnf.dual.hgr,no,no,6,8,0.03,0.00898367,1539.22,cut,2256,890,no
rKaHyPar,sat14_E02F20.cnf.dual.hgr,no,no,7,8,0.03,0.0268903,2327.82,cut,2123,847,no
rKaHyPar,sat14_E02F20.cnf.dual.hgr,no,no,8,8,0.03,0.0172389,1718.38,cut,1975,844,no
rKaHyPar,sat14_E02F20.cnf.dual.hgr,no,no,9,8,0.03,0.0247456,2175.89,cut,2222,875,no
rKaHyPar,sat14_E02F20.cnf.hgr,no,no,0,128,0.03,0.0245399,61.9906,cut,42625,26383,no
rKaHyPar,sat14_E02F20.cnf.hgr,no,no,1,128,0.03,0.0245399,58.6112,cut,42541,26454,no
rKaHyPar,sat14_E02F20.cnf.hgr,no,no,2,128,0.03,0.0245399,64.4663,cut,42682,26488,no
rKaHyPar,sat14_E02F20.cnf.hgr,no,no,3,128,0.03,0.0245399,59.7198,cut,42672,26217,no
rKaHyPar,sat14_E02F20.cnf.hgr,no,no,4,128,0.03,0.0245399,41.8715,cut,42901,26590,no
rKaHyPar,sat14_E02F20.cnf.hgr,no,no,5,128,0.03,0.0245399,42.7183,cut,42903,26187,no
rKaHyPar,sat14_E02F20.cnf.hgr,no,no,6,128,0.03,0.0245399,41.3875,cut,42683,26431,no
rKaHyPar,sat14_E02F20.cnf.hgr,no,no,7,128,0.03,0.0245399,59.6078,cut,42660,26045,no
rKaHyPar,sat14_E02F20.cnf.hgr,no,no,8,128,0.03,0.0245399,59.3577,cut,42866,26135,no
rKaHyPar,sat14_E02F20.cnf.hgr,no,no,9,128,0.03,0.0245399,58.8472,cut,42746,26355,no
rKaHyPar,sat14_E02F20.cnf.hgr,no,no,0,16,0.03,0.0299309,27.3856,cut,20591,15661,no
rKaHyPar,sat14_E02F20.cnf.hgr,no,no,1,16,0.03,0.0299309,27.6378,cut,19777,15525,no
rKaHyPar,sat14_E02F20.cnf.hgr,no,no,2,16,0.03,0.0299309,17.8689,cut,19565,15044,no
rKaHyPar,sat14_E02F20.cnf.hgr,no,no,3,16,0.03,0.0299309,27.4155,cut,19805,15155,no
rKaHyPar,sat14_E02F20.cnf.hgr,no,no,4,16,0.03,0.0299309,26.9839,cut,19524,14951,no
rKaHyPar,sat14_E02F20.cnf.hgr,no,no,5,16,0.03,0.0299309,28.3318,cut,20929,16173,no
rKaHyPar,sat14_E02F20.cnf.hgr,no,no,6,16,0.03,0.0299309,27.43,cut,20245,15600,no
rKaHyPar,sat14_E02F20.cnf.hgr,no,no,7,16,0.03,0.0299309,27.1773,cut,20281,15348,no
rKaHyPar,sat14_E02F20.cnf.hgr,no,no,8,16,0.03,0.0299309,28.1453,cut,20156,15494,no
rKaHyPar,sat14_E02F20.cnf.hgr,no,no,9,16,0.03,0.0299309,17.9111,cut,20091,15013,no
rKaHyPar,sat14_E02F20.cnf.hgr,no,no,0,2,0.03,0,3.58935,cut,190,190,no
rKaHyPar,sat14_E02F20.cnf.hgr,no,no,1,2,0.03,0,5.32668,cut,190,190,no
rKaHyPar,sat14_E02F20.cnf.hgr,no,no,2,2,0.03,0,5.23666,cut,190,190,no
rKaHyPar,sat14_E02F20.cnf.hgr,no,no,3,2,0.03,0,3.70165,cut,190,190,no
rKaHyPar,sat14_E02F20.cnf.hgr,no,no,4,2,0.03,0,5.13342,cut,190,190,no
rKaHyPar,sat14_E02F20.cnf.hgr,no,no,5,2,0.03,0,3.67625,cut,190,190,no
rKaHyPar,sat14_E02F20.cnf.hgr,no,no,6,2,0.03,0,3.67793,cut,190,190,no
rKaHyPar,sat14_E02F20.cnf.hgr,no,no,7,2,0.03,0,3.60449,cut,190,190,no
rKaHyPar,sat14_E02F20.cnf.hgr,no,no,8,2,0.03,0,3.7321,cut,190,190,no
rKaHyPar,sat14_E02F20.cnf.hgr,no,no,9,2,0.03,0,3.72987,cut,190,190,no
rKaHyPar,sat14_E02F20.cnf.hgr,no,no,0,32,0.03,0.0291411,28.9049,cut,26037,18360,no
rKaHyPar,sat14_E02F20.cnf.hgr,no,no,1,32,0.03,0.0291411,31.0312,cut,25443,17521,no
rKaHyPar,sat14_E02F20.cnf.hgr,no,no,2,32,0.03,0.0291411,21.0411,cut,25737,17750,no
rKaHyPar,sat14_E02F20.cnf.hgr,no,no,3,32,0.03,0.0291411,32.3337,cut,25612,17660,no
rKaHyPar,sat14_E02F20.cnf.hgr,no,no,4,32,0.03,0.0291411,22.11,cut,25950,18094,no
rKaHyPar,sat14_E02F20.cnf.hgr,no,no,5,32,0.03,0.0291411,31.4414,cut,26153,18202,no
rKaHyPar,sat14_E02F20.cnf.hgr,no,no,6,32,0.03,0.0291411,31.9546,cut,25350,17742,no
rKaHyPar,sat14_E02F20.cnf.hgr,no,no,7,32,0.03,0.0291411,20.3221,cut,25695,17866,no
rKaHyPar,sat14_E02F20.cnf.hgr,no,no,8,32,0.03,0.0291411,22.1862,cut,26418,18707,no
rKaHyPar,sat14_E02F20.cnf.hgr,no,no,9,32,0.03,0.0291411,28.7665,cut,25872,17979,no
rKaHyPar,sat14_E02F20.cnf.hgr,no,no,0,4,0.03,0.0299424,26.5431,cut,9145,8955,no
rKaHyPar,sat14_E02F20.cnf.hgr,no,no,1,4,0.03,0.0299424,14.0984,cut,8761,8571,no
rKaHyPar,sat14_E02F20.cnf.hgr,no,no,2,4,0.03,0.0299424,18.4259,cut,9122,8932,no
rKaHyPar,sat14_E02F20.cnf.hgr,no,no,3,4,0.03,0.0299424,20.6668,cut,8951,8763,no
rKaHyPar,sat14_E02F20.cnf.hgr,no,no,4,4,0.03,0.0299424,31.701,cut,9117,8927,no
rKaHyPar,sat14_E02F20.cnf.hgr,no,no,5,4,0.03,0.0299424,16.1297,cut,8774,8584,no
rKaHyPar,sat14_E02F20.cnf.hgr,no,no,6,4,0.03,0.0299424,41.0089,cut,9172,8982,no
rKaHyPar,sat14_E02F20.cnf.hgr,no,no,7,4,0.03,0.0299424,14.8595,cut,8651,8461,no
rKaHyPar,sat14_E02F20.cnf.hgr,no,no,8,4,0.03,0.012476,10.5892,cut,8730,8540,no
rKaHyPar,sat14_E02F20.cnf.hgr,no,no,9,4,0.03,0.0299424,30.7225,cut,9112,8922,no
rKaHyPar,sat14_E02F20.cnf.hgr,no,no,0,64,0.03,0.0276074,41.0397,cut,34276,20879,no
rKaHyPar,sat14_E02F20.cnf.hgr,no,no,1,64,0.03,0.0276074,37.849,cut,34345,20641,no
rKaHyPar,sat14_E02F20.cnf.hgr,no,no,3,64,0.03,0.0276074,38.323,cut,34043,20662,no
rKaHyPar,sat14_E02F20.cnf.hgr,no,no,4,64,0.03,0.0276074,28.2906,cut,33685,20891,no
rKaHyPar,sat14_E02F20.cnf.hgr,no,no,5,64,0.03,0.0276074,27.7165,cut,34596,20752,no
rKaHyPar,sat14_E02F20.cnf.hgr,no,no,6,64,0.03,0.0276074,40.3923,cut,34362,20752,no
rKaHyPar,sat14_E02F20.cnf.hgr,no,no,7,64,0.03,0.0276074,39.9994,cut,33999,21081,no
rKaHyPar,sat14_E02F20.cnf.hgr,no,no,8,64,0.03,0.0276074,39.9169,cut,34394,20359,no
rKaHyPar,sat14_E02F20.cnf.hgr,no,no,9,64,0.03,0.0276074,27.6249,cut,34807,20384,no
rKaHyPar,sat14_E02F20.cnf.hgr,no,no,0,8,0.03,0.0299424,18.3081,cut,15568,12708,no
rKaHyPar,sat14_E02F20.cnf.hgr,no,no,1,8,0.03,0.0299424,38.6944,cut,16070,13349,no
rKaHyPar,sat14_E02F20.cnf.hgr,no,no,2,8,0.03,0.0299424,21.7367,cut,14181,12245,no
rKaHyPar,sat14_E02F20.cnf.hgr,no,no,3,8,0.03,0.0299424,14.381,cut,14769,11860,no
rKaHyPar,sat14_E02F20.cnf.hgr,no,no,4,8,0.03,0.0287908,15.6158,cut,15824,12970,no
rKaHyPar,sat14_E02F20.cnf.hgr,no,no,5,8,0.03,0.0299424,17.126,cut,14833,12572,no
rKaHyPar,sat14_E02F20.cnf.hgr,no,no,6,8,0.03,0.0299424,27.3713,cut,15962,13698,no
rKaHyPar,sat14_E02F20.cnf.hgr,no,no,7,8,0.03,0.0299424,20.7412,cut,14704,12181,no
rKaHyPar,sat14_E02F20.cnf.hgr,no,no,8,8,0.03,0.0299424,16.8481,cut,15007,12246,no
rKaHyPar,sat14_E02F20.cnf.hgr,no,no,9,8,0.03,0.0299424,20.9419,cut,14967,11893,no
rKaHyPar,sat14_E02F20.cnf.primal.hgr,no,no,0,128,0.03,0.0243902,86.4677,cut,69228,50995,no
rKaHyPar,sat14_E02F20.cnf.primal.hgr,no,no,1,128,0.03,0.0243902,92.3705,cut,69821,51084,no
rKaHyPar,sat14_E02F20.cnf.primal.hgr,no,no,2,128,0.03,0.0243902,59.8847,cut,69760,50996,no
rKaHyPar,sat14_E02F20.cnf.primal.hgr,no,no,3,128,0.03,0.0243902,57.3484,cut,70461,51101,no
rKaHyPar,sat14_E02F20.cnf.primal.hgr,no,no,4,128,0.03,0.0243902,56.8186,cut,69837,50984,no
rKaHyPar,sat14_E02F20.cnf.primal.hgr,no,no,5,128,0.03,0.0243902,57.3298,cut,69189,50955,no
rKaHyPar,sat14_E02F20.cnf.primal.hgr,no,no,6,128,0.03,0.0243902,92.2087,cut,71317,51097,no
rKaHyPar,sat14_E02F20.cnf.primal.hgr,no,no,7,128,0.03,0.0243902,90.2496,cut,69340,51103,no
rKaHyPar,sat14_E02F20.cnf.primal.hgr,no,no,8,128,0.03,0.0243902,87.0015,cut,69804,51050,no
rKaHyPar,sat14_E02F20.cnf.primal.hgr,no,no,9,128,0.03,0.0243902,56.4527,cut,69896,51091,no
rKaHyPar,sat14_E02F20.cnf.primal.hgr,no,no,0,16,0.03,0.0291411,21.9765,cut,22454,17621,no
rKaHyPar,sat14_E02F20.cnf.primal.hgr,no,no,1,16,0.03,0.0291411,28.6662,cut,22302,17547,no
rKaHyPar,sat14_E02F20.cnf.primal.hgr,no,no,2,16,0.03,0.0291411,18.8981,cut,22745,17678,no
rKaHyPar,sat14_E02F20.cnf.primal.hgr,no,no,3,16,0.03,0.0291411,25.2794,cut,23117,17918,no
rKaHyPar,sat14_E02F20.cnf.primal.hgr,no,no,4,16,0.03,0.0291411,22.8552,cut,22499,17604,no
rKaHyPar,sat14_E02F20.cnf.primal.hgr,no,no,5,16,0.03,0.0291411,24.2502,cut,22634,17757,no
rKaHyPar,sat14_E02F20.cnf.primal.hgr,no,no,6,16,0.03,0.0291411,23.4401,cut,22274,17575,no
rKaHyPar,sat14_E02F20.cnf.primal.hgr,no,no,7,16,0.03,0.0291411,23.3626,cut,22785,17615,no
rKaHyPar,sat14_E02F20.cnf.primal.hgr,no,no,8,16,0.03,0.0291411,23.1323,cut,22624,17715,no
rKaHyPar,sat14_E02F20.cnf.primal.hgr,no,no,9,16,0.03,0.0291411,15.5415,cut,22757,17570,no
rKaHyPar,sat14_E02F20.cnf.primal.hgr,no,no,0,2,0.03,0,5.65114,cut,190,190,no
rKaHyPar,sat14_E02F20.cnf.primal.hgr,no,no,1,2,0.03,0,9.9659,cut,190,190,no
rKaHyPar,sat14_E02F20.cnf.primal.hgr,no,no,2,2,0.03,0,9.38135,cut,190,190,no
rKaHyPar,sat14_E02F20.cnf.primal.hgr,no,no,3,2,0.03,0,3.96385,cut,190,190,no
rKaHyPar,sat14_E02F20.cnf.primal.hgr,no,no,4,2,0.03,0,6.26506,cut,190,190,no
rKaHyPar,sat14_E02F20.cnf.primal.hgr,no,no,5,2,0.03,0,4.21932,cut,190,190,no
rKaHyPar,sat14_E02F20.cnf.primal.hgr,no,no,6,2,0.03,0,7.06355,cut,190,190,no
rKaHyPar,sat14_E02F20.cnf.primal.hgr,no,no,7,2,0.03,0,4.81341,cut,190,190,no
rKaHyPar,sat14_E02F20.cnf.primal.hgr,no,no,8,2,0.03,0,4.27718,cut,190,190,no
rKaHyPar,sat14_E02F20.cnf.primal.hgr,no,no,9,2,0.03,0,3.74052,cut,190,190,no
rKaHyPar,sat14_E02F20.cnf.primal.hgr,no,no,0,32,0.03,0.0276074,27.9548,cut,33458,21745,no
rKaHyPar,sat14_E02F20.cnf.primal.hgr,no,no,1,32,0.03,0.0276074,32.2378,cut,33554,21836,no
rKaHyPar,sat14_E02F20.cnf.primal.hgr,no,no,2,32,0.03,0.0276074,31.5534,cut,33654,21715,no
rKaHyPar,sat14_E02F20.cnf.primal.hgr,no,no,3,32,0.03,0.0276074,20.5297,cut,32766,21751,no
rKaHyPar,sat14_E02F20.cnf.primal.hgr,no,no,4,32,0.03,0.0276074,20.1608,cut,33579,21751,no
rKaHyPar,sat14_E02F20.cnf.primal.hgr,no,no,5,32,0.03,0.0276074,20.4648,cut,33375,22110,no
rKaHyPar,sat14_E02F20.cnf.primal.hgr,no,no,6,32,0.03,0.0276074,32.6168,cut,33162,21903,no
rKaHyPar,sat14_E02F20.cnf.primal.hgr,no,no,7,32,0.03,0.0276074,20.2528,cut,32993,21746,no
rKaHyPar,sat14_E02F20.cnf.primal.hgr,no,no,8,32,0.03,0.0276074,20.8218,cut,33458,21812,no
rKaHyPar,sat14_E02F20.cnf.primal.hgr,no,no,9,32,0.03,0.0276074,27.5164,cut,33332,21793,no
rKaHyPar,sat14_E02F20.cnf.primal.hgr,no,no,0,4,0.03,0.0284069,12.2496,cut,9037,9037,no
rKaHyPar,sat14_E02F20.cnf.primal.hgr,no,no,1,4,0.03,0.0284069,11.824,cut,9100,9100,no
rKaHyPar,sat14_E02F20.cnf.primal.hgr,no,no,2,4,0.03,0.0284069,11.617,cut,9100,9100,no
rKaHyPar,sat14_E02F20.cnf.primal.hgr,no,no,3,4,0.03,0.0284069,8.20338,cut,9018,9018,no
rKaHyPar,sat14_E02F20.cnf.primal.hgr,no,no,4,4,0.03,0.0284069,15.0276,cut,9160,9160,no
rKaHyPar,sat14_E02F20.cnf.primal.hgr,no,no,5,4,0.03,0.0284069,10.452,cut,8935,8935,no
rKaHyPar,sat14_E02F20.cnf.primal.hgr,no,no,6,4,0.03,0.0284069,13.2257,cut,8936,8936,no
rKaHyPar,sat14_E02F20.cnf.primal.hgr,no,no,7,4,0.03,0.0284069,9.40571,cut,9018,9018,no
rKaHyPar,sat14_E02F20.cnf.primal.hgr,no,no,8,4,0.03,0.0284069,15.4095,cut,9038,9038,no
rKaHyPar,sat14_E02F20.cnf.primal.hgr,no,no,9,4,0.03,0.0284069,9.92783,cut,8935,8935,no
rKaHyPar,sat14_E02F20.cnf.primal.hgr,no,no,0,64,0.03,0.0245399,47.7125,cut,44919,29156,no
rKaHyPar,sat14_E02F20.cnf.primal.hgr,no,no,1,64,0.03,0.0245399,36.6879,cut,45073,29255,no
rKaHyPar,sat14_E02F20.cnf.primal.hgr,no,no,3,64,0.03,0.0245399,48.4627,cut,44887,29087,no
rKaHyPar,sat14_E02F20.cnf.primal.hgr,no,no,4,64,0.03,0.0245399,32.3017,cut,44840,29104,no
rKaHyPar,sat14_E02F20.cnf.primal.hgr,no,no,5,64,0.03,0.0245399,33.2171,cut,45103,29367,no
rKaHyPar,sat14_E02F20.cnf.primal.hgr,no,no,6,64,0.03,0.0245399,50.9413,cut,45095,29364,no
rKaHyPar,sat14_E02F20.cnf.primal.hgr,no,no,7,64,0.03,0.0245399,33.3626,cut,45052,29328,no
rKaHyPar,sat14_E02F20.cnf.primal.hgr,no,no,8,64,0.03,0.0245399,47.9771,cut,45052,29277,no
rKaHyPar,sat14_E02F20.cnf.primal.hgr,no,no,9,64,0.03,0.0245399,31.9346,cut,44955,29234,no
rKaHyPar,sat14_E02F20.cnf.primal.hgr,no,no,0,8,0.03,0.0299309,13.8986,cut,15312,13752,no
rKaHyPar,sat14_E02F20.cnf.primal.hgr,no,no,1,8,0.03,0.0299309,21.4503,cut,15620,14000,no
rKaHyPar,sat14_E02F20.cnf.primal.hgr,no,no,2,8,0.03,0.0299309,21.803,cut,15476,13896,no
rKaHyPar,sat14_E02F20.cnf.primal.hgr,no,no,3,8,0.03,0.0299309,13.7767,cut,15897,14077,no
rKaHyPar,sat14_E02F20.cnf.primal.hgr,no,no,4,8,0.03,0.0299309,21.5208,cut,15240,13780,no
rKaHyPar,sat14_E02F20.cnf.primal.hgr,no,no,5,8,0.03,0.0299309,14.9729,cut,15481,13861,no
rKaHyPar,sat14_E02F20.cnf.primal.hgr,no,no,6,8,0.03,0.0299309,13.7903,cut,15594,13894,no
rKaHyPar,sat14_E02F20.cnf.primal.hgr,no,no,7,8,0.03,0.0299309,13.7849,cut,15447,13927,no
rKaHyPar,sat14_E02F20.cnf.primal.hgr,no,no,8,8,0.03,0.0299309,13.2244,cut,15638,14038,no
rKaHyPar,sat14_E02F20.cnf.primal.hgr,no,no,9,8,0.03,0.0299309,18.885,cut,15727,13947,no
rKaHyPar,sat14_E02F22.cnf.dual.hgr,no,yes,0,128,0.03,1,28800,cut,2147483647,2147483647,no
rKaHyPar,sat14_E02F22.cnf.dual.hgr,no,yes,1,128,0.03,1,28800,cut,2147483647,2147483647,no
rKaHyPar,sat14_E02F22.cnf.dual.hgr,no,yes,2,128,0.03,1,28800,cut,2147483647,2147483647,no
rKaHyPar,sat14_E02F22.cnf.dual.hgr,no,yes,3,128,0.03,1,28800,cut,2147483647,2147483647,no
rKaHyPar,sat14_E02F22.cnf.dual.hgr,no,yes,4,128,0.03,1,28800,cut,2147483647,2147483647,no
rKaHyPar,sat14_E02F22.cnf.dual.hgr,no,yes,5,128,0.03,1,28800,cut,2147483647,2147483647,no
rKaHyPar,sat14_E02F22.cnf.dual.hgr,no,yes,6,128,0.03,1,28800,cut,2147483647,2147483647,no
rKaHyPar,sat14_E02F22.cnf.dual.hgr,no,yes,7,128,0.03,1,28800,cut,2147483647,2147483647,no
rKaHyPar,sat14_E02F22.cnf.dual.hgr,no,yes,8,128,0.03,1,28800,cut,2147483647,2147483647,no
rKaHyPar,sat14_E02F22.cnf.dual.hgr,no,yes,9,128,0.03,1,28800,cut,2147483647,2147483647,no
rKaHyPar,sat14_E02F22.cnf.dual.hgr,no,yes,0,16,0.03,1,28800,cut,2147483647,2147483647,no
rKaHyPar,sat14_E02F22.cnf.dual.hgr,no,yes,1,16,0.03,1,28800,cut,2147483647,2147483647,no
rKaHyPar,sat14_E02F22.cnf.dual.hgr,no,yes,2,16,0.03,1,28800,cut,2147483647,2147483647,no
rKaHyPar,sat14_E02F22.cnf.dual.hgr,no,yes,3,16,0.03,1,28800,cut,2147483647,2147483647,no
rKaHyPar,sat14_E02F22.cnf.dual.hgr,no,yes,4,16,0.03,1,28800,cut,2147483647,2147483647,no
rKaHyPar,sat14_E02F22.cnf.dual.hgr,no,yes,5,16,0.03,1,28800,cut,2147483647,2147483647,no
rKaHyPar,sat14_E02F22.cnf.dual.hgr,no,yes,6,16,0.03,1,28800,cut,2147483647,2147483647,no
rKaHyPar,sat14_E02F22.cnf.dual.hgr,no,yes,7,16,0.03,1,28800,cut,2147483647,2147483647,no
rKaHyPar,sat14_E02F22.cnf.dual.hgr,no,yes,8,16,0.03,1,28800,cut,2147483647,2147483647,no
rKaHyPar,sat14_E02F22.cnf.dual.hgr,no,yes,9,16,0.03,1,28800,cut,2147483647,2147483647,no
rKaHyPar,sat14_E02F22.cnf.dual.hgr,no,no,1,2,0.03,0.0217324,28698,cut,331,331,no
rKaHyPar,sat14_E02F22.cnf.dual.hgr,no,no,2,2,0.03,0.0238843,28570.7,cut,313,313,no
rKaHyPar,sat14_E02F22.cnf.dual.hgr,no,no,3,2,0.03,0.0243593,28698.8,cut,319,319,no
rKaHyPar,sat14_E02F22.cnf.dual.hgr,no,no,4,2,0.03,0.0277439,28583.5,cut,316,316,no
rKaHyPar,sat14_E02F22.cnf.dual.hgr,no,no,5,2,0.03,0.019848,28772.3,cut,328,328,no
rKaHyPar,sat14_E02F22.cnf.dual.hgr,no,no,6,2,0.03,0.0288598,28779.8,cut,332,332,no
rKaHyPar,sat14_E02F22.cnf.dual.hgr,no,no,7,2,0.03,0.0268324,28705.8,cut,318,318,no
rKaHyPar,sat14_E02F22.cnf.dual.hgr,no,no,8,2,0.03,0.0271782,28718.7,cut,324,324,no
rKaHyPar,sat14_E02F22.cnf.dual.hgr,no,no,9,2,0.03,0.0232879,28591.5,cut,322,322,no
rKaHyPar,sat14_E02F22.cnf.dual.hgr,no,yes,0,32,0.03,1,28800,cut,2147483647,2147483647,no
rKaHyPar,sat14_E02F22.cnf.dual.hgr,no,yes,3,32,0.03,1,28800,cut,2147483647,2147483647,no
rKaHyPar,sat14_E02F22.cnf.dual.hgr,no,yes,4,32,0.03,1,28800,cut,2147483647,2147483647,no
rKaHyPar,sat14_E02F22.cnf.dual.hgr,no,yes,5,32,0.03,1,28800,cut,2147483647,2147483647,no
rKaHyPar,sat14_E02F22.cnf.dual.hgr,no,yes,6,32,0.03,1,28800,cut,2147483647,2147483647,no
rKaHyPar,sat14_E02F22.cnf.dual.hgr,no,yes,7,32,0.03,1,28800,cut,2147483647,2147483647,no
rKaHyPar,sat14_E02F22.cnf.dual.hgr,no,yes,8,32,0.03,1,28800,cut,2147483647,2147483647,no
rKaHyPar,sat14_E02F22.cnf.dual.hgr,no,yes,9,32,0.03,1,28800,cut,2147483647,2147483647,no
rKaHyPar,sat14_E02F22.cnf.dual.hgr,no,yes,0,4,0.03,1,28800,cut,2147483647,2147483647,no
rKaHyPar,sat14_E02F22.cnf.dual.hgr,no,yes,1,4,0.03,1,28800,cut,2147483647,2147483647,no
rKaHyPar,sat14_E02F22.cnf.dual.hgr,no,yes,2,4,0.03,1,28800,cut,2147483647,2147483647,no
rKaHyPar,sat14_E02F22.cnf.dual.hgr,no,yes,3,4,0.03,1,28800,cut,2147483647,2147483647,no
rKaHyPar,sat14_E02F22.cnf.dual.hgr,no,yes,6,4,0.03,1,28800,cut,2147483647,2147483647,no
rKaHyPar,sat14_E02F22.cnf.dual.hgr,no,yes,7,4,0.03,1,28800,cut,2147483647,2147483647,no
rKaHyPar,sat14_E02F22.cnf.dual.hgr,no,yes,8,4,0.03,1,28800,cut,2147483647,2147483647,no
rKaHyPar,sat14_E02F22.cnf.dual.hgr,no,yes,9,4,0.03,1,28800,cut,2147483647,2147483647,no
rKaHyPar,sat14_E02F22.cnf.dual.hgr,no,yes,0,64,0.03,1,28800,cut,2147483647,2147483647,no
rKaHyPar,sat14_E02F22.cnf.dual.hgr,no,yes,3,64,0.03,1,28800,cut,2147483647,2147483647,no
rKaHyPar,sat14_E02F22.cnf.dual.hgr,no,yes,4,64,0.03,1,28800,cut,2147483647,2147483647,no
rKaHyPar,sat14_E02F22.cnf.dual.hgr,no,yes,5,64,0.03,1,28800,cut,2147483647,2147483647,no
rKaHyPar,sat14_E02F22.cnf.dual.hgr,no,yes,6,64,0.03,1,28800,cut,2147483647,2147483647,no
rKaHyPar,sat14_E02F22.cnf.dual.hgr,no,yes,7,64,0.03,1,28800,cut,2147483647,2147483647,no
rKaHyPar,sat14_E02F22.cnf.dual.hgr,no,yes,9,64,0.03,1,28800,cut,2147483647,2147483647,no
rKaHyPar,sat14_E02F22.cnf.dual.hgr,no,yes,0,8,0.03,1,28800,cut,2147483647,2147483647,no
rKaHyPar,sat14_E02F22.cnf.dual.hgr,no,yes,1,8,0.03,1,28800,cut,2147483647,2147483647,no
rKaHyPar,sat14_E02F22.cnf.dual.hgr,no,yes,2,8,0.03,1,28800,cut,2147483647,2147483647,no
rKaHyPar,sat14_E02F22.cnf.dual.hgr,no,yes,3,8,0.03,1,28800,cut,2147483647,2147483647,no
rKaHyPar,sat14_E02F22.cnf.dual.hgr,no,yes,4,8,0.03,1,28800,cut,2147483647,2147483647,no
rKaHyPar,sat14_E02F22.cnf.dual.hgr,no,yes,5,8,0.03,1,28800,cut,2147483647,2147483647,no
rKaHyPar,sat14_E02F22.cnf.dual.hgr,no,yes,7,8,0.03,1,28800,cut,2147483647,2147483647,no
rKaHyPar,sat14_E02F22.cnf.dual.hgr,no,yes,8,8,0.03,1,28800,cut,2147483647,2147483647,no
rKaHyPar,sat14_E02F22.cnf.dual.hgr,no,yes,9,8,0.03,1,28800,cut,2147483647,2147483647,no
rKaHyPar,sat14_E02F22.cnf.hgr,no,no,0,128,0.03,0.028169,335.755,cut,59035,33621,no
rKaHyPar,sat14_E02F22.cnf.hgr,no,no,1,128,0.03,0.028169,343.21,cut,59148,33703,no
rKaHyPar,sat14_E02F22.cnf.hgr,no,no,2,128,0.03,0.028169,225.794,cut,59029,33659,no
rKaHyPar,sat14_E02F22.cnf.hgr,no,no,3,128,0.03,0.028169,216.466,cut,58947,33713,no
rKaHyPar,sat14_E02F22.cnf.hgr,no,no,4,128,0.03,0.028169,226.849,cut,58593,33809,no
rKaHyPar,sat14_E02F22.cnf.hgr,no,no,5,128,0.03,0.028169,221.232,cut,58940,33559,no
rKaHyPar,sat14_E02F22.cnf.hgr,no,no,6,128,0.03,0.028169,326.862,cut,58950,33605,no
rKaHyPar,sat14_E02F22.cnf.hgr,no,no,7,128,0.03,0.028169,345.256,cut,59084,33762,no
rKaHyPar,sat14_E02F22.cnf.hgr,no,no,8,128,0.03,0.028169,337.403,cut,59016,33591,no
rKaHyPar,sat14_E02F22.cnf.hgr,no,no,9,128,0.03,0.028169,202.972,cut,58733,33569,no
rKaHyPar,sat14_E02F22.cnf.hgr,no,no,0,16,0.03,0.0294638,308.77,cut,32826,28836,no
rKaHyPar,sat14_E02F22.cnf.hgr,no,no,1,16,0.03,0.0294638,317.88,cut,32273,25742,no
rKaHyPar,sat14_E02F22.cnf.hgr,no,no,2,16,0.03,0.0294638,114.909,cut,31523,23047,no
rKaHyPar,sat14_E02F22.cnf.hgr,no,no,3,16,0.03,0.0294638,166.213,cut,31610,23180,no
rKaHyPar,sat14_E02F22.cnf.hgr,no,no,4,16,0.03,0.0294638,146.994,cut,31777,23300,no
rKaHyPar,sat14_E02F22.cnf.hgr,no,no,5,16,0.03,0.0294638,112.868,cut,30699,23165,no
rKaHyPar,sat14_E02F22.cnf.hgr,no,no,6,16,0.03,0.0294638,165.406,cut,32366,23112,no
rKaHyPar,sat14_E02F22.cnf.hgr,no,no,7,16,0.03,0.0294638,164.587,cut,31296,23076,no
rKaHyPar,sat14_E02F22.cnf.hgr,no,no,8,16,0.03,0.0294638,168.148,cut,32165,23504,no
rKaHyPar,sat14_E02F22.cnf.hgr,no,no,9,16,0.03,0.0294638,117.487,cut,32156,24483,no
rKaHyPar,sat14_E02F22.cnf.hgr,no,no,1,2,0.03,0,35.7072,cut,231,231,no
rKaHyPar,sat14_E02F22.cnf.hgr,no,no,2,2,0.03,0,24.4994,cut,231,231,no
rKaHyPar,sat14_E02F22.cnf.hgr,no,no,3,2,0.03,0,24.1807,cut,231,231,no
rKaHyPar,sat14_E02F22.cnf.hgr,no,no,4,2,0.03,0,34.982,cut,231,231,no
rKaHyPar,sat14_E02F22.cnf.hgr,no,no,5,2,0.03,0,34.1834,cut,231,231,no
rKaHyPar,sat14_E02F22.cnf.hgr,no,no,6,2,0.03,0,35.0432,cut,231,231,no
rKaHyPar,sat14_E02F22.cnf.hgr,no,no,7,2,0.03,0,24.1805,cut,231,231,no
rKaHyPar,sat14_E02F22.cnf.hgr,no,no,8,2,0.03,0,34.4844,cut,231,231,no
rKaHyPar,sat14_E02F22.cnf.hgr,no,no,9,2,0.03,0,23.8731,cut,231,231,no
rKaHyPar,sat14_E02F22.cnf.hgr,no,no,0,32,0.03,0.0294464,222.787,cut,39636,28413,no
rKaHyPar,sat14_E02F22.cnf.hgr,no,no,1,32,0.03,0.0294464,200.123,cut,38102,25673,no
rKaHyPar,sat14_E02F22.cnf.hgr,no,no,3,32,0.03,0.0294464,156.452,cut,39891,26448,no
rKaHyPar,sat14_E02F22.cnf.hgr,no,no,4,32,0.03,0.0294464,193.31,cut,38601,25934,no
rKaHyPar,sat14_E02F22.cnf.hgr,no,no,5,32,0.03,0.0294464,138.999,cut,39055,26011,no
rKaHyPar,sat14_E02F22.cnf.hgr,no,no,6,32,0.03,0.0294464,180.905,cut,38395,25711,no
rKaHyPar,sat14_E02F22.cnf.hgr,no,no,7,32,0.03,0.0294464,186.906,cut,38892,25677,no
rKaHyPar,sat14_E02F22.cnf.hgr,no,no,8,32,0.03,0.0294464,127.729,cut,39040,26208,no
rKaHyPar,sat14_E02F22.cnf.hgr,no,no,9,32,0.03,0.0294464,197.224,cut,38740,25678,no
rKaHyPar,sat14_E02F22.cnf.hgr,no,no,0,4,0.03,0.0299101,200.773,cut,13850,13620,no
rKaHyPar,sat14_E02F22.cnf.hgr,no,no,1,4,0.03,0.0299101,203.273,cut,13433,13203,no
rKaHyPar,sat14_E02F22.cnf.hgr,no,no,2,4,0.03,0.0297628,233.373,cut,14240,14010,no
rKaHyPar,sat14_E02F22.cnf.hgr,no,no,3,4,0.03,0.0299101,338.325,cut,14848,14732,no
rKaHyPar,sat14_E02F22.cnf.hgr,no,no,4,4,0.03,0.0299101,279.497,cut,14829,14613,no
rKaHyPar,sat14_E02F22.cnf.hgr,no,no,6,4,0.03,0.0285841,308.693,cut,13644,13525,no
rKaHyPar,sat14_E02F22.cnf.hgr,no,no,7,4,0.03,0.0241638,67.809,cut,12956,12726,no
rKaHyPar,sat14_E02F22.cnf.hgr,no,no,8,4,0.03,0.0299101,162.216,cut,13481,13251,no
rKaHyPar,sat14_E02F22.cnf.hgr,no,no,9,4,0.03,0.0299101,111.559,cut,14195,14077,no
rKaHyPar,sat14_E02F22.cnf.hgr,no,no,0,64,0.03,0.0282353,161.187,cut,50786,29604,no
rKaHyPar,sat14_E02F22.cnf.hgr,no,no,3,64,0.03,0.0282353,231.123,cut,51032,29757,no
rKaHyPar,sat14_E02F22.cnf.hgr,no,no,4,64,0.03,0.0282353,158.506,cut,50102,29720,no
rKaHyPar,sat14_E02F22.cnf.hgr,no,no,5,64,0.03,0.0282353,166.705,cut,51002,29682,no
rKaHyPar,sat14_E02F22.cnf.hgr,no,no,6,64,0.03,0.0282353,172.507,cut,48789,34225,no
rKaHyPar,sat14_E02F22.cnf.hgr,no,no,7,64,0.03,0.0282353,156.28,cut,50733,29778,no
rKaHyPar,sat14_E02F22.cnf.hgr,no,no,9,64,0.03,0.0282353,231.794,cut,49833,30007,no
rKaHyPar,sat14_E02F22.cnf.hgr,no,no,0,8,0.03,0.0265174,165.823,cut,23003,19144,no
rKaHyPar,sat14_E02F22.cnf.hgr,no,no,1,8,0.03,0.0297584,145.616,cut,24880,20092,no
rKaHyPar,sat14_E02F22.cnf.hgr,no,no,2,8,0.03,0.0291691,136.335,cut,22802,18740,no
rKaHyPar,sat14_E02F22.cnf.hgr,no,no,3,8,0.03,0.0297584,117.333,cut,23441,19384,no
rKaHyPar,sat14_E02F22.cnf.hgr,no,no,4,8,0.03,0.0291691,149.869,cut,24830,20434,no
rKaHyPar,sat14_E02F22.cnf.hgr,no,no,5,8,0.03,0.0173836,93.1493,cut,23584,19228,no
rKaHyPar,sat14_E02F22.cnf.hgr,no,no,6,8,0.03,0.0291691,124.646,cut,22423,18664,no
rKaHyPar,sat14_E02F22.cnf.hgr,no,no,7,8,0.03,0.0294638,99.7379,cut,24577,20157,no
rKaHyPar,sat14_E02F22.cnf.hgr,no,no,8,8,0.03,0.0288745,155.434,cut,23740,20456,no
rKaHyPar,sat14_E02F22.cnf.hgr,no,no,9,8,0.03,0.0265174,94.4336,cut,23610,20149,no
rKaHyPar,sat14_E02F22.cnf.primal.hgr,no,no,0,128,0.03,0.0280374,442.785,cut,118651,97148,no
rKaHyPar,sat14_E02F22.cnf.primal.hgr,no,no,1,128,0.03,0.0280374,427.952,cut,118684,97102,no
rKaHyPar,sat14_E02F22.cnf.primal.hgr,no,no,2,128,0.03,0.0280374,438.665,cut,118934,97455,no
rKaHyPar,sat14_E02F22.cnf.primal.hgr,no,no,3,128,0.03,0.0280374,295.945,cut,118794,97255,no
rKaHyPar,sat14_E02F22.cnf.primal.hgr,no,no,4,128,0.03,0.0280374,292.679,cut,118940,97417,no
rKaHyPar,sat14_E02F22.cnf.primal.hgr,no,no,5,128,0.03,0.0280374,294.597,cut,118867,97346,no
rKaHyPar,sat14_E02F22.cnf.primal.hgr,no,no,6,128,0.03,0.0280374,439.71,cut,118971,97409,no
rKaHyPar,sat14_E02F22.cnf.primal.hgr,no,no,7,128,0.03,0.0280374,440.477,cut,118895,97371,no
rKaHyPar,sat14_E02F22.cnf.primal.hgr,no,no,8,128,0.03,0.0280374,429.675,cut,118473,96995,no
rKaHyPar,sat14_E02F22.cnf.primal.hgr,no,no,9,128,0.03,0.0280374,310.372,cut,118861,97350,no
rKaHyPar,sat14_E02F22.cnf.primal.hgr,no,no,0,16,0.03,0.0294464,176.959,cut,31321,24894,no
rKaHyPar,sat14_E02F22.cnf.primal.hgr,no,no,1,16,0.03,0.0294464,185.067,cut,30663,24914,no
rKaHyPar,sat14_E02F22.cnf.primal.hgr,no,no,2,16,0.03,0.0294464,177.939,cut,30528,24653,no
rKaHyPar,sat14_E02F22.cnf.primal.hgr,no,no,3,16,0.03,0.0294464,187.915,cut,31349,24994,no
rKaHyPar,sat14_E02F22.cnf.primal.hgr,no,no,4,16,0.03,0.0294464,172.954,cut,30631,24735,no
rKaHyPar,sat14_E02F22.cnf.primal.hgr,no,no,5,16,0.03,0.0294464,120.299,cut,31094,24867,no
rKaHyPar,sat14_E02F22.cnf.primal.hgr,no,no,6,16,0.03,0.0294464,171.183,cut,30714,24935,no
rKaHyPar,sat14_E02F22.cnf.primal.hgr,no,no,7,16,0.03,0.0294464,192.975,cut,30668,24822,no
rKaHyPar,sat14_E02F22.cnf.primal.hgr,no,no,8,16,0.03,0.0294464,178.402,cut,30881,24936,no
rKaHyPar,sat14_E02F22.cnf.primal.hgr,no,no,9,16,0.03,0.0294464,121.483,cut,30843,24943,no
rKaHyPar,sat14_E02F22.cnf.primal.hgr,no,no,1,2,0.03,0,49.619,cut,231,231,no
rKaHyPar,sat14_E02F22.cnf.primal.hgr,no,no,2,2,0.03,0,33.4533,cut,231,231,no
rKaHyPar,sat14_E02F22.cnf.primal.hgr,no,no,3,2,0.03,0,38.5628,cut,231,231,no
rKaHyPar,sat14_E02F22.cnf.primal.hgr,no,no,4,2,0.03,0,43.6017,cut,231,231,no
rKaHyPar,sat14_E02F22.cnf.primal.hgr,no,no,5,2,0.03,0,42.3758,cut,231,231,no
rKaHyPar,sat14_E02F22.cnf.primal.hgr,no,no,6,2,0.03,0,46.2384,cut,231,231,no
rKaHyPar,sat14_E02F22.cnf.primal.hgr,no,no,7,2,0.03,0,41.546,cut,231,231,no
rKaHyPar,sat14_E02F22.cnf.primal.hgr,no,no,8,2,0.03,0,47.1101,cut,231,231,no
rKaHyPar,sat14_E02F22.cnf.primal.hgr,no,no,9,2,0.03,0,34.4836,cut,231,231,no
rKaHyPar,sat14_E02F22.cnf.primal.hgr,no,no,0,32,0.03,0.0282353,211.249,cut,45758,31318,no
rKaHyPar,sat14_E02F22.cnf.primal.hgr,no,no,1,32,0.03,0.0282353,211.587,cut,45488,31405,no
rKaHyPar,sat14_E02F22.cnf.primal.hgr,no,no,3,32,0.03,0.0282353,222.125,cut,46090,31529,no
rKaHyPar,sat14_E02F22.cnf.primal.hgr,no,no,4,32,0.03,0.0282353,207.758,cut,45931,31170,no
rKaHyPar,sat14_E02F22.cnf.primal.hgr,no,no,5,32,0.03,0.0282353,139.236,cut,45472,31396,no
rKaHyPar,sat14_E02F22.cnf.primal.hgr,no,no,6,32,0.03,0.0282353,205.55,cut,46285,31528,no
rKaHyPar,sat14_E02F22.cnf.primal.hgr,no,no,7,32,0.03,0.0282353,220.581,cut,46509,31417,no
rKaHyPar,sat14_E02F22.cnf.primal.hgr,no,no,8,32,0.03,0.0282353,157.595,cut,46413,31213,no
rKaHyPar,sat14_E02F22.cnf.primal.hgr,no,no,9,32,0.03,0.0282353,213.253,cut,45001,31312,no
rKaHyPar,sat14_E02F22.cnf.primal.hgr,no,no,0,4,0.03,0.0285798,96.1164,cut,13458,13458,no
rKaHyPar,sat14_E02F22.cnf.primal.hgr,no,no,1,4,0.03,0.0294638,104.886,cut,13457,13457,no
rKaHyPar,sat14_E02F22.cnf.primal.hgr,no,no,2,4,0.03,0.0229817,97.0303,cut,13459,13459,no
rKaHyPar,sat14_E02F22.cnf.primal.hgr,no,no,3,4,0.03,0.0285798,77.4078,cut,13614,13614,no
rKaHyPar,sat14_E02F22.cnf.primal.hgr,no,no,4,4,0.03,0.0294638,99.5213,cut,13457,13457,no
rKaHyPar,sat14_E02F22.cnf.primal.hgr,no,no,6,4,0.03,0.0294638,103.907,cut,13457,13457,no
rKaHyPar,sat14_E02F22.cnf.primal.hgr,no,no,7,4,0.03,0.0285798,78.4616,cut,13458,13458,no
rKaHyPar,sat14_E02F22.cnf.primal.hgr,no,no,8,4,0.03,0.0294638,97.798,cut,13457,13457,no
rKaHyPar,sat14_E02F22.cnf.primal.hgr,no,no,9,4,0.03,0.0229817,70.335,cut,13751,13751,no
rKaHyPar,sat14_E02F22.cnf.primal.hgr,no,no,0,64,0.03,0.028169,193.587,cut,57683,37147,no
rKaHyPar,sat14_E02F22.cnf.primal.hgr,no,no,3,64,0.03,0.028169,298.419,cut,57631,37310,no
rKaHyPar,sat14_E02F22.cnf.primal.hgr,no,no,4,64,0.03,0.028169,203.649,cut,57814,37644,no
rKaHyPar,sat14_E02F22.cnf.primal.hgr,no,no,5,64,0.03,0.028169,198.858,cut,57653,37390,no
rKaHyPar,sat14_E02F22.cnf.primal.hgr,no,no,6,64,0.03,0.028169,193.911,cut,57863,37509,no
rKaHyPar,sat14_E02F22.cnf.primal.hgr,no,no,7,64,0.03,0.028169,211.431,cut,57775,37629,no
rKaHyPar,sat14_E02F22.cnf.primal.hgr,no,no,9,64,0.03,0.028169,288.298,cut,57803,37548,no
rKaHyPar,sat14_E02F22.cnf.primal.hgr,no,no,0,8,0.03,0.0294638,138.359,cut,22540,20803,no
rKaHyPar,sat14_E02F22.cnf.primal.hgr,no,no,1,8,0.03,0.0294638,139.546,cut,22979,20802,no
rKaHyPar,sat14_E02F22.cnf.primal.hgr,no,no,2,8,0.03,0.0294638,135.287,cut,23074,20896,no
rKaHyPar,sat14_E02F22.cnf.primal.hgr,no,no,3,8,0.03,0.0294638,109.607,cut,23096,21072,no
rKaHyPar,sat14_E02F22.cnf.primal.hgr,no,no,4,8,0.03,0.0294638,135.69,cut,22758,20778,no
rKaHyPar,sat14_E02F22.cnf.primal.hgr,no,no,5,8,0.03,0.0294638,96.2997,cut,22787,20829,no
rKaHyPar,sat14_E02F22.cnf.primal.hgr,no,no,6,8,0.03,0.0294638,134.953,cut,22476,20606,no
rKaHyPar,sat14_E02F22.cnf.primal.hgr,no,no,7,8,0.03,0.0294638,106.123,cut,23380,21114,no
rKaHyPar,sat14_E02F22.cnf.primal.hgr,no,no,8,8,0.03,0.0294638,93.3473,cut,22781,20824,no
rKaHyPar,sat14_E02F22.cnf.primal.hgr,no,no,9,8,0.03,0.0294638,101.633,cut,23193,20972,no
rKaHyPar,sat14_gss-18-s100.cnf.dual.hgr,no,no,0,128,0.03,0.0298507,9.94865,cut,2291,1118,no
rKaHyPar,sat14_gss-18-s100.cnf.dual.hgr,no,no,1,128,0.03,0.0298507,7.40632,cut,2235,1115,no
rKaHyPar,sat14_gss-18-s100.cnf.dual.hgr,no,no,2,128,0.03,0.0298507,7.25547,cut,2295,1135,no
rKaHyPar,sat14_gss-18-s100.cnf.dual.hgr,no,no,3,128,0.03,0.0298507,7.21265,cut,2267,1119,no
rKaHyPar,sat14_gss-18-s100.cnf.dual.hgr,no,no,4,128,0.03,0.0298507,7.25303,cut,2295,1126,no
rKaHyPar,sat14_gss-18-s100.cnf.dual.hgr,no,no,5,128,0.03,0.0298507,7.20685,cut,2238,1126,no
rKaHyPar,sat14_gss-18-s100.cnf.dual.hgr,no,no,6,128,0.03,0.0298507,10.3147,cut,2267,1121,no
rKaHyPar,sat14_gss-18-s100.cnf.dual.hgr,no,no,7,128,0.03,0.0298507,7.16238,cut,2224,1088,no
rKaHyPar,sat14_gss-18-s100.cnf.dual.hgr,no,no,8,128,0.03,0.0298507,9.93345,cut,2334,1102,no
rKaHyPar,sat14_gss-18-s100.cnf.dual.hgr,no,no,9,128,0.03,0.0298507,7.23251,cut,2312,1120,no
rKaHyPar,sat14_gss-18-s100.cnf.dual.hgr,no,no,0,16,0.03,0.0297013,4.31372,cut,1102,569,no
rKaHyPar,sat14_gss-18-s100.cnf.dual.hgr,no,no,1,16,0.03,0.0295316,4.37498,cut,1066,560,no
rKaHyPar,sat14_gss-18-s100.cnf.dual.hgr,no,no,2,16,0.03,0.0293618,3.14687,cut,1101,561,no
rKaHyPar,sat14_gss-18-s100.cnf.dual.hgr,no,no,3,16,0.03,0.029871,4.43696,cut,1083,567,no
rKaHyPar,sat14_gss-18-s100.cnf.dual.hgr,no,no,4,16,0.03,0.0290224,4.21161,cut,1099,565,no
rKaHyPar,sat14_gss-18-s100.cnf.dual.hgr,no,no,5,16,0.03,0.0297013,3.05695,cut,1104,566,no
rKaHyPar,sat14_gss-18-s100.cnf.dual.hgr,no,no,7,16,0.03,0.0293618,3.18712,cut,1067,580,no
rKaHyPar,sat14_gss-18-s100.cnf.dual.hgr,no,no,8,16,0.03,0.0297013,4.38826,cut,1054,560,no
rKaHyPar,sat14_gss-18-s100.cnf.dual.hgr,no,no,9,16,0.03,0.0295316,3.09205,cut,1094,570,no
rKaHyPar,sat14_gss-18-s100.cnf.dual.hgr,no,no,1,2,0.03,0.0234857,0.810647,cut,95,95,no
rKaHyPar,sat14_gss-18-s100.cnf.dual.hgr,no,no,2,2,0.03,2.12157e-05,0.811598,cut,98,98,no
rKaHyPar,sat14_gss-18-s100.cnf.dual.hgr,no,no,3,2,0.03,0.024992,0.834922,cut,94,94,no
rKaHyPar,sat14_gss-18-s100.cnf.dual.hgr,no,no,4,2,0.03,0.00753156,0.779459,cut,89,89,no
rKaHyPar,sat14_gss-18-s100.cnf.dual.hgr,no,no,5,2,0.03,0.000742548,1.08418,cut,89,89,no
rKaHyPar,sat14_gss-18-s100.cnf.dual.hgr,no,no,6,2,0.03,0.000360666,1.07378,cut,90,90,no
rKaHyPar,sat14_gss-18-s100.cnf.dual.hgr,no,no,7,2,0.03,0.0237403,0.786302,cut,88,88,no
rKaHyPar,sat14_gss-18-s100.cnf.dual.hgr,no,no,8,2,0.03,0.0235706,1.12791,cut,95,95,no
rKaHyPar,sat14_gss-18-s100.cnf.dual.hgr,no,no,9,2,0.03,0.00727697,0.801849,cut,89,89,no
rKaHyPar,sat14_gss-18-s100.cnf.dual.hgr,no,no,0,32,0.03,0.029871,5.72784,cut,1437,693,no
rKaHyPar,sat14_gss-18-s100.cnf.dual.hgr,no,no,1,32,0.03,0.029871,5.88233,cut,1469,708,no
rKaHyPar,sat14_gss-18-s100.cnf.dual.hgr,no,no,3,32,0.03,0.029871,4.15679,cut,1483,712,no
rKaHyPar,sat14_gss-18-s100.cnf.dual.hgr,no,no,4,32,0.03,0.029871,5.93441,cut,1450,713,no
rKaHyPar,sat14_gss-18-s100.cnf.dual.hgr,no,no,5,32,0.03,0.029871,4.18163,cut,1477,715,no
rKaHyPar,sat14_gss-18-s100.cnf.dual.hgr,no,no,6,32,0.03,0.029871,5.87046,cut,1460,713,no
rKaHyPar,sat14_gss-18-s100.cnf.dual.hgr,no,no,7,32,0.03,0.029871,5.75735,cut,1453,700,no
rKaHyPar,sat14_gss-18-s100.cnf.dual.hgr,no,no,8,32,0.03,0.029871,4.19436,cut,1480,696,no
rKaHyPar,sat14_gss-18-s100.cnf.dual.hgr,no,no,9,32,0.03,0.0285132,5.72811,cut,1468,716,no
rKaHyPar,sat14_gss-18-s100.cnf.dual.hgr,no,no,0,4,0.03,0.0104803,1.55155,cut,287,236,no
rKaHyPar,sat14_gss-18-s100.cnf.dual.hgr,no,no,1,4,0.03,0.0108622,2.04325,cut,268,218,no
rKaHyPar,sat14_gss-18-s100.cnf.dual.hgr,no,no,2,4,0.03,0.0247794,1.45525,cut,291,230,no
rKaHyPar,sat14_gss-18-s100.cnf.dual.hgr,no,no,3,4,0.03,0.00755261,1.50805,cut,283,230,no
rKaHyPar,sat14_gss-18-s100.cnf.dual.hgr,no,no,4,4,0.03,0.0214274,2.11226,cut,285,233,no
rKaHyPar,sat14_gss-18-s100.cnf.dual.hgr,no,no,6,4,0.03,0.0086558,1.47004,cut,291,235,no
rKaHyPar,sat14_gss-18-s100.cnf.dual.hgr,no,no,7,4,0.03,0.00721317,1.56117,cut,295,239,no
rKaHyPar,sat14_gss-18-s100.cnf.dual.hgr,no,no,8,4,0.03,0.0221911,2.12287,cut,270,218,no
rKaHyPar,sat14_gss-18-s100.cnf.dual.hgr,no,no,9,4,0.03,0.0104379,1.49666,cut,268,220,no
rKaHyPar,sat14_gss-18-s100.cnf.dual.hgr,no,no,0,64,0.03,0.029871,5.59731,cut,1877,888,no
rKaHyPar,sat14_gss-18-s100.cnf.dual.hgr,no,no,2,64,0.03,0.029871,7.63258,cut,1977,908,no
rKaHyPar,sat14_gss-18-s100.cnf.dual.hgr,no,no,3,64,0.03,0.029871,7.58198,cut,1912,894,no
rKaHyPar,sat14_gss-18-s100.cnf.dual.hgr,no,no,4,64,0.03,0.029871,5.63265,cut,1886,897,no
rKaHyPar,sat14_gss-18-s100.cnf.dual.hgr,no,no,5,64,0.03,0.029871,5.48348,cut,1858,880,no
rKaHyPar,sat14_gss-18-s100.cnf.dual.hgr,no,no,6,64,0.03,0.029871,5.43877,cut,1869,858,no
rKaHyPar,sat14_gss-18-s100.cnf.dual.hgr,no,no,7,64,0.03,0.029871,5.47892,cut,1844,883,no
rKaHyPar,sat14_gss-18-s100.cnf.dual.hgr,no,no,8,64,0.03,0.029871,5.44116,cut,1858,882,no
rKaHyPar,sat14_gss-18-s100.cnf.dual.hgr,no,no,9,64,0.03,0.029871,7.56299,cut,1887,877,no
rKaHyPar,sat14_gss-18-s100.cnf.dual.hgr,no,no,0,8,0.03,0.0258826,3.1997,cut,681,433,no
rKaHyPar,sat14_gss-18-s100.cnf.dual.hgr,no,no,1,8,0.03,0.0201969,3.07099,cut,691,431,no
rKaHyPar,sat14_gss-18-s100.cnf.dual.hgr,no,no,2,8,0.03,0.0104379,2.20908,cut,681,423,no
rKaHyPar,sat14_gss-18-s100.cnf.dual.hgr,no,no,3,8,0.03,0.0295316,2.316,cut,679,415,no
rKaHyPar,sat14_gss-18-s100.cnf.dual.hgr,no,no,4,8,0.03,0.0273252,3.20913,cut,643,408,no
rKaHyPar,sat14_gss-18-s100.cnf.dual.hgr,no,no,5,8,0.03,0.0272403,3.05849,cut,636,400,no
rKaHyPar,sat14_gss-18-s100.cnf.dual.hgr,no,no,6,8,0.03,0.0270706,3.11431,cut,708,442,no
rKaHyPar,sat14_gss-18-s100.cnf.dual.hgr,no,no,7,8,0.03,0.0297862,2.37692,cut,683,428,no
rKaHyPar,sat14_gss-18-s100.cnf.dual.hgr,no,no,8,8,0.03,0.0299559,2.26925,cut,661,421,no
rKaHyPar,sat14_gss-18-s100.cnf.dual.hgr,no,no,9,8,0.03,0.0294467,2.21308,cut,662,423,no
rKaHyPar,sat14_gss-18-s100.cnf.hgr,no,no,0,128,0.03,0.0285132,18.2685,cut,7604,5252,no
rKaHyPar,sat14_gss-18-s100.cnf.hgr,no,no,1,128,0.03,0.0285132,12.9641,cut,7585,5250,no
rKaHyPar,sat14_gss-18-s100.cnf.hgr,no,no,2,128,0.03,0.0285132,18.2269,cut,7570,5173,no
rKaHyPar,sat14_gss-18-s100.cnf.hgr,no,no,3,128,0.03,0.0285132,12.9322,cut,7655,5240,no
rKaHyPar,sat14_gss-18-s100.cnf.hgr,no,no,4,128,0.03,0.0285132,12.9285,cut,7522,5219,no
rKaHyPar,sat14_gss-18-s100.cnf.hgr,no,no,5,128,0.03,0.0285132,13.0768,cut,7588,5269,no
rKaHyPar,sat14_gss-18-s100.cnf.hgr,no,no,6,128,0.03,0.0285132,18.282,cut,7741,5379,no
rKaHyPar,sat14_gss-18-s100.cnf.hgr,no,no,7,128,0.03,0.0285132,12.9835,cut,7644,5296,no
rKaHyPar,sat14_gss-18-s100.cnf.hgr,no,no,8,128,0.03,0.0285132,18.3654,cut,7614,5230,no
rKaHyPar,sat14_gss-18-s100.cnf.hgr,no,no,9,128,0.03,0.0285132,12.9079,cut,7683,5361,no
rKaHyPar,sat14_gss-18-s100.cnf.hgr,no,no,0,16,0.03,0.0298393,9.62069,cut,4420,3106,no
rKaHyPar,sat14_gss-18-s100.cnf.hgr,no,no,1,16,0.03,0.0298393,9.33388,cut,4327,3071,no
rKaHyPar,sat14_gss-18-s100.cnf.hgr,no,no,2,16,0.03,0.0298393,9.50094,cut,4446,3073,no
rKaHyPar,sat14_gss-18-s100.cnf.hgr,no,no,3,16,0.03,0.0298393,9.60467,cut,4298,3050,no
rKaHyPar,sat14_gss-18-s100.cnf.hgr,no,no,4,16,0.03,0.0298393,9.47095,cut,4387,3130,no
rKaHyPar,sat14_gss-18-s100.cnf.hgr,no,no,5,16,0.03,0.0298393,6.76257,cut,4277,3095,no
rKaHyPar,sat14_gss-18-s100.cnf.hgr,no,no,7,16,0.03,0.0298393,6.74074,cut,4378,3131,no
rKaHyPar,sat14_gss-18-s100.cnf.hgr,no,no,8,16,0.03,0.0298393,9.44802,cut,4381,3050,no
rKaHyPar,sat14_gss-18-s100.cnf.hgr,no,no,9,16,0.03,0.0298393,6.7481,cut,4426,3117,no
rKaHyPar,sat14_gss-18-s100.cnf.hgr,no,no,0,2,0.03,0.0195447,3.29314,cut,887,887,no
rKaHyPar,sat14_gss-18-s100.cnf.hgr,no,no,1,2,0.03,0.0195447,2.22222,cut,884,884,no
rKaHyPar,sat14_gss-18-s100.cnf.hgr,no,no,2,2,0.03,0.00302895,2.21029,cut,872,872,no
rKaHyPar,sat14_gss-18-s100.cnf.hgr,no,no,3,2,0.03,0.012052,2.29328,cut,879,879,no
rKaHyPar,sat14_gss-18-s100.cnf.hgr,no,no,4,2,0.03,0.0198317,2.25342,cut,881,881,no
rKaHyPar,sat14_gss-18-s100.cnf.hgr,no,no,5,2,0.03,0.0199911,3.18804,cut,853,853,no
rKaHyPar,sat14_gss-18-s100.cnf.hgr,no,no,6,2,0.03,0.0194172,3.16573,cut,877,877,no
rKaHyPar,sat14_gss-18-s100.cnf.hgr,no,no,7,2,0.03,0.0192259,2.2254,cut,910,910,no
rKaHyPar,sat14_gss-18-s100.cnf.hgr,no,no,8,2,0.03,0.0200548,3.10697,cut,865,865,no
rKaHyPar,sat14_gss-18-s100.cnf.hgr,no,no,9,2,0.03,0.00325214,2.18857,cut,884,884,no
rKaHyPar,sat14_gss-18-s100.cnf.hgr,no,no,0,32,0.03,0.0295767,11.8331,cut,5482,3752,no
rKaHyPar,sat14_gss-18-s100.cnf.hgr,no,no,1,32,0.03,0.0295767,11.9522,cut,5457,3714,no
rKaHyPar,sat14_gss-18-s100.cnf.hgr,no,no,3,32,0.03,0.0295767,11.7321,cut,5700,3801,no
rKaHyPar,sat14_gss-18-s100.cnf.hgr,no,no,4,32,0.03,0.0295767,11.9254,cut,5519,3807,no
rKaHyPar,sat14_gss-18-s100.cnf.hgr,no,no,5,32,0.03,0.0295767,8.55498,cut,5480,3754,no
rKaHyPar,sat14_gss-18-s100.cnf.hgr,no,no,6,32,0.03,0.0295767,12.0553,cut,5426,3682,no
rKaHyPar,sat14_gss-18-s100.cnf.hgr,no,no,7,32,0.03,0.0295767,11.7648,cut,5583,3777,no
rKaHyPar,sat14_gss-18-s100.cnf.hgr,no,no,8,32,0.03,0.0295767,8.4312,cut,5506,3740,no
rKaHyPar,sat14_gss-18-s100.cnf.hgr,no,no,9,32,0.03,0.0295767,11.8093,cut,5479,3738,no
rKaHyPar,sat14_gss-18-s100.cnf.hgr,no,no,0,4,0.03,0.0124346,4.02643,cut,2000,1803,no
rKaHyPar,sat14_gss-18-s100.cnf.hgr,no,no,1,4,0.03,0.0191302,5.41377,cut,2042,1803,no
rKaHyPar,sat14_gss-18-s100.cnf.hgr,no,no,2,4,0.03,0.0226374,5.53467,cut,2095,1831,no
rKaHyPar,sat14_gss-18-s100.cnf.hgr,no,no,3,4,0.03,0.0151766,3.99999,cut,2071,1852,no
rKaHyPar,sat14_gss-18-s100.cnf.hgr,no,no,4,4,0.03,0.0207244,5.58863,cut,2148,1911,no
rKaHyPar,sat14_gss-18-s100.cnf.hgr,no,no,6,4,0.03,0.0291417,3.91989,cut,2153,1867,no
rKaHyPar,sat14_gss-18-s100.cnf.hgr,no,no,7,4,0.03,0.0132636,3.8629,cut,2216,1914,no
rKaHyPar,sat14_gss-18-s100.cnf.hgr,no,no,8,4,0.03,0.0153679,5.57037,cut,2079,1815,no
rKaHyPar,sat14_gss-18-s100.cnf.hgr,no,no,9,4,0.03,0.0168984,5.41416,cut,1999,1758,no
rKaHyPar,sat14_gss-18-s100.cnf.hgr,no,no,0,64,0.03,0.0295617,10.4894,cut,6503,4451,no
rKaHyPar,sat14_gss-18-s100.cnf.hgr,no,no,2,64,0.03,0.0295617,14.7739,cut,6426,4485,no
rKaHyPar,sat14_gss-18-s100.cnf.hgr,no,no,3,64,0.03,0.0295617,14.6583,cut,6416,4379,no
rKaHyPar,sat14_gss-18-s100.cnf.hgr,no,no,4,64,0.03,0.0295617,10.4152,cut,6465,4365,no
rKaHyPar,sat14_gss-18-s100.cnf.hgr,no,no,5,64,0.03,0.0295617,10.3868,cut,6493,4474,no
rKaHyPar,sat14_gss-18-s100.cnf.hgr,no,no,6,64,0.03,0.0295617,10.3961,cut,6469,4412,no
rKaHyPar,sat14_gss-18-s100.cnf.hgr,no,no,7,64,0.03,0.0295617,10.4757,cut,6641,4456,no
rKaHyPar,sat14_gss-18-s100.cnf.hgr,no,no,8,64,0.03,0.0295617,10.643,cut,6587,4500,no
rKaHyPar,sat14_gss-18-s100.cnf.hgr,no,no,9,64,0.03,0.0295617,14.6212,cut,6458,4457,no
rKaHyPar,sat14_gss-18-s100.cnf.hgr,no,no,0,8,0.03,0.0299707,7.52153,cut,3284,2512,no
rKaHyPar,sat14_gss-18-s100.cnf.hgr,no,no,1,8,0.03,0.0299707,7.40461,cut,3326,2549,no
rKaHyPar,sat14_gss-18-s100.cnf.hgr,no,no,2,8,0.03,0.0298431,5.25217,cut,3301,2538,no
rKaHyPar,sat14_gss-18-s100.cnf.hgr,no,no,3,8,0.03,0.0288229,5.27724,cut,3353,2501,no
rKaHyPar,sat14_gss-18-s100.cnf.hgr,no,no,4,8,0.03,0.0297156,7.39362,cut,3322,2521,no
rKaHyPar,sat14_gss-18-s100.cnf.hgr,no,no,5,8,0.03,0.0299707,7.49528,cut,3260,2541,no
rKaHyPar,sat14_gss-18-s100.cnf.hgr,no,no,6,8,0.03,0.0294605,7.44709,cut,3314,2514,no
rKaHyPar,sat14_gss-18-s100.cnf.hgr,no,no,7,8,0.03,0.0299707,5.36382,cut,3352,2575,no
rKaHyPar,sat14_gss-18-s100.cnf.hgr,no,no,8,8,0.03,0.0298431,5.30415,cut,3230,2498,no
rKaHyPar,sat14_gss-18-s100.cnf.hgr,no,no,9,8,0.03,0.0272924,5.39117,cut,3391,2522,no
rKaHyPar,sat14_gss-18-s100.cnf.primal.hgr,no,no,0,128,0.03,0.0284553,9.00036,cut,8249,6317,no
rKaHyPar,sat14_gss-18-s100.cnf.primal.hgr,no,no,1,128,0.03,0.0284553,8.53363,cut,8193,6317,no
rKaHyPar,sat14_gss-18-s100.cnf.primal.hgr,no,no,2,128,0.03,0.0284553,8.98948,cut,8179,6279,no
rKaHyPar,sat14_gss-18-s100.cnf.primal.hgr,no,no,3,128,0.03,0.0284553,8.73269,cut,8008,6160,no
rKaHyPar,sat14_gss-18-s100.cnf.primal.hgr,no,no,4,128,0.03,0.0284553,8.53349,cut,8022,6156,no
rKaHyPar,sat14_gss-18-s100.cnf.primal.hgr,no,no,5,128,0.03,0.0284553,8.72972,cut,8067,6221,no
rKaHyPar,sat14_gss-18-s100.cnf.primal.hgr,no,no,6,128,0.03,0.0284553,8.7557,cut,8086,6303,no
rKaHyPar,sat14_gss-18-s100.cnf.primal.hgr,no,no,7,128,0.03,0.0284553,8.84665,cut,8187,6279,no
rKaHyPar,sat14_gss-18-s100.cnf.primal.hgr,no,no,8,128,0.03,0.0284553,12.3143,cut,8177,6259,no
rKaHyPar,sat14_gss-18-s100.cnf.primal.hgr,no,no,9,128,0.03,0.0284553,8.7435,cut,8193,6360,no
rKaHyPar,sat14_gss-18-s100.cnf.primal.hgr,no,no,0,16,0.03,0.0295767,3.41487,cut,4454,3584,no
rKaHyPar,sat14_gss-18-s100.cnf.primal.hgr,no,no,1,16,0.03,0.0295767,4.46265,cut,4505,3585,no
rKaHyPar,sat14_gss-18-s100.cnf.primal.hgr,no,no,2,16,0.03,0.0295767,3.51174,cut,4380,3267,no
rKaHyPar,sat14_gss-18-s100.cnf.primal.hgr,no,no,3,16,0.03,0.0295767,3.33619,cut,4380,3507,no
rKaHyPar,sat14_gss-18-s100.cnf.primal.hgr,no,no,4,16,0.03,0.0295767,4.68517,cut,4388,3579,no
rKaHyPar,sat14_gss-18-s100.cnf.primal.hgr,no,no,5,16,0.03,0.0295767,3.4255,cut,4460,3501,no
rKaHyPar,sat14_gss-18-s100.cnf.primal.hgr,no,no,6,16,0.03,0.0295767,4.73299,cut,4437,3535,no
rKaHyPar,sat14_gss-18-s100.cnf.primal.hgr,no,no,7,16,0.03,0.0295767,3.53751,cut,4437,3498,no
rKaHyPar,sat14_gss-18-s100.cnf.primal.hgr,no,no,8,16,0.03,0.0295767,4.7435,cut,4446,3526,no
rKaHyPar,sat14_gss-18-s100.cnf.primal.hgr,no,no,9,16,0.03,0.0295767,4.7431,cut,4343,3444,no
rKaHyPar,sat14_gss-18-s100.cnf.primal.hgr,no,no,0,2,0.03,0.0212345,1.04631,cut,1297,1297,no
rKaHyPar,sat14_gss-18-s100.cnf.primal.hgr,no,no,1,2,0.03,0.002742,0.802474,cut,1274,1274,no
rKaHyPar,sat14_gss-18-s100.cnf.primal.hgr,no,no,2,2,0.03,0.015623,1.0033,cut,1269,1269,no
rKaHyPar,sat14_gss-18-s100.cnf.primal.hgr,no,no,3,2,0.03,0.0244229,1.40343,cut,1313,1313,no
rKaHyPar,sat14_gss-18-s100.cnf.primal.hgr,no,no,4,2,0.03,0.00471879,0.891286,cut,1032,1032,no
rKaHyPar,sat14_gss-18-s100.cnf.primal.hgr,no,no,5,2,0.03,0.000446372,1.33536,cut,1150,1150,no
rKaHyPar,sat14_gss-18-s100.cnf.primal.hgr,no,no,6,2,0.03,0.0192577,0.984835,cut,1325,1325,no
rKaHyPar,sat14_gss-18-s100.cnf.primal.hgr,no,no,7,2,0.03,0.0254432,1.06779,cut,1295,1295,no
rKaHyPar,sat14_gss-18-s100.cnf.primal.hgr,no,no,8,2,0.03,0.0121158,1.48327,cut,1318,1318,no
rKaHyPar,sat14_gss-18-s100.cnf.primal.hgr,no,no,9,2,0.03,0.0160694,1.0498,cut,1268,1268,no
rKaHyPar,sat14_gss-18-s100.cnf.primal.hgr,no,no,0,32,0.03,0.0295617,6.57094,cut,5620,4341,no
rKaHyPar,sat14_gss-18-s100.cnf.primal.hgr,no,no,1,32,0.03,0.0295617,6.27167,cut,5390,4215,no
rKaHyPar,sat14_gss-18-s100.cnf.primal.hgr,no,no,2,32,0.03,0.0295617,6.70462,cut,5600,4412,no
rKaHyPar,sat14_gss-18-s100.cnf.primal.hgr,no,no,3,32,0.03,0.0295617,4.83404,cut,5665,4438,no
rKaHyPar,sat14_gss-18-s100.cnf.primal.hgr,no,no,4,32,0.03,0.0295617,6.37071,cut,5615,4395,no
rKaHyPar,sat14_gss-18-s100.cnf.primal.hgr,no,no,5,32,0.03,0.0295617,6.583,cut,5646,4341,no
rKaHyPar,sat14_gss-18-s100.cnf.primal.hgr,no,no,6,32,0.03,0.0295617,6.51978,cut,5570,4372,no
rKaHyPar,sat14_gss-18-s100.cnf.primal.hgr,no,no,7,32,0.03,0.0295617,6.65456,cut,5516,4336,no
rKaHyPar,sat14_gss-18-s100.cnf.primal.hgr,no,no,8,32,0.03,0.0295617,4.72743,cut,5613,4328,no
rKaHyPar,sat14_gss-18-s100.cnf.primal.hgr,no,no,9,32,0.03,0.0295617,6.38669,cut,5650,4459,no
rKaHyPar,sat14_gss-18-s100.cnf.primal.hgr,no,no,0,4,0.03,0.0275475,1.86437,cut,2325,2175,no
rKaHyPar,sat14_gss-18-s100.cnf.primal.hgr,no,no,1,4,0.03,0.0133911,2.08466,cut,2375,2237,no
rKaHyPar,sat14_gss-18-s100.cnf.primal.hgr,no,no,2,4,0.03,0.0167071,1.77897,cut,2259,2144,no
rKaHyPar,sat14_gss-18-s100.cnf.primal.hgr,no,no,3,4,0.03,0.0224461,1.6964,cut,2269,2175,no
rKaHyPar,sat14_gss-18-s100.cnf.primal.hgr,no,no,4,4,0.03,0.0286953,2.30308,cut,2238,2006,no
rKaHyPar,sat14_gss-18-s100.cnf.primal.hgr,no,no,5,4,0.03,0.014794,1.74497,cut,2259,2081,no
rKaHyPar,sat14_gss-18-s100.cnf.primal.hgr,no,no,6,4,0.03,0.0224461,1.82132,cut,2250,2152,no
rKaHyPar,sat14_gss-18-s100.cnf.primal.hgr,no,no,7,4,0.03,0.0112231,1.78172,cut,2486,2329,no
rKaHyPar,sat14_gss-18-s100.cnf.primal.hgr,no,no,8,4,0.03,0.0206606,2.05569,cut,2358,2203,no
rKaHyPar,sat14_gss-18-s100.cnf.primal.hgr,no,no,9,4,0.03,0.0258896,1.7403,cut,2313,2216,no
rKaHyPar,sat14_gss-18-s100.cnf.primal.hgr,no,no,0,64,0.03,0.0285132,6.50716,cut,6920,5349,no
rKaHyPar,sat14_gss-18-s100.cnf.primal.hgr,no,no,1,64,0.03,0.0285132,6.37433,cut,6812,5294,no
rKaHyPar,sat14_gss-18-s100.cnf.primal.hgr,no,no,2,64,0.03,0.0285132,9.00392,cut,6853,5288,no
rKaHyPar,sat14_gss-18-s100.cnf.primal.hgr,no,no,3,64,0.03,0.0285132,8.98978,cut,7005,5329,no
rKaHyPar,sat14_gss-18-s100.cnf.primal.hgr,no,no,4,64,0.03,0.0285132,6.56292,cut,6808,5270,no
rKaHyPar,sat14_gss-18-s100.cnf.primal.hgr,no,no,5,64,0.03,0.0285132,6.45449,cut,6841,5127,no
rKaHyPar,sat14_gss-18-s100.cnf.primal.hgr,no,no,6,64,0.03,0.0285132,6.41636,cut,6988,5313,no
rKaHyPar,sat14_gss-18-s100.cnf.primal.hgr,no,no,7,64,0.03,0.0285132,9.26495,cut,6775,5128,no
rKaHyPar,sat14_gss-18-s100.cnf.primal.hgr,no,no,8,64,0.03,0.0285132,6.622,cut,6830,5281,no
rKaHyPar,sat14_gss-18-s100.cnf.primal.hgr,no,no,9,64,0.03,0.0285132,8.88772,cut,6785,5281,no
rKaHyPar,sat14_gss-18-s100.cnf.primal.hgr,no,no,0,8,0.03,0.0295843,3.49464,cut,3449,2947,no
rKaHyPar,sat14_gss-18-s100.cnf.primal.hgr,no,no,1,8,0.03,0.0112216,2.3238,cut,3465,2932,no
rKaHyPar,sat14_gss-18-s100.cnf.primal.hgr,no,no,2,8,0.03,0.0257587,2.58775,cut,3365,2815,no
rKaHyPar,sat14_gss-18-s100.cnf.primal.hgr,no,no,3,8,0.03,0.0295843,2.62253,cut,3520,2990,no
rKaHyPar,sat14_gss-18-s100.cnf.primal.hgr,no,no,4,8,0.03,0.027544,3.40566,cut,3231,2708,no
rKaHyPar,sat14_gss-18-s100.cnf.primal.hgr,no,no,5,8,0.03,0.0298393,3.3356,cut,3426,2765,no
rKaHyPar,sat14_gss-18-s100.cnf.primal.hgr,no,no,6,8,0.03,0.0298393,3.48493,cut,3484,2926,no
rKaHyPar,sat14_gss-18-s100.cnf.primal.hgr,no,no,7,8,0.03,0.0298393,3.67777,cut,3342,2830,no
rKaHyPar,sat14_gss-18-s100.cnf.primal.hgr,no,no,8,8,0.03,0.0298393,2.47151,cut,3330,2785,no
rKaHyPar,sat14_gss-18-s100.cnf.primal.hgr,no,no,9,8,0.03,0.0298393,2.55042,cut,3507,3017,no
rKaHyPar,sat14_gss-19-s100.cnf.dual.hgr,no,no,0,128,0.03,0.02977,7.19802,cut,2242,1106,no
rKaHyPar,sat14_gss-19-s100.cnf.dual.hgr,no,no,1,128,0.03,0.02977,7.18981,cut,2309,1082,no
rKaHyPar,sat14_gss-19-s100.cnf.dual.hgr,no,no,2,128,0.03,0.02977,10.0303,cut,2316,1098,no
rKaHyPar,sat14_gss-19-s100.cnf.dual.hgr,no,no,3,128,0.03,0.02977,7.15998,cut,2274,1095,no
rKaHyPar,sat14_gss-19-s100.cnf.dual.hgr,no,no,4,128,0.03,0.02977,7.29868,cut,2320,1104,no
rKaHyPar,sat14_gss-19-s100.cnf.dual.hgr,no,no,5,128,0.03,0.02977,7.24922,cut,2279,1096,no
rKaHyPar,sat14_gss-19-s100.cnf.dual.hgr,no,no,6,128,0.03,0.02977,7.16258,cut,2261,1080,no
rKaHyPar,sat14_gss-19-s100.cnf.dual.hgr,no,no,7,128,0.03,0.02977,7.11931,cut,2310,1095,no
rKaHyPar,sat14_gss-19-s100.cnf.dual.hgr,no,no,8,128,0.03,0.02977,10.0065,cut,2297,1082,no
rKaHyPar,sat14_gss-19-s100.cnf.dual.hgr,no,no,9,128,0.03,0.02977,7.12436,cut,2264,1089,no
rKaHyPar,sat14_gss-19-s100.cnf.dual.hgr,no,no,0,16,0.03,0.02978,3.07532,cut,1104,564,no
rKaHyPar,sat14_gss-19-s100.cnf.dual.hgr,no,no,1,16,0.03,0.0299492,4.24661,cut,1102,556,no
rKaHyPar,sat14_gss-19-s100.cnf.dual.hgr,no,no,2,16,0.03,0.02978,4.38224,cut,1125,576,no
rKaHyPar,sat14_gss-19-s100.cnf.dual.hgr,no,no,3,16,0.03,0.0294416,3.12409,cut,1092,548,no
rKaHyPar,sat14_gss-19-s100.cnf.dual.hgr,no,no,4,16,0.03,0.0299492,4.42508,cut,1107,568,no
rKaHyPar,sat14_gss-19-s100.cnf.dual.hgr,no,no,5,16,0.03,0.0296108,3.16342,cut,1073,556,no
rKaHyPar,sat14_gss-19-s100.cnf.dual.hgr,no,no,6,16,0.03,0.02978,4.23076,cut,1108,563,no
rKaHyPar,sat14_gss-19-s100.cnf.dual.hgr,no,no,7,16,0.03,0.0299492,3.17336,cut,1101,560,no
rKaHyPar,sat14_gss-19-s100.cnf.dual.hgr,no,no,8,16,0.03,0.02978,4.41735,cut,1092,559,no
rKaHyPar,sat14_gss-19-s100.cnf.dual.hgr,no,no,9,16,0.03,0.02978,4.28746,cut,1084,551,no
rKaHyPar,sat14_gss-19-s100.cnf.dual.hgr,no,no,0,2,0.03,0.0247282,0.826971,cut,96,96,no
rKaHyPar,sat14_gss-19-s100.cnf.dual.hgr,no,no,1,2,0.03,0.00753057,0.80509,cut,92,92,no
rKaHyPar,sat14_gss-19-s100.cnf.dual.hgr,no,no,2,2,0.03,0.00831324,0.805033,cut,96,96,no
rKaHyPar,sat14_gss-19-s100.cnf.dual.hgr,no,no,3,2,0.03,0.00613445,1.15779,cut,92,92,no
rKaHyPar,sat14_gss-19-s100.cnf.dual.hgr,no,no,4,2,0.03,0.000169226,0.895606,cut,103,103,no
rKaHyPar,sat14_gss-19-s100.cnf.dual.hgr,no,no,5,2,0.03,0.00753057,1.12354,cut,92,92,no
rKaHyPar,sat14_gss-19-s100.cnf.dual.hgr,no,no,6,2,0.03,0.00118458,0.861511,cut,105,105,no
rKaHyPar,sat14_gss-19-s100.cnf.dual.hgr,no,no,7,2,0.03,0.0140669,0.858817,cut,92,92,no
rKaHyPar,sat14_gss-19-s100.cnf.dual.hgr,no,no,8,2,0.03,0.000465372,1.14033,cut,92,92,no
rKaHyPar,sat14_gss-19-s100.cnf.dual.hgr,no,no,9,2,0.03,0.00992089,0.806667,cut,92,92,no
rKaHyPar,sat14_gss-19-s100.cnf.dual.hgr,no,no,0,32,0.03,0.02978,5.71389,cut,1496,688,no
rKaHyPar,sat14_gss-19-s100.cnf.dual.hgr,no,no,1,32,0.03,0.02978,5.66142,cut,1510,687,no
rKaHyPar,sat14_gss-19-s100.cnf.dual.hgr,no,no,2,32,0.03,0.02978,5.82322,cut,1519,697,no
rKaHyPar,sat14_gss-19-s100.cnf.dual.hgr,no,no,3,32,0.03,0.02978,5.66587,cut,1462,676,no
rKaHyPar,sat14_gss-19-s100.cnf.dual.hgr,no,no,4,32,0.03,0.02978,5.83777,cut,1468,691,no
rKaHyPar,sat14_gss-19-s100.cnf.dual.hgr,no,no,5,32,0.03,0.02978,5.90604,cut,1481,696,no
rKaHyPar,sat14_gss-19-s100.cnf.dual.hgr,no,no,6,32,0.03,0.0294416,5.82982,cut,1486,690,no
rKaHyPar,sat14_gss-19-s100.cnf.dual.hgr,no,no,7,32,0.03,0.0291032,5.6706,cut,1516,690,no
rKaHyPar,sat14_gss-19-s100.cnf.dual.hgr,no,no,8,32,0.03,0.02978,4.13944,cut,1545,712,no
rKaHyPar,sat14_gss-19-s100.cnf.dual.hgr,no,no,9,32,0.03,0.02978,5.68496,cut,1511,691,no
rKaHyPar,sat14_gss-19-s100.cnf.dual.hgr,no,no,0,4,0.03,0.010069,1.52963,cut,289,233,no
rKaHyPar,sat14_gss-19-s100.cnf.dual.hgr,no,no,1,4,0.03,0.00918052,2.1468,cut,291,236,no
rKaHyPar,sat14_gss-19-s100.cnf.dual.hgr,no,no,2,4,0.03,0.0101113,2.12945,cut,289,230,no
rKaHyPar,sat14_gss-19-s100.cnf.dual.hgr,no,no,3,4,0.03,0.0262301,1.53271,cut,293,229,no
rKaHyPar,sat14_gss-19-s100.cnf.dual.hgr,no,no,4,4,0.03,0.0198841,2.12861,cut,316,250,no
rKaHyPar,sat14_gss-19-s100.cnf.dual.hgr,no,no,5,4,0.03,0.0265262,2.1522,cut,277,223,no
rKaHyPar,sat14_gss-19-s100.cnf.dual.hgr,no,no,6,4,0.03,0.026357,1.4988,cut,290,236,no
rKaHyPar,sat14_gss-19-s100.cnf.dual.hgr,no,no,7,4,0.03,0.0262301,1.63532,cut,286,226,no
rKaHyPar,sat14_gss-19-s100.cnf.dual.hgr,no,no,8,4,0.03,0.00956128,1.59608,cut,292,234,no
rKaHyPar,sat14_gss-19-s100.cnf.dual.hgr,no,no,9,4,0.03,0.0228455,2.10302,cut,335,264,no
rKaHyPar,sat14_gss-19-s100.cnf.dual.hgr,no,no,0,64,0.03,0.02977,5.54362,cut,1960,871,no
rKaHyPar,sat14_gss-19-s100.cnf.dual.hgr,no,no,1,64,0.03,0.02977,5.42215,cut,1875,862,no
rKaHyPar,sat14_gss-19-s100.cnf.dual.hgr,no,no,2,64,0.03,0.02977,7.57864,cut,1875,847,no
rKaHyPar,sat14_gss-19-s100.cnf.dual.hgr,no,no,3,64,0.03,0.02977,7.51552,cut,1864,860,no
rKaHyPar,sat14_gss-19-s100.cnf.dual.hgr,no,no,4,64,0.03,0.02977,5.44867,cut,1918,873,no
rKaHyPar,sat14_gss-19-s100.cnf.dual.hgr,no,no,5,64,0.03,0.02977,5.46085,cut,1880,875,no
rKaHyPar,sat14_gss-19-s100.cnf.dual.hgr,no,no,6,64,0.03,0.02977,5.41751,cut,1893,885,no
rKaHyPar,sat14_gss-19-s100.cnf.dual.hgr,no,no,7,64,0.03,0.02977,7.71827,cut,1893,866,no
rKaHyPar,sat14_gss-19-s100.cnf.dual.hgr,no,no,8,64,0.03,0.02977,5.65218,cut,1878,873,no
rKaHyPar,sat14_gss-19-s100.cnf.dual.hgr,no,no,9,64,0.03,0.02977,7.56224,cut,1882,854,no
rKaHyPar,sat14_gss-19-s100.cnf.dual.hgr,no,no,0,8,0.03,0.019714,3.30177,cut,701,425,no
rKaHyPar,sat14_gss-19-s100.cnf.dual.hgr,no,no,1,8,0.03,0.0284288,2.3514,cut,686,424,no
rKaHyPar,sat14_gss-19-s100.cnf.dual.hgr,no,no,2,8,0.03,0.028175,2.23796,cut,747,443,no
rKaHyPar,sat14_gss-19-s100.cnf.dual.hgr,no,no,3,8,0.03,0.0269904,2.31441,cut,686,422,no
rKaHyPar,sat14_gss-19-s100.cnf.dual.hgr,no,no,4,8,0.03,0.0257213,3.14992,cut,727,435,no
rKaHyPar,sat14_gss-19-s100.cnf.dual.hgr,no,no,5,8,0.03,0.028175,3.26896,cut,698,437,no
rKaHyPar,sat14_gss-19-s100.cnf.dual.hgr,no,no,6,8,0.03,0.0269058,3.1077,cut,697,419,no
rKaHyPar,sat14_gss-19-s100.cnf.dual.hgr,no,no,7,8,0.03,0.0241137,3.24011,cut,727,448,no
rKaHyPar,sat14_gss-19-s100.cnf.dual.hgr,no,no,8,8,0.03,0.0269904,2.367,cut,680,415,no
rKaHyPar,sat14_gss-19-s100.cnf.dual.hgr,no,no,9,8,0.03,0.0233522,2.28226,cut,676,408,no
rKaHyPar,sat14_gss-19-s100.cnf.hgr,no,no,0,128,0.03,0.0284553,12.8237,cut,7667,5236,no
rKaHyPar,sat14_gss-19-s100.cnf.hgr,no,no,1,128,0.03,0.0284553,12.9404,cut,7603,5197,no
rKaHyPar,sat14_gss-19-s100.cnf.hgr,no,no,2,128,0.03,0.0284553,12.8695,cut,7766,5215,no
rKaHyPar,sat14_gss-19-s100.cnf.hgr,no,no,3,128,0.03,0.0284553,12.9149,cut,7701,5242,no
rKaHyPar,sat14_gss-19-s100.cnf.hgr,no,no,4,128,0.03,0.0284553,12.8837,cut,7739,5315,no
rKaHyPar,sat14_gss-19-s100.cnf.hgr,no,no,5,128,0.03,0.0284553,12.9782,cut,7731,5248,no
rKaHyPar,sat14_gss-19-s100.cnf.hgr,no,no,6,128,0.03,0.0284553,12.8517,cut,7549,5155,no
rKaHyPar,sat14_gss-19-s100.cnf.hgr,no,no,7,128,0.03,0.0284553,12.9182,cut,7769,5295,no
rKaHyPar,sat14_gss-19-s100.cnf.hgr,no,no,8,128,0.03,0.0284553,12.9216,cut,7759,5261,no
rKaHyPar,sat14_gss-19-s100.cnf.hgr,no,no,9,128,0.03,0.0284553,13.1639,cut,7835,5260,no
rKaHyPar,sat14_gss-19-s100.cnf.hgr,no,no,0,16,0.03,0.029771,6.72359,cut,4617,3182,no
rKaHyPar,sat14_gss-19-s100.cnf.hgr,no,no,1,16,0.03,0.0290076,9.37558,cut,4566,3130,no
rKaHyPar,sat14_gss-19-s100.cnf.hgr,no,no,2,16,0.03,0.029771,6.77198,cut,4556,3211,no
rKaHyPar,sat14_gss-19-s100.cnf.hgr,no,no,3,16,0.03,0.029771,6.76625,cut,4667,3135,no
rKaHyPar,sat14_gss-19-s100.cnf.hgr,no,no,4,16,0.03,0.029771,9.47348,cut,4586,3116,no
rKaHyPar,sat14_gss-19-s100.cnf.hgr,no,no,5,16,0.03,0.029771,9.59356,cut,4513,3163,no
rKaHyPar,sat14_gss-19-s100.cnf.hgr,no,no,6,16,0.03,0.0295165,9.4061,cut,4552,3144,no
rKaHyPar,sat14_gss-19-s100.cnf.hgr,no,no,7,16,0.03,0.029771,6.81357,cut,4518,3151,no
rKaHyPar,sat14_gss-19-s100.cnf.hgr,no,no,8,16,0.03,0.0295165,9.46048,cut,4506,3175,no
rKaHyPar,sat14_gss-19-s100.cnf.hgr,no,no,9,16,0.03,0.029771,9.44737,cut,4655,3161,no
rKaHyPar,sat14_gss-19-s100.cnf.hgr,no,no,0,2,0.03,0.000508987,2.27643,cut,1008,1008,no
rKaHyPar,sat14_gss-19-s100.cnf.hgr,no,no,1,2,0.03,0.0283442,2.33419,cut,1015,1015,no
rKaHyPar,sat14_gss-19-s100.cnf.hgr,no,no,2,2,0.03,0.0210593,2.27943,cut,987,987,no
rKaHyPar,sat14_gss-19-s100.cnf.hgr,no,no,3,2,0.03,0.00365834,3.15351,cut,997,997,no
rKaHyPar,sat14_gss-19-s100.cnf.hgr,no,no,4,2,0.03,0.0210593,2.19772,cut,981,981,no
rKaHyPar,sat14_gss-19-s100.cnf.hgr,no,no,5,2,0.03,0.0253539,3.18587,cut,993,993,no
rKaHyPar,sat14_gss-19-s100.cnf.hgr,no,no,6,2,0.03,0.0046445,2.23999,cut,1009,1009,no
rKaHyPar,sat14_gss-19-s100.cnf.hgr,no,no,7,2,0.03,0.000636233,2.28155,cut,1006,1006,no
rKaHyPar,sat14_gss-19-s100.cnf.hgr,no,no,8,2,0.03,0.00473994,3.20938,cut,985,985,no
rKaHyPar,sat14_gss-19-s100.cnf.hgr,no,no,9,2,0.03,0.0122793,2.29567,cut,1021,1021,no
rKaHyPar,sat14_gss-19-s100.cnf.hgr,no,no,0,32,0.03,0.0295165,11.8238,cut,5601,3785,no
rKaHyPar,sat14_gss-19-s100.cnf.hgr,no,no,1,32,0.03,0.0295165,8.642,cut,5666,3814,no
rKaHyPar,sat14_gss-19-s100.cnf.hgr,no,no,2,32,0.03,0.0295165,11.9026,cut,5610,3836,no
rKaHyPar,sat14_gss-19-s100.cnf.hgr,no,no,3,32,0.03,0.0295165,8.68179,cut,5550,3789,no
rKaHyPar,sat14_gss-19-s100.cnf.hgr,no,no,4,32,0.03,0.0295165,11.832,cut,5608,3750,no
rKaHyPar,sat14_gss-19-s100.cnf.hgr,no,no,5,32,0.03,0.0295165,11.824,cut,5681,3797,no
rKaHyPar,sat14_gss-19-s100.cnf.hgr,no,no,6,32,0.03,0.0295165,11.6859,cut,5613,3770,no
rKaHyPar,sat14_gss-19-s100.cnf.hgr,no,no,7,32,0.03,0.0295165,11.8104,cut,5487,3758,no
rKaHyPar,sat14_gss-19-s100.cnf.hgr,no,no,8,32,0.03,0.0295165,8.4297,cut,5546,3759,no
rKaHyPar,sat14_gss-19-s100.cnf.hgr,no,no,9,32,0.03,0.0295165,11.9406,cut,5632,3823,no
rKaHyPar,sat14_gss-19-s100.cnf.hgr,no,no,0,4,0.03,0.0164143,3.81205,cut,2167,1839,no
rKaHyPar,sat14_gss-19-s100.cnf.hgr,no,no,1,4,0.03,0.00782542,5.79491,cut,2325,2009,no
rKaHyPar,sat14_gss-19-s100.cnf.hgr,no,no,2,4,0.03,0.0120881,3.97603,cut,2313,1993,no
rKaHyPar,sat14_gss-19-s100.cnf.hgr,no,no,3,4,0.03,0.0178776,3.88311,cut,2224,1904,no
rKaHyPar,sat14_gss-19-s100.cnf.hgr,no,no,4,4,0.03,0.0160962,5.41092,cut,2300,1983,no
rKaHyPar,sat14_gss-19-s100.cnf.hgr,no,no,5,4,0.03,0.0160326,3.93438,cut,2256,1969,no
rKaHyPar,sat14_gss-19-s100.cnf.hgr,no,no,6,4,0.03,0.0157145,3.82154,cut,2287,1980,no
rKaHyPar,sat14_gss-19-s100.cnf.hgr,no,no,7,4,0.03,0.014442,4.01008,cut,2220,1952,no
rKaHyPar,sat14_gss-19-s100.cnf.hgr,no,no,8,4,0.03,0.0145693,4.01641,cut,2082,1849,no
rKaHyPar,sat14_gss-19-s100.cnf.hgr,no,no,9,4,0.03,0.0188319,3.86253,cut,2223,1936,no
rKaHyPar,sat14_gss-19-s100.cnf.hgr,no,no,0,64,0.03,0.0295015,14.7916,cut,6625,4459,no
rKaHyPar,sat14_gss-19-s100.cnf.hgr,no,no,1,64,0.03,0.0295015,10.5898,cut,6655,4430,no
rKaHyPar,sat14_gss-19-s100.cnf.hgr,no,no,2,64,0.03,0.0295015,14.7205,cut,6711,4509,no
rKaHyPar,sat14_gss-19-s100.cnf.hgr,no,no,3,64,0.03,0.0295015,14.5378,cut,6596,4454,no
rKaHyPar,sat14_gss-19-s100.cnf.hgr,no,no,4,64,0.03,0.0295015,10.4239,cut,6642,4442,no
rKaHyPar,sat14_gss-19-s100.cnf.hgr,no,no,5,64,0.03,0.0295015,10.4827,cut,6600,4492,no
rKaHyPar,sat14_gss-19-s100.cnf.hgr,no,no,6,64,0.03,0.0295015,14.6859,cut,6662,4447,no
rKaHyPar,sat14_gss-19-s100.cnf.hgr,no,no,7,64,0.03,0.0295015,14.6835,cut,6611,4517,no
rKaHyPar,sat14_gss-19-s100.cnf.hgr,no,no,8,64,0.03,0.0295015,10.5283,cut,6533,4451,no
rKaHyPar,sat14_gss-19-s100.cnf.hgr,no,no,9,64,0.03,0.0295015,14.7505,cut,6573,4422,no
rKaHyPar,sat14_gss-19-s100.cnf.hgr,no,no,0,8,0.03,0.029902,5.30975,cut,3587,2658,no
rKaHyPar,sat14_gss-19-s100.cnf.hgr,no,no,1,8,0.03,0.0271027,5.44374,cut,3503,2625,no
rKaHyPar,sat14_gss-19-s100.cnf.hgr,no,no,2,8,0.03,0.0295203,5.24997,cut,3481,2609,no
rKaHyPar,sat14_gss-19-s100.cnf.hgr,no,no,3,8,0.03,0.029902,5.2987,cut,3348,2601,no
rKaHyPar,sat14_gss-19-s100.cnf.hgr,no,no,4,8,0.03,0.0297748,7.37837,cut,3558,2608,no
rKaHyPar,sat14_gss-19-s100.cnf.hgr,no,no,5,8,0.03,0.029902,7.35558,cut,3382,2591,no
rKaHyPar,sat14_gss-19-s100.cnf.hgr,no,no,6,8,0.03,0.0268482,7.42841,cut,3581,2661,no
rKaHyPar,sat14_gss-19-s100.cnf.hgr,no,no,7,8,0.03,0.0297748,7.53116,cut,3423,2616,no
rKaHyPar,sat14_gss-19-s100.cnf.hgr,no,no,8,8,0.03,0.0282479,5.30639,cut,3495,2614,no
rKaHyPar,sat14_gss-19-s100.cnf.hgr,no,no,9,8,0.03,0.0295203,5.22575,cut,3519,2636,no
rKaHyPar,sat14_gss-19-s100.cnf.primal.hgr,no,no,0,128,0.03,0.0284553,8.71981,cut,8213,6171,no
rKaHyPar,sat14_gss-19-s100.cnf.primal.hgr,no,no,1,128,0.03,0.0284553,8.56381,cut,8298,6267,no
rKaHyPar,sat14_gss-19-s100.cnf.primal.hgr,no,no,2,128,0.03,0.0284553,8.50975,cut,8366,6371,no
rKaHyPar,sat14_gss-19-s100.cnf.primal.hgr,no,no,3,128,0.03,0.0284553,8.69309,cut,8551,6430,no
rKaHyPar,sat14_gss-19-s100.cnf.primal.hgr,no,no,4,128,0.03,0.0284553,8.56549,cut,8145,6217,no
rKaHyPar,sat14_gss-19-s100.cnf.primal.hgr,no,no,5,128,0.03,0.0284553,8.44471,cut,8204,6210,no
rKaHyPar,sat14_gss-19-s100.cnf.primal.hgr,no,no,6,128,0.03,0.0284553,8.70882,cut,8323,6306,no
rKaHyPar,sat14_gss-19-s100.cnf.primal.hgr,no,no,7,128,0.03,0.0284553,8.78769,cut,8293,6351,no
rKaHyPar,sat14_gss-19-s100.cnf.primal.hgr,no,no,8,128,0.03,0.0284553,8.84128,cut,8302,6158,no
rKaHyPar,sat14_gss-19-s100.cnf.primal.hgr,no,no,9,128,0.03,0.0284553,8.64928,cut,8115,6136,no
rKaHyPar,sat14_gss-19-s100.cnf.primal.hgr,no,no,0,16,0.03,0.0295165,3.52073,cut,4600,3667,no
rKaHyPar,sat14_gss-19-s100.cnf.primal.hgr,no,no,1,16,0.03,0.0295165,4.35843,cut,4600,3682,no
rKaHyPar,sat14_gss-19-s100.cnf.primal.hgr,no,no,2,16,0.03,0.0295165,4.58836,cut,4614,3573,no
rKaHyPar,sat14_gss-19-s100.cnf.primal.hgr,no,no,3,16,0.03,0.0295165,3.34809,cut,4705,3672,no
rKaHyPar,sat14_gss-19-s100.cnf.primal.hgr,no,no,4,16,0.03,0.0295165,4.62461,cut,4601,3627,no
rKaHyPar,sat14_gss-19-s100.cnf.primal.hgr,no,no,5,16,0.03,0.0295165,4.41552,cut,4640,3665,no
rKaHyPar,sat14_gss-19-s100.cnf.primal.hgr,no,no,6,16,0.03,0.0295165,4.71492,cut,4615,3615,no
rKaHyPar,sat14_gss-19-s100.cnf.primal.hgr,no,no,7,16,0.03,0.0295165,3.3675,cut,4536,3598,no
rKaHyPar,sat14_gss-19-s100.cnf.primal.hgr,no,no,8,16,0.03,0.0295165,4.72889,cut,4468,3412,no
rKaHyPar,sat14_gss-19-s100.cnf.primal.hgr,no,no,9,16,0.03,0.0295165,4.78429,cut,4430,3519,no
rKaHyPar,sat14_gss-19-s100.cnf.primal.hgr,no,no,0,2,0.03,0.0151419,1.05502,cut,1333,1333,no
rKaHyPar,sat14_gss-19-s100.cnf.primal.hgr,no,no,1,2,0.03,0.0206769,0.824978,cut,1337,1337,no
rKaHyPar,sat14_gss-19-s100.cnf.primal.hgr,no,no,2,2,0.03,0.0164143,0.874278,cut,1334,1334,no
rKaHyPar,sat14_gss-19-s100.cnf.primal.hgr,no,no,3,2,0.03,0.00311744,1.37222,cut,1282,1282,no
rKaHyPar,sat14_gss-19-s100.cnf.primal.hgr,no,no,4,2,0.03,0.0224583,0.87537,cut,1283,1283,no
rKaHyPar,sat14_gss-19-s100.cnf.primal.hgr,no,no,5,2,0.03,0.0215676,1.15681,cut,1306,1306,no
rKaHyPar,sat14_gss-19-s100.cnf.primal.hgr,no,no,6,2,0.03,0.00159053,0.990624,cut,1269,1269,no
rKaHyPar,sat14_gss-19-s100.cnf.primal.hgr,no,no,7,2,0.03,0.022013,0.909049,cut,1316,1316,no
rKaHyPar,sat14_gss-19-s100.cnf.primal.hgr,no,no,8,2,0.03,0.0220766,1.38189,cut,1303,1303,no
rKaHyPar,sat14_gss-19-s100.cnf.primal.hgr,no,no,9,2,0.03,0.0187683,1.08011,cut,1354,1354,no
rKaHyPar,sat14_gss-19-s100.cnf.primal.hgr,no,no,0,32,0.03,0.0295015,6.47229,cut,5776,4427,no
rKaHyPar,sat14_gss-19-s100.cnf.primal.hgr,no,no,1,32,0.03,0.0295015,4.47995,cut,5844,4417,no
rKaHyPar,sat14_gss-19-s100.cnf.primal.hgr,no,no,2,32,0.03,0.0295015,6.34559,cut,5796,4401,no
rKaHyPar,sat14_gss-19-s100.cnf.primal.hgr,no,no,3,32,0.03,0.0295015,6.59337,cut,5846,4433,no
rKaHyPar,sat14_gss-19-s100.cnf.primal.hgr,no,no,4,32,0.03,0.0295015,6.46029,cut,5686,4432,no
rKaHyPar,sat14_gss-19-s100.cnf.primal.hgr,no,no,5,32,0.03,0.0295015,6.41884,cut,5703,4356,no
rKaHyPar,sat14_gss-19-s100.cnf.primal.hgr,no,no,6,32,0.03,0.0295015,6.67126,cut,5800,4403,no
rKaHyPar,sat14_gss-19-s100.cnf.primal.hgr,no,no,7,32,0.03,0.0295015,6.43687,cut,5824,4390,no
rKaHyPar,sat14_gss-19-s100.cnf.primal.hgr,no,no,8,32,0.03,0.0295015,4.74806,cut,5802,4305,no
rKaHyPar,sat14_gss-19-s100.cnf.primal.hgr,no,no,9,32,0.03,0.0295015,6.66474,cut,5801,4428,no
rKaHyPar,sat14_gss-19-s100.cnf.primal.hgr,no,no,0,4,0.03,0.0169233,1.87257,cut,2423,2311,no
rKaHyPar,sat14_gss-19-s100.cnf.primal.hgr,no,no,1,4,0.03,0.0239216,2.18634,cut,2462,2310,no
rKaHyPar,sat14_gss-19-s100.cnf.primal.hgr,no,no,2,4,0.03,0.0258303,2.18759,cut,2493,2362,no
rKaHyPar,sat14_gss-19-s100.cnf.primal.hgr,no,no,3,4,0.03,0.0198499,1.83703,cut,2590,2392,no
rKaHyPar,sat14_gss-19-s100.cnf.primal.hgr,no,no,4,4,0.03,0.0281206,2.17358,cut,2546,2449,no
rKaHyPar,sat14_gss-19-s100.cnf.primal.hgr,no,no,5,4,0.03,0.0207406,2.23239,cut,2437,2312,no
rKaHyPar,sat14_gss-19-s100.cnf.primal.hgr,no,no,6,4,0.03,0.0264665,1.70112,cut,2251,2144,no
rKaHyPar,sat14_gss-19-s100.cnf.primal.hgr,no,no,7,4,0.03,0.0268482,1.60319,cut,2472,2356,no
rKaHyPar,sat14_gss-19-s100.cnf.primal.hgr,no,no,8,4,0.03,0.0188319,1.82164,cut,2466,2341,no
rKaHyPar,sat14_gss-19-s100.cnf.primal.hgr,no,no,9,4,0.03,0.0264665,2.61273,cut,2563,2395,no
rKaHyPar,sat14_gss-19-s100.cnf.primal.hgr,no,no,0,64,0.03,0.0284553,9.13701,cut,6944,5337,no
rKaHyPar,sat14_gss-19-s100.cnf.primal.hgr,no,no,1,64,0.03,0.0284553,6.25447,cut,7091,5362,no
rKaHyPar,sat14_gss-19-s100.cnf.primal.hgr,no,no,2,64,0.03,0.0284553,8.58212,cut,7085,5359,no
rKaHyPar,sat14_gss-19-s100.cnf.primal.hgr,no,no,3,64,0.03,0.0284553,8.90215,cut,7004,5269,no
rKaHyPar,sat14_gss-19-s100.cnf.primal.hgr,no,no,4,64,0.03,0.0284553,6.28468,cut,6947,5264,no
rKaHyPar,sat14_gss-19-s100.cnf.primal.hgr,no,no,5,64,0.03,0.0284553,6.19983,cut,6911,5237,no
rKaHyPar,sat14_gss-19-s100.cnf.primal.hgr,no,no,6,64,0.03,0.0284553,8.76981,cut,6898,5268,no
rKaHyPar,sat14_gss-19-s100.cnf.primal.hgr,no,no,7,64,0.03,0.0284553,8.71969,cut,6937,5233,no
rKaHyPar,sat14_gss-19-s100.cnf.primal.hgr,no,no,8,64,0.03,0.0284553,6.67462,cut,7068,5220,no
rKaHyPar,sat14_gss-19-s100.cnf.primal.hgr,no,no,9,64,0.03,0.0284553,9.05099,cut,6889,5342,no
rKaHyPar,sat14_gss-19-s100.cnf.primal.hgr,no,no,0,8,0.03,0.0264631,2.47734,cut,3585,3042,no
rKaHyPar,sat14_gss-19-s100.cnf.primal.hgr,no,no,1,8,0.03,0.0295165,2.3572,cut,3546,3083,no
rKaHyPar,sat14_gss-19-s100.cnf.primal.hgr,no,no,2,8,0.03,0.0287532,2.33468,cut,3657,3029,no
rKaHyPar,sat14_gss-19-s100.cnf.primal.hgr,no,no,3,8,0.03,0.0292621,2.44761,cut,3557,3001,no
rKaHyPar,sat14_gss-19-s100.cnf.primal.hgr,no,no,4,8,0.03,0.0282443,3.22377,cut,3506,2942,no
rKaHyPar,sat14_gss-19-s100.cnf.primal.hgr,no,no,5,8,0.03,0.0290076,3.20173,cut,3641,2942,no
rKaHyPar,sat14_gss-19-s100.cnf.primal.hgr,no,no,6,8,0.03,0.029771,3.46314,cut,3409,2986,no
rKaHyPar,sat14_gss-19-s100.cnf.primal.hgr,no,no,7,8,0.03,0.029771,3.18855,cut,3597,3004,no
rKaHyPar,sat14_gss-19-s100.cnf.primal.hgr,no,no,8,8,0.03,0.0254453,2.52342,cut,3616,3015,no
rKaHyPar,sat14_gss-19-s100.cnf.primal.hgr,no,no,9,8,0.03,0.0264631,2.66288,cut,3594,3014,no
rKaHyPar,sat14_gss-20-s100.cnf.dual.hgr,no,no,0,128,0.03,0.0296896,7.13594,cut,2325,1073,no
rKaHyPar,sat14_gss-20-s100.cnf.dual.hgr,no,no,1,128,0.03,0.0296896,7.05821,cut,2286,1089,no
rKaHyPar,sat14_gss-20-s100.cnf.dual.hgr,no,no,2,128,0.03,0.0296896,7.24143,cut,2280,1087,no
rKaHyPar,sat14_gss-20-s100.cnf.dual.hgr,no,no,3,128,0.03,0.0296896,7.14082,cut,2233,1066,no
rKaHyPar,sat14_gss-20-s100.cnf.dual.hgr,no,no,4,128,0.03,0.0296896,7.05101,cut,2294,1056,no
rKaHyPar,sat14_gss-20-s100.cnf.dual.hgr,no,no,5,128,0.03,0.0296896,7.18948,cut,2265,1080,no
rKaHyPar,sat14_gss-20-s100.cnf.dual.hgr,no,no,6,128,0.03,0.0296896,7.08252,cut,2217,1056,no
rKaHyPar,sat14_gss-20-s100.cnf.dual.hgr,no,no,7,128,0.03,0.0296896,7.24033,cut,2274,1072,no
rKaHyPar,sat14_gss-20-s100.cnf.dual.hgr,no,no,8,128,0.03,0.0296896,7.21228,cut,2270,1066,no
rKaHyPar,sat14_gss-20-s100.cnf.dual.hgr,no,no,9,128,0.03,0.0296896,7.11866,cut,2278,1059,no
rKaHyPar,sat14_gss-20-s100.cnf.dual.hgr,no,no,0,16,0.03,0.0298886,3.03104,cut,1106,551,no
rKaHyPar,sat14_gss-20-s100.cnf.dual.hgr,no,no,1,16,0.03,0.0298886,4.25113,cut,1103,562,no
rKaHyPar,sat14_gss-20-s100.cnf.dual.hgr,no,no,2,16,0.03,0.029382,3.04124,cut,1108,560,no
rKaHyPar,sat14_gss-20-s100.cnf.dual.hgr,no,no,3,16,0.03,0.0297197,3.07668,cut,1101,561,no
rKaHyPar,sat14_gss-20-s100.cnf.dual.hgr,no,no,4,16,0.03,0.0288754,4.26125,cut,1091,557,no
rKaHyPar,sat14_gss-20-s100.cnf.dual.hgr,no,no,5,16,0.03,0.0298886,4.30329,cut,1073,551,no
rKaHyPar,sat14_gss-20-s100.cnf.dual.hgr,no,no,6,16,0.03,0.0298886,4.24108,cut,1104,555,no
rKaHyPar,sat14_gss-20-s100.cnf.dual.hgr,no,no,7,16,0.03,0.0298886,3.05722,cut,1108,566,no
rKaHyPar,sat14_gss-20-s100.cnf.dual.hgr,no,no,8,16,0.03,0.0298886,4.22894,cut,1075,555,no
rKaHyPar,sat14_gss-20-s100.cnf.dual.hgr,no,no,9,16,0.03,0.0295508,4.34757,cut,1092,558,no
rKaHyPar,sat14_gss-20-s100.cnf.dual.hgr,no,no,0,2,0.03,0.00981551,0.78372,cut,94,94,no
rKaHyPar,sat14_gss-20-s100.cnf.dual.hgr,no,no,1,2,0.03,0.00981551,0.803003,cut,94,94,no
rKaHyPar,sat14_gss-20-s100.cnf.dual.hgr,no,no,2,2,0.03,0.00973108,0.801424,cut,98,98,no
rKaHyPar,sat14_gss-20-s100.cnf.dual.hgr,no,no,3,2,0.03,0.00616372,1.13592,cut,94,94,no
rKaHyPar,sat14_gss-20-s100.cnf.dual.hgr,no,no,4,2,0.03,0.0261958,0.812753,cut,93,93,no
rKaHyPar,sat14_gss-20-s100.cnf.dual.hgr,no,no,5,2,0.03,0.0182379,1.11426,cut,94,94,no
rKaHyPar,sat14_gss-20-s100.cnf.dual.hgr,no,no,6,2,0.03,0.012623,0.794584,cut,98,98,no
rKaHyPar,sat14_gss-20-s100.cnf.dual.hgr,no,no,7,2,0.03,0.00337738,0.800107,cut,94,94,no
rKaHyPar,sat14_gss-20-s100.cnf.dual.hgr,no,no,8,2,0.03,0.00211086,1.12983,cut,94,94,no
rKaHyPar,sat14_gss-20-s100.cnf.dual.hgr,no,no,9,2,0.03,0.0125385,0.823758,cut,95,95,no
rKaHyPar,sat14_gss-20-s100.cnf.dual.hgr,no,no,0,32,0.03,0.0297197,5.67455,cut,1549,687,no
rKaHyPar,sat14_gss-20-s100.cnf.dual.hgr,no,no,1,32,0.03,0.0297197,4.08352,cut,1541,684,no
rKaHyPar,sat14_gss-20-s100.cnf.dual.hgr,no,no,2,32,0.03,0.029382,5.72626,cut,1472,687,no
rKaHyPar,sat14_gss-20-s100.cnf.dual.hgr,no,no,3,32,0.03,0.0297197,4.17789,cut,1494,687,no
rKaHyPar,sat14_gss-20-s100.cnf.dual.hgr,no,no,4,32,0.03,0.029382,5.716,cut,1504,702,no
rKaHyPar,sat14_gss-20-s100.cnf.dual.hgr,no,no,5,32,0.03,0.0297197,5.76336,cut,1456,696,no
rKaHyPar,sat14_gss-20-s100.cnf.dual.hgr,no,no,6,32,0.03,0.0297197,5.7687,cut,1490,694,no
rKaHyPar,sat14_gss-20-s100.cnf.dual.hgr,no,no,7,32,0.03,0.0297197,5.7227,cut,1483,700,no
rKaHyPar,sat14_gss-20-s100.cnf.dual.hgr,no,no,8,32,0.03,0.0297197,4.10336,cut,1478,698,no
rKaHyPar,sat14_gss-20-s100.cnf.dual.hgr,no,no,9,32,0.03,0.0297197,5.83716,cut,1528,700,no
rKaHyPar,sat14_gss-20-s100.cnf.dual.hgr,no,no,0,4,0.03,0.0122852,1.48021,cut,299,237,no
rKaHyPar,sat14_gss-20-s100.cnf.dual.hgr,no,no,1,4,0.03,0.0136784,2.1631,cut,296,230,no
rKaHyPar,sat14_gss-20-s100.cnf.dual.hgr,no,no,2,4,0.03,0.0175624,1.53836,cut,345,271,no
rKaHyPar,sat14_gss-20-s100.cnf.dual.hgr,no,no,3,4,0.03,0.0100477,1.55433,cut,348,274,no
rKaHyPar,sat14_gss-20-s100.cnf.dual.hgr,no,no,4,4,0.03,0.0195888,2.13446,cut,289,230,no
rKaHyPar,sat14_gss-20-s100.cnf.dual.hgr,no,no,5,4,0.03,0.0216997,1.477,cut,282,222,no
rKaHyPar,sat14_gss-20-s100.cnf.dual.hgr,no,no,6,4,0.03,0.0170136,1.52024,cut,316,248,no
rKaHyPar,sat14_gss-20-s100.cnf.dual.hgr,no,no,7,4,0.03,0.0137628,1.51981,cut,301,238,no
rKaHyPar,sat14_gss-20-s100.cnf.dual.hgr,no,no,8,4,0.03,0.0182801,1.52122,cut,313,239,no
rKaHyPar,sat14_gss-20-s100.cnf.dual.hgr,no,no,9,4,0.03,0.0141428,1.51002,cut,302,232,no
rKaHyPar,sat14_gss-20-s100.cnf.dual.hgr,no,no,0,64,0.03,0.0297097,7.4685,cut,1879,853,no
rKaHyPar,sat14_gss-20-s100.cnf.dual.hgr,no,no,1,64,0.03,0.0297097,5.35856,cut,1874,862,no
rKaHyPar,sat14_gss-20-s100.cnf.dual.hgr,no,no,2,64,0.03,0.0297097,7.48703,cut,1936,874,no
rKaHyPar,sat14_gss-20-s100.cnf.dual.hgr,no,no,3,64,0.03,0.0297097,7.50471,cut,1876,857,no
rKaHyPar,sat14_gss-20-s100.cnf.dual.hgr,no,no,4,64,0.03,0.0297097,5.63082,cut,1896,861,no
rKaHyPar,sat14_gss-20-s100.cnf.dual.hgr,no,no,5,64,0.03,0.0297097,5.62209,cut,1870,860,no
rKaHyPar,sat14_gss-20-s100.cnf.dual.hgr,no,no,6,64,0.03,0.0297097,7.75101,cut,1887,853,no
rKaHyPar,sat14_gss-20-s100.cnf.dual.hgr,no,no,7,64,0.03,0.0297097,7.58244,cut,1928,869,no
rKaHyPar,sat14_gss-20-s100.cnf.dual.hgr,no,no,8,64,0.03,0.0297097,5.45717,cut,1902,858,no
rKaHyPar,sat14_gss-20-s100.cnf.dual.hgr,no,no,9,64,0.03,0.0297097,7.51778,cut,1927,856,no
rKaHyPar,sat14_gss-20-s100.cnf.dual.hgr,no,no,0,8,0.03,0.0295508,2.33248,cut,701,416,no
rKaHyPar,sat14_gss-20-s100.cnf.dual.hgr,no,no,1,8,0.03,0.0260892,2.22404,cut,749,439,no
rKaHyPar,sat14_gss-20-s100.cnf.dual.hgr,no,no,2,8,0.03,0.0298886,2.22095,cut,723,432,no
rKaHyPar,sat14_gss-20-s100.cnf.dual.hgr,no,no,3,8,0.03,0.0284532,2.21622,cut,723,427,no
rKaHyPar,sat14_gss-20-s100.cnf.dual.hgr,no,no,4,8,0.03,0.0298041,3.19323,cut,701,420,no
rKaHyPar,sat14_gss-20-s100.cnf.dual.hgr,no,no,5,8,0.03,0.0292131,3.10082,cut,682,410,no
rKaHyPar,sat14_gss-20-s100.cnf.dual.hgr,no,no,6,8,0.03,0.0275245,3.1915,cut,700,432,no
rKaHyPar,sat14_gss-20-s100.cnf.dual.hgr,no,no,7,8,0.03,0.0247383,3.16222,cut,721,442,no
rKaHyPar,sat14_gss-20-s100.cnf.dual.hgr,no,no,8,8,0.03,0.0289598,2.23011,cut,713,433,no
rKaHyPar,sat14_gss-20-s100.cnf.dual.hgr,no,no,9,8,0.03,0.0282844,2.20036,cut,717,424,no
rKaHyPar,sat14_gss-20-s100.cnf.hgr,no,no,0,128,0.03,0.0283976,12.8378,cut,7576,5157,no
rKaHyPar,sat14_gss-20-s100.cnf.hgr,no,no,1,128,0.03,0.0283976,12.8091,cut,7626,5204,no
rKaHyPar,sat14_gss-20-s100.cnf.hgr,no,no,2,128,0.03,0.0283976,12.7714,cut,7536,5163,no
rKaHyPar,sat14_gss-20-s100.cnf.hgr,no,no,3,128,0.03,0.0283976,12.8121,cut,7605,5144,no
rKaHyPar,sat14_gss-20-s100.cnf.hgr,no,no,4,128,0.03,0.0283976,12.9308,cut,7656,5161,no
rKaHyPar,sat14_gss-20-s100.cnf.hgr,no,no,5,128,0.03,0.0283976,12.9076,cut,7601,5172,no
rKaHyPar,sat14_gss-20-s100.cnf.hgr,no,no,6,128,0.03,0.0283976,13.0682,cut,7760,5238,no
rKaHyPar,sat14_gss-20-s100.cnf.hgr,no,no,7,128,0.03,0.0283976,18.3477,cut,7542,5142,no
rKaHyPar,sat14_gss-20-s100.cnf.hgr,no,no,8,128,0.03,0.0283976,12.8283,cut,7571,5148,no
rKaHyPar,sat14_gss-20-s100.cnf.hgr,no,no,9,128,0.03,0.0283976,12.8508,cut,7595,5160,no
rKaHyPar,sat14_gss-20-s100.cnf.hgr,no,no,0,16,0.03,0.0299644,6.69544,cut,4586,3181,no
rKaHyPar,sat14_gss-20-s100.cnf.hgr,no,no,1,16,0.03,0.0297105,9.36219,cut,4526,3114,no
rKaHyPar,sat14_gss-20-s100.cnf.hgr,no,no,2,16,0.03,0.0297105,9.48807,cut,4717,3148,no
rKaHyPar,sat14_gss-20-s100.cnf.hgr,no,no,3,16,0.03,0.0299644,6.65558,cut,4533,3134,no
rKaHyPar,sat14_gss-20-s100.cnf.hgr,no,no,4,16,0.03,0.0299644,9.5888,cut,4670,3252,no
rKaHyPar,sat14_gss-20-s100.cnf.hgr,no,no,5,16,0.03,0.0299644,9.49102,cut,4555,3168,no
rKaHyPar,sat14_gss-20-s100.cnf.hgr,no,no,6,16,0.03,0.0299644,9.50871,cut,4599,3165,no
rKaHyPar,sat14_gss-20-s100.cnf.hgr,no,no,7,16,0.03,0.0299644,6.79216,cut,4609,3158,no
rKaHyPar,sat14_gss-20-s100.cnf.hgr,no,no,8,16,0.03,0.0299644,9.51288,cut,4584,3236,no
rKaHyPar,sat14_gss-20-s100.cnf.hgr,no,no,9,16,0.03,0.0299644,9.31259,cut,4529,3119,no
rKaHyPar,sat14_gss-20-s100.cnf.hgr,no,no,0,2,0.03,0.0224106,2.19151,cut,1008,1008,no
rKaHyPar,sat14_gss-20-s100.cnf.hgr,no,no,1,2,0.03,0.0216487,2.22626,cut,1013,1013,no
rKaHyPar,sat14_gss-20-s100.cnf.hgr,no,no,2,2,0.03,0.022855,2.20197,cut,1024,1024,no
rKaHyPar,sat14_gss-20-s100.cnf.hgr,no,no,3,2,0.03,0.0217757,3.20563,cut,1031,1031,no
rKaHyPar,sat14_gss-20-s100.cnf.hgr,no,no,4,2,0.03,0.020633,2.37055,cut,1063,1063,no
rKaHyPar,sat14_gss-20-s100.cnf.hgr,no,no,5,2,0.03,0.0220931,3.16014,cut,995,995,no
rKaHyPar,sat14_gss-20-s100.cnf.hgr,no,no,6,2,0.03,0.00615814,2.34377,cut,1011,1011,no
rKaHyPar,sat14_gss-20-s100.cnf.hgr,no,no,7,2,0.03,0.0206012,2.19475,cut,1003,1003,no
rKaHyPar,sat14_gss-20-s100.cnf.hgr,no,no,8,2,0.03,0.0201568,3.24769,cut,1090,1090,no
rKaHyPar,sat14_gss-20-s100.cnf.hgr,no,no,9,2,0.03,0.0228867,2.26252,cut,1005,1005,no
rKaHyPar,sat14_gss-20-s100.cnf.hgr,no,no,0,32,0.03,0.0299644,12.0596,cut,5627,3793,no
rKaHyPar,sat14_gss-20-s100.cnf.hgr,no,no,1,32,0.03,0.0299644,8.42018,cut,5483,3672,no
rKaHyPar,sat14_gss-20-s100.cnf.hgr,no,no,2,32,0.03,0.0299644,12.0588,cut,5653,3764,no
rKaHyPar,sat14_gss-20-s100.cnf.hgr,no,no,3,32,0.03,0.0299644,11.7302,cut,5602,3763,no
rKaHyPar,sat14_gss-20-s100.cnf.hgr,no,no,4,32,0.03,0.0299644,11.8421,cut,5660,3725,no
rKaHyPar,sat14_gss-20-s100.cnf.hgr,no,no,5,32,0.03,0.0299644,11.9221,cut,5585,3716,no
rKaHyPar,sat14_gss-20-s100.cnf.hgr,no,no,6,32,0.03,0.0299644,11.8546,cut,5669,3740,no
rKaHyPar,sat14_gss-20-s100.cnf.hgr,no,no,7,32,0.03,0.0299644,11.7402,cut,5612,3723,no
rKaHyPar,sat14_gss-20-s100.cnf.hgr,no,no,8,32,0.03,0.0299644,8.45364,cut,5635,3792,no
rKaHyPar,sat14_gss-20-s100.cnf.hgr,no,no,9,32,0.03,0.0299644,11.8706,cut,5791,3829,no
rKaHyPar,sat14_gss-20-s100.cnf.hgr,no,no,0,4,0.03,0.0146648,3.85736,cut,2215,1929,no
rKaHyPar,sat14_gss-20-s100.cnf.hgr,no,no,1,4,0.03,0.0161249,5.61143,cut,2359,2015,no
rKaHyPar,sat14_gss-20-s100.cnf.hgr,no,no,2,4,0.03,0.0219655,5.49414,cut,2244,1928,no
rKaHyPar,sat14_gss-20-s100.cnf.hgr,no,no,3,4,0.03,0.0232986,3.84973,cut,2316,1987,no
rKaHyPar,sat14_gss-20-s100.cnf.hgr,no,no,4,4,0.03,0.01403,5.90291,cut,2348,2051,no
rKaHyPar,sat14_gss-20-s100.cnf.hgr,no,no,5,4,0.03,0.0132047,5.3795,cut,2218,1949,no
rKaHyPar,sat14_gss-20-s100.cnf.hgr,no,no,6,4,0.03,0.0220289,3.9633,cut,2275,1937,no
rKaHyPar,sat14_gss-20-s100.cnf.hgr,no,no,7,4,0.03,0.00818944,3.81799,cut,2185,1889,no
rKaHyPar,sat14_gss-20-s100.cnf.hgr,no,no,8,4,0.03,0.0130777,3.91416,cut,2374,2004,no
rKaHyPar,sat14_gss-20-s100.cnf.hgr,no,no,9,4,0.03,0.0234256,5.5087,cut,2257,1932,no
rKaHyPar,sat14_gss-20-s100.cnf.hgr,no,no,0,64,0.03,0.0294416,14.5214,cut,6492,4335,no
rKaHyPar,sat14_gss-20-s100.cnf.hgr,no,no,1,64,0.03,0.0294416,10.3972,cut,6650,4407,no
rKaHyPar,sat14_gss-20-s100.cnf.hgr,no,no,2,64,0.03,0.0294416,14.5036,cut,6630,4398,no
rKaHyPar,sat14_gss-20-s100.cnf.hgr,no,no,3,64,0.03,0.0294416,14.5906,cut,6655,4504,no
rKaHyPar,sat14_gss-20-s100.cnf.hgr,no,no,4,64,0.03,0.0294416,10.4523,cut,6586,4448,no
rKaHyPar,sat14_gss-20-s100.cnf.hgr,no,no,5,64,0.03,0.0294416,10.4184,cut,6573,4407,no
rKaHyPar,sat14_gss-20-s100.cnf.hgr,no,no,6,64,0.03,0.0294416,15.002,cut,6576,4403,no
rKaHyPar,sat14_gss-20-s100.cnf.hgr,no,no,7,64,0.03,0.0294416,14.5056,cut,6535,4353,no
rKaHyPar,sat14_gss-20-s100.cnf.hgr,no,no,8,64,0.03,0.0294416,10.4674,cut,6515,4322,no
rKaHyPar,sat14_gss-20-s100.cnf.hgr,no,no,9,64,0.03,0.0294416,14.489,cut,6606,4408,no
rKaHyPar,sat14_gss-20-s100.cnf.hgr,no,no,0,8,0.03,0.0281869,5.29692,cut,3518,2653,no
rKaHyPar,sat14_gss-20-s100.cnf.hgr,no,no,1,8,0.03,0.0299644,5.31286,cut,3562,2661,no
rKaHyPar,sat14_gss-20-s100.cnf.hgr,no,no,2,8,0.03,0.0270442,5.42634,cut,3483,2643,no
rKaHyPar,sat14_gss-20-s100.cnf.hgr,no,no,3,8,0.03,0.0299644,5.23311,cut,3502,2621,no
rKaHyPar,sat14_gss-20-s100.cnf.hgr,no,no,4,8,0.03,0.0299644,7.6013,cut,3507,2612,no
rKaHyPar,sat14_gss-20-s100.cnf.hgr,no,no,5,8,0.03,0.0299644,7.31859,cut,3439,2592,no
rKaHyPar,sat14_gss-20-s100.cnf.hgr,no,no,6,8,0.03,0.0293296,7.57485,cut,3620,2666,no
rKaHyPar,sat14_gss-20-s100.cnf.hgr,no,no,7,8,0.03,0.0299644,7.4274,cut,3398,2566,no
rKaHyPar,sat14_gss-20-s100.cnf.hgr,no,no,8,8,0.03,0.0292026,5.36817,cut,3492,2603,no
rKaHyPar,sat14_gss-20-s100.cnf.hgr,no,no,9,8,0.03,0.0298375,5.35749,cut,3464,2608,no
rKaHyPar,sat14_gss-20-s100.cnf.primal.hgr,no,no,0,128,0.03,0.0283401,8.71639,cut,8097,6090,no
rKaHyPar,sat14_gss-20-s100.cnf.primal.hgr,no,no,1,128,0.03,0.0283401,8.39137,cut,8163,6126,no
rKaHyPar,sat14_gss-20-s100.cnf.primal.hgr,no,no,2,128,0.03,0.0283401,8.53149,cut,8167,6166,no
rKaHyPar,sat14_gss-20-s100.cnf.primal.hgr,no,no,3,128,0.03,0.0283401,8.49834,cut,8152,6099,no
rKaHyPar,sat14_gss-20-s100.cnf.primal.hgr,no,no,4,128,0.03,0.0283401,8.52018,cut,8101,6089,no
rKaHyPar,sat14_gss-20-s100.cnf.primal.hgr,no,no,5,128,0.03,0.0283401,8.35153,cut,8128,6179,no
rKaHyPar,sat14_gss-20-s100.cnf.primal.hgr,no,no,6,128,0.03,0.0283401,8.65474,cut,8050,6025,no
rKaHyPar,sat14_gss-20-s100.cnf.primal.hgr,no,no,7,128,0.03,0.0283401,8.95745,cut,8120,6071,no
rKaHyPar,sat14_gss-20-s100.cnf.primal.hgr,no,no,8,128,0.03,0.0283401,8.49392,cut,8055,5993,no
rKaHyPar,sat14_gss-20-s100.cnf.primal.hgr,no,no,9,128,0.03,0.0283401,8.61587,cut,8076,6102,no
rKaHyPar,sat14_gss-20-s100.cnf.primal.hgr,no,no,0,16,0.03,0.0299644,3.3776,cut,4603,3664,no
rKaHyPar,sat14_gss-20-s100.cnf.primal.hgr,no,no,1,16,0.03,0.0299644,4.43969,cut,4519,3542,no
rKaHyPar,sat14_gss-20-s100.cnf.primal.hgr,no,no,2,16,0.03,0.0299644,3.27805,cut,4579,3583,no
rKaHyPar,sat14_gss-20-s100.cnf.primal.hgr,no,no,3,16,0.03,0.0299644,3.37379,cut,4554,3663,no
rKaHyPar,sat14_gss-20-s100.cnf.primal.hgr,no,no,4,16,0.03,0.0299644,4.7528,cut,4449,3553,no
rKaHyPar,sat14_gss-20-s100.cnf.primal.hgr,no,no,5,16,0.03,0.0299644,4.51682,cut,4562,3651,no
rKaHyPar,sat14_gss-20-s100.cnf.primal.hgr,no,no,6,16,0.03,0.0299644,4.74016,cut,4549,3563,no
rKaHyPar,sat14_gss-20-s100.cnf.primal.hgr,no,no,7,16,0.03,0.0299644,3.76408,cut,4541,3390,no
rKaHyPar,sat14_gss-20-s100.cnf.primal.hgr,no,no,8,16,0.03,0.0299644,4.72377,cut,4524,3610,no
rKaHyPar,sat14_gss-20-s100.cnf.primal.hgr,no,no,9,16,0.03,0.0299644,4.4852,cut,4620,3710,no
rKaHyPar,sat14_gss-20-s100.cnf.primal.hgr,no,no,0,2,0.03,0.00907821,1.05021,cut,1269,1269,no
rKaHyPar,sat14_gss-20-s100.cnf.primal.hgr,no,no,1,2,0.03,0.0170772,0.882818,cut,1337,1337,no
rKaHyPar,sat14_gss-20-s100.cnf.primal.hgr,no,no,2,2,0.03,0.0264093,0.880496,cut,1297,1297,no
rKaHyPar,sat14_gss-20-s100.cnf.primal.hgr,no,no,3,2,0.03,0.0113636,1.42544,cut,1266,1266,no
rKaHyPar,sat14_gss-20-s100.cnf.primal.hgr,no,no,4,2,0.03,0.00679279,0.974025,cut,1298,1298,no
rKaHyPar,sat14_gss-20-s100.cnf.primal.hgr,no,no,5,2,0.03,0.0101574,1.24561,cut,1290,1290,no
rKaHyPar,sat14_gss-20-s100.cnf.primal.hgr,no,no,6,2,0.03,0.00958608,0.933872,cut,1273,1273,no
rKaHyPar,sat14_gss-20-s100.cnf.primal.hgr,no,no,7,2,0.03,0.0248222,1.13552,cut,1276,1276,no
rKaHyPar,sat14_gss-20-s100.cnf.primal.hgr,no,no,8,2,0.03,0.00387252,1.40497,cut,1280,1280,no
rKaHyPar,sat14_gss-20-s100.cnf.primal.hgr,no,no,9,2,0.03,0.00711021,0.924221,cut,1282,1282,no
rKaHyPar,sat14_gss-20-s100.cnf.primal.hgr,no,no,0,32,0.03,0.0294416,6.59462,cut,5854,4463,no
rKaHyPar,sat14_gss-20-s100.cnf.primal.hgr,no,no,1,32,0.03,0.0294416,4.52425,cut,5735,4397,no
rKaHyPar,sat14_gss-20-s100.cnf.primal.hgr,no,no,2,32,0.03,0.0294416,6.32127,cut,5879,4467,no
rKaHyPar,sat14_gss-20-s100.cnf.primal.hgr,no,no,3,32,0.03,0.0294416,4.65033,cut,5613,4287,no
rKaHyPar,sat14_gss-20-s100.cnf.primal.hgr,no,no,4,32,0.03,0.0294416,6.29945,cut,5718,4385,no
rKaHyPar,sat14_gss-20-s100.cnf.primal.hgr,no,no,5,32,0.03,0.0294416,6.09391,cut,5852,4529,no
rKaHyPar,sat14_gss-20-s100.cnf.primal.hgr,no,no,6,32,0.03,0.0294416,6.41309,cut,5759,4358,no
rKaHyPar,sat14_gss-20-s100.cnf.primal.hgr,no,no,7,32,0.03,0.0294416,6.71298,cut,5767,4446,no
rKaHyPar,sat14_gss-20-s100.cnf.primal.hgr,no,no,8,32,0.03,0.0294416,4.82437,cut,5837,4468,no
rKaHyPar,sat14_gss-20-s100.cnf.primal.hgr,no,no,9,32,0.03,0.0294416,6.33542,cut,5672,4404,no
rKaHyPar,sat14_gss-20-s100.cnf.primal.hgr,no,no,0,4,0.03,0.0292026,1.86078,cut,2398,2312,no
rKaHyPar,sat14_gss-20-s100.cnf.primal.hgr,no,no,1,4,0.03,0.0272981,2.40609,cut,2456,2341,no
rKaHyPar,sat14_gss-20-s100.cnf.primal.hgr,no,no,2,4,0.03,0.0149822,1.58813,cut,2524,2388,no
rKaHyPar,sat14_gss-20-s100.cnf.primal.hgr,no,no,3,4,0.03,0.0181564,1.80321,cut,2499,2370,no
rKaHyPar,sat14_gss-20-s100.cnf.primal.hgr,no,no,4,4,0.03,0.0285678,2.29093,cut,2537,2412,no
rKaHyPar,sat14_gss-20-s100.cnf.primal.hgr,no,no,5,4,0.03,0.0292026,1.57443,cut,2427,2288,no
rKaHyPar,sat14_gss-20-s100.cnf.primal.hgr,no,no,6,4,0.03,0.0190452,1.76778,cut,2550,2410,no
rKaHyPar,sat14_gss-20-s100.cnf.primal.hgr,no,no,7,4,0.03,0.00901473,1.84407,cut,2535,2410,no
rKaHyPar,sat14_gss-20-s100.cnf.primal.hgr,no,no,8,4,0.03,0.027806,1.85309,cut,2542,2382,no
rKaHyPar,sat14_gss-20-s100.cnf.primal.hgr,no,no,9,4,0.03,0.0275521,1.73981,cut,2494,2346,no
rKaHyPar,sat14_gss-20-s100.cnf.primal.hgr,no,no,0,64,0.03,0.0283976,8.90922,cut,7026,5295,no
rKaHyPar,sat14_gss-20-s100.cnf.primal.hgr,no,no,1,64,0.03,0.0283976,6.25113,cut,6969,5278,no
rKaHyPar,sat14_gss-20-s100.cnf.primal.hgr,no,no,2,64,0.03,0.0283976,8.65619,cut,7013,5225,no
rKaHyPar,sat14_gss-20-s100.cnf.primal.hgr,no,no,3,64,0.03,0.0283976,8.73805,cut,6974,5217,no
rKaHyPar,sat14_gss-20-s100.cnf.primal.hgr,no,no,4,64,0.03,0.0283976,6.23399,cut,6967,5290,no
rKaHyPar,sat14_gss-20-s100.cnf.primal.hgr,no,no,5,64,0.03,0.0283976,6.20877,cut,6867,5164,no
rKaHyPar,sat14_gss-20-s100.cnf.primal.hgr,no,no,6,64,0.03,0.0283976,8.81547,cut,6976,5264,no
rKaHyPar,sat14_gss-20-s100.cnf.primal.hgr,no,no,7,64,0.03,0.0283976,9.1338,cut,7019,5265,no
rKaHyPar,sat14_gss-20-s100.cnf.primal.hgr,no,no,8,64,0.03,0.0283976,6.56573,cut,7040,5279,no
rKaHyPar,sat14_gss-20-s100.cnf.primal.hgr,no,no,9,64,0.03,0.0283976,8.74789,cut,6890,5241,no
rKaHyPar,sat14_gss-20-s100.cnf.primal.hgr,no,no,0,8,0.03,0.0147283,2.57256,cut,3546,3016,no
rKaHyPar,sat14_gss-20-s100.cnf.primal.hgr,no,no,1,8,0.03,0.0218385,2.29677,cut,3560,3076,no
rKaHyPar,sat14_gss-20-s100.cnf.primal.hgr,no,no,2,8,0.03,0.0271712,2.34109,cut,3646,3064,no
rKaHyPar,sat14_gss-20-s100.cnf.primal.hgr,no,no,3,8,0.03,0.0203149,2.53342,cut,3611,3076,no
rKaHyPar,sat14_gss-20-s100.cnf.primal.hgr,no,no,4,8,0.03,0.0264093,3.28796,cut,3645,3039,no
rKaHyPar,sat14_gss-20-s100.cnf.primal.hgr,no,no,5,8,0.03,0.0274251,3.41227,cut,3508,3001,no
rKaHyPar,sat14_gss-20-s100.cnf.primal.hgr,no,no,6,8,0.03,0.0266633,3.4463,cut,3540,2951,no
rKaHyPar,sat14_gss-20-s100.cnf.primal.hgr,no,no,7,8,0.03,0.0299644,3.62601,cut,3561,3045,no
rKaHyPar,sat14_gss-20-s100.cnf.primal.hgr,no,no,8,8,0.03,0.0294566,2.49992,cut,3605,3068,no
rKaHyPar,sat14_gss-20-s100.cnf.primal.hgr,no,no,9,8,0.03,0.0210767,2.33957,cut,3619,3002,no
rKaHyPar,sat14_gss-22-s100.cnf.dual.hgr,no,no,0,128,0.03,0.0295699,7.10788,cut,2186,1025,no
rKaHyPar,sat14_gss-22-s100.cnf.dual.hgr,no,no,1,128,0.03,0.0295699,7.15971,cut,2180,1004,no
rKaHyPar,sat14_gss-22-s100.cnf.dual.hgr,no,no,2,128,0.03,0.0295699,7.09941,cut,2205,1026,no
rKaHyPar,sat14_gss-22-s100.cnf.dual.hgr,no,no,3,128,0.03,0.0295699,7.08657,cut,2213,1017,no
rKaHyPar,sat14_gss-22-s100.cnf.dual.hgr,no,no,4,128,0.03,0.0295699,7.0704,cut,2202,1024,no
rKaHyPar,sat14_gss-22-s100.cnf.dual.hgr,no,no,5,128,0.03,0.0295699,7.12998,cut,2181,1019,no
rKaHyPar,sat14_gss-22-s100.cnf.dual.hgr,no,no,6,128,0.03,0.0295699,7.13254,cut,2167,1012,no
rKaHyPar,sat14_gss-22-s100.cnf.dual.hgr,no,no,7,128,0.03,0.0295699,9.84357,cut,2135,1023,no
rKaHyPar,sat14_gss-22-s100.cnf.dual.hgr,no,no,8,128,0.03,0.0295699,7.147,cut,2226,1033,no
rKaHyPar,sat14_gss-22-s100.cnf.dual.hgr,no,no,9,128,0.03,0.0295699,7.25094,cut,2178,1014,no
rKaHyPar,sat14_gss-22-s100.cnf.dual.hgr,no,no,0,16,0.03,0.028259,3.06421,cut,1091,557,no
rKaHyPar,sat14_gss-22-s100.cnf.dual.hgr,no,no,1,16,0.03,0.0299411,4.30726,cut,1130,551,no
rKaHyPar,sat14_gss-22-s100.cnf.dual.hgr,no,no,2,16,0.03,0.0294365,4.40724,cut,1116,537,no
rKaHyPar,sat14_gss-22-s100.cnf.dual.hgr,no,no,3,16,0.03,0.0299411,3.08129,cut,1137,552,no
rKaHyPar,sat14_gss-22-s100.cnf.dual.hgr,no,no,4,16,0.03,0.0299411,4.22725,cut,1109,548,no
rKaHyPar,sat14_gss-22-s100.cnf.dual.hgr,no,no,5,16,0.03,0.0296047,4.32372,cut,1059,533,no
rKaHyPar,sat14_gss-22-s100.cnf.dual.hgr,no,no,6,16,0.03,0.0294365,4.22256,cut,1093,536,no
rKaHyPar,sat14_gss-22-s100.cnf.dual.hgr,no,no,7,16,0.03,0.0289319,3.23963,cut,1159,570,no
rKaHyPar,sat14_gss-22-s100.cnf.dual.hgr,no,no,8,16,0.03,0.0299411,4.2762,cut,1065,547,no
rKaHyPar,sat14_gss-22-s100.cnf.dual.hgr,no,no,9,16,0.03,0.0299411,4.24447,cut,1102,539,no
rKaHyPar,sat14_gss-22-s100.cnf.dual.hgr,no,no,0,2,0.03,0.0222059,0.813751,cut,95,95,no
rKaHyPar,sat14_gss-22-s100.cnf.dual.hgr,no,no,1,2,0.03,0.0221428,0.819297,cut,100,100,no
rKaHyPar,sat14_gss-22-s100.cnf.dual.hgr,no,no,2,2,0.03,0.00281779,0.881311,cut,96,96,no
rKaHyPar,sat14_gss-22-s100.cnf.dual.hgr,no,no,3,2,0.03,0.0204815,1.15847,cut,102,102,no
rKaHyPar,sat14_gss-22-s100.cnf.dual.hgr,no,no,4,2,0.03,0.0224792,0.814381,cut,97,97,no
rKaHyPar,sat14_gss-22-s100.cnf.dual.hgr,no,no,5,2,0.03,0.0140259,1.11244,cut,95,95,no
rKaHyPar,sat14_gss-22-s100.cnf.dual.hgr,no,no,6,2,0.03,0.0128693,0.839224,cut,95,95,no
rKaHyPar,sat14_gss-22-s100.cnf.dual.hgr,no,no,7,2,0.03,0.0290821,0.815413,cut,96,96,no
rKaHyPar,sat14_gss-22-s100.cnf.dual.hgr,no,no,8,2,0.03,0.00206077,1.17232,cut,95,95,no
rKaHyPar,sat14_gss-22-s100.cnf.dual.hgr,no,no,9,2,0.03,0.00481548,0.837853,cut,96,96,no
rKaHyPar,sat14_gss-22-s100.cnf.dual.hgr,no,no,0,32,0.03,0.0295997,5.83899,cut,1492,674,no
rKaHyPar,sat14_gss-22-s100.cnf.dual.hgr,no,no,1,32,0.03,0.0299361,4.09812,cut,1485,670,no
rKaHyPar,sat14_gss-22-s100.cnf.dual.hgr,no,no,2,32,0.03,0.0299361,5.79366,cut,1504,674,no
rKaHyPar,sat14_gss-22-s100.cnf.dual.hgr,no,no,3,32,0.03,0.0299361,5.7065,cut,1516,679,no
rKaHyPar,sat14_gss-22-s100.cnf.dual.hgr,no,no,4,32,0.03,0.0299361,5.67686,cut,1425,665,no
rKaHyPar,sat14_gss-22-s100.cnf.dual.hgr,no,no,5,32,0.03,0.0299361,5.72023,cut,1474,683,no
rKaHyPar,sat14_gss-22-s100.cnf.dual.hgr,no,no,6,32,0.03,0.0295997,5.84692,cut,1496,683,no
rKaHyPar,sat14_gss-22-s100.cnf.dual.hgr,no,no,7,32,0.03,0.0299361,5.98164,cut,1484,680,no
rKaHyPar,sat14_gss-22-s100.cnf.dual.hgr,no,no,8,32,0.03,0.0299361,4.11487,cut,1523,697,no
rKaHyPar,sat14_gss-22-s100.cnf.dual.hgr,no,no,9,32,0.03,0.0299361,5.66758,cut,1482,692,no
rKaHyPar,sat14_gss-22-s100.cnf.dual.hgr,no,no,0,4,0.03,0.021911,1.60889,cut,309,241,no
rKaHyPar,sat14_gss-22-s100.cnf.dual.hgr,no,no,1,4,0.03,0.015098,2.18194,cut,320,250,no
rKaHyPar,sat14_gss-22-s100.cnf.dual.hgr,no,no,2,4,0.03,0.0077803,1.52645,cut,322,252,no
rKaHyPar,sat14_gss-22-s100.cnf.dual.hgr,no,no,3,4,0.03,0.0206914,1.5543,cut,334,260,no
rKaHyPar,sat14_gss-22-s100.cnf.dual.hgr,no,no,4,4,0.03,0.0110606,2.08876,cut,346,268,no
rKaHyPar,sat14_gss-22-s100.cnf.dual.hgr,no,no,5,4,0.03,0.021911,2.18901,cut,290,228,no
rKaHyPar,sat14_gss-22-s100.cnf.dual.hgr,no,no,6,4,0.03,0.0222475,1.66752,cut,304,236,no
rKaHyPar,sat14_gss-22-s100.cnf.dual.hgr,no,no,7,4,0.03,0.0116074,1.53017,cut,374,288,no
rKaHyPar,sat14_gss-22-s100.cnf.dual.hgr,no,no,8,4,0.03,0.0217428,1.61778,cut,326,249,no
rKaHyPar,sat14_gss-22-s100.cnf.dual.hgr,no,no,9,4,0.03,0.0156447,2.18939,cut,369,287,no
rKaHyPar,sat14_gss-22-s100.cnf.dual.hgr,no,no,0,64,0.03,0.0295898,7.54962,cut,1861,834,no
rKaHyPar,sat14_gss-22-s100.cnf.dual.hgr,no,no,1,64,0.03,0.0289173,5.64855,cut,1875,849,no
rKaHyPar,sat14_gss-22-s100.cnf.dual.hgr,no,no,2,64,0.03,0.0295898,7.66553,cut,1849,842,no
rKaHyPar,sat14_gss-22-s100.cnf.dual.hgr,no,no,3,64,0.03,0.0289173,7.4999,cut,1868,819,no
rKaHyPar,sat14_gss-22-s100.cnf.dual.hgr,no,no,4,64,0.03,0.0289173,5.4376,cut,1862,843,no
rKaHyPar,sat14_gss-22-s100.cnf.dual.hgr,no,no,5,64,0.03,0.0295898,5.57951,cut,1859,833,no
rKaHyPar,sat14_gss-22-s100.cnf.dual.hgr,no,no,6,64,0.03,0.0295898,7.60597,cut,1838,827,no
rKaHyPar,sat14_gss-22-s100.cnf.dual.hgr,no,no,7,64,0.03,0.0295898,7.49093,cut,1828,839,no
rKaHyPar,sat14_gss-22-s100.cnf.dual.hgr,no,no,8,64,0.03,0.0295898,5.722,cut,1864,845,no
rKaHyPar,sat14_gss-22-s100.cnf.dual.hgr,no,no,9,64,0.03,0.0295898,7.60692,cut,1845,825,no
rKaHyPar,sat14_gss-22-s100.cnf.dual.hgr,no,no,0,8,0.03,0.0297754,2.29502,cut,730,438,no
rKaHyPar,sat14_gss-22-s100.cnf.dual.hgr,no,no,1,8,0.03,0.028682,2.2929,cut,716,418,no
rKaHyPar,sat14_gss-22-s100.cnf.dual.hgr,no,no,2,8,0.03,0.0296072,2.3174,cut,706,427,no
rKaHyPar,sat14_gss-22-s100.cnf.dual.hgr,no,no,3,8,0.03,0.0287661,2.23794,cut,735,428,no
rKaHyPar,sat14_gss-22-s100.cnf.dual.hgr,no,no,4,8,0.03,0.0288502,3.18568,cut,722,430,no
rKaHyPar,sat14_gss-22-s100.cnf.dual.hgr,no,no,5,8,0.03,0.0299436,3.23548,cut,720,428,no
rKaHyPar,sat14_gss-22-s100.cnf.dual.hgr,no,no,6,8,0.03,0.0292708,3.16611,cut,718,427,no
rKaHyPar,sat14_gss-22-s100.cnf.dual.hgr,no,no,7,8,0.03,0.0273362,3.2003,cut,746,457,no
rKaHyPar,sat14_gss-22-s100.cnf.dual.hgr,no,no,8,8,0.03,0.0297754,2.43227,cut,702,414,no
rKaHyPar,sat14_gss-22-s100.cnf.dual.hgr,no,no,9,8,0.03,0.0291025,2.2674,cut,727,424,no
rKaHyPar,sat14_gss-22-s100.cnf.hgr,no,no,0,128,0.03,0.0283401,12.8891,cut,7638,5081,no
rKaHyPar,sat14_gss-22-s100.cnf.hgr,no,no,1,128,0.03,0.0283401,12.8249,cut,7616,5051,no
rKaHyPar,sat14_gss-22-s100.cnf.hgr,no,no,2,128,0.03,0.0283401,12.8529,cut,7694,5158,no
rKaHyPar,sat14_gss-22-s100.cnf.hgr,no,no,3,128,0.03,0.0283401,12.8762,cut,7492,5039,no
rKaHyPar,sat14_gss-22-s100.cnf.hgr,no,no,4,128,0.03,0.0283401,12.8768,cut,7682,5209,no
rKaHyPar,sat14_gss-22-s100.cnf.hgr,no,no,5,128,0.03,0.0283401,12.897,cut,7535,5066,no
rKaHyPar,sat14_gss-22-s100.cnf.hgr,no,no,6,128,0.03,0.0283401,12.875,cut,7625,5107,no
rKaHyPar,sat14_gss-22-s100.cnf.hgr,no,no,7,128,0.03,0.0283401,12.8768,cut,7541,5050,no
rKaHyPar,sat14_gss-22-s100.cnf.hgr,no,no,8,128,0.03,0.0283401,12.7786,cut,7620,5141,no
rKaHyPar,sat14_gss-22-s100.cnf.hgr,no,no,9,128,0.03,0.0283401,12.768,cut,7601,5153,no
rKaHyPar,sat14_gss-22-s100.cnf.hgr,no,no,0,16,0.03,0.0298583,6.70572,cut,4591,3161,no
rKaHyPar,sat14_gss-22-s100.cnf.hgr,no,no,1,16,0.03,0.0298583,9.53703,cut,4618,3223,no
rKaHyPar,sat14_gss-22-s100.cnf.hgr,no,no,2,16,0.03,0.0298583,9.4938,cut,4778,3269,no
rKaHyPar,sat14_gss-22-s100.cnf.hgr,no,no,3,16,0.03,0.0298583,6.77742,cut,4590,3189,no
rKaHyPar,sat14_gss-22-s100.cnf.hgr,no,no,4,16,0.03,0.0296053,9.51236,cut,4664,3165,no
rKaHyPar,sat14_gss-22-s100.cnf.hgr,no,no,5,16,0.03,0.0298583,9.54083,cut,4649,3225,no
rKaHyPar,sat14_gss-22-s100.cnf.hgr,no,no,6,16,0.03,0.0290992,9.48226,cut,4624,3224,no
rKaHyPar,sat14_gss-22-s100.cnf.hgr,no,no,7,16,0.03,0.0298583,6.82255,cut,4592,3181,no
rKaHyPar,sat14_gss-22-s100.cnf.hgr,no,no,8,16,0.03,0.0298583,9.66707,cut,4661,3211,no
rKaHyPar,sat14_gss-22-s100.cnf.hgr,no,no,9,16,0.03,0.0293522,9.44076,cut,4718,3174,no
rKaHyPar,sat14_gss-22-s100.cnf.hgr,no,no,0,2,0.03,0.0255883,2.21842,cut,1028,1028,no
rKaHyPar,sat14_gss-22-s100.cnf.hgr,no,no,1,2,0.03,0.0258097,2.40682,cut,1106,1106,no
rKaHyPar,sat14_gss-22-s100.cnf.hgr,no,no,2,2,0.03,0.0253036,2.25857,cut,1047,1047,no
rKaHyPar,sat14_gss-22-s100.cnf.hgr,no,no,3,2,0.03,0.00958376,3.30201,cut,1079,1079,no
rKaHyPar,sat14_gss-22-s100.cnf.hgr,no,no,4,2,0.03,0.0165106,2.38518,cut,1102,1102,no
rKaHyPar,sat14_gss-22-s100.cnf.hgr,no,no,5,2,0.03,0.0253985,3.1992,cut,1089,1089,no
rKaHyPar,sat14_gss-22-s100.cnf.hgr,no,no,6,2,0.03,0.0250506,2.24836,cut,1082,1082,no
rKaHyPar,sat14_gss-22-s100.cnf.hgr,no,no,7,2,0.03,0.0251455,2.21144,cut,1053,1053,no
rKaHyPar,sat14_gss-22-s100.cnf.hgr,no,no,8,2,0.03,0.0256516,3.23769,cut,1069,1069,no
rKaHyPar,sat14_gss-22-s100.cnf.hgr,no,no,9,2,0.03,0.025019,2.21,cut,1068,1068,no
rKaHyPar,sat14_gss-22-s100.cnf.hgr,no,no,0,32,0.03,0.0298583,11.8895,cut,5553,3750,no
rKaHyPar,sat14_gss-22-s100.cnf.hgr,no,no,1,32,0.03,0.0298583,8.62086,cut,5593,3703,no
rKaHyPar,sat14_gss-22-s100.cnf.hgr,no,no,2,32,0.03,0.0298583,12.0864,cut,5715,3787,no
rKaHyPar,sat14_gss-22-s100.cnf.hgr,no,no,3,32,0.03,0.0298583,8.47389,cut,5632,3735,no
rKaHyPar,sat14_gss-22-s100.cnf.hgr,no,no,4,32,0.03,0.0298583,11.9808,cut,5647,3739,no
rKaHyPar,sat14_gss-22-s100.cnf.hgr,no,no,5,32,0.03,0.0298583,11.9194,cut,5566,3683,no
rKaHyPar,sat14_gss-22-s100.cnf.hgr,no,no,6,32,0.03,0.0298583,11.8829,cut,5580,3713,no
rKaHyPar,sat14_gss-22-s100.cnf.hgr,no,no,7,32,0.03,0.0298583,12.0021,cut,5654,3764,no
rKaHyPar,sat14_gss-22-s100.cnf.hgr,no,no,8,32,0.03,0.0298583,8.51626,cut,5578,3749,no
rKaHyPar,sat14_gss-22-s100.cnf.hgr,no,no,9,32,0.03,0.0298583,11.7937,cut,5563,3681,no
rKaHyPar,sat14_gss-22-s100.cnf.hgr,no,no,0,4,0.03,0.0134109,3.89335,cut,2426,2068,no
rKaHyPar,sat14_gss-22-s100.cnf.hgr,no,no,1,4,0.03,0.0138537,5.68697,cut,2325,1981,no
rKaHyPar,sat14_gss-22-s100.cnf.hgr,no,no,2,4,0.03,0.0265056,4.04666,cut,2296,1900,no
rKaHyPar,sat14_gss-22-s100.cnf.hgr,no,no,3,4,0.03,0.0140435,3.94759,cut,2401,2017,no
rKaHyPar,sat14_gss-22-s100.cnf.hgr,no,no,4,4,0.03,0.019294,5.51932,cut,2412,2030,no
rKaHyPar,sat14_gss-22-s100.cnf.hgr,no,no,5,4,0.03,0.0146129,3.93407,cut,2432,2053,no
rKaHyPar,sat14_gss-22-s100.cnf.hgr,no,no,6,4,0.03,0.0134742,3.95572,cut,2355,2024,no
rKaHyPar,sat14_gss-22-s100.cnf.hgr,no,no,7,4,0.03,0.0130946,3.94692,cut,2339,2015,no
rKaHyPar,sat14_gss-22-s100.cnf.hgr,no,no,8,4,0.03,0.00499747,3.93522,cut,2302,1979,no
rKaHyPar,sat14_gss-22-s100.cnf.hgr,no,no,9,4,0.03,0.0138537,3.8619,cut,2320,2007,no
rKaHyPar,sat14_gss-22-s100.cnf.hgr,no,no,0,64,0.03,0.0293522,14.7672,cut,6621,4379,no
rKaHyPar,sat14_gss-22-s100.cnf.hgr,no,no,1,64,0.03,0.0293522,10.5625,cut,6611,4381,no
rKaHyPar,sat14_gss-22-s100.cnf.hgr,no,no,2,64,0.03,0.0293522,14.6339,cut,6526,4419,no
rKaHyPar,sat14_gss-22-s100.cnf.hgr,no,no,3,64,0.03,0.0293522,14.8537,cut,6686,4405,no
rKaHyPar,sat14_gss-22-s100.cnf.hgr,no,no,4,64,0.03,0.0293522,10.4479,cut,6517,4318,no
rKaHyPar,sat14_gss-22-s100.cnf.hgr,no,no,5,64,0.03,0.0293522,10.4288,cut,6514,4329,no
rKaHyPar,sat14_gss-22-s100.cnf.hgr,no,no,6,64,0.03,0.0293522,15.0745,cut,6558,4345,no
rKaHyPar,sat14_gss-22-s100.cnf.hgr,no,no,7,64,0.03,0.0293522,14.6149,cut,6669,4448,no
rKaHyPar,sat14_gss-22-s100.cnf.hgr,no,no,8,64,0.03,0.0293522,10.4962,cut,6591,4358,no
rKaHyPar,sat14_gss-22-s100.cnf.hgr,no,no,9,64,0.03,0.0293522,14.6605,cut,6520,4348,no
rKaHyPar,sat14_gss-22-s100.cnf.hgr,no,no,0,8,0.03,0.0279605,5.49263,cut,3679,2707,no
rKaHyPar,sat14_gss-22-s100.cnf.hgr,no,no,1,8,0.03,0.0282136,5.50614,cut,3522,2721,no
rKaHyPar,sat14_gss-22-s100.cnf.hgr,no,no,2,8,0.03,0.0290992,5.40353,cut,3786,2740,no
rKaHyPar,sat14_gss-22-s100.cnf.hgr,no,no,3,8,0.03,0.0297318,5.33701,cut,3603,2636,no
rKaHyPar,sat14_gss-22-s100.cnf.hgr,no,no,4,8,0.03,0.0290992,7.44885,cut,3624,2659,no
rKaHyPar,sat14_gss-22-s100.cnf.hgr,no,no,5,8,0.03,0.0242915,7.44447,cut,3608,2725,no
rKaHyPar,sat14_gss-22-s100.cnf.hgr,no,no,6,8,0.03,0.0299848,7.7449,cut,3612,2679,no
rKaHyPar,sat14_gss-22-s100.cnf.hgr,no,no,7,8,0.03,0.0284666,7.52973,cut,3685,2772,no
rKaHyPar,sat14_gss-22-s100.cnf.hgr,no,no,8,8,0.03,0.0294787,5.60963,cut,3523,2649,no
rKaHyPar,sat14_gss-22-s100.cnf.hgr,no,no,9,8,0.03,0.0283401,5.23177,cut,3607,2653,no
rKaHyPar,sat14_gss-22-s100.cnf.primal.hgr,no,no,0,128,0.03,0.0283401,8.3211,cut,8214,6158,no
rKaHyPar,sat14_gss-22-s100.cnf.primal.hgr,no,no,1,128,0.03,0.0283401,8.245,cut,7948,5897,no
rKaHyPar,sat14_gss-22-s100.cnf.primal.hgr,no,no,2,128,0.03,0.0283401,8.35662,cut,8164,6008,no
rKaHyPar,sat14_gss-22-s100.cnf.primal.hgr,no,no,3,128,0.03,0.0283401,8.43013,cut,7998,5963,no
rKaHyPar,sat14_gss-22-s100.cnf.primal.hgr,no,no,4,128,0.03,0.0283401,8.19063,cut,8138,6045,no
rKaHyPar,sat14_gss-22-s100.cnf.primal.hgr,no,no,5,128,0.03,0.0283401,8.42647,cut,8112,6076,no
rKaHyPar,sat14_gss-22-s100.cnf.primal.hgr,no,no,6,128,0.03,0.0283401,8.37379,cut,8272,6091,no
rKaHyPar,sat14_gss-22-s100.cnf.primal.hgr,no,no,7,128,0.03,0.0283401,11.8033,cut,8288,6149,no
rKaHyPar,sat14_gss-22-s100.cnf.primal.hgr,no,no,8,128,0.03,0.0283401,8.27435,cut,8202,6057,no
rKaHyPar,sat14_gss-22-s100.cnf.primal.hgr,no,no,9,128,0.03,0.0283401,8.2687,cut,8012,5939,no
rKaHyPar,sat14_gss-22-s100.cnf.primal.hgr,no,no,0,16,0.03,0.0293522,3.18995,cut,4601,3584,no
rKaHyPar,sat14_gss-22-s100.cnf.primal.hgr,no,no,1,16,0.03,0.0298583,4.48247,cut,4605,3638,no
rKaHyPar,sat14_gss-22-s100.cnf.primal.hgr,no,no,2,16,0.03,0.0298583,4.63912,cut,4731,3613,no
rKaHyPar,sat14_gss-22-s100.cnf.primal.hgr,no,no,3,16,0.03,0.0298583,3.49138,cut,4598,3634,no
rKaHyPar,sat14_gss-22-s100.cnf.primal.hgr,no,no,4,16,0.03,0.0298583,4.48349,cut,4796,3721,no
rKaHyPar,sat14_gss-22-s100.cnf.primal.hgr,no,no,5,16,0.03,0.0298583,4.8294,cut,4620,3613,no
rKaHyPar,sat14_gss-22-s100.cnf.primal.hgr,no,no,6,16,0.03,0.0293522,4.6283,cut,4843,3756,no
rKaHyPar,sat14_gss-22-s100.cnf.primal.hgr,no,no,7,16,0.03,0.0288462,3.46126,cut,4658,3606,no
rKaHyPar,sat14_gss-22-s100.cnf.primal.hgr,no,no,8,16,0.03,0.0298583,4.54482,cut,4592,3617,no
rKaHyPar,sat14_gss-22-s100.cnf.primal.hgr,no,no,9,16,0.03,0.0298583,4.43479,cut,4701,3643,no
rKaHyPar,sat14_gss-22-s100.cnf.primal.hgr,no,no,0,2,0.03,0.0192308,0.819068,cut,1260,1260,no
rKaHyPar,sat14_gss-22-s100.cnf.primal.hgr,no,no,1,2,0.03,0.0179656,0.924331,cut,1255,1255,no
rKaHyPar,sat14_gss-22-s100.cnf.primal.hgr,no,no,2,2,0.03,0.0174595,0.977343,cut,1293,1293,no
rKaHyPar,sat14_gss-22-s100.cnf.primal.hgr,no,no,3,2,0.03,0.0193573,1.47986,cut,1300,1300,no
rKaHyPar,sat14_gss-22-s100.cnf.primal.hgr,no,no,4,2,0.03,0.0115764,0.803091,cut,1275,1275,no
rKaHyPar,sat14_gss-22-s100.cnf.primal.hgr,no,no,5,2,0.03,0.00404858,1.57151,cut,1238,1238,no
rKaHyPar,sat14_gss-22-s100.cnf.primal.hgr,no,no,6,2,0.03,0.0206857,0.882505,cut,1248,1248,no
rKaHyPar,sat14_gss-22-s100.cnf.primal.hgr,no,no,7,2,0.03,0.0299216,0.981522,cut,1309,1309,no
rKaHyPar,sat14_gss-22-s100.cnf.primal.hgr,no,no,8,2,0.03,0.00126518,1.32818,cut,1257,1257,no
rKaHyPar,sat14_gss-22-s100.cnf.primal.hgr,no,no,9,2,0.03,0.0174595,0.790099,cut,1305,1305,no
rKaHyPar,sat14_gss-22-s100.cnf.primal.hgr,no,no,0,32,0.03,0.0293522,6.22633,cut,5795,4337,no
rKaHyPar,sat14_gss-22-s100.cnf.primal.hgr,no,no,1,32,0.03,0.0293522,4.58315,cut,5781,4350,no
rKaHyPar,sat14_gss-22-s100.cnf.primal.hgr,no,no,2,32,0.03,0.0293522,6.59329,cut,5822,4376,no
rKaHyPar,sat14_gss-22-s100.cnf.primal.hgr,no,no,3,32,0.03,0.0293522,6.5716,cut,5813,4321,no
rKaHyPar,sat14_gss-22-s100.cnf.primal.hgr,no,no,4,32,0.03,0.0293522,6.24573,cut,5762,4313,no
rKaHyPar,sat14_gss-22-s100.cnf.primal.hgr,no,no,5,32,0.03,0.0293522,6.6072,cut,5773,4375,no
rKaHyPar,sat14_gss-22-s100.cnf.primal.hgr,no,no,6,32,0.03,0.0293522,6.24503,cut,5898,4422,no
rKaHyPar,sat14_gss-22-s100.cnf.primal.hgr,no,no,7,32,0.03,0.0293522,6.29135,cut,5776,4281,no
rKaHyPar,sat14_gss-22-s100.cnf.primal.hgr,no,no,8,32,0.03,0.0293522,4.66707,cut,5872,4421,no
rKaHyPar,sat14_gss-22-s100.cnf.primal.hgr,no,no,9,32,0.03,0.0293522,6.25269,cut,5833,4363,no
rKaHyPar,sat14_gss-22-s100.cnf.primal.hgr,no,no,0,4,0.03,0.0232794,1.54172,cut,2596,2447,no
rKaHyPar,sat14_gss-22-s100.cnf.primal.hgr,no,no,1,4,0.03,0.00177126,2.2553,cut,2483,2363,no
rKaHyPar,sat14_gss-22-s100.cnf.primal.hgr,no,no,2,4,0.03,0.0106275,1.90095,cut,2501,2368,no
rKaHyPar,sat14_gss-22-s100.cnf.primal.hgr,no,no,3,4,0.03,0.0246711,1.81133,cut,2413,2305,no
rKaHyPar,sat14_gss-22-s100.cnf.primal.hgr,no,no,4,4,0.03,0.0218877,2.19322,cut,2393,2312,no
rKaHyPar,sat14_gss-22-s100.cnf.primal.hgr,no,no,5,4,0.03,0.0298583,2.50713,cut,2531,2441,no
rKaHyPar,sat14_gss-22-s100.cnf.primal.hgr,no,no,6,4,0.03,0.0191043,1.6861,cut,2425,2353,no
rKaHyPar,sat14_gss-22-s100.cnf.primal.hgr,no,no,7,4,0.03,0.027834,1.8418,cut,2498,2342,no
rKaHyPar,sat14_gss-22-s100.cnf.primal.hgr,no,no,8,4,0.03,0.0174595,1.66257,cut,2526,2421,no
rKaHyPar,sat14_gss-22-s100.cnf.primal.hgr,no,no,9,4,0.03,0.0259362,2.12025,cut,2422,2298,no
rKaHyPar,sat14_gss-22-s100.cnf.primal.hgr,no,no,0,64,0.03,0.0283401,8.61782,cut,7034,5192,no
rKaHyPar,sat14_gss-22-s100.cnf.primal.hgr,no,no,1,64,0.03,0.0283401,6.25728,cut,6919,5112,no
rKaHyPar,sat14_gss-22-s100.cnf.primal.hgr,no,no,2,64,0.03,0.0283401,8.6601,cut,6920,5039,no
rKaHyPar,sat14_gss-22-s100.cnf.primal.hgr,no,no,3,64,0.03,0.0283401,8.61078,cut,6899,5154,no
rKaHyPar,sat14_gss-22-s100.cnf.primal.hgr,no,no,4,64,0.03,0.0283401,6.12103,cut,6747,5084,no
rKaHyPar,sat14_gss-22-s100.cnf.primal.hgr,no,no,5,64,0.03,0.0283401,6.42616,cut,6914,5197,no
rKaHyPar,sat14_gss-22-s100.cnf.primal.hgr,no,no,6,64,0.03,0.0283401,8.54351,cut,6860,5110,no
rKaHyPar,sat14_gss-22-s100.cnf.primal.hgr,no,no,7,64,0.03,0.0283401,8.67703,cut,6883,5065,no
rKaHyPar,sat14_gss-22-s100.cnf.primal.hgr,no,no,8,64,0.03,0.0283401,6.62448,cut,6949,5140,no
rKaHyPar,sat14_gss-22-s100.cnf.primal.hgr,no,no,9,64,0.03,0.0283401,8.52665,cut,7006,5190,no
rKaHyPar,sat14_gss-22-s100.cnf.primal.hgr,no,no,0,8,0.03,0.0285931,2.31587,cut,3651,3081,no
rKaHyPar,sat14_gss-22-s100.cnf.primal.hgr,no,no,1,8,0.03,0.0260628,2.44829,cut,3621,3073,no
rKaHyPar,sat14_gss-22-s100.cnf.primal.hgr,no,no,2,8,0.03,0.0273279,2.52008,cut,3676,3074,no
rKaHyPar,sat14_gss-22-s100.cnf.primal.hgr,no,no,3,8,0.03,0.0154352,2.52781,cut,3711,3108,no
rKaHyPar,sat14_gss-22-s100.cnf.primal.hgr,no,no,4,8,0.03,0.027834,3.94412,cut,3627,3100,no
rKaHyPar,sat14_gss-22-s100.cnf.primal.hgr,no,no,5,8,0.03,0.0215081,3.43375,cut,3751,3134,no
rKaHyPar,sat14_gss-22-s100.cnf.primal.hgr,no,no,6,8,0.03,0.0268219,3.4404,cut,3687,3178,no
rKaHyPar,sat14_gss-22-s100.cnf.primal.hgr,no,no,7,8,0.03,0.027581,3.48901,cut,3630,3065,no
rKaHyPar,sat14_gss-22-s100.cnf.primal.hgr,no,no,8,8,0.03,0.0270749,2.49749,cut,3646,3110,no
rKaHyPar,sat14_gss-22-s100.cnf.primal.hgr,no,no,9,8,0.03,0.0285931,2.39455,cut,3655,3090,no
rKaHyPar,sat14_hwmcc10-timeframe-expansion-k45-pdtvisns3p02-tseitin.cnf.dual.hgr,no,no,0,128,0.03,0.0285789,35.8389,cut,10065,4255,no
rKaHyPar,sat14_hwmcc10-timeframe-expansion-k45-pdtvisns3p02-tseitin.cnf.dual.hgr,no,no,1,128,0.03,0.027268,35.5731,cut,10144,4235,no
rKaHyPar,sat14_hwmcc10-timeframe-expansion-k45-pdtvisns3p02-tseitin.cnf.dual.hgr,no,no,2,128,0.03,0.0275302,35.3893,cut,10304,4307,no
rKaHyPar,sat14_hwmcc10-timeframe-expansion-k45-pdtvisns3p02-tseitin.cnf.dual.hgr,no,no,3,128,0.03,0.0293655,35.4575,cut,10151,4255,no
rKaHyPar,sat14_hwmcc10-timeframe-expansion-k45-pdtvisns3p02-tseitin.cnf.dual.hgr,no,no,4,128,0.03,0.0285789,35.6952,cut,10288,4338,no
rKaHyPar,sat14_hwmcc10-timeframe-expansion-k45-pdtvisns3p02-tseitin.cnf.dual.hgr,no,no,5,128,0.03,0.0249082,35.4925,cut,9831,4320,no
rKaHyPar,sat14_hwmcc10-timeframe-expansion-k45-pdtvisns3p02-tseitin.cnf.dual.hgr,no,no,6,128,0.03,0.0296277,35.4313,cut,9968,4237,no
rKaHyPar,sat14_hwmcc10-timeframe-expansion-k45-pdtvisns3p02-tseitin.cnf.dual.hgr,no,no,7,128,0.03,0.0296277,35.823,cut,9830,4341,no
rKaHyPar,sat14_hwmcc10-timeframe-expansion-k45-pdtvisns3p02-tseitin.cnf.dual.hgr,no,no,8,128,0.03,0.0267436,35.443,cut,9782,4286,no
rKaHyPar,sat14_hwmcc10-timeframe-expansion-k45-pdtvisns3p02-tseitin.cnf.dual.hgr,no,no,9,128,0.03,0.0293655,35.4004,cut,9911,4354,no
rKaHyPar,sat14_hwmcc10-timeframe-expansion-k45-pdtvisns3p02-tseitin.cnf.dual.hgr,no,no,0,16,0.03,0.029861,24.8975,cut,1869,1826,no
rKaHyPar,sat14_hwmcc10-timeframe-expansion-k45-pdtvisns3p02-tseitin.cnf.dual.hgr,no,no,1,16,0.03,0.0298282,35.8067,cut,1890,1867,no
rKaHyPar,sat14_hwmcc10-timeframe-expansion-k45-pdtvisns3p02-tseitin.cnf.dual.hgr,no,no,2,16,0.03,0.0293693,35.7499,cut,1898,1851,no
rKaHyPar,sat14_hwmcc10-timeframe-expansion-k45-pdtvisns3p02-tseitin.cnf.dual.hgr,no,no,3,16,0.03,0.0297955,24.849,cut,1876,1852,no
rKaHyPar,sat14_hwmcc10-timeframe-expansion-k45-pdtvisns3p02-tseitin.cnf.dual.hgr,no,no,4,16,0.03,0.0298282,36.2373,cut,1871,1849,no
rKaHyPar,sat14_hwmcc10-timeframe-expansion-k45-pdtvisns3p02-tseitin.cnf.dual.hgr,no,no,5,16,0.03,0.0294349,35.8183,cut,1888,1854,no
rKaHyPar,sat14_hwmcc10-timeframe-expansion-k45-pdtvisns3p02-tseitin.cnf.dual.hgr,no,no,6,16,0.03,0.0298282,36.018,cut,1875,1854,no
rKaHyPar,sat14_hwmcc10-timeframe-expansion-k45-pdtvisns3p02-tseitin.cnf.dual.hgr,no,no,7,16,0.03,0.0288449,25.287,cut,1881,1838,no
rKaHyPar,sat14_hwmcc10-timeframe-expansion-k45-pdtvisns3p02-tseitin.cnf.dual.hgr,no,no,8,16,0.03,0.0287466,34.9268,cut,1863,1836,no
rKaHyPar,sat14_hwmcc10-timeframe-expansion-k45-pdtvisns3p02-tseitin.cnf.dual.hgr,no,no,9,16,0.03,0.0293366,35.9207,cut,1888,1844,no
rKaHyPar,sat14_hwmcc10-timeframe-expansion-k45-pdtvisns3p02-tseitin.cnf.dual.hgr,no,no,0,2,0.03,0.00319594,7.86032,cut,101,101,no
rKaHyPar,sat14_hwmcc10-timeframe-expansion-k45-pdtvisns3p02-tseitin.cnf.dual.hgr,no,no,1,2,0.03,0.00319594,10.9725,cut,101,101,no
rKaHyPar,sat14_hwmcc10-timeframe-expansion-k45-pdtvisns3p02-tseitin.cnf.dual.hgr,no,no,2,2,0.03,0.00320003,7.66789,cut,101,101,no
rKaHyPar,sat14_hwmcc10-timeframe-expansion-k45-pdtvisns3p02-tseitin.cnf.dual.hgr,no,no,3,2,0.03,0.00319594,10.8623,cut,101,101,no
rKaHyPar,sat14_hwmcc10-timeframe-expansion-k45-pdtvisns3p02-tseitin.cnf.dual.hgr,no,no,4,2,0.03,0.00320003,7.75938,cut,101,101,no
rKaHyPar,sat14_hwmcc10-timeframe-expansion-k45-pdtvisns3p02-tseitin.cnf.dual.hgr,no,no,5,2,0.03,0.00319594,10.9272,cut,101,101,no
rKaHyPar,sat14_hwmcc10-timeframe-expansion-k45-pdtvisns3p02-tseitin.cnf.dual.hgr,no,no,6,2,0.03,0.00320003,7.65999,cut,101,101,no
rKaHyPar,sat14_hwmcc10-timeframe-expansion-k45-pdtvisns3p02-tseitin.cnf.dual.hgr,no,no,7,2,0.03,0.00320003,7.7226,cut,101,101,no
rKaHyPar,sat14_hwmcc10-timeframe-expansion-k45-pdtvisns3p02-tseitin.cnf.dual.hgr,no,no,8,2,0.03,0.00319594,11.059,cut,101,101,no
rKaHyPar,sat14_hwmcc10-timeframe-expansion-k45-pdtvisns3p02-tseitin.cnf.dual.hgr,no,no,9,2,0.03,0.00320003,7.9346,cut,101,101,no
rKaHyPar,sat14_hwmcc10-timeframe-expansion-k45-pdtvisns3p02-tseitin.cnf.dual.hgr,no,no,0,32,0.03,0.0262226,42.9946,cut,4356,3084,no
rKaHyPar,sat14_hwmcc10-timeframe-expansion-k45-pdtvisns3p02-tseitin.cnf.dual.hgr,no,no,1,32,0.03,0.0293693,29.5133,cut,4309,3132,no
rKaHyPar,sat14_hwmcc10-timeframe-expansion-k45-pdtvisns3p02-tseitin.cnf.dual.hgr,no,no,2,32,0.03,0.029566,43.3149,cut,4120,3135,no
rKaHyPar,sat14_hwmcc10-timeframe-expansion-k45-pdtvisns3p02-tseitin.cnf.dual.hgr,no,no,3,32,0.03,0.0298282,29.1745,cut,4199,3092,no
rKaHyPar,sat14_hwmcc10-timeframe-expansion-k45-pdtvisns3p02-tseitin.cnf.dual.hgr,no,no,4,32,0.03,0.029566,42.5448,cut,4257,3078,no
rKaHyPar,sat14_hwmcc10-timeframe-expansion-k45-pdtvisns3p02-tseitin.cnf.dual.hgr,no,no,5,32,0.03,0.029566,42.4776,cut,4282,3083,no
rKaHyPar,sat14_hwmcc10-timeframe-expansion-k45-pdtvisns3p02-tseitin.cnf.dual.hgr,no,no,6,32,0.03,0.0286482,42.616,cut,4389,3088,no
rKaHyPar,sat14_hwmcc10-timeframe-expansion-k45-pdtvisns3p02-tseitin.cnf.dual.hgr,no,no,7,32,0.03,0.0294349,42.9829,cut,4187,3104,no
rKaHyPar,sat14_hwmcc10-timeframe-expansion-k45-pdtvisns3p02-tseitin.cnf.dual.hgr,no,no,8,32,0.03,0.0293038,29.8353,cut,4301,3055,no
rKaHyPar,sat14_hwmcc10-timeframe-expansion-k45-pdtvisns3p02-tseitin.cnf.dual.hgr,no,no,9,32,0.03,0.0296971,43.0473,cut,4170,3131,no
rKaHyPar,sat14_hwmcc10-timeframe-expansion-k45-pdtvisns3p02-tseitin.cnf.dual.hgr,no,no,0,4,0.03,0.028747,13.9749,cut,325,325,no
rKaHyPar,sat14_hwmcc10-timeframe-expansion-k45-pdtvisns3p02-tseitin.cnf.dual.hgr,no,no,1,4,0.03,0.028747,19.4485,cut,325,325,no
rKaHyPar,sat14_hwmcc10-timeframe-expansion-k45-pdtvisns3p02-tseitin.cnf.dual.hgr,no,no,2,4,0.03,0.0297468,13.701,cut,336,336,no
rKaHyPar,sat14_hwmcc10-timeframe-expansion-k45-pdtvisns3p02-tseitin.cnf.dual.hgr,no,no,3,4,0.03,0.0297468,13.8143,cut,338,338,no
rKaHyPar,sat14_hwmcc10-timeframe-expansion-k45-pdtvisns3p02-tseitin.cnf.dual.hgr,no,no,4,4,0.03,0.028747,19.3395,cut,325,325,no
rKaHyPar,sat14_hwmcc10-timeframe-expansion-k45-pdtvisns3p02-tseitin.cnf.dual.hgr,no,no,5,4,0.03,0.028747,13.6775,cut,325,325,no
rKaHyPar,sat14_hwmcc10-timeframe-expansion-k45-pdtvisns3p02-tseitin.cnf.dual.hgr,no,no,6,4,0.03,0.028747,13.6803,cut,325,325,no
rKaHyPar,sat14_hwmcc10-timeframe-expansion-k45-pdtvisns3p02-tseitin.cnf.dual.hgr,no,no,7,4,0.03,0.0297468,13.7302,cut,336,336,no
rKaHyPar,sat14_hwmcc10-timeframe-expansion-k45-pdtvisns3p02-tseitin.cnf.dual.hgr,no,no,8,4,0.03,0.0299762,13.8208,cut,329,329,no
rKaHyPar,sat14_hwmcc10-timeframe-expansion-k45-pdtvisns3p02-tseitin.cnf.dual.hgr,no,no,9,4,0.03,0.0297468,13.6566,cut,329,329,no
rKaHyPar,sat14_hwmcc10-timeframe-expansion-k45-pdtvisns3p02-tseitin.cnf.dual.hgr,no,no,0,64,0.03,0.0262226,46.9813,cut,6792,3773,no
rKaHyPar,sat14_hwmcc10-timeframe-expansion-k45-pdtvisns3p02-tseitin.cnf.dual.hgr,no,no,1,64,0.03,0.0284516,32.4591,cut,6881,3794,no
rKaHyPar,sat14_hwmcc10-timeframe-expansion-k45-pdtvisns3p02-tseitin.cnf.dual.hgr,no,no,2,64,0.03,0.0296316,47.03,cut,7080,3724,no
rKaHyPar,sat14_hwmcc10-timeframe-expansion-k45-pdtvisns3p02-tseitin.cnf.dual.hgr,no,no,3,64,0.03,0.0283204,46.9162,cut,6967,3720,no
rKaHyPar,sat14_hwmcc10-timeframe-expansion-k45-pdtvisns3p02-tseitin.cnf.dual.hgr,no,no,4,64,0.03,0.0287138,31.9695,cut,6973,3706,no
rKaHyPar,sat14_hwmcc10-timeframe-expansion-k45-pdtvisns3p02-tseitin.cnf.dual.hgr,no,no,5,64,0.03,0.0284516,32.4598,cut,6848,3784,no
rKaHyPar,sat14_hwmcc10-timeframe-expansion-k45-pdtvisns3p02-tseitin.cnf.dual.hgr,no,no,6,64,0.03,0.027796,47.1073,cut,6752,3798,no
rKaHyPar,sat14_hwmcc10-timeframe-expansion-k45-pdtvisns3p02-tseitin.cnf.dual.hgr,no,no,7,64,0.03,0.0281893,47.0168,cut,6733,3781,no
rKaHyPar,sat14_hwmcc10-timeframe-expansion-k45-pdtvisns3p02-tseitin.cnf.dual.hgr,no,no,8,64,0.03,0.0272715,32.603,cut,6829,3777,no
rKaHyPar,sat14_hwmcc10-timeframe-expansion-k45-pdtvisns3p02-tseitin.cnf.dual.hgr,no,no,9,64,0.03,0.0292382,46.8082,cut,6866,3809,no
rKaHyPar,sat14_hwmcc10-timeframe-expansion-k45-pdtvisns3p02-tseitin.cnf.dual.hgr,no,no,0,8,0.03,0.0283373,18.9524,cut,821,818,no
rKaHyPar,sat14_hwmcc10-timeframe-expansion-k45-pdtvisns3p02-tseitin.cnf.dual.hgr,no,no,1,8,0.03,0.0296648,18.9783,cut,832,816,no
rKaHyPar,sat14_hwmcc10-timeframe-expansion-k45-pdtvisns3p02-tseitin.cnf.dual.hgr,no,no,2,8,0.03,0.0298123,18.959,cut,843,829,no
rKaHyPar,sat14_hwmcc10-timeframe-expansion-k45-pdtvisns3p02-tseitin.cnf.dual.hgr,no,no,3,8,0.03,0.0283209,18.8415,cut,816,813,no
rKaHyPar,sat14_hwmcc10-timeframe-expansion-k45-pdtvisns3p02-tseitin.cnf.dual.hgr,no,no,4,8,0.03,0.0287143,26.9415,cut,834,815,no
rKaHyPar,sat14_hwmcc10-timeframe-expansion-k45-pdtvisns3p02-tseitin.cnf.dual.hgr,no,no,5,8,0.03,0.0283209,27.2234,cut,829,815,no
rKaHyPar,sat14_hwmcc10-timeframe-expansion-k45-pdtvisns3p02-tseitin.cnf.dual.hgr,no,no,6,8,0.03,0.0282717,27.2322,cut,834,815,no
rKaHyPar,sat14_hwmcc10-timeframe-expansion-k45-pdtvisns3p02-tseitin.cnf.dual.hgr,no,no,7,8,0.03,0.0294682,27.4531,cut,831,828,no
rKaHyPar,sat14_hwmcc10-timeframe-expansion-k45-pdtvisns3p02-tseitin.cnf.dual.hgr,no,no,8,8,0.03,0.0270261,18.9456,cut,835,814,no
rKaHyPar,sat14_hwmcc10-timeframe-expansion-k45-pdtvisns3p02-tseitin.cnf.dual.hgr,no,no,9,8,0.03,0.0283209,18.9603,cut,826,823,no
rKaHyPar,sat14_hwmcc10-timeframe-expansion-k45-pdtvisns3p02-tseitin.cnf.hgr,no,no,0,128,0.03,0.0297223,100.61,cut,71247,67656,no
rKaHyPar,sat14_hwmcc10-timeframe-expansion-k45-pdtvisns3p02-tseitin.cnf.hgr,no,no,1,128,0.03,0.0297223,100.629,cut,70778,67646,no
rKaHyPar,sat14_hwmcc10-timeframe-expansion-k45-pdtvisns3p02-tseitin.cnf.hgr,no,no,2,128,0.03,0.0297223,101.962,cut,68827,66223,no
rKaHyPar,sat14_hwmcc10-timeframe-expansion-k45-pdtvisns3p02-tseitin.cnf.hgr,no,no,3,128,0.03,0.0297223,101.404,cut,70162,66868,no
rKaHyPar,sat14_hwmcc10-timeframe-expansion-k45-pdtvisns3p02-tseitin.cnf.hgr,no,no,4,128,0.03,0.0297223,99.7963,cut,69315,66333,no
rKaHyPar,sat14_hwmcc10-timeframe-expansion-k45-pdtvisns3p02-tseitin.cnf.hgr,no,no,5,128,0.03,0.0297223,101.02,cut,69298,66685,no
rKaHyPar,sat14_hwmcc10-timeframe-expansion-k45-pdtvisns3p02-tseitin.cnf.hgr,no,no,6,128,0.03,0.0297223,102.329,cut,70169,66779,no
rKaHyPar,sat14_hwmcc10-timeframe-expansion-k45-pdtvisns3p02-tseitin.cnf.hgr,no,no,7,128,0.03,0.0297223,141.62,cut,69577,66948,no
rKaHyPar,sat14_hwmcc10-timeframe-expansion-k45-pdtvisns3p02-tseitin.cnf.hgr,no,no,8,128,0.03,0.0297223,102.278,cut,70936,67790,no
rKaHyPar,sat14_hwmcc10-timeframe-expansion-k45-pdtvisns3p02-tseitin.cnf.hgr,no,no,9,128,0.03,0.0297223,102.093,cut,71949,68314,no
rKaHyPar,sat14_hwmcc10-timeframe-expansion-k45-pdtvisns3p02-tseitin.cnf.hgr,no,no,0,16,0.03,0.0299712,73.8271,cut,9374,9372,no
rKaHyPar,sat14_hwmcc10-timeframe-expansion-k45-pdtvisns3p02-tseitin.cnf.hgr,no,no,1,16,0.03,0.0299712,99.6553,cut,9766,9759,no
rKaHyPar,sat14_hwmcc10-timeframe-expansion-k45-pdtvisns3p02-tseitin.cnf.hgr,no,no,2,16,0.03,0.0299712,97.7908,cut,9705,9698,no
rKaHyPar,sat14_hwmcc10-timeframe-expansion-k45-pdtvisns3p02-tseitin.cnf.hgr,no,no,3,16,0.03,0.0299712,71.2094,cut,9426,9417,no
rKaHyPar,sat14_hwmcc10-timeframe-expansion-k45-pdtvisns3p02-tseitin.cnf.hgr,no,no,4,16,0.03,0.0299712,99.705,cut,10043,9915,no
rKaHyPar,sat14_hwmcc10-timeframe-expansion-k45-pdtvisns3p02-tseitin.cnf.hgr,no,no,5,16,0.03,0.0299712,98.1656,cut,9998,9971,no
rKaHyPar,sat14_hwmcc10-timeframe-expansion-k45-pdtvisns3p02-tseitin.cnf.hgr,no,no,6,16,0.03,0.0299712,107.442,cut,10235,10228,no
rKaHyPar,sat14_hwmcc10-timeframe-expansion-k45-pdtvisns3p02-tseitin.cnf.hgr,no,no,7,16,0.03,0.0299223,69.8654,cut,10139,10109,no
rKaHyPar,sat14_hwmcc10-timeframe-expansion-k45-pdtvisns3p02-tseitin.cnf.hgr,no,no,8,16,0.03,0.0299712,110.861,cut,10924,10764,no
rKaHyPar,sat14_hwmcc10-timeframe-expansion-k45-pdtvisns3p02-tseitin.cnf.hgr,no,no,9,16,0.03,0.0299712,99.512,cut,9970,9957,no
rKaHyPar,sat14_hwmcc10-timeframe-expansion-k45-pdtvisns3p02-tseitin.cnf.hgr,no,no,0,2,0.03,0.00426593,21.5629,cut,302,302,no
rKaHyPar,sat14_hwmcc10-timeframe-expansion-k45-pdtvisns3p02-tseitin.cnf.hgr,no,no,1,2,0.03,0.00426593,31.7468,cut,302,302,no
rKaHyPar,sat14_hwmcc10-timeframe-expansion-k45-pdtvisns3p02-tseitin.cnf.hgr,no,no,2,2,0.03,0.00426593,21.5906,cut,302,302,no
rKaHyPar,sat14_hwmcc10-timeframe-expansion-k45-pdtvisns3p02-tseitin.cnf.hgr,no,no,3,2,0.03,0.00426593,31.1548,cut,302,302,no
rKaHyPar,sat14_hwmcc10-timeframe-expansion-k45-pdtvisns3p02-tseitin.cnf.hgr,no,no,4,2,0.03,0.00426593,21.6019,cut,302,302,no
rKaHyPar,sat14_hwmcc10-timeframe-expansion-k45-pdtvisns3p02-tseitin.cnf.hgr,no,no,5,2,0.03,0.00426593,30.1789,cut,302,302,no
rKaHyPar,sat14_hwmcc10-timeframe-expansion-k45-pdtvisns3p02-tseitin.cnf.hgr,no,no,6,2,0.03,0.00426593,21.4751,cut,302,302,no
rKaHyPar,sat14_hwmcc10-timeframe-expansion-k45-pdtvisns3p02-tseitin.cnf.hgr,no,no,7,2,0.03,0.00426593,21.5143,cut,302,302,no
rKaHyPar,sat14_hwmcc10-timeframe-expansion-k45-pdtvisns3p02-tseitin.cnf.hgr,no,no,8,2,0.03,0.00426593,31.4854,cut,302,302,no
rKaHyPar,sat14_hwmcc10-timeframe-expansion-k45-pdtvisns3p02-tseitin.cnf.hgr,no,no,9,2,0.03,0.00426593,21.5751,cut,302,302,no
rKaHyPar,sat14_hwmcc10-timeframe-expansion-k45-pdtvisns3p02-tseitin.cnf.hgr,no,no,0,32,0.03,0.0299208,125.091,cut,23714,23273,no
rKaHyPar,sat14_hwmcc10-timeframe-expansion-k45-pdtvisns3p02-tseitin.cnf.hgr,no,no,1,32,0.03,0.0299208,86.7682,cut,20552,20411,no
rKaHyPar,sat14_hwmcc10-timeframe-expansion-k45-pdtvisns3p02-tseitin.cnf.hgr,no,no,2,32,0.03,0.0299208,124.061,cut,21802,21699,no
rKaHyPar,sat14_hwmcc10-timeframe-expansion-k45-pdtvisns3p02-tseitin.cnf.hgr,no,no,3,32,0.03,0.0299208,123.592,cut,20277,20120,no
rKaHyPar,sat14_hwmcc10-timeframe-expansion-k45-pdtvisns3p02-tseitin.cnf.hgr,no,no,4,32,0.03,0.0299208,122.602,cut,21973,21717,no
rKaHyPar,sat14_hwmcc10-timeframe-expansion-k45-pdtvisns3p02-tseitin.cnf.hgr,no,no,5,32,0.03,0.0299208,118.479,cut,21774,21690,no
rKaHyPar,sat14_hwmcc10-timeframe-expansion-k45-pdtvisns3p02-tseitin.cnf.hgr,no,no,6,32,0.03,0.0299208,126.682,cut,22205,22044,no
rKaHyPar,sat14_hwmcc10-timeframe-expansion-k45-pdtvisns3p02-tseitin.cnf.hgr,no,no,7,32,0.03,0.0299208,127.51,cut,22604,22321,no
rKaHyPar,sat14_hwmcc10-timeframe-expansion-k45-pdtvisns3p02-tseitin.cnf.hgr,no,no,8,32,0.03,0.0299208,89.6851,cut,21662,21449,no
rKaHyPar,sat14_hwmcc10-timeframe-expansion-k45-pdtvisns3p02-tseitin.cnf.hgr,no,no,9,32,0.03,0.0299208,124.231,cut,22860,22580,no
rKaHyPar,sat14_hwmcc10-timeframe-expansion-k45-pdtvisns3p02-tseitin.cnf.hgr,no,no,0,4,0.03,0.029996,38.4662,cut,1213,1213,no
rKaHyPar,sat14_hwmcc10-timeframe-expansion-k45-pdtvisns3p02-tseitin.cnf.hgr,no,no,1,4,0.03,0.029996,54.6594,cut,1413,1413,no
rKaHyPar,sat14_hwmcc10-timeframe-expansion-k45-pdtvisns3p02-tseitin.cnf.hgr,no,no,2,4,0.03,0.029996,38.2744,cut,1217,1217,no
rKaHyPar,sat14_hwmcc10-timeframe-expansion-k45-pdtvisns3p02-tseitin.cnf.hgr,no,no,3,4,0.03,0.029996,37.9272,cut,1179,1179,no
rKaHyPar,sat14_hwmcc10-timeframe-expansion-k45-pdtvisns3p02-tseitin.cnf.hgr,no,no,4,4,0.03,0.029996,54.7501,cut,1234,1234,no
rKaHyPar,sat14_hwmcc10-timeframe-expansion-k45-pdtvisns3p02-tseitin.cnf.hgr,no,no,5,4,0.03,0.029996,55.2927,cut,1475,1475,no
rKaHyPar,sat14_hwmcc10-timeframe-expansion-k45-pdtvisns3p02-tseitin.cnf.hgr,no,no,6,4,0.03,0.029996,39.319,cut,1451,1451,no
rKaHyPar,sat14_hwmcc10-timeframe-expansion-k45-pdtvisns3p02-tseitin.cnf.hgr,no,no,7,4,0.03,0.029996,37.2539,cut,1187,1187,no
rKaHyPar,sat14_hwmcc10-timeframe-expansion-k45-pdtvisns3p02-tseitin.cnf.hgr,no,no,8,4,0.03,0.029996,37.8109,cut,1033,1033,no
rKaHyPar,sat14_hwmcc10-timeframe-expansion-k45-pdtvisns3p02-tseitin.cnf.hgr,no,no,9,4,0.03,0.029996,37.5238,cut,1144,1144,no
rKaHyPar,sat14_hwmcc10-timeframe-expansion-k45-pdtvisns3p02-tseitin.cnf.hgr,no,no,0,64,0.03,0.0299179,141.761,cut,40957,40224,no
rKaHyPar,sat14_hwmcc10-timeframe-expansion-k45-pdtvisns3p02-tseitin.cnf.hgr,no,no,1,64,0.03,0.0299179,100.204,cut,39948,39180,no
rKaHyPar,sat14_hwmcc10-timeframe-expansion-k45-pdtvisns3p02-tseitin.cnf.hgr,no,no,2,64,0.03,0.0299179,137.504,cut,41383,40863,no
rKaHyPar,sat14_hwmcc10-timeframe-expansion-k45-pdtvisns3p02-tseitin.cnf.hgr,no,no,3,64,0.03,0.0299179,138.528,cut,40885,40196,no
rKaHyPar,sat14_hwmcc10-timeframe-expansion-k45-pdtvisns3p02-tseitin.cnf.hgr,no,no,4,64,0.03,0.0299179,99.7776,cut,40702,40130,no
rKaHyPar,sat14_hwmcc10-timeframe-expansion-k45-pdtvisns3p02-tseitin.cnf.hgr,no,no,5,64,0.03,0.0299179,98.28,cut,41044,40143,no
rKaHyPar,sat14_hwmcc10-timeframe-expansion-k45-pdtvisns3p02-tseitin.cnf.hgr,no,no,6,64,0.03,0.0299179,141.039,cut,42578,41397,no
rKaHyPar,sat14_hwmcc10-timeframe-expansion-k45-pdtvisns3p02-tseitin.cnf.hgr,no,no,7,64,0.03,0.0299179,137.361,cut,40906,40201,no
rKaHyPar,sat14_hwmcc10-timeframe-expansion-k45-pdtvisns3p02-tseitin.cnf.hgr,no,no,8,64,0.03,0.0299179,105.955,cut,39582,39013,no
rKaHyPar,sat14_hwmcc10-timeframe-expansion-k45-pdtvisns3p02-tseitin.cnf.hgr,no,no,9,64,0.03,0.0299179,141.784,cut,42873,41662,no
rKaHyPar,sat14_hwmcc10-timeframe-expansion-k45-pdtvisns3p02-tseitin.cnf.hgr,no,no,0,8,0.03,0.0283577,52.1588,cut,3144,3143,no
rKaHyPar,sat14_hwmcc10-timeframe-expansion-k45-pdtvisns3p02-tseitin.cnf.hgr,no,no,1,8,0.03,0.0298734,52.4783,cut,3186,3182,no
rKaHyPar,sat14_hwmcc10-timeframe-expansion-k45-pdtvisns3p02-tseitin.cnf.hgr,no,no,2,8,0.03,0.0299956,52.6066,cut,3711,3618,no
rKaHyPar,sat14_hwmcc10-timeframe-expansion-k45-pdtvisns3p02-tseitin.cnf.hgr,no,no,3,8,0.03,0.0299956,51.7491,cut,3519,3474,no
rKaHyPar,sat14_hwmcc10-timeframe-expansion-k45-pdtvisns3p02-tseitin.cnf.hgr,no,no,4,8,0.03,0.0298734,73.4199,cut,3048,3048,no
rKaHyPar,sat14_hwmcc10-timeframe-expansion-k45-pdtvisns3p02-tseitin.cnf.hgr,no,no,5,8,0.03,0.0299956,73.9131,cut,3368,3365,no
rKaHyPar,sat14_hwmcc10-timeframe-expansion-k45-pdtvisns3p02-tseitin.cnf.hgr,no,no,6,8,0.03,0.0299712,73.1024,cut,3497,3491,no
rKaHyPar,sat14_hwmcc10-timeframe-expansion-k45-pdtvisns3p02-tseitin.cnf.hgr,no,no,7,8,0.03,0.0299956,72.3603,cut,2881,2879,no
rKaHyPar,sat14_hwmcc10-timeframe-expansion-k45-pdtvisns3p02-tseitin.cnf.hgr,no,no,8,8,0.03,0.0299956,51.068,cut,3184,3156,no
rKaHyPar,sat14_hwmcc10-timeframe-expansion-k45-pdtvisns3p02-tseitin.cnf.hgr,no,no,9,8,0.03,0.0299956,50.8994,cut,3134,3129,no
rKaHyPar,sat14_hwmcc10-timeframe-expansion-k45-pdtvisns3p02-tseitin.cnf.primal.hgr,no,no,0,128,0.03,0.0297107,42.632,cut,66106,64405,no
rKaHyPar,sat14_hwmcc10-timeframe-expansion-k45-pdtvisns3p02-tseitin.cnf.primal.hgr,no,no,1,128,0.03,0.0297107,43.044,cut,66751,64846,no
rKaHyPar,sat14_hwmcc10-timeframe-expansion-k45-pdtvisns3p02-tseitin.cnf.primal.hgr,no,no,2,128,0.03,0.0297107,41.6764,cut,67456,65179,no
rKaHyPar,sat14_hwmcc10-timeframe-expansion-k45-pdtvisns3p02-tseitin.cnf.primal.hgr,no,no,3,128,0.03,0.0297107,41.253,cut,66810,64834,no
rKaHyPar,sat14_hwmcc10-timeframe-expansion-k45-pdtvisns3p02-tseitin.cnf.primal.hgr,no,no,4,128,0.03,0.0297107,42.0966,cut,67850,65685,no
rKaHyPar,sat14_hwmcc10-timeframe-expansion-k45-pdtvisns3p02-tseitin.cnf.primal.hgr,no,no,5,128,0.03,0.0297107,42.4401,cut,67753,65530,no
rKaHyPar,sat14_hwmcc10-timeframe-expansion-k45-pdtvisns3p02-tseitin.cnf.primal.hgr,no,no,6,128,0.03,0.0297107,43.5309,cut,66857,64879,no
rKaHyPar,sat14_hwmcc10-timeframe-expansion-k45-pdtvisns3p02-tseitin.cnf.primal.hgr,no,no,7,128,0.03,0.0297107,41.8841,cut,67993,65769,no
rKaHyPar,sat14_hwmcc10-timeframe-expansion-k45-pdtvisns3p02-tseitin.cnf.primal.hgr,no,no,8,128,0.03,0.0297107,42.1623,cut,66844,64754,no
rKaHyPar,sat14_hwmcc10-timeframe-expansion-k45-pdtvisns3p02-tseitin.cnf.primal.hgr,no,no,9,128,0.03,0.0297107,42.8416,cut,68561,66323,no
rKaHyPar,sat14_hwmcc10-timeframe-expansion-k45-pdtvisns3p02-tseitin.cnf.primal.hgr,no,no,0,16,0.03,0.0299208,26.8564,cut,9997,9987,no
rKaHyPar,sat14_hwmcc10-timeframe-expansion-k45-pdtvisns3p02-tseitin.cnf.primal.hgr,no,no,1,16,0.03,0.0299208,40.4528,cut,9886,9884,no
rKaHyPar,sat14_hwmcc10-timeframe-expansion-k45-pdtvisns3p02-tseitin.cnf.primal.hgr,no,no,2,16,0.03,0.0299208,41.0541,cut,9732,9728,no
rKaHyPar,sat14_hwmcc10-timeframe-expansion-k45-pdtvisns3p02-tseitin.cnf.primal.hgr,no,no,3,16,0.03,0.0299208,30.4187,cut,9516,9514,no
rKaHyPar,sat14_hwmcc10-timeframe-expansion-k45-pdtvisns3p02-tseitin.cnf.primal.hgr,no,no,4,16,0.03,0.0297252,36.8261,cut,9701,9695,no
rKaHyPar,sat14_hwmcc10-timeframe-expansion-k45-pdtvisns3p02-tseitin.cnf.primal.hgr,no,no,5,16,0.03,0.0299208,38.5323,cut,9607,9600,no
rKaHyPar,sat14_hwmcc10-timeframe-expansion-k45-pdtvisns3p02-tseitin.cnf.primal.hgr,no,no,6,16,0.03,0.0299208,39.6644,cut,9842,9835,no
rKaHyPar,sat14_hwmcc10-timeframe-expansion-k45-pdtvisns3p02-tseitin.cnf.primal.hgr,no,no,7,16,0.03,0.0299208,26.2089,cut,9573,9561,no
rKaHyPar,sat14_hwmcc10-timeframe-expansion-k45-pdtvisns3p02-tseitin.cnf.primal.hgr,no,no,8,16,0.03,0.0299208,37.8439,cut,9743,9740,no
rKaHyPar,sat14_hwmcc10-timeframe-expansion-k45-pdtvisns3p02-tseitin.cnf.primal.hgr,no,no,9,16,0.03,0.0299208,36.4097,cut,9861,9850,no
rKaHyPar,sat14_hwmcc10-timeframe-expansion-k45-pdtvisns3p02-tseitin.cnf.primal.hgr,no,no,0,2,0.03,0.00426593,9.26765,cut,302,302,no
rKaHyPar,sat14_hwmcc10-timeframe-expansion-k45-pdtvisns3p02-tseitin.cnf.primal.hgr,no,no,1,2,0.03,0.00426593,13.6259,cut,302,302,no
rKaHyPar,sat14_hwmcc10-timeframe-expansion-k45-pdtvisns3p02-tseitin.cnf.primal.hgr,no,no,2,2,0.03,0.00426593,8.91835,cut,302,302,no
rKaHyPar,sat14_hwmcc10-timeframe-expansion-k45-pdtvisns3p02-tseitin.cnf.primal.hgr,no,no,3,2,0.03,0.00426593,12.4329,cut,302,302,no
rKaHyPar,sat14_hwmcc10-timeframe-expansion-k45-pdtvisns3p02-tseitin.cnf.primal.hgr,no,no,4,2,0.03,0.00426593,9.0979,cut,302,302,no
rKaHyPar,sat14_hwmcc10-timeframe-expansion-k45-pdtvisns3p02-tseitin.cnf.primal.hgr,no,no,5,2,0.03,0.00426593,12.1885,cut,302,302,no
rKaHyPar,sat14_hwmcc10-timeframe-expansion-k45-pdtvisns3p02-tseitin.cnf.primal.hgr,no,no,6,2,0.03,0.00426593,9.81014,cut,302,302,no
rKaHyPar,sat14_hwmcc10-timeframe-expansion-k45-pdtvisns3p02-tseitin.cnf.primal.hgr,no,no,7,2,0.03,0.00426593,8.52092,cut,302,302,no
rKaHyPar,sat14_hwmcc10-timeframe-expansion-k45-pdtvisns3p02-tseitin.cnf.primal.hgr,no,no,8,2,0.03,0.00426593,13.1827,cut,302,302,no
rKaHyPar,sat14_hwmcc10-timeframe-expansion-k45-pdtvisns3p02-tseitin.cnf.primal.hgr,no,no,9,2,0.03,0.00426593,8.92292,cut,302,302,no
rKaHyPar,sat14_hwmcc10-timeframe-expansion-k45-pdtvisns3p02-tseitin.cnf.primal.hgr,no,no,0,32,0.03,0.0299179,45.2619,cut,19896,19800,no
rKaHyPar,sat14_hwmcc10-timeframe-expansion-k45-pdtvisns3p02-tseitin.cnf.primal.hgr,no,no,1,32,0.03,0.0299179,33.8085,cut,19739,19666,no
rKaHyPar,sat14_hwmcc10-timeframe-expansion-k45-pdtvisns3p02-tseitin.cnf.primal.hgr,no,no,2,32,0.03,0.0299179,44.8434,cut,19646,19578,no
rKaHyPar,sat14_hwmcc10-timeframe-expansion-k45-pdtvisns3p02-tseitin.cnf.primal.hgr,no,no,3,32,0.03,0.0299179,34.0876,cut,20544,20488,no
rKaHyPar,sat14_hwmcc10-timeframe-expansion-k45-pdtvisns3p02-tseitin.cnf.primal.hgr,no,no,4,32,0.03,0.0299179,44.5274,cut,19812,19779,no
rKaHyPar,sat14_hwmcc10-timeframe-expansion-k45-pdtvisns3p02-tseitin.cnf.primal.hgr,no,no,5,32,0.03,0.0299179,34.062,cut,20554,20487,no
rKaHyPar,sat14_hwmcc10-timeframe-expansion-k45-pdtvisns3p02-tseitin.cnf.primal.hgr,no,no,6,32,0.03,0.0299179,47.2565,cut,19768,19718,no
rKaHyPar,sat14_hwmcc10-timeframe-expansion-k45-pdtvisns3p02-tseitin.cnf.primal.hgr,no,no,7,32,0.03,0.0299179,45.7409,cut,19637,19583,no
rKaHyPar,sat14_hwmcc10-timeframe-expansion-k45-pdtvisns3p02-tseitin.cnf.primal.hgr,no,no,8,32,0.03,0.0299179,34.9644,cut,20639,20586,no
rKaHyPar,sat14_hwmcc10-timeframe-expansion-k45-pdtvisns3p02-tseitin.cnf.primal.hgr,no,no,9,32,0.03,0.0299179,44.4956,cut,19679,19649,no
rKaHyPar,sat14_hwmcc10-timeframe-expansion-k45-pdtvisns3p02-tseitin.cnf.primal.hgr,no,no,0,4,0.03,0.0299956,13.5013,cut,1109,1109,no
rKaHyPar,sat14_hwmcc10-timeframe-expansion-k45-pdtvisns3p02-tseitin.cnf.primal.hgr,no,no,1,4,0.03,0.0299956,20.0956,cut,1153,1153,no
rKaHyPar,sat14_hwmcc10-timeframe-expansion-k45-pdtvisns3p02-tseitin.cnf.primal.hgr,no,no,2,4,0.03,0.0299956,14.027,cut,1155,1155,no
rKaHyPar,sat14_hwmcc10-timeframe-expansion-k45-pdtvisns3p02-tseitin.cnf.primal.hgr,no,no,3,4,0.03,0.0299956,13.7305,cut,1144,1144,no
rKaHyPar,sat14_hwmcc10-timeframe-expansion-k45-pdtvisns3p02-tseitin.cnf.primal.hgr,no,no,4,4,0.03,0.0299956,19.1363,cut,1284,1284,no
rKaHyPar,sat14_hwmcc10-timeframe-expansion-k45-pdtvisns3p02-tseitin.cnf.primal.hgr,no,no,5,4,0.03,0.0299956,13.3164,cut,1130,1130,no
rKaHyPar,sat14_hwmcc10-timeframe-expansion-k45-pdtvisns3p02-tseitin.cnf.primal.hgr,no,no,6,4,0.03,0.0299956,15.009,cut,1253,1253,no
rKaHyPar,sat14_hwmcc10-timeframe-expansion-k45-pdtvisns3p02-tseitin.cnf.primal.hgr,no,no,7,4,0.03,0.0299956,13.5456,cut,1042,1042,no
rKaHyPar,sat14_hwmcc10-timeframe-expansion-k45-pdtvisns3p02-tseitin.cnf.primal.hgr,no,no,8,4,0.03,0.0299956,13.8635,cut,1117,1117,no
rKaHyPar,sat14_hwmcc10-timeframe-expansion-k45-pdtvisns3p02-tseitin.cnf.primal.hgr,no,no,9,4,0.03,0.0299956,14.3744,cut,1119,1119,no
rKaHyPar,sat14_hwmcc10-timeframe-expansion-k45-pdtvisns3p02-tseitin.cnf.primal.hgr,no,no,0,64,0.03,0.0297223,55.6306,cut,38937,38646,no
rKaHyPar,sat14_hwmcc10-timeframe-expansion-k45-pdtvisns3p02-tseitin.cnf.primal.hgr,no,no,1,64,0.03,0.0297223,39.5522,cut,38251,37997,no
rKaHyPar,sat14_hwmcc10-timeframe-expansion-k45-pdtvisns3p02-tseitin.cnf.primal.hgr,no,no,2,64,0.03,0.0297223,55.7173,cut,37437,37213,no
rKaHyPar,sat14_hwmcc10-timeframe-expansion-k45-pdtvisns3p02-tseitin.cnf.primal.hgr,no,no,3,64,0.03,0.0297223,55.5111,cut,38010,37764,no
rKaHyPar,sat14_hwmcc10-timeframe-expansion-k45-pdtvisns3p02-tseitin.cnf.primal.hgr,no,no,4,64,0.03,0.0297223,39.7949,cut,37749,37461,no
rKaHyPar,sat14_hwmcc10-timeframe-expansion-k45-pdtvisns3p02-tseitin.cnf.primal.hgr,no,no,5,64,0.03,0.0297223,38.4191,cut,38334,38070,no
rKaHyPar,sat14_hwmcc10-timeframe-expansion-k45-pdtvisns3p02-tseitin.cnf.primal.hgr,no,no,6,64,0.03,0.0297223,56.0101,cut,37854,37609,no
rKaHyPar,sat14_hwmcc10-timeframe-expansion-k45-pdtvisns3p02-tseitin.cnf.primal.hgr,no,no,7,64,0.03,0.0297223,53.3232,cut,37372,37168,no
rKaHyPar,sat14_hwmcc10-timeframe-expansion-k45-pdtvisns3p02-tseitin.cnf.primal.hgr,no,no,8,64,0.03,0.0297223,39.5989,cut,38168,37936,no
rKaHyPar,sat14_hwmcc10-timeframe-expansion-k45-pdtvisns3p02-tseitin.cnf.primal.hgr,no,no,9,64,0.03,0.0297223,54.0567,cut,38155,37939,no
rKaHyPar,sat14_hwmcc10-timeframe-expansion-k45-pdtvisns3p02-tseitin.cnf.primal.hgr,no,no,0,8,0.03,0.0292378,18.7509,cut,3365,3359,no
rKaHyPar,sat14_hwmcc10-timeframe-expansion-k45-pdtvisns3p02-tseitin.cnf.primal.hgr,no,no,1,8,0.03,0.0299712,19.369,cut,3128,3125,no
rKaHyPar,sat14_hwmcc10-timeframe-expansion-k45-pdtvisns3p02-tseitin.cnf.primal.hgr,no,no,2,8,0.03,0.0299712,19.5388,cut,3875,3866,no
rKaHyPar,sat14_hwmcc10-timeframe-expansion-k45-pdtvisns3p02-tseitin.cnf.primal.hgr,no,no,3,8,0.03,0.0299712,18.9479,cut,3743,3741,no
rKaHyPar,sat14_hwmcc10-timeframe-expansion-k45-pdtvisns3p02-tseitin.cnf.primal.hgr,no,no,4,8,0.03,0.0299712,25.9236,cut,3485,3484,no
rKaHyPar,sat14_hwmcc10-timeframe-expansion-k45-pdtvisns3p02-tseitin.cnf.primal.hgr,no,no,5,8,0.03,0.0299712,26.5139,cut,3594,3592,no
rKaHyPar,sat14_hwmcc10-timeframe-expansion-k45-pdtvisns3p02-tseitin.cnf.primal.hgr,no,no,6,8,0.03,0.0299712,26.5499,cut,3213,3212,no
rKaHyPar,sat14_hwmcc10-timeframe-expansion-k45-pdtvisns3p02-tseitin.cnf.primal.hgr,no,no,7,8,0.03,0.0276243,25.712,cut,3474,3474,no
rKaHyPar,sat14_hwmcc10-timeframe-expansion-k45-pdtvisns3p02-tseitin.cnf.primal.hgr,no,no,8,8,0.03,0.0298734,19.1637,cut,3455,3455,no
rKaHyPar,sat14_hwmcc10-timeframe-expansion-k45-pdtvisns3p02-tseitin.cnf.primal.hgr,no,no,9,8,0.03,0.0294822,18.1956,cut,3008,2998,no
rKaHyPar,sat14_itox_vc1130.cnf.dual.hgr,no,no,0,128,0.03,0.0280997,43.3108,cut,8158,3481,no
rKaHyPar,sat14_itox_vc1130.cnf.dual.hgr,no,no,1,128,0.03,0.0298378,42.3542,cut,8275,3468,no
rKaHyPar,sat14_itox_vc1130.cnf.dual.hgr,no,no,2,128,0.03,0.0292584,43.0153,cut,7916,3499,no
rKaHyPar,sat14_itox_vc1130.cnf.dual.hgr,no,no,3,128,0.03,0.0295481,42.2426,cut,8090,3515,no
rKaHyPar,sat14_itox_vc1130.cnf.dual.hgr,no,no,4,128,0.03,0.0298378,42.8637,cut,8053,3437,no
rKaHyPar,sat14_itox_vc1130.cnf.dual.hgr,no,no,5,128,0.03,0.0289687,43.1956,cut,8224,3525,no
rKaHyPar,sat14_itox_vc1130.cnf.dual.hgr,no,no,6,128,0.03,0.0283893,42.2742,cut,8033,3479,no
rKaHyPar,sat14_itox_vc1130.cnf.dual.hgr,no,no,7,128,0.03,0.0275203,64.7099,cut,7998,3454,no
rKaHyPar,sat14_itox_vc1130.cnf.dual.hgr,no,no,8,128,0.03,0.0298378,42.2943,cut,7897,3497,no
rKaHyPar,sat14_itox_vc1130.cnf.dual.hgr,no,no,9,128,0.03,0.0280997,42.7765,cut,7975,3502,no
rKaHyPar,sat14_itox_vc1130.cnf.dual.hgr,no,no,0,16,0.03,0.0298453,34.782,cut,1693,1058,no
rKaHyPar,sat14_itox_vc1130.cnf.dual.hgr,no,no,1,16,0.03,0.0285776,54.5525,cut,1718,1104,no
rKaHyPar,sat14_itox_vc1130.cnf.dual.hgr,no,no,2,16,0.03,0.0288674,53.6863,cut,1724,1112,no
rKaHyPar,sat14_itox_vc1130.cnf.dual.hgr,no,no,3,16,0.03,0.0297729,33.7559,cut,2039,1158,no
rKaHyPar,sat14_itox_vc1130.cnf.dual.hgr,no,no,4,16,0.03,0.0290485,53.3255,cut,1660,1053,no
rKaHyPar,sat14_itox_vc1130.cnf.dual.hgr,no,no,5,16,0.03,0.0293383,53.7368,cut,1876,1074,no
rKaHyPar,sat14_itox_vc1130.cnf.dual.hgr,no,no,6,16,0.03,0.0279619,54.559,cut,1725,1086,no
rKaHyPar,sat14_itox_vc1130.cnf.dual.hgr,no,no,7,16,0.03,0.0270202,34.8235,cut,1691,1104,no
rKaHyPar,sat14_itox_vc1130.cnf.dual.hgr,no,no,8,16,0.03,0.0282517,53.5548,cut,1750,1161,no
rKaHyPar,sat14_itox_vc1130.cnf.dual.hgr,no,no,9,16,0.03,0.0283965,53.1648,cut,1758,1094,no
rKaHyPar,sat14_itox_vc1130.cnf.dual.hgr,no,no,0,2,0.03,0.0292894,25.2239,cut,97,97,no
rKaHyPar,sat14_itox_vc1130.cnf.dual.hgr,no,no,1,2,0.03,0.0297784,29.6173,cut,43,43,no
rKaHyPar,sat14_itox_vc1130.cnf.dual.hgr,no,no,2,2,0.03,0.0298055,18.8219,cut,39,39,no
rKaHyPar,sat14_itox_vc1130.cnf.dual.hgr,no,no,3,2,0.03,0.0297829,30.8877,cut,41,41,no
rKaHyPar,sat14_itox_vc1130.cnf.dual.hgr,no,no,4,2,0.03,0.0294343,18.8399,cut,40,40,no
rKaHyPar,sat14_itox_vc1130.cnf.dual.hgr,no,no,5,2,0.03,0.0298916,30.2413,cut,39,39,no
rKaHyPar,sat14_itox_vc1130.cnf.dual.hgr,no,no,6,2,0.03,0.0297195,20.3204,cut,40,40,no
rKaHyPar,sat14_itox_vc1130.cnf.dual.hgr,no,no,7,2,0.03,0.0297874,18.6713,cut,40,40,no
rKaHyPar,sat14_itox_vc1130.cnf.dual.hgr,no,no,8,2,0.03,0.0297648,30.7768,cut,40,40,no
rKaHyPar,sat14_itox_vc1130.cnf.dual.hgr,no,no,9,2,0.03,0.0293618,19.1159,cut,37,37,no
rKaHyPar,sat14_itox_vc1130.cnf.dual.hgr,no,no,0,32,0.03,0.0299891,57.6755,cut,2956,1640,no
rKaHyPar,sat14_itox_vc1130.cnf.dual.hgr,no,no,1,32,0.03,0.0299891,36.1233,cut,2905,1592,no
rKaHyPar,sat14_itox_vc1130.cnf.dual.hgr,no,no,2,32,0.03,0.0260051,57.9836,cut,2897,1609,no
rKaHyPar,sat14_itox_vc1130.cnf.dual.hgr,no,no,3,32,0.03,0.0273089,55.4359,cut,3145,1693,no
rKaHyPar,sat14_itox_vc1130.cnf.dual.hgr,no,no,4,32,0.03,0.0259326,56.6088,cut,3023,1699,no
rKaHyPar,sat14_itox_vc1130.cnf.dual.hgr,no,no,5,32,0.03,0.0291199,36.823,cut,3059,1677,no
rKaHyPar,sat14_itox_vc1130.cnf.dual.hgr,no,no,6,32,0.03,0.0263673,56.7738,cut,3032,1633,no
rKaHyPar,sat14_itox_vc1130.cnf.dual.hgr,no,no,7,32,0.03,0.0287577,58.0438,cut,3070,1607,no
rKaHyPar,sat14_itox_vc1130.cnf.dual.hgr,no,no,8,32,0.03,0.026657,36.8682,cut,3218,1609,no
rKaHyPar,sat14_itox_vc1130.cnf.dual.hgr,no,no,9,32,0.03,0.0295545,58.3575,cut,3020,1644,no
rKaHyPar,sat14_itox_vc1130.cnf.dual.hgr,no,no,0,4,0.03,0.0295292,29.0937,cut,273,254,no
rKaHyPar,sat14_itox_vc1130.cnf.dual.hgr,no,no,1,4,0.03,0.0197858,45.2599,cut,258,241,no
rKaHyPar,sat14_itox_vc1130.cnf.dual.hgr,no,no,2,4,0.03,0.0231453,31.7552,cut,325,302,no
rKaHyPar,sat14_itox_vc1130.cnf.dual.hgr,no,no,3,4,0.03,0.0260067,28.9958,cut,258,239,no
rKaHyPar,sat14_itox_vc1130.cnf.dual.hgr,no,no,4,4,0.03,0.0259614,45.8891,cut,263,248,no
rKaHyPar,sat14_itox_vc1130.cnf.dual.hgr,no,no,5,4,0.03,0.0200393,28.4219,cut,262,240,no
rKaHyPar,sat14_itox_vc1130.cnf.dual.hgr,no,no,6,4,0.03,0.0235527,28.1933,cut,267,248,no
rKaHyPar,sat14_itox_vc1130.cnf.dual.hgr,no,no,7,4,0.03,0.0287867,29.8545,cut,289,270,no
rKaHyPar,sat14_itox_vc1130.cnf.dual.hgr,no,no,8,4,0.03,0.0200393,29.1417,cut,268,247,no
rKaHyPar,sat14_itox_vc1130.cnf.dual.hgr,no,no,9,4,0.03,0.0299458,29.1189,cut,264,246,no
rKaHyPar,sat14_itox_vc1130.cnf.dual.hgr,no,no,0,64,0.03,0.0276691,61.3578,cut,5035,2501,no
rKaHyPar,sat14_itox_vc1130.cnf.dual.hgr,no,no,1,64,0.03,0.029987,38.6759,cut,5105,2533,no
rKaHyPar,sat14_itox_vc1130.cnf.dual.hgr,no,no,2,64,0.03,0.0270897,62.6642,cut,5125,2571,no
rKaHyPar,sat14_itox_vc1130.cnf.dual.hgr,no,no,3,64,0.03,0.0279589,60.9429,cut,5091,2537,no
rKaHyPar,sat14_itox_vc1130.cnf.dual.hgr,no,no,4,64,0.03,0.0289729,40.1935,cut,5276,2572,no
rKaHyPar,sat14_itox_vc1130.cnf.dual.hgr,no,no,5,64,0.03,0.0294075,39.6067,cut,5225,2513,no
rKaHyPar,sat14_itox_vc1130.cnf.dual.hgr,no,no,6,64,0.03,0.0294075,61.2229,cut,5143,2576,no
rKaHyPar,sat14_itox_vc1130.cnf.dual.hgr,no,no,7,64,0.03,0.0291178,61.2476,cut,5022,2536,no
rKaHyPar,sat14_itox_vc1130.cnf.dual.hgr,no,no,8,64,0.03,0.0294075,39.3345,cut,5195,2511,no
rKaHyPar,sat14_itox_vc1130.cnf.dual.hgr,no,no,9,64,0.03,0.0279589,62.0251,cut,5370,2578,no
rKaHyPar,sat14_itox_vc1130.cnf.dual.hgr,no,no,0,8,0.03,0.0289404,33.5526,cut,852,692,no
rKaHyPar,sat14_itox_vc1130.cnf.dual.hgr,no,no,1,8,0.03,0.0291577,33.9049,cut,906,693,no
rKaHyPar,sat14_itox_vc1130.cnf.dual.hgr,no,no,2,8,0.03,0.0281073,33.8112,cut,909,759,no
rKaHyPar,sat14_itox_vc1130.cnf.dual.hgr,no,no,3,8,0.03,0.0210805,32.4263,cut,928,693,no
rKaHyPar,sat14_itox_vc1130.cnf.dual.hgr,no,no,4,8,0.03,0.0252096,53.0808,cut,827,698,no
rKaHyPar,sat14_itox_vc1130.cnf.dual.hgr,no,no,5,8,0.03,0.0291939,52.2916,cut,861,675,no
rKaHyPar,sat14_itox_vc1130.cnf.dual.hgr,no,no,6,8,0.03,0.0133836,51.2932,cut,882,675,no
rKaHyPar,sat14_itox_vc1130.cnf.dual.hgr,no,no,7,8,0.03,0.0261333,55.7028,cut,835,693,no
rKaHyPar,sat14_itox_vc1130.cnf.dual.hgr,no,no,8,8,0.03,0.0185631,33.6066,cut,850,702,no
rKaHyPar,sat14_itox_vc1130.cnf.dual.hgr,no,no,9,8,0.03,0.0283065,34.7578,cut,842,684,no
rKaHyPar,sat14_itox_vc1130.cnf.hgr,no,no,0,128,0.03,0.03,86.9383,cut,123897,86544,no
rKaHyPar,sat14_itox_vc1130.cnf.hgr,no,no,1,128,0.03,0.03,88.3362,cut,127287,88349,no
rKaHyPar,sat14_itox_vc1130.cnf.hgr,no,no,2,128,0.03,0.03,86.7898,cut,122216,86350,no
rKaHyPar,sat14_itox_vc1130.cnf.hgr,no,no,3,128,0.03,0.03,91.7183,cut,123694,87159,no
rKaHyPar,sat14_itox_vc1130.cnf.hgr,no,no,4,128,0.03,0.03,90.2125,cut,122346,86631,no
rKaHyPar,sat14_itox_vc1130.cnf.hgr,no,no,5,128,0.03,0.03,84.1815,cut,123087,87035,no
rKaHyPar,sat14_itox_vc1130.cnf.hgr,no,no,6,128,0.03,0.03,86.0433,cut,123638,88249,no
rKaHyPar,sat14_itox_vc1130.cnf.hgr,no,no,7,128,0.03,0.03,88.9118,cut,124481,86314,no
rKaHyPar,sat14_itox_vc1130.cnf.hgr,no,no,8,128,0.03,0.03,124.242,cut,124332,87040,no
rKaHyPar,sat14_itox_vc1130.cnf.hgr,no,no,9,128,0.03,0.03,82.9187,cut,121197,85158,no
rKaHyPar,sat14_itox_vc1130.cnf.hgr,no,no,0,16,0.03,0.0299522,69.0398,cut,37885,33582,no
rKaHyPar,sat14_itox_vc1130.cnf.hgr,no,no,1,16,0.03,0.0299522,90.2374,cut,35218,32897,no
rKaHyPar,sat14_itox_vc1130.cnf.hgr,no,no,2,16,0.03,0.0299522,79.2001,cut,38542,34257,no
rKaHyPar,sat14_itox_vc1130.cnf.hgr,no,no,3,16,0.03,0.0299522,79.3622,cut,40850,34337,no
rKaHyPar,sat14_itox_vc1130.cnf.hgr,no,no,4,16,0.03,0.0299522,111.741,cut,38919,34139,no
rKaHyPar,sat14_itox_vc1130.cnf.hgr,no,no,5,16,0.03,0.0299522,79.5136,cut,39816,34640,no
rKaHyPar,sat14_itox_vc1130.cnf.hgr,no,no,6,16,0.03,0.0299522,96.3506,cut,37568,33754,no
rKaHyPar,sat14_itox_vc1130.cnf.hgr,no,no,7,16,0.03,0.0298434,69.8133,cut,38358,33561,no
rKaHyPar,sat14_itox_vc1130.cnf.hgr,no,no,8,16,0.03,0.0298978,112.944,cut,39285,33912,no
rKaHyPar,sat14_itox_vc1130.cnf.hgr,no,no,9,16,0.03,0.0292455,96.0054,cut,38347,33472,no
rKaHyPar,sat14_itox_vc1130.cnf.hgr,no,no,0,2,0.03,0.0299124,17.0647,cut,48,48,no
rKaHyPar,sat14_itox_vc1130.cnf.hgr,no,no,1,2,0.03,0.0293892,24.4474,cut,44,44,no
rKaHyPar,sat14_itox_vc1130.cnf.hgr,no,no,2,2,0.03,0.0299668,17.2151,cut,49,49,no
rKaHyPar,sat14_itox_vc1130.cnf.hgr,no,no,3,2,0.03,0.0297086,24.1743,cut,47,47,no
rKaHyPar,sat14_itox_vc1130.cnf.hgr,no,no,4,2,0.03,0.0299396,17.0772,cut,51,51,no
rKaHyPar,sat14_itox_vc1130.cnf.hgr,no,no,5,2,0.03,0.029627,22.5702,cut,47,47,no
rKaHyPar,sat14_itox_vc1130.cnf.hgr,no,no,6,2,0.03,0.0295387,16.8838,cut,48,48,no
rKaHyPar,sat14_itox_vc1130.cnf.hgr,no,no,7,2,0.03,0.0295455,16.8281,cut,47,47,no
rKaHyPar,sat14_itox_vc1130.cnf.hgr,no,no,8,2,0.03,0.0291378,24.0128,cut,45,45,no
rKaHyPar,sat14_itox_vc1130.cnf.hgr,no,no,9,2,0.03,0.0298852,17.3313,cut,73,73,no
rKaHyPar,sat14_itox_vc1130.cnf.hgr,no,no,0,32,0.03,0.0298978,112.918,cut,65341,52015,no
rKaHyPar,sat14_itox_vc1130.cnf.hgr,no,no,1,32,0.03,0.0298978,80.6997,cut,62817,49794,no
rKaHyPar,sat14_itox_vc1130.cnf.hgr,no,no,2,32,0.03,0.0298978,114.439,cut,61901,49822,no
rKaHyPar,sat14_itox_vc1130.cnf.hgr,no,no,3,32,0.03,0.0298978,84.0855,cut,65865,52818,no
rKaHyPar,sat14_itox_vc1130.cnf.hgr,no,no,4,32,0.03,0.0298978,110.349,cut,62143,49449,no
rKaHyPar,sat14_itox_vc1130.cnf.hgr,no,no,5,32,0.03,0.0298978,80.9763,cut,64857,51696,no
rKaHyPar,sat14_itox_vc1130.cnf.hgr,no,no,6,32,0.03,0.0298978,119.578,cut,64309,51420,no
rKaHyPar,sat14_itox_vc1130.cnf.hgr,no,no,7,32,0.03,0.0298978,110.715,cut,61856,49859,no
rKaHyPar,sat14_itox_vc1130.cnf.hgr,no,no,8,32,0.03,0.0298978,87.771,cut,64777,50725,no
rKaHyPar,sat14_itox_vc1130.cnf.hgr,no,no,9,32,0.03,0.0298978,118.331,cut,63518,51369,no
rKaHyPar,sat14_itox_vc1130.cnf.hgr,no,no,0,4,0.03,0.0255361,34.2944,cut,2664,2662,no
rKaHyPar,sat14_itox_vc1130.cnf.hgr,no,no,1,4,0.03,0.0293414,37.6379,cut,2703,2701,no
rKaHyPar,sat14_itox_vc1130.cnf.hgr,no,no,2,4,0.03,0.0269495,34.1672,cut,2624,2622,no
rKaHyPar,sat14_itox_vc1130.cnf.hgr,no,no,3,4,0.03,0.0299802,36.9823,cut,2749,2748,no
rKaHyPar,sat14_itox_vc1130.cnf.hgr,no,no,4,4,0.03,0.0286891,47.864,cut,2656,2654,no
rKaHyPar,sat14_itox_vc1130.cnf.hgr,no,no,5,4,0.03,0.0297491,35.8053,cut,2698,2694,no
rKaHyPar,sat14_itox_vc1130.cnf.hgr,no,no,6,4,0.03,0.0203718,34.8647,cut,2824,2823,no
rKaHyPar,sat14_itox_vc1130.cnf.hgr,no,no,7,4,0.03,0.026569,32.86,cut,2690,2687,no
rKaHyPar,sat14_itox_vc1130.cnf.hgr,no,no,8,4,0.03,0.0298307,33.8925,cut,2613,2611,no
rKaHyPar,sat14_itox_vc1130.cnf.hgr,no,no,9,4,0.03,0.0253187,34.0749,cut,2639,2637,no
rKaHyPar,sat14_itox_vc1130.cnf.hgr,no,no,0,64,0.03,0.0297891,78.5214,cut,92495,69463,no
rKaHyPar,sat14_itox_vc1130.cnf.hgr,no,no,1,64,0.03,0.0297891,82.5235,cut,93585,70158,no
rKaHyPar,sat14_itox_vc1130.cnf.hgr,no,no,2,64,0.03,0.0297891,118.151,cut,91853,70104,no
rKaHyPar,sat14_itox_vc1130.cnf.hgr,no,no,3,64,0.03,0.0297891,116.353,cut,91719,67815,no
rKaHyPar,sat14_itox_vc1130.cnf.hgr,no,no,4,64,0.03,0.0297891,86.93,cut,93483,70750,no
rKaHyPar,sat14_itox_vc1130.cnf.hgr,no,no,5,64,0.03,0.0297891,83.4706,cut,92881,69320,no
rKaHyPar,sat14_itox_vc1130.cnf.hgr,no,no,6,64,0.03,0.0297891,82.8764,cut,93248,70385,no
rKaHyPar,sat14_itox_vc1130.cnf.hgr,no,no,7,64,0.03,0.0297891,117.352,cut,91454,69054,no
rKaHyPar,sat14_itox_vc1130.cnf.hgr,no,no,8,64,0.03,0.0297891,80.9886,cut,92808,69336,no
rKaHyPar,sat14_itox_vc1130.cnf.hgr,no,no,9,64,0.03,0.0297891,116.404,cut,94120,71515,no
rKaHyPar,sat14_itox_vc1130.cnf.hgr,no,no,0,8,0.03,0.0299802,109.117,cut,16544,16013,no
rKaHyPar,sat14_itox_vc1130.cnf.hgr,no,no,1,8,0.03,0.0299802,107.835,cut,16464,15570,no
rKaHyPar,sat14_itox_vc1130.cnf.hgr,no,no,2,8,0.03,0.0299802,111.94,cut,17763,17553,no
rKaHyPar,sat14_itox_vc1130.cnf.hgr,no,no,3,8,0.03,0.0299802,106.049,cut,16914,15988,no
rKaHyPar,sat14_itox_vc1130.cnf.hgr,no,no,4,8,0.03,0.0299802,155.836,cut,16735,15843,no
rKaHyPar,sat14_itox_vc1130.cnf.hgr,no,no,5,8,0.03,0.0299258,135.158,cut,20665,20116,no
rKaHyPar,sat14_itox_vc1130.cnf.hgr,no,no,6,8,0.03,0.0299802,224.863,cut,16552,16013,no
rKaHyPar,sat14_itox_vc1130.cnf.hgr,no,no,7,8,0.03,0.0299802,150.601,cut,18321,17727,no
rKaHyPar,sat14_itox_vc1130.cnf.hgr,no,no,8,8,0.03,0.0299802,100.319,cut,16939,16407,no
rKaHyPar,sat14_itox_vc1130.cnf.hgr,no,no,9,8,0.03,0.0299802,142.503,cut,16980,16410,no
rKaHyPar,sat14_itox_vc1130.cnf.primal.hgr,no,no,0,128,0.03,0.0294118,44.6575,cut,121138,85751,no
rKaHyPar,sat14_itox_vc1130.cnf.primal.hgr,no,no,1,128,0.03,0.0294118,43.3574,cut,120948,86463,no
rKaHyPar,sat14_itox_vc1130.cnf.primal.hgr,no,no,2,128,0.03,0.0294118,42.9933,cut,119155,84927,no
rKaHyPar,sat14_itox_vc1130.cnf.primal.hgr,no,no,3,128,0.03,0.0294118,42.2293,cut,119415,84869,no
rKaHyPar,sat14_itox_vc1130.cnf.primal.hgr,no,no,4,128,0.03,0.0294118,43.7601,cut,121338,86222,no
rKaHyPar,sat14_itox_vc1130.cnf.primal.hgr,no,no,5,128,0.03,0.0294118,43.9061,cut,120299,85291,no
rKaHyPar,sat14_itox_vc1130.cnf.primal.hgr,no,no,6,128,0.03,0.0294118,44.4008,cut,121536,87161,no
rKaHyPar,sat14_itox_vc1130.cnf.primal.hgr,no,no,7,128,0.03,0.0294118,61.0405,cut,120140,86041,no
rKaHyPar,sat14_itox_vc1130.cnf.primal.hgr,no,no,8,128,0.03,0.0294118,61.0068,cut,119831,85634,no
rKaHyPar,sat14_itox_vc1130.cnf.primal.hgr,no,no,9,128,0.03,0.0294118,45.1119,cut,119652,85338,no
rKaHyPar,sat14_itox_vc1130.cnf.primal.hgr,no,no,0,16,0.03,0.0298445,32.0987,cut,37716,32085,no
rKaHyPar,sat14_itox_vc1130.cnf.primal.hgr,no,no,1,16,0.03,0.0299496,44.4886,cut,38009,31682,no
rKaHyPar,sat14_itox_vc1130.cnf.primal.hgr,no,no,2,16,0.03,0.0297394,30.815,cut,37431,31729,no
rKaHyPar,sat14_itox_vc1130.cnf.primal.hgr,no,no,3,16,0.03,0.0299496,33.3553,cut,36324,32071,no
rKaHyPar,sat14_itox_vc1130.cnf.primal.hgr,no,no,4,16,0.03,0.0297394,44.2652,cut,34909,30477,no
rKaHyPar,sat14_itox_vc1130.cnf.primal.hgr,no,no,5,16,0.03,0.0299496,39.8307,cut,40439,34497,no
rKaHyPar,sat14_itox_vc1130.cnf.primal.hgr,no,no,6,16,0.03,0.0299496,42.2056,cut,37311,31690,no
rKaHyPar,sat14_itox_vc1130.cnf.primal.hgr,no,no,7,16,0.03,0.0299496,34.8821,cut,36567,32692,no
rKaHyPar,sat14_itox_vc1130.cnf.primal.hgr,no,no,8,16,0.03,0.0299496,46.5901,cut,38092,32524,no
rKaHyPar,sat14_itox_vc1130.cnf.primal.hgr,no,no,9,16,0.03,0.0299496,46.9764,cut,36818,31979,no
rKaHyPar,sat14_itox_vc1130.cnf.primal.hgr,no,no,0,2,0.03,0.0253783,8.30705,cut,38,38,no
rKaHyPar,sat14_itox_vc1130.cnf.primal.hgr,no,no,1,2,0.03,0.0287542,11.4477,cut,28,28,no
rKaHyPar,sat14_itox_vc1130.cnf.primal.hgr,no,no,2,2,0.03,0.0295029,8.11886,cut,26,26,no
rKaHyPar,sat14_itox_vc1130.cnf.primal.hgr,no,no,3,2,0.03,0.0295555,11.5633,cut,26,26,no
rKaHyPar,sat14_itox_vc1130.cnf.primal.hgr,no,no,4,2,0.03,0.0294767,9.06782,cut,28,28,no
rKaHyPar,sat14_itox_vc1130.cnf.primal.hgr,no,no,5,2,0.03,0.0298313,11.5885,cut,28,28,no
rKaHyPar,sat14_itox_vc1130.cnf.primal.hgr,no,no,6,2,0.03,0.0295686,8.28459,cut,30,30,no
rKaHyPar,sat14_itox_vc1130.cnf.primal.hgr,no,no,7,2,0.03,0.0296737,8.17911,cut,28,28,no
rKaHyPar,sat14_itox_vc1130.cnf.primal.hgr,no,no,8,2,0.03,0.0298707,11.5312,cut,26,26,no
rKaHyPar,sat14_itox_vc1130.cnf.primal.hgr,no,no,9,2,0.03,0.023316,8.16929,cut,34,34,no
rKaHyPar,sat14_itox_vc1130.cnf.primal.hgr,no,no,0,32,0.03,0.0298445,54.3674,cut,62627,49965,no
rKaHyPar,sat14_itox_vc1130.cnf.primal.hgr,no,no,1,32,0.03,0.0298445,40.7137,cut,62525,50268,no
rKaHyPar,sat14_itox_vc1130.cnf.primal.hgr,no,no,2,32,0.03,0.0298445,52.4458,cut,62613,49270,no
rKaHyPar,sat14_itox_vc1130.cnf.primal.hgr,no,no,3,32,0.03,0.0298445,53.3908,cut,61873,49480,no
rKaHyPar,sat14_itox_vc1130.cnf.primal.hgr,no,no,4,32,0.03,0.0298445,54.7909,cut,62204,48959,no
rKaHyPar,sat14_itox_vc1130.cnf.primal.hgr,no,no,5,32,0.03,0.0298445,34.8932,cut,61358,48669,no
rKaHyPar,sat14_itox_vc1130.cnf.primal.hgr,no,no,6,32,0.03,0.0298445,53.7474,cut,61596,49219,no
rKaHyPar,sat14_itox_vc1130.cnf.primal.hgr,no,no,7,32,0.03,0.0298445,55.042,cut,63206,50155,no
rKaHyPar,sat14_itox_vc1130.cnf.primal.hgr,no,no,8,32,0.03,0.0298445,39.4971,cut,62949,49672,no
rKaHyPar,sat14_itox_vc1130.cnf.primal.hgr,no,no,9,32,0.03,0.0298445,57.4803,cut,62391,49845,no
rKaHyPar,sat14_itox_vc1130.cnf.primal.hgr,no,no,0,4,0.03,0.0231452,15.9054,cut,2578,2577,no
rKaHyPar,sat14_itox_vc1130.cnf.primal.hgr,no,no,1,4,0.03,0.0295555,16.2122,cut,2607,2607,no
rKaHyPar,sat14_itox_vc1130.cnf.primal.hgr,no,no,2,4,0.03,0.0181011,15.8129,cut,2571,2571,no
rKaHyPar,sat14_itox_vc1130.cnf.primal.hgr,no,no,3,4,0.03,0.0210172,21.2493,cut,2576,2576,no
rKaHyPar,sat14_itox_vc1130.cnf.primal.hgr,no,no,4,4,0.03,0.0169451,23.4977,cut,2572,2572,no
rKaHyPar,sat14_itox_vc1130.cnf.primal.hgr,no,no,5,4,0.03,0.028058,15.8695,cut,2549,2548,no
rKaHyPar,sat14_itox_vc1130.cnf.primal.hgr,no,no,6,4,0.03,0.027769,21.4988,cut,2592,2591,no
rKaHyPar,sat14_itox_vc1130.cnf.primal.hgr,no,no,7,4,0.03,0.0296343,19.9991,cut,2560,2559,no
rKaHyPar,sat14_itox_vc1130.cnf.primal.hgr,no,no,8,4,0.03,0.0298445,19.5955,cut,2628,2628,no
rKaHyPar,sat14_itox_vc1130.cnf.primal.hgr,no,no,9,4,0.03,0.0180748,16.0698,cut,2570,2569,no
rKaHyPar,sat14_itox_vc1130.cnf.primal.hgr,no,no,0,64,0.03,0.0298445,40.219,cut,89230,67749,no
rKaHyPar,sat14_itox_vc1130.cnf.primal.hgr,no,no,1,64,0.03,0.0298445,39.2332,cut,89652,68158,no
rKaHyPar,sat14_itox_vc1130.cnf.primal.hgr,no,no,2,64,0.03,0.0298445,53.5669,cut,91906,68964,no
rKaHyPar,sat14_itox_vc1130.cnf.primal.hgr,no,no,3,64,0.03,0.0298445,56.5187,cut,88048,67294,no
rKaHyPar,sat14_itox_vc1130.cnf.primal.hgr,no,no,4,64,0.03,0.0298445,41.0359,cut,91459,69677,no
rKaHyPar,sat14_itox_vc1130.cnf.primal.hgr,no,no,5,64,0.03,0.0298445,40.5717,cut,90834,68848,no
rKaHyPar,sat14_itox_vc1130.cnf.primal.hgr,no,no,6,64,0.03,0.0298445,41.1775,cut,90407,67934,no
rKaHyPar,sat14_itox_vc1130.cnf.primal.hgr,no,no,7,64,0.03,0.0298445,57.8039,cut,90364,67728,no
rKaHyPar,sat14_itox_vc1130.cnf.primal.hgr,no,no,8,64,0.03,0.0298445,42.0965,cut,88639,67342,no
rKaHyPar,sat14_itox_vc1130.cnf.primal.hgr,no,no,9,64,0.03,0.0298445,57.757,cut,89506,67299,no
rKaHyPar,sat14_itox_vc1130.cnf.primal.hgr,no,no,0,8,0.03,0.0299496,34.6624,cut,15730,15145,no
rKaHyPar,sat14_itox_vc1130.cnf.primal.hgr,no,no,1,8,0.03,0.0299496,51.4055,cut,19557,19415,no
rKaHyPar,sat14_itox_vc1130.cnf.primal.hgr,no,no,2,8,0.03,0.0299496,53.3588,cut,17106,16234,no
rKaHyPar,sat14_itox_vc1130.cnf.primal.hgr,no,no,3,8,0.03,0.0299496,46.9885,cut,17444,16402,no
rKaHyPar,sat14_itox_vc1130.cnf.primal.hgr,no,no,4,8,0.03,0.0299496,67.2042,cut,16174,15327,no
rKaHyPar,sat14_itox_vc1130.cnf.primal.hgr,no,no,5,8,0.03,0.0299496,71.3386,cut,16727,15943,no
rKaHyPar,sat14_itox_vc1130.cnf.primal.hgr,no,no,6,8,0.03,0.0299496,47.2996,cut,16466,15813,no
rKaHyPar,sat14_itox_vc1130.cnf.primal.hgr,no,no,7,8,0.03,0.0299496,70.7883,cut,15338,14770,no
rKaHyPar,sat14_itox_vc1130.cnf.primal.hgr,no,no,8,8,0.03,0.0299496,48.4841,cut,17972,17061,no
rKaHyPar,sat14_itox_vc1130.cnf.primal.hgr,no,no,9,8,0.03,0.0299496,32.7298,cut,18489,17780,no
rKaHyPar,sat14_k2fix_gr_rcs_w9.shuffled.cnf.dual.hgr,no,no,0,128,0.03,0.0293501,77.414,cut,177475,6524,no
rKaHyPar,sat14_k2fix_gr_rcs_w9.shuffled.cnf.dual.hgr,no,no,1,128,0.03,0.0268344,76.8177,cut,180644,6544,no
rKaHyPar,sat14_k2fix_gr_rcs_w9.shuffled.cnf.dual.hgr,no,no,2,128,0.03,0.0297694,75.2624,cut,182020,6513,no
rKaHyPar,sat14_k2fix_gr_rcs_w9.shuffled.cnf.dual.hgr,no,no,3,128,0.03,0.0289308,77.5297,cut,175105,6593,no
rKaHyPar,sat14_k2fix_gr_rcs_w9.shuffled.cnf.dual.hgr,no,no,4,128,0.03,0.027673,77.8336,cut,174323,6591,no
rKaHyPar,sat14_k2fix_gr_rcs_w9.shuffled.cnf.dual.hgr,no,no,5,128,0.03,0.027673,76.7911,cut,171163,6597,no
rKaHyPar,sat14_k2fix_gr_rcs_w9.shuffled.cnf.dual.hgr,no,no,6,128,0.03,0.0293501,77.1927,cut,174557,6578,no
rKaHyPar,sat14_k2fix_gr_rcs_w9.shuffled.cnf.dual.hgr,no,no,7,128,0.03,0.0280922,76.7763,cut,180015,6553,no
rKaHyPar,sat14_k2fix_gr_rcs_w9.shuffled.cnf.dual.hgr,no,no,8,128,0.03,0.0297694,110.55,cut,176383,6593,no
rKaHyPar,sat14_k2fix_gr_rcs_w9.shuffled.cnf.dual.hgr,no,no,9,128,0.03,0.0297694,76.4724,cut,169253,6545,no
rKaHyPar,sat14_k2fix_gr_rcs_w9.shuffled.cnf.dual.hgr,no,no,0,16,0.03,0.0294657,70.2757,cut,33897,4964,no
rKaHyPar,sat14_k2fix_gr_rcs_w9.shuffled.cnf.dual.hgr,no,no,1,16,0.03,0.0295706,101.889,cut,34716,5035,no
rKaHyPar,sat14_k2fix_gr_rcs_w9.shuffled.cnf.dual.hgr,no,no,2,16,0.03,0.0297803,68.3859,cut,34158,4893,no
rKaHyPar,sat14_k2fix_gr_rcs_w9.shuffled.cnf.dual.hgr,no,no,3,16,0.03,0.029256,70.3362,cut,31509,4883,no
rKaHyPar,sat14_k2fix_gr_rcs_w9.shuffled.cnf.dual.hgr,no,no,4,16,0.03,0.0285744,101.597,cut,32459,4928,no
rKaHyPar,sat14_k2fix_gr_rcs_w9.shuffled.cnf.dual.hgr,no,no,5,16,0.03,0.0293084,71.1541,cut,35510,5075,no
rKaHyPar,sat14_k2fix_gr_rcs_w9.shuffled.cnf.dual.hgr,no,no,6,16,0.03,0.0243276,102.707,cut,34816,5122,no
rKaHyPar,sat14_k2fix_gr_rcs_w9.shuffled.cnf.dual.hgr,no,no,7,16,0.03,0.0278404,70.1347,cut,33457,4922,no
rKaHyPar,sat14_k2fix_gr_rcs_w9.shuffled.cnf.dual.hgr,no,no,8,16,0.03,0.0296755,101.323,cut,33769,5013,no
rKaHyPar,sat14_k2fix_gr_rcs_w9.shuffled.cnf.dual.hgr,no,no,9,16,0.03,0.0297279,101.144,cut,33387,5029,no
rKaHyPar,sat14_k2fix_gr_rcs_w9.shuffled.cnf.dual.hgr,no,no,0,2,0.03,0,52.1122,cut,2131,2131,no
rKaHyPar,sat14_k2fix_gr_rcs_w9.shuffled.cnf.dual.hgr,no,no,1,2,0.03,0,51.6457,cut,1980,1980,no
rKaHyPar,sat14_k2fix_gr_rcs_w9.shuffled.cnf.dual.hgr,no,no,2,2,0.03,0,50.7391,cut,2156,2156,no
rKaHyPar,sat14_k2fix_gr_rcs_w9.shuffled.cnf.dual.hgr,no,no,3,2,0.03,0,72.6582,cut,2138,2138,no
rKaHyPar,sat14_k2fix_gr_rcs_w9.shuffled.cnf.dual.hgr,no,no,4,2,0.03,0,50.5365,cut,2136,2136,no
rKaHyPar,sat14_k2fix_gr_rcs_w9.shuffled.cnf.dual.hgr,no,no,5,2,0.03,0,72.3576,cut,2026,2026,no
rKaHyPar,sat14_k2fix_gr_rcs_w9.shuffled.cnf.dual.hgr,no,no,6,2,0.03,0,51.9729,cut,2005,2005,no
rKaHyPar,sat14_k2fix_gr_rcs_w9.shuffled.cnf.dual.hgr,no,no,7,2,0.03,0,50.5997,cut,2161,2161,no
rKaHyPar,sat14_k2fix_gr_rcs_w9.shuffled.cnf.dual.hgr,no,no,8,2,0.03,0,72.0303,cut,2136,2136,no
rKaHyPar,sat14_k2fix_gr_rcs_w9.shuffled.cnf.dual.hgr,no,no,9,2,0.03,0,50.2307,cut,2096,2096,no
rKaHyPar,sat14_k2fix_gr_rcs_w9.shuffled.cnf.dual.hgr,no,no,0,32,0.03,0.0286254,104.845,cut,63387,5450,no
rKaHyPar,sat14_k2fix_gr_rcs_w9.shuffled.cnf.dual.hgr,no,no,1,32,0.03,0.0293593,72.8949,cut,62344,5618,no
rKaHyPar,sat14_k2fix_gr_rcs_w9.shuffled.cnf.dual.hgr,no,no,2,32,0.03,0.0277865,102.394,cut,66146,5528,no
rKaHyPar,sat14_k2fix_gr_rcs_w9.shuffled.cnf.dual.hgr,no,no,3,32,0.03,0.029569,102.801,cut,63022,5527,no
rKaHyPar,sat14_k2fix_gr_rcs_w9.shuffled.cnf.dual.hgr,no,no,4,32,0.03,0.0279962,104.646,cut,63068,5562,no
rKaHyPar,sat14_k2fix_gr_rcs_w9.shuffled.cnf.dual.hgr,no,no,5,32,0.03,0.0287302,72.4336,cut,64048,5623,no
rKaHyPar,sat14_k2fix_gr_rcs_w9.shuffled.cnf.dual.hgr,no,no,6,32,0.03,0.0299885,105.82,cut,59167,5633,no
rKaHyPar,sat14_k2fix_gr_rcs_w9.shuffled.cnf.dual.hgr,no,no,7,32,0.03,0.0299885,104.117,cut,65355,5633,no
rKaHyPar,sat14_k2fix_gr_rcs_w9.shuffled.cnf.dual.hgr,no,no,8,32,0.03,0.0290448,72.7025,cut,64617,5607,no
rKaHyPar,sat14_k2fix_gr_rcs_w9.shuffled.cnf.dual.hgr,no,no,9,32,0.03,0.029569,105.066,cut,59032,5671,no
rKaHyPar,sat14_k2fix_gr_rcs_w9.shuffled.cnf.dual.hgr,no,no,0,4,0.03,0.0298204,71.76,cut,7597,3562,no
rKaHyPar,sat14_k2fix_gr_rcs_w9.shuffled.cnf.dual.hgr,no,no,1,4,0.03,0.029886,65.9094,cut,7515,3519,no
rKaHyPar,sat14_k2fix_gr_rcs_w9.shuffled.cnf.dual.hgr,no,no,2,4,0.03,0.0299253,68.9069,cut,7508,3529,no
rKaHyPar,sat14_k2fix_gr_rcs_w9.shuffled.cnf.dual.hgr,no,no,3,4,0.03,0.0299908,71.3176,cut,7406,3498,no
rKaHyPar,sat14_k2fix_gr_rcs_w9.shuffled.cnf.dual.hgr,no,no,4,4,0.03,0.0299253,95.0917,cut,7457,3536,no
rKaHyPar,sat14_k2fix_gr_rcs_w9.shuffled.cnf.dual.hgr,no,no,5,4,0.03,0.0295583,71.8989,cut,7061,3318,no
rKaHyPar,sat14_k2fix_gr_rcs_w9.shuffled.cnf.dual.hgr,no,no,6,4,0.03,0.0298204,93.9922,cut,7043,3490,no
rKaHyPar,sat14_k2fix_gr_rcs_w9.shuffled.cnf.dual.hgr,no,no,7,4,0.03,0.0295058,66.8754,cut,7266,3573,no
rKaHyPar,sat14_k2fix_gr_rcs_w9.shuffled.cnf.dual.hgr,no,no,8,4,0.03,0.0298466,69.6386,cut,7334,3549,no
rKaHyPar,sat14_k2fix_gr_rcs_w9.shuffled.cnf.dual.hgr,no,no,9,4,0.03,0.0295976,97.7004,cut,7336,3463,no
rKaHyPar,sat14_k2fix_gr_rcs_w9.shuffled.cnf.dual.hgr,no,no,0,64,0.03,0.0293563,74.7689,cut,111595,6022,no
rKaHyPar,sat14_k2fix_gr_rcs_w9.shuffled.cnf.dual.hgr,no,no,1,64,0.03,0.0295659,74.9185,cut,112130,6065,no
rKaHyPar,sat14_k2fix_gr_rcs_w9.shuffled.cnf.dual.hgr,no,no,2,64,0.03,0.0299853,104.874,cut,113871,6079,no
rKaHyPar,sat14_k2fix_gr_rcs_w9.shuffled.cnf.dual.hgr,no,no,3,64,0.03,0.0289369,107.118,cut,108462,6103,no
rKaHyPar,sat14_k2fix_gr_rcs_w9.shuffled.cnf.dual.hgr,no,no,4,64,0.03,0.0291466,74.2757,cut,109353,6025,no
rKaHyPar,sat14_k2fix_gr_rcs_w9.shuffled.cnf.dual.hgr,no,no,5,64,0.03,0.0266303,75.0145,cut,113402,6088,no
rKaHyPar,sat14_k2fix_gr_rcs_w9.shuffled.cnf.dual.hgr,no,no,6,64,0.03,0.0291466,74.5345,cut,111285,6098,no
rKaHyPar,sat14_k2fix_gr_rcs_w9.shuffled.cnf.dual.hgr,no,no,7,64,0.03,0.0293563,106.874,cut,114331,6148,no
rKaHyPar,sat14_k2fix_gr_rcs_w9.shuffled.cnf.dual.hgr,no,no,8,64,0.03,0.0289369,74.6109,cut,109630,6104,no
rKaHyPar,sat14_k2fix_gr_rcs_w9.shuffled.cnf.dual.hgr,no,no,9,64,0.03,0.0247431,108.045,cut,110569,6133,no
rKaHyPar,sat14_k2fix_gr_rcs_w9.shuffled.cnf.dual.hgr,no,no,0,8,0.03,0.0298335,68.3744,cut,16776,4221,no
rKaHyPar,sat14_k2fix_gr_rcs_w9.shuffled.cnf.dual.hgr,no,no,1,8,0.03,0.0251147,67.6351,cut,17369,4248,no
rKaHyPar,sat14_k2fix_gr_rcs_w9.shuffled.cnf.dual.hgr,no,no,2,8,0.03,0.0143662,67.6021,cut,18083,4483,no
rKaHyPar,sat14_k2fix_gr_rcs_w9.shuffled.cnf.dual.hgr,no,no,3,8,0.03,0.0212085,66.509,cut,16919,4359,no
rKaHyPar,sat14_k2fix_gr_rcs_w9.shuffled.cnf.dual.hgr,no,no,4,8,0.03,0.0220737,95.8731,cut,17436,4346,no
rKaHyPar,sat14_k2fix_gr_rcs_w9.shuffled.cnf.dual.hgr,no,no,5,8,0.03,0.0259536,99.0706,cut,16808,4372,no
rKaHyPar,sat14_k2fix_gr_rcs_w9.shuffled.cnf.dual.hgr,no,no,6,8,0.03,0.0296762,97.4082,cut,15977,4270,no
rKaHyPar,sat14_k2fix_gr_rcs_w9.shuffled.cnf.dual.hgr,no,no,7,8,0.03,0.0143662,95.6021,cut,17604,4334,no
rKaHyPar,sat14_k2fix_gr_rcs_w9.shuffled.cnf.dual.hgr,no,no,8,8,0.03,0.0289946,68.4882,cut,16061,4209,no
rKaHyPar,sat14_k2fix_gr_rcs_w9.shuffled.cnf.dual.hgr,no,no,9,8,0.03,0.0296762,65.8408,cut,16846,4341,no
rKaHyPar,sat14_k2fix_gr_rcs_w9.shuffled.cnf.hgr,no,no,0,128,0.03,0.0282486,17.5184,cut,132521,132521,no
rKaHyPar,sat14_k2fix_gr_rcs_w9.shuffled.cnf.hgr,no,no,1,128,0.03,0.0282486,17.6948,cut,131419,131419,no
rKaHyPar,sat14_k2fix_gr_rcs_w9.shuffled.cnf.hgr,no,no,2,128,0.03,0.0282486,17.8794,cut,131450,131450,no
rKaHyPar,sat14_k2fix_gr_rcs_w9.shuffled.cnf.hgr,no,no,3,128,0.03,0.0282486,18.0181,cut,131260,131260,no
rKaHyPar,sat14_k2fix_gr_rcs_w9.shuffled.cnf.hgr,no,no,4,128,0.03,0.0282486,17.7791,cut,132029,132029,no
rKaHyPar,sat14_k2fix_gr_rcs_w9.shuffled.cnf.hgr,no,no,5,128,0.03,0.0282486,18.209,cut,132058,132058,no
rKaHyPar,sat14_k2fix_gr_rcs_w9.shuffled.cnf.hgr,no,no,6,128,0.03,0.0282486,18.3634,cut,132291,132291,no
rKaHyPar,sat14_k2fix_gr_rcs_w9.shuffled.cnf.hgr,no,no,7,128,0.03,0.0282486,18.2881,cut,132107,132107,no
rKaHyPar,sat14_k2fix_gr_rcs_w9.shuffled.cnf.hgr,no,no,8,128,0.03,0.0282486,25.0981,cut,131051,131051,no
rKaHyPar,sat14_k2fix_gr_rcs_w9.shuffled.cnf.hgr,no,no,9,128,0.03,0.0282486,17.9039,cut,131028,131028,no
rKaHyPar,sat14_k2fix_gr_rcs_w9.shuffled.cnf.hgr,no,no,0,16,0.03,0.00282885,4.44454,cut,0,0,no
rKaHyPar,sat14_k2fix_gr_rcs_w9.shuffled.cnf.hgr,no,no,1,16,0.03,0.00282885,6.08176,cut,0,0,no
rKaHyPar,sat14_k2fix_gr_rcs_w9.shuffled.cnf.hgr,no,no,2,16,0.03,0.00282885,4.41374,cut,0,0,no
rKaHyPar,sat14_k2fix_gr_rcs_w9.shuffled.cnf.hgr,no,no,3,16,0.03,0.00282885,4.45311,cut,0,0,no
rKaHyPar,sat14_k2fix_gr_rcs_w9.shuffled.cnf.hgr,no,no,4,16,0.03,0.00282885,5.92144,cut,0,0,no
rKaHyPar,sat14_k2fix_gr_rcs_w9.shuffled.cnf.hgr,no,no,5,16,0.03,0.00282885,4.55138,cut,0,0,no
rKaHyPar,sat14_k2fix_gr_rcs_w9.shuffled.cnf.hgr,no,no,6,16,0.03,0.00282885,6.06518,cut,0,0,no
rKaHyPar,sat14_k2fix_gr_rcs_w9.shuffled.cnf.hgr,no,no,7,16,0.03,0.00282885,4.47029,cut,0,0,no
rKaHyPar,sat14_k2fix_gr_rcs_w9.shuffled.cnf.hgr,no,no,8,16,0.03,0.00282885,6.00008,cut,0,0,no
rKaHyPar,sat14_k2fix_gr_rcs_w9.shuffled.cnf.hgr,no,no,9,16,0.03,0.00282885,5.99201,cut,0,0,no
rKaHyPar,sat14_k2fix_gr_rcs_w9.shuffled.cnf.hgr,no,no,0,2,0.03,8.84251e-05,1.2449,cut,0,0,no
rKaHyPar,sat14_k2fix_gr_rcs_w9.shuffled.cnf.hgr,no,no,1,2,0.03,8.84251e-05,1.34682,cut,0,0,no
rKaHyPar,sat14_k2fix_gr_rcs_w9.shuffled.cnf.hgr,no,no,2,2,0.03,8.84251e-05,1.31954,cut,0,0,no
rKaHyPar,sat14_k2fix_gr_rcs_w9.shuffled.cnf.hgr,no,no,3,2,0.03,8.84251e-05,1.67067,cut,0,0,no
rKaHyPar,sat14_k2fix_gr_rcs_w9.shuffled.cnf.hgr,no,no,4,2,0.03,8.84251e-05,1.2618,cut,0,0,no
rKaHyPar,sat14_k2fix_gr_rcs_w9.shuffled.cnf.hgr,no,no,5,2,0.03,8.84251e-05,1.63926,cut,0,0,no
rKaHyPar,sat14_k2fix_gr_rcs_w9.shuffled.cnf.hgr,no,no,6,2,0.03,8.84251e-05,1.28423,cut,0,0,no
rKaHyPar,sat14_k2fix_gr_rcs_w9.shuffled.cnf.hgr,no,no,7,2,0.03,8.84251e-05,1.27407,cut,0,0,no
rKaHyPar,sat14_k2fix_gr_rcs_w9.shuffled.cnf.hgr,no,no,8,2,0.03,8.84251e-05,1.75532,cut,0,0,no
rKaHyPar,sat14_k2fix_gr_rcs_w9.shuffled.cnf.hgr,no,no,9,2,0.03,8.84251e-05,1.29879,cut,0,0,no
rKaHyPar,sat14_k2fix_gr_rcs_w9.shuffled.cnf.hgr,no,no,0,32,0.03,0.029703,17.4615,cut,38706,38706,no
rKaHyPar,sat14_k2fix_gr_rcs_w9.shuffled.cnf.hgr,no,no,1,32,0.03,0.029703,12.5204,cut,38902,38902,no
rKaHyPar,sat14_k2fix_gr_rcs_w9.shuffled.cnf.hgr,no,no,2,32,0.03,0.029703,18.0498,cut,38754,38754,no
rKaHyPar,sat14_k2fix_gr_rcs_w9.shuffled.cnf.hgr,no,no,3,32,0.03,0.029703,17.5442,cut,39476,39476,no
rKaHyPar,sat14_k2fix_gr_rcs_w9.shuffled.cnf.hgr,no,no,4,32,0.03,0.029703,17.3938,cut,39347,39347,no
rKaHyPar,sat14_k2fix_gr_rcs_w9.shuffled.cnf.hgr,no,no,5,32,0.03,0.029703,12.3512,cut,38907,38907,no
rKaHyPar,sat14_k2fix_gr_rcs_w9.shuffled.cnf.hgr,no,no,6,32,0.03,0.029703,17.6246,cut,39035,39035,no
rKaHyPar,sat14_k2fix_gr_rcs_w9.shuffled.cnf.hgr,no,no,7,32,0.03,0.029703,17.8014,cut,38426,38426,no
rKaHyPar,sat14_k2fix_gr_rcs_w9.shuffled.cnf.hgr,no,no,8,32,0.03,0.029703,12.5193,cut,39165,39165,no
rKaHyPar,sat14_k2fix_gr_rcs_w9.shuffled.cnf.hgr,no,no,9,32,0.03,0.029703,17.6058,cut,38604,38604,no
rKaHyPar,sat14_k2fix_gr_rcs_w9.shuffled.cnf.hgr,no,no,0,4,0.03,0.000353669,2.44699,cut,0,0,no
rKaHyPar,sat14_k2fix_gr_rcs_w9.shuffled.cnf.hgr,no,no,1,4,0.03,0.000353669,2.47771,cut,0,0,no
rKaHyPar,sat14_k2fix_gr_rcs_w9.shuffled.cnf.hgr,no,no,2,4,0.03,0.000353669,2.41017,cut,0,0,no
rKaHyPar,sat14_k2fix_gr_rcs_w9.shuffled.cnf.hgr,no,no,3,4,0.03,0.000353669,2.41064,cut,0,0,no
rKaHyPar,sat14_k2fix_gr_rcs_w9.shuffled.cnf.hgr,no,no,4,4,0.03,0.000353669,3.2461,cut,0,0,no
rKaHyPar,sat14_k2fix_gr_rcs_w9.shuffled.cnf.hgr,no,no,5,4,0.03,0.000353669,2.48926,cut,0,0,no
rKaHyPar,sat14_k2fix_gr_rcs_w9.shuffled.cnf.hgr,no,no,6,4,0.03,0.000353669,3.29622,cut,0,0,no
rKaHyPar,sat14_k2fix_gr_rcs_w9.shuffled.cnf.hgr,no,no,7,4,0.03,0.000353669,2.4499,cut,0,0,no
rKaHyPar,sat14_k2fix_gr_rcs_w9.shuffled.cnf.hgr,no,no,8,4,0.03,0.000353669,2.49602,cut,0,0,no
rKaHyPar,sat14_k2fix_gr_rcs_w9.shuffled.cnf.hgr,no,no,9,4,0.03,0.000353669,3.14204,cut,0,0,no
rKaHyPar,sat14_k2fix_gr_rcs_w9.shuffled.cnf.hgr,no,no,0,64,0.03,0.0282486,11.8949,cut,77421,77421,no
rKaHyPar,sat14_k2fix_gr_rcs_w9.shuffled.cnf.hgr,no,no,1,64,0.03,0.0282486,11.965,cut,78307,78307,no
rKaHyPar,sat14_k2fix_gr_rcs_w9.shuffled.cnf.hgr,no,no,2,64,0.03,0.0282486,16.8082,cut,79276,79276,no
rKaHyPar,sat14_k2fix_gr_rcs_w9.shuffled.cnf.hgr,no,no,3,64,0.03,0.0282486,16.6257,cut,78561,78561,no
rKaHyPar,sat14_k2fix_gr_rcs_w9.shuffled.cnf.hgr,no,no,4,64,0.03,0.0282486,11.7682,cut,76868,76868,no
rKaHyPar,sat14_k2fix_gr_rcs_w9.shuffled.cnf.hgr,no,no,5,64,0.03,0.0282486,11.6611,cut,77256,77256,no
rKaHyPar,sat14_k2fix_gr_rcs_w9.shuffled.cnf.hgr,no,no,6,64,0.03,0.0282486,12.0004,cut,77293,77293,no
rKaHyPar,sat14_k2fix_gr_rcs_w9.shuffled.cnf.hgr,no,no,7,64,0.03,0.0282486,17.0616,cut,78989,78989,no
rKaHyPar,sat14_k2fix_gr_rcs_w9.shuffled.cnf.hgr,no,no,8,64,0.03,0.0282486,12.1003,cut,76989,76989,no
rKaHyPar,sat14_k2fix_gr_rcs_w9.shuffled.cnf.hgr,no,no,9,64,0.03,0.0282486,16.7888,cut,77045,77045,no
rKaHyPar,sat14_k2fix_gr_rcs_w9.shuffled.cnf.hgr,no,no,0,8,0.03,0.00106082,3.31995,cut,0,0,no
rKaHyPar,sat14_k2fix_gr_rcs_w9.shuffled.cnf.hgr,no,no,1,8,0.03,0.00106082,3.43266,cut,0,0,no
rKaHyPar,sat14_k2fix_gr_rcs_w9.shuffled.cnf.hgr,no,no,2,8,0.03,0.00106082,3.4062,cut,0,0,no
rKaHyPar,sat14_k2fix_gr_rcs_w9.shuffled.cnf.hgr,no,no,3,8,0.03,0.00106082,3.50174,cut,0,0,no
rKaHyPar,sat14_k2fix_gr_rcs_w9.shuffled.cnf.hgr,no,no,4,8,0.03,0.00106082,4.58245,cut,0,0,no
rKaHyPar,sat14_k2fix_gr_rcs_w9.shuffled.cnf.hgr,no,no,5,8,0.03,0.00106082,4.59415,cut,0,0,no
rKaHyPar,sat14_k2fix_gr_rcs_w9.shuffled.cnf.hgr,no,no,6,8,0.03,0.00106082,4.65569,cut,0,0,no
rKaHyPar,sat14_k2fix_gr_rcs_w9.shuffled.cnf.hgr,no,no,7,8,0.03,0.00106082,4.62109,cut,0,0,no
rKaHyPar,sat14_k2fix_gr_rcs_w9.shuffled.cnf.hgr,no,no,8,8,0.03,0.00106082,3.55999,cut,0,0,no
rKaHyPar,sat14_k2fix_gr_rcs_w9.shuffled.cnf.hgr,no,no,9,8,0.03,0.00106082,3.5035,cut,0,0,no
rKaHyPar,sat14_k2fix_gr_rcs_w9.shuffled.cnf.primal.hgr,no,no,0,128,0.03,0.0224719,20.9385,cut,186322,177611,no
rKaHyPar,sat14_k2fix_gr_rcs_w9.shuffled.cnf.primal.hgr,no,no,1,128,0.03,0.0224719,20.7903,cut,185159,176529,no
rKaHyPar,sat14_k2fix_gr_rcs_w9.shuffled.cnf.primal.hgr,no,no,2,128,0.03,0.0224719,20.7033,cut,186381,177760,no
rKaHyPar,sat14_k2fix_gr_rcs_w9.shuffled.cnf.primal.hgr,no,no,3,128,0.03,0.0224719,28.8399,cut,185680,176998,no
rKaHyPar,sat14_k2fix_gr_rcs_w9.shuffled.cnf.primal.hgr,no,no,4,128,0.03,0.0224719,20.8435,cut,185523,176826,no
rKaHyPar,sat14_k2fix_gr_rcs_w9.shuffled.cnf.primal.hgr,no,no,5,128,0.03,0.0224719,20.7603,cut,186038,177348,no
rKaHyPar,sat14_k2fix_gr_rcs_w9.shuffled.cnf.primal.hgr,no,no,6,128,0.03,0.0224719,21.1093,cut,185029,176361,no
rKaHyPar,sat14_k2fix_gr_rcs_w9.shuffled.cnf.primal.hgr,no,no,7,128,0.03,0.0224719,21.3757,cut,186096,177451,no
rKaHyPar,sat14_k2fix_gr_rcs_w9.shuffled.cnf.primal.hgr,no,no,8,128,0.03,0.0224719,28.9687,cut,185566,176907,no
rKaHyPar,sat14_k2fix_gr_rcs_w9.shuffled.cnf.primal.hgr,no,no,9,128,0.03,0.0224719,20.8497,cut,185239,176538,no
rKaHyPar,sat14_k2fix_gr_rcs_w9.shuffled.cnf.primal.hgr,no,no,0,16,0.03,0.029661,14.6478,cut,55209,47696,no
rKaHyPar,sat14_k2fix_gr_rcs_w9.shuffled.cnf.primal.hgr,no,no,1,16,0.03,0.029661,21.6427,cut,55266,47564,no
rKaHyPar,sat14_k2fix_gr_rcs_w9.shuffled.cnf.primal.hgr,no,no,2,16,0.03,0.029661,15.3637,cut,53356,45686,no
rKaHyPar,sat14_k2fix_gr_rcs_w9.shuffled.cnf.primal.hgr,no,no,3,16,0.03,0.029661,14.935,cut,54465,46821,no
rKaHyPar,sat14_k2fix_gr_rcs_w9.shuffled.cnf.primal.hgr,no,no,4,16,0.03,0.029661,20.577,cut,56066,48331,no
rKaHyPar,sat14_k2fix_gr_rcs_w9.shuffled.cnf.primal.hgr,no,no,5,16,0.03,0.029661,14.1716,cut,53826,46132,no
rKaHyPar,sat14_k2fix_gr_rcs_w9.shuffled.cnf.primal.hgr,no,no,6,16,0.03,0.029661,20.7969,cut,56993,49112,no
rKaHyPar,sat14_k2fix_gr_rcs_w9.shuffled.cnf.primal.hgr,no,no,7,16,0.03,0.029661,14.7189,cut,57036,49123,no
rKaHyPar,sat14_k2fix_gr_rcs_w9.shuffled.cnf.primal.hgr,no,no,8,16,0.03,0.029661,21.4863,cut,53981,46246,no
rKaHyPar,sat14_k2fix_gr_rcs_w9.shuffled.cnf.primal.hgr,no,no,9,16,0.03,0.029661,20.4928,cut,53487,45817,no
rKaHyPar,sat14_k2fix_gr_rcs_w9.shuffled.cnf.primal.hgr,no,no,0,2,0.03,0.0298745,4.117,cut,3223,3223,no
rKaHyPar,sat14_k2fix_gr_rcs_w9.shuffled.cnf.primal.hgr,no,no,1,2,0.03,0.0298745,4.32183,cut,3445,3445,no
rKaHyPar,sat14_k2fix_gr_rcs_w9.shuffled.cnf.primal.hgr,no,no,2,2,0.03,0.0298745,3.95295,cut,3110,3110,no
rKaHyPar,sat14_k2fix_gr_rcs_w9.shuffled.cnf.primal.hgr,no,no,3,2,0.03,0.0298745,7.61801,cut,3185,3185,no
rKaHyPar,sat14_k2fix_gr_rcs_w9.shuffled.cnf.primal.hgr,no,no,4,2,0.03,0.0298745,4.04568,cut,3130,3130,no
rKaHyPar,sat14_k2fix_gr_rcs_w9.shuffled.cnf.primal.hgr,no,no,5,2,0.03,0.0298745,5.87283,cut,3194,3194,no
rKaHyPar,sat14_k2fix_gr_rcs_w9.shuffled.cnf.primal.hgr,no,no,6,2,0.03,0.0298745,4.26425,cut,3098,3098,no
rKaHyPar,sat14_k2fix_gr_rcs_w9.shuffled.cnf.primal.hgr,no,no,7,2,0.03,0.0298745,4.24446,cut,3237,3237,no
rKaHyPar,sat14_k2fix_gr_rcs_w9.shuffled.cnf.primal.hgr,no,no,8,2,0.03,0.0298745,6.17976,cut,3257,3257,no
rKaHyPar,sat14_k2fix_gr_rcs_w9.shuffled.cnf.primal.hgr,no,no,9,2,0.03,0.0298745,3.86845,cut,3140,3140,no
rKaHyPar,sat14_k2fix_gr_rcs_w9.shuffled.cnf.primal.hgr,no,no,0,32,0.03,0.0282486,16.3724,cut,92221,83874,no
rKaHyPar,sat14_k2fix_gr_rcs_w9.shuffled.cnf.primal.hgr,no,no,1,32,0.03,0.0282486,11.3106,cut,91625,83315,no
rKaHyPar,sat14_k2fix_gr_rcs_w9.shuffled.cnf.primal.hgr,no,no,2,32,0.03,0.0282486,16.2778,cut,91576,83313,no
rKaHyPar,sat14_k2fix_gr_rcs_w9.shuffled.cnf.primal.hgr,no,no,3,32,0.03,0.0282486,16.2933,cut,91266,83039,no
rKaHyPar,sat14_k2fix_gr_rcs_w9.shuffled.cnf.primal.hgr,no,no,4,32,0.03,0.0282486,16.567,cut,91270,82975,no
rKaHyPar,sat14_k2fix_gr_rcs_w9.shuffled.cnf.primal.hgr,no,no,5,32,0.03,0.0282486,16.2159,cut,90787,82451,no
rKaHyPar,sat14_k2fix_gr_rcs_w9.shuffled.cnf.primal.hgr,no,no,6,32,0.03,0.0282486,16.8725,cut,92065,83780,no
rKaHyPar,sat14_k2fix_gr_rcs_w9.shuffled.cnf.primal.hgr,no,no,7,32,0.03,0.0282486,16.402,cut,90970,82694,no
rKaHyPar,sat14_k2fix_gr_rcs_w9.shuffled.cnf.primal.hgr,no,no,8,32,0.03,0.0282486,12.0093,cut,91444,83113,no
rKaHyPar,sat14_k2fix_gr_rcs_w9.shuffled.cnf.primal.hgr,no,no,9,32,0.03,0.0282486,17.2394,cut,92185,83904,no
rKaHyPar,sat14_k2fix_gr_rcs_w9.shuffled.cnf.primal.hgr,no,no,0,4,0.03,0.0296925,8.45405,cut,11777,9404,no
rKaHyPar,sat14_k2fix_gr_rcs_w9.shuffled.cnf.primal.hgr,no,no,1,4,0.03,0.0296925,7.69502,cut,11985,9572,no
rKaHyPar,sat14_k2fix_gr_rcs_w9.shuffled.cnf.primal.hgr,no,no,2,4,0.03,0.0296925,7.04052,cut,11643,9257,no
rKaHyPar,sat14_k2fix_gr_rcs_w9.shuffled.cnf.primal.hgr,no,no,3,4,0.03,0.0296925,6.10569,cut,11495,9141,no
rKaHyPar,sat14_k2fix_gr_rcs_w9.shuffled.cnf.primal.hgr,no,no,4,4,0.03,0.0296925,8.47055,cut,11798,9425,no
rKaHyPar,sat14_k2fix_gr_rcs_w9.shuffled.cnf.primal.hgr,no,no,5,4,0.03,0.0296925,11.6824,cut,11874,9503,no
rKaHyPar,sat14_k2fix_gr_rcs_w9.shuffled.cnf.primal.hgr,no,no,6,4,0.03,0.0265111,13.4382,cut,11544,9157,no
rKaHyPar,sat14_k2fix_gr_rcs_w9.shuffled.cnf.primal.hgr,no,no,7,4,0.03,0.029339,7.83785,cut,11569,9210,no
rKaHyPar,sat14_k2fix_gr_rcs_w9.shuffled.cnf.primal.hgr,no,no,8,4,0.03,0.0296925,6.35684,cut,11894,9494,no
rKaHyPar,sat14_k2fix_gr_rcs_w9.shuffled.cnf.primal.hgr,no,no,9,4,0.03,0.0296925,9.7215,cut,11518,9154,no
rKaHyPar,sat14_k2fix_gr_rcs_w9.shuffled.cnf.primal.hgr,no,no,0,64,0.03,0.0282486,16.0673,cut,143848,135295,no
rKaHyPar,sat14_k2fix_gr_rcs_w9.shuffled.cnf.primal.hgr,no,no,1,64,0.03,0.0282486,16.0226,cut,143096,134525,no
rKaHyPar,sat14_k2fix_gr_rcs_w9.shuffled.cnf.primal.hgr,no,no,2,64,0.03,0.0282486,22.8905,cut,143855,135274,no
rKaHyPar,sat14_k2fix_gr_rcs_w9.shuffled.cnf.primal.hgr,no,no,3,64,0.03,0.0282486,22.5649,cut,145295,136728,no
rKaHyPar,sat14_k2fix_gr_rcs_w9.shuffled.cnf.primal.hgr,no,no,4,64,0.03,0.0282486,16.3654,cut,144716,136182,no
rKaHyPar,sat14_k2fix_gr_rcs_w9.shuffled.cnf.primal.hgr,no,no,5,64,0.03,0.0282486,15.8915,cut,145300,136679,no
rKaHyPar,sat14_k2fix_gr_rcs_w9.shuffled.cnf.primal.hgr,no,no,6,64,0.03,0.0282486,16.0855,cut,145203,136619,no
rKaHyPar,sat14_k2fix_gr_rcs_w9.shuffled.cnf.primal.hgr,no,no,7,64,0.03,0.0282486,22.4142,cut,143894,135446,no
rKaHyPar,sat14_k2fix_gr_rcs_w9.shuffled.cnf.primal.hgr,no,no,8,64,0.03,0.0282486,16.5038,cut,144126,135561,no
rKaHyPar,sat14_k2fix_gr_rcs_w9.shuffled.cnf.primal.hgr,no,no,9,64,0.03,0.0282486,22.7951,cut,143514,134987,no
rKaHyPar,sat14_k2fix_gr_rcs_w9.shuffled.cnf.primal.hgr,no,no,0,8,0.03,0.029682,6.73975,cut,20719,13759,no
rKaHyPar,sat14_k2fix_gr_rcs_w9.shuffled.cnf.primal.hgr,no,no,1,8,0.03,0.029682,8.52436,cut,20206,13364,no
rKaHyPar,sat14_k2fix_gr_rcs_w9.shuffled.cnf.primal.hgr,no,no,2,8,0.03,0.029682,6.69215,cut,19889,12969,no
rKaHyPar,sat14_k2fix_gr_rcs_w9.shuffled.cnf.primal.hgr,no,no,3,8,0.03,0.029682,6.41416,cut,20261,13149,no
rKaHyPar,sat14_k2fix_gr_rcs_w9.shuffled.cnf.primal.hgr,no,no,4,8,0.03,0.029682,8.46401,cut,20043,13143,no
rKaHyPar,sat14_k2fix_gr_rcs_w9.shuffled.cnf.primal.hgr,no,no,5,8,0.03,0.029682,9.1182,cut,20695,13781,no
rKaHyPar,sat14_k2fix_gr_rcs_w9.shuffled.cnf.primal.hgr,no,no,6,8,0.03,0.029682,10.9088,cut,20186,13207,no
rKaHyPar,sat14_k2fix_gr_rcs_w9.shuffled.cnf.primal.hgr,no,no,7,8,0.03,0.029682,8.68628,cut,20461,13506,no
rKaHyPar,sat14_k2fix_gr_rcs_w9.shuffled.cnf.primal.hgr,no,no,8,8,0.03,0.029682,6.60443,cut,20604,13695,no
rKaHyPar,sat14_k2fix_gr_rcs_w9.shuffled.cnf.primal.hgr,no,no,9,8,0.03,0.029682,9.44346,cut,20158,13235,no
rKaHyPar,sat14_manol-pipe-c10nid_i.cnf.dual.hgr,no,no,0,128,0.03,0.0288052,55.8172,cut,45390,5617,no
rKaHyPar,sat14_manol-pipe-c10nid_i.cnf.dual.hgr,no,no,1,128,0.03,0.0282938,55.2702,cut,45543,5829,no
rKaHyPar,sat14_manol-pipe-c10nid_i.cnf.dual.hgr,no,no,2,128,0.03,0.0282938,55.4335,cut,45520,5635,no
rKaHyPar,sat14_manol-pipe-c10nid_i.cnf.dual.hgr,no,no,3,128,0.03,0.0293165,79.3292,cut,45113,5629,no
rKaHyPar,sat14_manol-pipe-c10nid_i.cnf.dual.hgr,no,no,4,128,0.03,0.0291461,55.27,cut,43563,5775,no
rKaHyPar,sat14_manol-pipe-c10nid_i.cnf.dual.hgr,no,no,5,128,0.03,0.0298279,55.5295,cut,46402,5635,no
rKaHyPar,sat14_manol-pipe-c10nid_i.cnf.dual.hgr,no,no,6,128,0.03,0.0298279,55.0123,cut,44515,5704,no
rKaHyPar,sat14_manol-pipe-c10nid_i.cnf.dual.hgr,no,no,7,128,0.03,0.0298279,56.5472,cut,46599,5605,no
rKaHyPar,sat14_manol-pipe-c10nid_i.cnf.dual.hgr,no,no,8,128,0.03,0.0298279,79.5144,cut,45862,5708,no
rKaHyPar,sat14_manol-pipe-c10nid_i.cnf.dual.hgr,no,no,9,128,0.03,0.0293165,55.3228,cut,44192,5752,no
rKaHyPar,sat14_manol-pipe-c10nid_i.cnf.dual.hgr,no,no,0,16,0.03,0.0287236,45.4953,cut,9586,3878,no
rKaHyPar,sat14_manol-pipe-c10nid_i.cnf.dual.hgr,no,no,1,16,0.03,0.029576,66.0571,cut,9216,3925,no
rKaHyPar,sat14_manol-pipe-c10nid_i.cnf.dual.hgr,no,no,2,16,0.03,0.0295333,45.0551,cut,9732,3906,no
rKaHyPar,sat14_manol-pipe-c10nid_i.cnf.dual.hgr,no,no,3,16,0.03,0.029576,45.061,cut,8484,4014,no
rKaHyPar,sat14_manol-pipe-c10nid_i.cnf.dual.hgr,no,no,4,16,0.03,0.0239932,67.271,cut,10144,3932,no
rKaHyPar,sat14_manol-pipe-c10nid_i.cnf.dual.hgr,no,no,5,16,0.03,0.0293629,45.8539,cut,10856,3859,no
rKaHyPar,sat14_manol-pipe-c10nid_i.cnf.dual.hgr,no,no,6,16,0.03,0.0222885,66.7978,cut,9015,3963,no
rKaHyPar,sat14_manol-pipe-c10nid_i.cnf.dual.hgr,no,no,7,16,0.03,0.025293,48.2,cut,9655,4082,no
rKaHyPar,sat14_manol-pipe-c10nid_i.cnf.dual.hgr,no,no,8,16,0.03,0.02329,67.2986,cut,9016,3957,no
rKaHyPar,sat14_manol-pipe-c10nid_i.cnf.dual.hgr,no,no,9,16,0.03,0.0280418,65.3689,cut,9380,3919,no
rKaHyPar,sat14_manol-pipe-c10nid_i.cnf.dual.hgr,no,no,0,2,0.03,0.000482102,23.5654,cut,954,954,no
rKaHyPar,sat14_manol-pipe-c10nid_i.cnf.dual.hgr,no,no,1,2,0.03,0.0230717,33.5708,cut,1016,1016,no
rKaHyPar,sat14_manol-pipe-c10nid_i.cnf.dual.hgr,no,no,2,2,0.03,0.0230717,23.0921,cut,1016,1016,no
rKaHyPar,sat14_manol-pipe-c10nid_i.cnf.dual.hgr,no,no,3,2,0.03,0.000482102,34.1374,cut,954,954,no
rKaHyPar,sat14_manol-pipe-c10nid_i.cnf.dual.hgr,no,no,4,2,0.03,0.000482102,22.9792,cut,954,954,no
rKaHyPar,sat14_manol-pipe-c10nid_i.cnf.dual.hgr,no,no,5,2,0.03,0.0230717,34.5706,cut,1016,1016,no
rKaHyPar,sat14_manol-pipe-c10nid_i.cnf.dual.hgr,no,no,6,2,0.03,0.00100149,23.2959,cut,955,955,no
rKaHyPar,sat14_manol-pipe-c10nid_i.cnf.dual.hgr,no,no,7,2,0.03,0.0230717,23.7473,cut,1016,1016,no
rKaHyPar,sat14_manol-pipe-c10nid_i.cnf.dual.hgr,no,no,8,2,0.03,0.000482102,34.5662,cut,954,954,no
rKaHyPar,sat14_manol-pipe-c10nid_i.cnf.dual.hgr,no,no,9,2,0.03,0.00100149,23.4473,cut,955,955,no
rKaHyPar,sat14_manol-pipe-c10nid_i.cnf.dual.hgr,no,no,0,32,0.03,0.028681,70.7513,cut,16816,4515,no
rKaHyPar,sat14_manol-pipe-c10nid_i.cnf.dual.hgr,no,no,1,32,0.03,0.0292776,48.4531,cut,18145,4716,no
rKaHyPar,sat14_manol-pipe-c10nid_i.cnf.dual.hgr,no,no,2,32,0.03,0.0278287,70.6082,cut,17211,4574,no
rKaHyPar,sat14_manol-pipe-c10nid_i.cnf.dual.hgr,no,no,3,32,0.03,0.028681,71.2853,cut,15968,4643,no
rKaHyPar,sat14_manol-pipe-c10nid_i.cnf.dual.hgr,no,no,4,32,0.03,0.0254421,70.2878,cut,17956,4528,no
rKaHyPar,sat14_manol-pipe-c10nid_i.cnf.dual.hgr,no,no,5,32,0.03,0.0297464,70.7871,cut,18190,4465,no
rKaHyPar,sat14_manol-pipe-c10nid_i.cnf.dual.hgr,no,no,6,32,0.03,0.0283401,69.8643,cut,16737,4495,no
rKaHyPar,sat14_manol-pipe-c10nid_i.cnf.dual.hgr,no,no,7,32,0.03,0.0296612,71.5091,cut,17725,4501,no
rKaHyPar,sat14_manol-pipe-c10nid_i.cnf.dual.hgr,no,no,8,32,0.03,0.0272747,49.3421,cut,16598,4586,no
rKaHyPar,sat14_manol-pipe-c10nid_i.cnf.dual.hgr,no,no,9,32,0.03,0.029576,71.0378,cut,16518,4530,no
rKaHyPar,sat14_manol-pipe-c10nid_i.cnf.dual.hgr,no,no,0,4,0.03,0.0298636,36.4909,cut,2178,1568,no
rKaHyPar,sat14_manol-pipe-c10nid_i.cnf.dual.hgr,no,no,1,4,0.03,0.029869,37.2376,cut,2044,1690,no
rKaHyPar,sat14_manol-pipe-c10nid_i.cnf.dual.hgr,no,no,2,4,0.03,0.0297944,39.2292,cut,1810,1668,no
rKaHyPar,sat14_manol-pipe-c10nid_i.cnf.dual.hgr,no,no,3,4,0.03,0.0298317,35.7928,cut,2116,1551,no
rKaHyPar,sat14_manol-pipe-c10nid_i.cnf.dual.hgr,no,no,4,4,0.03,0.029853,52.0288,cut,2024,1501,no
rKaHyPar,sat14_manol-pipe-c10nid_i.cnf.dual.hgr,no,no,5,4,0.03,0.0289633,59.2799,cut,1825,1671,no
rKaHyPar,sat14_manol-pipe-c10nid_i.cnf.dual.hgr,no,no,6,4,0.03,0.0293149,52.1413,cut,2171,1559,no
rKaHyPar,sat14_manol-pipe-c10nid_i.cnf.dual.hgr,no,no,7,4,0.03,0.0249627,38.547,cut,1819,1667,no
rKaHyPar,sat14_manol-pipe-c10nid_i.cnf.dual.hgr,no,no,8,4,0.03,0.0297571,35.1785,cut,2099,1552,no
rKaHyPar,sat14_manol-pipe-c10nid_i.cnf.dual.hgr,no,no,9,4,0.03,0.029789,51.7284,cut,2101,1545,no
rKaHyPar,sat14_manol-pipe-c10nid_i.cnf.dual.hgr,no,no,0,64,0.03,0.029319,51.7689,cut,29784,5075,no
rKaHyPar,sat14_manol-pipe-c10nid_i.cnf.dual.hgr,no,no,1,64,0.03,0.029319,51.7747,cut,28906,5007,no
rKaHyPar,sat14_manol-pipe-c10nid_i.cnf.dual.hgr,no,no,2,64,0.03,0.0271883,76.0649,cut,30550,5051,no
rKaHyPar,sat14_manol-pipe-c10nid_i.cnf.dual.hgr,no,no,3,64,0.03,0.0299156,74.45,cut,30473,5079,no
rKaHyPar,sat14_manol-pipe-c10nid_i.cnf.dual.hgr,no,no,4,64,0.03,0.0288929,52.9363,cut,32324,5178,no
rKaHyPar,sat14_manol-pipe-c10nid_i.cnf.dual.hgr,no,no,5,64,0.03,0.0299156,51.7781,cut,30710,5005,no
rKaHyPar,sat14_manol-pipe-c10nid_i.cnf.dual.hgr,no,no,6,64,0.03,0.0288929,51.199,cut,29618,5039,no
rKaHyPar,sat14_manol-pipe-c10nid_i.cnf.dual.hgr,no,no,7,64,0.03,0.0294895,75.2236,cut,32092,5004,no
rKaHyPar,sat14_manol-pipe-c10nid_i.cnf.dual.hgr,no,no,8,64,0.03,0.0285519,52.355,cut,27945,5295,no
rKaHyPar,sat14_manol-pipe-c10nid_i.cnf.dual.hgr,no,no,9,64,0.03,0.0276997,74.6701,cut,29783,5090,no
rKaHyPar,sat14_manol-pipe-c10nid_i.cnf.dual.hgr,no,no,0,8,0.03,0.0298317,42.4272,cut,4517,2988,no
rKaHyPar,sat14_manol-pipe-c10nid_i.cnf.dual.hgr,no,no,1,8,0.03,0.0293416,61.6841,cut,4865,2937,no
rKaHyPar,sat14_manol-pipe-c10nid_i.cnf.dual.hgr,no,no,2,8,0.03,0.0290326,50.2905,cut,4561,2897,no
rKaHyPar,sat14_manol-pipe-c10nid_i.cnf.dual.hgr,no,no,3,8,0.03,0.0296932,42.3379,cut,4185,2914,no
rKaHyPar,sat14_manol-pipe-c10nid_i.cnf.dual.hgr,no,no,4,8,0.03,0.0299808,50.4649,cut,4695,2989,no
rKaHyPar,sat14_manol-pipe-c10nid_i.cnf.dual.hgr,no,no,5,8,0.03,0.0292563,71.7853,cut,4785,2920,no
rKaHyPar,sat14_manol-pipe-c10nid_i.cnf.dual.hgr,no,no,6,8,0.03,0.0297038,61.2946,cut,4261,2927,no
rKaHyPar,sat14_manol-pipe-c10nid_i.cnf.dual.hgr,no,no,7,8,0.03,0.0292244,70.3163,cut,4974,2966,no
rKaHyPar,sat14_manol-pipe-c10nid_i.cnf.dual.hgr,no,no,8,8,0.03,0.0297997,43.0523,cut,4721,2926,no
rKaHyPar,sat14_manol-pipe-c10nid_i.cnf.dual.hgr,no,no,9,8,0.03,0.0291924,40.2459,cut,4825,2775,no
rKaHyPar,sat14_manol-pipe-c10nid_i.cnf.hgr,no,no,0,128,0.03,0.0299037,168.964,cut,159033,136831,no
rKaHyPar,sat14_manol-pipe-c10nid_i.cnf.hgr,no,no,1,128,0.03,0.0299037,175.641,cut,160364,137960,no
rKaHyPar,sat14_manol-pipe-c10nid_i.cnf.hgr,no,no,2,128,0.03,0.0299037,174.574,cut,160310,135564,no
rKaHyPar,sat14_manol-pipe-c10nid_i.cnf.hgr,no,no,3,128,0.03,0.0299037,235.493,cut,160599,137059,no
rKaHyPar,sat14_manol-pipe-c10nid_i.cnf.hgr,no,no,4,128,0.03,0.0299037,169.979,cut,160650,136668,no
rKaHyPar,sat14_manol-pipe-c10nid_i.cnf.hgr,no,no,5,128,0.03,0.0299037,172.165,cut,160650,137842,no
rKaHyPar,sat14_manol-pipe-c10nid_i.cnf.hgr,no,no,6,128,0.03,0.0299037,178.057,cut,159526,136095,no
rKaHyPar,sat14_manol-pipe-c10nid_i.cnf.hgr,no,no,7,128,0.03,0.0299037,168.737,cut,158878,137609,no
rKaHyPar,sat14_manol-pipe-c10nid_i.cnf.hgr,no,no,8,128,0.03,0.0299037,233.99,cut,157497,135151,no
rKaHyPar,sat14_manol-pipe-c10nid_i.cnf.hgr,no,no,9,128,0.03,0.0299037,182.592,cut,160244,137983,no
rKaHyPar,sat14_manol-pipe-c10nid_i.cnf.hgr,no,no,0,16,0.03,0.0299699,200.066,cut,45286,43019,no
rKaHyPar,sat14_manol-pipe-c10nid_i.cnf.hgr,no,no,1,16,0.03,0.0299699,258.971,cut,45820,43680,no
rKaHyPar,sat14_manol-pipe-c10nid_i.cnf.hgr,no,no,2,16,0.03,0.0299382,248.69,cut,44647,41909,no
rKaHyPar,sat14_manol-pipe-c10nid_i.cnf.hgr,no,no,3,16,0.03,0.0299699,190.369,cut,42960,40725,no
rKaHyPar,sat14_manol-pipe-c10nid_i.cnf.hgr,no,no,4,16,0.03,0.0299699,289.566,cut,45792,43694,no
rKaHyPar,sat14_manol-pipe-c10nid_i.cnf.hgr,no,no,5,16,0.03,0.0299699,188.896,cut,43578,41292,no
rKaHyPar,sat14_manol-pipe-c10nid_i.cnf.hgr,no,no,6,16,0.03,0.0299699,220.852,cut,44992,42662,no
rKaHyPar,sat14_manol-pipe-c10nid_i.cnf.hgr,no,no,7,16,0.03,0.0299699,143.691,cut,44761,42233,no
rKaHyPar,sat14_manol-pipe-c10nid_i.cnf.hgr,no,no,8,16,0.03,0.0299382,218.48,cut,44623,42469,no
rKaHyPar,sat14_manol-pipe-c10nid_i.cnf.hgr,no,no,9,16,0.03,0.0299699,254.207,cut,44015,41276,no
rKaHyPar,sat14_manol-pipe-c10nid_i.cnf.hgr,no,no,0,2,0.03,0.00304139,39.5634,cut,6347,6347,no
rKaHyPar,sat14_manol-pipe-c10nid_i.cnf.hgr,no,no,1,2,0.03,0.0198364,36.9304,cut,6061,6061,no
rKaHyPar,sat14_manol-pipe-c10nid_i.cnf.hgr,no,no,2,2,0.03,0.0198364,38.4473,cut,6061,6061,no
rKaHyPar,sat14_manol-pipe-c10nid_i.cnf.hgr,no,no,3,2,0.03,0.0123557,53.5706,cut,6410,6410,no
rKaHyPar,sat14_manol-pipe-c10nid_i.cnf.hgr,no,no,4,2,0.03,0.00304139,38.6644,cut,6347,6347,no
rKaHyPar,sat14_manol-pipe-c10nid_i.cnf.hgr,no,no,5,2,0.03,0.0123557,54.4335,cut,6410,6410,no
rKaHyPar,sat14_manol-pipe-c10nid_i.cnf.hgr,no,no,6,2,0.03,0.0222441,37.5173,cut,7479,7479,no
rKaHyPar,sat14_manol-pipe-c10nid_i.cnf.hgr,no,no,7,2,0.03,0.0241529,41.3036,cut,8751,8751,no
rKaHyPar,sat14_manol-pipe-c10nid_i.cnf.hgr,no,no,8,2,0.03,0.00304139,55.9177,cut,6347,6347,no
rKaHyPar,sat14_manol-pipe-c10nid_i.cnf.hgr,no,no,9,2,0.03,0.0255588,86.8233,cut,6541,6541,no
rKaHyPar,sat14_manol-pipe-c10nid_i.cnf.hgr,no,no,0,32,0.03,0.029969,221.508,cut,73351,66643,no
rKaHyPar,sat14_manol-pipe-c10nid_i.cnf.hgr,no,no,1,32,0.03,0.029969,149.395,cut,74596,66813,no
rKaHyPar,sat14_manol-pipe-c10nid_i.cnf.hgr,no,no,2,32,0.03,0.029969,236.733,cut,72420,66254,no
rKaHyPar,sat14_manol-pipe-c10nid_i.cnf.hgr,no,no,3,32,0.03,0.029969,270.32,cut,77161,69334,no
rKaHyPar,sat14_manol-pipe-c10nid_i.cnf.hgr,no,no,4,32,0.03,0.029969,260.986,cut,72435,66835,no
rKaHyPar,sat14_manol-pipe-c10nid_i.cnf.hgr,no,no,5,32,0.03,0.029969,269.968,cut,68454,61857,no
rKaHyPar,sat14_manol-pipe-c10nid_i.cnf.hgr,no,no,6,32,0.03,0.029969,235.666,cut,73918,68150,no
rKaHyPar,sat14_manol-pipe-c10nid_i.cnf.hgr,no,no,7,32,0.03,0.029969,241.834,cut,75242,68394,no
rKaHyPar,sat14_manol-pipe-c10nid_i.cnf.hgr,no,no,8,32,0.03,0.029969,152.304,cut,69343,61959,no
rKaHyPar,sat14_manol-pipe-c10nid_i.cnf.hgr,no,no,9,32,0.03,0.029969,251.229,cut,73897,67402,no
rKaHyPar,sat14_manol-pipe-c10nid_i.cnf.hgr,no,no,0,4,0.03,0.0296219,77.8385,cut,13888,13586,no
rKaHyPar,sat14_manol-pipe-c10nid_i.cnf.hgr,no,no,1,4,0.03,0.0285606,403.402,cut,14386,14271,no
rKaHyPar,sat14_manol-pipe-c10nid_i.cnf.hgr,no,no,2,4,0.03,0.0299941,146.218,cut,12712,12678,no
rKaHyPar,sat14_manol-pipe-c10nid_i.cnf.hgr,no,no,3,4,0.03,0.0299941,118.252,cut,15376,15295,no
rKaHyPar,sat14_manol-pipe-c10nid_i.cnf.hgr,no,no,4,4,0.03,0.0299941,118.37,cut,15006,14935,no
rKaHyPar,sat14_manol-pipe-c10nid_i.cnf.hgr,no,no,5,4,0.03,0.0298833,130.677,cut,15339,15045,no
rKaHyPar,sat14_manol-pipe-c10nid_i.cnf.hgr,no,no,6,4,0.03,0.0299941,134.161,cut,14690,14595,no
rKaHyPar,sat14_manol-pipe-c10nid_i.cnf.hgr,no,no,7,4,0.03,0.0299941,72.1889,cut,13664,13586,no
rKaHyPar,sat14_manol-pipe-c10nid_i.cnf.hgr,no,no,8,4,0.03,0.0107954,131.716,cut,12687,12608,no
rKaHyPar,sat14_manol-pipe-c10nid_i.cnf.hgr,no,no,9,4,0.03,0.0299941,286.339,cut,15639,15005,no
rKaHyPar,sat14_manol-pipe-c10nid_i.cnf.hgr,no,no,0,64,0.03,0.0299037,176.972,cut,109416,97334,no
rKaHyPar,sat14_manol-pipe-c10nid_i.cnf.hgr,no,no,1,64,0.03,0.0299037,177.528,cut,106928,95057,no
rKaHyPar,sat14_manol-pipe-c10nid_i.cnf.hgr,no,no,2,64,0.03,0.0299037,233.902,cut,109306,96035,no
rKaHyPar,sat14_manol-pipe-c10nid_i.cnf.hgr,no,no,3,64,0.03,0.0299037,230.242,cut,108826,92675,no
rKaHyPar,sat14_manol-pipe-c10nid_i.cnf.hgr,no,no,4,64,0.03,0.0299037,171.189,cut,108948,96646,no
rKaHyPar,sat14_manol-pipe-c10nid_i.cnf.hgr,no,no,5,64,0.03,0.0299037,162.84,cut,107663,91769,no
rKaHyPar,sat14_manol-pipe-c10nid_i.cnf.hgr,no,no,6,64,0.03,0.0299037,245.681,cut,109329,94213,no
rKaHyPar,sat14_manol-pipe-c10nid_i.cnf.hgr,no,no,7,64,0.03,0.0299037,242.469,cut,106777,95356,no
rKaHyPar,sat14_manol-pipe-c10nid_i.cnf.hgr,no,no,8,64,0.03,0.0299037,169.782,cut,108667,97066,no
rKaHyPar,sat14_manol-pipe-c10nid_i.cnf.hgr,no,no,9,64,0.03,0.0299037,237.547,cut,106111,95361,no
rKaHyPar,sat14_manol-pipe-c10nid_i.cnf.hgr,no,no,0,8,0.03,0.0299862,155.872,cut,24194,23196,no
rKaHyPar,sat14_manol-pipe-c10nid_i.cnf.hgr,no,no,1,8,0.03,0.0299862,163.782,cut,23407,22515,no
rKaHyPar,sat14_manol-pipe-c10nid_i.cnf.hgr,no,no,2,8,0.03,0.0299545,115.898,cut,24215,23192,no
rKaHyPar,sat14_manol-pipe-c10nid_i.cnf.hgr,no,no,3,8,0.03,0.0299862,120.777,cut,22644,21639,no
rKaHyPar,sat14_manol-pipe-c10nid_i.cnf.hgr,no,no,4,8,0.03,0.0299704,102.655,cut,23866,23194,no
rKaHyPar,sat14_manol-pipe-c10nid_i.cnf.hgr,no,no,5,8,0.03,0.0299862,166.422,cut,25219,24432,no
rKaHyPar,sat14_manol-pipe-c10nid_i.cnf.hgr,no,no,6,8,0.03,0.0292417,137.194,cut,23416,22923,no
rKaHyPar,sat14_manol-pipe-c10nid_i.cnf.hgr,no,no,7,8,0.03,0.0299862,142.305,cut,23800,22735,no
rKaHyPar,sat14_manol-pipe-c10nid_i.cnf.hgr,no,no,8,8,0.03,0.0299704,121.149,cut,22645,21594,no
rKaHyPar,sat14_manol-pipe-c10nid_i.cnf.hgr,no,no,9,8,0.03,0.0299862,171.084,cut,25574,24169,no
rKaHyPar,sat14_manol-pipe-c10nid_i.cnf.primal.hgr,no,no,0,128,0.03,0.0299037,72.1149,cut,155802,143971,no
rKaHyPar,sat14_manol-pipe-c10nid_i.cnf.primal.hgr,no,no,1,128,0.03,0.0299037,73.123,cut,151731,140882,no
rKaHyPar,sat14_manol-pipe-c10nid_i.cnf.primal.hgr,no,no,2,128,0.03,0.0299037,73.0433,cut,154479,143400,no
rKaHyPar,sat14_manol-pipe-c10nid_i.cnf.primal.hgr,no,no,3,128,0.03,0.0299037,104.519,cut,154305,142914,no
rKaHyPar,sat14_manol-pipe-c10nid_i.cnf.primal.hgr,no,no,4,128,0.03,0.0299037,71.7132,cut,152483,141602,no
rKaHyPar,sat14_manol-pipe-c10nid_i.cnf.primal.hgr,no,no,5,128,0.03,0.0299037,74.0336,cut,155401,144436,no
rKaHyPar,sat14_manol-pipe-c10nid_i.cnf.primal.hgr,no,no,6,128,0.03,0.0299037,68.234,cut,154167,142828,no
rKaHyPar,sat14_manol-pipe-c10nid_i.cnf.primal.hgr,no,no,7,128,0.03,0.0299037,75.6561,cut,153244,142525,no
rKaHyPar,sat14_manol-pipe-c10nid_i.cnf.primal.hgr,no,no,8,128,0.03,0.0299037,100.06,cut,153674,143337,no
rKaHyPar,sat14_manol-pipe-c10nid_i.cnf.primal.hgr,no,no,9,128,0.03,0.0299037,71.0912,cut,152385,141802,no
rKaHyPar,sat14_manol-pipe-c10nid_i.cnf.primal.hgr,no,no,0,16,0.03,0.029969,52.6407,cut,41842,40382,no
rKaHyPar,sat14_manol-pipe-c10nid_i.cnf.primal.hgr,no,no,1,16,0.03,0.029969,88.9444,cut,41967,40788,no
rKaHyPar,sat14_manol-pipe-c10nid_i.cnf.primal.hgr,no,no,2,16,0.03,0.029969,83.4115,cut,42750,41359,no
rKaHyPar,sat14_manol-pipe-c10nid_i.cnf.primal.hgr,no,no,3,16,0.03,0.029969,59.58,cut,41966,40420,no
rKaHyPar,sat14_manol-pipe-c10nid_i.cnf.primal.hgr,no,no,4,16,0.03,0.029969,79.9158,cut,42081,40694,no
rKaHyPar,sat14_manol-pipe-c10nid_i.cnf.primal.hgr,no,no,5,16,0.03,0.029969,68.6482,cut,41066,39618,no
rKaHyPar,sat14_manol-pipe-c10nid_i.cnf.primal.hgr,no,no,6,16,0.03,0.029969,66.8865,cut,42144,40618,no
rKaHyPar,sat14_manol-pipe-c10nid_i.cnf.primal.hgr,no,no,7,16,0.03,0.029969,50.8832,cut,42100,40703,no
rKaHyPar,sat14_manol-pipe-c10nid_i.cnf.primal.hgr,no,no,8,16,0.03,0.029969,94.4509,cut,43114,41457,no
rKaHyPar,sat14_manol-pipe-c10nid_i.cnf.primal.hgr,no,no,9,16,0.03,0.029969,62.9747,cut,41881,40455,no
rKaHyPar,sat14_manol-pipe-c10nid_i.cnf.primal.hgr,no,no,0,2,0.03,0.0299941,53.792,cut,6949,6949,no
rKaHyPar,sat14_manol-pipe-c10nid_i.cnf.primal.hgr,no,no,1,2,0.03,0.0141773,13.8883,cut,6420,6420,no
rKaHyPar,sat14_manol-pipe-c10nid_i.cnf.primal.hgr,no,no,2,2,0.03,0.00720746,14.9658,cut,6359,6359,no
rKaHyPar,sat14_manol-pipe-c10nid_i.cnf.primal.hgr,no,no,3,2,0.03,0.00720746,21.1277,cut,6359,6359,no
rKaHyPar,sat14_manol-pipe-c10nid_i.cnf.primal.hgr,no,no,4,2,0.03,0.0248856,24.9648,cut,6095,6095,no
rKaHyPar,sat14_manol-pipe-c10nid_i.cnf.primal.hgr,no,no,5,2,0.03,0.0248856,47.56,cut,6095,6095,no
rKaHyPar,sat14_manol-pipe-c10nid_i.cnf.primal.hgr,no,no,6,2,0.03,0.0248856,30.335,cut,6095,6095,no
rKaHyPar,sat14_manol-pipe-c10nid_i.cnf.primal.hgr,no,no,7,2,0.03,0.0248856,27.7176,cut,6095,6095,no
rKaHyPar,sat14_manol-pipe-c10nid_i.cnf.primal.hgr,no,no,8,2,0.03,0.0248856,50.0829,cut,6095,6095,no
rKaHyPar,sat14_manol-pipe-c10nid_i.cnf.primal.hgr,no,no,9,2,0.03,0.0248856,24.0489,cut,6095,6095,no
rKaHyPar,sat14_manol-pipe-c10nid_i.cnf.primal.hgr,no,no,0,32,0.03,0.0299037,81.2715,cut,65809,62920,no
rKaHyPar,sat14_manol-pipe-c10nid_i.cnf.primal.hgr,no,no,1,32,0.03,0.0299037,63.9627,cut,68304,65565,no
rKaHyPar,sat14_manol-pipe-c10nid_i.cnf.primal.hgr,no,no,2,32,0.03,0.0299037,104.387,cut,67361,64308,no
rKaHyPar,sat14_manol-pipe-c10nid_i.cnf.primal.hgr,no,no,3,32,0.03,0.0299037,92.7776,cut,67067,64566,no
rKaHyPar,sat14_manol-pipe-c10nid_i.cnf.primal.hgr,no,no,4,32,0.03,0.0299037,88.2372,cut,65467,63625,no
rKaHyPar,sat14_manol-pipe-c10nid_i.cnf.primal.hgr,no,no,5,32,0.03,0.0299037,84.5613,cut,66403,63573,no
rKaHyPar,sat14_manol-pipe-c10nid_i.cnf.primal.hgr,no,no,6,32,0.03,0.0299037,87.6968,cut,66486,63772,no
rKaHyPar,sat14_manol-pipe-c10nid_i.cnf.primal.hgr,no,no,7,32,0.03,0.0299037,82.9576,cut,65572,62595,no
rKaHyPar,sat14_manol-pipe-c10nid_i.cnf.primal.hgr,no,no,8,32,0.03,0.0299037,61.0837,cut,69721,66105,no
rKaHyPar,sat14_manol-pipe-c10nid_i.cnf.primal.hgr,no,no,9,32,0.03,0.0299037,79.1627,cut,65840,63484,no
rKaHyPar,sat14_manol-pipe-c10nid_i.cnf.primal.hgr,no,no,0,4,0.03,0.0137338,57.2962,cut,12690,12682,no
rKaHyPar,sat14_manol-pipe-c10nid_i.cnf.primal.hgr,no,no,1,4,0.03,0.0299545,46.9574,cut,14747,14585,no
rKaHyPar,sat14_manol-pipe-c10nid_i.cnf.primal.hgr,no,no,2,4,0.03,0.0231431,25.6777,cut,14214,14183,no
rKaHyPar,sat14_manol-pipe-c10nid_i.cnf.primal.hgr,no,no,3,4,0.03,0.024838,32.6633,cut,13143,13058,no
rKaHyPar,sat14_manol-pipe-c10nid_i.cnf.primal.hgr,no,no,4,4,0.03,0.0299862,46.1139,cut,13535,13241,no
rKaHyPar,sat14_manol-pipe-c10nid_i.cnf.primal.hgr,no,no,5,4,0.03,0.0137971,119.488,cut,12709,12701,no
rKaHyPar,sat14_manol-pipe-c10nid_i.cnf.primal.hgr,no,no,6,4,0.03,0.0137338,126.513,cut,12708,12700,no
rKaHyPar,sat14_manol-pipe-c10nid_i.cnf.primal.hgr,no,no,7,4,0.03,0.0149377,51.7952,cut,12686,12671,no
rKaHyPar,sat14_manol-pipe-c10nid_i.cnf.primal.hgr,no,no,8,4,0.03,0.0133219,79.1006,cut,12696,12692,no
rKaHyPar,sat14_manol-pipe-c10nid_i.cnf.primal.hgr,no,no,9,4,0.03,0.0233015,35.2135,cut,13824,13783,no
rKaHyPar,sat14_manol-pipe-c10nid_i.cnf.primal.hgr,no,no,0,64,0.03,0.0299037,70.7171,cut,104521,97835,no
rKaHyPar,sat14_manol-pipe-c10nid_i.cnf.primal.hgr,no,no,1,64,0.03,0.0299037,67.565,cut,102517,95899,no
rKaHyPar,sat14_manol-pipe-c10nid_i.cnf.primal.hgr,no,no,2,64,0.03,0.0299037,94.995,cut,103950,97185,no
rKaHyPar,sat14_manol-pipe-c10nid_i.cnf.primal.hgr,no,no,3,64,0.03,0.0299037,94.6445,cut,103877,96295,no
rKaHyPar,sat14_manol-pipe-c10nid_i.cnf.primal.hgr,no,no,4,64,0.03,0.0299037,71.9843,cut,105507,98239,no
rKaHyPar,sat14_manol-pipe-c10nid_i.cnf.primal.hgr,no,no,5,64,0.03,0.0299037,69.5413,cut,103604,96776,no
rKaHyPar,sat14_manol-pipe-c10nid_i.cnf.primal.hgr,no,no,6,64,0.03,0.0299037,98.9908,cut,104174,98111,no
rKaHyPar,sat14_manol-pipe-c10nid_i.cnf.primal.hgr,no,no,7,64,0.03,0.0299037,95.5283,cut,103925,96585,no
rKaHyPar,sat14_manol-pipe-c10nid_i.cnf.primal.hgr,no,no,8,64,0.03,0.0299037,69.1318,cut,107171,99875,no
rKaHyPar,sat14_manol-pipe-c10nid_i.cnf.primal.hgr,no,no,9,64,0.03,0.0299037,103.499,cut,105847,99049,no
rKaHyPar,sat14_manol-pipe-c10nid_i.cnf.primal.hgr,no,no,0,8,0.03,0.0299699,54.2257,cut,21904,21309,no
rKaHyPar,sat14_manol-pipe-c10nid_i.cnf.primal.hgr,no,no,1,8,0.03,0.0299699,50.5492,cut,23960,22982,no
rKaHyPar,sat14_manol-pipe-c10nid_i.cnf.primal.hgr,no,no,2,8,0.03,0.0299699,46.3816,cut,23195,22664,no
rKaHyPar,sat14_manol-pipe-c10nid_i.cnf.primal.hgr,no,no,3,8,0.03,0.0299699,51.5625,cut,23091,22572,no
rKaHyPar,sat14_manol-pipe-c10nid_i.cnf.primal.hgr,no,no,4,8,0.03,0.0299699,30.9083,cut,22017,21692,no
rKaHyPar,sat14_manol-pipe-c10nid_i.cnf.primal.hgr,no,no,5,8,0.03,0.0299699,83.3772,cut,25927,25513,no
rKaHyPar,sat14_manol-pipe-c10nid_i.cnf.primal.hgr,no,no,6,8,0.03,0.0299699,58.4645,cut,23094,22551,no
rKaHyPar,sat14_manol-pipe-c10nid_i.cnf.primal.hgr,no,no,7,8,0.03,0.0299699,55.9637,cut,23165,22682,no
rKaHyPar,sat14_manol-pipe-c10nid_i.cnf.primal.hgr,no,no,8,8,0.03,0.0299699,41.9936,cut,24117,23582,no
rKaHyPar,sat14_manol-pipe-c10nid_i.cnf.primal.hgr,no,no,9,8,0.03,0.0299699,66.1316,cut,24674,23979,no
rKaHyPar,sat14_manol-pipe-c10nidw.cnf.dual.hgr,no,no,0,128,0.03,0.0297265,106.756,cut,70504,7512,no
rKaHyPar,sat14_manol-pipe-c10nidw.cnf.dual.hgr,no,no,1,128,0.03,0.0294293,105.411,cut,67710,7513,no
rKaHyPar,sat14_manol-pipe-c10nidw.cnf.dual.hgr,no,no,2,128,0.03,0.0292311,105.323,cut,66883,7573,no
rKaHyPar,sat14_manol-pipe-c10nidw.cnf.dual.hgr,no,no,3,128,0.03,0.0299247,155.02,cut,63962,7706,no
rKaHyPar,sat14_manol-pipe-c10nidw.cnf.dual.hgr,no,no,4,128,0.03,0.0288347,106.14,cut,69171,7596,no
rKaHyPar,sat14_manol-pipe-c10nidw.cnf.dual.hgr,no,no,5,128,0.03,0.0286365,107.042,cut,67964,7680,no
rKaHyPar,sat14_manol-pipe-c10nidw.cnf.dual.hgr,no,no,6,128,0.03,0.0297265,106.071,cut,74703,7329,no
rKaHyPar,sat14_manol-pipe-c10nidw.cnf.dual.hgr,no,no,7,128,0.03,0.0299247,151.236,cut,68407,7561,no
rKaHyPar,sat14_manol-pipe-c10nidw.cnf.dual.hgr,no,no,8,128,0.03,0.0297265,152.514,cut,69507,7610,no
rKaHyPar,sat14_manol-pipe-c10nidw.cnf.dual.hgr,no,no,9,128,0.03,0.0298256,105.274,cut,66770,7547,no
rKaHyPar,sat14_manol-pipe-c10nidw.cnf.dual.hgr,no,no,0,16,0.03,0.0294427,90.8473,cut,13920,5417,no
rKaHyPar,sat14_manol-pipe-c10nidw.cnf.dual.hgr,no,no,1,16,0.03,0.0298391,131.96,cut,14557,5468,no
rKaHyPar,sat14_manol-pipe-c10nidw.cnf.dual.hgr,no,no,2,16,0.03,0.0295418,129.493,cut,15222,5375,no
rKaHyPar,sat14_manol-pipe-c10nidw.cnf.dual.hgr,no,no,3,16,0.03,0.0295294,94.9085,cut,13332,5346,no
rKaHyPar,sat14_manol-pipe-c10nidw.cnf.dual.hgr,no,no,4,16,0.03,0.0298391,136.013,cut,13728,5701,no
rKaHyPar,sat14_manol-pipe-c10nidw.cnf.dual.hgr,no,no,5,16,0.03,0.0295294,132.9,cut,15246,5375,no
rKaHyPar,sat14_manol-pipe-c10nidw.cnf.dual.hgr,no,no,6,16,0.03,0.0297896,138.643,cut,13970,5605,no
rKaHyPar,sat14_manol-pipe-c10nidw.cnf.dual.hgr,no,no,7,16,0.03,0.0297276,93.2778,cut,13391,5341,no
rKaHyPar,sat14_manol-pipe-c10nidw.cnf.dual.hgr,no,no,8,16,0.03,0.0297896,137.782,cut,14610,5524,no
rKaHyPar,sat14_manol-pipe-c10nidw.cnf.dual.hgr,no,no,9,16,0.03,0.0295047,132.612,cut,13357,5292,no
rKaHyPar,sat14_manol-pipe-c10nidw.cnf.dual.hgr,no,no,0,2,0.03,0.0295127,47.1453,cut,1347,1347,no
rKaHyPar,sat14_manol-pipe-c10nidw.cnf.dual.hgr,no,no,1,2,0.03,0.024219,42.5768,cut,1287,1287,no
rKaHyPar,sat14_manol-pipe-c10nidw.cnf.dual.hgr,no,no,2,2,0.03,0.0299679,42.411,cut,1396,1396,no
rKaHyPar,sat14_manol-pipe-c10nidw.cnf.dual.hgr,no,no,3,2,0.03,0.0296768,68.4956,cut,1348,1348,no
rKaHyPar,sat14_manol-pipe-c10nidw.cnf.dual.hgr,no,no,4,2,0.03,0.0299075,41.9683,cut,1396,1396,no
rKaHyPar,sat14_manol-pipe-c10nidw.cnf.dual.hgr,no,no,5,2,0.03,0.00522252,62.8573,cut,1326,1326,no
rKaHyPar,sat14_manol-pipe-c10nidw.cnf.dual.hgr,no,no,6,2,0.03,0.0274751,43.6778,cut,1288,1288,no
rKaHyPar,sat14_manol-pipe-c10nidw.cnf.dual.hgr,no,no,7,2,0.03,0.0289615,43.3026,cut,1291,1291,no
rKaHyPar,sat14_manol-pipe-c10nidw.cnf.dual.hgr,no,no,8,2,0.03,0.0297697,69.6762,cut,1346,1346,no
rKaHyPar,sat14_manol-pipe-c10nidw.cnf.dual.hgr,no,no,9,2,0.03,0.0290544,43.3206,cut,1288,1288,no
rKaHyPar,sat14_manol-pipe-c10nidw.cnf.dual.hgr,no,no,0,32,0.03,0.0292318,141.283,cut,24580,6557,no
rKaHyPar,sat14_manol-pipe-c10nidw.cnf.dual.hgr,no,no,1,32,0.03,0.0284886,95.5083,cut,25257,6350,no
rKaHyPar,sat14_manol-pipe-c10nidw.cnf.dual.hgr,no,no,2,32,0.03,0.0296034,140.229,cut,23963,6617,no
rKaHyPar,sat14_manol-pipe-c10nidw.cnf.dual.hgr,no,no,3,32,0.03,0.0292813,100.106,cut,23280,6476,no
rKaHyPar,sat14_manol-pipe-c10nidw.cnf.dual.hgr,no,no,4,32,0.03,0.0296034,141.131,cut,24694,6638,no
rKaHyPar,sat14_manol-pipe-c10nidw.cnf.dual.hgr,no,no,5,32,0.03,0.0286373,137.417,cut,23375,6315,no
rKaHyPar,sat14_manol-pipe-c10nidw.cnf.dual.hgr,no,no,6,32,0.03,0.0268784,142.365,cut,24353,6680,no
rKaHyPar,sat14_manol-pipe-c10nidw.cnf.dual.hgr,no,no,7,32,0.03,0.0257388,135.747,cut,28396,6127,no
rKaHyPar,sat14_manol-pipe-c10nidw.cnf.dual.hgr,no,no,8,32,0.03,0.0296529,97.6555,cut,25464,6593,no
rKaHyPar,sat14_manol-pipe-c10nidw.cnf.dual.hgr,no,no,9,32,0.03,0.0296034,138.438,cut,25494,6323,no
rKaHyPar,sat14_manol-pipe-c10nidw.cnf.dual.hgr,no,no,0,4,0.03,0.025792,73.7481,cut,3372,2330,no
rKaHyPar,sat14_manol-pipe-c10nidw.cnf.dual.hgr,no,no,1,4,0.03,0.029858,97.7819,cut,2676,2203,no
rKaHyPar,sat14_manol-pipe-c10nidw.cnf.dual.hgr,no,no,2,4,0.03,0.0299478,80.9768,cut,2624,2241,no
rKaHyPar,sat14_manol-pipe-c10nidw.cnf.dual.hgr,no,no,3,4,0.03,0.0299199,74.3479,cut,3750,2405,no
rKaHyPar,sat14_manol-pipe-c10nidw.cnf.dual.hgr,no,no,4,4,0.03,0.029957,103.939,cut,2800,2389,no
rKaHyPar,sat14_manol-pipe-c10nidw.cnf.dual.hgr,no,no,5,4,0.03,0.0298611,99.085,cut,2963,2229,no
rKaHyPar,sat14_manol-pipe-c10nidw.cnf.dual.hgr,no,no,6,4,0.03,0.0294058,77.8538,cut,2689,2209,no
rKaHyPar,sat14_manol-pipe-c10nidw.cnf.dual.hgr,no,no,7,4,0.03,0.0299973,83.5585,cut,3935,2412,no
rKaHyPar,sat14_manol-pipe-c10nidw.cnf.dual.hgr,no,no,8,4,0.03,0.029954,83.1307,cut,3208,2374,no
rKaHyPar,sat14_manol-pipe-c10nidw.cnf.dual.hgr,no,no,9,4,0.03,0.0298672,75.5009,cut,2996,2281,no
rKaHyPar,sat14_manol-pipe-c10nidw.cnf.dual.hgr,no,no,0,64,0.03,0.0273484,101.009,cut,41929,7012,no
rKaHyPar,sat14_manol-pipe-c10nidw.cnf.dual.hgr,no,no,1,64,0.03,0.0299247,99.9891,cut,45101,6911,no
rKaHyPar,sat14_manol-pipe-c10nidw.cnf.dual.hgr,no,no,2,64,0.03,0.0236326,148.437,cut,40896,7131,no
rKaHyPar,sat14_manol-pipe-c10nidw.cnf.dual.hgr,no,no,3,64,0.03,0.0299742,148.599,cut,45750,6791,no
rKaHyPar,sat14_manol-pipe-c10nidw.cnf.dual.hgr,no,no,4,64,0.03,0.0297265,99.7978,cut,44416,6810,no
rKaHyPar,sat14_manol-pipe-c10nidw.cnf.dual.hgr,no,no,5,64,0.03,0.0295779,100.01,cut,43520,6978,no
rKaHyPar,sat14_manol-pipe-c10nidw.cnf.dual.hgr,no,no,6,64,0.03,0.0298751,143.658,cut,42774,6998,no
rKaHyPar,sat14_manol-pipe-c10nidw.cnf.dual.hgr,no,no,7,64,0.03,0.0292311,143.602,cut,45005,6945,no
rKaHyPar,sat14_manol-pipe-c10nidw.cnf.dual.hgr,no,no,8,64,0.03,0.0293302,103.463,cut,40332,7019,no
rKaHyPar,sat14_manol-pipe-c10nidw.cnf.dual.hgr,no,no,9,64,0.03,0.0299742,143.543,cut,43888,6893,no
rKaHyPar,sat14_manol-pipe-c10nidw.cnf.dual.hgr,no,no,0,8,0.03,0.0294739,180.532,cut,7719,4311,no
rKaHyPar,sat14_manol-pipe-c10nidw.cnf.dual.hgr,no,no,1,8,0.03,0.0297216,160.142,cut,7183,4218,no
rKaHyPar,sat14_manol-pipe-c10nidw.cnf.dual.hgr,no,no,2,8,0.03,0.0272629,96.3233,cut,6576,4237,no
rKaHyPar,sat14_manol-pipe-c10nidw.cnf.dual.hgr,no,no,3,8,0.03,0.0279132,109.473,cut,6963,4219,no
rKaHyPar,sat14_manol-pipe-c10nidw.cnf.dual.hgr,no,no,4,8,0.03,0.0195894,116.711,cut,7370,4166,no
rKaHyPar,sat14_manol-pipe-c10nidw.cnf.dual.hgr,no,no,5,8,0.03,0.0297712,167.983,cut,7389,4215,no
rKaHyPar,sat14_manol-pipe-c10nidw.cnf.dual.hgr,no,no,6,8,0.03,0.0295668,173.435,cut,7394,4161,no
rKaHyPar,sat14_manol-pipe-c10nidw.cnf.dual.hgr,no,no,7,8,0.03,0.0284706,162.487,cut,7513,4239,no
rKaHyPar,sat14_manol-pipe-c10nidw.cnf.dual.hgr,no,no,8,8,0.03,0.028421,82.4642,cut,6921,4177,no
rKaHyPar,sat14_manol-pipe-c10nidw.cnf.dual.hgr,no,no,9,8,0.03,0.029703,108.155,cut,7379,4232,no
rKaHyPar,sat14_manol-pipe-c10nidw.cnf.hgr,no,no,0,128,0.03,0.0299587,384.84,cut,262079,220250,no
rKaHyPar,sat14_manol-pipe-c10nidw.cnf.hgr,no,no,1,128,0.03,0.0299587,380.857,cut,256735,216234,no
rKaHyPar,sat14_manol-pipe-c10nidw.cnf.hgr,no,no,2,128,0.03,0.0299587,398.78,cut,257278,217115,no
rKaHyPar,sat14_manol-pipe-c10nidw.cnf.hgr,no,no,3,128,0.03,0.0299587,492.271,cut,259233,219084,no
rKaHyPar,sat14_manol-pipe-c10nidw.cnf.hgr,no,no,4,128,0.03,0.0299587,360.296,cut,254949,215701,no
rKaHyPar,sat14_manol-pipe-c10nidw.cnf.hgr,no,no,5,128,0.03,0.0299587,372.999,cut,258301,216708,no
rKaHyPar,sat14_manol-pipe-c10nidw.cnf.hgr,no,no,6,128,0.03,0.0299587,377.914,cut,258523,214821,no
rKaHyPar,sat14_manol-pipe-c10nidw.cnf.hgr,no,no,7,128,0.03,0.0299587,559.167,cut,259188,220369,no
rKaHyPar,sat14_manol-pipe-c10nidw.cnf.hgr,no,no,8,128,0.03,0.0299587,554.634,cut,262658,222853,no
rKaHyPar,sat14_manol-pipe-c10nidw.cnf.hgr,no,no,9,128,0.03,0.0299587,374.955,cut,260243,219160,no
rKaHyPar,sat14_manol-pipe-c10nidw.cnf.hgr,no,no,0,16,0.03,0.0299994,336.599,cut,65020,60369,no
rKaHyPar,sat14_manol-pipe-c10nidw.cnf.hgr,no,no,1,16,0.03,0.0299994,503.28,cut,69567,66316,no
rKaHyPar,sat14_manol-pipe-c10nidw.cnf.hgr,no,no,2,16,0.03,0.0299994,592.84,cut,61145,58110,no
rKaHyPar,sat14_manol-pipe-c10nidw.cnf.hgr,no,no,3,16,0.03,0.0299994,358.389,cut,64188,60560,no
rKaHyPar,sat14_manol-pipe-c10nidw.cnf.hgr,no,no,4,16,0.03,0.0299994,591.759,cut,67896,63726,no
rKaHyPar,sat14_manol-pipe-c10nidw.cnf.hgr,no,no,5,16,0.03,0.0299994,498.816,cut,64622,60661,no
rKaHyPar,sat14_manol-pipe-c10nidw.cnf.hgr,no,no,6,16,0.03,0.0299994,427.113,cut,62797,59562,no
rKaHyPar,sat14_manol-pipe-c10nidw.cnf.hgr,no,no,7,16,0.03,0.0299994,370.178,cut,67160,63807,no
rKaHyPar,sat14_manol-pipe-c10nidw.cnf.hgr,no,no,8,16,0.03,0.0299994,734.65,cut,65172,61909,no
rKaHyPar,sat14_manol-pipe-c10nidw.cnf.hgr,no,no,9,16,0.03,0.0299994,516.438,cut,62039,58589,no
rKaHyPar,sat14_manol-pipe-c10nidw.cnf.hgr,no,no,0,2,0.03,0.0299976,740.823,cut,12323,12323,no
rKaHyPar,sat14_manol-pipe-c10nidw.cnf.hgr,no,no,1,2,0.03,0.0283071,97.4349,cut,10265,10265,no
rKaHyPar,sat14_manol-pipe-c10nidw.cnf.hgr,no,no,2,2,0.03,0.0233141,143.225,cut,8608,8608,no
rKaHyPar,sat14_manol-pipe-c10nidw.cnf.hgr,no,no,3,2,0.03,0.0170502,107.454,cut,11016,11016,no
rKaHyPar,sat14_manol-pipe-c10nidw.cnf.hgr,no,no,4,2,0.03,0.0100438,105.914,cut,11405,11405,no
rKaHyPar,sat14_manol-pipe-c10nidw.cnf.hgr,no,no,5,2,0.03,0.0295756,176.117,cut,10795,10795,no
rKaHyPar,sat14_manol-pipe-c10nidw.cnf.hgr,no,no,6,2,0.03,0.0170502,78.9734,cut,11016,11016,no
rKaHyPar,sat14_manol-pipe-c10nidw.cnf.hgr,no,no,7,2,0.03,0.0299999,216.2,cut,9732,9732,no
rKaHyPar,sat14_manol-pipe-c10nidw.cnf.hgr,no,no,8,2,0.03,0.019481,318.616,cut,10234,10234,no
rKaHyPar,sat14_manol-pipe-c10nidw.cnf.hgr,no,no,9,2,0.03,0.0262522,103.953,cut,7701,7701,no
rKaHyPar,sat14_manol-pipe-c10nidw.cnf.hgr,no,no,0,32,0.03,0.0299989,760.731,cut,116093,104835,no
rKaHyPar,sat14_manol-pipe-c10nidw.cnf.hgr,no,no,1,32,0.03,0.0299989,392.119,cut,108923,99759,no
rKaHyPar,sat14_manol-pipe-c10nidw.cnf.hgr,no,no,2,32,0.03,0.0299989,700.493,cut,115975,104818,no
rKaHyPar,sat14_manol-pipe-c10nidw.cnf.hgr,no,no,3,32,0.03,0.0299989,544.377,cut,102930,95756,no
rKaHyPar,sat14_manol-pipe-c10nidw.cnf.hgr,no,no,4,32,0.03,0.0299989,602.867,cut,114581,102622,no
rKaHyPar,sat14_manol-pipe-c10nidw.cnf.hgr,no,no,5,32,0.03,0.0299989,638.407,cut,114112,104774,no
rKaHyPar,sat14_manol-pipe-c10nidw.cnf.hgr,no,no,6,32,0.03,0.0299989,678.019,cut,112077,101875,no
rKaHyPar,sat14_manol-pipe-c10nidw.cnf.hgr,no,no,7,32,0.03,0.0299989,626.205,cut,113238,102782,no
rKaHyPar,sat14_manol-pipe-c10nidw.cnf.hgr,no,no,8,32,0.03,0.0299989,462.604,cut,113829,105145,no
rKaHyPar,sat14_manol-pipe-c10nidw.cnf.hgr,no,no,9,32,0.03,0.0299989,513.377,cut,110015,99310,no
rKaHyPar,sat14_manol-pipe-c10nidw.cnf.hgr,no,no,0,4,0.03,0.0299906,248.487,cut,24503,23819,no
rKaHyPar,sat14_manol-pipe-c10nidw.cnf.hgr,no,no,1,4,0.03,0.0299768,309.853,cut,21151,21077,no
rKaHyPar,sat14_manol-pipe-c10nidw.cnf.hgr,no,no,2,4,0.03,0.024986,145.087,cut,21940,21431,no
rKaHyPar,sat14_manol-pipe-c10nidw.cnf.hgr,no,no,3,4,0.03,0.0299999,166.172,cut,18359,17861,no
rKaHyPar,sat14_manol-pipe-c10nidw.cnf.hgr,no,no,4,4,0.03,0.029248,211.105,cut,20751,20285,no
rKaHyPar,sat14_manol-pipe-c10nidw.cnf.hgr,no,no,5,4,0.03,0.0279058,655.56,cut,22275,21756,no
rKaHyPar,sat14_manol-pipe-c10nidw.cnf.hgr,no,no,6,4,0.03,0.0299999,341.895,cut,22116,21647,no
rKaHyPar,sat14_manol-pipe-c10nidw.cnf.hgr,no,no,7,4,0.03,0.0289021,418.99,cut,22256,21739,no
rKaHyPar,sat14_manol-pipe-c10nidw.cnf.hgr,no,no,8,4,0.03,0.02732,147.32,cut,21024,20603,no
rKaHyPar,sat14_manol-pipe-c10nidw.cnf.hgr,no,no,9,4,0.03,0.0298154,262.097,cut,24512,23839,no
rKaHyPar,sat14_manol-pipe-c10nidw.cnf.hgr,no,no,0,64,0.03,0.0299609,354.64,cut,175612,151162,no
rKaHyPar,sat14_manol-pipe-c10nidw.cnf.hgr,no,no,1,64,0.03,0.0299609,450.721,cut,175645,148986,no
rKaHyPar,sat14_manol-pipe-c10nidw.cnf.hgr,no,no,2,64,0.03,0.0299609,567.426,cut,175019,152350,no
rKaHyPar,sat14_manol-pipe-c10nidw.cnf.hgr,no,no,3,64,0.03,0.0299609,554.171,cut,170727,148861,no
rKaHyPar,sat14_manol-pipe-c10nidw.cnf.hgr,no,no,4,64,0.03,0.0299609,402.317,cut,172911,151389,no
rKaHyPar,sat14_manol-pipe-c10nidw.cnf.hgr,no,no,5,64,0.03,0.0299609,397.958,cut,173697,148018,no
rKaHyPar,sat14_manol-pipe-c10nidw.cnf.hgr,no,no,6,64,0.03,0.0299609,504.525,cut,169904,149162,no
rKaHyPar,sat14_manol-pipe-c10nidw.cnf.hgr,no,no,7,64,0.03,0.0299609,653.801,cut,175754,155397,no
rKaHyPar,sat14_manol-pipe-c10nidw.cnf.hgr,no,no,8,64,0.03,0.0299609,386.893,cut,174228,152089,no
rKaHyPar,sat14_manol-pipe-c10nidw.cnf.hgr,no,no,9,64,0.03,0.0299609,540.592,cut,172634,147758,no
rKaHyPar,sat14_manol-pipe-c10nidw.cnf.hgr,no,no,0,8,0.03,0.0287359,1036.86,cut,41168,39331,no
rKaHyPar,sat14_manol-pipe-c10nidw.cnf.hgr,no,no,1,8,0.03,0.0196585,487.998,cut,36311,35421,no
rKaHyPar,sat14_manol-pipe-c10nidw.cnf.hgr,no,no,2,8,0.03,0.0299628,433.202,cut,37404,36436,no
rKaHyPar,sat14_manol-pipe-c10nidw.cnf.hgr,no,no,3,8,0.03,0.0299628,392.17,cut,39425,38108,no
rKaHyPar,sat14_manol-pipe-c10nidw.cnf.hgr,no,no,4,8,0.03,0.0299997,236.864,cut,37322,36167,no
rKaHyPar,sat14_manol-pipe-c10nidw.cnf.hgr,no,no,5,8,0.03,0.0299997,434.823,cut,39613,38035,no
rKaHyPar,sat14_manol-pipe-c10nidw.cnf.hgr,no,no,6,8,0.03,0.0294739,678.229,cut,37047,35967,no
rKaHyPar,sat14_manol-pipe-c10nidw.cnf.hgr,no,no,7,8,0.03,0.0299997,533.334,cut,38157,37336,no
rKaHyPar,sat14_manol-pipe-c10nidw.cnf.hgr,no,no,8,8,0.03,0.0299997,407.588,cut,39106,38084,no
rKaHyPar,sat14_manol-pipe-c10nidw.cnf.hgr,no,no,9,8,0.03,0.0154703,271.889,cut,37599,35655,no
rKaHyPar,sat14_manol-pipe-c10nidw.cnf.primal.hgr,no,no,0,128,0.03,0.0298111,153.776,cut,250965,231476,no
rKaHyPar,sat14_manol-pipe-c10nidw.cnf.primal.hgr,no,no,1,128,0.03,0.0298111,158.525,cut,251646,232872,no
rKaHyPar,sat14_manol-pipe-c10nidw.cnf.primal.hgr,no,no,2,128,0.03,0.0298111,173.099,cut,250653,232560,no
rKaHyPar,sat14_manol-pipe-c10nidw.cnf.primal.hgr,no,no,3,128,0.03,0.0298111,154.624,cut,251812,233155,no
rKaHyPar,sat14_manol-pipe-c10nidw.cnf.primal.hgr,no,no,4,128,0.03,0.0298111,184.32,cut,253449,235743,no
rKaHyPar,sat14_manol-pipe-c10nidw.cnf.primal.hgr,no,no,5,128,0.03,0.0298111,162.066,cut,254471,235863,no
rKaHyPar,sat14_manol-pipe-c10nidw.cnf.primal.hgr,no,no,6,128,0.03,0.0298111,161.98,cut,253606,234973,no
rKaHyPar,sat14_manol-pipe-c10nidw.cnf.primal.hgr,no,no,7,128,0.03,0.0298111,276.315,cut,251151,232926,no
rKaHyPar,sat14_manol-pipe-c10nidw.cnf.primal.hgr,no,no,8,128,0.03,0.0298111,454.497,cut,253394,236416,no
rKaHyPar,sat14_manol-pipe-c10nidw.cnf.primal.hgr,no,no,9,128,0.03,0.0298111,171.2,cut,256725,236878,no
rKaHyPar,sat14_manol-pipe-c10nidw.cnf.primal.hgr,no,no,0,16,0.03,0.0299989,169.433,cut,61703,60061,no
rKaHyPar,sat14_manol-pipe-c10nidw.cnf.primal.hgr,no,no,1,16,0.03,0.0299989,262.696,cut,64828,61745,no
rKaHyPar,sat14_manol-pipe-c10nidw.cnf.primal.hgr,no,no,2,16,0.03,0.0299989,249.809,cut,62763,61479,no
rKaHyPar,sat14_manol-pipe-c10nidw.cnf.primal.hgr,no,no,3,16,0.03,0.0299989,145.55,cut,59345,57604,no
rKaHyPar,sat14_manol-pipe-c10nidw.cnf.primal.hgr,no,no,4,16,0.03,0.0299989,219.097,cut,64772,61337,no
rKaHyPar,sat14_manol-pipe-c10nidw.cnf.primal.hgr,no,no,5,16,0.03,0.0299989,278.083,cut,60540,59125,no
rKaHyPar,sat14_manol-pipe-c10nidw.cnf.primal.hgr,no,no,6,16,0.03,0.0299989,210.96,cut,64106,62606,no
rKaHyPar,sat14_manol-pipe-c10nidw.cnf.primal.hgr,no,no,7,16,0.03,0.0299989,167.754,cut,68843,66557,no
rKaHyPar,sat14_manol-pipe-c10nidw.cnf.primal.hgr,no,no,8,16,0.03,0.0299989,241.901,cut,60856,59165,no
rKaHyPar,sat14_manol-pipe-c10nidw.cnf.primal.hgr,no,no,9,16,0.03,0.029962,160.901,cut,62343,60393,no
rKaHyPar,sat14_manol-pipe-c10nidw.cnf.primal.hgr,no,no,0,2,0.03,0.0201844,28.1868,cut,11053,11053,no
rKaHyPar,sat14_manol-pipe-c10nidw.cnf.primal.hgr,no,no,1,2,0.03,0.0201844,28.0465,cut,11053,11053,no
rKaHyPar,sat14_manol-pipe-c10nidw.cnf.primal.hgr,no,no,2,2,0.03,0.0283394,31.8187,cut,7733,7733,no
rKaHyPar,sat14_manol-pipe-c10nidw.cnf.primal.hgr,no,no,3,2,0.03,0.0201844,27.3421,cut,11053,11053,no
rKaHyPar,sat14_manol-pipe-c10nidw.cnf.primal.hgr,no,no,4,2,0.03,0.0296355,131.098,cut,10291,10291,no
rKaHyPar,sat14_manol-pipe-c10nidw.cnf.primal.hgr,no,no,5,2,0.03,0.0201844,37.906,cut,11053,11053,no
rKaHyPar,sat14_manol-pipe-c10nidw.cnf.primal.hgr,no,no,6,2,0.03,0.0258255,44.803,cut,8644,8644,no
rKaHyPar,sat14_manol-pipe-c10nidw.cnf.primal.hgr,no,no,7,2,0.03,0.0283394,33.026,cut,7733,7733,no
rKaHyPar,sat14_manol-pipe-c10nidw.cnf.primal.hgr,no,no,8,2,0.03,0.0283394,47.7998,cut,7733,7733,no
rKaHyPar,sat14_manol-pipe-c10nidw.cnf.primal.hgr,no,no,9,2,0.03,0.0201844,27.6875,cut,11053,11053,no
rKaHyPar,sat14_manol-pipe-c10nidw.cnf.primal.hgr,no,no,0,32,0.03,0.0299609,277.565,cut,108678,104523,no
rKaHyPar,sat14_manol-pipe-c10nidw.cnf.primal.hgr,no,no,1,32,0.03,0.0299609,177.821,cut,107252,103242,no
rKaHyPar,sat14_manol-pipe-c10nidw.cnf.primal.hgr,no,no,2,32,0.03,0.0299609,170.871,cut,110520,105290,no
rKaHyPar,sat14_manol-pipe-c10nidw.cnf.primal.hgr,no,no,3,32,0.03,0.0299609,221.637,cut,109738,104010,no
rKaHyPar,sat14_manol-pipe-c10nidw.cnf.primal.hgr,no,no,4,32,0.03,0.0299609,244.167,cut,108151,103842,no
rKaHyPar,sat14_manol-pipe-c10nidw.cnf.primal.hgr,no,no,5,32,0.03,0.0299609,184.355,cut,109766,104213,no
rKaHyPar,sat14_manol-pipe-c10nidw.cnf.primal.hgr,no,no,6,32,0.03,0.0299609,266.698,cut,104055,99729,no
rKaHyPar,sat14_manol-pipe-c10nidw.cnf.primal.hgr,no,no,7,32,0.03,0.0299609,274.99,cut,110892,104417,no
rKaHyPar,sat14_manol-pipe-c10nidw.cnf.primal.hgr,no,no,8,32,0.03,0.0299609,266.839,cut,107594,103404,no
rKaHyPar,sat14_manol-pipe-c10nidw.cnf.primal.hgr,no,no,9,32,0.03,0.0299609,341.959,cut,106902,102781,no
rKaHyPar,sat14_manol-pipe-c10nidw.cnf.primal.hgr,no,no,0,4,0.03,0.018284,203.568,cut,23632,23489,no
rKaHyPar,sat14_manol-pipe-c10nidw.cnf.primal.hgr,no,no,1,4,0.03,0.0213743,330.181,cut,23745,23561,no
rKaHyPar,sat14_manol-pipe-c10nidw.cnf.primal.hgr,no,no,2,4,0.03,0.0299997,79.3676,cut,20614,20153,no
rKaHyPar,sat14_manol-pipe-c10nidw.cnf.primal.hgr,no,no,3,4,0.03,0.0167803,112.511,cut,21255,20992,no
rKaHyPar,sat14_manol-pipe-c10nidw.cnf.primal.hgr,no,no,4,4,0.03,0.0299813,336.113,cut,22820,22660,no
rKaHyPar,sat14_manol-pipe-c10nidw.cnf.primal.hgr,no,no,5,4,0.03,0.0299997,164.516,cut,22392,22204,no
rKaHyPar,sat14_manol-pipe-c10nidw.cnf.primal.hgr,no,no,6,4,0.03,0.016439,81.9561,cut,21536,21456,no
rKaHyPar,sat14_manol-pipe-c10nidw.cnf.primal.hgr,no,no,7,4,0.03,0.0299997,102.804,cut,21477,21210,no
rKaHyPar,sat14_manol-pipe-c10nidw.cnf.primal.hgr,no,no,8,4,0.03,0.0260053,217.977,cut,22992,22723,no
rKaHyPar,sat14_manol-pipe-c10nidw.cnf.primal.hgr,no,no,9,4,0.03,0.0157194,86.3865,cut,21510,21239,no
rKaHyPar,sat14_manol-pipe-c10nidw.cnf.primal.hgr,no,no,0,64,0.03,0.0299587,186.505,cut,174451,162399,no
rKaHyPar,sat14_manol-pipe-c10nidw.cnf.primal.hgr,no,no,1,64,0.03,0.0299587,245.241,cut,170869,158167,no
rKaHyPar,sat14_manol-pipe-c10nidw.cnf.primal.hgr,no,no,2,64,0.03,0.0299587,258.413,cut,167354,158057,no
rKaHyPar,sat14_manol-pipe-c10nidw.cnf.primal.hgr,no,no,3,64,0.03,0.0299587,231.264,cut,169382,156900,no
rKaHyPar,sat14_manol-pipe-c10nidw.cnf.primal.hgr,no,no,4,64,0.03,0.0299587,164.037,cut,169554,157522,no
rKaHyPar,sat14_manol-pipe-c10nidw.cnf.primal.hgr,no,no,5,64,0.03,0.0299587,161.402,cut,168375,157309,no
rKaHyPar,sat14_manol-pipe-c10nidw.cnf.primal.hgr,no,no,6,64,0.03,0.0299587,265.021,cut,170342,158125,no
rKaHyPar,sat14_manol-pipe-c10nidw.cnf.primal.hgr,no,no,7,64,0.03,0.0299587,280.703,cut,170368,159765,no
rKaHyPar,sat14_manol-pipe-c10nidw.cnf.primal.hgr,no,no,8,64,0.03,0.0299587,200.479,cut,171610,160902,no
rKaHyPar,sat14_manol-pipe-c10nidw.cnf.primal.hgr,no,no,9,64,0.03,0.0299587,249.119,cut,169175,157023,no
rKaHyPar,sat14_manol-pipe-c10nidw.cnf.primal.hgr,no,no,0,8,0.03,0.0299994,553.956,cut,39548,38982,no
rKaHyPar,sat14_manol-pipe-c10nidw.cnf.primal.hgr,no,no,1,8,0.03,0.0299994,399.333,cut,39754,39135,no
rKaHyPar,sat14_manol-pipe-c10nidw.cnf.primal.hgr,no,no,2,8,0.03,0.0299994,227.296,cut,37657,37237,no
rKaHyPar,sat14_manol-pipe-c10nidw.cnf.primal.hgr,no,no,3,8,0.03,0.0299994,328.568,cut,38043,37576,no
rKaHyPar,sat14_manol-pipe-c10nidw.cnf.primal.hgr,no,no,4,8,0.03,0.0227671,152.615,cut,35176,34787,no
rKaHyPar,sat14_manol-pipe-c10nidw.cnf.primal.hgr,no,no,5,8,0.03,0.0299994,299.925,cut,37072,36839,no
rKaHyPar,sat14_manol-pipe-c10nidw.cnf.primal.hgr,no,no,6,8,0.03,0.0299994,277.46,cut,39578,38969,no
rKaHyPar,sat14_manol-pipe-c10nidw.cnf.primal.hgr,no,no,7,8,0.03,0.0299994,254.034,cut,36787,36617,no
rKaHyPar,sat14_manol-pipe-c10nidw.cnf.primal.hgr,no,no,8,8,0.03,0.0299994,233.87,cut,37224,36874,no
rKaHyPar,sat14_manol-pipe-c10nidw.cnf.primal.hgr,no,no,9,8,0.03,0.0299994,178.819,cut,36582,36046,no
rKaHyPar,sat14_manol-pipe-c8nidw.cnf.dual.hgr,no,no,0,128,0.03,0.0297648,55.4979,cut,47336,5829,no
rKaHyPar,sat14_manol-pipe-c8nidw.cnf.dual.hgr,no,no,1,128,0.03,0.0292847,54.8271,cut,47050,6086,no
rKaHyPar,sat14_manol-pipe-c8nidw.cnf.dual.hgr,no,no,2,128,0.03,0.0297648,54.7571,cut,47888,5897,no
rKaHyPar,sat14_manol-pipe-c8nidw.cnf.dual.hgr,no,no,3,128,0.03,0.0297648,55.0281,cut,44951,6029,no
rKaHyPar,sat14_manol-pipe-c8nidw.cnf.dual.hgr,no,no,4,128,0.03,0.0297648,54.7528,cut,45205,5977,no
rKaHyPar,sat14_manol-pipe-c8nidw.cnf.dual.hgr,no,no,5,128,0.03,0.0297648,54.892,cut,44953,6063,no
rKaHyPar,sat14_manol-pipe-c8nidw.cnf.dual.hgr,no,no,6,128,0.03,0.0297648,54.9109,cut,46229,5998,no
rKaHyPar,sat14_manol-pipe-c8nidw.cnf.dual.hgr,no,no,7,128,0.03,0.0297648,78.2245,cut,47585,5862,no
rKaHyPar,sat14_manol-pipe-c8nidw.cnf.dual.hgr,no,no,8,128,0.03,0.0297648,77.6572,cut,44390,6081,no
rKaHyPar,sat14_manol-pipe-c8nidw.cnf.dual.hgr,no,no,9,128,0.03,0.0297648,55.0372,cut,45937,6016,no
rKaHyPar,sat14_manol-pipe-c8nidw.cnf.dual.hgr,no,no,0,16,0.03,0.0287846,44.4932,cut,9323,4014,no
rKaHyPar,sat14_manol-pipe-c8nidw.cnf.dual.hgr,no,no,1,16,0.03,0.0294247,65.6938,cut,10102,4265,no
rKaHyPar,sat14_manol-pipe-c8nidw.cnf.dual.hgr,no,no,2,16,0.03,0.0294047,64.5454,cut,8825,4100,no
rKaHyPar,sat14_manol-pipe-c8nidw.cnf.dual.hgr,no,no,3,16,0.03,0.0294447,43.7002,cut,10588,4018,no
rKaHyPar,sat14_manol-pipe-c8nidw.cnf.dual.hgr,no,no,4,16,0.03,0.0299048,65.4448,cut,9618,4157,no
rKaHyPar,sat14_manol-pipe-c8nidw.cnf.dual.hgr,no,no,5,16,0.03,0.0283245,65.0375,cut,10541,4234,no
rKaHyPar,sat14_manol-pipe-c8nidw.cnf.dual.hgr,no,no,6,16,0.03,0.0295847,45.2888,cut,10060,4136,no
rKaHyPar,sat14_manol-pipe-c8nidw.cnf.dual.hgr,no,no,7,16,0.03,0.0296247,47.9086,cut,8873,4136,no
rKaHyPar,sat14_manol-pipe-c8nidw.cnf.dual.hgr,no,no,8,16,0.03,0.0299448,68.1845,cut,9830,4193,no
rKaHyPar,sat14_manol-pipe-c8nidw.cnf.dual.hgr,no,no,9,16,0.03,0.0292647,45.9058,cut,9843,4122,no
rKaHyPar,sat14_manol-pipe-c8nidw.cnf.dual.hgr,no,no,0,2,0.03,0.00808133,19.4311,cut,1081,1081,no
rKaHyPar,sat14_manol-pipe-c8nidw.cnf.dual.hgr,no,no,1,2,0.03,0.0117219,20.6119,cut,1033,1033,no
rKaHyPar,sat14_manol-pipe-c8nidw.cnf.dual.hgr,no,no,2,2,0.03,0.00772127,19.17,cut,1083,1083,no
rKaHyPar,sat14_manol-pipe-c8nidw.cnf.dual.hgr,no,no,3,2,0.03,0.0295724,20.516,cut,1068,1068,no
rKaHyPar,sat14_manol-pipe-c8nidw.cnf.dual.hgr,no,no,4,2,0.03,0.0117219,20.5811,cut,1033,1033,no
rKaHyPar,sat14_manol-pipe-c8nidw.cnf.dual.hgr,no,no,5,2,0.03,0.0117219,30.2224,cut,1033,1033,no
rKaHyPar,sat14_manol-pipe-c8nidw.cnf.dual.hgr,no,no,6,2,0.03,0.0117219,20.9528,cut,1033,1033,no
rKaHyPar,sat14_manol-pipe-c8nidw.cnf.dual.hgr,no,no,7,2,0.03,0.0117219,20.7987,cut,1033,1033,no
rKaHyPar,sat14_manol-pipe-c8nidw.cnf.dual.hgr,no,no,8,2,0.03,0.0117219,30.4829,cut,1033,1033,no
rKaHyPar,sat14_manol-pipe-c8nidw.cnf.dual.hgr,no,no,9,2,0.03,0.0117219,20.7735,cut,1033,1033,no
rKaHyPar,sat14_manol-pipe-c8nidw.cnf.dual.hgr,no,no,0,32,0.03,0.0297648,68.08,cut,16684,4840,no
rKaHyPar,sat14_manol-pipe-c8nidw.cnf.dual.hgr,no,no,1,32,0.03,0.0297248,48.1957,cut,16834,5037,no
rKaHyPar,sat14_manol-pipe-c8nidw.cnf.dual.hgr,no,no,2,32,0.03,0.0297648,47.9253,cut,17226,4915,no
rKaHyPar,sat14_manol-pipe-c8nidw.cnf.dual.hgr,no,no,3,32,0.03,0.0272044,48.2303,cut,18313,5007,no
rKaHyPar,sat14_manol-pipe-c8nidw.cnf.dual.hgr,no,no,4,32,0.03,0.0284045,68.3987,cut,17588,5027,no
rKaHyPar,sat14_manol-pipe-c8nidw.cnf.dual.hgr,no,no,5,32,0.03,0.0288846,47.7296,cut,17146,4806,no
rKaHyPar,sat14_manol-pipe-c8nidw.cnf.dual.hgr,no,no,6,32,0.03,0.0292447,69.6427,cut,17157,4806,no
rKaHyPar,sat14_manol-pipe-c8nidw.cnf.dual.hgr,no,no,7,32,0.03,0.0292847,68.8848,cut,16959,4835,no
rKaHyPar,sat14_manol-pipe-c8nidw.cnf.dual.hgr,no,no,8,32,0.03,0.0299648,67.9263,cut,17493,4841,no
rKaHyPar,sat14_manol-pipe-c8nidw.cnf.dual.hgr,no,no,9,32,0.03,0.0297648,68.6762,cut,17773,4960,no
rKaHyPar,sat14_manol-pipe-c8nidw.cnf.dual.hgr,no,no,0,4,0.03,0.0298749,30.2335,cut,1964,1697,no
rKaHyPar,sat14_manol-pipe-c8nidw.cnf.dual.hgr,no,no,1,4,0.03,0.0299399,47.5029,cut,2833,1748,no
rKaHyPar,sat14_manol-pipe-c8nidw.cnf.dual.hgr,no,no,2,4,0.03,0.0268044,30.2248,cut,1965,1690,no
rKaHyPar,sat14_manol-pipe-c8nidw.cnf.dual.hgr,no,no,3,4,0.03,0.0191632,34.2057,cut,2695,1742,no
rKaHyPar,sat14_manol-pipe-c8nidw.cnf.dual.hgr,no,no,4,4,0.03,0.0209034,50.3915,cut,2734,1761,no
rKaHyPar,sat14_manol-pipe-c8nidw.cnf.dual.hgr,no,no,5,4,0.03,0.024304,35.1382,cut,2686,1741,no
rKaHyPar,sat14_manol-pipe-c8nidw.cnf.dual.hgr,no,no,6,4,0.03,0.0299499,34.0354,cut,2731,1799,no
rKaHyPar,sat14_manol-pipe-c8nidw.cnf.dual.hgr,no,no,7,4,0.03,0.0212535,30.2751,cut,1953,1693,no
rKaHyPar,sat14_manol-pipe-c8nidw.cnf.dual.hgr,no,no,8,4,0.03,0.024034,34.7611,cut,2727,1754,no
rKaHyPar,sat14_manol-pipe-c8nidw.cnf.dual.hgr,no,no,9,4,0.03,0.0205834,33.0889,cut,2711,1751,no
rKaHyPar,sat14_manol-pipe-c8nidw.cnf.dual.hgr,no,no,0,64,0.03,0.0295247,50.9863,cut,30097,5408,no
rKaHyPar,sat14_manol-pipe-c8nidw.cnf.dual.hgr,no,no,1,64,0.03,0.0295247,72.4855,cut,30730,5416,no
rKaHyPar,sat14_manol-pipe-c8nidw.cnf.dual.hgr,no,no,2,64,0.03,0.0295247,73.4629,cut,28906,5371,no
rKaHyPar,sat14_manol-pipe-c8nidw.cnf.dual.hgr,no,no,3,64,0.03,0.0292847,72.4953,cut,29327,5331,no
rKaHyPar,sat14_manol-pipe-c8nidw.cnf.dual.hgr,no,no,4,64,0.03,0.0289646,51.743,cut,30118,5580,no
rKaHyPar,sat14_manol-pipe-c8nidw.cnf.dual.hgr,no,no,5,64,0.03,0.0284045,51.318,cut,30489,5572,no
rKaHyPar,sat14_manol-pipe-c8nidw.cnf.dual.hgr,no,no,6,64,0.03,0.0298448,72.4301,cut,31312,5341,no
rKaHyPar,sat14_manol-pipe-c8nidw.cnf.dual.hgr,no,no,7,64,0.03,0.0284045,72.6913,cut,31719,5437,no
rKaHyPar,sat14_manol-pipe-c8nidw.cnf.dual.hgr,no,no,8,64,0.03,0.0273644,51.7427,cut,29293,5555,no
rKaHyPar,sat14_manol-pipe-c8nidw.cnf.dual.hgr,no,no,9,64,0.03,0.0293647,72.5704,cut,29894,5394,no
rKaHyPar,sat14_manol-pipe-c8nidw.cnf.dual.hgr,no,no,0,8,0.03,0.0288746,58.8841,cut,4581,3015,no
rKaHyPar,sat14_manol-pipe-c8nidw.cnf.dual.hgr,no,no,1,8,0.03,0.0296647,47.8964,cut,5003,3150,no
rKaHyPar,sat14_manol-pipe-c8nidw.cnf.dual.hgr,no,no,2,8,0.03,0.0294647,42.2791,cut,4533,2940,no
rKaHyPar,sat14_manol-pipe-c8nidw.cnf.dual.hgr,no,no,3,8,0.03,0.0246339,39.8424,cut,5394,2998,no
rKaHyPar,sat14_manol-pipe-c8nidw.cnf.dual.hgr,no,no,4,8,0.03,0.025184,56.3774,cut,5313,3087,no
rKaHyPar,sat14_manol-pipe-c8nidw.cnf.dual.hgr,no,no,5,8,0.03,0.0213934,58.5821,cut,5423,3219,no
rKaHyPar,sat14_manol-pipe-c8nidw.cnf.dual.hgr,no,no,6,8,0.03,0.0295347,71.5871,cut,6149,3230,no
rKaHyPar,sat14_manol-pipe-c8nidw.cnf.dual.hgr,no,no,7,8,0.03,0.0292447,63.253,cut,4470,2955,no
rKaHyPar,sat14_manol-pipe-c8nidw.cnf.dual.hgr,no,no,8,8,0.03,0.0287946,39.4905,cut,5461,3045,no
rKaHyPar,sat14_manol-pipe-c8nidw.cnf.dual.hgr,no,no,9,8,0.03,0.0292647,43.1313,cut,4994,3018,no
rKaHyPar,sat14_manol-pipe-c8nidw.cnf.hgr,no,no,0,128,0.03,0.0299715,189.313,cut,169557,145377,no
rKaHyPar,sat14_manol-pipe-c8nidw.cnf.hgr,no,no,1,128,0.03,0.0299715,205.526,cut,170618,143583,no
rKaHyPar,sat14_manol-pipe-c8nidw.cnf.hgr,no,no,2,128,0.03,0.0299715,195.082,cut,171522,142921,no
rKaHyPar,sat14_manol-pipe-c8nidw.cnf.hgr,no,no,3,128,0.03,0.0299715,199.675,cut,166127,141719,no
rKaHyPar,sat14_manol-pipe-c8nidw.cnf.hgr,no,no,4,128,0.03,0.0299715,191.317,cut,168778,142687,no
rKaHyPar,sat14_manol-pipe-c8nidw.cnf.hgr,no,no,5,128,0.03,0.0299715,190.468,cut,166974,142190,no
rKaHyPar,sat14_manol-pipe-c8nidw.cnf.hgr,no,no,6,128,0.03,0.0299715,198.434,cut,168745,144282,no
rKaHyPar,sat14_manol-pipe-c8nidw.cnf.hgr,no,no,7,128,0.03,0.0299715,269.303,cut,168848,145444,no
rKaHyPar,sat14_manol-pipe-c8nidw.cnf.hgr,no,no,8,128,0.03,0.0299715,184.751,cut,169947,143866,no
rKaHyPar,sat14_manol-pipe-c8nidw.cnf.hgr,no,no,9,128,0.03,0.0299715,195.179,cut,169901,144307,no
rKaHyPar,sat14_manol-pipe-c8nidw.cnf.hgr,no,no,0,16,0.03,0.0299723,158.947,cut,43984,40575,no
rKaHyPar,sat14_manol-pipe-c8nidw.cnf.hgr,no,no,1,16,0.03,0.0299723,235.53,cut,41859,39447,no
rKaHyPar,sat14_manol-pipe-c8nidw.cnf.hgr,no,no,2,16,0.03,0.0299723,200.179,cut,41848,39174,no
rKaHyPar,sat14_manol-pipe-c8nidw.cnf.hgr,no,no,3,16,0.03,0.0299723,158.239,cut,43535,40605,no
rKaHyPar,sat14_manol-pipe-c8nidw.cnf.hgr,no,no,4,16,0.03,0.0299723,193.94,cut,47281,43104,no
rKaHyPar,sat14_manol-pipe-c8nidw.cnf.hgr,no,no,5,16,0.03,0.0299723,143.993,cut,41456,38639,no
rKaHyPar,sat14_manol-pipe-c8nidw.cnf.hgr,no,no,6,16,0.03,0.0299723,147.732,cut,45668,42327,no
rKaHyPar,sat14_manol-pipe-c8nidw.cnf.hgr,no,no,7,16,0.03,0.0299723,150.751,cut,44734,41639,no
rKaHyPar,sat14_manol-pipe-c8nidw.cnf.hgr,no,no,8,16,0.03,0.0299723,240.905,cut,44639,41411,no
rKaHyPar,sat14_manol-pipe-c8nidw.cnf.hgr,no,no,9,16,0.03,0.0299723,172.284,cut,47856,44470,no
rKaHyPar,sat14_manol-pipe-c8nidw.cnf.hgr,no,no,0,2,0.03,0.0128156,42.9557,cut,7338,7338,no
rKaHyPar,sat14_manol-pipe-c8nidw.cnf.hgr,no,no,1,2,0.03,0.0299984,76.9354,cut,7248,7248,no
rKaHyPar,sat14_manol-pipe-c8nidw.cnf.hgr,no,no,2,2,0.03,0.0294408,77.7144,cut,7205,7205,no
rKaHyPar,sat14_manol-pipe-c8nidw.cnf.hgr,no,no,3,2,0.03,0.00486159,41.8621,cut,7316,7316,no
rKaHyPar,sat14_manol-pipe-c8nidw.cnf.hgr,no,no,4,2,0.03,0.0299946,133.124,cut,7327,7327,no
rKaHyPar,sat14_manol-pipe-c8nidw.cnf.hgr,no,no,5,2,0.03,0.0299946,125.433,cut,7321,7321,no
rKaHyPar,sat14_manol-pipe-c8nidw.cnf.hgr,no,no,6,2,0.03,0.0128156,40.8678,cut,7338,7338,no
rKaHyPar,sat14_manol-pipe-c8nidw.cnf.hgr,no,no,7,2,0.03,0.0294408,77.2479,cut,7205,7205,no
rKaHyPar,sat14_manol-pipe-c8nidw.cnf.hgr,no,no,8,2,0.03,0.00447504,59.649,cut,7314,7314,no
rKaHyPar,sat14_manol-pipe-c8nidw.cnf.hgr,no,no,9,2,0.03,0.0240812,69.8123,cut,7474,7474,no
rKaHyPar,sat14_manol-pipe-c8nidw.cnf.hgr,no,no,0,32,0.03,0.0299715,283.588,cut,72733,65788,no
rKaHyPar,sat14_manol-pipe-c8nidw.cnf.hgr,no,no,1,32,0.03,0.0299715,319.699,cut,72689,66455,no
rKaHyPar,sat14_manol-pipe-c8nidw.cnf.hgr,no,no,2,32,0.03,0.0299715,184.254,cut,74252,67531,no
rKaHyPar,sat14_manol-pipe-c8nidw.cnf.hgr,no,no,3,32,0.03,0.0299715,204.288,cut,72538,65269,no
rKaHyPar,sat14_manol-pipe-c8nidw.cnf.hgr,no,no,4,32,0.03,0.0299715,205.383,cut,72434,65153,no
rKaHyPar,sat14_manol-pipe-c8nidw.cnf.hgr,no,no,5,32,0.03,0.0299715,196.453,cut,79491,70223,no
rKaHyPar,sat14_manol-pipe-c8nidw.cnf.hgr,no,no,6,32,0.03,0.0299715,295.369,cut,73922,66708,no
rKaHyPar,sat14_manol-pipe-c8nidw.cnf.hgr,no,no,7,32,0.03,0.0299715,275.823,cut,77146,69673,no
rKaHyPar,sat14_manol-pipe-c8nidw.cnf.hgr,no,no,8,32,0.03,0.0299715,336.917,cut,75209,67686,no
rKaHyPar,sat14_manol-pipe-c8nidw.cnf.hgr,no,no,9,32,0.03,0.0299715,285.391,cut,74437,66919,no
rKaHyPar,sat14_manol-pipe-c8nidw.cnf.hgr,no,no,0,4,0.03,0.00763433,92.7195,cut,15393,15341,no
rKaHyPar,sat14_manol-pipe-c8nidw.cnf.hgr,no,no,1,4,0.03,7.43362e-06,101.834,cut,16338,15785,no
rKaHyPar,sat14_manol-pipe-c8nidw.cnf.hgr,no,no,2,4,0.03,0.0110835,73.9125,cut,17645,17031,no
rKaHyPar,sat14_manol-pipe-c8nidw.cnf.hgr,no,no,3,4,0.03,0.00980494,74.9139,cut,17221,17035,no
rKaHyPar,sat14_manol-pipe-c8nidw.cnf.hgr,no,no,4,4,0.03,0.0266793,196.219,cut,16088,15634,no
rKaHyPar,sat14_manol-pipe-c8nidw.cnf.hgr,no,no,5,4,0.03,0.0257278,83.2046,cut,16289,15770,no
rKaHyPar,sat14_manol-pipe-c8nidw.cnf.hgr,no,no,6,4,0.03,0.0122357,144.405,cut,14742,14416,no
rKaHyPar,sat14_manol-pipe-c8nidw.cnf.hgr,no,no,7,4,0.03,0.00460141,127.71,cut,16450,15632,no
rKaHyPar,sat14_manol-pipe-c8nidw.cnf.hgr,no,no,8,4,0.03,0.0229847,100.77,cut,17548,16746,no
rKaHyPar,sat14_manol-pipe-c8nidw.cnf.hgr,no,no,9,4,0.03,0.0296304,94.6711,cut,15776,15403,no
rKaHyPar,sat14_manol-pipe-c8nidw.cnf.hgr,no,no,0,64,0.03,0.0299715,248.844,cut,114560,98103,no
rKaHyPar,sat14_manol-pipe-c8nidw.cnf.hgr,no,no,1,64,0.03,0.0299715,267.657,cut,114138,97822,no
rKaHyPar,sat14_manol-pipe-c8nidw.cnf.hgr,no,no,2,64,0.03,0.0299715,265.313,cut,116782,100120,no
rKaHyPar,sat14_manol-pipe-c8nidw.cnf.hgr,no,no,3,64,0.03,0.0299715,271.576,cut,112767,98631,no
rKaHyPar,sat14_manol-pipe-c8nidw.cnf.hgr,no,no,4,64,0.03,0.0299715,197.434,cut,112624,96117,no
rKaHyPar,sat14_manol-pipe-c8nidw.cnf.hgr,no,no,5,64,0.03,0.0299715,182.192,cut,112328,96033,no
rKaHyPar,sat14_manol-pipe-c8nidw.cnf.hgr,no,no,6,64,0.03,0.0299715,187.179,cut,110333,96961,no
rKaHyPar,sat14_manol-pipe-c8nidw.cnf.hgr,no,no,7,64,0.03,0.0299715,273.785,cut,115336,99157,no
rKaHyPar,sat14_manol-pipe-c8nidw.cnf.hgr,no,no,8,64,0.03,0.0299715,196.636,cut,115959,99132,no
rKaHyPar,sat14_manol-pipe-c8nidw.cnf.hgr,no,no,9,64,0.03,0.0299715,266.78,cut,117855,99840,no
rKaHyPar,sat14_manol-pipe-c8nidw.cnf.hgr,no,no,0,8,0.03,0.0298237,170.261,cut,25972,24750,no
rKaHyPar,sat14_manol-pipe-c8nidw.cnf.hgr,no,no,1,8,0.03,0.0299872,204.247,cut,27095,26104,no
rKaHyPar,sat14_manol-pipe-c8nidw.cnf.hgr,no,no,2,8,0.03,0.0299872,243.537,cut,28274,26896,no
rKaHyPar,sat14_manol-pipe-c8nidw.cnf.hgr,no,no,3,8,0.03,0.0299723,122.336,cut,28106,26344,no
rKaHyPar,sat14_manol-pipe-c8nidw.cnf.hgr,no,no,4,8,0.03,0.0298831,212.721,cut,28689,27370,no
rKaHyPar,sat14_manol-pipe-c8nidw.cnf.hgr,no,no,5,8,0.03,0.0297196,200.177,cut,27692,25984,no
rKaHyPar,sat14_manol-pipe-c8nidw.cnf.hgr,no,no,6,8,0.03,0.0299277,170.827,cut,25875,25164,no
rKaHyPar,sat14_manol-pipe-c8nidw.cnf.hgr,no,no,7,8,0.03,0.0299872,213.644,cut,26869,25079,no
rKaHyPar,sat14_manol-pipe-c8nidw.cnf.hgr,no,no,8,8,0.03,0.0299872,167.244,cut,27445,26051,no
rKaHyPar,sat14_manol-pipe-c8nidw.cnf.hgr,no,no,9,8,0.03,0.0295561,190.236,cut,27971,26594,no
rKaHyPar,sat14_manol-pipe-c8nidw.cnf.primal.hgr,no,no,0,128,0.03,0.0299715,84.9067,cut,164886,152117,no
rKaHyPar,sat14_manol-pipe-c8nidw.cnf.primal.hgr,no,no,1,128,0.03,0.0299715,82.1603,cut,162394,151134,no
rKaHyPar,sat14_manol-pipe-c8nidw.cnf.primal.hgr,no,no,2,128,0.03,0.0299715,79.7646,cut,164552,152201,no
rKaHyPar,sat14_manol-pipe-c8nidw.cnf.primal.hgr,no,no,3,128,0.03,0.0299715,85.9828,cut,163218,151324,no
rKaHyPar,sat14_manol-pipe-c8nidw.cnf.primal.hgr,no,no,4,128,0.03,0.0299715,78.6947,cut,162656,151791,no
rKaHyPar,sat14_manol-pipe-c8nidw.cnf.primal.hgr,no,no,5,128,0.03,0.0299715,77.7284,cut,164261,151760,no
rKaHyPar,sat14_manol-pipe-c8nidw.cnf.primal.hgr,no,no,6,128,0.03,0.0299715,81.6955,cut,163602,152097,no
rKaHyPar,sat14_manol-pipe-c8nidw.cnf.primal.hgr,no,no,7,128,0.03,0.0299715,112.311,cut,162841,151533,no
rKaHyPar,sat14_manol-pipe-c8nidw.cnf.primal.hgr,no,no,8,128,0.03,0.0299715,76.8422,cut,161764,149894,no
rKaHyPar,sat14_manol-pipe-c8nidw.cnf.primal.hgr,no,no,9,128,0.03,0.0299715,79.794,cut,162860,151814,no
rKaHyPar,sat14_manol-pipe-c8nidw.cnf.primal.hgr,no,no,0,16,0.03,0.0299715,64.5386,cut,40398,39688,no
rKaHyPar,sat14_manol-pipe-c8nidw.cnf.primal.hgr,no,no,1,16,0.03,0.0299715,86.8831,cut,40445,39532,no
rKaHyPar,sat14_manol-pipe-c8nidw.cnf.primal.hgr,no,no,2,16,0.03,0.0299715,72.9484,cut,40339,39283,no
rKaHyPar,sat14_manol-pipe-c8nidw.cnf.primal.hgr,no,no,3,16,0.03,0.0299715,69.8059,cut,43355,42195,no
rKaHyPar,sat14_manol-pipe-c8nidw.cnf.primal.hgr,no,no,4,16,0.03,0.0299715,103.872,cut,42464,41318,no
rKaHyPar,sat14_manol-pipe-c8nidw.cnf.primal.hgr,no,no,5,16,0.03,0.0299715,83.8959,cut,42248,40059,no
rKaHyPar,sat14_manol-pipe-c8nidw.cnf.primal.hgr,no,no,6,16,0.03,0.0299715,71.0253,cut,41244,40414,no
rKaHyPar,sat14_manol-pipe-c8nidw.cnf.primal.hgr,no,no,7,16,0.03,0.0299715,56.0996,cut,40895,39942,no
rKaHyPar,sat14_manol-pipe-c8nidw.cnf.primal.hgr,no,no,8,16,0.03,0.0299715,89.2404,cut,40726,39820,no
rKaHyPar,sat14_manol-pipe-c8nidw.cnf.primal.hgr,no,no,9,16,0.03,0.0299715,74.1434,cut,43245,42137,no
rKaHyPar,sat14_manol-pipe-c8nidw.cnf.primal.hgr,no,no,0,2,0.03,0.0175508,19.9795,cut,7346,7346,no
rKaHyPar,sat14_manol-pipe-c8nidw.cnf.primal.hgr,no,no,1,2,0.03,0.0283816,18.618,cut,5734,5734,no
rKaHyPar,sat14_manol-pipe-c8nidw.cnf.primal.hgr,no,no,2,2,0.03,0.0283816,16.3937,cut,5734,5734,no
rKaHyPar,sat14_manol-pipe-c8nidw.cnf.primal.hgr,no,no,3,2,0.03,0.0175508,18.6424,cut,7346,7346,no
rKaHyPar,sat14_manol-pipe-c8nidw.cnf.primal.hgr,no,no,4,2,0.03,0.0295709,24.5495,cut,6089,6089,no
rKaHyPar,sat14_manol-pipe-c8nidw.cnf.primal.hgr,no,no,5,2,0.03,0.0283816,17.8574,cut,5734,5734,no
rKaHyPar,sat14_manol-pipe-c8nidw.cnf.primal.hgr,no,no,6,2,0.03,0.0299277,111.939,cut,6237,6237,no
rKaHyPar,sat14_manol-pipe-c8nidw.cnf.primal.hgr,no,no,7,2,0.03,2.97345e-05,24.0826,cut,7121,7121,no
rKaHyPar,sat14_manol-pipe-c8nidw.cnf.primal.hgr,no,no,8,2,0.03,0.0283816,27.9301,cut,5734,5734,no
rKaHyPar,sat14_manol-pipe-c8nidw.cnf.primal.hgr,no,no,9,2,0.03,0.0299426,47.3865,cut,6030,6030,no
rKaHyPar,sat14_manol-pipe-c8nidw.cnf.primal.hgr,no,no,0,32,0.03,0.0299715,141.021,cut,71581,67270,no
rKaHyPar,sat14_manol-pipe-c8nidw.cnf.primal.hgr,no,no,1,32,0.03,0.0299715,129.46,cut,71253,68042,no
rKaHyPar,sat14_manol-pipe-c8nidw.cnf.primal.hgr,no,no,2,32,0.03,0.0299715,89.8599,cut,73559,69483,no
rKaHyPar,sat14_manol-pipe-c8nidw.cnf.primal.hgr,no,no,3,32,0.03,0.0299715,96.539,cut,71333,68444,no
rKaHyPar,sat14_manol-pipe-c8nidw.cnf.primal.hgr,no,no,4,32,0.03,0.0299715,110.836,cut,75366,71471,no
rKaHyPar,sat14_manol-pipe-c8nidw.cnf.primal.hgr,no,no,5,32,0.03,0.0299715,77.9369,cut,74065,70124,no
rKaHyPar,sat14_manol-pipe-c8nidw.cnf.primal.hgr,no,no,6,32,0.03,0.0299715,137.382,cut,71898,68603,no
rKaHyPar,sat14_manol-pipe-c8nidw.cnf.primal.hgr,no,no,7,32,0.03,0.0299715,131.547,cut,72627,68751,no
rKaHyPar,sat14_manol-pipe-c8nidw.cnf.primal.hgr,no,no,8,32,0.03,0.0299715,116.903,cut,71823,68270,no
rKaHyPar,sat14_manol-pipe-c8nidw.cnf.primal.hgr,no,no,9,32,0.03,0.0299715,113.857,cut,73164,69130,no
rKaHyPar,sat14_manol-pipe-c8nidw.cnf.primal.hgr,no,no,0,4,0.03,0.0299129,28.5742,cut,14546,14467,no
rKaHyPar,sat14_manol-pipe-c8nidw.cnf.primal.hgr,no,no,1,4,0.03,0.0244566,42.6226,cut,14350,14164,no
rKaHyPar,sat14_manol-pipe-c8nidw.cnf.primal.hgr,no,no,2,4,0.03,0.027549,24.8955,cut,15682,15582,no
rKaHyPar,sat14_manol-pipe-c8nidw.cnf.primal.hgr,no,no,3,4,0.03,0.0153727,33.5952,cut,16258,15870,no
rKaHyPar,sat14_manol-pipe-c8nidw.cnf.primal.hgr,no,no,4,4,0.03,0.0214534,43.8952,cut,16242,15872,no
rKaHyPar,sat14_manol-pipe-c8nidw.cnf.primal.hgr,no,no,5,4,0.03,0.0270138,26.4425,cut,14932,14767,no
rKaHyPar,sat14_manol-pipe-c8nidw.cnf.primal.hgr,no,no,6,4,0.03,0.0280396,28.0858,cut,14099,13924,no
rKaHyPar,sat14_manol-pipe-c8nidw.cnf.primal.hgr,no,no,7,4,0.03,0.0272516,60.0207,cut,16438,16196,no
rKaHyPar,sat14_manol-pipe-c8nidw.cnf.primal.hgr,no,no,8,4,0.03,0.0281883,55.5421,cut,14705,14660,no
rKaHyPar,sat14_manol-pipe-c8nidw.cnf.primal.hgr,no,no,9,4,0.03,0.0113883,88.5221,cut,14526,14413,no
rKaHyPar,sat14_manol-pipe-c8nidw.cnf.primal.hgr,no,no,0,64,0.03,0.0299715,128.416,cut,110740,103825,no
rKaHyPar,sat14_manol-pipe-c8nidw.cnf.primal.hgr,no,no,1,64,0.03,0.0299715,105.082,cut,110736,102712,no
rKaHyPar,sat14_manol-pipe-c8nidw.cnf.primal.hgr,no,no,2,64,0.03,0.0299715,109.823,cut,111554,103900,no
rKaHyPar,sat14_manol-pipe-c8nidw.cnf.primal.hgr,no,no,3,64,0.03,0.0299715,128.111,cut,110678,103439,no
rKaHyPar,sat14_manol-pipe-c8nidw.cnf.primal.hgr,no,no,4,64,0.03,0.0299715,84.5272,cut,108562,100394,no
rKaHyPar,sat14_manol-pipe-c8nidw.cnf.primal.hgr,no,no,5,64,0.03,0.0299715,78.3416,cut,108171,100975,no
rKaHyPar,sat14_manol-pipe-c8nidw.cnf.primal.hgr,no,no,6,64,0.03,0.0299715,80.8245,cut,110709,103509,no
rKaHyPar,sat14_manol-pipe-c8nidw.cnf.primal.hgr,no,no,7,64,0.03,0.0299715,117.99,cut,109198,101536,no
rKaHyPar,sat14_manol-pipe-c8nidw.cnf.primal.hgr,no,no,8,64,0.03,0.0299715,86.0758,cut,109133,102338,no
rKaHyPar,sat14_manol-pipe-c8nidw.cnf.primal.hgr,no,no,9,64,0.03,0.0299715,112.603,cut,107609,99777,no
rKaHyPar,sat14_manol-pipe-c8nidw.cnf.primal.hgr,no,no,0,8,0.03,0.0299723,60.6643,cut,26099,25677,no
rKaHyPar,sat14_manol-pipe-c8nidw.cnf.primal.hgr,no,no,1,8,0.03,0.0299723,56.5819,cut,26925,26051,no
rKaHyPar,sat14_manol-pipe-c8nidw.cnf.primal.hgr,no,no,2,8,0.03,0.0297939,89.0957,cut,27439,26949,no
rKaHyPar,sat14_manol-pipe-c8nidw.cnf.primal.hgr,no,no,3,8,0.03,0.0299723,67.1778,cut,27079,26571,no
rKaHyPar,sat14_manol-pipe-c8nidw.cnf.primal.hgr,no,no,4,8,0.03,0.0299723,158.966,cut,29307,28953,no
rKaHyPar,sat14_manol-pipe-c8nidw.cnf.primal.hgr,no,no,5,8,0.03,0.0175136,72.9095,cut,26734,26361,no
rKaHyPar,sat14_manol-pipe-c8nidw.cnf.primal.hgr,no,no,6,8,0.03,0.0299723,78.9415,cut,25842,25594,no
rKaHyPar,sat14_manol-pipe-c8nidw.cnf.primal.hgr,no,no,7,8,0.03,0.0299723,88.0217,cut,25601,25203,no
rKaHyPar,sat14_manol-pipe-c8nidw.cnf.primal.hgr,no,no,8,8,0.03,0.0299723,106.034,cut,25418,25164,no
rKaHyPar,sat14_manol-pipe-c8nidw.cnf.primal.hgr,no,no,9,8,0.03,0.0299723,69.3776,cut,25026,24496,no
rKaHyPar,sat14_manol-pipe-g10bid_i.cnf.dual.hgr,no,no,0,128,0.03,0.0295686,60.2034,cut,47207,5994,no
rKaHyPar,sat14_manol-pipe-g10bid_i.cnf.dual.hgr,no,no,1,128,0.03,0.0295686,59.4103,cut,46989,5981,no
rKaHyPar,sat14_manol-pipe-g10bid_i.cnf.dual.hgr,no,no,2,128,0.03,0.0298917,59.1179,cut,48560,6046,no
rKaHyPar,sat14_manol-pipe-g10bid_i.cnf.dual.hgr,no,no,3,128,0.03,0.029407,59.7918,cut,46568,5962,no
rKaHyPar,sat14_manol-pipe-g10bid_i.cnf.dual.hgr,no,no,4,128,0.03,0.0290839,59.396,cut,48831,5843,no
rKaHyPar,sat14_manol-pipe-g10bid_i.cnf.dual.hgr,no,no,5,128,0.03,0.0281144,59.763,cut,48158,5861,no
rKaHyPar,sat14_manol-pipe-g10bid_i.cnf.dual.hgr,no,no,6,128,0.03,0.0290839,59.6552,cut,46235,5926,no
rKaHyPar,sat14_manol-pipe-g10bid_i.cnf.dual.hgr,no,no,7,128,0.03,0.0295686,87.4859,cut,47745,5911,no
rKaHyPar,sat14_manol-pipe-g10bid_i.cnf.dual.hgr,no,no,8,128,0.03,0.0295686,59.5142,cut,48995,5921,no
rKaHyPar,sat14_manol-pipe-g10bid_i.cnf.dual.hgr,no,no,9,128,0.03,0.0281144,59.8533,cut,48509,5915,no
rKaHyPar,sat14_manol-pipe-g10bid_i.cnf.dual.hgr,no,no,0,16,0.03,0.016663,49.8767,cut,10060,3973,no
rKaHyPar,sat14_manol-pipe-g10bid_i.cnf.dual.hgr,no,no,1,16,0.03,0.0288017,49.3182,cut,10098,4005,no
rKaHyPar,sat14_manol-pipe-g10bid_i.cnf.dual.hgr,no,no,2,16,0.03,0.0283775,72.0752,cut,9984,3923,no
rKaHyPar,sat14_manol-pipe-g10bid_i.cnf.dual.hgr,no,no,3,16,0.03,0.0148048,48.8437,cut,10431,3852,no
rKaHyPar,sat14_manol-pipe-g10bid_i.cnf.dual.hgr,no,no,4,16,0.03,0.0299933,49.1258,cut,9706,3891,no
rKaHyPar,sat14_manol-pipe-g10bid_i.cnf.dual.hgr,no,no,5,16,0.03,0.0227424,50.1735,cut,9940,4069,no
rKaHyPar,sat14_manol-pipe-g10bid_i.cnf.dual.hgr,no,no,6,16,0.03,0.0295692,49.8664,cut,9795,4006,no
rKaHyPar,sat14_manol-pipe-g10bid_i.cnf.dual.hgr,no,no,7,16,0.03,0.0273677,50.462,cut,10182,4064,no
rKaHyPar,sat14_manol-pipe-g10bid_i.cnf.dual.hgr,no,no,8,16,0.03,0.0284785,71.914,cut,9696,3907,no
rKaHyPar,sat14_manol-pipe-g10bid_i.cnf.dual.hgr,no,no,9,16,0.03,0.0258326,49.4032,cut,10491,3951,no
rKaHyPar,sat14_manol-pipe-g10bid_i.cnf.dual.hgr,no,no,0,2,0.03,0.0268905,24.9665,cut,1013,1013,no
rKaHyPar,sat14_manol-pipe-g10bid_i.cnf.dual.hgr,no,no,1,2,0.03,0.0268905,36.3071,cut,1013,1013,no
rKaHyPar,sat14_manol-pipe-g10bid_i.cnf.dual.hgr,no,no,2,2,0.03,0.0290516,26.6594,cut,1222,1222,no
rKaHyPar,sat14_manol-pipe-g10bid_i.cnf.dual.hgr,no,no,3,2,0.03,0.0273651,24.3104,cut,935,935,no
rKaHyPar,sat14_manol-pipe-g10bid_i.cnf.dual.hgr,no,no,4,2,0.03,0.0268905,25.0524,cut,1013,1013,no
rKaHyPar,sat14_manol-pipe-g10bid_i.cnf.dual.hgr,no,no,5,2,0.03,0.0291854,26.5276,cut,846,846,no
rKaHyPar,sat14_manol-pipe-g10bid_i.cnf.dual.hgr,no,no,6,2,0.03,0.0299807,25.0443,cut,870,870,no
rKaHyPar,sat14_manol-pipe-g10bid_i.cnf.dual.hgr,no,no,7,2,0.03,0.0268905,25.0472,cut,1013,1013,no
rKaHyPar,sat14_manol-pipe-g10bid_i.cnf.dual.hgr,no,no,8,2,0.03,0.029395,38.2378,cut,859,859,no
rKaHyPar,sat14_manol-pipe-g10bid_i.cnf.dual.hgr,no,no,9,2,0.03,0.027663,25.1178,cut,881,881,no
rKaHyPar,sat14_manol-pipe-g10bid_i.cnf.dual.hgr,no,no,0,32,0.03,0.029811,54.4317,cut,18009,4549,no
rKaHyPar,sat14_manol-pipe-g10bid_i.cnf.dual.hgr,no,no,1,32,0.03,0.0284779,75.3063,cut,17798,4576,no
rKaHyPar,sat14_manol-pipe-g10bid_i.cnf.dual.hgr,no,no,2,32,0.03,0.0292858,53.7863,cut,18008,4718,no
rKaHyPar,sat14_manol-pipe-g10bid_i.cnf.dual.hgr,no,no,3,32,0.03,0.0288011,75.8778,cut,18757,4620,no
rKaHyPar,sat14_manol-pipe-g10bid_i.cnf.dual.hgr,no,no,4,32,0.03,0.0191873,52.4315,cut,17703,4590,no
rKaHyPar,sat14_manol-pipe-g10bid_i.cnf.dual.hgr,no,no,5,32,0.03,0.0270238,53.1147,cut,17938,4576,no
rKaHyPar,sat14_manol-pipe-g10bid_i.cnf.dual.hgr,no,no,6,32,0.03,0.0294474,77.2094,cut,18487,4605,no
rKaHyPar,sat14_manol-pipe-g10bid_i.cnf.dual.hgr,no,no,7,32,0.03,0.0265794,75.9268,cut,18667,4744,no
rKaHyPar,sat14_manol-pipe-g10bid_i.cnf.dual.hgr,no,no,8,32,0.03,0.0272257,75.8708,cut,18445,4623,no
rKaHyPar,sat14_manol-pipe-g10bid_i.cnf.dual.hgr,no,no,9,32,0.03,0.0297302,76.3962,cut,18471,4705,no
rKaHyPar,sat14_manol-pipe-g10bid_i.cnf.dual.hgr,no,no,0,4,0.03,0.0283927,47.0142,cut,2098,1787,no
rKaHyPar,sat14_manol-pipe-g10bid_i.cnf.dual.hgr,no,no,1,4,0.03,0.0269991,66.5583,cut,2072,1785,no
rKaHyPar,sat14_manol-pipe-g10bid_i.cnf.dual.hgr,no,no,2,4,0.03,0.0295995,40.9319,cut,2286,1997,no
rKaHyPar,sat14_manol-pipe-g10bid_i.cnf.dual.hgr,no,no,3,4,0.03,0.0151885,36.848,cut,2163,1870,no
rKaHyPar,sat14_manol-pipe-g10bid_i.cnf.dual.hgr,no,no,4,4,0.03,0.0293622,66.8959,cut,2073,1784,no
rKaHyPar,sat14_manol-pipe-g10bid_i.cnf.dual.hgr,no,no,5,4,0.03,0.0298065,47.0986,cut,2058,1782,no
rKaHyPar,sat14_manol-pipe-g10bid_i.cnf.dual.hgr,no,no,6,4,0.03,0.0299529,59.2674,cut,2298,2017,no
rKaHyPar,sat14_manol-pipe-g10bid_i.cnf.dual.hgr,no,no,7,4,0.03,0.0273929,62.5051,cut,2085,1788,no
rKaHyPar,sat14_manol-pipe-g10bid_i.cnf.dual.hgr,no,no,8,4,0.03,0.0281857,44.4897,cut,2484,2107,no
rKaHyPar,sat14_manol-pipe-g10bid_i.cnf.dual.hgr,no,no,9,4,0.03,0.0299024,59.5745,cut,2757,1980,no
rKaHyPar,sat14_manol-pipe-g10bid_i.cnf.dual.hgr,no,no,0,64,0.03,0.0293262,79.9836,cut,31645,5399,no
rKaHyPar,sat14_manol-pipe-g10bid_i.cnf.dual.hgr,no,no,1,64,0.03,0.0295686,81.229,cut,31411,5419,no
rKaHyPar,sat14_manol-pipe-g10bid_i.cnf.dual.hgr,no,no,2,64,0.03,0.028276,82.1519,cut,31685,5344,no
rKaHyPar,sat14_manol-pipe-g10bid_i.cnf.dual.hgr,no,no,3,64,0.03,0.0269026,80.4524,cut,31888,5324,no
rKaHyPar,sat14_manol-pipe-g10bid_i.cnf.dual.hgr,no,no,4,64,0.03,0.0299725,56.2477,cut,30886,5179,no
rKaHyPar,sat14_manol-pipe-g10bid_i.cnf.dual.hgr,no,no,5,64,0.03,0.0295686,81.0743,cut,31274,5308,no
rKaHyPar,sat14_manol-pipe-g10bid_i.cnf.dual.hgr,no,no,6,64,0.03,0.0295686,55.9113,cut,29976,5371,no
rKaHyPar,sat14_manol-pipe-g10bid_i.cnf.dual.hgr,no,no,7,64,0.03,0.029811,80.339,cut,31415,5233,no
rKaHyPar,sat14_manol-pipe-g10bid_i.cnf.dual.hgr,no,no,8,64,0.03,0.0283568,55.875,cut,32291,5218,no
rKaHyPar,sat14_manol-pipe-g10bid_i.cnf.dual.hgr,no,no,9,64,0.03,0.0295686,80.701,cut,31504,5320,no
rKaHyPar,sat14_manol-pipe-g10bid_i.cnf.dual.hgr,no,no,0,8,0.03,0.0262265,51.1929,cut,4721,2932,no
rKaHyPar,sat14_manol-pipe-g10bid_i.cnf.dual.hgr,no,no,1,8,0.03,0.0288522,55.7346,cut,4607,3011,no
rKaHyPar,sat14_manol-pipe-g10bid_i.cnf.dual.hgr,no,no,2,8,0.03,0.0283775,43.8615,cut,4898,2964,no
rKaHyPar,sat14_manol-pipe-g10bid_i.cnf.dual.hgr,no,no,3,8,0.03,0.0299226,47.1012,cut,4763,2901,no
rKaHyPar,sat14_manol-pipe-g10bid_i.cnf.dual.hgr,no,no,4,8,0.03,0.0287411,81.2267,cut,4313,2910,no
rKaHyPar,sat14_manol-pipe-g10bid_i.cnf.dual.hgr,no,no,5,8,0.03,0.0291147,63.4176,cut,4944,2940,no
rKaHyPar,sat14_manol-pipe-g10bid_i.cnf.dual.hgr,no,no,6,8,0.03,0.0298923,65.5462,cut,4800,2906,no
rKaHyPar,sat14_manol-pipe-g10bid_i.cnf.dual.hgr,no,no,7,8,0.03,0.0254388,79.3371,cut,4326,2947,no
rKaHyPar,sat14_manol-pipe-g10bid_i.cnf.dual.hgr,no,no,8,8,0.03,0.0294379,54.9393,cut,4655,2993,no
rKaHyPar,sat14_manol-pipe-g10bid_i.cnf.dual.hgr,no,no,9,8,0.03,0.029448,42.5304,cut,5147,2963,no
rKaHyPar,sat14_manol-pipe-g10bid_i.cnf.hgr,no,no,0,128,0.03,0.0297862,189.156,cut,164869,143935,no
rKaHyPar,sat14_manol-pipe-g10bid_i.cnf.hgr,no,no,1,128,0.03,0.0297862,206.064,cut,163626,141546,no
rKaHyPar,sat14_manol-pipe-g10bid_i.cnf.hgr,no,no,2,128,0.03,0.0297862,180.253,cut,163433,141548,no
rKaHyPar,sat14_manol-pipe-g10bid_i.cnf.hgr,no,no,3,128,0.03,0.0297862,192.489,cut,162140,141582,no
rKaHyPar,sat14_manol-pipe-g10bid_i.cnf.hgr,no,no,4,128,0.03,0.0297862,189.919,cut,163486,142378,no
rKaHyPar,sat14_manol-pipe-g10bid_i.cnf.hgr,no,no,5,128,0.03,0.0297862,199.619,cut,164604,144261,no
rKaHyPar,sat14_manol-pipe-g10bid_i.cnf.hgr,no,no,6,128,0.03,0.0297862,198.826,cut,164635,141673,no
rKaHyPar,sat14_manol-pipe-g10bid_i.cnf.hgr,no,no,7,128,0.03,0.0297862,272.205,cut,164461,143815,no
rKaHyPar,sat14_manol-pipe-g10bid_i.cnf.hgr,no,no,8,128,0.03,0.0297862,197.324,cut,165068,143688,no
rKaHyPar,sat14_manol-pipe-g10bid_i.cnf.hgr,no,no,9,128,0.03,0.0297862,192.276,cut,165732,141641,no
rKaHyPar,sat14_manol-pipe-g10bid_i.cnf.hgr,no,no,0,16,0.03,0.0299991,250.811,cut,50149,47770,no
rKaHyPar,sat14_manol-pipe-g10bid_i.cnf.hgr,no,no,1,16,0.03,0.0299691,178.501,cut,48766,46000,no
rKaHyPar,sat14_manol-pipe-g10bid_i.cnf.hgr,no,no,2,16,0.03,0.0299991,294.954,cut,46426,43270,no
rKaHyPar,sat14_manol-pipe-g10bid_i.cnf.hgr,no,no,3,16,0.03,0.0299991,192.185,cut,47735,45324,no
rKaHyPar,sat14_manol-pipe-g10bid_i.cnf.hgr,no,no,4,16,0.03,0.0299991,175.093,cut,46111,42501,no
rKaHyPar,sat14_manol-pipe-g10bid_i.cnf.hgr,no,no,5,16,0.03,0.0299991,238.89,cut,51327,47793,no
rKaHyPar,sat14_manol-pipe-g10bid_i.cnf.hgr,no,no,6,16,0.03,0.0299991,221.309,cut,50266,46489,no
rKaHyPar,sat14_manol-pipe-g10bid_i.cnf.hgr,no,no,7,16,0.03,0.0299991,180.215,cut,49095,46834,no
rKaHyPar,sat14_manol-pipe-g10bid_i.cnf.hgr,no,no,8,16,0.03,0.0299991,296.956,cut,47788,44681,no
rKaHyPar,sat14_manol-pipe-g10bid_i.cnf.hgr,no,no,9,16,0.03,0.0299991,207.652,cut,46459,44042,no
rKaHyPar,sat14_manol-pipe-g10bid_i.cnf.hgr,no,no,0,2,0.03,0.0281414,44.0264,cut,6206,6206,no
rKaHyPar,sat14_manol-pipe-g10bid_i.cnf.hgr,no,no,1,2,0.03,0.0109608,58.4433,cut,6469,6469,no
rKaHyPar,sat14_manol-pipe-g10bid_i.cnf.hgr,no,no,2,2,0.03,0.0281414,40.69,cut,6206,6206,no
rKaHyPar,sat14_manol-pipe-g10bid_i.cnf.hgr,no,no,3,2,0.03,0.0281414,40.3621,cut,6206,6206,no
rKaHyPar,sat14_manol-pipe-g10bid_i.cnf.hgr,no,no,4,2,0.03,0.0281414,39.9752,cut,6206,6206,no
rKaHyPar,sat14_manol-pipe-g10bid_i.cnf.hgr,no,no,5,2,0.03,0.0109608,42.7127,cut,6469,6469,no
rKaHyPar,sat14_manol-pipe-g10bid_i.cnf.hgr,no,no,6,2,0.03,0.0281414,40.2161,cut,6206,6206,no
rKaHyPar,sat14_manol-pipe-g10bid_i.cnf.hgr,no,no,7,2,0.03,0.0281601,65.8005,cut,6496,6496,no
rKaHyPar,sat14_manol-pipe-g10bid_i.cnf.hgr,no,no,8,2,0.03,0.0109608,60.5145,cut,6469,6469,no
rKaHyPar,sat14_manol-pipe-g10bid_i.cnf.hgr,no,no,9,2,0.03,0.0281414,41.302,cut,6206,6206,no
rKaHyPar,sat14_manol-pipe-g10bid_i.cnf.hgr,no,no,0,32,0.03,0.0299682,206.494,cut,73176,67222,no
rKaHyPar,sat14_manol-pipe-g10bid_i.cnf.hgr,no,no,1,32,0.03,0.0299682,264.112,cut,75316,68978,no
rKaHyPar,sat14_manol-pipe-g10bid_i.cnf.hgr,no,no,2,32,0.03,0.0299682,182.395,cut,76505,69613,no
rKaHyPar,sat14_manol-pipe-g10bid_i.cnf.hgr,no,no,3,32,0.03,0.0299682,278.426,cut,74048,67846,no
rKaHyPar,sat14_manol-pipe-g10bid_i.cnf.hgr,no,no,4,32,0.03,0.0299682,161.115,cut,74671,68243,no
rKaHyPar,sat14_manol-pipe-g10bid_i.cnf.hgr,no,no,5,32,0.03,0.0299682,193.481,cut,77767,70281,no
rKaHyPar,sat14_manol-pipe-g10bid_i.cnf.hgr,no,no,6,32,0.03,0.0299682,264.154,cut,78782,71626,no
rKaHyPar,sat14_manol-pipe-g10bid_i.cnf.hgr,no,no,7,32,0.03,0.0299682,284.17,cut,78537,72415,no
rKaHyPar,sat14_manol-pipe-g10bid_i.cnf.hgr,no,no,8,32,0.03,0.0299682,260.156,cut,73499,68088,no
rKaHyPar,sat14_manol-pipe-g10bid_i.cnf.hgr,no,no,9,32,0.03,0.0299682,251.484,cut,72156,67238,no
rKaHyPar,sat14_manol-pipe-g10bid_i.cnf.hgr,no,no,0,4,0.03,0.0297291,113.725,cut,15384,15040,no
rKaHyPar,sat14_manol-pipe-g10bid_i.cnf.hgr,no,no,1,4,0.03,0.0196017,439.074,cut,14061,13870,no
rKaHyPar,sat14_manol-pipe-g10bid_i.cnf.hgr,no,no,2,4,0.03,0.0286405,247.821,cut,18586,18240,no
rKaHyPar,sat14_manol-pipe-g10bid_i.cnf.hgr,no,no,3,4,0.03,0.0299843,92.1997,cut,14436,14059,no
rKaHyPar,sat14_manol-pipe-g10bid_i.cnf.hgr,no,no,4,4,0.03,0.029654,427.411,cut,18144,17602,no
rKaHyPar,sat14_manol-pipe-g10bid_i.cnf.hgr,no,no,5,4,0.03,0.0264108,312.224,cut,19502,18761,no
rKaHyPar,sat14_manol-pipe-g10bid_i.cnf.hgr,no,no,6,4,0.03,0.0148871,132.115,cut,15860,15390,no
rKaHyPar,sat14_manol-pipe-g10bid_i.cnf.hgr,no,no,7,4,0.03,0.0299843,124.505,cut,15457,15184,no
rKaHyPar,sat14_manol-pipe-g10bid_i.cnf.hgr,no,no,8,4,0.03,0.0299993,407.466,cut,17063,16387,no
rKaHyPar,sat14_manol-pipe-g10bid_i.cnf.hgr,no,no,9,4,0.03,0.0207953,169.397,cut,14874,14400,no
rKaHyPar,sat14_manol-pipe-g10bid_i.cnf.hgr,no,no,0,64,0.03,0.0299063,285.442,cut,114383,100724,no
rKaHyPar,sat14_manol-pipe-g10bid_i.cnf.hgr,no,no,1,64,0.03,0.0299063,274.085,cut,120605,104751,no
rKaHyPar,sat14_manol-pipe-g10bid_i.cnf.hgr,no,no,2,64,0.03,0.0299063,284.213,cut,112473,101019,no
rKaHyPar,sat14_manol-pipe-g10bid_i.cnf.hgr,no,no,3,64,0.03,0.0299063,263.636,cut,115581,100081,no
rKaHyPar,sat14_manol-pipe-g10bid_i.cnf.hgr,no,no,4,64,0.03,0.0299063,196.391,cut,117020,102556,no
rKaHyPar,sat14_manol-pipe-g10bid_i.cnf.hgr,no,no,5,64,0.03,0.0299063,264.401,cut,113256,99531,no
rKaHyPar,sat14_manol-pipe-g10bid_i.cnf.hgr,no,no,6,64,0.03,0.0299063,175.93,cut,115685,102106,no
rKaHyPar,sat14_manol-pipe-g10bid_i.cnf.hgr,no,no,7,64,0.03,0.0299063,269.819,cut,119044,103951,no
rKaHyPar,sat14_manol-pipe-g10bid_i.cnf.hgr,no,no,8,64,0.03,0.0299063,190.129,cut,112720,101549,no
rKaHyPar,sat14_manol-pipe-g10bid_i.cnf.hgr,no,no,9,64,0.03,0.0299063,297.491,cut,113306,101303,no
rKaHyPar,sat14_manol-pipe-g10bid_i.cnf.hgr,no,no,0,8,0.03,0.0299991,189.797,cut,28362,26761,no
rKaHyPar,sat14_manol-pipe-g10bid_i.cnf.hgr,no,no,1,8,0.03,0.0299841,159.104,cut,27582,26190,no
rKaHyPar,sat14_manol-pipe-g10bid_i.cnf.hgr,no,no,2,8,0.03,0.0299991,369.197,cut,27669,26666,no
rKaHyPar,sat14_manol-pipe-g10bid_i.cnf.hgr,no,no,3,8,0.03,0.0297589,139.833,cut,29588,28629,no
rKaHyPar,sat14_manol-pipe-g10bid_i.cnf.hgr,no,no,4,8,0.03,0.0299991,243.009,cut,26168,24878,no
rKaHyPar,sat14_manol-pipe-g10bid_i.cnf.hgr,no,no,5,8,0.03,0.0299991,379.96,cut,27675,26417,no
rKaHyPar,sat14_manol-pipe-g10bid_i.cnf.hgr,no,no,6,8,0.03,0.0299991,146.672,cut,26828,25192,no
rKaHyPar,sat14_manol-pipe-g10bid_i.cnf.hgr,no,no,7,8,0.03,0.0299991,170.831,cut,25627,24520,no
rKaHyPar,sat14_manol-pipe-g10bid_i.cnf.hgr,no,no,8,8,0.03,0.0299991,320.116,cut,28902,27822,no
rKaHyPar,sat14_manol-pipe-g10bid_i.cnf.hgr,no,no,9,8,0.03,0.0299991,135.71,cut,26395,25166,no
rKaHyPar,sat14_manol-pipe-g10bid_i.cnf.primal.hgr,no,no,0,128,0.03,0.0297791,118.618,cut,159295,148918,no
rKaHyPar,sat14_manol-pipe-g10bid_i.cnf.primal.hgr,no,no,1,128,0.03,0.0297791,94.0168,cut,158233,147883,no
rKaHyPar,sat14_manol-pipe-g10bid_i.cnf.primal.hgr,no,no,2,128,0.03,0.0297791,78.7726,cut,162663,151281,no
rKaHyPar,sat14_manol-pipe-g10bid_i.cnf.primal.hgr,no,no,3,128,0.03,0.0297791,81.6618,cut,159704,148395,no
rKaHyPar,sat14_manol-pipe-g10bid_i.cnf.primal.hgr,no,no,4,128,0.03,0.0297791,77.1251,cut,160612,149343,no
rKaHyPar,sat14_manol-pipe-g10bid_i.cnf.primal.hgr,no,no,5,128,0.03,0.0297791,84.6529,cut,159657,148582,no
rKaHyPar,sat14_manol-pipe-g10bid_i.cnf.primal.hgr,no,no,6,128,0.03,0.0297791,86.5608,cut,160611,149418,no
rKaHyPar,sat14_manol-pipe-g10bid_i.cnf.primal.hgr,no,no,7,128,0.03,0.0297791,110.703,cut,157805,146895,no
rKaHyPar,sat14_manol-pipe-g10bid_i.cnf.primal.hgr,no,no,8,128,0.03,0.0297791,87.3922,cut,160438,148921,no
rKaHyPar,sat14_manol-pipe-g10bid_i.cnf.primal.hgr,no,no,9,128,0.03,0.0297791,114.699,cut,158118,147726,no
rKaHyPar,sat14_manol-pipe-g10bid_i.cnf.primal.hgr,no,no,0,16,0.03,0.0299682,89.9376,cut,48620,46761,no
rKaHyPar,sat14_manol-pipe-g10bid_i.cnf.primal.hgr,no,no,1,16,0.03,0.0299682,93.2079,cut,50399,48715,no
rKaHyPar,sat14_manol-pipe-g10bid_i.cnf.primal.hgr,no,no,2,16,0.03,0.0298481,95.3374,cut,46273,44753,no
rKaHyPar,sat14_manol-pipe-g10bid_i.cnf.primal.hgr,no,no,3,16,0.03,0.0299682,64.1646,cut,45567,43759,no
rKaHyPar,sat14_manol-pipe-g10bid_i.cnf.primal.hgr,no,no,4,16,0.03,0.0299682,81.4646,cut,45155,43548,no
rKaHyPar,sat14_manol-pipe-g10bid_i.cnf.primal.hgr,no,no,5,16,0.03,0.0299682,74.0222,cut,44516,43195,no
rKaHyPar,sat14_manol-pipe-g10bid_i.cnf.primal.hgr,no,no,6,16,0.03,0.0299682,111.56,cut,45641,44176,no
rKaHyPar,sat14_manol-pipe-g10bid_i.cnf.primal.hgr,no,no,7,16,0.03,0.0299682,66.6609,cut,43221,42136,no
rKaHyPar,sat14_manol-pipe-g10bid_i.cnf.primal.hgr,no,no,8,16,0.03,0.0299682,105.879,cut,47075,45271,no
rKaHyPar,sat14_manol-pipe-g10bid_i.cnf.primal.hgr,no,no,9,16,0.03,0.0299682,120.478,cut,46380,44865,no
rKaHyPar,sat14_manol-pipe-g10bid_i.cnf.primal.hgr,no,no,0,2,0.03,0.0264784,21.9718,cut,6471,6471,no
rKaHyPar,sat14_manol-pipe-g10bid_i.cnf.primal.hgr,no,no,1,2,0.03,0.0264784,27.3652,cut,6471,6471,no
rKaHyPar,sat14_manol-pipe-g10bid_i.cnf.primal.hgr,no,no,2,2,0.03,0.024534,21.276,cut,6815,6815,no
rKaHyPar,sat14_manol-pipe-g10bid_i.cnf.primal.hgr,no,no,3,2,0.03,0.0140988,16.1036,cut,6477,6477,no
rKaHyPar,sat14_manol-pipe-g10bid_i.cnf.primal.hgr,no,no,4,2,0.03,0.0140988,15.9872,cut,6477,6477,no
rKaHyPar,sat14_manol-pipe-g10bid_i.cnf.primal.hgr,no,no,5,2,0.03,0.0299993,28.5118,cut,6990,6990,no
rKaHyPar,sat14_manol-pipe-g10bid_i.cnf.primal.hgr,no,no,6,2,0.03,0.0297741,23.0766,cut,6508,6508,no
rKaHyPar,sat14_manol-pipe-g10bid_i.cnf.primal.hgr,no,no,7,2,0.03,0.00823555,21.8746,cut,7070,7070,no
rKaHyPar,sat14_manol-pipe-g10bid_i.cnf.primal.hgr,no,no,8,2,0.03,0.0266736,32.1071,cut,6471,6471,no
rKaHyPar,sat14_manol-pipe-g10bid_i.cnf.primal.hgr,no,no,9,2,0.03,0.0299167,35.3375,cut,6820,6820,no
rKaHyPar,sat14_manol-pipe-g10bid_i.cnf.primal.hgr,no,no,0,32,0.03,0.0299063,83.0056,cut,74801,71375,no
rKaHyPar,sat14_manol-pipe-g10bid_i.cnf.primal.hgr,no,no,1,32,0.03,0.0299063,147.218,cut,73354,70979,no
rKaHyPar,sat14_manol-pipe-g10bid_i.cnf.primal.hgr,no,no,2,32,0.03,0.0299063,83.6521,cut,71178,68115,no
rKaHyPar,sat14_manol-pipe-g10bid_i.cnf.primal.hgr,no,no,3,32,0.03,0.0299063,90.0992,cut,72233,69354,no
rKaHyPar,sat14_manol-pipe-g10bid_i.cnf.primal.hgr,no,no,4,32,0.03,0.0299063,78.2629,cut,75724,71875,no
rKaHyPar,sat14_manol-pipe-g10bid_i.cnf.primal.hgr,no,no,5,32,0.03,0.0299063,85.4989,cut,73418,70655,no
rKaHyPar,sat14_manol-pipe-g10bid_i.cnf.primal.hgr,no,no,6,32,0.03,0.0299063,99.221,cut,74342,71007,no
rKaHyPar,sat14_manol-pipe-g10bid_i.cnf.primal.hgr,no,no,7,32,0.03,0.0299063,120.553,cut,71704,68820,no
rKaHyPar,sat14_manol-pipe-g10bid_i.cnf.primal.hgr,no,no,8,32,0.03,0.0299063,98.8668,cut,73089,70553,no
rKaHyPar,sat14_manol-pipe-g10bid_i.cnf.primal.hgr,no,no,9,32,0.03,0.0299063,110.621,cut,70547,67900,no
rKaHyPar,sat14_manol-pipe-g10bid_i.cnf.primal.hgr,no,no,0,4,0.03,0.0299691,64.748,cut,13335,13326,no
rKaHyPar,sat14_manol-pipe-g10bid_i.cnf.primal.hgr,no,no,1,4,0.03,0.0246239,38.3734,cut,14982,14925,no
rKaHyPar,sat14_manol-pipe-g10bid_i.cnf.primal.hgr,no,no,2,4,0.03,0.029939,72.7519,cut,14887,14837,no
rKaHyPar,sat14_manol-pipe-g10bid_i.cnf.primal.hgr,no,no,3,4,0.03,0.0264857,78.6288,cut,14721,14704,no
rKaHyPar,sat14_manol-pipe-g10bid_i.cnf.primal.hgr,no,no,4,4,0.03,0.0194739,57.8555,cut,14470,14392,no
rKaHyPar,sat14_manol-pipe-g10bid_i.cnf.primal.hgr,no,no,5,4,0.03,0.0299991,171.644,cut,15107,15051,no
rKaHyPar,sat14_manol-pipe-g10bid_i.cnf.primal.hgr,no,no,6,4,0.03,0.0299991,226.847,cut,13853,13833,no
rKaHyPar,sat14_manol-pipe-g10bid_i.cnf.primal.hgr,no,no,7,4,0.03,0.0299991,91.6026,cut,13436,13422,no
rKaHyPar,sat14_manol-pipe-g10bid_i.cnf.primal.hgr,no,no,8,4,0.03,0.0299991,112.198,cut,14019,13870,no
rKaHyPar,sat14_manol-pipe-g10bid_i.cnf.primal.hgr,no,no,9,4,0.03,0.0199844,136.208,cut,14680,14665,no
rKaHyPar,sat14_manol-pipe-g10bid_i.cnf.primal.hgr,no,no,0,64,0.03,0.0297862,101.509,cut,110672,102929,no
rKaHyPar,sat14_manol-pipe-g10bid_i.cnf.primal.hgr,no,no,1,64,0.03,0.0297862,79.2825,cut,110272,103011,no
rKaHyPar,sat14_manol-pipe-g10bid_i.cnf.primal.hgr,no,no,2,64,0.03,0.0297862,110.384,cut,110919,103056,no
rKaHyPar,sat14_manol-pipe-g10bid_i.cnf.primal.hgr,no,no,3,64,0.03,0.0297862,116.494,cut,110993,104268,no
rKaHyPar,sat14_manol-pipe-g10bid_i.cnf.primal.hgr,no,no,4,64,0.03,0.0297862,76.6483,cut,107787,99910,no
rKaHyPar,sat14_manol-pipe-g10bid_i.cnf.primal.hgr,no,no,5,64,0.03,0.0297862,125.219,cut,108999,102020,no
rKaHyPar,sat14_manol-pipe-g10bid_i.cnf.primal.hgr,no,no,6,64,0.03,0.0297862,80.0442,cut,110290,102644,no
rKaHyPar,sat14_manol-pipe-g10bid_i.cnf.primal.hgr,no,no,7,64,0.03,0.0297862,123.729,cut,110592,103659,no
rKaHyPar,sat14_manol-pipe-g10bid_i.cnf.primal.hgr,no,no,8,64,0.03,0.0297862,82.2923,cut,109161,102187,no
rKaHyPar,sat14_manol-pipe-g10bid_i.cnf.primal.hgr,no,no,9,64,0.03,0.0297862,129.141,cut,111137,103692,no
rKaHyPar,sat14_manol-pipe-g10bid_i.cnf.primal.hgr,no,no,0,8,0.03,0.0299991,50.9457,cut,26065,25540,no
rKaHyPar,sat14_manol-pipe-g10bid_i.cnf.primal.hgr,no,no,1,8,0.03,0.0290081,48.0965,cut,25448,24342,no
rKaHyPar,sat14_manol-pipe-g10bid_i.cnf.primal.hgr,no,no,2,8,0.03,0.029939,80.6375,cut,25965,25448,no
rKaHyPar,sat14_manol-pipe-g10bid_i.cnf.primal.hgr,no,no,3,8,0.03,0.0299991,61.5227,cut,26123,25584,no
rKaHyPar,sat14_manol-pipe-g10bid_i.cnf.primal.hgr,no,no,4,8,0.03,0.0299991,85.5318,cut,27964,26907,no
rKaHyPar,sat14_manol-pipe-g10bid_i.cnf.primal.hgr,no,no,5,8,0.03,0.0299991,71.4758,cut,25693,25110,no
rKaHyPar,sat14_manol-pipe-g10bid_i.cnf.primal.hgr,no,no,6,8,0.03,0.0299991,54.3622,cut,26117,25238,no
rKaHyPar,sat14_manol-pipe-g10bid_i.cnf.primal.hgr,no,no,7,8,0.03,0.029879,100.194,cut,25723,25240,no
rKaHyPar,sat14_manol-pipe-g10bid_i.cnf.primal.hgr,no,no,8,8,0.03,0.0297589,87.4658,cut,27362,26470,no
rKaHyPar,sat14_manol-pipe-g10bid_i.cnf.primal.hgr,no,no,9,8,0.03,0.0299991,45.811,cut,25674,25143,no
rKaHyPar,sat14_MD5-28-1.cnf.dual.hgr,no,no,0,128,0.03,0.0265849,10.2152,cut,5231,1706,no
rKaHyPar,sat14_MD5-28-1.cnf.dual.hgr,no,no,1,128,0.03,0.0286299,7.10268,cut,5187,1700,no
rKaHyPar,sat14_MD5-28-1.cnf.dual.hgr,no,no,2,128,0.03,0.0286299,7.13151,cut,5231,1709,no
rKaHyPar,sat14_MD5-28-1.cnf.dual.hgr,no,no,3,128,0.03,0.0286299,7.07925,cut,5390,1764,no
rKaHyPar,sat14_MD5-28-1.cnf.dual.hgr,no,no,4,128,0.03,0.0286299,7.02029,cut,5206,1697,no
rKaHyPar,sat14_MD5-28-1.cnf.dual.hgr,no,no,5,128,0.03,0.0286299,7.07907,cut,5232,1728,no
rKaHyPar,sat14_MD5-28-1.cnf.dual.hgr,no,no,6,128,0.03,0.0286299,7.22774,cut,5207,1686,no
rKaHyPar,sat14_MD5-28-1.cnf.dual.hgr,no,no,7,128,0.03,0.0286299,10.5051,cut,5115,1665,no
rKaHyPar,sat14_MD5-28-1.cnf.dual.hgr,no,no,8,128,0.03,0.0286299,7.22648,cut,5200,1693,no
rKaHyPar,sat14_MD5-28-1.cnf.dual.hgr,no,no,9,128,0.03,0.0286299,10.0839,cut,5175,1700,no
rKaHyPar,sat14_MD5-28-1.cnf.dual.hgr,no,no,0,16,0.03,0.0299233,3.51873,cut,2846,1165,no
rKaHyPar,sat14_MD5-28-1.cnf.dual.hgr,no,no,1,16,0.03,0.0263427,3.46067,cut,2821,1136,no
rKaHyPar,sat14_MD5-28-1.cnf.dual.hgr,no,no,2,16,0.03,0.0265985,4.93249,cut,2902,1084,no
rKaHyPar,sat14_MD5-28-1.cnf.dual.hgr,no,no,3,16,0.03,0.0283887,3.50911,cut,2785,1064,no
rKaHyPar,sat14_MD5-28-1.cnf.dual.hgr,no,no,4,16,0.03,0.0258312,3.50387,cut,2921,1100,no
rKaHyPar,sat14_MD5-28-1.cnf.dual.hgr,no,no,5,16,0.03,0.0263427,3.50303,cut,2937,1134,no
rKaHyPar,sat14_MD5-28-1.cnf.dual.hgr,no,no,6,16,0.03,0.0283887,5.11397,cut,3219,937,no
rKaHyPar,sat14_MD5-28-1.cnf.dual.hgr,no,no,7,16,0.03,0.0202046,3.45498,cut,2884,1110,no
rKaHyPar,sat14_MD5-28-1.cnf.dual.hgr,no,no,8,16,0.03,0.028133,5.06139,cut,3074,969,no
rKaHyPar,sat14_MD5-28-1.cnf.dual.hgr,no,no,9,16,0.03,0.0278772,4.891,cut,3042,1068,no
rKaHyPar,sat14_MD5-28-1.cnf.dual.hgr,no,no,0,2,0.03,0.0283577,1.07072,cut,463,463,no
rKaHyPar,sat14_MD5-28-1.cnf.dual.hgr,no,no,1,2,0.03,0.0291889,1.55511,cut,460,460,no
rKaHyPar,sat14_MD5-28-1.cnf.dual.hgr,no,no,2,2,0.03,0.0285815,1.05919,cut,463,463,no
rKaHyPar,sat14_MD5-28-1.cnf.dual.hgr,no,no,3,2,0.03,0,1.11145,cut,454,454,no
rKaHyPar,sat14_MD5-28-1.cnf.dual.hgr,no,no,4,2,0.03,0.0282618,1.13047,cut,461,461,no
rKaHyPar,sat14_MD5-28-1.cnf.dual.hgr,no,no,5,2,0.03,0.0285815,1.10422,cut,463,463,no
rKaHyPar,sat14_MD5-28-1.cnf.dual.hgr,no,no,6,2,0.03,0.0288053,1.11777,cut,463,463,no
rKaHyPar,sat14_MD5-28-1.cnf.dual.hgr,no,no,7,2,0.03,0.0283577,1.06903,cut,463,463,no
rKaHyPar,sat14_MD5-28-1.cnf.dual.hgr,no,no,8,2,0.03,0.0299242,1.59502,cut,479,479,no
rKaHyPar,sat14_MD5-28-1.cnf.dual.hgr,no,no,9,2,0.03,0.0285815,1.09088,cut,463,463,no
rKaHyPar,sat14_MD5-28-1.cnf.dual.hgr,no,no,0,32,0.03,0.0255754,4.33866,cut,3698,1173,no
rKaHyPar,sat14_MD5-28-1.cnf.dual.hgr,no,no,1,32,0.03,0.0296675,6.40634,cut,3727,1189,no
rKaHyPar,sat14_MD5-28-1.cnf.dual.hgr,no,no,2,32,0.03,0.0240409,4.46539,cut,3699,1162,no
rKaHyPar,sat14_MD5-28-1.cnf.dual.hgr,no,no,3,32,0.03,0.0296675,6.12354,cut,3725,1229,no
rKaHyPar,sat14_MD5-28-1.cnf.dual.hgr,no,no,4,32,0.03,0.028133,4.40419,cut,3673,1204,no
rKaHyPar,sat14_MD5-28-1.cnf.dual.hgr,no,no,5,32,0.03,0.0276215,4.42276,cut,3661,1146,no
rKaHyPar,sat14_MD5-28-1.cnf.dual.hgr,no,no,6,32,0.03,0.029156,6.30703,cut,4040,1075,no
rKaHyPar,sat14_MD5-28-1.cnf.dual.hgr,no,no,7,32,0.03,0.0209719,6.32593,cut,3680,1177,no
rKaHyPar,sat14_MD5-28-1.cnf.dual.hgr,no,no,8,32,0.03,0.029156,4.39067,cut,3806,1053,no
rKaHyPar,sat14_MD5-28-1.cnf.dual.hgr,no,no,9,32,0.03,0.0250639,6.28678,cut,3713,1187,no
rKaHyPar,sat14_MD5-28-1.cnf.dual.hgr,no,no,0,4,0.03,0.0188619,1.95176,cut,1031,804,no
rKaHyPar,sat14_MD5-28-1.cnf.dual.hgr,no,no,1,4,0.03,0.0123402,2.91596,cut,992,806,no
rKaHyPar,sat14_MD5-28-1.cnf.dual.hgr,no,no,2,4,0.03,0.023977,1.96838,cut,977,811,no
rKaHyPar,sat14_MD5-28-1.cnf.dual.hgr,no,no,3,4,0.03,0.0171995,1.98932,cut,1010,809,no
rKaHyPar,sat14_MD5-28-1.cnf.dual.hgr,no,no,4,4,0.03,0.0121483,2.76765,cut,995,801,no
rKaHyPar,sat14_MD5-28-1.cnf.dual.hgr,no,no,5,4,0.03,0.0119565,1.94086,cut,1023,799,no
rKaHyPar,sat14_MD5-28-1.cnf.dual.hgr,no,no,6,4,0.03,0.0192455,2.82824,cut,1330,780,no
rKaHyPar,sat14_MD5-28-1.cnf.dual.hgr,no,no,7,4,0.03,0.0218031,2.84736,cut,1023,804,no
rKaHyPar,sat14_MD5-28-1.cnf.dual.hgr,no,no,8,4,0.03,0.0092711,2.71229,cut,1130,775,no
rKaHyPar,sat14_MD5-28-1.cnf.dual.hgr,no,no,9,4,0.03,0.012532,2.84351,cut,1029,806,no
rKaHyPar,sat14_MD5-28-1.cnf.dual.hgr,no,no,0,64,0.03,0.0296524,7.84549,cut,4407,1365,no
rKaHyPar,sat14_MD5-28-1.cnf.dual.hgr,no,no,1,64,0.03,0.0296524,5.6099,cut,4473,1361,no
rKaHyPar,sat14_MD5-28-1.cnf.dual.hgr,no,no,2,64,0.03,0.0296524,7.82109,cut,4346,1326,no
rKaHyPar,sat14_MD5-28-1.cnf.dual.hgr,no,no,3,64,0.03,0.0296524,8.01778,cut,4420,1383,no
rKaHyPar,sat14_MD5-28-1.cnf.dual.hgr,no,no,4,64,0.03,0.0296524,5.59649,cut,4423,1376,no
rKaHyPar,sat14_MD5-28-1.cnf.dual.hgr,no,no,5,64,0.03,0.0276074,7.93516,cut,4513,1396,no
rKaHyPar,sat14_MD5-28-1.cnf.dual.hgr,no,no,6,64,0.03,0.0296524,5.67211,cut,4606,1297,no
rKaHyPar,sat14_MD5-28-1.cnf.dual.hgr,no,no,7,64,0.03,0.0296524,7.92399,cut,4356,1358,no
rKaHyPar,sat14_MD5-28-1.cnf.dual.hgr,no,no,8,64,0.03,0.0296524,5.65966,cut,4452,1292,no
rKaHyPar,sat14_MD5-28-1.cnf.dual.hgr,no,no,9,64,0.03,0.0296524,7.81854,cut,4302,1358,no
rKaHyPar,sat14_MD5-28-1.cnf.dual.hgr,no,no,0,8,0.03,0.00703325,2.78851,cut,1644,1114,no
rKaHyPar,sat14_MD5-28-1.cnf.dual.hgr,no,no,1,8,0.03,0.0248082,2.75109,cut,1775,1071,no
rKaHyPar,sat14_MD5-28-1.cnf.dual.hgr,no,no,2,8,0.03,0.026087,2.73479,cut,1717,1051,no
rKaHyPar,sat14_MD5-28-1.cnf.dual.hgr,no,no,3,8,0.03,0.0102302,2.73773,cut,1807,1015,no
rKaHyPar,sat14_MD5-28-1.cnf.dual.hgr,no,no,4,8,0.03,0.0249361,3.90014,cut,1801,998,no
rKaHyPar,sat14_MD5-28-1.cnf.dual.hgr,no,no,5,8,0.03,0.0217391,3.92389,cut,1798,1034,no
rKaHyPar,sat14_MD5-28-1.cnf.dual.hgr,no,no,6,8,0.03,0.0149616,2.73008,cut,2308,833,no
rKaHyPar,sat14_MD5-28-1.cnf.dual.hgr,no,no,7,8,0.03,0.0084399,4.12753,cut,1683,1028,no
rKaHyPar,sat14_MD5-28-1.cnf.dual.hgr,no,no,8,8,0.03,0.0210997,2.81819,cut,2067,902,no
rKaHyPar,sat14_MD5-28-1.cnf.dual.hgr,no,no,9,8,0.03,0.0112532,2.78434,cut,1764,1046,no
rKaHyPar,sat14_MD5-28-1.cnf.hgr,no,no,0,128,0.03,0.0230769,10.1589,cut,26719,20290,no
rKaHyPar,sat14_MD5-28-1.cnf.hgr,no,no,1,128,0.03,0.0230769,7.35376,cut,27167,20604,no
rKaHyPar,sat14_MD5-28-1.cnf.hgr,no,no,2,128,0.03,0.0230769,7.58182,cut,27151,20411,no
rKaHyPar,sat14_MD5-28-1.cnf.hgr,no,no,3,128,0.03,0.0230769,7.36912,cut,26998,20501,no
rKaHyPar,sat14_MD5-28-1.cnf.hgr,no,no,4,128,0.03,0.0230769,7.35523,cut,26913,20375,no
rKaHyPar,sat14_MD5-28-1.cnf.hgr,no,no,5,128,0.03,0.0230769,7.37688,cut,26524,20418,no
rKaHyPar,sat14_MD5-28-1.cnf.hgr,no,no,6,128,0.03,0.0230769,7.35837,cut,27164,20220,no
rKaHyPar,sat14_MD5-28-1.cnf.hgr,no,no,7,128,0.03,0.0230769,10.2389,cut,26777,20328,no
rKaHyPar,sat14_MD5-28-1.cnf.hgr,no,no,8,128,0.03,0.0230769,10.0628,cut,26868,20400,no
rKaHyPar,sat14_MD5-28-1.cnf.hgr,no,no,9,128,0.03,0.0230769,10.1588,cut,26890,20458,no
rKaHyPar,sat14_MD5-28-1.cnf.hgr,no,no,0,16,0.03,0.0299228,2.14996,cut,13100,9832,no
rKaHyPar,sat14_MD5-28-1.cnf.hgr,no,no,1,16,0.03,0.0299228,2.22354,cut,13166,10155,no
rKaHyPar,sat14_MD5-28-1.cnf.hgr,no,no,2,16,0.03,0.0299228,2.30762,cut,12932,9935,no
rKaHyPar,sat14_MD5-28-1.cnf.hgr,no,no,3,16,0.03,0.0299228,2.19571,cut,13089,9815,no
rKaHyPar,sat14_MD5-28-1.cnf.hgr,no,no,4,16,0.03,0.0289575,2.18544,cut,13350,9908,no
rKaHyPar,sat14_MD5-28-1.cnf.hgr,no,no,5,16,0.03,0.0299228,2.33128,cut,12948,9862,no
rKaHyPar,sat14_MD5-28-1.cnf.hgr,no,no,6,16,0.03,0.0299228,3.19222,cut,13611,10098,no
rKaHyPar,sat14_MD5-28-1.cnf.hgr,no,no,7,16,0.03,0.0299228,2.15915,cut,12677,9826,no
rKaHyPar,sat14_MD5-28-1.cnf.hgr,no,no,8,16,0.03,0.0279923,2.22807,cut,12888,10118,no
rKaHyPar,sat14_MD5-28-1.cnf.hgr,no,no,9,16,0.03,0.0299228,3.02538,cut,12972,9850,no
rKaHyPar,sat14_MD5-28-1.cnf.hgr,no,no,0,2,0.03,0.0299445,0.803357,cut,3541,3541,no
rKaHyPar,sat14_MD5-28-1.cnf.hgr,no,no,1,2,0.03,0.0299445,1.21741,cut,3563,3563,no
rKaHyPar,sat14_MD5-28-1.cnf.hgr,no,no,2,2,0.03,0.0299445,0.772015,cut,3538,3538,no
rKaHyPar,sat14_MD5-28-1.cnf.hgr,no,no,3,2,0.03,0.0299445,0.681364,cut,3541,3541,no
rKaHyPar,sat14_MD5-28-1.cnf.hgr,no,no,4,2,0.03,0.0299445,0.654425,cut,3532,3532,no
rKaHyPar,sat14_MD5-28-1.cnf.hgr,no,no,5,2,0.03,0.0299445,0.877487,cut,3523,3523,no
rKaHyPar,sat14_MD5-28-1.cnf.hgr,no,no,6,2,0.03,0.0299445,0.68651,cut,3527,3527,no
rKaHyPar,sat14_MD5-28-1.cnf.hgr,no,no,7,2,0.03,0.0299445,0.706111,cut,3518,3518,no
rKaHyPar,sat14_MD5-28-1.cnf.hgr,no,no,8,2,0.03,0.0299445,1.24425,cut,3538,3538,no
rKaHyPar,sat14_MD5-28-1.cnf.hgr,no,no,9,2,0.03,0.0299445,0.820419,cut,3533,3533,no
rKaHyPar,sat14_MD5-28-1.cnf.hgr,no,no,0,32,0.03,0.0289575,3.10195,cut,16190,12030,no
rKaHyPar,sat14_MD5-28-1.cnf.hgr,no,no,1,32,0.03,0.0289575,4.34856,cut,15809,11777,no
rKaHyPar,sat14_MD5-28-1.cnf.hgr,no,no,2,32,0.03,0.0289575,3.1104,cut,15933,12053,no
rKaHyPar,sat14_MD5-28-1.cnf.hgr,no,no,3,32,0.03,0.0289575,4.38165,cut,15937,11909,no
rKaHyPar,sat14_MD5-28-1.cnf.hgr,no,no,4,32,0.03,0.0289575,4.33031,cut,16076,11906,no
rKaHyPar,sat14_MD5-28-1.cnf.hgr,no,no,5,32,0.03,0.0289575,3.15332,cut,15865,12044,no
rKaHyPar,sat14_MD5-28-1.cnf.hgr,no,no,6,32,0.03,0.0289575,4.28875,cut,15685,11875,no
rKaHyPar,sat14_MD5-28-1.cnf.hgr,no,no,7,32,0.03,0.0289575,3.22637,cut,15692,11836,no
rKaHyPar,sat14_MD5-28-1.cnf.hgr,no,no,8,32,0.03,0.0289575,3.13269,cut,15787,11770,no
rKaHyPar,sat14_MD5-28-1.cnf.hgr,no,no,9,32,0.03,0.0289575,4.35378,cut,15620,11797,no
rKaHyPar,sat14_MD5-28-1.cnf.hgr,no,no,0,4,0.03,0.0299445,1.30797,cut,7551,6520,no
rKaHyPar,sat14_MD5-28-1.cnf.hgr,no,no,1,4,0.03,0.0181116,1.20996,cut,7541,6479,no
rKaHyPar,sat14_MD5-28-1.cnf.hgr,no,no,2,4,0.03,0.0299445,1.29591,cut,7425,6365,no
rKaHyPar,sat14_MD5-28-1.cnf.hgr,no,no,3,4,0.03,0.0284955,1.14704,cut,7479,6496,no
rKaHyPar,sat14_MD5-28-1.cnf.hgr,no,no,4,4,0.03,0.0299445,1.56785,cut,7516,6408,no
rKaHyPar,sat14_MD5-28-1.cnf.hgr,no,no,5,4,0.03,0.0277711,1.08138,cut,7590,6379,no
rKaHyPar,sat14_MD5-28-1.cnf.hgr,no,no,6,4,0.03,0.0280126,1.68268,cut,7352,6539,no
rKaHyPar,sat14_MD5-28-1.cnf.hgr,no,no,7,4,0.03,0.0241488,1.25742,cut,7627,6473,no
rKaHyPar,sat14_MD5-28-1.cnf.hgr,no,no,8,4,0.03,0.0270466,1.91726,cut,7420,6370,no
rKaHyPar,sat14_MD5-28-1.cnf.hgr,no,no,9,4,0.03,0.028254,1.49939,cut,7521,6529,no
rKaHyPar,sat14_MD5-28-1.cnf.hgr,no,no,0,64,0.03,0.027027,6.1125,cut,19943,15138,no
rKaHyPar,sat14_MD5-28-1.cnf.hgr,no,no,1,64,0.03,0.027027,4.45283,cut,19677,15226,no
rKaHyPar,sat14_MD5-28-1.cnf.hgr,no,no,2,64,0.03,0.027027,6.27167,cut,20455,15295,no
rKaHyPar,sat14_MD5-28-1.cnf.hgr,no,no,3,64,0.03,0.027027,6.11423,cut,19984,14925,no
rKaHyPar,sat14_MD5-28-1.cnf.hgr,no,no,4,64,0.03,0.027027,4.4648,cut,19876,15140,no
rKaHyPar,sat14_MD5-28-1.cnf.hgr,no,no,5,64,0.03,0.027027,6.26787,cut,19605,14911,no
rKaHyPar,sat14_MD5-28-1.cnf.hgr,no,no,6,64,0.03,0.027027,4.44994,cut,19858,15014,no
rKaHyPar,sat14_MD5-28-1.cnf.hgr,no,no,7,64,0.03,0.027027,6.31518,cut,20341,15172,no
rKaHyPar,sat14_MD5-28-1.cnf.hgr,no,no,8,64,0.03,0.027027,4.47108,cut,20163,15029,no
rKaHyPar,sat14_MD5-28-1.cnf.hgr,no,no,9,64,0.03,0.027027,6.11401,cut,20276,15366,no
rKaHyPar,sat14_MD5-28-1.cnf.hgr,no,no,0,8,0.03,0.0270401,2.12646,cut,10749,8451,no
rKaHyPar,sat14_MD5-28-1.cnf.hgr,no,no,1,8,0.03,0.0280058,1.5417,cut,10722,8497,no
rKaHyPar,sat14_MD5-28-1.cnf.hgr,no,no,2,8,0.03,0.0231772,1.79199,cut,10258,8259,no
rKaHyPar,sat14_MD5-28-1.cnf.hgr,no,no,3,8,0.03,0.0255915,2.24219,cut,10682,8286,no
rKaHyPar,sat14_MD5-28-1.cnf.hgr,no,no,4,8,0.03,0.0299372,2.18668,cut,10306,8190,no
rKaHyPar,sat14_MD5-28-1.cnf.hgr,no,no,5,8,0.03,0.0299372,2.91321,cut,10760,8278,no
rKaHyPar,sat14_MD5-28-1.cnf.hgr,no,no,6,8,0.03,0.0294544,2.23964,cut,10549,8488,no
rKaHyPar,sat14_MD5-28-1.cnf.hgr,no,no,7,8,0.03,0.0299372,2.85387,cut,10569,8423,no
rKaHyPar,sat14_MD5-28-1.cnf.hgr,no,no,8,8,0.03,0.0231772,2.04949,cut,10464,8329,no
rKaHyPar,sat14_MD5-28-1.cnf.hgr,no,no,9,8,0.03,0.0299372,2.00156,cut,10456,8424,no
rKaHyPar,sat14_MD5-28-1.cnf.primal.hgr,no,no,0,128,0.03,0.0153846,10.5036,cut,29682,20533,no
rKaHyPar,sat14_MD5-28-1.cnf.primal.hgr,no,no,1,128,0.03,0.0153846,7.24642,cut,28497,20542,no
rKaHyPar,sat14_MD5-28-1.cnf.primal.hgr,no,no,2,128,0.03,0.0153846,7.26278,cut,28498,20482,no
rKaHyPar,sat14_MD5-28-1.cnf.primal.hgr,no,no,3,128,0.03,0.0153846,7.3215,cut,28742,20431,no
rKaHyPar,sat14_MD5-28-1.cnf.primal.hgr,no,no,4,128,0.03,0.0153846,7.31155,cut,29362,20486,no
rKaHyPar,sat14_MD5-28-1.cnf.primal.hgr,no,no,5,128,0.03,0.0153846,7.33625,cut,28782,20498,no
rKaHyPar,sat14_MD5-28-1.cnf.primal.hgr,no,no,6,128,0.03,0.0153846,7.37363,cut,28143,20471,no
rKaHyPar,sat14_MD5-28-1.cnf.primal.hgr,no,no,7,128,0.03,0.0153846,10.6116,cut,28733,20425,no
rKaHyPar,sat14_MD5-28-1.cnf.primal.hgr,no,no,8,128,0.03,0.0153846,10.4942,cut,29036,20433,no
rKaHyPar,sat14_MD5-28-1.cnf.primal.hgr,no,no,9,128,0.03,0.0153846,10.9895,cut,29181,20618,no
rKaHyPar,sat14_MD5-28-1.cnf.primal.hgr,no,no,0,16,0.03,0.0289575,1.36943,cut,13367,9883,no
rKaHyPar,sat14_MD5-28-1.cnf.primal.hgr,no,no,1,16,0.03,0.0289575,1.54832,cut,12947,10071,no
rKaHyPar,sat14_MD5-28-1.cnf.primal.hgr,no,no,2,16,0.03,0.0289575,1.3775,cut,13331,10159,no
rKaHyPar,sat14_MD5-28-1.cnf.primal.hgr,no,no,3,16,0.03,0.0289575,1.40485,cut,13023,9818,no
rKaHyPar,sat14_MD5-28-1.cnf.primal.hgr,no,no,4,16,0.03,0.0289575,1.48618,cut,13148,9914,no
rKaHyPar,sat14_MD5-28-1.cnf.primal.hgr,no,no,5,16,0.03,0.0289575,1.38788,cut,13219,9820,no
rKaHyPar,sat14_MD5-28-1.cnf.primal.hgr,no,no,6,16,0.03,0.0289575,2.06786,cut,13239,9818,no
rKaHyPar,sat14_MD5-28-1.cnf.primal.hgr,no,no,7,16,0.03,0.0289575,1.48501,cut,13061,9815,no
rKaHyPar,sat14_MD5-28-1.cnf.primal.hgr,no,no,8,16,0.03,0.027027,1.46915,cut,13362,9914,no
rKaHyPar,sat14_MD5-28-1.cnf.primal.hgr,no,no,9,16,0.03,0.0289575,2.04199,cut,13524,9936,no
rKaHyPar,sat14_MD5-28-1.cnf.primal.hgr,no,no,0,2,0.03,0.0299445,0.472805,cut,3582,3582,no
rKaHyPar,sat14_MD5-28-1.cnf.primal.hgr,no,no,1,2,0.03,0.0299445,0.74825,cut,3544,3544,no
rKaHyPar,sat14_MD5-28-1.cnf.primal.hgr,no,no,2,2,0.03,0.0299445,0.418694,cut,3571,3571,no
rKaHyPar,sat14_MD5-28-1.cnf.primal.hgr,no,no,3,2,0.03,0.0299445,0.489356,cut,3591,3591,no
rKaHyPar,sat14_MD5-28-1.cnf.primal.hgr,no,no,4,2,0.03,0.0299445,0.42102,cut,3565,3565,no
rKaHyPar,sat14_MD5-28-1.cnf.primal.hgr,no,no,5,2,0.03,0.0299445,0.572625,cut,3541,3541,no
rKaHyPar,sat14_MD5-28-1.cnf.primal.hgr,no,no,6,2,0.03,0.0299445,0.407402,cut,3546,3546,no
rKaHyPar,sat14_MD5-28-1.cnf.primal.hgr,no,no,7,2,0.03,0.0299445,0.440853,cut,3561,3561,no
rKaHyPar,sat14_MD5-28-1.cnf.primal.hgr,no,no,8,2,0.03,0.0299445,0.694186,cut,3556,3556,no
rKaHyPar,sat14_MD5-28-1.cnf.primal.hgr,no,no,9,2,0.03,0.0299445,0.4314,cut,3554,3554,no
rKaHyPar,sat14_MD5-28-1.cnf.primal.hgr,no,no,0,32,0.03,0.027027,2.01727,cut,15908,11813,no
rKaHyPar,sat14_MD5-28-1.cnf.primal.hgr,no,no,1,32,0.03,0.027027,2.82139,cut,16098,11870,no
rKaHyPar,sat14_MD5-28-1.cnf.primal.hgr,no,no,2,32,0.03,0.027027,2.07205,cut,16026,11895,no
rKaHyPar,sat14_MD5-28-1.cnf.primal.hgr,no,no,3,32,0.03,0.027027,2.76077,cut,16681,11976,no
rKaHyPar,sat14_MD5-28-1.cnf.primal.hgr,no,no,4,32,0.03,0.027027,2.87006,cut,16195,11794,no
rKaHyPar,sat14_MD5-28-1.cnf.primal.hgr,no,no,5,32,0.03,0.027027,2.06515,cut,16211,11864,no
rKaHyPar,sat14_MD5-28-1.cnf.primal.hgr,no,no,6,32,0.03,0.027027,2.8071,cut,16484,12035,no
rKaHyPar,sat14_MD5-28-1.cnf.primal.hgr,no,no,7,32,0.03,0.023166,2.06415,cut,15795,11698,no
rKaHyPar,sat14_MD5-28-1.cnf.primal.hgr,no,no,8,32,0.03,0.027027,2.19276,cut,16646,12073,no
rKaHyPar,sat14_MD5-28-1.cnf.primal.hgr,no,no,9,32,0.03,0.027027,3.02972,cut,15626,11629,no
rKaHyPar,sat14_MD5-28-1.cnf.primal.hgr,no,no,0,4,0.03,0.0236601,0.705391,cut,7358,6520,no
rKaHyPar,sat14_MD5-28-1.cnf.primal.hgr,no,no,1,4,0.03,0.0299372,1.18199,cut,7395,6403,no
rKaHyPar,sat14_MD5-28-1.cnf.primal.hgr,no,no,2,4,0.03,0.0299372,0.741293,cut,7331,6291,no
rKaHyPar,sat14_MD5-28-1.cnf.primal.hgr,no,no,3,4,0.03,0.0144858,0.787631,cut,7661,6553,no
rKaHyPar,sat14_MD5-28-1.cnf.primal.hgr,no,no,4,4,0.03,0.0299372,1.06897,cut,7305,6335,no
rKaHyPar,sat14_MD5-28-1.cnf.primal.hgr,no,no,5,4,0.03,0.0299372,0.764647,cut,7587,6535,no
rKaHyPar,sat14_MD5-28-1.cnf.primal.hgr,no,no,6,4,0.03,0.0183486,0.961199,cut,7373,6401,no
rKaHyPar,sat14_MD5-28-1.cnf.primal.hgr,no,no,7,4,0.03,0.0294544,0.70739,cut,7526,6340,no
rKaHyPar,sat14_MD5-28-1.cnf.primal.hgr,no,no,8,4,0.03,0.0299372,1.10419,cut,7420,6390,no
rKaHyPar,sat14_MD5-28-1.cnf.primal.hgr,no,no,9,4,0.03,0.0299372,1.04165,cut,7495,6567,no
rKaHyPar,sat14_MD5-28-1.cnf.primal.hgr,no,no,0,64,0.03,0.0230769,6.22236,cut,20964,15144,no
rKaHyPar,sat14_MD5-28-1.cnf.primal.hgr,no,no,1,64,0.03,0.0230769,4.30523,cut,21016,15135,no
rKaHyPar,sat14_MD5-28-1.cnf.primal.hgr,no,no,2,64,0.03,0.0230769,6.09242,cut,20787,15117,no
rKaHyPar,sat14_MD5-28-1.cnf.primal.hgr,no,no,3,64,0.03,0.0230769,6.24148,cut,20214,15048,no
rKaHyPar,sat14_MD5-28-1.cnf.primal.hgr,no,no,4,64,0.03,0.0230769,4.36834,cut,20724,15302,no
rKaHyPar,sat14_MD5-28-1.cnf.primal.hgr,no,no,5,64,0.03,0.0230769,6.35776,cut,21054,15231,no
rKaHyPar,sat14_MD5-28-1.cnf.primal.hgr,no,no,6,64,0.03,0.0230769,4.39754,cut,21451,15236,no
rKaHyPar,sat14_MD5-28-1.cnf.primal.hgr,no,no,7,64,0.03,0.0230769,6.19118,cut,20435,15068,no
rKaHyPar,sat14_MD5-28-1.cnf.primal.hgr,no,no,8,64,0.03,0.0230769,4.35237,cut,20888,15064,no
rKaHyPar,sat14_MD5-28-1.cnf.primal.hgr,no,no,9,64,0.03,0.0230769,6.09506,cut,20553,15105,no
rKaHyPar,sat14_MD5-28-1.cnf.primal.hgr,no,no,0,8,0.03,0.0299228,1.41201,cut,11279,8467,no
rKaHyPar,sat14_MD5-28-1.cnf.primal.hgr,no,no,1,8,0.03,0.0212355,1.33227,cut,10416,8358,no
rKaHyPar,sat14_MD5-28-1.cnf.primal.hgr,no,no,2,8,0.03,0.0260618,1.24481,cut,10653,8429,no
rKaHyPar,sat14_MD5-28-1.cnf.primal.hgr,no,no,3,8,0.03,0.0260618,1.78111,cut,10461,8286,no
rKaHyPar,sat14_MD5-28-1.cnf.primal.hgr,no,no,4,8,0.03,0.0299228,1.74536,cut,10476,8262,no
rKaHyPar,sat14_MD5-28-1.cnf.primal.hgr,no,no,5,8,0.03,0.0299228,1.44617,cut,10577,8415,no
rKaHyPar,sat14_MD5-28-1.cnf.primal.hgr,no,no,6,8,0.03,0.0144788,1.0574,cut,10398,8159,no
rKaHyPar,sat14_MD5-28-1.cnf.primal.hgr,no,no,7,8,0.03,0.0279923,1.65825,cut,10713,8230,no
rKaHyPar,sat14_MD5-28-1.cnf.primal.hgr,no,no,8,8,0.03,0.0299228,1.13153,cut,10485,8275,no
rKaHyPar,sat14_MD5-28-1.cnf.primal.hgr,no,no,9,8,0.03,0.0241313,1.16174,cut,10979,8446,no
rKaHyPar,sat14_MD5-28-2.cnf.dual.hgr,no,no,0,128,0.03,0.0286299,10.1893,cut,5058,1700,no
rKaHyPar,sat14_MD5-28-2.cnf.dual.hgr,no,no,1,128,0.03,0.0286299,10.1736,cut,5205,1737,no
rKaHyPar,sat14_MD5-28-2.cnf.dual.hgr,no,no,2,128,0.03,0.0286299,7.29189,cut,5210,1693,no
rKaHyPar,sat14_MD5-28-2.cnf.dual.hgr,no,no,3,128,0.03,0.0286299,7.08865,cut,5145,1693,no
rKaHyPar,sat14_MD5-28-2.cnf.dual.hgr,no,no,4,128,0.03,0.0265849,7.2795,cut,5268,1695,no
rKaHyPar,sat14_MD5-28-2.cnf.dual.hgr,no,no,5,128,0.03,0.0286299,7.29804,cut,5388,1714,no
rKaHyPar,sat14_MD5-28-2.cnf.dual.hgr,no,no,6,128,0.03,0.0286299,7.1391,cut,5245,1713,no
rKaHyPar,sat14_MD5-28-2.cnf.dual.hgr,no,no,7,128,0.03,0.0286299,10.1879,cut,5249,1728,no
rKaHyPar,sat14_MD5-28-2.cnf.dual.hgr,no,no,8,128,0.03,0.0286299,10.4333,cut,5334,1701,no
rKaHyPar,sat14_MD5-28-2.cnf.dual.hgr,no,no,9,128,0.03,0.0286299,10.1887,cut,5171,1706,no
rKaHyPar,sat14_MD5-28-2.cnf.dual.hgr,no,no,0,16,0.03,0.0242967,3.57113,cut,2952,1124,no
rKaHyPar,sat14_MD5-28-2.cnf.dual.hgr,no,no,1,16,0.03,0.0286445,4.95541,cut,2770,1108,no
rKaHyPar,sat14_MD5-28-2.cnf.dual.hgr,no,no,2,16,0.03,0.0263427,3.51462,cut,3132,959,no
rKaHyPar,sat14_MD5-28-2.cnf.dual.hgr,no,no,3,16,0.03,0.0296675,3.60642,cut,2663,1174,no
rKaHyPar,sat14_MD5-28-2.cnf.dual.hgr,no,no,4,16,0.03,0.0232737,3.53941,cut,2935,1129,no
rKaHyPar,sat14_MD5-28-2.cnf.dual.hgr,no,no,5,16,0.03,0.028133,3.55391,cut,2854,1090,no
rKaHyPar,sat14_MD5-28-2.cnf.dual.hgr,no,no,6,16,0.03,0.0191816,4.97651,cut,2780,1076,no
rKaHyPar,sat14_MD5-28-2.cnf.dual.hgr,no,no,7,16,0.03,0.0278772,3.59253,cut,2915,1125,no
rKaHyPar,sat14_MD5-28-2.cnf.dual.hgr,no,no,8,16,0.03,0.0286445,3.5771,cut,3296,934,no
rKaHyPar,sat14_MD5-28-2.cnf.dual.hgr,no,no,9,16,0.03,0.0253197,5.27346,cut,2881,1162,no
rKaHyPar,sat14_MD5-28-2.cnf.dual.hgr,no,no,0,2,0.03,0.0294466,1.13364,cut,466,466,no
rKaHyPar,sat14_MD5-28-2.cnf.dual.hgr,no,no,1,2,0.03,0.0284554,1.06443,cut,453,453,no
rKaHyPar,sat14_MD5-28-2.cnf.dual.hgr,no,no,2,2,0.03,0,1.13369,cut,517,517,no
rKaHyPar,sat14_MD5-28-2.cnf.dual.hgr,no,no,3,2,0.03,0.0290949,1.10624,cut,466,466,no
rKaHyPar,sat14_MD5-28-2.cnf.dual.hgr,no,no,4,2,0.03,0.0282956,1.0785,cut,463,463,no
rKaHyPar,sat14_MD5-28-2.cnf.dual.hgr,no,no,5,2,0.03,0.0282956,1.63812,cut,463,463,no
rKaHyPar,sat14_MD5-28-2.cnf.dual.hgr,no,no,6,2,0.03,0.0287432,1.14735,cut,463,463,no
rKaHyPar,sat14_MD5-28-2.cnf.dual.hgr,no,no,7,2,0.03,0.0281996,1.12662,cut,461,461,no
rKaHyPar,sat14_MD5-28-2.cnf.dual.hgr,no,no,8,2,0.03,0.0287112,1.591,cut,466,466,no
rKaHyPar,sat14_MD5-28-2.cnf.dual.hgr,no,no,9,2,0.03,0.0291268,1.10574,cut,460,460,no
rKaHyPar,sat14_MD5-28-2.cnf.dual.hgr,no,no,0,32,0.03,0.0265985,6.26335,cut,3693,1167,no
rKaHyPar,sat14_MD5-28-2.cnf.dual.hgr,no,no,1,32,0.03,0.02711,6.25788,cut,3717,1166,no
rKaHyPar,sat14_MD5-28-2.cnf.dual.hgr,no,no,2,32,0.03,0.0286445,4.5502,cut,3882,1046,no
rKaHyPar,sat14_MD5-28-2.cnf.dual.hgr,no,no,3,32,0.03,0.0296675,4.51659,cut,3848,1218,no
rKaHyPar,sat14_MD5-28-2.cnf.dual.hgr,no,no,4,32,0.03,0.026087,6.27988,cut,3588,1242,no
rKaHyPar,sat14_MD5-28-2.cnf.dual.hgr,no,no,5,32,0.03,0.0276215,4.39058,cut,3683,1167,no
rKaHyPar,sat14_MD5-28-2.cnf.dual.hgr,no,no,6,32,0.03,0.0250639,6.33009,cut,3843,1259,no
rKaHyPar,sat14_MD5-28-2.cnf.dual.hgr,no,no,7,32,0.03,0.0286445,4.4609,cut,3699,1194,no
rKaHyPar,sat14_MD5-28-2.cnf.dual.hgr,no,no,8,32,0.03,0.029156,4.38016,cut,3860,1019,no
rKaHyPar,sat14_MD5-28-2.cnf.dual.hgr,no,no,9,32,0.03,0.0250639,6.47188,cut,3770,1200,no
rKaHyPar,sat14_MD5-28-2.cnf.dual.hgr,no,no,0,4,0.03,0.0101029,2.09172,cut,886,785,no
rKaHyPar,sat14_MD5-28-2.cnf.dual.hgr,no,no,1,4,0.03,0.00230194,2.08005,cut,976,816,no
rKaHyPar,sat14_MD5-28-2.cnf.dual.hgr,no,no,2,4,0.03,0.0127885,1.97627,cut,1408,785,no
rKaHyPar,sat14_MD5-28-2.cnf.dual.hgr,no,no,3,4,0.03,0.0128525,2.02157,cut,1017,814,no
rKaHyPar,sat14_MD5-28-2.cnf.dual.hgr,no,no,4,4,0.03,0.0157299,2.77692,cut,892,807,no
rKaHyPar,sat14_MD5-28-2.cnf.dual.hgr,no,no,5,4,0.03,0.0217405,2.01539,cut,1029,796,no
rKaHyPar,sat14_MD5-28-2.cnf.dual.hgr,no,no,6,4,0.03,0.0272396,1.93078,cut,1180,774,no
rKaHyPar,sat14_MD5-28-2.cnf.dual.hgr,no,no,7,4,0.03,0.016753,1.98022,cut,1026,804,no
rKaHyPar,sat14_MD5-28-2.cnf.dual.hgr,no,no,8,4,0.03,0.0264723,2.79806,cut,1311,779,no
rKaHyPar,sat14_MD5-28-2.cnf.dual.hgr,no,no,9,4,0.03,0.012277,1.99199,cut,991,805,no
rKaHyPar,sat14_MD5-28-2.cnf.dual.hgr,no,no,0,64,0.03,0.0296524,8.00415,cut,4523,1414,no
rKaHyPar,sat14_MD5-28-2.cnf.dual.hgr,no,no,1,64,0.03,0.0296524,5.64466,cut,4545,1385,no
rKaHyPar,sat14_MD5-28-2.cnf.dual.hgr,no,no,2,64,0.03,0.0296524,8.33525,cut,4571,1301,no
rKaHyPar,sat14_MD5-28-2.cnf.dual.hgr,no,no,3,64,0.03,0.0296524,8.06079,cut,4511,1360,no
rKaHyPar,sat14_MD5-28-2.cnf.dual.hgr,no,no,4,64,0.03,0.0296524,5.65121,cut,4454,1385,no
rKaHyPar,sat14_MD5-28-2.cnf.dual.hgr,no,no,5,64,0.03,0.0296524,5.56291,cut,4343,1359,no
rKaHyPar,sat14_MD5-28-2.cnf.dual.hgr,no,no,6,64,0.03,0.0296524,5.74567,cut,4439,1273,no
rKaHyPar,sat14_MD5-28-2.cnf.dual.hgr,no,no,7,64,0.03,0.0296524,7.89129,cut,4324,1302,no
rKaHyPar,sat14_MD5-28-2.cnf.dual.hgr,no,no,8,64,0.03,0.0296524,5.74594,cut,4481,1275,no
rKaHyPar,sat14_MD5-28-2.cnf.dual.hgr,no,no,9,64,0.03,0.0296524,8.17276,cut,4390,1371,no
rKaHyPar,sat14_MD5-28-2.cnf.dual.hgr,no,no,0,8,0.03,0.02711,3.94258,cut,1790,1075,no
rKaHyPar,sat14_MD5-28-2.cnf.dual.hgr,no,no,1,8,0.03,0.0196931,2.7397,cut,1843,1019,no
rKaHyPar,sat14_MD5-28-2.cnf.dual.hgr,no,no,2,8,0.03,0.0227621,2.67257,cut,2283,860,no
rKaHyPar,sat14_MD5-28-2.cnf.dual.hgr,no,no,3,8,0.03,0.0259591,4.08782,cut,1721,1079,no
rKaHyPar,sat14_MD5-28-2.cnf.dual.hgr,no,no,4,8,0.03,0.0292839,3.94492,cut,1653,1045,no
rKaHyPar,sat14_MD5-28-2.cnf.dual.hgr,no,no,5,8,0.03,0.0185422,3.90954,cut,1728,1037,no
rKaHyPar,sat14_MD5-28-2.cnf.dual.hgr,no,no,6,8,0.03,0.0296675,3.96272,cut,1594,1030,no
rKaHyPar,sat14_MD5-28-2.cnf.dual.hgr,no,no,7,8,0.03,0.019821,4.04155,cut,1837,1066,no
rKaHyPar,sat14_MD5-28-2.cnf.dual.hgr,no,no,8,8,0.03,0.00639386,2.64403,cut,2297,854,no
rKaHyPar,sat14_MD5-28-2.cnf.dual.hgr,no,no,9,8,0.03,0.00549872,2.77756,cut,1740,1020,no
rKaHyPar,sat14_MD5-28-2.cnf.hgr,no,no,0,128,0.03,0.0230769,10.2795,cut,27315,20216,no
rKaHyPar,sat14_MD5-28-2.cnf.hgr,no,no,1,128,0.03,0.0230769,10.2127,cut,26995,20499,no
rKaHyPar,sat14_MD5-28-2.cnf.hgr,no,no,2,128,0.03,0.0230769,7.37389,cut,27264,20486,no
rKaHyPar,sat14_MD5-28-2.cnf.hgr,no,no,3,128,0.03,0.0230769,7.30539,cut,27088,20371,no
rKaHyPar,sat14_MD5-28-2.cnf.hgr,no,no,4,128,0.03,0.0230769,7.23069,cut,27323,20480,no
rKaHyPar,sat14_MD5-28-2.cnf.hgr,no,no,5,128,0.03,0.0230769,7.43699,cut,27242,20519,no
rKaHyPar,sat14_MD5-28-2.cnf.hgr,no,no,6,128,0.03,0.0230769,7.28278,cut,27069,20221,no
rKaHyPar,sat14_MD5-28-2.cnf.hgr,no,no,7,128,0.03,0.0230769,10.3106,cut,27081,20486,no
rKaHyPar,sat14_MD5-28-2.cnf.hgr,no,no,8,128,0.03,0.0230769,10.6619,cut,26776,20483,no
rKaHyPar,sat14_MD5-28-2.cnf.hgr,no,no,9,128,0.03,0.0230769,10.1639,cut,27020,20452,no
rKaHyPar,sat14_MD5-28-2.cnf.hgr,no,no,0,16,0.03,0.0299228,2.1467,cut,12859,9978,no
rKaHyPar,sat14_MD5-28-2.cnf.hgr,no,no,1,16,0.03,0.0299228,3.07433,cut,13450,9985,no
rKaHyPar,sat14_MD5-28-2.cnf.hgr,no,no,2,16,0.03,0.0299228,2.28715,cut,13292,9790,no
rKaHyPar,sat14_MD5-28-2.cnf.hgr,no,no,3,16,0.03,0.0299228,2.14255,cut,13216,9891,no
rKaHyPar,sat14_MD5-28-2.cnf.hgr,no,no,4,16,0.03,0.0289575,2.13843,cut,13199,9902,no
rKaHyPar,sat14_MD5-28-2.cnf.hgr,no,no,5,16,0.03,0.0299228,2.2285,cut,13001,10048,no
rKaHyPar,sat14_MD5-28-2.cnf.hgr,no,no,6,16,0.03,0.0289575,3.14528,cut,13159,9814,no
rKaHyPar,sat14_MD5-28-2.cnf.hgr,no,no,7,16,0.03,0.0299228,2.14272,cut,12964,10095,no
rKaHyPar,sat14_MD5-28-2.cnf.hgr,no,no,8,16,0.03,0.0289575,2.4026,cut,13025,9991,no
rKaHyPar,sat14_MD5-28-2.cnf.hgr,no,no,9,16,0.03,0.0299228,3.11686,cut,13225,9940,no
rKaHyPar,sat14_MD5-28-2.cnf.hgr,no,no,0,2,0.03,0.0299481,0.705339,cut,3527,3527,no
rKaHyPar,sat14_MD5-28-2.cnf.hgr,no,no,1,2,0.03,0.0299481,0.745986,cut,3534,3534,no
rKaHyPar,sat14_MD5-28-2.cnf.hgr,no,no,2,2,0.03,0.0299481,0.804176,cut,3522,3522,no
rKaHyPar,sat14_MD5-28-2.cnf.hgr,no,no,3,2,0.03,0.0299481,0.769472,cut,3532,3532,no
rKaHyPar,sat14_MD5-28-2.cnf.hgr,no,no,4,2,0.03,0.0299481,0.749458,cut,3523,3523,no
rKaHyPar,sat14_MD5-28-2.cnf.hgr,no,no,5,2,0.03,0.0299481,1.02531,cut,3512,3512,no
rKaHyPar,sat14_MD5-28-2.cnf.hgr,no,no,6,2,0.03,0.0299481,0.804641,cut,3518,3518,no
rKaHyPar,sat14_MD5-28-2.cnf.hgr,no,no,7,2,0.03,0.0299481,0.717655,cut,3535,3535,no
rKaHyPar,sat14_MD5-28-2.cnf.hgr,no,no,8,2,0.03,0.0299481,1.10208,cut,3549,3549,no
rKaHyPar,sat14_MD5-28-2.cnf.hgr,no,no,9,2,0.03,0.0299481,0.795436,cut,3537,3537,no
rKaHyPar,sat14_MD5-28-2.cnf.hgr,no,no,0,32,0.03,0.027027,4.37332,cut,16003,11933,no
rKaHyPar,sat14_MD5-28-2.cnf.hgr,no,no,1,32,0.03,0.0289575,4.43444,cut,15845,11751,no
rKaHyPar,sat14_MD5-28-2.cnf.hgr,no,no,2,32,0.03,0.0289575,3.17528,cut,15931,11854,no
rKaHyPar,sat14_MD5-28-2.cnf.hgr,no,no,3,32,0.03,0.0289575,3.11762,cut,15686,11725,no
rKaHyPar,sat14_MD5-28-2.cnf.hgr,no,no,4,32,0.03,0.0289575,4.23995,cut,16117,12022,no
rKaHyPar,sat14_MD5-28-2.cnf.hgr,no,no,5,32,0.03,0.0289575,3.25339,cut,15406,11669,no
rKaHyPar,sat14_MD5-28-2.cnf.hgr,no,no,6,32,0.03,0.0289575,4.3173,cut,15848,11831,no
rKaHyPar,sat14_MD5-28-2.cnf.hgr,no,no,7,32,0.03,0.0289575,3.06294,cut,15811,11786,no
rKaHyPar,sat14_MD5-28-2.cnf.hgr,no,no,8,32,0.03,0.0289575,3.25832,cut,15882,11818,no
rKaHyPar,sat14_MD5-28-2.cnf.hgr,no,no,9,32,0.03,0.0289575,4.54511,cut,15932,11915,no
rKaHyPar,sat14_MD5-28-2.cnf.hgr,no,no,0,4,0.03,0.0212509,1.08914,cut,7591,6396,no
rKaHyPar,sat14_MD5-28-2.cnf.hgr,no,no,1,4,0.03,0.0299445,1.62185,cut,7413,6335,no
rKaHyPar,sat14_MD5-28-2.cnf.hgr,no,no,2,4,0.03,0.0289785,1.2006,cut,7339,6454,no
rKaHyPar,sat14_MD5-28-2.cnf.hgr,no,no,3,4,0.03,0.0147307,1.25774,cut,7381,6398,no
rKaHyPar,sat14_MD5-28-2.cnf.hgr,no,no,4,4,0.03,0.02922,1.92401,cut,7509,6431,no
rKaHyPar,sat14_MD5-28-2.cnf.hgr,no,no,5,4,0.03,0.0123159,1.1564,cut,7171,6387,no
rKaHyPar,sat14_MD5-28-2.cnf.hgr,no,no,6,4,0.03,0.0299445,1.27545,cut,7362,6314,no
rKaHyPar,sat14_MD5-28-2.cnf.hgr,no,no,7,4,0.03,0.0299445,1.21454,cut,7469,6392,no
rKaHyPar,sat14_MD5-28-2.cnf.hgr,no,no,8,4,0.03,0.019802,1.50739,cut,7492,6349,no
rKaHyPar,sat14_MD5-28-2.cnf.hgr,no,no,9,4,0.03,0.029703,1.20405,cut,7404,6394,no
rKaHyPar,sat14_MD5-28-2.cnf.hgr,no,no,0,64,0.03,0.027027,6.0767,cut,19801,15079,no
rKaHyPar,sat14_MD5-28-2.cnf.hgr,no,no,1,64,0.03,0.027027,4.46451,cut,19634,15053,no
rKaHyPar,sat14_MD5-28-2.cnf.hgr,no,no,2,64,0.03,0.027027,6.22692,cut,20087,15112,no
rKaHyPar,sat14_MD5-28-2.cnf.hgr,no,no,3,64,0.03,0.027027,6.32688,cut,20261,15137,no
rKaHyPar,sat14_MD5-28-2.cnf.hgr,no,no,4,64,0.03,0.027027,4.5515,cut,20358,15144,no
rKaHyPar,sat14_MD5-28-2.cnf.hgr,no,no,5,64,0.03,0.027027,4.54467,cut,19575,15002,no
rKaHyPar,sat14_MD5-28-2.cnf.hgr,no,no,6,64,0.03,0.027027,4.46465,cut,19696,14909,no
rKaHyPar,sat14_MD5-28-2.cnf.hgr,no,no,7,64,0.03,0.027027,6.06583,cut,20099,14978,no
rKaHyPar,sat14_MD5-28-2.cnf.hgr,no,no,8,64,0.03,0.027027,4.46848,cut,20319,15254,no
rKaHyPar,sat14_MD5-28-2.cnf.hgr,no,no,9,64,0.03,0.027027,6.0395,cut,19992,15296,no
rKaHyPar,sat14_MD5-28-2.cnf.hgr,no,no,0,8,0.03,0.0294544,2.63445,cut,10534,8264,no
rKaHyPar,sat14_MD5-28-2.cnf.hgr,no,no,1,8,0.03,0.0173829,1.59437,cut,10477,8212,no
rKaHyPar,sat14_MD5-28-2.cnf.hgr,no,no,2,8,0.03,0.0280058,1.62674,cut,10202,8389,no
rKaHyPar,sat14_MD5-28-2.cnf.hgr,no,no,3,8,0.03,0.0289715,2.70027,cut,10866,8304,no
rKaHyPar,sat14_MD5-28-2.cnf.hgr,no,no,4,8,0.03,0.0241429,2.11623,cut,10834,8223,no
rKaHyPar,sat14_MD5-28-2.cnf.hgr,no,no,5,8,0.03,0.0251086,2.25877,cut,10588,8317,no
rKaHyPar,sat14_MD5-28-2.cnf.hgr,no,no,6,8,0.03,0.0289715,2.22365,cut,10616,8284,no
rKaHyPar,sat14_MD5-28-2.cnf.hgr,no,no,7,8,0.03,0.0173829,2.1896,cut,10450,8369,no
rKaHyPar,sat14_MD5-28-2.cnf.hgr,no,no,8,8,0.03,0.0159343,2.28862,cut,10321,8350,no
rKaHyPar,sat14_MD5-28-2.cnf.hgr,no,no,9,8,0.03,0.0270401,1.59923,cut,10551,8352,no
rKaHyPar,sat14_MD5-28-2.cnf.primal.hgr,no,no,0,128,0.03,0.0153846,10.5671,cut,28573,20742,no
rKaHyPar,sat14_MD5-28-2.cnf.primal.hgr,no,no,1,128,0.03,0.0153846,10.7157,cut,29369,20593,no
rKaHyPar,sat14_MD5-28-2.cnf.primal.hgr,no,no,2,128,0.03,0.0153846,7.36328,cut,29100,20614,no
rKaHyPar,sat14_MD5-28-2.cnf.primal.hgr,no,no,3,128,0.03,0.0153846,7.49706,cut,29236,20434,no
rKaHyPar,sat14_MD5-28-2.cnf.primal.hgr,no,no,4,128,0.03,0.0153846,7.31786,cut,29269,20532,no
rKaHyPar,sat14_MD5-28-2.cnf.primal.hgr,no,no,5,128,0.03,0.0153846,7.41326,cut,29131,20596,no
rKaHyPar,sat14_MD5-28-2.cnf.primal.hgr,no,no,6,128,0.03,0.0153846,7.30865,cut,28568,20548,no
rKaHyPar,sat14_MD5-28-2.cnf.primal.hgr,no,no,7,128,0.03,0.0153846,10.6109,cut,29078,20462,no
rKaHyPar,sat14_MD5-28-2.cnf.primal.hgr,no,no,8,128,0.03,0.0153846,10.7075,cut,28888,20590,no
rKaHyPar,sat14_MD5-28-2.cnf.primal.hgr,no,no,9,128,0.03,0.0153846,10.4866,cut,29248,20589,no
rKaHyPar,sat14_MD5-28-2.cnf.primal.hgr,no,no,0,16,0.03,0.0289575,1.45156,cut,13080,10131,no
rKaHyPar,sat14_MD5-28-2.cnf.primal.hgr,no,no,1,16,0.03,0.0289575,2.09285,cut,13362,10169,no
rKaHyPar,sat14_MD5-28-2.cnf.primal.hgr,no,no,2,16,0.03,0.0289575,1.48215,cut,13067,9945,no
rKaHyPar,sat14_MD5-28-2.cnf.primal.hgr,no,no,3,16,0.03,0.0289575,1.49104,cut,13230,10029,no
rKaHyPar,sat14_MD5-28-2.cnf.primal.hgr,no,no,4,16,0.03,0.0289575,1.51749,cut,13169,9873,no
rKaHyPar,sat14_MD5-28-2.cnf.primal.hgr,no,no,5,16,0.03,0.0289575,1.44903,cut,13376,9866,no
rKaHyPar,sat14_MD5-28-2.cnf.primal.hgr,no,no,6,16,0.03,0.0289575,2.13679,cut,13522,9949,no
rKaHyPar,sat14_MD5-28-2.cnf.primal.hgr,no,no,7,16,0.03,0.0289575,1.44956,cut,13286,10016,no
rKaHyPar,sat14_MD5-28-2.cnf.primal.hgr,no,no,8,16,0.03,0.0289575,1.44788,cut,13507,9943,no
rKaHyPar,sat14_MD5-28-2.cnf.primal.hgr,no,no,9,16,0.03,0.0250965,2.02894,cut,12985,9925,no
rKaHyPar,sat14_MD5-28-2.cnf.primal.hgr,no,no,0,2,0.03,0.0299445,0.435819,cut,3565,3565,no
rKaHyPar,sat14_MD5-28-2.cnf.primal.hgr,no,no,1,2,0.03,0.0299445,0.505298,cut,3528,3528,no
rKaHyPar,sat14_MD5-28-2.cnf.primal.hgr,no,no,2,2,0.03,0.0299445,0.513697,cut,3591,3591,no
rKaHyPar,sat14_MD5-28-2.cnf.primal.hgr,no,no,3,2,0.03,0.0299445,0.445602,cut,3560,3560,no
rKaHyPar,sat14_MD5-28-2.cnf.primal.hgr,no,no,4,2,0.03,0.0299445,0.520789,cut,3561,3561,no
rKaHyPar,sat14_MD5-28-2.cnf.primal.hgr,no,no,5,2,0.03,0.0299445,0.639946,cut,3589,3589,no
rKaHyPar,sat14_MD5-28-2.cnf.primal.hgr,no,no,6,2,0.03,0.0299445,0.485853,cut,3541,3541,no
rKaHyPar,sat14_MD5-28-2.cnf.primal.hgr,no,no,7,2,0.03,0.0299445,0.506593,cut,3574,3574,no
rKaHyPar,sat14_MD5-28-2.cnf.primal.hgr,no,no,8,2,0.03,0.0299445,0.704437,cut,3574,3574,no
rKaHyPar,sat14_MD5-28-2.cnf.primal.hgr,no,no,9,2,0.03,0.0299445,0.430548,cut,3574,3574,no
rKaHyPar,sat14_MD5-28-2.cnf.primal.hgr,no,no,0,32,0.03,0.027027,2.94261,cut,15725,11780,no
rKaHyPar,sat14_MD5-28-2.cnf.primal.hgr,no,no,1,32,0.03,0.027027,2.8154,cut,16020,11737,no
rKaHyPar,sat14_MD5-28-2.cnf.primal.hgr,no,no,2,32,0.03,0.027027,2.98234,cut,15761,11690,no
rKaHyPar,sat14_MD5-28-2.cnf.primal.hgr,no,no,3,32,0.03,0.027027,2.18711,cut,15919,11849,no
rKaHyPar,sat14_MD5-28-2.cnf.primal.hgr,no,no,4,32,0.03,0.027027,2.8021,cut,16355,11959,no
rKaHyPar,sat14_MD5-28-2.cnf.primal.hgr,no,no,5,32,0.03,0.027027,2.04756,cut,15873,11855,no
rKaHyPar,sat14_MD5-28-2.cnf.primal.hgr,no,no,6,32,0.03,0.027027,2.87946,cut,16166,11947,no
rKaHyPar,sat14_MD5-28-2.cnf.primal.hgr,no,no,7,32,0.03,0.027027,2.05737,cut,15836,11928,no
rKaHyPar,sat14_MD5-28-2.cnf.primal.hgr,no,no,8,32,0.03,0.027027,2.03444,cut,16106,12063,no
rKaHyPar,sat14_MD5-28-2.cnf.primal.hgr,no,no,9,32,0.03,0.027027,3.02763,cut,16012,11753,no
rKaHyPar,sat14_MD5-28-2.cnf.primal.hgr,no,no,0,4,0.03,0.0231772,0.765083,cut,7312,6516,no
rKaHyPar,sat14_MD5-28-2.cnf.primal.hgr,no,no,1,4,0.03,0.0144858,0.732405,cut,7494,6526,no
rKaHyPar,sat14_MD5-28-2.cnf.primal.hgr,no,no,2,4,0.03,0.0294544,0.735743,cut,7326,6300,no
rKaHyPar,sat14_MD5-28-2.cnf.primal.hgr,no,no,3,4,0.03,0.0299372,0.782361,cut,7293,6321,no
rKaHyPar,sat14_MD5-28-2.cnf.primal.hgr,no,no,4,4,0.03,0.0299372,1.17566,cut,7618,6494,no
rKaHyPar,sat14_MD5-28-2.cnf.primal.hgr,no,no,5,4,0.03,0.0299372,0.739187,cut,7302,6290,no
rKaHyPar,sat14_MD5-28-2.cnf.primal.hgr,no,no,6,4,0.03,0.0299372,0.843921,cut,7611,6459,no
rKaHyPar,sat14_MD5-28-2.cnf.primal.hgr,no,no,7,4,0.03,0.0299372,0.839995,cut,7380,6362,no
rKaHyPar,sat14_MD5-28-2.cnf.primal.hgr,no,no,8,4,0.03,0.0299372,0.742906,cut,7411,6341,no
rKaHyPar,sat14_MD5-28-2.cnf.primal.hgr,no,no,9,4,0.03,0.0299372,0.765785,cut,7383,6421,no
rKaHyPar,sat14_MD5-28-2.cnf.primal.hgr,no,no,0,64,0.03,0.0230769,6.06835,cut,20324,15197,no
rKaHyPar,sat14_MD5-28-2.cnf.primal.hgr,no,no,1,64,0.03,0.0230769,4.35928,cut,20714,15279,no
rKaHyPar,sat14_MD5-28-2.cnf.primal.hgr,no,no,2,64,0.03,0.0230769,6.06426,cut,20326,14993,no
rKaHyPar,sat14_MD5-28-2.cnf.primal.hgr,no,no,3,64,0.03,0.0230769,6.12241,cut,20357,14950,no
rKaHyPar,sat14_MD5-28-2.cnf.primal.hgr,no,no,4,64,0.03,0.0230769,4.33925,cut,20022,15055,no
rKaHyPar,sat14_MD5-28-2.cnf.primal.hgr,no,no,5,64,0.03,0.0230769,4.3972,cut,20402,15115,no
rKaHyPar,sat14_MD5-28-2.cnf.primal.hgr,no,no,6,64,0.03,0.0230769,4.30849,cut,19778,14985,no
rKaHyPar,sat14_MD5-28-2.cnf.primal.hgr,no,no,7,64,0.03,0.0230769,6.18166,cut,20346,15170,no
rKaHyPar,sat14_MD5-28-2.cnf.primal.hgr,no,no,8,64,0.03,0.0230769,4.30441,cut,20627,15137,no
rKaHyPar,sat14_MD5-28-2.cnf.primal.hgr,no,no,9,64,0.03,0.0230769,6.22696,cut,20425,15226,no
rKaHyPar,sat14_MD5-28-2.cnf.primal.hgr,no,no,0,8,0.03,0.0260618,1.78174,cut,10824,8611,no
rKaHyPar,sat14_MD5-28-2.cnf.primal.hgr,no,no,1,8,0.03,0.0202703,1.07653,cut,10641,8423,no
rKaHyPar,sat14_MD5-28-2.cnf.primal.hgr,no,no,2,8,0.03,0.027027,1.41637,cut,10707,8343,no
rKaHyPar,sat14_MD5-28-2.cnf.primal.hgr,no,no,3,8,0.03,0.0299228,1.36275,cut,10833,8375,no
rKaHyPar,sat14_MD5-28-2.cnf.primal.hgr,no,no,4,8,0.03,0.0299228,1.76009,cut,11097,8421,no
rKaHyPar,sat14_MD5-28-2.cnf.primal.hgr,no,no,5,8,0.03,0.0279923,1.46878,cut,10284,8418,no
rKaHyPar,sat14_MD5-28-2.cnf.primal.hgr,no,no,6,8,0.03,0.0299228,1.86138,cut,10430,8360,no
rKaHyPar,sat14_MD5-28-2.cnf.primal.hgr,no,no,7,8,0.03,0.027027,1.6334,cut,10180,8255,no
rKaHyPar,sat14_MD5-28-2.cnf.primal.hgr,no,no,8,8,0.03,0.0135135,1.25397,cut,10434,8376,no
rKaHyPar,sat14_MD5-28-2.cnf.primal.hgr,no,no,9,8,0.03,0.0279923,1.08634,cut,10336,8278,no
rKaHyPar,sat14_MD5-28-4.cnf.dual.hgr,no,no,0,128,0.03,0.0286299,10.0689,cut,5150,1688,no
rKaHyPar,sat14_MD5-28-4.cnf.dual.hgr,no,no,1,128,0.03,0.0286299,10.1496,cut,5149,1695,no
rKaHyPar,sat14_MD5-28-4.cnf.dual.hgr,no,no,2,128,0.03,0.0286299,7.07885,cut,5161,1692,no
rKaHyPar,sat14_MD5-28-4.cnf.dual.hgr,no,no,3,128,0.03,0.0286299,7.32959,cut,5355,1712,no
rKaHyPar,sat14_MD5-28-4.cnf.dual.hgr,no,no,4,128,0.03,0.0286299,7.26645,cut,5284,1690,no
rKaHyPar,sat14_MD5-28-4.cnf.dual.hgr,no,no,5,128,0.03,0.0286299,7.10122,cut,5237,1761,no
rKaHyPar,sat14_MD5-28-4.cnf.dual.hgr,no,no,6,128,0.03,0.0245399,7.24377,cut,5246,1718,no
rKaHyPar,sat14_MD5-28-4.cnf.dual.hgr,no,no,7,128,0.03,0.0286299,10.0708,cut,5260,1709,no
rKaHyPar,sat14_MD5-28-4.cnf.dual.hgr,no,no,8,128,0.03,0.0286299,10.0068,cut,5161,1705,no
rKaHyPar,sat14_MD5-28-4.cnf.dual.hgr,no,no,9,128,0.03,0.0286299,10.3519,cut,5146,1718,no
rKaHyPar,sat14_MD5-28-4.cnf.dual.hgr,no,no,0,16,0.03,0.0202098,3.46784,cut,2837,1111,no
rKaHyPar,sat14_MD5-28-4.cnf.dual.hgr,no,no,1,16,0.03,0.0268611,4.93908,cut,2902,1146,no
rKaHyPar,sat14_MD5-28-4.cnf.dual.hgr,no,no,2,16,0.03,0.0286518,3.45235,cut,3096,999,no
rKaHyPar,sat14_MD5-28-4.cnf.dual.hgr,no,no,3,16,0.03,0.0189307,3.49579,cut,2670,1093,no
rKaHyPar,sat14_MD5-28-4.cnf.dual.hgr,no,no,4,16,0.03,0.0204656,3.43645,cut,2960,1085,no
rKaHyPar,sat14_MD5-28-4.cnf.dual.hgr,no,no,5,16,0.03,0.0237913,3.53248,cut,2839,1081,no
rKaHyPar,sat14_MD5-28-4.cnf.dual.hgr,no,no,6,16,0.03,0.0260936,5.01188,cut,2868,1124,no
rKaHyPar,sat14_MD5-28-4.cnf.dual.hgr,no,no,7,16,0.03,0.0250704,3.45882,cut,2902,1080,no
rKaHyPar,sat14_MD5-28-4.cnf.dual.hgr,no,no,8,16,0.03,0.0263494,3.52044,cut,2827,1126,no
rKaHyPar,sat14_MD5-28-4.cnf.dual.hgr,no,no,9,16,0.03,0.0286518,5.00018,cut,2769,1108,no
rKaHyPar,sat14_MD5-28-4.cnf.dual.hgr,no,no,0,2,0.03,0.0280443,1.07918,cut,461,461,no
rKaHyPar,sat14_MD5-28-4.cnf.dual.hgr,no,no,1,2,0.03,0.0276925,1.08981,cut,463,463,no
rKaHyPar,sat14_MD5-28-4.cnf.dual.hgr,no,no,2,2,0.03,0.0294513,1.07504,cut,466,466,no
rKaHyPar,sat14_MD5-28-4.cnf.dual.hgr,no,no,3,2,0.03,0.0280443,1.07563,cut,461,461,no
rKaHyPar,sat14_MD5-28-4.cnf.dual.hgr,no,no,4,2,0.03,0.029771,1.10779,cut,466,466,no
rKaHyPar,sat14_MD5-28-4.cnf.dual.hgr,no,no,5,2,0.03,0.0289716,1.52867,cut,460,460,no
rKaHyPar,sat14_MD5-28-4.cnf.dual.hgr,no,no,6,2,0.03,0.0282041,1.1143,cut,467,467,no
rKaHyPar,sat14_MD5-28-4.cnf.dual.hgr,no,no,7,2,0.03,0.0290036,1.06914,cut,470,470,no
rKaHyPar,sat14_MD5-28-4.cnf.dual.hgr,no,no,8,2,0.03,0.0289716,1.60077,cut,460,460,no
rKaHyPar,sat14_MD5-28-4.cnf.dual.hgr,no,no,9,2,0.03,0.0231837,1.11434,cut,444,444,no
rKaHyPar,sat14_MD5-28-4.cnf.dual.hgr,no,no,0,32,0.03,0.02711,6.26858,cut,3801,1190,no
rKaHyPar,sat14_MD5-28-4.cnf.dual.hgr,no,no,1,32,0.03,0.028133,6.28703,cut,3611,1162,no
rKaHyPar,sat14_MD5-28-4.cnf.dual.hgr,no,no,2,32,0.03,0.0240409,6.25494,cut,3662,1169,no
rKaHyPar,sat14_MD5-28-4.cnf.dual.hgr,no,no,3,32,0.03,0.0265985,4.46374,cut,3624,1152,no
rKaHyPar,sat14_MD5-28-4.cnf.dual.hgr,no,no,4,32,0.03,0.0296675,6.33332,cut,3952,1098,no
rKaHyPar,sat14_MD5-28-4.cnf.dual.hgr,no,no,5,32,0.03,0.0286445,4.46737,cut,3808,1192,no
rKaHyPar,sat14_MD5-28-4.cnf.dual.hgr,no,no,6,32,0.03,0.0225064,6.2127,cut,3823,1208,no
rKaHyPar,sat14_MD5-28-4.cnf.dual.hgr,no,no,7,32,0.03,0.0255754,4.35015,cut,3719,1163,no
rKaHyPar,sat14_MD5-28-4.cnf.dual.hgr,no,no,8,32,0.03,0.02711,4.47953,cut,3832,1196,no
rKaHyPar,sat14_MD5-28-4.cnf.dual.hgr,no,no,9,32,0.03,0.0265985,6.42558,cut,3739,1176,no
rKaHyPar,sat14_MD5-28-4.cnf.dual.hgr,no,no,0,4,0.03,0.0123433,2.03189,cut,992,806,no
rKaHyPar,sat14_MD5-28-4.cnf.dual.hgr,no,no,1,4,0.03,0.0176516,2.87357,cut,941,811,no
rKaHyPar,sat14_MD5-28-4.cnf.dual.hgr,no,no,2,4,0.03,0.0123433,1.95665,cut,1022,806,no
rKaHyPar,sat14_MD5-28-4.cnf.dual.hgr,no,no,3,4,0.03,0.00684318,2.07163,cut,992,806,no
rKaHyPar,sat14_MD5-28-4.cnf.dual.hgr,no,no,4,4,0.03,0.0136224,2.79386,cut,995,801,no
rKaHyPar,sat14_MD5-28-4.cnf.dual.hgr,no,no,5,4,0.03,0.0118317,2.05456,cut,989,806,no
rKaHyPar,sat14_MD5-28-4.cnf.dual.hgr,no,no,6,4,0.03,0.0178434,1.98046,cut,1011,803,no
rKaHyPar,sat14_MD5-28-4.cnf.dual.hgr,no,no,7,4,0.03,0.0219366,2.02166,cut,998,805,no
rKaHyPar,sat14_MD5-28-4.cnf.dual.hgr,no,no,8,4,0.03,0.0112561,2.00569,cut,1004,815,no
rKaHyPar,sat14_MD5-28-4.cnf.dual.hgr,no,no,9,4,0.03,0.019826,2.09664,cut,1058,808,no
rKaHyPar,sat14_MD5-28-4.cnf.dual.hgr,no,no,0,64,0.03,0.0276074,7.91262,cut,4360,1343,no
rKaHyPar,sat14_MD5-28-4.cnf.dual.hgr,no,no,1,64,0.03,0.0296524,5.6658,cut,4307,1308,no
rKaHyPar,sat14_MD5-28-4.cnf.dual.hgr,no,no,2,64,0.03,0.0296524,8.25507,cut,4448,1269,no
rKaHyPar,sat14_MD5-28-4.cnf.dual.hgr,no,no,3,64,0.03,0.0296524,7.84708,cut,4458,1339,no
rKaHyPar,sat14_MD5-28-4.cnf.dual.hgr,no,no,4,64,0.03,0.0296524,5.66445,cut,4655,1451,no
rKaHyPar,sat14_MD5-28-4.cnf.dual.hgr,no,no,5,64,0.03,0.0296524,5.57857,cut,4406,1351,no
rKaHyPar,sat14_MD5-28-4.cnf.dual.hgr,no,no,6,64,0.03,0.0296524,5.55283,cut,4403,1376,no
rKaHyPar,sat14_MD5-28-4.cnf.dual.hgr,no,no,7,64,0.03,0.0296524,8.05829,cut,4302,1314,no
rKaHyPar,sat14_MD5-28-4.cnf.dual.hgr,no,no,8,64,0.03,0.0296524,5.56949,cut,4435,1400,no
rKaHyPar,sat14_MD5-28-4.cnf.dual.hgr,no,no,9,64,0.03,0.0296524,7.88247,cut,4370,1326,no
rKaHyPar,sat14_MD5-28-4.cnf.dual.hgr,no,no,0,8,0.03,0.0221284,4.0037,cut,1783,1072,no
rKaHyPar,sat14_MD5-28-4.cnf.dual.hgr,no,no,1,8,0.03,0.0172678,2.8974,cut,1662,1001,no
rKaHyPar,sat14_MD5-28-4.cnf.dual.hgr,no,no,2,8,0.03,0.0244308,2.74026,cut,1746,1041,no
rKaHyPar,sat14_MD5-28-4.cnf.dual.hgr,no,no,3,8,0.03,0.0149655,3.89253,cut,1736,1056,no
rKaHyPar,sat14_MD5-28-4.cnf.dual.hgr,no,no,4,8,0.03,0.0209772,3.96664,cut,1830,1039,no
rKaHyPar,sat14_MD5-28-4.cnf.dual.hgr,no,no,5,8,0.03,0.0153492,3.81167,cut,1954,1000,no
rKaHyPar,sat14_MD5-28-4.cnf.dual.hgr,no,no,6,8,0.03,0.0208493,2.7458,cut,1617,1024,no
rKaHyPar,sat14_MD5-28-4.cnf.dual.hgr,no,no,7,8,0.03,0.0277565,3.91343,cut,1730,1077,no
rKaHyPar,sat14_MD5-28-4.cnf.dual.hgr,no,no,8,8,0.03,0.0295472,2.80599,cut,1779,1010,no
rKaHyPar,sat14_MD5-28-4.cnf.dual.hgr,no,no,9,8,0.03,0.0267332,2.75558,cut,1887,1041,no
rKaHyPar,sat14_MD5-28-4.cnf.hgr,no,no,0,128,0.03,0.0230769,10.1835,cut,27330,20601,no
rKaHyPar,sat14_MD5-28-4.cnf.hgr,no,no,1,128,0.03,0.0230769,10.1002,cut,26927,20306,no
rKaHyPar,sat14_MD5-28-4.cnf.hgr,no,no,2,128,0.03,0.0230769,7.33854,cut,27227,20456,no
rKaHyPar,sat14_MD5-28-4.cnf.hgr,no,no,3,128,0.03,0.0230769,7.29359,cut,27379,20586,no
rKaHyPar,sat14_MD5-28-4.cnf.hgr,no,no,4,128,0.03,0.0230769,7.28912,cut,26963,20481,no
rKaHyPar,sat14_MD5-28-4.cnf.hgr,no,no,5,128,0.03,0.0230769,7.35271,cut,26916,20502,no
rKaHyPar,sat14_MD5-28-4.cnf.hgr,no,no,6,128,0.03,0.0230769,7.35411,cut,27602,20459,no
rKaHyPar,sat14_MD5-28-4.cnf.hgr,no,no,7,128,0.03,0.0230769,10.1206,cut,26774,20417,no
rKaHyPar,sat14_MD5-28-4.cnf.hgr,no,no,8,128,0.03,0.0230769,10.2005,cut,27061,20477,no
rKaHyPar,sat14_MD5-28-4.cnf.hgr,no,no,9,128,0.03,0.0230769,10.1622,cut,27447,20539,no
rKaHyPar,sat14_MD5-28-4.cnf.hgr,no,no,0,16,0.03,0.0299228,2.26079,cut,12901,10202,no
rKaHyPar,sat14_MD5-28-4.cnf.hgr,no,no,1,16,0.03,0.027027,2.96496,cut,12979,9931,no
rKaHyPar,sat14_MD5-28-4.cnf.hgr,no,no,2,16,0.03,0.0299228,2.35567,cut,12749,10180,no
rKaHyPar,sat14_MD5-28-4.cnf.hgr,no,no,3,16,0.03,0.0299228,2.26863,cut,12886,9891,no
rKaHyPar,sat14_MD5-28-4.cnf.hgr,no,no,4,16,0.03,0.0299228,2.2911,cut,13107,10000,no
rKaHyPar,sat14_MD5-28-4.cnf.hgr,no,no,5,16,0.03,0.0299228,2.2425,cut,13349,9923,no
rKaHyPar,sat14_MD5-28-4.cnf.hgr,no,no,6,16,0.03,0.0299228,2.93141,cut,13223,10011,no
rKaHyPar,sat14_MD5-28-4.cnf.hgr,no,no,7,16,0.03,0.0289575,2.29825,cut,13010,9994,no
rKaHyPar,sat14_MD5-28-4.cnf.hgr,no,no,8,16,0.03,0.0289575,2.23079,cut,12959,9781,no
rKaHyPar,sat14_MD5-28-4.cnf.hgr,no,no,9,16,0.03,0.0299228,2.91587,cut,12942,9900,no
rKaHyPar,sat14_MD5-28-4.cnf.hgr,no,no,0,2,0.03,0.0299481,0.821764,cut,3527,3527,no
rKaHyPar,sat14_MD5-28-4.cnf.hgr,no,no,1,2,0.03,0.0299481,0.687481,cut,3522,3522,no
rKaHyPar,sat14_MD5-28-4.cnf.hgr,no,no,2,2,0.03,0.0298273,0.713194,cut,3522,3522,no
rKaHyPar,sat14_MD5-28-4.cnf.hgr,no,no,3,2,0.03,0.0299481,0.738562,cut,3524,3524,no
rKaHyPar,sat14_MD5-28-4.cnf.hgr,no,no,4,2,0.03,0.0299481,0.899629,cut,3518,3518,no
rKaHyPar,sat14_MD5-28-4.cnf.hgr,no,no,5,2,0.03,0.0299481,0.928225,cut,3512,3512,no
rKaHyPar,sat14_MD5-28-4.cnf.hgr,no,no,6,2,0.03,0.0299481,0.693174,cut,3518,3518,no
rKaHyPar,sat14_MD5-28-4.cnf.hgr,no,no,7,2,0.03,0.0299481,0.74699,cut,3519,3519,no
rKaHyPar,sat14_MD5-28-4.cnf.hgr,no,no,8,2,0.03,0.0299481,0.877288,cut,3523,3523,no
rKaHyPar,sat14_MD5-28-4.cnf.hgr,no,no,9,2,0.03,0.0299481,0.691657,cut,3540,3540,no
rKaHyPar,sat14_MD5-28-4.cnf.hgr,no,no,0,32,0.03,0.0289575,4.4238,cut,15581,11587,no
rKaHyPar,sat14_MD5-28-4.cnf.hgr,no,no,1,32,0.03,0.0289575,4.25293,cut,15680,11580,no
rKaHyPar,sat14_MD5-28-4.cnf.hgr,no,no,2,32,0.03,0.0289575,4.47428,cut,16261,11887,no
rKaHyPar,sat14_MD5-28-4.cnf.hgr,no,no,3,32,0.03,0.0289575,3.19494,cut,16094,11833,no
rKaHyPar,sat14_MD5-28-4.cnf.hgr,no,no,4,32,0.03,0.0289575,4.33467,cut,15733,11868,no
rKaHyPar,sat14_MD5-28-4.cnf.hgr,no,no,5,32,0.03,0.0289575,3.1684,cut,15924,11947,no
rKaHyPar,sat14_MD5-28-4.cnf.hgr,no,no,6,32,0.03,0.027027,4.2552,cut,15870,11848,no
rKaHyPar,sat14_MD5-28-4.cnf.hgr,no,no,7,32,0.03,0.0289575,3.11598,cut,15677,12003,no
rKaHyPar,sat14_MD5-28-4.cnf.hgr,no,no,8,32,0.03,0.0289575,3.20216,cut,15895,11853,no
rKaHyPar,sat14_MD5-28-4.cnf.hgr,no,no,9,32,0.03,0.0289575,4.39782,cut,15689,12123,no
rKaHyPar,sat14_MD5-28-4.cnf.hgr,no,no,0,4,0.03,0.0243902,1.24172,cut,7365,6472,no
rKaHyPar,sat14_MD5-28-4.cnf.hgr,no,no,1,4,0.03,0.029703,1.16116,cut,7438,6341,no
rKaHyPar,sat14_MD5-28-4.cnf.hgr,no,no,2,4,0.03,0.0299445,1.26763,cut,7397,6308,no
rKaHyPar,sat14_MD5-28-4.cnf.hgr,no,no,3,4,0.03,0.0200435,1.12246,cut,7623,6518,no
rKaHyPar,sat14_MD5-28-4.cnf.hgr,no,no,4,4,0.03,0.0299445,1.46735,cut,7344,6310,no
rKaHyPar,sat14_MD5-28-4.cnf.hgr,no,no,5,4,0.03,0.0299445,1.25599,cut,7543,6377,no
rKaHyPar,sat14_MD5-28-4.cnf.hgr,no,no,6,4,0.03,0.0299445,1.21975,cut,7389,6351,no
rKaHyPar,sat14_MD5-28-4.cnf.hgr,no,no,7,4,0.03,0.028254,1.22981,cut,7580,6517,no
rKaHyPar,sat14_MD5-28-4.cnf.hgr,no,no,8,4,0.03,0.028737,1.3331,cut,7370,6494,no
rKaHyPar,sat14_MD5-28-4.cnf.hgr,no,no,9,4,0.03,0.028254,1.27395,cut,7186,6400,no
rKaHyPar,sat14_MD5-28-4.cnf.hgr,no,no,0,64,0.03,0.027027,6.04604,cut,19891,14900,no
rKaHyPar,sat14_MD5-28-4.cnf.hgr,no,no,1,64,0.03,0.027027,4.47876,cut,19520,14932,no
rKaHyPar,sat14_MD5-28-4.cnf.hgr,no,no,2,64,0.03,0.027027,6.18768,cut,20250,15179,no
rKaHyPar,sat14_MD5-28-4.cnf.hgr,no,no,3,64,0.03,0.027027,6.1954,cut,20220,15307,no
rKaHyPar,sat14_MD5-28-4.cnf.hgr,no,no,4,64,0.03,0.027027,4.42718,cut,19923,14948,no
rKaHyPar,sat14_MD5-28-4.cnf.hgr,no,no,5,64,0.03,0.027027,4.49251,cut,19858,14958,no
rKaHyPar,sat14_MD5-28-4.cnf.hgr,no,no,6,64,0.03,0.027027,4.42528,cut,19734,14755,no
rKaHyPar,sat14_MD5-28-4.cnf.hgr,no,no,7,64,0.03,0.027027,6.15272,cut,20002,15054,no
rKaHyPar,sat14_MD5-28-4.cnf.hgr,no,no,8,64,0.03,0.027027,4.60653,cut,19660,14986,no
rKaHyPar,sat14_MD5-28-4.cnf.hgr,no,no,9,64,0.03,0.027027,6.0746,cut,19744,14896,no
rKaHyPar,sat14_MD5-28-4.cnf.hgr,no,no,0,8,0.03,0.0299372,2.49677,cut,10421,8365,no
rKaHyPar,sat14_MD5-28-4.cnf.hgr,no,no,1,8,0.03,0.0236601,1.70333,cut,10007,8444,no
rKaHyPar,sat14_MD5-28-4.cnf.hgr,no,no,2,8,0.03,0.0265572,1.63231,cut,9980,8311,no
rKaHyPar,sat14_MD5-28-4.cnf.hgr,no,no,3,8,0.03,0.0294544,2.24671,cut,10424,8271,no
rKaHyPar,sat14_MD5-28-4.cnf.hgr,no,no,4,8,0.03,0.0193143,2.13315,cut,10507,8193,no
rKaHyPar,sat14_MD5-28-4.cnf.hgr,no,no,5,8,0.03,0.0125543,2.14862,cut,10610,8312,no
rKaHyPar,sat14_MD5-28-4.cnf.hgr,no,no,6,8,0.03,0.0251086,3.05379,cut,10737,8492,no
rKaHyPar,sat14_MD5-28-4.cnf.hgr,no,no,7,8,0.03,0.0265572,2.77646,cut,10356,8444,no
rKaHyPar,sat14_MD5-28-4.cnf.hgr,no,no,8,8,0.03,0.0299372,1.63615,cut,10565,8350,no
rKaHyPar,sat14_MD5-28-4.cnf.hgr,no,no,9,8,0.03,0.0299372,1.51746,cut,10581,8339,no
rKaHyPar,sat14_MD5-28-4.cnf.primal.hgr,no,no,0,128,0.03,0.0153846,10.5146,cut,28404,20458,no
rKaHyPar,sat14_MD5-28-4.cnf.primal.hgr,no,no,1,128,0.03,0.0153846,10.5896,cut,28811,20399,no
rKaHyPar,sat14_MD5-28-4.cnf.primal.hgr,no,no,2,128,0.03,0.0153846,7.23642,cut,29936,20827,no
rKaHyPar,sat14_MD5-28-4.cnf.primal.hgr,no,no,3,128,0.03,0.0153846,7.31049,cut,28974,20490,no
rKaHyPar,sat14_MD5-28-4.cnf.primal.hgr,no,no,4,128,0.03,0.0153846,7.47273,cut,28489,20621,no
rKaHyPar,sat14_MD5-28-4.cnf.primal.hgr,no,no,5,128,0.03,0.0153846,7.46326,cut,28995,20544,no
rKaHyPar,sat14_MD5-28-4.cnf.primal.hgr,no,no,6,128,0.03,0.0153846,7.2717,cut,28696,20312,no
rKaHyPar,sat14_MD5-28-4.cnf.primal.hgr,no,no,7,128,0.03,0.0153846,10.5168,cut,28592,20411,no
rKaHyPar,sat14_MD5-28-4.cnf.primal.hgr,no,no,8,128,0.03,0.0153846,10.4524,cut,28810,20562,no
rKaHyPar,sat14_MD5-28-4.cnf.primal.hgr,no,no,9,128,0.03,0.0153846,10.6616,cut,28861,20462,no
rKaHyPar,sat14_MD5-28-4.cnf.primal.hgr,no,no,0,16,0.03,0.0289575,1.42349,cut,13155,9946,no
rKaHyPar,sat14_MD5-28-4.cnf.primal.hgr,no,no,1,16,0.03,0.0289575,2.09018,cut,13504,10019,no
rKaHyPar,sat14_MD5-28-4.cnf.primal.hgr,no,no,2,16,0.03,0.0289575,1.45641,cut,13385,9860,no
rKaHyPar,sat14_MD5-28-4.cnf.primal.hgr,no,no,3,16,0.03,0.0289575,1.40904,cut,12780,9778,no
rKaHyPar,sat14_MD5-28-4.cnf.primal.hgr,no,no,4,16,0.03,0.027027,1.37868,cut,13344,9854,no
rKaHyPar,sat14_MD5-28-4.cnf.primal.hgr,no,no,5,16,0.03,0.0289575,1.4008,cut,13366,10020,no
rKaHyPar,sat14_MD5-28-4.cnf.primal.hgr,no,no,6,16,0.03,0.0289575,1.89535,cut,13416,9977,no
rKaHyPar,sat14_MD5-28-4.cnf.primal.hgr,no,no,7,16,0.03,0.0289575,1.42921,cut,13242,10010,no
rKaHyPar,sat14_MD5-28-4.cnf.primal.hgr,no,no,8,16,0.03,0.0289575,1.39989,cut,13488,9905,no
rKaHyPar,sat14_MD5-28-4.cnf.primal.hgr,no,no,9,16,0.03,0.0289575,2.02731,cut,13172,9929,no
rKaHyPar,sat14_MD5-28-4.cnf.primal.hgr,no,no,0,2,0.03,0.0299445,0.477112,cut,3551,3551,no
rKaHyPar,sat14_MD5-28-4.cnf.primal.hgr,no,no,1,2,0.03,0.029703,0.381099,cut,3525,3525,no
rKaHyPar,sat14_MD5-28-4.cnf.primal.hgr,no,no,2,2,0.03,0.0299445,0.427479,cut,3568,3568,no
rKaHyPar,sat14_MD5-28-4.cnf.primal.hgr,no,no,3,2,0.03,0.0299445,0.469777,cut,3561,3561,no
rKaHyPar,sat14_MD5-28-4.cnf.primal.hgr,no,no,4,2,0.03,0.0299445,0.485672,cut,3557,3557,no
rKaHyPar,sat14_MD5-28-4.cnf.primal.hgr,no,no,5,2,0.03,0.0299445,0.626173,cut,3538,3538,no
rKaHyPar,sat14_MD5-28-4.cnf.primal.hgr,no,no,6,2,0.03,0.0299445,0.467208,cut,3575,3575,no
rKaHyPar,sat14_MD5-28-4.cnf.primal.hgr,no,no,7,2,0.03,0.0299445,0.401872,cut,3532,3532,no
rKaHyPar,sat14_MD5-28-4.cnf.primal.hgr,no,no,8,2,0.03,0.0299445,0.632253,cut,3529,3529,no
rKaHyPar,sat14_MD5-28-4.cnf.primal.hgr,no,no,9,2,0.03,0.0299445,0.475551,cut,3566,3566,no
rKaHyPar,sat14_MD5-28-4.cnf.primal.hgr,no,no,0,32,0.03,0.027027,2.83201,cut,15791,11606,no
rKaHyPar,sat14_MD5-28-4.cnf.primal.hgr,no,no,1,32,0.03,0.027027,2.8355,cut,15995,11794,no
rKaHyPar,sat14_MD5-28-4.cnf.primal.hgr,no,no,2,32,0.03,0.027027,2.8644,cut,16072,11773,no
rKaHyPar,sat14_MD5-28-4.cnf.primal.hgr,no,no,3,32,0.03,0.027027,2.15026,cut,16152,12197,no
rKaHyPar,sat14_MD5-28-4.cnf.primal.hgr,no,no,4,32,0.03,0.027027,2.80525,cut,16035,11813,no
rKaHyPar,sat14_MD5-28-4.cnf.primal.hgr,no,no,5,32,0.03,0.027027,2.01678,cut,16037,11833,no
rKaHyPar,sat14_MD5-28-4.cnf.primal.hgr,no,no,6,32,0.03,0.027027,2.8179,cut,15919,11739,no
rKaHyPar,sat14_MD5-28-4.cnf.primal.hgr,no,no,7,32,0.03,0.027027,2.01271,cut,16054,11975,no
rKaHyPar,sat14_MD5-28-4.cnf.primal.hgr,no,no,8,32,0.03,0.027027,2.02162,cut,15863,11811,no
rKaHyPar,sat14_MD5-28-4.cnf.primal.hgr,no,no,9,32,0.03,0.027027,2.8373,cut,15957,11859,no
rKaHyPar,sat14_MD5-28-4.cnf.primal.hgr,no,no,0,4,0.03,0.0294544,0.744382,cut,7329,6325,no
rKaHyPar,sat14_MD5-28-4.cnf.primal.hgr,no,no,1,4,0.03,0.0144858,1.00548,cut,7377,6459,no
rKaHyPar,sat14_MD5-28-4.cnf.primal.hgr,no,no,2,4,0.03,0.0299372,0.717631,cut,7656,6378,no
rKaHyPar,sat14_MD5-28-4.cnf.primal.hgr,no,no,3,4,0.03,0.0294544,0.732406,cut,7402,6372,no
rKaHyPar,sat14_MD5-28-4.cnf.primal.hgr,no,no,4,4,0.03,0.0294544,1.02551,cut,7342,6330,no
rKaHyPar,sat14_MD5-28-4.cnf.primal.hgr,no,no,5,4,0.03,0.0299372,0.73735,cut,7419,6333,no
rKaHyPar,sat14_MD5-28-4.cnf.primal.hgr,no,no,6,4,0.03,0.0299372,0.775072,cut,7425,6529,no
rKaHyPar,sat14_MD5-28-4.cnf.primal.hgr,no,no,7,4,0.03,0.0299372,0.717632,cut,7455,6359,no
rKaHyPar,sat14_MD5-28-4.cnf.primal.hgr,no,no,8,4,0.03,0.0299372,0.77375,cut,7528,6354,no
rKaHyPar,sat14_MD5-28-4.cnf.primal.hgr,no,no,9,4,0.03,0.0299372,0.802156,cut,7482,6432,no
rKaHyPar,sat14_MD5-28-4.cnf.primal.hgr,no,no,0,64,0.03,0.0230769,6.28089,cut,21103,15194,no
rKaHyPar,sat14_MD5-28-4.cnf.primal.hgr,no,no,1,64,0.03,0.0230769,4.2584,cut,20646,15158,no
rKaHyPar,sat14_MD5-28-4.cnf.primal.hgr,no,no,2,64,0.03,0.0230769,6.17472,cut,20113,15032,no
rKaHyPar,sat14_MD5-28-4.cnf.primal.hgr,no,no,3,64,0.03,0.0230769,6.3585,cut,20982,15233,no
rKaHyPar,sat14_MD5-28-4.cnf.primal.hgr,no,no,4,64,0.03,0.0230769,4.37342,cut,20472,15207,no
rKaHyPar,sat14_MD5-28-4.cnf.primal.hgr,no,no,5,64,0.03,0.0230769,4.27264,cut,20327,15146,no
rKaHyPar,sat14_MD5-28-4.cnf.primal.hgr,no,no,6,64,0.03,0.0230769,4.30629,cut,21152,15299,no
rKaHyPar,sat14_MD5-28-4.cnf.primal.hgr,no,no,7,64,0.03,0.0230769,6.07923,cut,20571,15207,no
rKaHyPar,sat14_MD5-28-4.cnf.primal.hgr,no,no,8,64,0.03,0.0230769,4.46981,cut,20468,15199,no
rKaHyPar,sat14_MD5-28-4.cnf.primal.hgr,no,no,9,64,0.03,0.0230769,6.166,cut,20887,15204,no
rKaHyPar,sat14_MD5-28-4.cnf.primal.hgr,no,no,0,8,0.03,0.0289575,1.41003,cut,10276,8261,no
rKaHyPar,sat14_MD5-28-4.cnf.primal.hgr,no,no,1,8,0.03,0.0250965,1.24362,cut,10470,8288,no
rKaHyPar,sat14_MD5-28-4.cnf.primal.hgr,no,no,2,8,0.03,0.0299228,1.04117,cut,10700,8239,no
rKaHyPar,sat14_MD5-28-4.cnf.primal.hgr,no,no,3,8,0.03,0.0299228,1.80715,cut,10425,8405,no
rKaHyPar,sat14_MD5-28-4.cnf.primal.hgr,no,no,4,8,0.03,0.0299228,2.11824,cut,10497,8355,no
rKaHyPar,sat14_MD5-28-4.cnf.primal.hgr,no,no,5,8,0.03,0.0299228,1.67481,cut,10656,8342,no
rKaHyPar,sat14_MD5-28-4.cnf.primal.hgr,no,no,6,8,0.03,0.0289575,1.39498,cut,11042,8423,no
rKaHyPar,sat14_MD5-28-4.cnf.primal.hgr,no,no,7,8,0.03,0.0202703,1.75363,cut,10530,8311,no
rKaHyPar,sat14_MD5-28-4.cnf.primal.hgr,no,no,8,8,0.03,0.0289575,1.03991,cut,10356,8279,no
rKaHyPar,sat14_MD5-28-4.cnf.primal.hgr,no,no,9,8,0.03,0.0299228,1.36916,cut,10568,8332,no
rKaHyPar,sat14_MD5-29-4.cnf.dual.hgr,no,no,0,128,0.03,0.0293542,10.4514,cut,5301,1760,no
rKaHyPar,sat14_MD5-29-4.cnf.dual.hgr,no,no,1,128,0.03,0.0293542,10.6233,cut,5384,1788,no
rKaHyPar,sat14_MD5-29-4.cnf.dual.hgr,no,no,2,128,0.03,0.0293542,7.55842,cut,5307,1782,no
rKaHyPar,sat14_MD5-29-4.cnf.dual.hgr,no,no,3,128,0.03,0.0293542,7.38987,cut,5395,1799,no
rKaHyPar,sat14_MD5-29-4.cnf.dual.hgr,no,no,4,128,0.03,0.0273973,7.39401,cut,5414,1797,no
rKaHyPar,sat14_MD5-29-4.cnf.dual.hgr,no,no,5,128,0.03,0.0293542,7.35356,cut,5464,1803,no
rKaHyPar,sat14_MD5-29-4.cnf.dual.hgr,no,no,6,128,0.03,0.0293542,7.47776,cut,5359,1807,no
rKaHyPar,sat14_MD5-29-4.cnf.dual.hgr,no,no,7,128,0.03,0.0293542,10.5309,cut,5588,1825,no
rKaHyPar,sat14_MD5-29-4.cnf.dual.hgr,no,no,8,128,0.03,0.0293542,10.4613,cut,5342,1759,no
rKaHyPar,sat14_MD5-29-4.cnf.dual.hgr,no,no,9,128,0.03,0.0293542,10.5586,cut,5546,1794,no
rKaHyPar,sat14_MD5-29-4.cnf.dual.hgr,no,no,0,16,0.03,0.0284174,3.66094,cut,3099,1235,no
rKaHyPar,sat14_MD5-29-4.cnf.dual.hgr,no,no,1,16,0.03,0.0276825,5.22426,cut,2880,1223,no
rKaHyPar,sat14_MD5-29-4.cnf.dual.hgr,no,no,2,16,0.03,0.0244978,3.8203,cut,3102,1156,no
rKaHyPar,sat14_MD5-29-4.cnf.dual.hgr,no,no,3,16,0.03,0.0271926,3.67798,cut,2966,1179,no
rKaHyPar,sat14_MD5-29-4.cnf.dual.hgr,no,no,4,16,0.03,0.0271926,3.72321,cut,3067,1249,no
rKaHyPar,sat14_MD5-29-4.cnf.dual.hgr,no,no,5,16,0.03,0.0257227,3.73899,cut,3009,1233,no
rKaHyPar,sat14_MD5-29-4.cnf.dual.hgr,no,no,6,16,0.03,0.022538,5.27415,cut,3021,1233,no
rKaHyPar,sat14_MD5-29-4.cnf.dual.hgr,no,no,7,16,0.03,0.0240078,3.84578,cut,2985,1221,no
rKaHyPar,sat14_MD5-29-4.cnf.dual.hgr,no,no,8,16,0.03,0.0279275,3.73162,cut,2824,1215,no
rKaHyPar,sat14_MD5-29-4.cnf.dual.hgr,no,no,9,16,0.03,0.0195982,5.31919,cut,2898,1164,no
rKaHyPar,sat14_MD5-29-4.cnf.dual.hgr,no,no,0,2,0.03,3.06222e-05,1.11426,cut,486,486,no
rKaHyPar,sat14_MD5-29-4.cnf.dual.hgr,no,no,1,2,0.03,0.022048,1.17662,cut,481,481,no
rKaHyPar,sat14_MD5-29-4.cnf.dual.hgr,no,no,2,2,0.03,0.0299792,1.19688,cut,479,479,no
rKaHyPar,sat14_MD5-29-4.cnf.dual.hgr,no,no,3,2,0.03,3.06222e-05,1.11018,cut,489,489,no
rKaHyPar,sat14_MD5-29-4.cnf.dual.hgr,no,no,4,2,0.03,0.0275294,1.11929,cut,480,480,no
rKaHyPar,sat14_MD5-29-4.cnf.dual.hgr,no,no,5,2,0.03,0.022048,1.58828,cut,481,481,no
rKaHyPar,sat14_MD5-29-4.cnf.dual.hgr,no,no,6,2,0.03,0.025937,1.16888,cut,487,487,no
rKaHyPar,sat14_MD5-29-4.cnf.dual.hgr,no,no,7,2,0.03,0.0160767,1.11126,cut,485,485,no
rKaHyPar,sat14_MD5-29-4.cnf.dual.hgr,no,no,8,2,0.03,0.0263351,1.62496,cut,488,488,no
rKaHyPar,sat14_MD5-29-4.cnf.dual.hgr,no,no,9,2,0.03,0.0231504,1.17906,cut,479,479,no
rKaHyPar,sat14_MD5-29-4.cnf.dual.hgr,no,no,0,32,0.03,0.0293974,6.51005,cut,3780,1272,no
rKaHyPar,sat14_MD5-29-4.cnf.dual.hgr,no,no,1,32,0.03,0.0235179,6.65981,cut,3884,1310,no
rKaHyPar,sat14_MD5-29-4.cnf.dual.hgr,no,no,2,32,0.03,0.0289074,6.68568,cut,3857,1237,no
rKaHyPar,sat14_MD5-29-4.cnf.dual.hgr,no,no,3,32,0.03,0.0298873,4.80414,cut,3946,1268,no
rKaHyPar,sat14_MD5-29-4.cnf.dual.hgr,no,no,4,32,0.03,0.0279275,6.64514,cut,3751,1337,no
rKaHyPar,sat14_MD5-29-4.cnf.dual.hgr,no,no,5,32,0.03,0.0298873,4.66193,cut,3876,1273,no
rKaHyPar,sat14_MD5-29-4.cnf.dual.hgr,no,no,6,32,0.03,0.0249878,6.54371,cut,3918,1399,no
rKaHyPar,sat14_MD5-29-4.cnf.dual.hgr,no,no,7,32,0.03,0.0259677,4.70729,cut,3819,1319,no
rKaHyPar,sat14_MD5-29-4.cnf.dual.hgr,no,no,8,32,0.03,0.0254777,4.67403,cut,3880,1289,no
rKaHyPar,sat14_MD5-29-4.cnf.dual.hgr,no,no,9,32,0.03,0.0205781,6.64609,cut,3672,1309,no
rKaHyPar,sat14_MD5-29-4.cnf.dual.hgr,no,no,0,4,0.03,0.0271313,2.06752,cut,1090,848,no
rKaHyPar,sat14_MD5-29-4.cnf.dual.hgr,no,no,1,4,0.03,0.0122489,2.17473,cut,1003,847,no
rKaHyPar,sat14_MD5-29-4.cnf.dual.hgr,no,no,2,4,0.03,0.00612445,2.04092,cut,1035,855,no
rKaHyPar,sat14_MD5-29-4.cnf.dual.hgr,no,no,3,4,0.03,0.0150049,2.04203,cut,1034,814,no
rKaHyPar,sat14_MD5-29-4.cnf.dual.hgr,no,no,4,4,0.03,0.0289074,3.10267,cut,982,836,no
rKaHyPar,sat14_MD5-29-4.cnf.dual.hgr,no,no,5,4,0.03,0.0233954,2.06132,cut,1035,832,no
rKaHyPar,sat14_MD5-29-4.cnf.dual.hgr,no,no,6,4,0.03,0.00391965,2.19747,cut,1008,817,no
rKaHyPar,sat14_MD5-29-4.cnf.dual.hgr,no,no,7,4,0.03,0.0176384,2.11325,cut,1094,850,no
rKaHyPar,sat14_MD5-29-4.cnf.dual.hgr,no,no,8,4,0.03,0.016536,2.07893,cut,1004,817,no
rKaHyPar,sat14_MD5-29-4.cnf.dual.hgr,no,no,9,4,0.03,0.00594072,2.06988,cut,965,814,no
rKaHyPar,sat14_MD5-29-4.cnf.dual.hgr,no,no,0,64,0.03,0.029383,8.15858,cut,4536,1444,no
rKaHyPar,sat14_MD5-29-4.cnf.dual.hgr,no,no,1,64,0.03,0.029383,5.8418,cut,4532,1491,no
rKaHyPar,sat14_MD5-29-4.cnf.dual.hgr,no,no,2,64,0.03,0.0284035,8.35479,cut,4637,1437,no
rKaHyPar,sat14_MD5-29-4.cnf.dual.hgr,no,no,3,64,0.03,0.029383,8.23305,cut,4589,1414,no
rKaHyPar,sat14_MD5-29-4.cnf.dual.hgr,no,no,4,64,0.03,0.029383,5.84841,cut,4688,1394,no
rKaHyPar,sat14_MD5-29-4.cnf.dual.hgr,no,no,5,64,0.03,0.0264447,5.88791,cut,4608,1430,no
rKaHyPar,sat14_MD5-29-4.cnf.dual.hgr,no,no,6,64,0.03,0.029383,5.83112,cut,4653,1404,no
rKaHyPar,sat14_MD5-29-4.cnf.dual.hgr,no,no,7,64,0.03,0.029383,8.2461,cut,4813,1454,no
rKaHyPar,sat14_MD5-29-4.cnf.dual.hgr,no,no,8,64,0.03,0.0254652,5.84094,cut,4495,1441,no
rKaHyPar,sat14_MD5-29-4.cnf.dual.hgr,no,no,9,64,0.03,0.0274241,8.34189,cut,4511,1446,no
rKaHyPar,sat14_MD5-29-4.cnf.dual.hgr,no,no,0,8,0.03,0.0140862,4.10753,cut,2153,1064,no
rKaHyPar,sat14_MD5-29-4.cnf.dual.hgr,no,no,1,8,0.03,0.00832925,3.10702,cut,1873,1118,no
rKaHyPar,sat14_MD5-29-4.cnf.dual.hgr,no,no,2,8,0.03,0.0274375,3.06307,cut,1912,1095,no
rKaHyPar,sat14_MD5-29-4.cnf.dual.hgr,no,no,3,8,0.03,0.0182509,4.25476,cut,1958,1071,no
rKaHyPar,sat14_MD5-29-4.cnf.dual.hgr,no,no,4,8,0.03,0.0191083,4.43705,cut,2016,1116,no
rKaHyPar,sat14_MD5-29-4.cnf.dual.hgr,no,no,5,8,0.03,0.0122489,4.15229,cut,1897,1109,no
rKaHyPar,sat14_MD5-29-4.cnf.dual.hgr,no,no,6,8,0.03,0.0134738,4.13156,cut,1975,1105,no
rKaHyPar,sat14_MD5-29-4.cnf.dual.hgr,no,no,7,8,0.03,0.0105341,4.12439,cut,1953,1077,no
rKaHyPar,sat14_MD5-29-4.cnf.dual.hgr,no,no,8,8,0.03,0.0257227,3.00242,cut,2074,1016,no
rKaHyPar,sat14_MD5-29-4.cnf.dual.hgr,no,no,9,8,0.03,0.0270701,2.96339,cut,1915,1037,no
rKaHyPar,sat14_MD5-29-4.cnf.hgr,no,no,0,128,0.03,0.0296296,10.3839,cut,28345,21229,no
rKaHyPar,sat14_MD5-29-4.cnf.hgr,no,no,1,128,0.03,0.0296296,10.5698,cut,28309,21137,no
rKaHyPar,sat14_MD5-29-4.cnf.hgr,no,no,2,128,0.03,0.0296296,7.61795,cut,27851,21317,no
rKaHyPar,sat14_MD5-29-4.cnf.hgr,no,no,3,128,0.03,0.0296296,7.58014,cut,27548,21047,no
rKaHyPar,sat14_MD5-29-4.cnf.hgr,no,no,4,128,0.03,0.0296296,7.4666,cut,28062,21232,no
rKaHyPar,sat14_MD5-29-4.cnf.hgr,no,no,5,128,0.03,0.0296296,7.53165,cut,27433,21114,no
rKaHyPar,sat14_MD5-29-4.cnf.hgr,no,no,6,128,0.03,0.0296296,7.49554,cut,28119,21228,no
rKaHyPar,sat14_MD5-29-4.cnf.hgr,no,no,7,128,0.03,0.0296296,10.6411,cut,27967,21252,no
rKaHyPar,sat14_MD5-29-4.cnf.hgr,no,no,8,128,0.03,0.0296296,10.3773,cut,28026,21298,no
rKaHyPar,sat14_MD5-29-4.cnf.hgr,no,no,9,128,0.03,0.0296296,10.5749,cut,27814,21044,no
rKaHyPar,sat14_MD5-29-4.cnf.hgr,no,no,0,16,0.03,0.027933,2.48984,cut,13752,10487,no
rKaHyPar,sat14_MD5-29-4.cnf.hgr,no,no,1,16,0.03,0.0270019,3.43318,cut,13786,10475,no
rKaHyPar,sat14_MD5-29-4.cnf.hgr,no,no,2,16,0.03,0.0297952,2.40534,cut,13988,10274,no
rKaHyPar,sat14_MD5-29-4.cnf.hgr,no,no,3,16,0.03,0.0297952,2.25497,cut,13806,10204,no
rKaHyPar,sat14_MD5-29-4.cnf.hgr,no,no,4,16,0.03,0.027933,2.32538,cut,13783,10481,no
rKaHyPar,sat14_MD5-29-4.cnf.hgr,no,no,5,16,0.03,0.0297952,2.30759,cut,13997,10467,no
rKaHyPar,sat14_MD5-29-4.cnf.hgr,no,no,6,16,0.03,0.0297952,3.14964,cut,13752,10174,no
rKaHyPar,sat14_MD5-29-4.cnf.hgr,no,no,7,16,0.03,0.0297952,2.19711,cut,13575,10223,no
rKaHyPar,sat14_MD5-29-4.cnf.hgr,no,no,8,16,0.03,0.0297952,2.3513,cut,13693,10440,no
rKaHyPar,sat14_MD5-29-4.cnf.hgr,no,no,9,16,0.03,0.0297952,3.53949,cut,13856,10427,no
rKaHyPar,sat14_MD5-29-4.cnf.hgr,no,no,0,2,0.03,0.0299185,0.883655,cut,3906,3906,no
rKaHyPar,sat14_MD5-29-4.cnf.hgr,no,no,1,2,0.03,0.0299185,0.925207,cut,3901,3901,no
rKaHyPar,sat14_MD5-29-4.cnf.hgr,no,no,2,2,0.03,0.024447,0.640095,cut,4017,4017,no
rKaHyPar,sat14_MD5-29-4.cnf.hgr,no,no,3,2,0.03,0.0299185,0.84569,cut,3888,3888,no
rKaHyPar,sat14_MD5-29-4.cnf.hgr,no,no,4,2,0.03,0.0294529,0.755598,cut,3876,3876,no
rKaHyPar,sat14_MD5-29-4.cnf.hgr,no,no,5,2,0.03,0.0294529,0.918269,cut,3876,3876,no
rKaHyPar,sat14_MD5-29-4.cnf.hgr,no,no,6,2,0.03,0.0296857,0.741171,cut,3875,3875,no
rKaHyPar,sat14_MD5-29-4.cnf.hgr,no,no,7,2,0.03,0.0299185,0.752972,cut,3881,3881,no
rKaHyPar,sat14_MD5-29-4.cnf.hgr,no,no,8,2,0.03,0.024447,0.894533,cut,4017,4017,no
rKaHyPar,sat14_MD5-29-4.cnf.hgr,no,no,9,2,0.03,0.010943,0.739035,cut,3998,3998,no
rKaHyPar,sat14_MD5-29-4.cnf.hgr,no,no,0,32,0.03,0.0297952,4.41323,cut,16701,12439,no
rKaHyPar,sat14_MD5-29-4.cnf.hgr,no,no,1,32,0.03,0.0297952,4.37223,cut,16873,12403,no
rKaHyPar,sat14_MD5-29-4.cnf.hgr,no,no,2,32,0.03,0.0297952,4.46828,cut,16728,12370,no
rKaHyPar,sat14_MD5-29-4.cnf.hgr,no,no,3,32,0.03,0.0297952,3.24673,cut,16756,12330,no
rKaHyPar,sat14_MD5-29-4.cnf.hgr,no,no,4,32,0.03,0.0297952,4.40116,cut,16628,12470,no
rKaHyPar,sat14_MD5-29-4.cnf.hgr,no,no,5,32,0.03,0.0297952,3.20395,cut,16752,12346,no
rKaHyPar,sat14_MD5-29-4.cnf.hgr,no,no,6,32,0.03,0.0297952,4.38058,cut,16679,12174,no
rKaHyPar,sat14_MD5-29-4.cnf.hgr,no,no,7,32,0.03,0.0297952,3.15894,cut,16661,12276,no
rKaHyPar,sat14_MD5-29-4.cnf.hgr,no,no,8,32,0.03,0.0297952,3.19259,cut,16231,12331,no
rKaHyPar,sat14_MD5-29-4.cnf.hgr,no,no,9,32,0.03,0.0297952,4.41711,cut,16673,12584,no
rKaHyPar,sat14_MD5-29-4.cnf.hgr,no,no,0,4,0.03,0.0298021,1.45521,cut,7351,6473,no
rKaHyPar,sat14_MD5-29-4.cnf.hgr,no,no,1,4,0.03,0.025844,1.55552,cut,7459,6431,no
rKaHyPar,sat14_MD5-29-4.cnf.hgr,no,no,2,4,0.03,0.025844,1.17298,cut,7782,6576,no
rKaHyPar,sat14_MD5-29-4.cnf.hgr,no,no,3,4,0.03,0.0253783,1.13617,cut,7913,6633,no
rKaHyPar,sat14_MD5-29-4.cnf.hgr,no,no,4,4,0.03,0.0298021,1.697,cut,7854,6732,no
rKaHyPar,sat14_MD5-29-4.cnf.hgr,no,no,5,4,0.03,0.0298021,1.32774,cut,7838,6712,no
rKaHyPar,sat14_MD5-29-4.cnf.hgr,no,no,6,4,0.03,0.0298021,1.14457,cut,7444,6426,no
rKaHyPar,sat14_MD5-29-4.cnf.hgr,no,no,7,4,0.03,0.0298021,1.16428,cut,7756,6707,no
rKaHyPar,sat14_MD5-29-4.cnf.hgr,no,no,8,4,0.03,0.0298021,1.17304,cut,7839,6748,no
rKaHyPar,sat14_MD5-29-4.cnf.hgr,no,no,9,4,0.03,0.0211874,1.21799,cut,7965,6823,no
rKaHyPar,sat14_MD5-29-4.cnf.hgr,no,no,0,64,0.03,0.0297398,6.65214,cut,20686,15543,no
rKaHyPar,sat14_MD5-29-4.cnf.hgr,no,no,1,64,0.03,0.0297398,4.48662,cut,20561,15477,no
rKaHyPar,sat14_MD5-29-4.cnf.hgr,no,no,2,64,0.03,0.0297398,6.44695,cut,20590,15608,no
rKaHyPar,sat14_MD5-29-4.cnf.hgr,no,no,3,64,0.03,0.0297398,6.3975,cut,20347,15481,no
rKaHyPar,sat14_MD5-29-4.cnf.hgr,no,no,4,64,0.03,0.0297398,4.59819,cut,21030,15786,no
rKaHyPar,sat14_MD5-29-4.cnf.hgr,no,no,5,64,0.03,0.0297398,4.5358,cut,20843,15725,no
rKaHyPar,sat14_MD5-29-4.cnf.hgr,no,no,6,64,0.03,0.0297398,4.53523,cut,20231,15440,no
rKaHyPar,sat14_MD5-29-4.cnf.hgr,no,no,7,64,0.03,0.0297398,6.23697,cut,20288,15553,no
rKaHyPar,sat14_MD5-29-4.cnf.hgr,no,no,8,64,0.03,0.0297398,4.68666,cut,20734,15624,no
rKaHyPar,sat14_MD5-29-4.cnf.hgr,no,no,9,64,0.03,0.0297398,6.2515,cut,20637,15797,no
rKaHyPar,sat14_MD5-29-4.cnf.hgr,no,no,0,8,0.03,0.0297952,2.194,cut,10868,8520,no
rKaHyPar,sat14_MD5-29-4.cnf.hgr,no,no,1,8,0.03,0.027933,1.7466,cut,10878,8540,no
rKaHyPar,sat14_MD5-29-4.cnf.hgr,no,no,2,8,0.03,0.0297952,1.60432,cut,10580,8575,no
rKaHyPar,sat14_MD5-29-4.cnf.hgr,no,no,3,8,0.03,0.0297952,2.2689,cut,10589,8517,no
rKaHyPar,sat14_MD5-29-4.cnf.hgr,no,no,4,8,0.03,0.0297952,2.60601,cut,10512,8455,no
rKaHyPar,sat14_MD5-29-4.cnf.hgr,no,no,5,8,0.03,0.0265363,2.33325,cut,10662,8423,no
rKaHyPar,sat14_MD5-29-4.cnf.hgr,no,no,6,8,0.03,0.0274674,2.50999,cut,10922,8635,no
rKaHyPar,sat14_MD5-29-4.cnf.hgr,no,no,7,8,0.03,0.0232775,2.57495,cut,10728,8500,no
rKaHyPar,sat14_MD5-29-4.cnf.hgr,no,no,8,8,0.03,0.0297952,1.6322,cut,11043,8606,no
rKaHyPar,sat14_MD5-29-4.cnf.hgr,no,no,9,8,0.03,0.0139665,1.67409,cut,10556,8509,no
rKaHyPar,sat14_MD5-29-4.cnf.primal.hgr,no,no,0,128,0.03,0.0294118,10.753,cut,29919,21181,no
rKaHyPar,sat14_MD5-29-4.cnf.primal.hgr,no,no,1,128,0.03,0.0294118,10.8034,cut,30167,21169,no
rKaHyPar,sat14_MD5-29-4.cnf.primal.hgr,no,no,2,128,0.03,0.0294118,7.5769,cut,29902,20944,no
rKaHyPar,sat14_MD5-29-4.cnf.primal.hgr,no,no,3,128,0.03,0.0294118,7.45234,cut,29675,21088,no
rKaHyPar,sat14_MD5-29-4.cnf.primal.hgr,no,no,4,128,0.03,0.0294118,7.46886,cut,29153,21245,no
rKaHyPar,sat14_MD5-29-4.cnf.primal.hgr,no,no,5,128,0.03,0.0294118,7.49603,cut,29411,21107,no
rKaHyPar,sat14_MD5-29-4.cnf.primal.hgr,no,no,6,128,0.03,0.0294118,7.53672,cut,30278,21108,no
rKaHyPar,sat14_MD5-29-4.cnf.primal.hgr,no,no,7,128,0.03,0.0294118,10.9261,cut,29848,21267,no
rKaHyPar,sat14_MD5-29-4.cnf.primal.hgr,no,no,8,128,0.03,0.0294118,10.79,cut,29398,21283,no
rKaHyPar,sat14_MD5-29-4.cnf.primal.hgr,no,no,9,128,0.03,0.0294118,10.9573,cut,29752,21279,no
rKaHyPar,sat14_MD5-29-4.cnf.primal.hgr,no,no,0,16,0.03,0.0297952,1.60937,cut,14083,10506,no
rKaHyPar,sat14_MD5-29-4.cnf.primal.hgr,no,no,1,16,0.03,0.0297952,2.14778,cut,13758,10206,no
rKaHyPar,sat14_MD5-29-4.cnf.primal.hgr,no,no,2,16,0.03,0.0297952,1.471,cut,14100,10143,no
rKaHyPar,sat14_MD5-29-4.cnf.primal.hgr,no,no,3,16,0.03,0.0297952,1.47771,cut,14056,10233,no
rKaHyPar,sat14_MD5-29-4.cnf.primal.hgr,no,no,4,16,0.03,0.0297952,1.54245,cut,14020,10295,no
rKaHyPar,sat14_MD5-29-4.cnf.primal.hgr,no,no,5,16,0.03,0.0297952,1.56127,cut,14110,10447,no
rKaHyPar,sat14_MD5-29-4.cnf.primal.hgr,no,no,6,16,0.03,0.027933,2.03638,cut,13847,10459,no
rKaHyPar,sat14_MD5-29-4.cnf.primal.hgr,no,no,7,16,0.03,0.0297952,1.45183,cut,13996,10148,no
rKaHyPar,sat14_MD5-29-4.cnf.primal.hgr,no,no,8,16,0.03,0.0297952,1.61512,cut,13693,10263,no
rKaHyPar,sat14_MD5-29-4.cnf.primal.hgr,no,no,9,16,0.03,0.0297952,2.0954,cut,13992,10166,no
rKaHyPar,sat14_MD5-29-4.cnf.primal.hgr,no,no,0,2,0.03,0.0298021,0.699862,cut,3943,3943,no
rKaHyPar,sat14_MD5-29-4.cnf.primal.hgr,no,no,1,2,0.03,0.0298021,0.533981,cut,3893,3893,no
rKaHyPar,sat14_MD5-29-4.cnf.primal.hgr,no,no,2,2,0.03,0.0298021,0.485294,cut,3885,3885,no
rKaHyPar,sat14_MD5-29-4.cnf.primal.hgr,no,no,3,2,0.03,0.0298021,0.82158,cut,3978,3978,no
rKaHyPar,sat14_MD5-29-4.cnf.primal.hgr,no,no,4,2,0.03,0.0291036,0.522165,cut,3860,3860,no
rKaHyPar,sat14_MD5-29-4.cnf.primal.hgr,no,no,5,2,0.03,0.0298021,0.720062,cut,3977,3977,no
rKaHyPar,sat14_MD5-29-4.cnf.primal.hgr,no,no,6,2,0.03,0.0298021,0.55413,cut,3899,3899,no
rKaHyPar,sat14_MD5-29-4.cnf.primal.hgr,no,no,7,2,0.03,0.0298021,0.443634,cut,3876,3876,no
rKaHyPar,sat14_MD5-29-4.cnf.primal.hgr,no,no,8,2,0.03,0.0298021,0.831301,cut,3980,3980,no
rKaHyPar,sat14_MD5-29-4.cnf.primal.hgr,no,no,9,2,0.03,0.0298021,0.5978,cut,3929,3929,no
rKaHyPar,sat14_MD5-29-4.cnf.primal.hgr,no,no,0,32,0.03,0.0297398,2.99529,cut,16493,12165,no
rKaHyPar,sat14_MD5-29-4.cnf.primal.hgr,no,no,1,32,0.03,0.0297398,2.97354,cut,16677,12431,no
rKaHyPar,sat14_MD5-29-4.cnf.primal.hgr,no,no,2,32,0.03,0.0297398,2.11257,cut,16960,12334,no
rKaHyPar,sat14_MD5-29-4.cnf.primal.hgr,no,no,3,32,0.03,0.0297398,2.15862,cut,16783,12160,no
rKaHyPar,sat14_MD5-29-4.cnf.primal.hgr,no,no,4,32,0.03,0.0297398,2.98047,cut,16919,12554,no
rKaHyPar,sat14_MD5-29-4.cnf.primal.hgr,no,no,5,32,0.03,0.0297398,2.07487,cut,17007,12509,no
rKaHyPar,sat14_MD5-29-4.cnf.primal.hgr,no,no,6,32,0.03,0.0297398,2.90864,cut,16989,12452,no
rKaHyPar,sat14_MD5-29-4.cnf.primal.hgr,no,no,7,32,0.03,0.0297398,2.0618,cut,17036,12247,no
rKaHyPar,sat14_MD5-29-4.cnf.primal.hgr,no,no,8,32,0.03,0.0297398,2.08669,cut,16970,12419,no
rKaHyPar,sat14_MD5-29-4.cnf.primal.hgr,no,no,9,32,0.03,0.0297398,2.99933,cut,17175,12346,no
rKaHyPar,sat14_MD5-29-4.cnf.primal.hgr,no,no,0,4,0.03,0.0288641,0.805536,cut,7794,6830,no
rKaHyPar,sat14_MD5-29-4.cnf.primal.hgr,no,no,1,4,0.03,0.0297952,0.779957,cut,8533,6891,no
rKaHyPar,sat14_MD5-29-4.cnf.primal.hgr,no,no,2,4,0.03,0.027933,0.796928,cut,7745,6675,no
rKaHyPar,sat14_MD5-29-4.cnf.primal.hgr,no,no,3,4,0.03,0.0293296,0.677957,cut,7636,6456,no
rKaHyPar,sat14_MD5-29-4.cnf.primal.hgr,no,no,4,4,0.03,0.0293296,1.06213,cut,7985,6805,no
rKaHyPar,sat14_MD5-29-4.cnf.primal.hgr,no,no,5,4,0.03,0.014432,0.826666,cut,7790,6776,no
rKaHyPar,sat14_MD5-29-4.cnf.primal.hgr,no,no,6,4,0.03,0.027933,0.775644,cut,7811,6849,no
rKaHyPar,sat14_MD5-29-4.cnf.primal.hgr,no,no,7,4,0.03,0.027933,0.829328,cut,7554,6686,no
rKaHyPar,sat14_MD5-29-4.cnf.primal.hgr,no,no,8,4,0.03,0.0288641,0.845788,cut,7882,6676,no
rKaHyPar,sat14_MD5-29-4.cnf.primal.hgr,no,no,9,4,0.03,0.018622,0.711695,cut,7745,6678,no
rKaHyPar,sat14_MD5-29-4.cnf.primal.hgr,no,no,0,64,0.03,0.0296296,6.27301,cut,21727,15773,no
rKaHyPar,sat14_MD5-29-4.cnf.primal.hgr,no,no,1,64,0.03,0.0296296,4.47491,cut,21006,15459,no
rKaHyPar,sat14_MD5-29-4.cnf.primal.hgr,no,no,2,64,0.03,0.0296296,6.39586,cut,21566,15559,no
rKaHyPar,sat14_MD5-29-4.cnf.primal.hgr,no,no,3,64,0.03,0.0296296,6.20621,cut,20988,15626,no
rKaHyPar,sat14_MD5-29-4.cnf.primal.hgr,no,no,4,64,0.03,0.0296296,4.45987,cut,21694,15783,no
rKaHyPar,sat14_MD5-29-4.cnf.primal.hgr,no,no,5,64,0.03,0.0296296,4.52287,cut,21288,15764,no
rKaHyPar,sat14_MD5-29-4.cnf.primal.hgr,no,no,6,64,0.03,0.0296296,4.39189,cut,21263,15784,no
rKaHyPar,sat14_MD5-29-4.cnf.primal.hgr,no,no,7,64,0.03,0.0296296,6.36239,cut,21121,15645,no
rKaHyPar,sat14_MD5-29-4.cnf.primal.hgr,no,no,8,64,0.03,0.0296296,4.41337,cut,20945,15731,no
rKaHyPar,sat14_MD5-29-4.cnf.primal.hgr,no,no,9,64,0.03,0.0296296,6.37648,cut,21174,15598,no
rKaHyPar,sat14_MD5-29-4.cnf.primal.hgr,no,no,0,8,0.03,0.0297952,1.47845,cut,10875,8774,no
rKaHyPar,sat14_MD5-29-4.cnf.primal.hgr,no,no,1,8,0.03,0.0223464,1.03366,cut,11113,8451,no
rKaHyPar,sat14_MD5-29-4.cnf.primal.hgr,no,no,2,8,0.03,0.0297952,1.00723,cut,11111,8508,no
rKaHyPar,sat14_MD5-29-4.cnf.primal.hgr,no,no,3,8,0.03,0.0288641,1.47123,cut,11690,8755,no
rKaHyPar,sat14_MD5-29-4.cnf.primal.hgr,no,no,4,8,0.03,0.0297952,1.40672,cut,11215,8699,no
rKaHyPar,sat14_MD5-29-4.cnf.primal.hgr,no,no,5,8,0.03,0.0297952,1.6102,cut,11314,8680,no
rKaHyPar,sat14_MD5-29-4.cnf.primal.hgr,no,no,6,8,0.03,0.0297952,1.67554,cut,11198,8815,no
rKaHyPar,sat14_MD5-29-4.cnf.primal.hgr,no,no,7,8,0.03,0.0251397,1.57477,cut,10999,8495,no
rKaHyPar,sat14_MD5-29-4.cnf.primal.hgr,no,no,8,8,0.03,0.0288641,1.06592,cut,10778,8354,no
rKaHyPar,sat14_MD5-29-4.cnf.primal.hgr,no,no,9,8,0.03,0.0297952,1.06111,cut,11088,8669,no
rKaHyPar,sat14_MD5-30-4.cnf.dual.hgr,no,no,0,128,0.03,0.0281426,10.7916,cut,5634,1885,no
rKaHyPar,sat14_MD5-30-4.cnf.dual.hgr,no,no,1,128,0.03,0.0281426,10.7613,cut,5650,1901,no
rKaHyPar,sat14_MD5-30-4.cnf.dual.hgr,no,no,2,128,0.03,0.0262664,7.88071,cut,5594,1887,no
rKaHyPar,sat14_MD5-30-4.cnf.dual.hgr,no,no,3,128,0.03,0.0281426,7.66451,cut,5655,1922,no
rKaHyPar,sat14_MD5-30-4.cnf.dual.hgr,no,no,4,128,0.03,0.0281426,7.60002,cut,5559,1849,no
rKaHyPar,sat14_MD5-30-4.cnf.dual.hgr,no,no,5,128,0.03,0.0281426,7.58534,cut,5773,1863,no
rKaHyPar,sat14_MD5-30-4.cnf.dual.hgr,no,no,6,128,0.03,0.0281426,7.69981,cut,6015,1902,no
rKaHyPar,sat14_MD5-30-4.cnf.dual.hgr,no,no,7,128,0.03,0.0281426,10.743,cut,5693,1907,no
rKaHyPar,sat14_MD5-30-4.cnf.dual.hgr,no,no,8,128,0.03,0.0281426,10.773,cut,5636,1887,no
rKaHyPar,sat14_MD5-30-4.cnf.dual.hgr,no,no,9,128,0.03,0.0281426,11.2178,cut,5580,1815,no
rKaHyPar,sat14_MD5-30-4.cnf.dual.hgr,no,no,0,16,0.03,0.0244304,4.00243,cut,3208,1293,no
rKaHyPar,sat14_MD5-30-4.cnf.dual.hgr,no,no,1,16,0.03,0.0199671,5.37614,cut,3371,1052,no
rKaHyPar,sat14_MD5-30-4.cnf.dual.hgr,no,no,2,16,0.03,0.0251351,4.05771,cut,2948,1305,no
rKaHyPar,sat14_MD5-30-4.cnf.dual.hgr,no,no,3,16,0.03,0.0143293,3.91172,cut,2946,1301,no
rKaHyPar,sat14_MD5-30-4.cnf.dual.hgr,no,no,4,16,0.03,0.02537,3.94235,cut,3254,1282,no
rKaHyPar,sat14_MD5-30-4.cnf.dual.hgr,no,no,5,16,0.03,0.0293634,4.06776,cut,3092,1283,no
rKaHyPar,sat14_MD5-30-4.cnf.dual.hgr,no,no,6,16,0.03,0.0263096,5.53945,cut,3108,1294,no
rKaHyPar,sat14_MD5-30-4.cnf.dual.hgr,no,no,7,16,0.03,0.0291285,4.0653,cut,3040,1353,no
rKaHyPar,sat14_MD5-30-4.cnf.dual.hgr,no,no,8,16,0.03,0.0267794,4.02632,cut,3258,1308,no
rKaHyPar,sat14_MD5-30-4.cnf.dual.hgr,no,no,9,16,0.03,0.0263096,5.49178,cut,3037,1268,no
rKaHyPar,sat14_MD5-30-4.cnf.dual.hgr,no,no,0,2,0.03,0.029366,1.23402,cut,457,457,no
rKaHyPar,sat14_MD5-30-4.cnf.dual.hgr,no,no,1,2,0.03,0.029366,1.26978,cut,457,457,no
rKaHyPar,sat14_MD5-30-4.cnf.dual.hgr,no,no,2,2,0.03,0.0284556,1.2424,cut,460,460,no
rKaHyPar,sat14_MD5-30-4.cnf.dual.hgr,no,no,3,2,0.03,0.0298065,1.18429,cut,462,462,no
rKaHyPar,sat14_MD5-30-4.cnf.dual.hgr,no,no,4,2,0.03,0.029689,1.22814,cut,475,475,no
rKaHyPar,sat14_MD5-30-4.cnf.dual.hgr,no,no,5,2,0.03,0.0297184,1.77225,cut,469,469,no
rKaHyPar,sat14_MD5-30-4.cnf.dual.hgr,no,no,6,2,0.03,0.0298065,1.30474,cut,462,462,no
rKaHyPar,sat14_MD5-30-4.cnf.dual.hgr,no,no,7,2,0.03,0.0298065,1.1859,cut,462,462,no
rKaHyPar,sat14_MD5-30-4.cnf.dual.hgr,no,no,8,2,0.03,0.0283675,1.73924,cut,460,460,no
rKaHyPar,sat14_MD5-30-4.cnf.dual.hgr,no,no,9,2,0.03,0.0296596,1.22818,cut,468,468,no
rKaHyPar,sat14_MD5-30-4.cnf.dual.hgr,no,no,0,32,0.03,0.0281822,6.92264,cut,4050,1439,no
rKaHyPar,sat14_MD5-30-4.cnf.dual.hgr,no,no,1,32,0.03,0.0281822,7.11148,cut,4128,1400,no
rKaHyPar,sat14_MD5-30-4.cnf.dual.hgr,no,no,2,32,0.03,0.0295914,5.08517,cut,4066,1403,no
rKaHyPar,sat14_MD5-30-4.cnf.dual.hgr,no,no,3,32,0.03,0.0216064,4.87641,cut,4076,1341,no
rKaHyPar,sat14_MD5-30-4.cnf.dual.hgr,no,no,4,32,0.03,0.0281822,6.80188,cut,4011,1427,no
rKaHyPar,sat14_MD5-30-4.cnf.dual.hgr,no,no,5,32,0.03,0.0281822,4.87911,cut,4187,1378,no
rKaHyPar,sat14_MD5-30-4.cnf.dual.hgr,no,no,6,32,0.03,0.0281822,7.23767,cut,3991,1394,no
rKaHyPar,sat14_MD5-30-4.cnf.dual.hgr,no,no,7,32,0.03,0.0291217,4.87736,cut,3967,1391,no
rKaHyPar,sat14_MD5-30-4.cnf.dual.hgr,no,no,8,32,0.03,0.0286519,4.81807,cut,3997,1415,no
rKaHyPar,sat14_MD5-30-4.cnf.dual.hgr,no,no,9,32,0.03,0.0187882,6.87581,cut,4008,1416,no
rKaHyPar,sat14_MD5-30-4.cnf.dual.hgr,no,no,0,4,0.03,0.0299524,2.30543,cut,1062,868,no
rKaHyPar,sat14_MD5-30-4.cnf.dual.hgr,no,no,1,4,0.03,0.00910319,3.16256,cut,1110,882,no
rKaHyPar,sat14_MD5-30-4.cnf.dual.hgr,no,no,2,4,0.03,0.00810477,2.31969,cut,999,871,no
rKaHyPar,sat14_MD5-30-4.cnf.dual.hgr,no,no,3,4,0.03,0.011981,2.26114,cut,1023,870,no
rKaHyPar,sat14_MD5-30-4.cnf.dual.hgr,no,no,4,4,0.03,0.0138016,3.28737,cut,1028,871,no
rKaHyPar,sat14_MD5-30-4.cnf.dual.hgr,no,no,5,4,0.03,0.0186175,2.30087,cut,1021,866,no
rKaHyPar,sat14_MD5-30-4.cnf.dual.hgr,no,no,6,4,0.03,0.00634287,2.21702,cut,1030,871,no
rKaHyPar,sat14_MD5-30-4.cnf.dual.hgr,no,no,7,4,0.03,0.0222,2.3247,cut,1028,902,no
rKaHyPar,sat14_MD5-30-4.cnf.dual.hgr,no,no,8,4,0.03,0.0281318,2.20268,cut,1019,891,no
rKaHyPar,sat14_MD5-30-4.cnf.dual.hgr,no,no,9,4,0.03,0.0111587,2.36227,cut,1122,872,no
rKaHyPar,sat14_MD5-30-4.cnf.dual.hgr,no,no,0,64,0.03,0.029108,8.53611,cut,4837,1571,no
rKaHyPar,sat14_MD5-30-4.cnf.dual.hgr,no,no,1,64,0.03,0.029108,6.16372,cut,4763,1386,no
rKaHyPar,sat14_MD5-30-4.cnf.dual.hgr,no,no,2,64,0.03,0.029108,8.7691,cut,4756,1595,no
rKaHyPar,sat14_MD5-30-4.cnf.dual.hgr,no,no,3,64,0.03,0.029108,8.76471,cut,4906,1593,no
rKaHyPar,sat14_MD5-30-4.cnf.dual.hgr,no,no,4,64,0.03,0.029108,6.20483,cut,4799,1574,no
rKaHyPar,sat14_MD5-30-4.cnf.dual.hgr,no,no,5,64,0.03,0.029108,6.09678,cut,4809,1553,no
rKaHyPar,sat14_MD5-30-4.cnf.dual.hgr,no,no,6,64,0.03,0.029108,6.24705,cut,4919,1593,no
rKaHyPar,sat14_MD5-30-4.cnf.dual.hgr,no,no,7,64,0.03,0.029108,8.56091,cut,4798,1554,no
rKaHyPar,sat14_MD5-30-4.cnf.dual.hgr,no,no,8,64,0.03,0.028169,6.07122,cut,4774,1627,no
rKaHyPar,sat14_MD5-30-4.cnf.dual.hgr,no,no,9,64,0.03,0.029108,8.78552,cut,4711,1543,no
rKaHyPar,sat14_MD5-30-4.cnf.dual.hgr,no,no,0,8,0.03,0.0257223,4.52958,cut,1958,1219,no
rKaHyPar,sat14_MD5-30-4.cnf.dual.hgr,no,no,1,8,0.03,0.0264271,3.3511,cut,2137,1147,no
rKaHyPar,sat14_MD5-30-4.cnf.dual.hgr,no,no,2,8,0.03,0.0241954,3.09685,cut,2018,1134,no
rKaHyPar,sat14_MD5-30-4.cnf.dual.hgr,no,no,3,8,0.03,0.022786,4.57765,cut,1908,1130,no
rKaHyPar,sat14_MD5-30-4.cnf.dual.hgr,no,no,4,8,0.03,0.0236082,4.41295,cut,2034,1136,no
rKaHyPar,sat14_MD5-30-4.cnf.dual.hgr,no,no,5,8,0.03,0.0268969,4.47051,cut,1882,1184,no
rKaHyPar,sat14_MD5-30-4.cnf.dual.hgr,no,no,6,8,0.03,0.021494,4.40505,cut,2014,1161,no
rKaHyPar,sat14_MD5-30-4.cnf.dual.hgr,no,no,7,8,0.03,0.0299507,4.51595,cut,1969,1159,no
rKaHyPar,sat14_MD5-30-4.cnf.dual.hgr,no,no,8,8,0.03,0.0239605,3.18845,cut,1997,1213,no
rKaHyPar,sat14_MD5-30-4.cnf.dual.hgr,no,no,9,8,0.03,0.027954,3.34778,cut,1970,1129,no
rKaHyPar,sat14_MD5-30-4.cnf.hgr,no,no,0,128,0.03,0.0285714,10.7896,cut,28799,21965,no
rKaHyPar,sat14_MD5-30-4.cnf.hgr,no,no,1,128,0.03,0.0285714,10.7556,cut,28862,21858,no
rKaHyPar,sat14_MD5-30-4.cnf.hgr,no,no,2,128,0.03,0.0285714,7.80646,cut,29043,22048,no
rKaHyPar,sat14_MD5-30-4.cnf.hgr,no,no,3,128,0.03,0.0285714,7.73114,cut,28675,21874,no
rKaHyPar,sat14_MD5-30-4.cnf.hgr,no,no,4,128,0.03,0.0285714,7.87293,cut,29288,21944,no
rKaHyPar,sat14_MD5-30-4.cnf.hgr,no,no,5,128,0.03,0.0285714,7.75517,cut,28288,22072,no
rKaHyPar,sat14_MD5-30-4.cnf.hgr,no,no,6,128,0.03,0.0285714,7.87534,cut,28858,22145,no
rKaHyPar,sat14_MD5-30-4.cnf.hgr,no,no,7,128,0.03,0.0285714,10.7039,cut,29781,22221,no
rKaHyPar,sat14_MD5-30-4.cnf.hgr,no,no,8,128,0.03,0.0285714,10.8076,cut,29001,21892,no
rKaHyPar,sat14_MD5-30-4.cnf.hgr,no,no,9,128,0.03,0.0285714,10.8658,cut,28866,22119,no
rKaHyPar,sat14_MD5-30-4.cnf.hgr,no,no,0,16,0.03,0.029623,2.39558,cut,14370,10662,no
rKaHyPar,sat14_MD5-30-4.cnf.hgr,no,no,1,16,0.03,0.029623,3.27912,cut,14668,10742,no
rKaHyPar,sat14_MD5-30-4.cnf.hgr,no,no,2,16,0.03,0.029623,2.42147,cut,14619,10818,no
rKaHyPar,sat14_MD5-30-4.cnf.hgr,no,no,3,16,0.03,0.029623,2.36786,cut,14053,10616,no
rKaHyPar,sat14_MD5-30-4.cnf.hgr,no,no,4,16,0.03,0.029623,2.47103,cut,14380,10709,no
rKaHyPar,sat14_MD5-30-4.cnf.hgr,no,no,5,16,0.03,0.029623,2.57392,cut,14433,10713,no
rKaHyPar,sat14_MD5-30-4.cnf.hgr,no,no,6,16,0.03,0.029623,3.43759,cut,14646,10745,no
rKaHyPar,sat14_MD5-30-4.cnf.hgr,no,no,7,16,0.03,0.029623,2.38844,cut,14926,10872,no
rKaHyPar,sat14_MD5-30-4.cnf.hgr,no,no,8,16,0.03,0.029623,3.53471,cut,14603,10592,no
rKaHyPar,sat14_MD5-30-4.cnf.hgr,no,no,9,16,0.03,0.029623,3.15195,cut,14694,10871,no
rKaHyPar,sat14_MD5-30-4.cnf.hgr,no,no,0,2,0.03,0.0299832,0.93082,cut,4067,4067,no
rKaHyPar,sat14_MD5-30-4.cnf.hgr,no,no,1,2,0.03,0.0299832,0.881063,cut,4071,4071,no
rKaHyPar,sat14_MD5-30-4.cnf.hgr,no,no,2,2,0.03,0.0298709,0.878627,cut,4065,4065,no
rKaHyPar,sat14_MD5-30-4.cnf.hgr,no,no,3,2,0.03,0.00976979,0.705074,cut,4189,4189,no
rKaHyPar,sat14_MD5-30-4.cnf.hgr,no,no,4,2,0.03,0.0165076,0.778218,cut,4223,4223,no
rKaHyPar,sat14_MD5-30-4.cnf.hgr,no,no,5,2,0.03,0.0239191,0.970885,cut,4081,4081,no
rKaHyPar,sat14_MD5-30-4.cnf.hgr,no,no,6,2,0.03,0.0299832,0.787438,cut,4062,4062,no
rKaHyPar,sat14_MD5-30-4.cnf.hgr,no,no,7,2,0.03,0.0299832,0.884928,cut,4070,4070,no
rKaHyPar,sat14_MD5-30-4.cnf.hgr,no,no,8,2,0.03,0.0294217,1.05459,cut,4064,4064,no
rKaHyPar,sat14_MD5-30-4.cnf.hgr,no,no,9,2,0.03,0.0299832,0.840438,cut,4069,4069,no
rKaHyPar,sat14_MD5-30-4.cnf.hgr,no,no,0,32,0.03,0.0287253,4.65577,cut,16843,12504,no
rKaHyPar,sat14_MD5-30-4.cnf.hgr,no,no,1,32,0.03,0.0287253,4.58199,cut,17320,12765,no
rKaHyPar,sat14_MD5-30-4.cnf.hgr,no,no,2,32,0.03,0.0287253,3.60164,cut,17631,12902,no
rKaHyPar,sat14_MD5-30-4.cnf.hgr,no,no,3,32,0.03,0.0287253,3.43712,cut,17106,12679,no
rKaHyPar,sat14_MD5-30-4.cnf.hgr,no,no,4,32,0.03,0.0287253,4.55084,cut,17304,12809,no
rKaHyPar,sat14_MD5-30-4.cnf.hgr,no,no,5,32,0.03,0.0287253,3.30671,cut,17424,12917,no
rKaHyPar,sat14_MD5-30-4.cnf.hgr,no,no,6,32,0.03,0.0287253,4.67918,cut,17481,12923,no
rKaHyPar,sat14_MD5-30-4.cnf.hgr,no,no,7,32,0.03,0.0287253,3.37282,cut,17521,12755,no
rKaHyPar,sat14_MD5-30-4.cnf.hgr,no,no,8,32,0.03,0.0287253,3.39788,cut,17496,12659,no
rKaHyPar,sat14_MD5-30-4.cnf.hgr,no,no,9,32,0.03,0.0287253,4.56494,cut,17116,12814,no
rKaHyPar,sat14_MD5-30-4.cnf.hgr,no,no,0,4,0.03,0.0244779,1.22619,cut,8396,7118,no
rKaHyPar,sat14_MD5-30-4.cnf.hgr,no,no,1,4,0.03,0.0298675,1.66149,cut,8511,7150,no
rKaHyPar,sat14_MD5-30-4.cnf.hgr,no,no,2,4,0.03,0.0184146,1.21592,cut,8245,7004,no
rKaHyPar,sat14_MD5-30-4.cnf.hgr,no,no,3,4,0.03,0.0143723,1.18845,cut,8032,7048,no
rKaHyPar,sat14_MD5-30-4.cnf.hgr,no,no,4,4,0.03,0.0298675,2.18037,cut,7989,6983,no
rKaHyPar,sat14_MD5-30-4.cnf.hgr,no,no,5,4,0.03,0.00965641,1.22912,cut,8310,7080,no
rKaHyPar,sat14_MD5-30-4.cnf.hgr,no,no,6,4,0.03,0.0285201,1.22167,cut,7847,6906,no
rKaHyPar,sat14_MD5-30-4.cnf.hgr,no,no,7,4,0.03,0.0242533,2.06558,cut,8039,6969,no
rKaHyPar,sat14_MD5-30-4.cnf.hgr,no,no,8,4,0.03,0.0262744,1.27128,cut,8119,6959,no
rKaHyPar,sat14_MD5-30-4.cnf.hgr,no,no,9,4,0.03,0.0294184,1.47294,cut,8379,7205,no
rKaHyPar,sat14_MD5-30-4.cnf.hgr,no,no,0,64,0.03,0.0286738,4.78367,cut,20707,15974,no
rKaHyPar,sat14_MD5-30-4.cnf.hgr,no,no,1,64,0.03,0.0286738,4.94567,cut,21004,16144,no
rKaHyPar,sat14_MD5-30-4.cnf.hgr,no,no,2,64,0.03,0.0286738,6.5736,cut,21333,15903,no
rKaHyPar,sat14_MD5-30-4.cnf.hgr,no,no,3,64,0.03,0.0286738,6.65658,cut,21091,16168,no
rKaHyPar,sat14_MD5-30-4.cnf.hgr,no,no,4,64,0.03,0.0286738,4.76307,cut,21739,16203,no
rKaHyPar,sat14_MD5-30-4.cnf.hgr,no,no,5,64,0.03,0.0286738,4.82453,cut,21265,16092,no
rKaHyPar,sat14_MD5-30-4.cnf.hgr,no,no,6,64,0.03,0.0286738,4.79542,cut,20948,16041,no
rKaHyPar,sat14_MD5-30-4.cnf.hgr,no,no,7,64,0.03,0.0286738,6.7139,cut,21419,16255,no
rKaHyPar,sat14_MD5-30-4.cnf.hgr,no,no,8,64,0.03,0.0286738,4.84465,cut,21690,16135,no
rKaHyPar,sat14_MD5-30-4.cnf.hgr,no,no,9,64,0.03,0.0286738,6.5135,cut,21337,16163,no
rKaHyPar,sat14_MD5-30-4.cnf.hgr,no,no,0,8,0.03,0.0296363,2.53662,cut,11980,9071,no
rKaHyPar,sat14_MD5-30-4.cnf.hgr,no,no,1,8,0.03,0.0215537,1.82104,cut,11518,9015,no
rKaHyPar,sat14_MD5-30-4.cnf.hgr,no,no,2,8,0.03,0.0296363,1.83569,cut,11404,8744,no
rKaHyPar,sat14_MD5-30-4.cnf.hgr,no,no,3,8,0.03,0.0139201,1.85596,cut,11175,8748,no
rKaHyPar,sat14_MD5-30-4.cnf.hgr,no,no,4,8,0.03,0.0282892,2.31792,cut,11931,9191,no
rKaHyPar,sat14_MD5-30-4.cnf.hgr,no,no,5,8,0.03,0.0296363,2.50917,cut,11251,8844,no
rKaHyPar,sat14_MD5-30-4.cnf.hgr,no,no,6,8,0.03,0.0175123,2.38039,cut,11285,8967,no
rKaHyPar,sat14_MD5-30-4.cnf.hgr,no,no,7,8,0.03,0.0233498,2.59594,cut,11148,8870,no
rKaHyPar,sat14_MD5-30-4.cnf.hgr,no,no,8,8,0.03,0.0193085,2.46845,cut,11846,9030,no
rKaHyPar,sat14_MD5-30-4.cnf.hgr,no,no,9,8,0.03,0.0287382,1.72595,cut,12142,9124,no
rKaHyPar,sat14_MD5-30-4.cnf.primal.hgr,no,no,0,128,0.03,0.0285714,11.142,cut,31009,22247,no
rKaHyPar,sat14_MD5-30-4.cnf.primal.hgr,no,no,1,128,0.03,0.0285714,11.3841,cut,30989,22129,no
rKaHyPar,sat14_MD5-30-4.cnf.primal.hgr,no,no,2,128,0.03,0.0285714,7.81519,cut,31089,22019,no
rKaHyPar,sat14_MD5-30-4.cnf.primal.hgr,no,no,3,128,0.03,0.0285714,7.85499,cut,30968,22295,no
rKaHyPar,sat14_MD5-30-4.cnf.primal.hgr,no,no,4,128,0.03,0.0285714,7.60892,cut,31009,22236,no
rKaHyPar,sat14_MD5-30-4.cnf.primal.hgr,no,no,5,128,0.03,0.0285714,7.67202,cut,30533,22248,no
rKaHyPar,sat14_MD5-30-4.cnf.primal.hgr,no,no,6,128,0.03,0.0285714,7.75337,cut,30806,22253,no
rKaHyPar,sat14_MD5-30-4.cnf.primal.hgr,no,no,7,128,0.03,0.0285714,11.2652,cut,30661,22028,no
rKaHyPar,sat14_MD5-30-4.cnf.primal.hgr,no,no,8,128,0.03,0.0285714,11.2197,cut,30708,21974,no
rKaHyPar,sat14_MD5-30-4.cnf.primal.hgr,no,no,9,128,0.03,0.0285714,11.1364,cut,30029,22211,no
rKaHyPar,sat14_MD5-30-4.cnf.primal.hgr,no,no,0,16,0.03,0.0287253,1.51824,cut,14650,10713,no
rKaHyPar,sat14_MD5-30-4.cnf.primal.hgr,no,no,1,16,0.03,0.0287253,2.11654,cut,14504,10558,no
rKaHyPar,sat14_MD5-30-4.cnf.primal.hgr,no,no,2,16,0.03,0.0287253,1.53299,cut,14853,10733,no
rKaHyPar,sat14_MD5-30-4.cnf.primal.hgr,no,no,3,16,0.03,0.0251346,1.50957,cut,14791,10786,no
rKaHyPar,sat14_MD5-30-4.cnf.primal.hgr,no,no,4,16,0.03,0.0287253,1.60874,cut,14659,10687,no
rKaHyPar,sat14_MD5-30-4.cnf.primal.hgr,no,no,5,16,0.03,0.0287253,1.55766,cut,14492,10835,no
rKaHyPar,sat14_MD5-30-4.cnf.primal.hgr,no,no,6,16,0.03,0.0287253,2.25814,cut,14474,10776,no
rKaHyPar,sat14_MD5-30-4.cnf.primal.hgr,no,no,7,16,0.03,0.0287253,1.60879,cut,14855,10778,no
rKaHyPar,sat14_MD5-30-4.cnf.primal.hgr,no,no,8,16,0.03,0.0287253,2.24152,cut,14768,10775,no
rKaHyPar,sat14_MD5-30-4.cnf.primal.hgr,no,no,9,16,0.03,0.0287253,2.18003,cut,14981,10829,no
rKaHyPar,sat14_MD5-30-4.cnf.primal.hgr,no,no,0,2,0.03,0.0298675,0.574074,cut,4085,4085,no
rKaHyPar,sat14_MD5-30-4.cnf.primal.hgr,no,no,1,2,0.03,0.0298675,0.475017,cut,4068,4068,no
rKaHyPar,sat14_MD5-30-4.cnf.primal.hgr,no,no,2,2,0.03,0.0298675,0.489914,cut,4078,4078,no
rKaHyPar,sat14_MD5-30-4.cnf.primal.hgr,no,no,3,2,0.03,0.0298675,0.508559,cut,4066,4066,no
rKaHyPar,sat14_MD5-30-4.cnf.primal.hgr,no,no,4,2,0.03,0.0298675,0.482583,cut,4065,4065,no
rKaHyPar,sat14_MD5-30-4.cnf.primal.hgr,no,no,5,2,0.03,0.0296429,0.682388,cut,4071,4071,no
rKaHyPar,sat14_MD5-30-4.cnf.primal.hgr,no,no,6,2,0.03,0.0298675,0.510507,cut,4072,4072,no
rKaHyPar,sat14_MD5-30-4.cnf.primal.hgr,no,no,7,2,0.03,0.0298675,0.490123,cut,4072,4072,no
rKaHyPar,sat14_MD5-30-4.cnf.primal.hgr,no,no,8,2,0.03,0.0298675,0.716726,cut,4067,4067,no
rKaHyPar,sat14_MD5-30-4.cnf.primal.hgr,no,no,9,2,0.03,0.0298675,0.458404,cut,4070,4070,no
rKaHyPar,sat14_MD5-30-4.cnf.primal.hgr,no,no,0,32,0.03,0.0286738,3.10629,cut,17037,12715,no
rKaHyPar,sat14_MD5-30-4.cnf.primal.hgr,no,no,1,32,0.03,0.0286738,3.14425,cut,17263,12663,no
rKaHyPar,sat14_MD5-30-4.cnf.primal.hgr,no,no,2,32,0.03,0.0286738,2.18805,cut,17120,12742,no
rKaHyPar,sat14_MD5-30-4.cnf.primal.hgr,no,no,3,32,0.03,0.0286738,2.25271,cut,17439,12560,no
rKaHyPar,sat14_MD5-30-4.cnf.primal.hgr,no,no,4,32,0.03,0.0286738,3.10998,cut,17244,12608,no
rKaHyPar,sat14_MD5-30-4.cnf.primal.hgr,no,no,5,32,0.03,0.0286738,2.24561,cut,17201,12703,no
rKaHyPar,sat14_MD5-30-4.cnf.primal.hgr,no,no,6,32,0.03,0.0286738,3.16901,cut,17567,12698,no
rKaHyPar,sat14_MD5-30-4.cnf.primal.hgr,no,no,7,32,0.03,0.0286738,2.20087,cut,17616,12648,no
rKaHyPar,sat14_MD5-30-4.cnf.primal.hgr,no,no,8,32,0.03,0.0286738,2.20653,cut,17286,12641,no
rKaHyPar,sat14_MD5-30-4.cnf.primal.hgr,no,no,9,32,0.03,0.0286738,3.06053,cut,17992,12703,no
rKaHyPar,sat14_MD5-30-4.cnf.primal.hgr,no,no,0,4,0.03,0.0166143,0.79556,cut,8381,7099,no
rKaHyPar,sat14_MD5-30-4.cnf.primal.hgr,no,no,1,4,0.03,0.0291872,0.768139,cut,8177,6928,no
rKaHyPar,sat14_MD5-30-4.cnf.primal.hgr,no,no,2,4,0.03,0.0215537,0.860951,cut,8215,7033,no
rKaHyPar,sat14_MD5-30-4.cnf.primal.hgr,no,no,3,4,0.03,0.0296363,0.847477,cut,8153,6918,no
rKaHyPar,sat14_MD5-30-4.cnf.primal.hgr,no,no,4,4,0.03,0.0148181,1.14968,cut,8456,7185,no
rKaHyPar,sat14_MD5-30-4.cnf.primal.hgr,no,no,5,4,0.03,0.0170633,0.777822,cut,8104,6990,no
rKaHyPar,sat14_MD5-30-4.cnf.primal.hgr,no,no,6,4,0.03,0.0296363,0.910365,cut,8116,7034,no
rKaHyPar,sat14_MD5-30-4.cnf.primal.hgr,no,no,7,4,0.03,0.0148181,0.800775,cut,8443,7233,no
rKaHyPar,sat14_MD5-30-4.cnf.primal.hgr,no,no,8,4,0.03,0.0296363,0.986234,cut,8539,7141,no
rKaHyPar,sat14_MD5-30-4.cnf.primal.hgr,no,no,9,4,0.03,0.0296363,0.991719,cut,8441,7093,no
rKaHyPar,sat14_MD5-30-4.cnf.primal.hgr,no,no,0,64,0.03,0.0285714,4.54983,cut,21405,16128,no
rKaHyPar,sat14_MD5-30-4.cnf.primal.hgr,no,no,1,64,0.03,0.0285714,4.64091,cut,21738,16161,no
rKaHyPar,sat14_MD5-30-4.cnf.primal.hgr,no,no,2,64,0.03,0.0285714,6.63445,cut,21980,16287,no
rKaHyPar,sat14_MD5-30-4.cnf.primal.hgr,no,no,3,64,0.03,0.0285714,6.64366,cut,21744,16185,no
rKaHyPar,sat14_MD5-30-4.cnf.primal.hgr,no,no,4,64,0.03,0.0285714,4.53906,cut,21468,16326,no
rKaHyPar,sat14_MD5-30-4.cnf.primal.hgr,no,no,5,64,0.03,0.0285714,4.59663,cut,21473,16085,no
rKaHyPar,sat14_MD5-30-4.cnf.primal.hgr,no,no,6,64,0.03,0.0285714,4.57631,cut,21738,16140,no
rKaHyPar,sat14_MD5-30-4.cnf.primal.hgr,no,no,7,64,0.03,0.0285714,6.67123,cut,22562,16427,no
rKaHyPar,sat14_MD5-30-4.cnf.primal.hgr,no,no,8,64,0.03,0.0285714,4.54066,cut,22333,16148,no
rKaHyPar,sat14_MD5-30-4.cnf.primal.hgr,no,no,9,64,0.03,0.0285714,6.47297,cut,21606,16171,no
rKaHyPar,sat14_MD5-30-4.cnf.primal.hgr,no,no,0,8,0.03,0.029623,1.5855,cut,11756,8891,no
rKaHyPar,sat14_MD5-30-4.cnf.primal.hgr,no,no,1,8,0.03,0.029623,1.21722,cut,11893,9030,no
rKaHyPar,sat14_MD5-30-4.cnf.primal.hgr,no,no,2,8,0.03,0.0287253,1.10774,cut,11518,8796,no
rKaHyPar,sat14_MD5-30-4.cnf.primal.hgr,no,no,3,8,0.03,0.0260323,1.10395,cut,11558,8777,no
rKaHyPar,sat14_MD5-30-4.cnf.primal.hgr,no,no,4,8,0.03,0.0197487,1.7707,cut,11886,8995,no
rKaHyPar,sat14_MD5-30-4.cnf.primal.hgr,no,no,5,8,0.03,0.029623,1.48696,cut,11517,9100,no
rKaHyPar,sat14_MD5-30-4.cnf.primal.hgr,no,no,6,8,0.03,0.0116697,1.61215,cut,11811,9082,no
rKaHyPar,sat14_MD5-30-4.cnf.primal.hgr,no,no,7,8,0.03,0.029623,1.59182,cut,11743,9096,no
rKaHyPar,sat14_MD5-30-4.cnf.primal.hgr,no,no,8,8,0.03,0.0206463,1.20809,cut,11254,8937,no
rKaHyPar,sat14_MD5-30-4.cnf.primal.hgr,no,no,9,8,0.03,0.024237,1.20795,cut,11674,9090,no
rKaHyPar,sat14_MD5-30-5.cnf.dual.hgr,no,no,0,128,0.03,0.0281426,10.9135,cut,5797,1860,no
rKaHyPar,sat14_MD5-30-5.cnf.dual.hgr,no,no,1,128,0.03,0.0281426,11.0117,cut,5758,1902,no
rKaHyPar,sat14_MD5-30-5.cnf.dual.hgr,no,no,2,128,0.03,0.0281426,7.69158,cut,5717,1892,no
rKaHyPar,sat14_MD5-30-5.cnf.dual.hgr,no,no,3,128,0.03,0.0281426,7.76863,cut,5484,1825,no
rKaHyPar,sat14_MD5-30-5.cnf.dual.hgr,no,no,4,128,0.03,0.0281426,7.51757,cut,5602,1894,no
rKaHyPar,sat14_MD5-30-5.cnf.dual.hgr,no,no,5,128,0.03,0.0281426,7.66654,cut,5524,1804,no
rKaHyPar,sat14_MD5-30-5.cnf.dual.hgr,no,no,6,128,0.03,0.0281426,7.79928,cut,5734,1915,no
rKaHyPar,sat14_MD5-30-5.cnf.dual.hgr,no,no,7,128,0.03,0.0262664,10.8148,cut,5835,1909,no
rKaHyPar,sat14_MD5-30-5.cnf.dual.hgr,no,no,8,128,0.03,0.0281426,10.8438,cut,5600,1866,no
rKaHyPar,sat14_MD5-30-5.cnf.dual.hgr,no,no,9,128,0.03,0.0281426,10.885,cut,5665,1887,no
rKaHyPar,sat14_MD5-30-5.cnf.dual.hgr,no,no,0,16,0.03,0.0246653,3.93679,cut,3155,1274,no
rKaHyPar,sat14_MD5-30-5.cnf.dual.hgr,no,no,1,16,0.03,0.0295983,5.58124,cut,3067,1303,no
rKaHyPar,sat14_MD5-30-5.cnf.dual.hgr,no,no,2,16,0.03,0.0286587,3.89788,cut,3114,1290,no
rKaHyPar,sat14_MD5-30-5.cnf.dual.hgr,no,no,3,16,0.03,0.0206718,3.89596,cut,3082,1267,no
rKaHyPar,sat14_MD5-30-5.cnf.dual.hgr,no,no,4,16,0.03,0.0251351,4.01238,cut,3049,1324,no
rKaHyPar,sat14_MD5-30-5.cnf.dual.hgr,no,no,5,16,0.03,0.0187926,3.93302,cut,3208,1287,no
rKaHyPar,sat14_MD5-30-5.cnf.dual.hgr,no,no,6,16,0.03,0.0194973,5.70079,cut,3147,1266,no
rKaHyPar,sat14_MD5-30-5.cnf.dual.hgr,no,no,7,16,0.03,0.0286587,4.00243,cut,3192,1273,no
rKaHyPar,sat14_MD5-30-5.cnf.dual.hgr,no,no,8,16,0.03,0.0265445,5.68776,cut,2821,1310,no
rKaHyPar,sat14_MD5-30-5.cnf.dual.hgr,no,no,9,16,0.03,0.0223162,5.57203,cut,3008,1313,no
rKaHyPar,sat14_MD5-30-5.cnf.dual.hgr,no,no,0,2,0.03,0.0290438,1.30673,cut,467,467,no
rKaHyPar,sat14_MD5-30-5.cnf.dual.hgr,no,no,1,2,0.03,0.0291025,1.19548,cut,460,460,no
rKaHyPar,sat14_MD5-30-5.cnf.dual.hgr,no,no,2,2,0.03,0.0293962,1.16915,cut,457,457,no
rKaHyPar,sat14_MD5-30-5.cnf.dual.hgr,no,no,3,2,0.03,0.000176201,1.19879,cut,480,480,no
rKaHyPar,sat14_MD5-30-5.cnf.dual.hgr,no,no,4,2,0.03,0.029778,1.17019,cut,463,463,no
rKaHyPar,sat14_MD5-30-5.cnf.dual.hgr,no,no,5,2,0.03,0.0299836,1.78011,cut,462,462,no
rKaHyPar,sat14_MD5-30-5.cnf.dual.hgr,no,no,6,2,0.03,0.0293962,1.24519,cut,457,457,no
rKaHyPar,sat14_MD5-30-5.cnf.dual.hgr,no,no,7,2,0.03,0.0293962,1.16992,cut,457,457,no
rKaHyPar,sat14_MD5-30-5.cnf.dual.hgr,no,no,8,2,0.03,0.0283096,1.8123,cut,469,469,no
rKaHyPar,sat14_MD5-30-5.cnf.dual.hgr,no,no,9,2,0.03,0,1.25254,cut,476,476,no
rKaHyPar,sat14_MD5-30-5.cnf.dual.hgr,no,no,0,32,0.03,0.0281822,7.16555,cut,4151,1482,no
rKaHyPar,sat14_MD5-30-5.cnf.dual.hgr,no,no,1,32,0.03,0.0277125,7.12847,cut,3987,1340,no
rKaHyPar,sat14_MD5-30-5.cnf.dual.hgr,no,no,2,32,0.03,0.0281822,4.87317,cut,3951,1451,no
rKaHyPar,sat14_MD5-30-5.cnf.dual.hgr,no,no,3,32,0.03,0.0263034,4.88247,cut,4025,1384,no
rKaHyPar,sat14_MD5-30-5.cnf.dual.hgr,no,no,4,32,0.03,0.0291217,6.95208,cut,4099,1436,no
rKaHyPar,sat14_MD5-30-5.cnf.dual.hgr,no,no,5,32,0.03,0.0281822,4.8456,cut,4022,1401,no
rKaHyPar,sat14_MD5-30-5.cnf.dual.hgr,no,no,6,32,0.03,0.0281822,7.04763,cut,4019,1391,no
rKaHyPar,sat14_MD5-30-5.cnf.dual.hgr,no,no,7,32,0.03,0.0281822,5.01808,cut,3905,1408,no
rKaHyPar,sat14_MD5-30-5.cnf.dual.hgr,no,no,8,32,0.03,0.0267731,4.9679,cut,3908,1410,no
rKaHyPar,sat14_MD5-30-5.cnf.dual.hgr,no,no,9,32,0.03,0.0258337,7.02051,cut,3918,1417,no
rKaHyPar,sat14_MD5-30-5.cnf.dual.hgr,no,no,0,4,0.03,0.0153295,2.35433,cut,1008,871,no
rKaHyPar,sat14_MD5-30-5.cnf.dual.hgr,no,no,1,4,0.03,0.00745918,2.24332,cut,1204,862,no
rKaHyPar,sat14_MD5-30-5.cnf.dual.hgr,no,no,2,4,0.03,0.00816398,2.38629,cut,999,871,no
rKaHyPar,sat14_MD5-30-5.cnf.dual.hgr,no,no,3,4,0.03,0.0200869,2.31479,cut,1035,875,no
rKaHyPar,sat14_MD5-30-5.cnf.dual.hgr,no,no,4,4,0.03,0.00927992,3.17266,cut,1082,879,no
rKaHyPar,sat14_MD5-30-5.cnf.dual.hgr,no,no,5,4,0.03,0.0201457,2.30702,cut,1011,871,no
rKaHyPar,sat14_MD5-30-5.cnf.dual.hgr,no,no,6,4,0.03,0.0200869,2.22841,cut,1033,843,no
rKaHyPar,sat14_MD5-30-5.cnf.dual.hgr,no,no,7,4,0.03,0.0251968,2.38437,cut,993,896,no
rKaHyPar,sat14_MD5-30-5.cnf.dual.hgr,no,no,8,4,0.03,0.0184424,2.31055,cut,1057,862,no
rKaHyPar,sat14_MD5-30-5.cnf.dual.hgr,no,no,9,4,0.03,0.0236109,2.34154,cut,1099,855,no
rKaHyPar,sat14_MD5-30-5.cnf.dual.hgr,no,no,0,64,0.03,0.029108,6.07305,cut,4874,1554,no
rKaHyPar,sat14_MD5-30-5.cnf.dual.hgr,no,no,1,64,0.03,0.029108,6.14822,cut,4773,1562,no
rKaHyPar,sat14_MD5-30-5.cnf.dual.hgr,no,no,2,64,0.03,0.029108,8.9258,cut,4748,1585,no
rKaHyPar,sat14_MD5-30-5.cnf.dual.hgr,no,no,3,64,0.03,0.029108,8.703,cut,4780,1459,no
rKaHyPar,sat14_MD5-30-5.cnf.dual.hgr,no,no,4,64,0.03,0.029108,6.1088,cut,4719,1561,no
rKaHyPar,sat14_MD5-30-5.cnf.dual.hgr,no,no,5,64,0.03,0.029108,6.01169,cut,4970,1582,no
rKaHyPar,sat14_MD5-30-5.cnf.dual.hgr,no,no,6,64,0.03,0.029108,6.21117,cut,4813,1591,no
rKaHyPar,sat14_MD5-30-5.cnf.dual.hgr,no,no,7,64,0.03,0.029108,8.69785,cut,5008,1577,no
rKaHyPar,sat14_MD5-30-5.cnf.dual.hgr,no,no,8,64,0.03,0.029108,6.18696,cut,4808,1561,no
rKaHyPar,sat14_MD5-30-5.cnf.dual.hgr,no,no,9,64,0.03,0.029108,8.78868,cut,4827,1543,no
rKaHyPar,sat14_MD5-30-5.cnf.dual.hgr,no,no,0,8,0.03,0.0232585,4.36402,cut,2094,1136,no
rKaHyPar,sat14_MD5-30-5.cnf.dual.hgr,no,no,1,8,0.03,0.0265476,3.22699,cut,2050,1125,no
rKaHyPar,sat14_MD5-30-5.cnf.dual.hgr,no,no,2,8,0.03,0.0225537,3.27176,cut,1935,1160,no
rKaHyPar,sat14_MD5-30-5.cnf.dual.hgr,no,no,3,8,0.03,0.0292494,3.23164,cut,2077,1156,no
rKaHyPar,sat14_MD5-30-5.cnf.dual.hgr,no,no,4,8,0.03,0.0259603,4.4109,cut,2098,1142,no
rKaHyPar,sat14_MD5-30-5.cnf.dual.hgr,no,no,5,8,0.03,0.0249031,4.40012,cut,2012,1149,no
rKaHyPar,sat14_MD5-30-5.cnf.dual.hgr,no,no,6,8,0.03,0.0294843,4.59363,cut,1979,1202,no
rKaHyPar,sat14_MD5-30-5.cnf.dual.hgr,no,no,7,8,0.03,0.025138,4.5539,cut,2040,1110,no
rKaHyPar,sat14_MD5-30-5.cnf.dual.hgr,no,no,8,8,0.03,0.027135,3.23304,cut,1802,1153,no
rKaHyPar,sat14_MD5-30-5.cnf.dual.hgr,no,no,9,8,0.03,0.0277223,3.06765,cut,2070,1120,no
rKaHyPar,sat14_MD5-30-5.cnf.hgr,no,no,0,128,0.03,0.0285714,10.7463,cut,29270,22040,no
rKaHyPar,sat14_MD5-30-5.cnf.hgr,no,no,1,128,0.03,0.0285714,10.674,cut,29294,22049,no
rKaHyPar,sat14_MD5-30-5.cnf.hgr,no,no,2,128,0.03,0.0285714,7.7618,cut,29117,21986,no
rKaHyPar,sat14_MD5-30-5.cnf.hgr,no,no,3,128,0.03,0.0285714,7.8611,cut,29191,21929,no
rKaHyPar,sat14_MD5-30-5.cnf.hgr,no,no,4,128,0.03,0.0285714,7.80847,cut,29188,21987,no
rKaHyPar,sat14_MD5-30-5.cnf.hgr,no,no,5,128,0.03,0.0285714,7.73632,cut,28918,22191,no
rKaHyPar,sat14_MD5-30-5.cnf.hgr,no,no,6,128,0.03,0.0285714,7.78407,cut,29024,22056,no
rKaHyPar,sat14_MD5-30-5.cnf.hgr,no,no,7,128,0.03,0.0285714,10.6787,cut,29385,22150,no
rKaHyPar,sat14_MD5-30-5.cnf.hgr,no,no,8,128,0.03,0.0285714,10.8539,cut,28435,22018,no
rKaHyPar,sat14_MD5-30-5.cnf.hgr,no,no,9,128,0.03,0.0285714,10.8011,cut,29479,21967,no
rKaHyPar,sat14_MD5-30-5.cnf.hgr,no,no,0,16,0.03,0.029623,2.44444,cut,14543,10573,no
rKaHyPar,sat14_MD5-30-5.cnf.hgr,no,no,1,16,0.03,0.0287253,3.48965,cut,14603,10598,no
rKaHyPar,sat14_MD5-30-5.cnf.hgr,no,no,2,16,0.03,0.029623,2.39265,cut,14141,10493,no
rKaHyPar,sat14_MD5-30-5.cnf.hgr,no,no,3,16,0.03,0.0170557,2.32037,cut,14260,10545,no
rKaHyPar,sat14_MD5-30-5.cnf.hgr,no,no,4,16,0.03,0.029623,2.47696,cut,14434,10861,no
rKaHyPar,sat14_MD5-30-5.cnf.hgr,no,no,5,16,0.03,0.0278276,2.51045,cut,14156,10448,no
rKaHyPar,sat14_MD5-30-5.cnf.hgr,no,no,6,16,0.03,0.029623,3.43382,cut,14402,10806,no
rKaHyPar,sat14_MD5-30-5.cnf.hgr,no,no,7,16,0.03,0.029623,2.68797,cut,14832,10774,no
rKaHyPar,sat14_MD5-30-5.cnf.hgr,no,no,8,16,0.03,0.029623,3.46848,cut,14438,10617,no
rKaHyPar,sat14_MD5-30-5.cnf.hgr,no,no,9,16,0.03,0.029623,3.23255,cut,14413,10619,no
rKaHyPar,sat14_MD5-30-5.cnf.hgr,no,no,0,2,0.03,0.0288602,0.758895,cut,4207,4207,no
rKaHyPar,sat14_MD5-30-5.cnf.hgr,no,no,1,2,0.03,0.0298709,0.78409,cut,4060,4060,no
rKaHyPar,sat14_MD5-30-5.cnf.hgr,no,no,2,2,0.03,0.0153846,0.737063,cut,4185,4185,no
rKaHyPar,sat14_MD5-30-5.cnf.hgr,no,no,3,2,0.03,0.000561482,0.720599,cut,4176,4176,no
rKaHyPar,sat14_MD5-30-5.cnf.hgr,no,no,4,2,0.03,0.0299832,0.76893,cut,4078,4078,no
rKaHyPar,sat14_MD5-30-5.cnf.hgr,no,no,5,2,0.03,0.0299832,1.07312,cut,4085,4085,no
rKaHyPar,sat14_MD5-30-5.cnf.hgr,no,no,6,2,0.03,0.0251544,0.678424,cut,4078,4078,no
rKaHyPar,sat14_MD5-30-5.cnf.hgr,no,no,7,2,0.03,0.0299832,0.880435,cut,4070,4070,no
rKaHyPar,sat14_MD5-30-5.cnf.hgr,no,no,8,2,0.03,0.0153846,1.02853,cut,4185,4185,no
rKaHyPar,sat14_MD5-30-5.cnf.hgr,no,no,9,2,0.03,0.0240314,0.751733,cut,4226,4226,no
rKaHyPar,sat14_MD5-30-5.cnf.hgr,no,no,0,32,0.03,0.0287253,4.60034,cut,17075,12506,no
rKaHyPar,sat14_MD5-30-5.cnf.hgr,no,no,1,32,0.03,0.0287253,4.5503,cut,16675,12433,no
rKaHyPar,sat14_MD5-30-5.cnf.hgr,no,no,2,32,0.03,0.0287253,3.41168,cut,16991,12436,no
rKaHyPar,sat14_MD5-30-5.cnf.hgr,no,no,3,32,0.03,0.0287253,3.44872,cut,16955,12712,no
rKaHyPar,sat14_MD5-30-5.cnf.hgr,no,no,4,32,0.03,0.0287253,4.52211,cut,17478,12826,no
rKaHyPar,sat14_MD5-30-5.cnf.hgr,no,no,5,32,0.03,0.0287253,3.30789,cut,16786,12343,no
rKaHyPar,sat14_MD5-30-5.cnf.hgr,no,no,6,32,0.03,0.0287253,4.55893,cut,17405,12730,no
rKaHyPar,sat14_MD5-30-5.cnf.hgr,no,no,7,32,0.03,0.0287253,3.29988,cut,17751,12845,no
rKaHyPar,sat14_MD5-30-5.cnf.hgr,no,no,8,32,0.03,0.0287253,3.30958,cut,17082,12635,no
rKaHyPar,sat14_MD5-30-5.cnf.hgr,no,no,9,32,0.03,0.0287253,4.80545,cut,16639,12446,no
rKaHyPar,sat14_MD5-30-5.cnf.hgr,no,no,0,4,0.03,0.0291938,1.18274,cut,8341,7217,no
rKaHyPar,sat14_MD5-30-5.cnf.hgr,no,no,1,4,0.03,0.0298675,1.29534,cut,8345,7125,no
rKaHyPar,sat14_MD5-30-5.cnf.hgr,no,no,2,4,0.03,0.0128004,2.00635,cut,7853,6968,no
rKaHyPar,sat14_MD5-30-5.cnf.hgr,no,no,3,4,0.03,0.024927,1.2309,cut,8275,7102,no
rKaHyPar,sat14_MD5-30-5.cnf.hgr,no,no,4,4,0.03,0.0298675,1.71912,cut,8452,7119,no
rKaHyPar,sat14_MD5-30-5.cnf.hgr,no,no,5,4,0.03,0.0298675,1.29728,cut,8239,7049,no
rKaHyPar,sat14_MD5-30-5.cnf.hgr,no,no,6,4,0.03,0.016618,1.16455,cut,8275,7015,no
rKaHyPar,sat14_MD5-30-5.cnf.hgr,no,no,7,4,0.03,0.0298675,1.31736,cut,8276,7142,no
rKaHyPar,sat14_MD5-30-5.cnf.hgr,no,no,8,4,0.03,0.0298675,1.29192,cut,8452,7109,no
rKaHyPar,sat14_MD5-30-5.cnf.hgr,no,no,9,4,0.03,0.0298675,1.18972,cut,8538,7261,no
rKaHyPar,sat14_MD5-30-5.cnf.hgr,no,no,0,64,0.03,0.0286738,4.81028,cut,20584,15882,no
rKaHyPar,sat14_MD5-30-5.cnf.hgr,no,no,1,64,0.03,0.0286738,4.84213,cut,21115,16257,no
rKaHyPar,sat14_MD5-30-5.cnf.hgr,no,no,2,64,0.03,0.0286738,6.46945,cut,20907,16019,no
rKaHyPar,sat14_MD5-30-5.cnf.hgr,no,no,3,64,0.03,0.0286738,6.70363,cut,21302,16001,no
rKaHyPar,sat14_MD5-30-5.cnf.hgr,no,no,4,64,0.03,0.0286738,4.62576,cut,21724,16026,no
rKaHyPar,sat14_MD5-30-5.cnf.hgr,no,no,5,64,0.03,0.0286738,4.73751,cut,21487,16151,no
rKaHyPar,sat14_MD5-30-5.cnf.hgr,no,no,6,64,0.03,0.0286738,4.68279,cut,21978,16311,no
rKaHyPar,sat14_MD5-30-5.cnf.hgr,no,no,7,64,0.03,0.0286738,6.53279,cut,21490,16189,no
rKaHyPar,sat14_MD5-30-5.cnf.hgr,no,no,8,64,0.03,0.0286738,4.8969,cut,20844,16021,no
rKaHyPar,sat14_MD5-30-5.cnf.hgr,no,no,9,64,0.03,0.0286738,6.55236,cut,21583,15908,no
rKaHyPar,sat14_MD5-30-5.cnf.hgr,no,no,0,8,0.03,0.0296363,2.55498,cut,10936,8691,no
rKaHyPar,sat14_MD5-30-5.cnf.hgr,no,no,1,8,0.03,0.0269421,1.65319,cut,11693,9082,no
rKaHyPar,sat14_MD5-30-5.cnf.hgr,no,no,2,8,0.03,0.0296363,1.80874,cut,11037,8755,no
rKaHyPar,sat14_MD5-30-5.cnf.hgr,no,no,3,8,0.03,0.0296363,1.98509,cut,11683,9079,no
rKaHyPar,sat14_MD5-30-5.cnf.hgr,no,no,4,8,0.03,0.0143691,2.46593,cut,11858,9125,no
rKaHyPar,sat14_MD5-30-5.cnf.hgr,no,no,5,8,0.03,0.0282892,2.59584,cut,11621,9184,no
rKaHyPar,sat14_MD5-30-5.cnf.hgr,no,no,6,8,0.03,0.0229008,2.35203,cut,11760,8828,no
rKaHyPar,sat14_MD5-30-5.cnf.hgr,no,no,7,8,0.03,0.0296363,2.72675,cut,11778,9069,no
rKaHyPar,sat14_MD5-30-5.cnf.hgr,no,no,8,8,0.03,0.0184104,1.71059,cut,11512,8951,no
rKaHyPar,sat14_MD5-30-5.cnf.hgr,no,no,9,8,0.03,0.0296363,1.81396,cut,10700,8733,no
rKaHyPar,sat14_MD5-30-5.cnf.primal.hgr,no,no,0,128,0.03,0.0285714,11.2128,cut,30627,22105,no
rKaHyPar,sat14_MD5-30-5.cnf.primal.hgr,no,no,1,128,0.03,0.0285714,11.0666,cut,30752,22087,no
rKaHyPar,sat14_MD5-30-5.cnf.primal.hgr,no,no,2,128,0.03,0.0285714,7.66677,cut,30180,22186,no
rKaHyPar,sat14_MD5-30-5.cnf.primal.hgr,no,no,3,128,0.03,0.0285714,7.71484,cut,30995,22055,no
rKaHyPar,sat14_MD5-30-5.cnf.primal.hgr,no,no,4,128,0.03,0.0285714,7.65664,cut,31174,22328,no
rKaHyPar,sat14_MD5-30-5.cnf.primal.hgr,no,no,5,128,0.03,0.0285714,7.65389,cut,30870,21951,no
rKaHyPar,sat14_MD5-30-5.cnf.primal.hgr,no,no,6,128,0.03,0.0285714,7.76401,cut,31032,22098,no
rKaHyPar,sat14_MD5-30-5.cnf.primal.hgr,no,no,7,128,0.03,0.0285714,11.224,cut,31882,22216,no
rKaHyPar,sat14_MD5-30-5.cnf.primal.hgr,no,no,8,128,0.03,0.0285714,11.0466,cut,30581,22284,no
rKaHyPar,sat14_MD5-30-5.cnf.primal.hgr,no,no,9,128,0.03,0.0285714,11.2098,cut,30508,22075,no
rKaHyPar,sat14_MD5-30-5.cnf.primal.hgr,no,no,0,16,0.03,0.02693,1.56184,cut,14563,10793,no
rKaHyPar,sat14_MD5-30-5.cnf.primal.hgr,no,no,1,16,0.03,0.0287253,2.18119,cut,14671,10702,no
rKaHyPar,sat14_MD5-30-5.cnf.primal.hgr,no,no,2,16,0.03,0.0287253,1.57788,cut,15067,10782,no
rKaHyPar,sat14_MD5-30-5.cnf.primal.hgr,no,no,3,16,0.03,0.0287253,1.53231,cut,15260,10737,no
rKaHyPar,sat14_MD5-30-5.cnf.primal.hgr,no,no,4,16,0.03,0.0287253,1.52021,cut,14970,10817,no
rKaHyPar,sat14_MD5-30-5.cnf.primal.hgr,no,no,5,16,0.03,0.0287253,1.51534,cut,14475,10638,no
rKaHyPar,sat14_MD5-30-5.cnf.primal.hgr,no,no,6,16,0.03,0.0287253,2.21129,cut,15188,10908,no
rKaHyPar,sat14_MD5-30-5.cnf.primal.hgr,no,no,7,16,0.03,0.0287253,1.60787,cut,14810,10775,no
rKaHyPar,sat14_MD5-30-5.cnf.primal.hgr,no,no,8,16,0.03,0.0287253,2.14664,cut,14680,10726,no
rKaHyPar,sat14_MD5-30-5.cnf.primal.hgr,no,no,9,16,0.03,0.0287253,2.23845,cut,14814,10849,no
rKaHyPar,sat14_MD5-30-5.cnf.primal.hgr,no,no,0,2,0.03,0.00134741,0.465408,cut,4188,4188,no
rKaHyPar,sat14_MD5-30-5.cnf.primal.hgr,no,no,1,2,0.03,0.0298675,0.490573,cut,4071,4071,no
rKaHyPar,sat14_MD5-30-5.cnf.primal.hgr,no,no,2,2,0.03,0.0298675,0.565238,cut,4101,4101,no
rKaHyPar,sat14_MD5-30-5.cnf.primal.hgr,no,no,3,2,0.03,0.026499,0.552618,cut,4189,4189,no
rKaHyPar,sat14_MD5-30-5.cnf.primal.hgr,no,no,4,2,0.03,0.0298675,0.51864,cut,4072,4072,no
rKaHyPar,sat14_MD5-30-5.cnf.primal.hgr,no,no,5,2,0.03,0.0298675,0.687765,cut,4065,4065,no
rKaHyPar,sat14_MD5-30-5.cnf.primal.hgr,no,no,6,2,0.03,0.0298675,0.593424,cut,4107,4107,no
rKaHyPar,sat14_MD5-30-5.cnf.primal.hgr,no,no,7,2,0.03,0.0298675,0.611707,cut,4075,4075,no
rKaHyPar,sat14_MD5-30-5.cnf.primal.hgr,no,no,8,2,0.03,0.0298675,0.713256,cut,4080,4080,no
rKaHyPar,sat14_MD5-30-5.cnf.primal.hgr,no,no,9,2,0.03,0.0298675,0.49345,cut,4098,4098,no
rKaHyPar,sat14_MD5-30-5.cnf.primal.hgr,no,no,0,32,0.03,0.0286738,3.1208,cut,17262,12620,no
rKaHyPar,sat14_MD5-30-5.cnf.primal.hgr,no,no,1,32,0.03,0.0286738,3.09706,cut,17038,12615,no
rKaHyPar,sat14_MD5-30-5.cnf.primal.hgr,no,no,2,32,0.03,0.0286738,3.14049,cut,17737,12689,no
rKaHyPar,sat14_MD5-30-5.cnf.primal.hgr,no,no,3,32,0.03,0.0286738,2.33492,cut,16801,12504,no
rKaHyPar,sat14_MD5-30-5.cnf.primal.hgr,no,no,4,32,0.03,0.0286738,2.98101,cut,17799,12556,no
rKaHyPar,sat14_MD5-30-5.cnf.primal.hgr,no,no,5,32,0.03,0.0286738,2.26547,cut,16940,12568,no
rKaHyPar,sat14_MD5-30-5.cnf.primal.hgr,no,no,6,32,0.03,0.0286738,3.16989,cut,17063,12473,no
rKaHyPar,sat14_MD5-30-5.cnf.primal.hgr,no,no,7,32,0.03,0.0286738,2.23101,cut,17019,12634,no
rKaHyPar,sat14_MD5-30-5.cnf.primal.hgr,no,no,8,32,0.03,0.0286738,2.22104,cut,17524,12871,no
rKaHyPar,sat14_MD5-30-5.cnf.primal.hgr,no,no,9,32,0.03,0.0286738,3.09994,cut,17097,12616,no
rKaHyPar,sat14_MD5-30-5.cnf.primal.hgr,no,no,0,4,0.03,0.0296363,0.844369,cut,8465,7131,no
rKaHyPar,sat14_MD5-30-5.cnf.primal.hgr,no,no,1,4,0.03,0.0269421,0.838916,cut,8364,7175,no
rKaHyPar,sat14_MD5-30-5.cnf.primal.hgr,no,no,2,4,0.03,0.0166143,0.778888,cut,8265,7079,no
rKaHyPar,sat14_MD5-30-5.cnf.primal.hgr,no,no,3,4,0.03,0.0296363,0.857823,cut,8272,7042,no
rKaHyPar,sat14_MD5-30-5.cnf.primal.hgr,no,no,4,4,0.03,0.0246969,1.13967,cut,8454,7162,no
rKaHyPar,sat14_MD5-30-5.cnf.primal.hgr,no,no,5,4,0.03,0.0211046,0.84157,cut,8260,7196,no
rKaHyPar,sat14_MD5-30-5.cnf.primal.hgr,no,no,6,4,0.03,0.0291872,0.887831,cut,8160,7030,no
rKaHyPar,sat14_MD5-30-5.cnf.primal.hgr,no,no,7,4,0.03,0.0296363,0.875575,cut,8043,7033,no
rKaHyPar,sat14_MD5-30-5.cnf.primal.hgr,no,no,8,4,0.03,0.0278401,0.820716,cut,8520,7259,no
rKaHyPar,sat14_MD5-30-5.cnf.primal.hgr,no,no,9,4,0.03,0.0296363,0.816732,cut,8399,7189,no
rKaHyPar,sat14_MD5-30-5.cnf.primal.hgr,no,no,0,64,0.03,0.0285714,4.62741,cut,21830,16048,no
rKaHyPar,sat14_MD5-30-5.cnf.primal.hgr,no,no,1,64,0.03,0.0285714,4.63293,cut,22489,16235,no
rKaHyPar,sat14_MD5-30-5.cnf.primal.hgr,no,no,2,64,0.03,0.0285714,6.50607,cut,21555,16101,no
rKaHyPar,sat14_MD5-30-5.cnf.primal.hgr,no,no,3,64,0.03,0.0285714,6.72708,cut,21973,16200,no
rKaHyPar,sat14_MD5-30-5.cnf.primal.hgr,no,no,4,64,0.03,0.0285714,4.62778,cut,22129,16185,no
rKaHyPar,sat14_MD5-30-5.cnf.primal.hgr,no,no,5,64,0.03,0.0285714,4.46567,cut,22045,16053,no
rKaHyPar,sat14_MD5-30-5.cnf.primal.hgr,no,no,6,64,0.03,0.0285714,4.54042,cut,21740,16196,no
rKaHyPar,sat14_MD5-30-5.cnf.primal.hgr,no,no,7,64,0.03,0.0285714,6.84458,cut,21299,16214,no
rKaHyPar,sat14_MD5-30-5.cnf.primal.hgr,no,no,8,64,0.03,0.0285714,4.54542,cut,21962,16136,no
rKaHyPar,sat14_MD5-30-5.cnf.primal.hgr,no,no,9,64,0.03,0.0285714,6.58386,cut,21689,16155,no
rKaHyPar,sat14_MD5-30-5.cnf.primal.hgr,no,no,0,8,0.03,0.029623,1.7324,cut,11155,8953,no
rKaHyPar,sat14_MD5-30-5.cnf.primal.hgr,no,no,1,8,0.03,0.0125673,1.36678,cut,11676,9014,no
rKaHyPar,sat14_MD5-30-5.cnf.primal.hgr,no,no,2,8,0.03,0.021544,1.22288,cut,12039,9230,no
rKaHyPar,sat14_MD5-30-5.cnf.primal.hgr,no,no,3,8,0.03,0.029623,1.16412,cut,10968,8913,no
rKaHyPar,sat14_MD5-30-5.cnf.primal.hgr,no,no,4,8,0.03,0.029623,1.98593,cut,11571,8998,no
rKaHyPar,sat14_MD5-30-5.cnf.primal.hgr,no,no,5,8,0.03,0.0278276,1.65467,cut,11840,9056,no
rKaHyPar,sat14_MD5-30-5.cnf.primal.hgr,no,no,6,8,0.03,0.029623,1.99143,cut,11586,9016,no
rKaHyPar,sat14_MD5-30-5.cnf.primal.hgr,no,no,7,8,0.03,0.029623,1.63092,cut,12038,9050,no
rKaHyPar,sat14_MD5-30-5.cnf.primal.hgr,no,no,8,8,0.03,0.029623,1.37617,cut,11742,9182,no
rKaHyPar,sat14_MD5-30-5.cnf.primal.hgr,no,no,9,8,0.03,0.0287253,1.16168,cut,11676,9022,no
rKaHyPar,sat14_minandmaxor128.cnf.dual.hgr,no,no,0,128,0.03,0.0296639,94.002,cut,19771,5587,no
rKaHyPar,sat14_minandmaxor128.cnf.dual.hgr,no,no,1,128,0.03,0.0248628,93.9429,cut,22448,5459,no
rKaHyPar,sat14_minandmaxor128.cnf.dual.hgr,no,no,2,128,0.03,0.0296639,64.5483,cut,21435,5525,no
rKaHyPar,sat14_minandmaxor128.cnf.dual.hgr,no,no,3,128,0.03,0.029321,65.5582,cut,21447,5637,no
rKaHyPar,sat14_minandmaxor128.cnf.dual.hgr,no,no,4,128,0.03,0.0296639,62.7248,cut,26129,5443,no
rKaHyPar,sat14_minandmaxor128.cnf.dual.hgr,no,no,5,128,0.03,0.0296639,65.1183,cut,22681,5669,no
rKaHyPar,sat14_minandmaxor128.cnf.dual.hgr,no,no,6,128,0.03,0.0257202,63.6698,cut,22546,5561,no
rKaHyPar,sat14_minandmaxor128.cnf.dual.hgr,no,no,7,128,0.03,0.0286351,93.7881,cut,21711,5575,no
rKaHyPar,sat14_minandmaxor128.cnf.dual.hgr,no,no,8,128,0.03,0.0289781,94.1305,cut,19922,5534,no
rKaHyPar,sat14_minandmaxor128.cnf.dual.hgr,no,no,9,128,0.03,0.0291495,90.4883,cut,20912,5487,no
rKaHyPar,sat14_minandmaxor128.cnf.dual.hgr,no,no,0,16,0.03,0.0294944,53.5989,cut,5898,2732,no
rKaHyPar,sat14_minandmaxor128.cnf.dual.hgr,no,no,1,16,0.03,0.0173622,79.3856,cut,5507,2735,no
rKaHyPar,sat14_minandmaxor128.cnf.dual.hgr,no,no,2,16,0.03,0.0291085,55.4879,cut,5495,2731,no
rKaHyPar,sat14_minandmaxor128.cnf.dual.hgr,no,no,3,16,0.03,0.0295372,53.0671,cut,6180,2737,no
rKaHyPar,sat14_minandmaxor128.cnf.dual.hgr,no,no,4,16,0.03,0.0289799,52.0643,cut,6162,2704,no
rKaHyPar,sat14_minandmaxor128.cnf.dual.hgr,no,no,5,16,0.03,0.0263863,53.6284,cut,5712,2734,no
rKaHyPar,sat14_minandmaxor128.cnf.dual.hgr,no,no,6,16,0.03,0.0141256,78.6992,cut,6085,2729,no
rKaHyPar,sat14_minandmaxor128.cnf.dual.hgr,no,no,7,16,0.03,0.0292586,52.9064,cut,5849,2742,no
rKaHyPar,sat14_minandmaxor128.cnf.dual.hgr,no,no,8,16,0.03,0.0220779,77.4575,cut,6113,2740,no
rKaHyPar,sat14_minandmaxor128.cnf.dual.hgr,no,no,9,16,0.03,0.0242428,78.5488,cut,5567,2727,no
rKaHyPar,sat14_minandmaxor128.cnf.dual.hgr,no,no,0,2,0.03,0.0031429,20.6107,cut,719,719,no
rKaHyPar,sat14_minandmaxor128.cnf.dual.hgr,no,no,1,2,0.03,0.027418,20.8544,cut,724,724,no
rKaHyPar,sat14_minandmaxor128.cnf.dual.hgr,no,no,2,2,0.03,0.0133272,20.1195,cut,716,716,no
rKaHyPar,sat14_minandmaxor128.cnf.dual.hgr,no,no,3,2,0.03,0.0204811,20.9468,cut,724,724,no
rKaHyPar,sat14_minandmaxor128.cnf.dual.hgr,no,no,4,2,0.03,0.0147231,20.5016,cut,732,732,no
rKaHyPar,sat14_minandmaxor128.cnf.dual.hgr,no,no,5,2,0.03,0.00495148,31.6452,cut,741,741,no
rKaHyPar,sat14_minandmaxor128.cnf.dual.hgr,no,no,6,2,0.03,0.00988688,20.924,cut,737,737,no
rKaHyPar,sat14_minandmaxor128.cnf.dual.hgr,no,no,7,2,0.03,0.025103,20.3976,cut,720,720,no
rKaHyPar,sat14_minandmaxor128.cnf.dual.hgr,no,no,8,2,0.03,0.00774874,29.8256,cut,716,716,no
rKaHyPar,sat14_minandmaxor128.cnf.dual.hgr,no,no,9,2,0.03,0.0157761,20.3865,cut,732,732,no
rKaHyPar,sat14_minandmaxor128.cnf.dual.hgr,no,no,0,32,0.03,0.0272217,83.0612,cut,9177,3473,no
rKaHyPar,sat14_minandmaxor128.cnf.dual.hgr,no,no,1,32,0.03,0.0185193,81.0503,cut,9005,3400,no
rKaHyPar,sat14_minandmaxor128.cnf.dual.hgr,no,no,2,32,0.03,0.0282505,81.74,cut,9517,3504,no
rKaHyPar,sat14_minandmaxor128.cnf.dual.hgr,no,no,3,32,0.03,0.0297938,56.6791,cut,8617,3400,no
rKaHyPar,sat14_minandmaxor128.cnf.dual.hgr,no,no,4,32,0.03,0.0243495,80.7022,cut,9253,3433,no
rKaHyPar,sat14_minandmaxor128.cnf.dual.hgr,no,no,5,32,0.03,0.0242209,57.6389,cut,8845,3522,no
rKaHyPar,sat14_minandmaxor128.cnf.dual.hgr,no,no,6,32,0.03,0.0294937,79.4982,cut,9377,3396,no
rKaHyPar,sat14_minandmaxor128.cnf.dual.hgr,no,no,7,32,0.03,0.024821,55.8816,cut,8761,3405,no
rKaHyPar,sat14_minandmaxor128.cnf.dual.hgr,no,no,8,32,0.03,0.0285935,56.2816,cut,8795,3409,no
rKaHyPar,sat14_minandmaxor128.cnf.dual.hgr,no,no,9,32,0.03,0.0267072,83.5747,cut,7709,3451,no
rKaHyPar,sat14_minandmaxor128.cnf.dual.hgr,no,no,0,4,0.03,0.0268741,38.4384,cut,1657,1287,no
rKaHyPar,sat14_minandmaxor128.cnf.dual.hgr,no,no,1,4,0.03,0.0241304,36.8791,cut,1587,1192,no
rKaHyPar,sat14_minandmaxor128.cnf.dual.hgr,no,no,2,4,0.03,0.0279458,35.8997,cut,1787,1270,no
rKaHyPar,sat14_minandmaxor128.cnf.dual.hgr,no,no,3,4,0.03,0.0294356,37.8635,cut,1794,1263,no
rKaHyPar,sat14_minandmaxor128.cnf.dual.hgr,no,no,4,4,0.03,0.00304912,55.8554,cut,1675,1307,no
rKaHyPar,sat14_minandmaxor128.cnf.dual.hgr,no,no,5,4,0.03,0.0298375,36.6282,cut,1769,1256,no
rKaHyPar,sat14_minandmaxor128.cnf.dual.hgr,no,no,6,4,0.03,0.0141524,37.3583,cut,1794,1302,no
rKaHyPar,sat14_minandmaxor128.cnf.dual.hgr,no,no,7,4,0.03,0.0121643,34.8692,cut,1699,1193,no
rKaHyPar,sat14_minandmaxor128.cnf.dual.hgr,no,no,8,4,0.03,0.0299982,33.8088,cut,1562,1210,no
rKaHyPar,sat14_minandmaxor128.cnf.dual.hgr,no,no,9,4,0.03,0.0291355,37.8518,cut,1692,1205,no
rKaHyPar,sat14_minandmaxor128.cnf.dual.hgr,no,no,0,64,0.03,0.0297497,60.4933,cut,14389,4340,no
rKaHyPar,sat14_minandmaxor128.cnf.dual.hgr,no,no,1,64,0.03,0.0298354,59.8446,cut,13848,4230,no
rKaHyPar,sat14_minandmaxor128.cnf.dual.hgr,no,no,2,64,0.03,0.0255487,88.2072,cut,14612,4353,no
rKaHyPar,sat14_minandmaxor128.cnf.dual.hgr,no,no,3,64,0.03,0.0288066,87.7838,cut,14601,4325,no
rKaHyPar,sat14_minandmaxor128.cnf.dual.hgr,no,no,4,64,0.03,0.0288923,60.1352,cut,13351,4334,no
rKaHyPar,sat14_minandmaxor128.cnf.dual.hgr,no,no,5,64,0.03,0.0297497,60.9761,cut,13528,4308,no
rKaHyPar,sat14_minandmaxor128.cnf.dual.hgr,no,no,6,64,0.03,0.0260631,60.8124,cut,13777,4329,no
rKaHyPar,sat14_minandmaxor128.cnf.dual.hgr,no,no,7,64,0.03,0.0288923,84.8026,cut,14026,4232,no
rKaHyPar,sat14_minandmaxor128.cnf.dual.hgr,no,no,8,64,0.03,0.0297497,59.5774,cut,14779,4283,no
rKaHyPar,sat14_minandmaxor128.cnf.dual.hgr,no,no,9,64,0.03,0.0281207,87.8234,cut,14837,4370,no
rKaHyPar,sat14_minandmaxor128.cnf.dual.hgr,no,no,0,8,0.03,0.027158,80.9711,cut,3078,1990,no
rKaHyPar,sat14_minandmaxor128.cnf.dual.hgr,no,no,1,8,0.03,0.0294515,69.0928,cut,2968,1999,no
rKaHyPar,sat14_minandmaxor128.cnf.dual.hgr,no,no,2,8,0.03,0.027651,51.0123,cut,3077,2051,no
rKaHyPar,sat14_minandmaxor128.cnf.dual.hgr,no,no,3,8,0.03,0.0232247,48.6487,cut,3385,1997,no
rKaHyPar,sat14_minandmaxor128.cnf.dual.hgr,no,no,4,8,0.03,0.0283262,73.351,cut,3298,2052,no
rKaHyPar,sat14_minandmaxor128.cnf.dual.hgr,no,no,5,8,0.03,0.0279832,71.8174,cut,3208,2081,no
rKaHyPar,sat14_minandmaxor128.cnf.dual.hgr,no,no,6,8,0.03,0.0293765,71.0744,cut,3806,2225,no
rKaHyPar,sat14_minandmaxor128.cnf.dual.hgr,no,no,7,8,0.03,0.0293979,69.3018,cut,3447,2212,no
rKaHyPar,sat14_minandmaxor128.cnf.dual.hgr,no,no,8,8,0.03,0.0253574,55.4994,cut,3405,2136,no
rKaHyPar,sat14_minandmaxor128.cnf.dual.hgr,no,no,9,8,0.03,0.0269115,50.8587,cut,3204,2103,no
rKaHyPar,sat14_minandmaxor128.cnf.hgr,no,no,0,128,0.03,0.0297741,212.627,cut,118711,107797,no
rKaHyPar,sat14_minandmaxor128.cnf.hgr,no,no,1,128,0.03,0.0297741,212.942,cut,117381,105862,no
rKaHyPar,sat14_minandmaxor128.cnf.hgr,no,no,2,128,0.03,0.0297741,154.686,cut,118662,105609,no
rKaHyPar,sat14_minandmaxor128.cnf.hgr,no,no,3,128,0.03,0.0297741,154.202,cut,118905,107252,no
rKaHyPar,sat14_minandmaxor128.cnf.hgr,no,no,4,128,0.03,0.0297741,151.274,cut,116653,105736,no
rKaHyPar,sat14_minandmaxor128.cnf.hgr,no,no,5,128,0.03,0.0297741,154.019,cut,119741,110176,no
rKaHyPar,sat14_minandmaxor128.cnf.hgr,no,no,6,128,0.03,0.0297741,154.305,cut,115612,105548,no
rKaHyPar,sat14_minandmaxor128.cnf.hgr,no,no,7,128,0.03,0.0297741,219.889,cut,119198,108395,no
rKaHyPar,sat14_minandmaxor128.cnf.hgr,no,no,8,128,0.03,0.0297741,215.956,cut,117187,104626,no
rKaHyPar,sat14_minandmaxor128.cnf.hgr,no,no,9,128,0.03,0.0297741,211.535,cut,117844,106304,no
rKaHyPar,sat14_minandmaxor128.cnf.hgr,no,no,0,16,0.03,0.0299686,132.222,cut,63150,60509,no
rKaHyPar,sat14_minandmaxor128.cnf.hgr,no,no,1,16,0.03,0.0299365,185.308,cut,64512,60935,no
rKaHyPar,sat14_minandmaxor128.cnf.hgr,no,no,2,16,0.03,0.028268,133.335,cut,62459,59095,no
rKaHyPar,sat14_minandmaxor128.cnf.hgr,no,no,3,16,0.03,0.0298723,145.881,cut,62060,59873,no
rKaHyPar,sat14_minandmaxor128.cnf.hgr,no,no,4,16,0.03,0.0279471,143.547,cut,61452,59746,no
rKaHyPar,sat14_minandmaxor128.cnf.hgr,no,no,5,16,0.03,0.0299686,136.034,cut,63220,60941,no
rKaHyPar,sat14_minandmaxor128.cnf.hgr,no,no,6,16,0.03,0.0295193,180.326,cut,62734,59783,no
rKaHyPar,sat14_minandmaxor128.cnf.hgr,no,no,7,16,0.03,0.0299686,137.63,cut,63992,58610,no
rKaHyPar,sat14_minandmaxor128.cnf.hgr,no,no,8,16,0.03,0.0277867,129.538,cut,64382,60478,no
rKaHyPar,sat14_minandmaxor128.cnf.hgr,no,no,9,16,0.03,0.0298723,184.688,cut,63788,59291,no
rKaHyPar,sat14_minandmaxor128.cnf.hgr,no,no,0,2,0.03,0.0292708,48.4119,cut,2216,2216,no
rKaHyPar,sat14_minandmaxor128.cnf.hgr,no,no,1,2,0.03,0.0298524,50.1298,cut,2211,2211,no
rKaHyPar,sat14_minandmaxor128.cnf.hgr,no,no,2,2,0.03,0.0296919,49.8478,cut,2218,2218,no
rKaHyPar,sat14_minandmaxor128.cnf.hgr,no,no,3,2,0.03,0.0298564,47.3725,cut,2211,2211,no
rKaHyPar,sat14_minandmaxor128.cnf.hgr,no,no,4,2,0.03,0.0295114,55.416,cut,2213,2213,no
rKaHyPar,sat14_minandmaxor128.cnf.hgr,no,no,5,2,0.03,0.0280154,50.2835,cut,2215,2215,no
rKaHyPar,sat14_minandmaxor128.cnf.hgr,no,no,6,2,0.03,0.0295074,47.2787,cut,2213,2213,no
rKaHyPar,sat14_minandmaxor128.cnf.hgr,no,no,7,2,0.03,0.0298564,48.313,cut,2211,2211,no
rKaHyPar,sat14_minandmaxor128.cnf.hgr,no,no,8,2,0.03,0.0295114,77.6596,cut,2213,2213,no
rKaHyPar,sat14_minandmaxor128.cnf.hgr,no,no,9,2,0.03,0.0295074,61.1699,cut,2213,2213,no
rKaHyPar,sat14_minandmaxor128.cnf.hgr,no,no,0,32,0.03,0.0299686,190.914,cut,80322,74602,no
rKaHyPar,sat14_minandmaxor128.cnf.hgr,no,no,1,32,0.03,0.029776,192.655,cut,79217,73434,no
rKaHyPar,sat14_minandmaxor128.cnf.hgr,no,no,2,32,0.03,0.0299686,193.177,cut,79280,74430,no
rKaHyPar,sat14_minandmaxor128.cnf.hgr,no,no,3,32,0.03,0.0299686,131.174,cut,80129,75252,no
rKaHyPar,sat14_minandmaxor128.cnf.hgr,no,no,4,32,0.03,0.0298402,129.352,cut,80829,74707,no
rKaHyPar,sat14_minandmaxor128.cnf.hgr,no,no,5,32,0.03,0.0299686,131.458,cut,79889,74052,no
rKaHyPar,sat14_minandmaxor128.cnf.hgr,no,no,6,32,0.03,0.0299686,182.916,cut,79441,73466,no
rKaHyPar,sat14_minandmaxor128.cnf.hgr,no,no,7,32,0.03,0.0299686,132.915,cut,81642,74436,no
rKaHyPar,sat14_minandmaxor128.cnf.hgr,no,no,8,32,0.03,0.0299686,132.981,cut,80596,75085,no
rKaHyPar,sat14_minandmaxor128.cnf.hgr,no,no,9,32,0.03,0.0299686,185.201,cut,81600,74600,no
rKaHyPar,sat14_minandmaxor128.cnf.hgr,no,no,0,4,0.03,0.0298242,307.428,cut,21987,21824,no
rKaHyPar,sat14_minandmaxor128.cnf.hgr,no,no,1,4,0.03,0.0297841,522.705,cut,22562,22494,no
rKaHyPar,sat14_minandmaxor128.cnf.hgr,no,no,2,4,0.03,0.0299926,165.533,cut,21665,21441,no
rKaHyPar,sat14_minandmaxor128.cnf.hgr,no,no,3,4,0.03,0.0299926,462.577,cut,22585,22426,no
rKaHyPar,sat14_minandmaxor128.cnf.hgr,no,no,4,4,0.03,0.0289017,564.866,cut,22317,22132,no
rKaHyPar,sat14_minandmaxor128.cnf.hgr,no,no,5,4,0.03,0.0298723,551.609,cut,23400,23306,no
rKaHyPar,sat14_minandmaxor128.cnf.hgr,no,no,6,4,0.03,0.0298242,367.892,cut,21287,21134,no
rKaHyPar,sat14_minandmaxor128.cnf.hgr,no,no,7,4,0.03,0.0299766,440.616,cut,22748,22599,no
rKaHyPar,sat14_minandmaxor128.cnf.hgr,no,no,8,4,0.03,0.0297921,521.378,cut,21876,21692,no
rKaHyPar,sat14_minandmaxor128.cnf.hgr,no,no,9,4,0.03,0.0299766,293.103,cut,23825,23632,no
rKaHyPar,sat14_minandmaxor128.cnf.hgr,no,no,0,64,0.03,0.0299025,195.139,cut,95447,86148,no
rKaHyPar,sat14_minandmaxor128.cnf.hgr,no,no,1,64,0.03,0.0299025,140.333,cut,97237,87864,no
rKaHyPar,sat14_minandmaxor128.cnf.hgr,no,no,2,64,0.03,0.0299025,201.045,cut,95891,89116,no
rKaHyPar,sat14_minandmaxor128.cnf.hgr,no,no,3,64,0.03,0.0299025,196.253,cut,96194,87497,no
rKaHyPar,sat14_minandmaxor128.cnf.hgr,no,no,4,64,0.03,0.0299025,142.237,cut,97317,89213,no
rKaHyPar,sat14_minandmaxor128.cnf.hgr,no,no,5,64,0.03,0.0299025,143.652,cut,96960,89426,no
rKaHyPar,sat14_minandmaxor128.cnf.hgr,no,no,6,64,0.03,0.0299025,139.057,cut,96067,87498,no
rKaHyPar,sat14_minandmaxor128.cnf.hgr,no,no,7,64,0.03,0.0299025,195.212,cut,95353,87498,no
rKaHyPar,sat14_minandmaxor128.cnf.hgr,no,no,8,64,0.03,0.0299025,143.691,cut,96748,88829,no
rKaHyPar,sat14_minandmaxor128.cnf.hgr,no,no,9,64,0.03,0.0299025,198.122,cut,96577,87941,no
rKaHyPar,sat14_minandmaxor128.cnf.hgr,no,no,0,8,0.03,0.0299846,210.934,cut,43677,40379,no
rKaHyPar,sat14_minandmaxor128.cnf.hgr,no,no,1,8,0.03,0.0299686,191.008,cut,41265,40964,no
rKaHyPar,sat14_minandmaxor128.cnf.hgr,no,no,2,8,0.03,0.0299686,230.409,cut,43853,42210,no
rKaHyPar,sat14_minandmaxor128.cnf.hgr,no,no,3,8,0.03,0.0299525,366.385,cut,44133,41660,no
rKaHyPar,sat14_minandmaxor128.cnf.hgr,no,no,4,8,0.03,0.0298723,176.518,cut,41074,40614,no
rKaHyPar,sat14_minandmaxor128.cnf.hgr,no,no,5,8,0.03,0.0299846,224.791,cut,42472,40151,no
rKaHyPar,sat14_minandmaxor128.cnf.hgr,no,no,6,8,0.03,0.0299846,200.027,cut,40669,39872,no
rKaHyPar,sat14_minandmaxor128.cnf.hgr,no,no,7,8,0.03,0.0299846,320.603,cut,43085,41181,no
rKaHyPar,sat14_minandmaxor128.cnf.hgr,no,no,8,8,0.03,0.0296637,148.317,cut,41018,40610,no
rKaHyPar,sat14_minandmaxor128.cnf.hgr,no,no,9,8,0.03,0.0299044,196.883,cut,41936,40898,no
rKaHyPar,sat14_minandmaxor128.cnf.primal.hgr,no,no,0,128,0.03,0.0297741,112.096,cut,108924,107598,no
rKaHyPar,sat14_minandmaxor128.cnf.primal.hgr,no,no,1,128,0.03,0.0297741,107.026,cut,107016,105504,no
rKaHyPar,sat14_minandmaxor128.cnf.primal.hgr,no,no,2,128,0.03,0.0297741,75.9954,cut,108486,107239,no
rKaHyPar,sat14_minandmaxor128.cnf.primal.hgr,no,no,3,128,0.03,0.0297741,78.9877,cut,109567,108238,no
rKaHyPar,sat14_minandmaxor128.cnf.primal.hgr,no,no,4,128,0.03,0.0297741,74.0156,cut,106336,104989,no
rKaHyPar,sat14_minandmaxor128.cnf.primal.hgr,no,no,5,128,0.03,0.0297741,77.5969,cut,108181,106776,no
rKaHyPar,sat14_minandmaxor128.cnf.primal.hgr,no,no,6,128,0.03,0.0297741,76.0673,cut,107358,106153,no
rKaHyPar,sat14_minandmaxor128.cnf.primal.hgr,no,no,7,128,0.03,0.0297741,111.357,cut,108845,107271,no
rKaHyPar,sat14_minandmaxor128.cnf.primal.hgr,no,no,8,128,0.03,0.0297741,108.058,cut,107836,106612,no
rKaHyPar,sat14_minandmaxor128.cnf.primal.hgr,no,no,9,128,0.03,0.0297741,108.556,cut,107670,106380,no
rKaHyPar,sat14_minandmaxor128.cnf.primal.hgr,no,no,0,16,0.03,0.0299686,67.4084,cut,58743,58305,no
rKaHyPar,sat14_minandmaxor128.cnf.primal.hgr,no,no,1,16,0.03,0.0299044,84.6829,cut,58639,58345,no
rKaHyPar,sat14_minandmaxor128.cnf.primal.hgr,no,no,2,16,0.03,0.0299686,58.1306,cut,58035,57899,no
rKaHyPar,sat14_minandmaxor128.cnf.primal.hgr,no,no,3,16,0.03,0.0292627,63.5041,cut,58231,58037,no
rKaHyPar,sat14_minandmaxor128.cnf.primal.hgr,no,no,4,16,0.03,0.0280434,61.6982,cut,59408,59221,no
rKaHyPar,sat14_minandmaxor128.cnf.primal.hgr,no,no,5,16,0.03,0.0299686,65.5408,cut,58596,58205,no
rKaHyPar,sat14_minandmaxor128.cnf.primal.hgr,no,no,6,16,0.03,0.0291343,115.038,cut,59147,58637,no
rKaHyPar,sat14_minandmaxor128.cnf.primal.hgr,no,no,7,16,0.03,0.0295193,62.6068,cut,58932,58373,no
rKaHyPar,sat14_minandmaxor128.cnf.primal.hgr,no,no,8,16,0.03,0.0287493,66.6412,cut,59263,58792,no
rKaHyPar,sat14_minandmaxor128.cnf.primal.hgr,no,no,9,16,0.03,0.0299686,87.0408,cut,58582,58249,no
rKaHyPar,sat14_minandmaxor128.cnf.primal.hgr,no,no,0,2,0.03,0.0298001,27.044,cut,2214,2214,no
rKaHyPar,sat14_minandmaxor128.cnf.primal.hgr,no,no,1,2,0.03,0.0297119,29.0697,cut,2216,2216,no
rKaHyPar,sat14_minandmaxor128.cnf.primal.hgr,no,no,2,2,0.03,0.0298001,38.8987,cut,2214,2214,no
rKaHyPar,sat14_minandmaxor128.cnf.primal.hgr,no,no,3,2,0.03,0.0295755,22.4562,cut,2219,2219,no
rKaHyPar,sat14_minandmaxor128.cnf.primal.hgr,no,no,4,2,0.03,0.0299284,25.6295,cut,2218,2218,no
rKaHyPar,sat14_minandmaxor128.cnf.primal.hgr,no,no,5,2,0.03,0.0296878,22.9851,cut,2218,2218,no
rKaHyPar,sat14_minandmaxor128.cnf.primal.hgr,no,no,6,2,0.03,0.0278348,31.8452,cut,2225,2225,no
rKaHyPar,sat14_minandmaxor128.cnf.primal.hgr,no,no,7,2,0.03,0.0298803,32.6508,cut,2217,2217,no
rKaHyPar,sat14_minandmaxor128.cnf.primal.hgr,no,no,8,2,0.03,0.023455,113.194,cut,2232,2232,no
rKaHyPar,sat14_minandmaxor128.cnf.primal.hgr,no,no,9,2,0.03,0.0298001,31.2634,cut,2214,2214,no
rKaHyPar,sat14_minandmaxor128.cnf.primal.hgr,no,no,0,32,0.03,0.0299025,99.6057,cut,72968,72429,no
rKaHyPar,sat14_minandmaxor128.cnf.primal.hgr,no,no,1,32,0.03,0.0299025,87.4614,cut,73267,72625,no
rKaHyPar,sat14_minandmaxor128.cnf.primal.hgr,no,no,2,32,0.03,0.0299025,93.7553,cut,73876,73302,no
rKaHyPar,sat14_minandmaxor128.cnf.primal.hgr,no,no,3,32,0.03,0.0297741,65.1534,cut,73317,72784,no
rKaHyPar,sat14_minandmaxor128.cnf.primal.hgr,no,no,4,32,0.03,0.0299025,90.5515,cut,74315,73832,no
rKaHyPar,sat14_minandmaxor128.cnf.primal.hgr,no,no,5,32,0.03,0.0299025,65.4365,cut,73700,73218,no
rKaHyPar,sat14_minandmaxor128.cnf.primal.hgr,no,no,6,32,0.03,0.0299025,88.3766,cut,73364,72781,no
rKaHyPar,sat14_minandmaxor128.cnf.primal.hgr,no,no,7,32,0.03,0.0299025,67.091,cut,74620,73907,no
rKaHyPar,sat14_minandmaxor128.cnf.primal.hgr,no,no,8,32,0.03,0.0299025,62.8011,cut,72976,72387,no
rKaHyPar,sat14_minandmaxor128.cnf.primal.hgr,no,no,9,32,0.03,0.0299025,101.385,cut,73123,72418,no
rKaHyPar,sat14_minandmaxor128.cnf.primal.hgr,no,no,0,4,0.03,0.0297119,80.9238,cut,22315,22286,no
rKaHyPar,sat14_minandmaxor128.cnf.primal.hgr,no,no,1,4,0.03,0.0299365,90.177,cut,23286,23251,no
rKaHyPar,sat14_minandmaxor128.cnf.primal.hgr,no,no,2,4,0.03,0.0298242,63.1994,cut,22711,22676,no
rKaHyPar,sat14_minandmaxor128.cnf.primal.hgr,no,no,3,4,0.03,0.0192838,86.2542,cut,23296,23274,no
rKaHyPar,sat14_minandmaxor128.cnf.primal.hgr,no,no,4,4,0.03,0.0278829,96.8082,cut,22717,22695,no
rKaHyPar,sat14_minandmaxor128.cnf.primal.hgr,no,no,5,4,0.03,0.0292306,92.114,cut,25210,25094,no
rKaHyPar,sat14_minandmaxor128.cnf.primal.hgr,no,no,6,4,0.03,0.0295514,65.6769,cut,22341,22305,no
rKaHyPar,sat14_minandmaxor128.cnf.primal.hgr,no,no,7,4,0.03,0.0295835,62.6019,cut,23844,23820,no
rKaHyPar,sat14_minandmaxor128.cnf.primal.hgr,no,no,8,4,0.03,0.0198774,62.7599,cut,23134,23116,no
rKaHyPar,sat14_minandmaxor128.cnf.primal.hgr,no,no,9,4,0.03,0.0299846,53.2352,cut,22651,22635,no
rKaHyPar,sat14_minandmaxor128.cnf.primal.hgr,no,no,0,64,0.03,0.0297741,98.3185,cut,88478,87729,no
rKaHyPar,sat14_minandmaxor128.cnf.primal.hgr,no,no,1,64,0.03,0.0297741,68.451,cut,87226,86414,no
rKaHyPar,sat14_minandmaxor128.cnf.primal.hgr,no,no,2,64,0.03,0.0297741,97.4892,cut,88053,87136,no
rKaHyPar,sat14_minandmaxor128.cnf.primal.hgr,no,no,3,64,0.03,0.0297741,99.4984,cut,89853,89131,no
rKaHyPar,sat14_minandmaxor128.cnf.primal.hgr,no,no,4,64,0.03,0.0297741,69.0806,cut,88023,87225,no
rKaHyPar,sat14_minandmaxor128.cnf.primal.hgr,no,no,5,64,0.03,0.0297741,73.9441,cut,88132,87197,no
rKaHyPar,sat14_minandmaxor128.cnf.primal.hgr,no,no,6,64,0.03,0.0297741,69.7917,cut,87744,87047,no
rKaHyPar,sat14_minandmaxor128.cnf.primal.hgr,no,no,7,64,0.03,0.0297741,98.4336,cut,87812,87034,no
rKaHyPar,sat14_minandmaxor128.cnf.primal.hgr,no,no,8,64,0.03,0.0297741,70.2285,cut,88582,87871,no
rKaHyPar,sat14_minandmaxor128.cnf.primal.hgr,no,no,9,64,0.03,0.0297741,99.2235,cut,89677,88788,no
rKaHyPar,sat14_minandmaxor128.cnf.primal.hgr,no,no,0,8,0.03,0.0292627,87.1946,cut,42207,42074,no
rKaHyPar,sat14_minandmaxor128.cnf.primal.hgr,no,no,1,8,0.03,0.0299686,93.4447,cut,41030,40914,no
rKaHyPar,sat14_minandmaxor128.cnf.primal.hgr,no,no,2,8,0.03,0.0299365,69.9425,cut,41939,41812,no
rKaHyPar,sat14_minandmaxor128.cnf.primal.hgr,no,no,3,8,0.03,0.0299044,103.934,cut,42355,42253,no
rKaHyPar,sat14_minandmaxor128.cnf.primal.hgr,no,no,4,8,0.03,0.0299686,100.152,cut,40435,40286,no
rKaHyPar,sat14_minandmaxor128.cnf.primal.hgr,no,no,5,8,0.03,0.0299686,106.6,cut,41944,41788,no
rKaHyPar,sat14_minandmaxor128.cnf.primal.hgr,no,no,6,8,0.03,0.0299365,171.986,cut,41496,41446,no
rKaHyPar,sat14_minandmaxor128.cnf.primal.hgr,no,no,7,8,0.03,0.0247064,105.255,cut,40587,40440,no
rKaHyPar,sat14_minandmaxor128.cnf.primal.hgr,no,no,8,8,0.03,0.0291664,70.5026,cut,41035,41001,no
rKaHyPar,sat14_minandmaxor128.cnf.primal.hgr,no,no,9,8,0.03,0.0299686,79.9047,cut,42623,42357,no
rKaHyPar,sat14_openstacks-p30_3.085-SAT.cnf.dual.hgr,no,no,0,128,0.03,0.0299821,750.911,cut,121715,66366,no
rKaHyPar,sat14_openstacks-p30_3.085-SAT.cnf.dual.hgr,no,no,1,128,0.03,0.0299821,748.43,cut,116960,67513,no
rKaHyPar,sat14_openstacks-p30_3.085-SAT.cnf.dual.hgr,no,no,2,128,0.03,0.0299821,521.41,cut,119862,66708,no
rKaHyPar,sat14_openstacks-p30_3.085-SAT.cnf.dual.hgr,no,no,3,128,0.03,0.0299821,520.867,cut,118589,66744,no
rKaHyPar,sat14_openstacks-p30_3.085-SAT.cnf.dual.hgr,no,no,4,128,0.03,0.0299821,526.528,cut,116680,66097,no
rKaHyPar,sat14_openstacks-p30_3.085-SAT.cnf.dual.hgr,no,no,5,128,0.03,0.0299821,516.744,cut,118646,66945,no
rKaHyPar,sat14_openstacks-p30_3.085-SAT.cnf.dual.hgr,no,no,6,128,0.03,0.0299821,513.444,cut,121022,65760,no
rKaHyPar,sat14_openstacks-p30_3.085-SAT.cnf.dual.hgr,no,no,7,128,0.03,0.0299821,520.435,cut,114703,65782,no
rKaHyPar,sat14_openstacks-p30_3.085-SAT.cnf.dual.hgr,no,no,8,128,0.03,0.0299821,770.607,cut,115393,66445,no
rKaHyPar,sat14_openstacks-p30_3.085-SAT.cnf.dual.hgr,no,no,9,128,0.03,0.0299821,733.6,cut,115496,64657,no
rKaHyPar,sat14_openstacks-p30_3.085-SAT.cnf.dual.hgr,no,no,0,16,0.03,0.0299632,405.667,cut,12059,8247,no
rKaHyPar,sat14_openstacks-p30_3.085-SAT.cnf.dual.hgr,no,no,1,16,0.03,0.0299924,588.615,cut,11061,8215,no
rKaHyPar,sat14_openstacks-p30_3.085-SAT.cnf.dual.hgr,no,no,2,16,0.03,0.0299632,395.054,cut,11016,8072,no
rKaHyPar,sat14_openstacks-p30_3.085-SAT.cnf.dual.hgr,no,no,3,16,0.03,0.0299827,383.726,cut,12124,8481,no
rKaHyPar,sat14_openstacks-p30_3.085-SAT.cnf.dual.hgr,no,no,4,16,0.03,0.0299437,384.893,cut,12362,8827,no
rKaHyPar,sat14_openstacks-p30_3.085-SAT.cnf.dual.hgr,no,no,5,16,0.03,0.0299729,389.682,cut,11607,8916,no
rKaHyPar,sat14_openstacks-p30_3.085-SAT.cnf.dual.hgr,no,no,6,16,0.03,0.0299924,558.483,cut,10938,8028,no
rKaHyPar,sat14_openstacks-p30_3.085-SAT.cnf.dual.hgr,no,no,7,16,0.03,0.0299827,377.173,cut,12027,8013,no
rKaHyPar,sat14_openstacks-p30_3.085-SAT.cnf.dual.hgr,no,no,8,16,0.03,0.0299535,387.737,cut,10739,8145,no
rKaHyPar,sat14_openstacks-p30_3.085-SAT.cnf.dual.hgr,no,no,9,16,0.03,0.0299827,563.32,cut,12172,8281,no
rKaHyPar,sat14_openstacks-p30_3.085-SAT.cnf.dual.hgr,no,no,0,2,0.03,0.0116707,101.742,cut,181,181,no
rKaHyPar,sat14_openstacks-p30_3.085-SAT.cnf.dual.hgr,no,no,1,2,0.03,0.0116707,152.175,cut,181,181,no
rKaHyPar,sat14_openstacks-p30_3.085-SAT.cnf.dual.hgr,no,no,2,2,0.03,0.0116707,106.766,cut,181,181,no
rKaHyPar,sat14_openstacks-p30_3.085-SAT.cnf.dual.hgr,no,no,3,2,0.03,0.010741,105.3,cut,181,181,no
rKaHyPar,sat14_openstacks-p30_3.085-SAT.cnf.dual.hgr,no,no,4,2,0.03,0.010741,103.319,cut,181,181,no
rKaHyPar,sat14_openstacks-p30_3.085-SAT.cnf.dual.hgr,no,no,5,2,0.03,0.010741,105.105,cut,181,181,no
rKaHyPar,sat14_openstacks-p30_3.085-SAT.cnf.dual.hgr,no,no,6,2,0.03,0.010741,104.454,cut,181,181,no
rKaHyPar,sat14_openstacks-p30_3.085-SAT.cnf.dual.hgr,no,no,7,2,0.03,0.0116707,105.583,cut,181,181,no
rKaHyPar,sat14_openstacks-p30_3.085-SAT.cnf.dual.hgr,no,no,8,2,0.03,0.010741,151.429,cut,181,181,no
rKaHyPar,sat14_openstacks-p30_3.085-SAT.cnf.dual.hgr,no,no,9,2,0.03,0.0116707,103.903,cut,181,181,no
rKaHyPar,sat14_openstacks-p30_3.085-SAT.cnf.dual.hgr,no,no,0,32,0.03,0.0299632,458.493,cut,27188,16897,no
rKaHyPar,sat14_openstacks-p30_3.085-SAT.cnf.dual.hgr,no,no,1,32,0.03,0.0299437,670.237,cut,25447,15907,no
rKaHyPar,sat14_openstacks-p30_3.085-SAT.cnf.dual.hgr,no,no,2,32,0.03,0.0299827,669.145,cut,25995,17070,no
rKaHyPar,sat14_openstacks-p30_3.085-SAT.cnf.dual.hgr,no,no,3,32,0.03,0.0299827,461.612,cut,24622,16275,no
rKaHyPar,sat14_openstacks-p30_3.085-SAT.cnf.dual.hgr,no,no,4,32,0.03,0.0299632,463.048,cut,26858,16640,no
rKaHyPar,sat14_openstacks-p30_3.085-SAT.cnf.dual.hgr,no,no,5,32,0.03,0.0299632,460.274,cut,24015,15786,no
rKaHyPar,sat14_openstacks-p30_3.085-SAT.cnf.dual.hgr,no,no,6,32,0.03,0.0299827,657.737,cut,25830,16211,no
rKaHyPar,sat14_openstacks-p30_3.085-SAT.cnf.dual.hgr,no,no,7,32,0.03,0.0299437,461.308,cut,26231,16252,no
rKaHyPar,sat14_openstacks-p30_3.085-SAT.cnf.dual.hgr,no,no,8,32,0.03,0.0299632,457.759,cut,24787,16309,no
rKaHyPar,sat14_openstacks-p30_3.085-SAT.cnf.dual.hgr,no,no,9,32,0.03,0.0299827,682.732,cut,27377,16900,no
rKaHyPar,sat14_openstacks-p30_3.085-SAT.cnf.dual.hgr,no,no,0,4,0.03,0.029467,192.028,cut,639,637,no
rKaHyPar,sat14_openstacks-p30_3.085-SAT.cnf.dual.hgr,no,no,1,4,0.03,0.0288439,286.604,cut,663,661,no
rKaHyPar,sat14_openstacks-p30_3.085-SAT.cnf.dual.hgr,no,no,2,4,0.03,0.0299805,191.646,cut,798,629,no
rKaHyPar,sat14_openstacks-p30_3.085-SAT.cnf.dual.hgr,no,no,3,4,0.03,0.0299805,190.922,cut,719,637,no
rKaHyPar,sat14_openstacks-p30_3.085-SAT.cnf.dual.hgr,no,no,4,4,0.03,0.0299926,279.19,cut,835,654,no
rKaHyPar,sat14_openstacks-p30_3.085-SAT.cnf.dual.hgr,no,no,5,4,0.03,0.0299975,190.381,cut,647,647,no
rKaHyPar,sat14_openstacks-p30_3.085-SAT.cnf.dual.hgr,no,no,6,4,0.03,0.0299172,279.898,cut,805,639,no
rKaHyPar,sat14_openstacks-p30_3.085-SAT.cnf.dual.hgr,no,no,7,4,0.03,0.0299707,192.238,cut,732,632,no
rKaHyPar,sat14_openstacks-p30_3.085-SAT.cnf.dual.hgr,no,no,8,4,0.03,0.0299074,191.397,cut,637,637,no
rKaHyPar,sat14_openstacks-p30_3.085-SAT.cnf.dual.hgr,no,no,9,4,0.03,0.0299488,274.116,cut,820,649,no
rKaHyPar,sat14_openstacks-p30_3.085-SAT.cnf.dual.hgr,no,no,0,64,0.03,0.0299821,702.478,cut,69467,33997,no
rKaHyPar,sat14_openstacks-p30_3.085-SAT.cnf.dual.hgr,no,no,1,64,0.03,0.0299432,487,cut,68827,33446,no
rKaHyPar,sat14_openstacks-p30_3.085-SAT.cnf.dual.hgr,no,no,2,64,0.03,0.0299821,716.122,cut,64660,33864,no
rKaHyPar,sat14_openstacks-p30_3.085-SAT.cnf.dual.hgr,no,no,3,64,0.03,0.0299821,706.714,cut,66158,33605,no
rKaHyPar,sat14_openstacks-p30_3.085-SAT.cnf.dual.hgr,no,no,4,64,0.03,0.0299821,492.684,cut,70341,34159,no
rKaHyPar,sat14_openstacks-p30_3.085-SAT.cnf.dual.hgr,no,no,5,64,0.03,0.0299821,476.773,cut,69687,33390,no
rKaHyPar,sat14_openstacks-p30_3.085-SAT.cnf.dual.hgr,no,no,6,64,0.03,0.0299432,480.267,cut,66706,33915,no
rKaHyPar,sat14_openstacks-p30_3.085-SAT.cnf.dual.hgr,no,no,7,64,0.03,0.0299432,707.481,cut,71877,34625,no
rKaHyPar,sat14_openstacks-p30_3.085-SAT.cnf.dual.hgr,no,no,8,64,0.03,0.0299042,487.221,cut,69133,33643,no
rKaHyPar,sat14_openstacks-p30_3.085-SAT.cnf.dual.hgr,no,no,9,64,0.03,0.0299821,698.719,cut,71830,34018,no
rKaHyPar,sat14_openstacks-p30_3.085-SAT.cnf.dual.hgr,no,no,0,8,0.03,0.0299877,381.664,cut,2332,1956,no
rKaHyPar,sat14_openstacks-p30_3.085-SAT.cnf.dual.hgr,no,no,1,8,0.03,0.0299682,273.873,cut,2527,1880,no
rKaHyPar,sat14_openstacks-p30_3.085-SAT.cnf.dual.hgr,no,no,2,8,0.03,0.0299877,267.441,cut,2537,1879,no
rKaHyPar,sat14_openstacks-p30_3.085-SAT.cnf.dual.hgr,no,no,3,8,0.03,0.0299877,382.14,cut,2365,1858,no
rKaHyPar,sat14_openstacks-p30_3.085-SAT.cnf.dual.hgr,no,no,4,8,0.03,0.0299877,383.709,cut,2104,1972,no
rKaHyPar,sat14_openstacks-p30_3.085-SAT.cnf.dual.hgr,no,no,5,8,0.03,0.0299877,396.66,cut,2428,1893,no
rKaHyPar,sat14_openstacks-p30_3.085-SAT.cnf.dual.hgr,no,no,6,8,0.03,0.0299974,402.824,cut,3081,2136,no
rKaHyPar,sat14_openstacks-p30_3.085-SAT.cnf.dual.hgr,no,no,7,8,0.03,0.0299926,394.603,cut,2328,1815,no
rKaHyPar,sat14_openstacks-p30_3.085-SAT.cnf.dual.hgr,no,no,8,8,0.03,0.0299974,272.537,cut,2182,1785,no
rKaHyPar,sat14_openstacks-p30_3.085-SAT.cnf.dual.hgr,no,no,9,8,0.03,0.0299633,272.763,cut,2277,1891,no
rKaHyPar,sat14_openstacks-p30_3.085-SAT.cnf.hgr,no,no,0,128,0.03,0.0298507,337.728,cut,336322,310085,no
rKaHyPar,sat14_openstacks-p30_3.085-SAT.cnf.hgr,no,no,1,128,0.03,0.0298507,361.433,cut,336035,309723,no
rKaHyPar,sat14_openstacks-p30_3.085-SAT.cnf.hgr,no,no,2,128,0.03,0.0298507,265.234,cut,334515,310371,no
rKaHyPar,sat14_openstacks-p30_3.085-SAT.cnf.hgr,no,no,3,128,0.03,0.0298507,265.47,cut,329018,308554,no
rKaHyPar,sat14_openstacks-p30_3.085-SAT.cnf.hgr,no,no,4,128,0.03,0.0298507,247.256,cut,334568,309858,no
rKaHyPar,sat14_openstacks-p30_3.085-SAT.cnf.hgr,no,no,5,128,0.03,0.0298507,263.563,cut,333366,307746,no
rKaHyPar,sat14_openstacks-p30_3.085-SAT.cnf.hgr,no,no,6,128,0.03,0.0298507,246.709,cut,334590,309107,no
rKaHyPar,sat14_openstacks-p30_3.085-SAT.cnf.hgr,no,no,7,128,0.03,0.0298507,249.168,cut,331354,309231,no
rKaHyPar,sat14_openstacks-p30_3.085-SAT.cnf.hgr,no,no,8,128,0.03,0.0298507,365.424,cut,335257,310792,no
rKaHyPar,sat14_openstacks-p30_3.085-SAT.cnf.hgr,no,no,9,128,0.03,0.0298507,376.74,cut,333713,310565,no
rKaHyPar,sat14_openstacks-p30_3.085-SAT.cnf.hgr,no,no,0,16,0.03,0.0293313,170.209,cut,49600,48710,no
rKaHyPar,sat14_openstacks-p30_3.085-SAT.cnf.hgr,no,no,1,16,0.03,0.0299532,251.783,cut,49683,48879,no
rKaHyPar,sat14_openstacks-p30_3.085-SAT.cnf.hgr,no,no,2,16,0.03,0.0295303,188.891,cut,51534,49362,no
rKaHyPar,sat14_openstacks-p30_3.085-SAT.cnf.hgr,no,no,3,16,0.03,0.0282864,179.72,cut,49105,48229,no
rKaHyPar,sat14_openstacks-p30_3.085-SAT.cnf.hgr,no,no,4,16,0.03,0.0230869,160.984,cut,48911,48247,no
rKaHyPar,sat14_openstacks-p30_3.085-SAT.cnf.hgr,no,no,5,16,0.03,0.0297044,185.869,cut,49551,48849,no
rKaHyPar,sat14_openstacks-p30_3.085-SAT.cnf.hgr,no,no,6,16,0.03,0.0295054,235.027,cut,49856,48764,no
rKaHyPar,sat14_openstacks-p30_3.085-SAT.cnf.hgr,no,no,7,16,0.03,0.0259976,178.065,cut,50709,49114,no
rKaHyPar,sat14_openstacks-p30_3.085-SAT.cnf.hgr,no,no,8,16,0.03,0.0290825,185.589,cut,50044,48997,no
rKaHyPar,sat14_openstacks-p30_3.085-SAT.cnf.hgr,no,no,9,16,0.03,0.0280625,259.286,cut,48772,48248,no
rKaHyPar,sat14_openstacks-p30_3.085-SAT.cnf.hgr,no,no,0,2,0.03,0.00401784,108.346,cut,3209,3209,no
rKaHyPar,sat14_openstacks-p30_3.085-SAT.cnf.hgr,no,no,1,2,0.03,0.00401784,144.722,cut,3209,3209,no
rKaHyPar,sat14_openstacks-p30_3.085-SAT.cnf.hgr,no,no,2,2,0.03,0.00401784,124.003,cut,3209,3209,no
rKaHyPar,sat14_openstacks-p30_3.085-SAT.cnf.hgr,no,no,3,2,0.03,0.00401784,124.049,cut,3209,3209,no
rKaHyPar,sat14_openstacks-p30_3.085-SAT.cnf.hgr,no,no,4,2,0.03,0.00401784,107.395,cut,3209,3209,no
rKaHyPar,sat14_openstacks-p30_3.085-SAT.cnf.hgr,no,no,5,2,0.03,0.00401784,125.399,cut,3209,3209,no
rKaHyPar,sat14_openstacks-p30_3.085-SAT.cnf.hgr,no,no,6,2,0.03,0.00401784,106.592,cut,3209,3209,no
rKaHyPar,sat14_openstacks-p30_3.085-SAT.cnf.hgr,no,no,7,2,0.03,0.00401784,107.726,cut,3209,3209,no
rKaHyPar,sat14_openstacks-p30_3.085-SAT.cnf.hgr,no,no,8,2,0.03,0.00401784,139.198,cut,3209,3209,no
rKaHyPar,sat14_openstacks-p30_3.085-SAT.cnf.hgr,no,no,9,2,0.03,0.00401784,98.736,cut,3209,3209,no
rKaHyPar,sat14_openstacks-p30_3.085-SAT.cnf.hgr,no,no,0,32,0.03,0.0299532,282.303,cut,104880,100778,no
rKaHyPar,sat14_openstacks-p30_3.085-SAT.cnf.hgr,no,no,1,32,0.03,0.0299532,333.786,cut,104850,101069,no
rKaHyPar,sat14_openstacks-p30_3.085-SAT.cnf.hgr,no,no,2,32,0.03,0.0296049,351.376,cut,103571,101352,no
rKaHyPar,sat14_openstacks-p30_3.085-SAT.cnf.hgr,no,no,3,32,0.03,0.0298537,345.467,cut,103621,101067,no
rKaHyPar,sat14_openstacks-p30_3.085-SAT.cnf.hgr,no,no,4,32,0.03,0.0296049,364.128,cut,106527,101988,no
rKaHyPar,sat14_openstacks-p30_3.085-SAT.cnf.hgr,no,no,5,32,0.03,0.0299035,255.305,cut,104959,102065,no
rKaHyPar,sat14_openstacks-p30_3.085-SAT.cnf.hgr,no,no,6,32,0.03,0.0299035,354.073,cut,104600,101644,no
rKaHyPar,sat14_openstacks-p30_3.085-SAT.cnf.hgr,no,no,7,32,0.03,0.0299532,258.114,cut,103697,101208,no
rKaHyPar,sat14_openstacks-p30_3.085-SAT.cnf.hgr,no,no,8,32,0.03,0.0298537,255.482,cut,104383,101442,no
rKaHyPar,sat14_openstacks-p30_3.085-SAT.cnf.hgr,no,no,9,32,0.03,0.0299532,343.715,cut,102878,101118,no
rKaHyPar,sat14_openstacks-p30_3.085-SAT.cnf.hgr,no,no,0,4,0.03,0.0203566,132.386,cut,9747,9627,no
rKaHyPar,sat14_openstacks-p30_3.085-SAT.cnf.hgr,no,no,1,4,0.03,0.0203566,189.85,cut,9747,9627,no
rKaHyPar,sat14_openstacks-p30_3.085-SAT.cnf.hgr,no,no,2,4,0.03,0.0203566,141.417,cut,9747,9627,no
rKaHyPar,sat14_openstacks-p30_3.085-SAT.cnf.hgr,no,no,3,4,0.03,0.0203566,140.538,cut,9627,9627,no
rKaHyPar,sat14_openstacks-p30_3.085-SAT.cnf.hgr,no,no,4,4,0.03,0.0203566,188.102,cut,9627,9627,no
rKaHyPar,sat14_openstacks-p30_3.085-SAT.cnf.hgr,no,no,5,4,0.03,0.0203566,143.801,cut,9693,9627,no
rKaHyPar,sat14_openstacks-p30_3.085-SAT.cnf.hgr,no,no,6,4,0.03,0.0203566,187.313,cut,9747,9627,no
rKaHyPar,sat14_openstacks-p30_3.085-SAT.cnf.hgr,no,no,7,4,0.03,0.0203566,134.074,cut,9689,9627,no
rKaHyPar,sat14_openstacks-p30_3.085-SAT.cnf.hgr,no,no,8,4,0.03,0.0203566,141.937,cut,9627,9627,no
rKaHyPar,sat14_openstacks-p30_3.085-SAT.cnf.hgr,no,no,9,4,0.03,0.0203566,192.682,cut,9627,9627,no
rKaHyPar,sat14_openstacks-p30_3.085-SAT.cnf.hgr,no,no,0,64,0.03,0.0299532,347.22,cut,207348,191894,no
rKaHyPar,sat14_openstacks-p30_3.085-SAT.cnf.hgr,no,no,1,64,0.03,0.0299532,253.943,cut,205431,194441,no
rKaHyPar,sat14_openstacks-p30_3.085-SAT.cnf.hgr,no,no,2,64,0.03,0.0299532,384.032,cut,206169,193312,no
rKaHyPar,sat14_openstacks-p30_3.085-SAT.cnf.hgr,no,no,3,64,0.03,0.0299532,395.377,cut,204099,194644,no
rKaHyPar,sat14_openstacks-p30_3.085-SAT.cnf.hgr,no,no,4,64,0.03,0.0299532,262.901,cut,207569,195825,no
rKaHyPar,sat14_openstacks-p30_3.085-SAT.cnf.hgr,no,no,5,64,0.03,0.0299532,254.496,cut,203433,193432,no
rKaHyPar,sat14_openstacks-p30_3.085-SAT.cnf.hgr,no,no,6,64,0.03,0.0299532,243.558,cut,202159,191063,no
rKaHyPar,sat14_openstacks-p30_3.085-SAT.cnf.hgr,no,no,7,64,0.03,0.0299532,359.406,cut,206212,194178,no
rKaHyPar,sat14_openstacks-p30_3.085-SAT.cnf.hgr,no,no,9,64,0.03,0.0299532,404.248,cut,200554,189201,no
rKaHyPar,sat14_openstacks-p30_3.085-SAT.cnf.hgr,no,no,0,8,0.03,0.0295303,223.32,cut,25403,23897,no
rKaHyPar,sat14_openstacks-p30_3.085-SAT.cnf.hgr,no,no,1,8,0.03,0.0291198,151.026,cut,22732,22480,no
rKaHyPar,sat14_openstacks-p30_3.085-SAT.cnf.hgr,no,no,2,8,0.03,0.0298786,162.792,cut,22606,22484,no
rKaHyPar,sat14_openstacks-p30_3.085-SAT.cnf.hgr,no,no,3,8,0.03,0.0299781,231.12,cut,22729,22489,no
rKaHyPar,sat14_openstacks-p30_3.085-SAT.cnf.hgr,no,no,4,8,0.03,0.0296547,200.794,cut,22722,22482,no
rKaHyPar,sat14_openstacks-p30_3.085-SAT.cnf.hgr,no,no,5,8,0.03,0.0292069,228.502,cut,22628,22480,no
rKaHyPar,sat14_openstacks-p30_3.085-SAT.cnf.hgr,no,no,6,8,0.03,0.0293313,214.107,cut,22838,22484,no
rKaHyPar,sat14_openstacks-p30_3.085-SAT.cnf.hgr,no,no,7,8,0.03,0.0294184,207.259,cut,22746,22490,no
rKaHyPar,sat14_openstacks-p30_3.085-SAT.cnf.hgr,no,no,8,8,0.03,0.029381,167.809,cut,22722,22480,no
rKaHyPar,sat14_openstacks-p30_3.085-SAT.cnf.hgr,no,no,9,8,0.03,0.0290452,170.276,cut,23634,23348,no
rKaHyPar,sat14_openstacks-p30_3.085-SAT.cnf.primal.hgr,no,no,0,128,0.03,0.0296092,369.845,cut,530036,516446,no
rKaHyPar,sat14_openstacks-p30_3.085-SAT.cnf.primal.hgr,no,no,1,128,0.03,0.0296092,341.299,cut,520531,509154,no
rKaHyPar,sat14_openstacks-p30_3.085-SAT.cnf.primal.hgr,no,no,2,128,0.03,0.0296092,251.418,cut,526664,514192,no
rKaHyPar,sat14_openstacks-p30_3.085-SAT.cnf.primal.hgr,no,no,3,128,0.03,0.0296092,253.381,cut,526431,513823,no
rKaHyPar,sat14_openstacks-p30_3.085-SAT.cnf.primal.hgr,no,no,4,128,0.03,0.0296092,264.076,cut,522105,509593,no
rKaHyPar,sat14_openstacks-p30_3.085-SAT.cnf.primal.hgr,no,no,5,128,0.03,0.0296092,259.283,cut,523422,511394,no
rKaHyPar,sat14_openstacks-p30_3.085-SAT.cnf.primal.hgr,no,no,6,128,0.03,0.0296092,261.59,cut,521969,510256,no
rKaHyPar,sat14_openstacks-p30_3.085-SAT.cnf.primal.hgr,no,no,7,128,0.03,0.0296092,268.63,cut,526644,514945,no
rKaHyPar,sat14_openstacks-p30_3.085-SAT.cnf.primal.hgr,no,no,8,128,0.03,0.0296092,364.682,cut,525355,512919,no
rKaHyPar,sat14_openstacks-p30_3.085-SAT.cnf.primal.hgr,no,no,9,128,0.03,0.0296092,266.706,cut,524737,512372,no
rKaHyPar,sat14_openstacks-p30_3.085-SAT.cnf.primal.hgr,no,no,0,16,0.03,0.0299635,229.316,cut,71537,71512,no
rKaHyPar,sat14_openstacks-p30_3.085-SAT.cnf.primal.hgr,no,no,1,16,0.03,0.0299635,204.929,cut,75344,75211,no
rKaHyPar,sat14_openstacks-p30_3.085-SAT.cnf.primal.hgr,no,no,2,16,0.03,0.0299635,227.961,cut,73862,73829,no
rKaHyPar,sat14_openstacks-p30_3.085-SAT.cnf.primal.hgr,no,no,3,16,0.03,0.0299635,304.523,cut,82842,82842,no
rKaHyPar,sat14_openstacks-p30_3.085-SAT.cnf.primal.hgr,no,no,4,16,0.03,0.0299635,282.262,cut,78243,78136,no
rKaHyPar,sat14_openstacks-p30_3.085-SAT.cnf.primal.hgr,no,no,5,16,0.03,0.0299635,284.109,cut,82527,82415,no
rKaHyPar,sat14_openstacks-p30_3.085-SAT.cnf.primal.hgr,no,no,6,16,0.03,0.0299635,202.881,cut,73996,73870,no
rKaHyPar,sat14_openstacks-p30_3.085-SAT.cnf.primal.hgr,no,no,7,16,0.03,0.0299635,254.032,cut,72803,72800,no
rKaHyPar,sat14_openstacks-p30_3.085-SAT.cnf.primal.hgr,no,no,8,16,0.03,0.0299635,242.287,cut,79811,79663,no
rKaHyPar,sat14_openstacks-p30_3.085-SAT.cnf.primal.hgr,no,no,9,16,0.03,0.0299635,590.574,cut,85018,84881,no
rKaHyPar,sat14_openstacks-p30_3.085-SAT.cnf.primal.hgr,no,no,0,2,0.03,0.0112984,69.9563,cut,4271,4271,no
rKaHyPar,sat14_openstacks-p30_3.085-SAT.cnf.primal.hgr,no,no,1,2,0.03,0.0112984,66.2265,cut,4271,4271,no
rKaHyPar,sat14_openstacks-p30_3.085-SAT.cnf.primal.hgr,no,no,2,2,0.03,0.0112984,56.2931,cut,4271,4271,no
rKaHyPar,sat14_openstacks-p30_3.085-SAT.cnf.primal.hgr,no,no,3,2,0.03,0.0112984,79.786,cut,4271,4271,no
rKaHyPar,sat14_openstacks-p30_3.085-SAT.cnf.primal.hgr,no,no,4,2,0.03,0.0112984,64.3714,cut,4271,4271,no
rKaHyPar,sat14_openstacks-p30_3.085-SAT.cnf.primal.hgr,no,no,5,2,0.03,0.0112984,72.3271,cut,4271,4271,no
rKaHyPar,sat14_openstacks-p30_3.085-SAT.cnf.primal.hgr,no,no,6,2,0.03,0.0112984,48.1191,cut,4271,4271,no
rKaHyPar,sat14_openstacks-p30_3.085-SAT.cnf.primal.hgr,no,no,7,2,0.03,0.0112984,51.5969,cut,4271,4271,no
rKaHyPar,sat14_openstacks-p30_3.085-SAT.cnf.primal.hgr,no,no,8,2,0.03,0.0112984,68.7556,cut,4271,4271,no
rKaHyPar,sat14_openstacks-p30_3.085-SAT.cnf.primal.hgr,no,no,9,2,0.03,0.0112984,53.5887,cut,4271,4271,no
rKaHyPar,sat14_openstacks-p30_3.085-SAT.cnf.primal.hgr,no,no,0,32,0.03,0.0299141,410.254,cut,162130,161818,no
rKaHyPar,sat14_openstacks-p30_3.085-SAT.cnf.primal.hgr,no,no,1,32,0.03,0.0299141,727.785,cut,158660,158655,no
rKaHyPar,sat14_openstacks-p30_3.085-SAT.cnf.primal.hgr,no,no,2,32,0.03,0.0299141,387.375,cut,157684,157683,no
rKaHyPar,sat14_openstacks-p30_3.085-SAT.cnf.primal.hgr,no,no,3,32,0.03,0.0299141,395.261,cut,167896,167176,no
rKaHyPar,sat14_openstacks-p30_3.085-SAT.cnf.primal.hgr,no,no,4,32,0.03,0.0299141,562.382,cut,158808,158635,no
rKaHyPar,sat14_openstacks-p30_3.085-SAT.cnf.primal.hgr,no,no,5,32,0.03,0.0299141,694.285,cut,162816,162508,no
rKaHyPar,sat14_openstacks-p30_3.085-SAT.cnf.primal.hgr,no,no,6,32,0.03,0.0299141,828.153,cut,164534,164376,no
rKaHyPar,sat14_openstacks-p30_3.085-SAT.cnf.primal.hgr,no,no,7,32,0.03,0.0299141,365.099,cut,161733,161531,no
rKaHyPar,sat14_openstacks-p30_3.085-SAT.cnf.primal.hgr,no,no,8,32,0.03,0.0299141,563.729,cut,161400,161211,no
rKaHyPar,sat14_openstacks-p30_3.085-SAT.cnf.primal.hgr,no,no,9,32,0.03,0.0299141,804.956,cut,162129,161606,no
rKaHyPar,sat14_openstacks-p30_3.085-SAT.cnf.primal.hgr,no,no,0,4,0.03,0.029076,95.34,cut,13346,13346,no
rKaHyPar,sat14_openstacks-p30_3.085-SAT.cnf.primal.hgr,no,no,1,4,0.03,0.0299769,101.874,cut,13453,13453,no
rKaHyPar,sat14_openstacks-p30_3.085-SAT.cnf.primal.hgr,no,no,2,4,0.03,0.0299893,83.5348,cut,13519,13519,no
rKaHyPar,sat14_openstacks-p30_3.085-SAT.cnf.primal.hgr,no,no,3,4,0.03,0.0299893,252.51,cut,17753,17753,no
rKaHyPar,sat14_openstacks-p30_3.085-SAT.cnf.primal.hgr,no,no,4,4,0.03,0.0299893,113.291,cut,13519,13519,no
rKaHyPar,sat14_openstacks-p30_3.085-SAT.cnf.primal.hgr,no,no,5,4,0.03,0.0299893,333.638,cut,21739,21739,no
rKaHyPar,sat14_openstacks-p30_3.085-SAT.cnf.primal.hgr,no,no,6,4,0.03,0.0299893,106.129,cut,13257,13257,no
rKaHyPar,sat14_openstacks-p30_3.085-SAT.cnf.primal.hgr,no,no,7,4,0.03,0.0299029,76.8214,cut,17722,17722,no
rKaHyPar,sat14_openstacks-p30_3.085-SAT.cnf.primal.hgr,no,no,8,4,0.03,0.0298905,99.6192,cut,17492,17492,no
rKaHyPar,sat14_openstacks-p30_3.085-SAT.cnf.primal.hgr,no,no,9,4,0.03,0.0297795,235.221,cut,21740,21740,no
rKaHyPar,sat14_openstacks-p30_3.085-SAT.cnf.primal.hgr,no,no,0,64,0.03,0.0298124,488.381,cut,337223,334382,no
rKaHyPar,sat14_openstacks-p30_3.085-SAT.cnf.primal.hgr,no,no,1,64,0.03,0.0298124,377.363,cut,337756,335230,no
rKaHyPar,sat14_openstacks-p30_3.085-SAT.cnf.primal.hgr,no,no,2,64,0.03,0.0298124,632.008,cut,335733,333379,no
rKaHyPar,sat14_openstacks-p30_3.085-SAT.cnf.primal.hgr,no,no,3,64,0.03,0.0298124,549.769,cut,337839,334805,no
rKaHyPar,sat14_openstacks-p30_3.085-SAT.cnf.primal.hgr,no,no,4,64,0.03,0.0298124,431.17,cut,339468,336876,no
rKaHyPar,sat14_openstacks-p30_3.085-SAT.cnf.primal.hgr,no,no,5,64,0.03,0.0298124,409.904,cut,339588,337174,no
rKaHyPar,sat14_openstacks-p30_3.085-SAT.cnf.primal.hgr,no,no,6,64,0.03,0.0298124,410.965,cut,340438,337542,no
rKaHyPar,sat14_openstacks-p30_3.085-SAT.cnf.primal.hgr,no,no,7,64,0.03,0.0298124,659.549,cut,331298,329258,no
rKaHyPar,sat14_openstacks-p30_3.085-SAT.cnf.primal.hgr,no,no,9,64,0.03,0.0298124,580.456,cut,342536,339638,no
rKaHyPar,sat14_openstacks-p30_3.085-SAT.cnf.primal.hgr,no,no,0,8,0.03,0.0299889,138.206,cut,36966,36966,no
rKaHyPar,sat14_openstacks-p30_3.085-SAT.cnf.primal.hgr,no,no,1,8,0.03,0.0299889,154.172,cut,40604,40604,no
rKaHyPar,sat14_openstacks-p30_3.085-SAT.cnf.primal.hgr,no,no,2,8,0.03,0.0299889,111.178,cut,36845,36845,no
rKaHyPar,sat14_openstacks-p30_3.085-SAT.cnf.primal.hgr,no,no,3,8,0.03,0.0299889,161.436,cut,36696,36696,no
rKaHyPar,sat14_openstacks-p30_3.085-SAT.cnf.primal.hgr,no,no,4,8,0.03,0.0299889,128.793,cut,37393,37393,no
rKaHyPar,sat14_openstacks-p30_3.085-SAT.cnf.primal.hgr,no,no,5,8,0.03,0.0299889,371.03,cut,37310,37310,no
rKaHyPar,sat14_openstacks-p30_3.085-SAT.cnf.primal.hgr,no,no,6,8,0.03,0.0299889,302.407,cut,41560,41538,no
rKaHyPar,sat14_openstacks-p30_3.085-SAT.cnf.primal.hgr,no,no,7,8,0.03,0.0299889,150.291,cut,36663,36574,no
rKaHyPar,sat14_openstacks-p30_3.085-SAT.cnf.primal.hgr,no,no,8,8,0.03,0.0299889,233.107,cut,41308,41308,no
rKaHyPar,sat14_openstacks-p30_3.085-SAT.cnf.primal.hgr,no,no,9,8,0.03,0.0299889,142.688,cut,37315,37237,no
rKaHyPar,sat14_openstacks-sequencedstrips-nonadl-nonnegated-os-sequencedstrips-p30_3.025-NOTKNOWN.cnf.dual.hgr,no,no,0,128,0.03,0.0296453,154.099,cut,97389,36593,no
rKaHyPar,sat14_openstacks-sequencedstrips-nonadl-nonnegated-os-sequencedstrips-p30_3.025-NOTKNOWN.cnf.dual.hgr,no,no,1,128,0.03,0.02991,147.443,cut,99321,35843,no
rKaHyPar,sat14_openstacks-sequencedstrips-nonadl-nonnegated-os-sequencedstrips-p30_3.025-NOTKNOWN.cnf.dual.hgr,no,no,2,128,0.03,0.02991,105.287,cut,98540,35893,no
rKaHyPar,sat14_openstacks-sequencedstrips-nonadl-nonnegated-os-sequencedstrips-p30_3.025-NOTKNOWN.cnf.dual.hgr,no,no,3,128,0.03,0.02991,106.65,cut,101937,35924,no
rKaHyPar,sat14_openstacks-sequencedstrips-nonadl-nonnegated-os-sequencedstrips-p30_3.025-NOTKNOWN.cnf.dual.hgr,no,no,4,128,0.03,0.02991,102.588,cut,99484,36509,no
rKaHyPar,sat14_openstacks-sequencedstrips-nonadl-nonnegated-os-sequencedstrips-p30_3.025-NOTKNOWN.cnf.dual.hgr,no,no,5,128,0.03,0.0296453,105.211,cut,100939,36421,no
rKaHyPar,sat14_openstacks-sequencedstrips-nonadl-nonnegated-os-sequencedstrips-p30_3.025-NOTKNOWN.cnf.dual.hgr,no,no,6,128,0.03,0.0293806,103.519,cut,100615,36562,no
rKaHyPar,sat14_openstacks-sequencedstrips-nonadl-nonnegated-os-sequencedstrips-p30_3.025-NOTKNOWN.cnf.dual.hgr,no,no,7,128,0.03,0.02991,105.505,cut,99369,36481,no
rKaHyPar,sat14_openstacks-sequencedstrips-nonadl-nonnegated-os-sequencedstrips-p30_3.025-NOTKNOWN.cnf.dual.hgr,no,no,8,128,0.03,0.0296453,142.484,cut,101152,36593,no
rKaHyPar,sat14_openstacks-sequencedstrips-nonadl-nonnegated-os-sequencedstrips-p30_3.025-NOTKNOWN.cnf.dual.hgr,no,no,9,128,0.03,0.0296453,104.027,cut,101156,35647,no
rKaHyPar,sat14_openstacks-sequencedstrips-nonadl-nonnegated-os-sequencedstrips-p30_3.025-NOTKNOWN.cnf.dual.hgr,no,no,0,16,0.03,0.0299441,148.38,cut,13497,9206,no
rKaHyPar,sat14_openstacks-sequencedstrips-nonadl-nonnegated-os-sequencedstrips-p30_3.025-NOTKNOWN.cnf.dual.hgr,no,no,1,16,0.03,0.0299772,137.897,cut,13821,9046,no
rKaHyPar,sat14_openstacks-sequencedstrips-nonadl-nonnegated-os-sequencedstrips-p30_3.025-NOTKNOWN.cnf.dual.hgr,no,no,2,16,0.03,0.0299441,101.024,cut,13109,8822,no
rKaHyPar,sat14_openstacks-sequencedstrips-nonadl-nonnegated-os-sequencedstrips-p30_3.025-NOTKNOWN.cnf.dual.hgr,no,no,3,16,0.03,0.0299772,98.7469,cut,13375,8819,no
rKaHyPar,sat14_openstacks-sequencedstrips-nonadl-nonnegated-os-sequencedstrips-p30_3.025-NOTKNOWN.cnf.dual.hgr,no,no,4,16,0.03,0.0299772,96.3258,cut,14168,9136,no
rKaHyPar,sat14_openstacks-sequencedstrips-nonadl-nonnegated-os-sequencedstrips-p30_3.025-NOTKNOWN.cnf.dual.hgr,no,no,5,16,0.03,0.0299772,91.6817,cut,15279,9459,no
rKaHyPar,sat14_openstacks-sequencedstrips-nonadl-nonnegated-os-sequencedstrips-p30_3.025-NOTKNOWN.cnf.dual.hgr,no,no,6,16,0.03,0.0299772,100.392,cut,13853,9078,no
rKaHyPar,sat14_openstacks-sequencedstrips-nonadl-nonnegated-os-sequencedstrips-p30_3.025-NOTKNOWN.cnf.dual.hgr,no,no,7,16,0.03,0.0298779,96.7018,cut,13586,8808,no
rKaHyPar,sat14_openstacks-sequencedstrips-nonadl-nonnegated-os-sequencedstrips-p30_3.025-NOTKNOWN.cnf.dual.hgr,no,no,8,16,0.03,0.0299441,105.515,cut,12999,8725,no
rKaHyPar,sat14_openstacks-sequencedstrips-nonadl-nonnegated-os-sequencedstrips-p30_3.025-NOTKNOWN.cnf.dual.hgr,no,no,9,16,0.03,0.0299772,145.621,cut,13118,8778,no
rKaHyPar,sat14_openstacks-sequencedstrips-nonadl-nonnegated-os-sequencedstrips-p30_3.025-NOTKNOWN.cnf.dual.hgr,no,no,0,2,0.03,0.0299734,26.3085,cut,311,311,no
rKaHyPar,sat14_openstacks-sequencedstrips-nonadl-nonnegated-os-sequencedstrips-p30_3.025-NOTKNOWN.cnf.dual.hgr,no,no,1,2,0.03,0.0288153,40.041,cut,305,305,no
rKaHyPar,sat14_openstacks-sequencedstrips-nonadl-nonnegated-os-sequencedstrips-p30_3.025-NOTKNOWN.cnf.dual.hgr,no,no,2,2,0.03,0.0299899,26.872,cut,296,296,no
rKaHyPar,sat14_openstacks-sequencedstrips-nonadl-nonnegated-os-sequencedstrips-p30_3.025-NOTKNOWN.cnf.dual.hgr,no,no,3,2,0.03,0.0297914,39.6613,cut,294,294,no
rKaHyPar,sat14_openstacks-sequencedstrips-nonadl-nonnegated-os-sequencedstrips-p30_3.025-NOTKNOWN.cnf.dual.hgr,no,no,4,2,0.03,0.0299734,25.3667,cut,292,292,no
rKaHyPar,sat14_openstacks-sequencedstrips-nonadl-nonnegated-os-sequencedstrips-p30_3.025-NOTKNOWN.cnf.dual.hgr,no,no,5,2,0.03,0.0299817,26.6344,cut,297,297,no
rKaHyPar,sat14_openstacks-sequencedstrips-nonadl-nonnegated-os-sequencedstrips-p30_3.025-NOTKNOWN.cnf.dual.hgr,no,no,6,2,0.03,0.0299693,26.2352,cut,287,287,no
rKaHyPar,sat14_openstacks-sequencedstrips-nonadl-nonnegated-os-sequencedstrips-p30_3.025-NOTKNOWN.cnf.dual.hgr,no,no,7,2,0.03,0.029932,27.2779,cut,297,297,no
rKaHyPar,sat14_openstacks-sequencedstrips-nonadl-nonnegated-os-sequencedstrips-p30_3.025-NOTKNOWN.cnf.dual.hgr,no,no,8,2,0.03,0.029961,34.5336,cut,317,317,no
rKaHyPar,sat14_openstacks-sequencedstrips-nonadl-nonnegated-os-sequencedstrips-p30_3.025-NOTKNOWN.cnf.dual.hgr,no,no,9,2,0.03,0.0299196,26.8355,cut,291,291,no
rKaHyPar,sat14_openstacks-sequencedstrips-nonadl-nonnegated-os-sequencedstrips-p30_3.025-NOTKNOWN.cnf.dual.hgr,no,no,0,32,0.03,0.02991,98.877,cut,21802,13848,no
rKaHyPar,sat14_openstacks-sequencedstrips-nonadl-nonnegated-os-sequencedstrips-p30_3.025-NOTKNOWN.cnf.dual.hgr,no,no,1,32,0.03,0.0299762,146.463,cut,25050,14799,no
rKaHyPar,sat14_openstacks-sequencedstrips-nonadl-nonnegated-os-sequencedstrips-p30_3.025-NOTKNOWN.cnf.dual.hgr,no,no,2,32,0.03,0.0299762,98.9852,cut,23692,14478,no
rKaHyPar,sat14_openstacks-sequencedstrips-nonadl-nonnegated-os-sequencedstrips-p30_3.025-NOTKNOWN.cnf.dual.hgr,no,no,3,32,0.03,0.0299762,148.55,cut,24350,14548,no
rKaHyPar,sat14_openstacks-sequencedstrips-nonadl-nonnegated-os-sequencedstrips-p30_3.025-NOTKNOWN.cnf.dual.hgr,no,no,4,32,0.03,0.0299762,143.32,cut,23894,14174,no
rKaHyPar,sat14_openstacks-sequencedstrips-nonadl-nonnegated-os-sequencedstrips-p30_3.025-NOTKNOWN.cnf.dual.hgr,no,no,5,32,0.03,0.02991,151.155,cut,22633,14094,no
rKaHyPar,sat14_openstacks-sequencedstrips-nonadl-nonnegated-os-sequencedstrips-p30_3.025-NOTKNOWN.cnf.dual.hgr,no,no,6,32,0.03,0.0299762,142.484,cut,23612,14740,no
rKaHyPar,sat14_openstacks-sequencedstrips-nonadl-nonnegated-os-sequencedstrips-p30_3.025-NOTKNOWN.cnf.dual.hgr,no,no,7,32,0.03,0.0299762,103.241,cut,22978,14193,no
rKaHyPar,sat14_openstacks-sequencedstrips-nonadl-nonnegated-os-sequencedstrips-p30_3.025-NOTKNOWN.cnf.dual.hgr,no,no,8,32,0.03,0.02991,144.1,cut,21736,13515,no
rKaHyPar,sat14_openstacks-sequencedstrips-nonadl-nonnegated-os-sequencedstrips-p30_3.025-NOTKNOWN.cnf.dual.hgr,no,no,9,32,0.03,0.02991,144.63,cut,23527,14460,no
rKaHyPar,sat14_openstacks-sequencedstrips-nonadl-nonnegated-os-sequencedstrips-p30_3.025-NOTKNOWN.cnf.dual.hgr,no,no,0,4,0.03,0.0299774,57.0498,cut,2247,1652,no
rKaHyPar,sat14_openstacks-sequencedstrips-nonadl-nonnegated-os-sequencedstrips-p30_3.025-NOTKNOWN.cnf.dual.hgr,no,no,1,4,0.03,0.0299526,81.4882,cut,2099,1599,no
rKaHyPar,sat14_openstacks-sequencedstrips-nonadl-nonnegated-os-sequencedstrips-p30_3.025-NOTKNOWN.cnf.dual.hgr,no,no,2,4,0.03,0.0299195,52.8307,cut,1705,1510,no
rKaHyPar,sat14_openstacks-sequencedstrips-nonadl-nonnegated-os-sequencedstrips-p30_3.025-NOTKNOWN.cnf.dual.hgr,no,no,3,4,0.03,0.0298782,57.1749,cut,2425,1766,no
rKaHyPar,sat14_openstacks-sequencedstrips-nonadl-nonnegated-os-sequencedstrips-p30_3.025-NOTKNOWN.cnf.dual.hgr,no,no,4,4,0.03,0.0299112,80.385,cut,2129,1604,no
rKaHyPar,sat14_openstacks-sequencedstrips-nonadl-nonnegated-os-sequencedstrips-p30_3.025-NOTKNOWN.cnf.dual.hgr,no,no,5,4,0.03,0.0299443,82.4322,cut,2227,1591,no
rKaHyPar,sat14_openstacks-sequencedstrips-nonadl-nonnegated-os-sequencedstrips-p30_3.025-NOTKNOWN.cnf.dual.hgr,no,no,6,4,0.03,0.0299774,81.7623,cut,1803,1568,no
rKaHyPar,sat14_openstacks-sequencedstrips-nonadl-nonnegated-os-sequencedstrips-p30_3.025-NOTKNOWN.cnf.dual.hgr,no,no,7,4,0.03,0.0299691,58.4329,cut,2013,1722,no
rKaHyPar,sat14_openstacks-sequencedstrips-nonadl-nonnegated-os-sequencedstrips-p30_3.025-NOTKNOWN.cnf.dual.hgr,no,no,8,4,0.03,0.0298699,80.2353,cut,1816,1566,no
rKaHyPar,sat14_openstacks-sequencedstrips-nonadl-nonnegated-os-sequencedstrips-p30_3.025-NOTKNOWN.cnf.dual.hgr,no,no,9,4,0.03,0.0299609,77.1529,cut,2010,1488,no
rKaHyPar,sat14_openstacks-sequencedstrips-nonadl-nonnegated-os-sequencedstrips-p30_3.025-NOTKNOWN.cnf.dual.hgr,no,no,0,64,0.03,0.0297777,153.768,cut,55850,29102,no
rKaHyPar,sat14_openstacks-sequencedstrips-nonadl-nonnegated-os-sequencedstrips-p30_3.025-NOTKNOWN.cnf.dual.hgr,no,no,1,64,0.03,0.0296453,105.169,cut,53589,28563,no
rKaHyPar,sat14_openstacks-sequencedstrips-nonadl-nonnegated-os-sequencedstrips-p30_3.025-NOTKNOWN.cnf.dual.hgr,no,no,2,64,0.03,0.0296453,144.089,cut,53990,29038,no
rKaHyPar,sat14_openstacks-sequencedstrips-nonadl-nonnegated-os-sequencedstrips-p30_3.025-NOTKNOWN.cnf.dual.hgr,no,no,3,64,0.03,0.02991,151.765,cut,55811,29357,no
rKaHyPar,sat14_openstacks-sequencedstrips-nonadl-nonnegated-os-sequencedstrips-p30_3.025-NOTKNOWN.cnf.dual.hgr,no,no,4,64,0.03,0.02991,102.119,cut,52689,29146,no
rKaHyPar,sat14_openstacks-sequencedstrips-nonadl-nonnegated-os-sequencedstrips-p30_3.025-NOTKNOWN.cnf.dual.hgr,no,no,5,64,0.03,0.0292483,107.66,cut,53921,28810,no
rKaHyPar,sat14_openstacks-sequencedstrips-nonadl-nonnegated-os-sequencedstrips-p30_3.025-NOTKNOWN.cnf.dual.hgr,no,no,6,64,0.03,0.0296453,105.274,cut,54906,28623,no
rKaHyPar,sat14_openstacks-sequencedstrips-nonadl-nonnegated-os-sequencedstrips-p30_3.025-NOTKNOWN.cnf.dual.hgr,no,no,7,64,0.03,0.0297777,150.981,cut,52718,28775,no
rKaHyPar,sat14_openstacks-sequencedstrips-nonadl-nonnegated-os-sequencedstrips-p30_3.025-NOTKNOWN.cnf.dual.hgr,no,no,9,64,0.03,0.02991,151.891,cut,55757,29160,no
rKaHyPar,sat14_openstacks-sequencedstrips-nonadl-nonnegated-os-sequencedstrips-p30_3.025-NOTKNOWN.cnf.dual.hgr,no,no,0,8,0.03,0.0299606,104.082,cut,5093,3161,no
rKaHyPar,sat14_openstacks-sequencedstrips-nonadl-nonnegated-os-sequencedstrips-p30_3.025-NOTKNOWN.cnf.dual.hgr,no,no,1,8,0.03,0.029911,104.019,cut,5699,3148,no
rKaHyPar,sat14_openstacks-sequencedstrips-nonadl-nonnegated-os-sequencedstrips-p30_3.025-NOTKNOWN.cnf.dual.hgr,no,no,2,8,0.03,0.0299937,71.0281,cut,4591,2806,no
rKaHyPar,sat14_openstacks-sequencedstrips-nonadl-nonnegated-os-sequencedstrips-p30_3.025-NOTKNOWN.cnf.dual.hgr,no,no,3,8,0.03,0.0299275,104.537,cut,5954,3157,no
rKaHyPar,sat14_openstacks-sequencedstrips-nonadl-nonnegated-os-sequencedstrips-p30_3.025-NOTKNOWN.cnf.dual.hgr,no,no,4,8,0.03,0.0299937,71.0727,cut,5579,2730,no
rKaHyPar,sat14_openstacks-sequencedstrips-nonadl-nonnegated-os-sequencedstrips-p30_3.025-NOTKNOWN.cnf.dual.hgr,no,no,5,8,0.03,0.0297786,101.932,cut,4239,2872,no
rKaHyPar,sat14_openstacks-sequencedstrips-nonadl-nonnegated-os-sequencedstrips-p30_3.025-NOTKNOWN.cnf.dual.hgr,no,no,6,8,0.03,0.029911,103.061,cut,5875,3289,no
rKaHyPar,sat14_openstacks-sequencedstrips-nonadl-nonnegated-os-sequencedstrips-p30_3.025-NOTKNOWN.cnf.dual.hgr,no,no,7,8,0.03,0.0299441,68.5925,cut,4748,3023,no
rKaHyPar,sat14_openstacks-sequencedstrips-nonadl-nonnegated-os-sequencedstrips-p30_3.025-NOTKNOWN.cnf.dual.hgr,no,no,8,8,0.03,0.0299606,67.9586,cut,4818,3314,no
rKaHyPar,sat14_openstacks-sequencedstrips-nonadl-nonnegated-os-sequencedstrips-p30_3.025-NOTKNOWN.cnf.dual.hgr,no,no,9,8,0.03,0.029911,70.6793,cut,6360,3299,no
rKaHyPar,sat14_openstacks-sequencedstrips-nonadl-nonnegated-os-sequencedstrips-p30_3.025-NOTKNOWN.cnf.hgr,no,no,0,128,0.03,0.0297297,71.5406,cut,162348,143232,no
rKaHyPar,sat14_openstacks-sequencedstrips-nonadl-nonnegated-os-sequencedstrips-p30_3.025-NOTKNOWN.cnf.hgr,no,no,1,128,0.03,0.0297297,83.8722,cut,162724,144569,no
rKaHyPar,sat14_openstacks-sequencedstrips-nonadl-nonnegated-os-sequencedstrips-p30_3.025-NOTKNOWN.cnf.hgr,no,no,2,128,0.03,0.0297297,56.6118,cut,158880,142950,no
rKaHyPar,sat14_openstacks-sequencedstrips-nonadl-nonnegated-os-sequencedstrips-p30_3.025-NOTKNOWN.cnf.hgr,no,no,3,128,0.03,0.0297297,56.839,cut,159795,143395,no
rKaHyPar,sat14_openstacks-sequencedstrips-nonadl-nonnegated-os-sequencedstrips-p30_3.025-NOTKNOWN.cnf.hgr,no,no,4,128,0.03,0.0297297,56.696,cut,158427,141314,no
rKaHyPar,sat14_openstacks-sequencedstrips-nonadl-nonnegated-os-sequencedstrips-p30_3.025-NOTKNOWN.cnf.hgr,no,no,5,128,0.03,0.0297297,55.7425,cut,160240,143541,no
rKaHyPar,sat14_openstacks-sequencedstrips-nonadl-nonnegated-os-sequencedstrips-p30_3.025-NOTKNOWN.cnf.hgr,no,no,6,128,0.03,0.0297297,56.6805,cut,158335,142610,no
rKaHyPar,sat14_openstacks-sequencedstrips-nonadl-nonnegated-os-sequencedstrips-p30_3.025-NOTKNOWN.cnf.hgr,no,no,7,128,0.03,0.0297297,55.9138,cut,160849,143645,no
rKaHyPar,sat14_openstacks-sequencedstrips-nonadl-nonnegated-os-sequencedstrips-p30_3.025-NOTKNOWN.cnf.hgr,no,no,8,128,0.03,0.0297297,77.4269,cut,158143,142594,no
rKaHyPar,sat14_openstacks-sequencedstrips-nonadl-nonnegated-os-sequencedstrips-p30_3.025-NOTKNOWN.cnf.hgr,no,no,9,128,0.03,0.0297297,55.9053,cut,159651,143439,no
rKaHyPar,sat14_openstacks-sequencedstrips-nonadl-nonnegated-os-sequencedstrips-p30_3.025-NOTKNOWN.cnf.hgr,no,no,0,16,0.03,0.0299856,80.652,cut,49189,46913,no
rKaHyPar,sat14_openstacks-sequencedstrips-nonadl-nonnegated-os-sequencedstrips-p30_3.025-NOTKNOWN.cnf.hgr,no,no,1,16,0.03,0.0299856,85.4838,cut,51756,47956,no
rKaHyPar,sat14_openstacks-sequencedstrips-nonadl-nonnegated-os-sequencedstrips-p30_3.025-NOTKNOWN.cnf.hgr,no,no,2,16,0.03,0.0299856,73.7969,cut,49809,47576,no
rKaHyPar,sat14_openstacks-sequencedstrips-nonadl-nonnegated-os-sequencedstrips-p30_3.025-NOTKNOWN.cnf.hgr,no,no,3,16,0.03,0.0297322,59.7102,cut,51248,48878,no
rKaHyPar,sat14_openstacks-sequencedstrips-nonadl-nonnegated-os-sequencedstrips-p30_3.025-NOTKNOWN.cnf.hgr,no,no,4,16,0.03,0.0299856,77.5496,cut,52887,48891,no
rKaHyPar,sat14_openstacks-sequencedstrips-nonadl-nonnegated-os-sequencedstrips-p30_3.025-NOTKNOWN.cnf.hgr,no,no,5,16,0.03,0.0299856,94.5921,cut,51541,48828,no
rKaHyPar,sat14_openstacks-sequencedstrips-nonadl-nonnegated-os-sequencedstrips-p30_3.025-NOTKNOWN.cnf.hgr,no,no,6,16,0.03,0.0299856,57.8483,cut,49634,47971,no
rKaHyPar,sat14_openstacks-sequencedstrips-nonadl-nonnegated-os-sequencedstrips-p30_3.025-NOTKNOWN.cnf.hgr,no,no,7,16,0.03,0.0298167,51.7425,cut,50492,47083,no
rKaHyPar,sat14_openstacks-sequencedstrips-nonadl-nonnegated-os-sequencedstrips-p30_3.025-NOTKNOWN.cnf.hgr,no,no,8,16,0.03,0.0299856,97.6633,cut,50206,47409,no
rKaHyPar,sat14_openstacks-sequencedstrips-nonadl-nonnegated-os-sequencedstrips-p30_3.025-NOTKNOWN.cnf.hgr,no,no,9,16,0.03,0.0299856,73.9734,cut,50856,49004,no
rKaHyPar,sat14_openstacks-sequencedstrips-nonadl-nonnegated-os-sequencedstrips-p30_3.025-NOTKNOWN.cnf.hgr,no,no,0,2,0.03,0.0136422,14.7609,cut,3209,3209,no
rKaHyPar,sat14_openstacks-sequencedstrips-nonadl-nonnegated-os-sequencedstrips-p30_3.025-NOTKNOWN.cnf.hgr,no,no,1,2,0.03,0.0136422,27.2244,cut,3209,3209,no
rKaHyPar,sat14_openstacks-sequencedstrips-nonadl-nonnegated-os-sequencedstrips-p30_3.025-NOTKNOWN.cnf.hgr,no,no,2,2,0.03,0.0136422,18.217,cut,3209,3209,no
rKaHyPar,sat14_openstacks-sequencedstrips-nonadl-nonnegated-os-sequencedstrips-p30_3.025-NOTKNOWN.cnf.hgr,no,no,3,2,0.03,0.0136422,25.354,cut,3209,3209,no
rKaHyPar,sat14_openstacks-sequencedstrips-nonadl-nonnegated-os-sequencedstrips-p30_3.025-NOTKNOWN.cnf.hgr,no,no,4,2,0.03,0.0136422,17.6208,cut,3209,3209,no
rKaHyPar,sat14_openstacks-sequencedstrips-nonadl-nonnegated-os-sequencedstrips-p30_3.025-NOTKNOWN.cnf.hgr,no,no,5,2,0.03,0.0136422,20.8141,cut,3209,3209,no
rKaHyPar,sat14_openstacks-sequencedstrips-nonadl-nonnegated-os-sequencedstrips-p30_3.025-NOTKNOWN.cnf.hgr,no,no,6,2,0.03,0.0136422,17.824,cut,3209,3209,no
rKaHyPar,sat14_openstacks-sequencedstrips-nonadl-nonnegated-os-sequencedstrips-p30_3.025-NOTKNOWN.cnf.hgr,no,no,7,2,0.03,0.0136422,18.5241,cut,3209,3209,no
rKaHyPar,sat14_openstacks-sequencedstrips-nonadl-nonnegated-os-sequencedstrips-p30_3.025-NOTKNOWN.cnf.hgr,no,no,8,2,0.03,0.0136422,20.9503,cut,3209,3209,no
rKaHyPar,sat14_openstacks-sequencedstrips-nonadl-nonnegated-os-sequencedstrips-p30_3.025-NOTKNOWN.cnf.hgr,no,no,9,2,0.03,0.0136422,18.3968,cut,3209,3209,no
rKaHyPar,sat14_openstacks-sequencedstrips-nonadl-nonnegated-os-sequencedstrips-p30_3.025-NOTKNOWN.cnf.hgr,no,no,0,32,0.03,0.0298986,44.0021,cut,82954,77277,no
rKaHyPar,sat14_openstacks-sequencedstrips-nonadl-nonnegated-os-sequencedstrips-p30_3.025-NOTKNOWN.cnf.hgr,no,no,1,32,0.03,0.0298986,55.5693,cut,90167,81204,no
rKaHyPar,sat14_openstacks-sequencedstrips-nonadl-nonnegated-os-sequencedstrips-p30_3.025-NOTKNOWN.cnf.hgr,no,no,2,32,0.03,0.0298986,51.7061,cut,85005,79370,no
rKaHyPar,sat14_openstacks-sequencedstrips-nonadl-nonnegated-os-sequencedstrips-p30_3.025-NOTKNOWN.cnf.hgr,no,no,3,32,0.03,0.0298986,46.8072,cut,84812,78775,no
rKaHyPar,sat14_openstacks-sequencedstrips-nonadl-nonnegated-os-sequencedstrips-p30_3.025-NOTKNOWN.cnf.hgr,no,no,4,32,0.03,0.0298986,50.4732,cut,84980,78966,no
rKaHyPar,sat14_openstacks-sequencedstrips-nonadl-nonnegated-os-sequencedstrips-p30_3.025-NOTKNOWN.cnf.hgr,no,no,5,32,0.03,0.0298986,67.3666,cut,85984,79761,no
rKaHyPar,sat14_openstacks-sequencedstrips-nonadl-nonnegated-os-sequencedstrips-p30_3.025-NOTKNOWN.cnf.hgr,no,no,6,32,0.03,0.0298986,70.9326,cut,85344,79925,no
rKaHyPar,sat14_openstacks-sequencedstrips-nonadl-nonnegated-os-sequencedstrips-p30_3.025-NOTKNOWN.cnf.hgr,no,no,7,32,0.03,0.0298986,46.9738,cut,85125,78206,no
rKaHyPar,sat14_openstacks-sequencedstrips-nonadl-nonnegated-os-sequencedstrips-p30_3.025-NOTKNOWN.cnf.hgr,no,no,8,32,0.03,0.0295608,64.751,cut,84888,78167,no
rKaHyPar,sat14_openstacks-sequencedstrips-nonadl-nonnegated-os-sequencedstrips-p30_3.025-NOTKNOWN.cnf.hgr,no,no,9,32,0.03,0.0298986,72.9687,cut,84910,79750,no
rKaHyPar,sat14_openstacks-sequencedstrips-nonadl-nonnegated-os-sequencedstrips-p30_3.025-NOTKNOWN.cnf.hgr,no,no,0,4,0.03,0.0149938,22.1151,cut,9761,9641,no
rKaHyPar,sat14_openstacks-sequencedstrips-nonadl-nonnegated-os-sequencedstrips-p30_3.025-NOTKNOWN.cnf.hgr,no,no,1,4,0.03,0.0287205,28.162,cut,10329,10303,no
rKaHyPar,sat14_openstacks-sequencedstrips-nonadl-nonnegated-os-sequencedstrips-p30_3.025-NOTKNOWN.cnf.hgr,no,no,2,4,0.03,0.0280236,25.6749,cut,9934,9828,no
rKaHyPar,sat14_openstacks-sequencedstrips-nonadl-nonnegated-os-sequencedstrips-p30_3.025-NOTKNOWN.cnf.hgr,no,no,3,4,0.03,0.0149938,26.1638,cut,9641,9641,no
rKaHyPar,sat14_openstacks-sequencedstrips-nonadl-nonnegated-os-sequencedstrips-p30_3.025-NOTKNOWN.cnf.hgr,no,no,4,4,0.03,0.0155428,27.2209,cut,10227,10090,no
rKaHyPar,sat14_openstacks-sequencedstrips-nonadl-nonnegated-os-sequencedstrips-p30_3.025-NOTKNOWN.cnf.hgr,no,no,5,4,0.03,0.020231,32.4754,cut,10306,10306,no
rKaHyPar,sat14_openstacks-sequencedstrips-nonadl-nonnegated-os-sequencedstrips-p30_3.025-NOTKNOWN.cnf.hgr,no,no,6,4,0.03,0.0299453,37.863,cut,10213,10093,no
rKaHyPar,sat14_openstacks-sequencedstrips-nonadl-nonnegated-os-sequencedstrips-p30_3.025-NOTKNOWN.cnf.hgr,no,no,7,4,0.03,0.0291428,32.6683,cut,10646,10233,no
rKaHyPar,sat14_openstacks-sequencedstrips-nonadl-nonnegated-os-sequencedstrips-p30_3.025-NOTKNOWN.cnf.hgr,no,no,8,4,0.03,0.0149938,34.1409,cut,9761,9641,no
rKaHyPar,sat14_openstacks-sequencedstrips-nonadl-nonnegated-os-sequencedstrips-p30_3.025-NOTKNOWN.cnf.hgr,no,no,9,4,0.03,0.0149938,37.5701,cut,9761,9641,no
rKaHyPar,sat14_openstacks-sequencedstrips-nonadl-nonnegated-os-sequencedstrips-p30_3.025-NOTKNOWN.cnf.hgr,no,no,0,64,0.03,0.0297297,51.2259,cut,128017,118345,no
rKaHyPar,sat14_openstacks-sequencedstrips-nonadl-nonnegated-os-sequencedstrips-p30_3.025-NOTKNOWN.cnf.hgr,no,no,1,64,0.03,0.0297297,57.9147,cut,131408,119871,no
rKaHyPar,sat14_openstacks-sequencedstrips-nonadl-nonnegated-os-sequencedstrips-p30_3.025-NOTKNOWN.cnf.hgr,no,no,2,64,0.03,0.0297297,77.0996,cut,130357,120489,no
rKaHyPar,sat14_openstacks-sequencedstrips-nonadl-nonnegated-os-sequencedstrips-p30_3.025-NOTKNOWN.cnf.hgr,no,no,3,64,0.03,0.0297297,52.7256,cut,129964,119568,no
rKaHyPar,sat14_openstacks-sequencedstrips-nonadl-nonnegated-os-sequencedstrips-p30_3.025-NOTKNOWN.cnf.hgr,no,no,4,64,0.03,0.0297297,55.4403,cut,132127,119196,no
rKaHyPar,sat14_openstacks-sequencedstrips-nonadl-nonnegated-os-sequencedstrips-p30_3.025-NOTKNOWN.cnf.hgr,no,no,5,64,0.03,0.0297297,53.356,cut,129501,120724,no
rKaHyPar,sat14_openstacks-sequencedstrips-nonadl-nonnegated-os-sequencedstrips-p30_3.025-NOTKNOWN.cnf.hgr,no,no,6,64,0.03,0.0297297,74.7712,cut,129661,119447,no
rKaHyPar,sat14_openstacks-sequencedstrips-nonadl-nonnegated-os-sequencedstrips-p30_3.025-NOTKNOWN.cnf.hgr,no,no,7,64,0.03,0.0297297,77.2703,cut,128970,118583,no
rKaHyPar,sat14_openstacks-sequencedstrips-nonadl-nonnegated-os-sequencedstrips-p30_3.025-NOTKNOWN.cnf.hgr,no,no,9,64,0.03,0.0297297,73.5929,cut,128489,118972,no
rKaHyPar,sat14_openstacks-sequencedstrips-nonadl-nonnegated-os-sequencedstrips-p30_3.025-NOTKNOWN.cnf.hgr,no,no,0,8,0.03,0.0290577,41.876,cut,23491,23013,no
rKaHyPar,sat14_openstacks-sequencedstrips-nonadl-nonnegated-os-sequencedstrips-p30_3.025-NOTKNOWN.cnf.hgr,no,no,1,8,0.03,0.0296068,74.6421,cut,24265,23438,no
rKaHyPar,sat14_openstacks-sequencedstrips-nonadl-nonnegated-os-sequencedstrips-p30_3.025-NOTKNOWN.cnf.hgr,no,no,2,8,0.03,0.0288043,33.7222,cut,23315,22833,no
rKaHyPar,sat14_openstacks-sequencedstrips-nonadl-nonnegated-os-sequencedstrips-p30_3.025-NOTKNOWN.cnf.hgr,no,no,3,8,0.03,0.0234405,31.9143,cut,23425,22715,no
rKaHyPar,sat14_openstacks-sequencedstrips-nonadl-nonnegated-os-sequencedstrips-p30_3.025-NOTKNOWN.cnf.hgr,no,no,4,8,0.03,0.0299869,57.031,cut,24371,23315,no
rKaHyPar,sat14_openstacks-sequencedstrips-nonadl-nonnegated-os-sequencedstrips-p30_3.025-NOTKNOWN.cnf.hgr,no,no,5,8,0.03,0.0287199,80.0498,cut,24322,23516,no
rKaHyPar,sat14_openstacks-sequencedstrips-nonadl-nonnegated-os-sequencedstrips-p30_3.025-NOTKNOWN.cnf.hgr,no,no,6,8,0.03,0.0265236,34.9179,cut,23122,22732,no
rKaHyPar,sat14_openstacks-sequencedstrips-nonadl-nonnegated-os-sequencedstrips-p30_3.025-NOTKNOWN.cnf.hgr,no,no,7,8,0.03,0.0254255,32.7977,cut,24033,23154,no
rKaHyPar,sat14_openstacks-sequencedstrips-nonadl-nonnegated-os-sequencedstrips-p30_3.025-NOTKNOWN.cnf.hgr,no,no,8,8,0.03,0.0299869,35.8208,cut,23826,23130,no
rKaHyPar,sat14_openstacks-sequencedstrips-nonadl-nonnegated-os-sequencedstrips-p30_3.025-NOTKNOWN.cnf.hgr,no,no,9,8,0.03,0.0291422,32.578,cut,23167,22971,no
rKaHyPar,sat14_openstacks-sequencedstrips-nonadl-nonnegated-os-sequencedstrips-p30_3.025-NOTKNOWN.cnf.primal.hgr,no,no,0,128,0.03,0.0294906,68.4248,cut,222888,207201,no
rKaHyPar,sat14_openstacks-sequencedstrips-nonadl-nonnegated-os-sequencedstrips-p30_3.025-NOTKNOWN.cnf.primal.hgr,no,no,1,128,0.03,0.0294906,64.0996,cut,223425,208759,no
rKaHyPar,sat14_openstacks-sequencedstrips-nonadl-nonnegated-os-sequencedstrips-p30_3.025-NOTKNOWN.cnf.primal.hgr,no,no,2,128,0.03,0.0294906,45.1441,cut,222029,207114,no
rKaHyPar,sat14_openstacks-sequencedstrips-nonadl-nonnegated-os-sequencedstrips-p30_3.025-NOTKNOWN.cnf.primal.hgr,no,no,3,128,0.03,0.0294906,46.5067,cut,222927,208144,no
rKaHyPar,sat14_openstacks-sequencedstrips-nonadl-nonnegated-os-sequencedstrips-p30_3.025-NOTKNOWN.cnf.primal.hgr,no,no,4,128,0.03,0.0294906,45.8978,cut,223153,208226,no
rKaHyPar,sat14_openstacks-sequencedstrips-nonadl-nonnegated-os-sequencedstrips-p30_3.025-NOTKNOWN.cnf.primal.hgr,no,no,5,128,0.03,0.0294906,40.7676,cut,222229,207174,no
rKaHyPar,sat14_openstacks-sequencedstrips-nonadl-nonnegated-os-sequencedstrips-p30_3.025-NOTKNOWN.cnf.primal.hgr,no,no,6,128,0.03,0.0294906,42.9477,cut,224851,208956,no
rKaHyPar,sat14_openstacks-sequencedstrips-nonadl-nonnegated-os-sequencedstrips-p30_3.025-NOTKNOWN.cnf.primal.hgr,no,no,7,128,0.03,0.0294906,45.9033,cut,222964,208177,no
rKaHyPar,sat14_openstacks-sequencedstrips-nonadl-nonnegated-os-sequencedstrips-p30_3.025-NOTKNOWN.cnf.primal.hgr,no,no,8,128,0.03,0.0294906,63.3205,cut,225742,209752,no
rKaHyPar,sat14_openstacks-sequencedstrips-nonadl-nonnegated-os-sequencedstrips-p30_3.025-NOTKNOWN.cnf.primal.hgr,no,no,9,128,0.03,0.0294906,43.539,cut,224722,208083,no
rKaHyPar,sat14_openstacks-sequencedstrips-nonadl-nonnegated-os-sequencedstrips-p30_3.025-NOTKNOWN.cnf.primal.hgr,no,no,0,16,0.03,0.0298357,155.417,cut,76795,76631,no
rKaHyPar,sat14_openstacks-sequencedstrips-nonadl-nonnegated-os-sequencedstrips-p30_3.025-NOTKNOWN.cnf.primal.hgr,no,no,1,16,0.03,0.0298357,142.888,cut,76950,76736,no
rKaHyPar,sat14_openstacks-sequencedstrips-nonadl-nonnegated-os-sequencedstrips-p30_3.025-NOTKNOWN.cnf.primal.hgr,no,no,2,16,0.03,0.0298357,120.783,cut,79580,79137,no
rKaHyPar,sat14_openstacks-sequencedstrips-nonadl-nonnegated-os-sequencedstrips-p30_3.025-NOTKNOWN.cnf.primal.hgr,no,no,3,16,0.03,0.0298357,141.907,cut,77484,77386,no
rKaHyPar,sat14_openstacks-sequencedstrips-nonadl-nonnegated-os-sequencedstrips-p30_3.025-NOTKNOWN.cnf.primal.hgr,no,no,4,16,0.03,0.0298357,92.3757,cut,77457,77354,no
rKaHyPar,sat14_openstacks-sequencedstrips-nonadl-nonnegated-os-sequencedstrips-p30_3.025-NOTKNOWN.cnf.primal.hgr,no,no,5,16,0.03,0.0298357,177.037,cut,77457,77207,no
rKaHyPar,sat14_openstacks-sequencedstrips-nonadl-nonnegated-os-sequencedstrips-p30_3.025-NOTKNOWN.cnf.primal.hgr,no,no,6,16,0.03,0.0298357,110.265,cut,78148,77920,no
rKaHyPar,sat14_openstacks-sequencedstrips-nonadl-nonnegated-os-sequencedstrips-p30_3.025-NOTKNOWN.cnf.primal.hgr,no,no,7,16,0.03,0.0298357,122.022,cut,78732,78527,no
rKaHyPar,sat14_openstacks-sequencedstrips-nonadl-nonnegated-os-sequencedstrips-p30_3.025-NOTKNOWN.cnf.primal.hgr,no,no,8,16,0.03,0.0298357,119.411,cut,81424,81140,no
rKaHyPar,sat14_openstacks-sequencedstrips-nonadl-nonnegated-os-sequencedstrips-p30_3.025-NOTKNOWN.cnf.primal.hgr,no,no,9,16,0.03,0.0298357,108.317,cut,77982,77605,no
rKaHyPar,sat14_openstacks-sequencedstrips-nonadl-nonnegated-os-sequencedstrips-p30_3.025-NOTKNOWN.cnf.primal.hgr,no,no,0,2,0.03,0.0299824,15.4791,cut,4705,4705,no
rKaHyPar,sat14_openstacks-sequencedstrips-nonadl-nonnegated-os-sequencedstrips-p30_3.025-NOTKNOWN.cnf.primal.hgr,no,no,1,2,0.03,0.0299824,19.2244,cut,4723,4723,no
rKaHyPar,sat14_openstacks-sequencedstrips-nonadl-nonnegated-os-sequencedstrips-p30_3.025-NOTKNOWN.cnf.primal.hgr,no,no,2,2,0.03,0.0299614,15.9697,cut,4723,4723,no
rKaHyPar,sat14_openstacks-sequencedstrips-nonadl-nonnegated-os-sequencedstrips-p30_3.025-NOTKNOWN.cnf.primal.hgr,no,no,3,2,0.03,0.0299824,22.8405,cut,4721,4721,no
rKaHyPar,sat14_openstacks-sequencedstrips-nonadl-nonnegated-os-sequencedstrips-p30_3.025-NOTKNOWN.cnf.primal.hgr,no,no,4,2,0.03,0.0299824,12.9504,cut,4728,4728,no
rKaHyPar,sat14_openstacks-sequencedstrips-nonadl-nonnegated-os-sequencedstrips-p30_3.025-NOTKNOWN.cnf.primal.hgr,no,no,5,2,0.03,0.0299824,22.3242,cut,4880,4880,no
rKaHyPar,sat14_openstacks-sequencedstrips-nonadl-nonnegated-os-sequencedstrips-p30_3.025-NOTKNOWN.cnf.primal.hgr,no,no,6,2,0.03,0.0299614,16.4643,cut,4751,4751,no
rKaHyPar,sat14_openstacks-sequencedstrips-nonadl-nonnegated-os-sequencedstrips-p30_3.025-NOTKNOWN.cnf.primal.hgr,no,no,7,2,0.03,0.0299824,16.0586,cut,4785,4785,no
rKaHyPar,sat14_openstacks-sequencedstrips-nonadl-nonnegated-os-sequencedstrips-p30_3.025-NOTKNOWN.cnf.primal.hgr,no,no,8,2,0.03,0.0298776,19.8456,cut,9235,9235,no
rKaHyPar,sat14_openstacks-sequencedstrips-nonadl-nonnegated-os-sequencedstrips-p30_3.025-NOTKNOWN.cnf.primal.hgr,no,no,9,2,0.03,0.0299614,16.4891,cut,4726,4726,no
rKaHyPar,sat14_openstacks-sequencedstrips-nonadl-nonnegated-os-sequencedstrips-p30_3.025-NOTKNOWN.cnf.primal.hgr,no,no,0,32,0.03,0.0298357,62.0898,cut,140059,137217,no
rKaHyPar,sat14_openstacks-sequencedstrips-nonadl-nonnegated-os-sequencedstrips-p30_3.025-NOTKNOWN.cnf.primal.hgr,no,no,1,32,0.03,0.0298357,60.3104,cut,140003,137267,no
rKaHyPar,sat14_openstacks-sequencedstrips-nonadl-nonnegated-os-sequencedstrips-p30_3.025-NOTKNOWN.cnf.primal.hgr,no,no,2,32,0.03,0.0298357,66.2867,cut,140496,137560,no
rKaHyPar,sat14_openstacks-sequencedstrips-nonadl-nonnegated-os-sequencedstrips-p30_3.025-NOTKNOWN.cnf.primal.hgr,no,no,3,32,0.03,0.0298357,103.394,cut,139421,136949,no
rKaHyPar,sat14_openstacks-sequencedstrips-nonadl-nonnegated-os-sequencedstrips-p30_3.025-NOTKNOWN.cnf.primal.hgr,no,no,4,32,0.03,0.0298357,90.0227,cut,142458,138901,no
rKaHyPar,sat14_openstacks-sequencedstrips-nonadl-nonnegated-os-sequencedstrips-p30_3.025-NOTKNOWN.cnf.primal.hgr,no,no,5,32,0.03,0.0298357,95.2624,cut,139208,136742,no
rKaHyPar,sat14_openstacks-sequencedstrips-nonadl-nonnegated-os-sequencedstrips-p30_3.025-NOTKNOWN.cnf.primal.hgr,no,no,6,32,0.03,0.0298357,102.028,cut,140273,137632,no
rKaHyPar,sat14_openstacks-sequencedstrips-nonadl-nonnegated-os-sequencedstrips-p30_3.025-NOTKNOWN.cnf.primal.hgr,no,no,7,32,0.03,0.0298357,96.8754,cut,140911,138023,no
rKaHyPar,sat14_openstacks-sequencedstrips-nonadl-nonnegated-os-sequencedstrips-p30_3.025-NOTKNOWN.cnf.primal.hgr,no,no,8,32,0.03,0.0298357,95.982,cut,140235,137621,no
rKaHyPar,sat14_openstacks-sequencedstrips-nonadl-nonnegated-os-sequencedstrips-p30_3.025-NOTKNOWN.cnf.primal.hgr,no,no,9,32,0.03,0.0298357,104.012,cut,139339,136821,no
rKaHyPar,sat14_openstacks-sequencedstrips-nonadl-nonnegated-os-sequencedstrips-p30_3.025-NOTKNOWN.cnf.primal.hgr,no,no,0,4,0.03,0.0279501,24.1964,cut,16082,16055,no
rKaHyPar,sat14_openstacks-sequencedstrips-nonadl-nonnegated-os-sequencedstrips-p30_3.025-NOTKNOWN.cnf.primal.hgr,no,no,1,4,0.03,0.0299195,26.7201,cut,15451,15451,no
rKaHyPar,sat14_openstacks-sequencedstrips-nonadl-nonnegated-os-sequencedstrips-p30_3.025-NOTKNOWN.cnf.primal.hgr,no,no,2,4,0.03,0.0299195,40.1054,cut,15434,15434,no
rKaHyPar,sat14_openstacks-sequencedstrips-nonadl-nonnegated-os-sequencedstrips-p30_3.025-NOTKNOWN.cnf.primal.hgr,no,no,3,4,0.03,0.0299614,23.8749,cut,15503,15501,no
rKaHyPar,sat14_openstacks-sequencedstrips-nonadl-nonnegated-os-sequencedstrips-p30_3.025-NOTKNOWN.cnf.primal.hgr,no,no,4,4,0.03,0.0295005,24.8819,cut,15245,15245,no
rKaHyPar,sat14_openstacks-sequencedstrips-nonadl-nonnegated-os-sequencedstrips-p30_3.025-NOTKNOWN.cnf.primal.hgr,no,no,5,4,0.03,0.0299614,47.376,cut,14379,14376,no
rKaHyPar,sat14_openstacks-sequencedstrips-nonadl-nonnegated-os-sequencedstrips-p30_3.025-NOTKNOWN.cnf.primal.hgr,no,no,6,4,0.03,0.0299195,33.5086,cut,15641,15623,no
rKaHyPar,sat14_openstacks-sequencedstrips-nonadl-nonnegated-os-sequencedstrips-p30_3.025-NOTKNOWN.cnf.primal.hgr,no,no,7,4,0.03,0.0299195,37.6285,cut,15455,15455,no
rKaHyPar,sat14_openstacks-sequencedstrips-nonadl-nonnegated-os-sequencedstrips-p30_3.025-NOTKNOWN.cnf.primal.hgr,no,no,8,4,0.03,0.0297938,64.8096,cut,19621,19621,no
rKaHyPar,sat14_openstacks-sequencedstrips-nonadl-nonnegated-os-sequencedstrips-p30_3.025-NOTKNOWN.cnf.primal.hgr,no,no,9,4,0.03,0.0299614,39.5165,cut,15302,15302,no
rKaHyPar,sat14_openstacks-sequencedstrips-nonadl-nonnegated-os-sequencedstrips-p30_3.025-NOTKNOWN.cnf.primal.hgr,no,no,0,64,0.03,0.0294906,49.2322,cut,182231,175268,no
rKaHyPar,sat14_openstacks-sequencedstrips-nonadl-nonnegated-os-sequencedstrips-p30_3.025-NOTKNOWN.cnf.primal.hgr,no,no,1,64,0.03,0.0294906,48.7307,cut,187773,179960,no
rKaHyPar,sat14_openstacks-sequencedstrips-nonadl-nonnegated-os-sequencedstrips-p30_3.025-NOTKNOWN.cnf.primal.hgr,no,no,2,64,0.03,0.0294906,64.8953,cut,184994,177766,no
rKaHyPar,sat14_openstacks-sequencedstrips-nonadl-nonnegated-os-sequencedstrips-p30_3.025-NOTKNOWN.cnf.primal.hgr,no,no,3,64,0.03,0.0294906,47.7122,cut,185350,177747,no
rKaHyPar,sat14_openstacks-sequencedstrips-nonadl-nonnegated-os-sequencedstrips-p30_3.025-NOTKNOWN.cnf.primal.hgr,no,no,4,64,0.03,0.0294906,51.5197,cut,184845,177054,no
rKaHyPar,sat14_openstacks-sequencedstrips-nonadl-nonnegated-os-sequencedstrips-p30_3.025-NOTKNOWN.cnf.primal.hgr,no,no,5,64,0.03,0.0294906,46.5813,cut,187163,179312,no
rKaHyPar,sat14_openstacks-sequencedstrips-nonadl-nonnegated-os-sequencedstrips-p30_3.025-NOTKNOWN.cnf.primal.hgr,no,no,6,64,0.03,0.0294906,66.835,cut,185399,177582,no
rKaHyPar,sat14_openstacks-sequencedstrips-nonadl-nonnegated-os-sequencedstrips-p30_3.025-NOTKNOWN.cnf.primal.hgr,no,no,7,64,0.03,0.0294906,71.658,cut,184508,176809,no
rKaHyPar,sat14_openstacks-sequencedstrips-nonadl-nonnegated-os-sequencedstrips-p30_3.025-NOTKNOWN.cnf.primal.hgr,no,no,9,64,0.03,0.0294906,65.1843,cut,185959,177890,no
rKaHyPar,sat14_openstacks-sequencedstrips-nonadl-nonnegated-os-sequencedstrips-p30_3.025-NOTKNOWN.cnf.primal.hgr,no,no,0,8,0.03,0.0299195,83.877,cut,35293,35212,no
rKaHyPar,sat14_openstacks-sequencedstrips-nonadl-nonnegated-os-sequencedstrips-p30_3.025-NOTKNOWN.cnf.primal.hgr,no,no,1,8,0.03,0.0299195,96.0646,cut,35426,35401,no
rKaHyPar,sat14_openstacks-sequencedstrips-nonadl-nonnegated-os-sequencedstrips-p30_3.025-NOTKNOWN.cnf.primal.hgr,no,no,2,8,0.03,0.0299195,79.8105,cut,36204,36204,no
rKaHyPar,sat14_openstacks-sequencedstrips-nonadl-nonnegated-os-sequencedstrips-p30_3.025-NOTKNOWN.cnf.primal.hgr,no,no,3,8,0.03,0.0299195,72.9583,cut,36384,36368,no
rKaHyPar,sat14_openstacks-sequencedstrips-nonadl-nonnegated-os-sequencedstrips-p30_3.025-NOTKNOWN.cnf.primal.hgr,no,no,4,8,0.03,0.0299195,80.3805,cut,35678,35678,no
rKaHyPar,sat14_openstacks-sequencedstrips-nonadl-nonnegated-os-sequencedstrips-p30_3.025-NOTKNOWN.cnf.primal.hgr,no,no,5,8,0.03,0.0299195,52.4402,cut,35132,35126,no
rKaHyPar,sat14_openstacks-sequencedstrips-nonadl-nonnegated-os-sequencedstrips-p30_3.025-NOTKNOWN.cnf.primal.hgr,no,no,6,8,0.03,0.0299195,76.6706,cut,36170,36170,no
rKaHyPar,sat14_openstacks-sequencedstrips-nonadl-nonnegated-os-sequencedstrips-p30_3.025-NOTKNOWN.cnf.primal.hgr,no,no,7,8,0.03,0.0299195,68.0779,cut,35762,35702,no
rKaHyPar,sat14_openstacks-sequencedstrips-nonadl-nonnegated-os-sequencedstrips-p30_3.025-NOTKNOWN.cnf.primal.hgr,no,no,8,8,0.03,0.0299195,62.6898,cut,36175,35984,no
rKaHyPar,sat14_openstacks-sequencedstrips-nonadl-nonnegated-os-sequencedstrips-p30_3.025-NOTKNOWN.cnf.primal.hgr,no,no,9,8,0.03,0.0299195,74.7096,cut,36115,36075,no
rKaHyPar,sat14_openstacks-sequencedstrips-nonadl-nonnegated-os-sequencedstrips-p30_3.085-SAT.cnf.dual.hgr,no,no,0,128,0.03,0.0299821,745.439,cut,121715,66366,no
rKaHyPar,sat14_openstacks-sequencedstrips-nonadl-nonnegated-os-sequencedstrips-p30_3.085-SAT.cnf.dual.hgr,no,no,1,128,0.03,0.0299821,515.603,cut,116960,67513,no
rKaHyPar,sat14_openstacks-sequencedstrips-nonadl-nonnegated-os-sequencedstrips-p30_3.085-SAT.cnf.dual.hgr,no,no,2,128,0.03,0.0299821,519.694,cut,119862,66708,no
rKaHyPar,sat14_openstacks-sequencedstrips-nonadl-nonnegated-os-sequencedstrips-p30_3.085-SAT.cnf.dual.hgr,no,no,3,128,0.03,0.0299821,518.441,cut,118589,66744,no
rKaHyPar,sat14_openstacks-sequencedstrips-nonadl-nonnegated-os-sequencedstrips-p30_3.085-SAT.cnf.dual.hgr,no,no,4,128,0.03,0.0299821,528.99,cut,116680,66097,no
rKaHyPar,sat14_openstacks-sequencedstrips-nonadl-nonnegated-os-sequencedstrips-p30_3.085-SAT.cnf.dual.hgr,no,no,5,128,0.03,0.0299821,517.513,cut,118646,66945,no
rKaHyPar,sat14_openstacks-sequencedstrips-nonadl-nonnegated-os-sequencedstrips-p30_3.085-SAT.cnf.dual.hgr,no,no,6,128,0.03,0.0299821,512.592,cut,121022,65760,no
rKaHyPar,sat14_openstacks-sequencedstrips-nonadl-nonnegated-os-sequencedstrips-p30_3.085-SAT.cnf.dual.hgr,no,no,7,128,0.03,0.0299821,757.167,cut,114703,65782,no
rKaHyPar,sat14_openstacks-sequencedstrips-nonadl-nonnegated-os-sequencedstrips-p30_3.085-SAT.cnf.dual.hgr,no,no,8,128,0.03,0.0299821,768.181,cut,115393,66445,no
rKaHyPar,sat14_openstacks-sequencedstrips-nonadl-nonnegated-os-sequencedstrips-p30_3.085-SAT.cnf.dual.hgr,no,no,9,128,0.03,0.0299821,507.322,cut,115496,64657,no
rKaHyPar,sat14_openstacks-sequencedstrips-nonadl-nonnegated-os-sequencedstrips-p30_3.085-SAT.cnf.dual.hgr,no,no,0,16,0.03,0.0299632,585.697,cut,12059,8247,no
rKaHyPar,sat14_openstacks-sequencedstrips-nonadl-nonnegated-os-sequencedstrips-p30_3.085-SAT.cnf.dual.hgr,no,no,1,16,0.03,0.0299924,405.384,cut,11061,8215,no
rKaHyPar,sat14_openstacks-sequencedstrips-nonadl-nonnegated-os-sequencedstrips-p30_3.085-SAT.cnf.dual.hgr,no,no,2,16,0.03,0.0299632,572.518,cut,11016,8072,no
rKaHyPar,sat14_openstacks-sequencedstrips-nonadl-nonnegated-os-sequencedstrips-p30_3.085-SAT.cnf.dual.hgr,no,no,3,16,0.03,0.0299827,382.89,cut,12124,8481,no
rKaHyPar,sat14_openstacks-sequencedstrips-nonadl-nonnegated-os-sequencedstrips-p30_3.085-SAT.cnf.dual.hgr,no,no,4,16,0.03,0.0299437,385.311,cut,12362,8827,no
rKaHyPar,sat14_openstacks-sequencedstrips-nonadl-nonnegated-os-sequencedstrips-p30_3.085-SAT.cnf.dual.hgr,no,no,5,16,0.03,0.0299729,562.154,cut,11607,8916,no
rKaHyPar,sat14_openstacks-sequencedstrips-nonadl-nonnegated-os-sequencedstrips-p30_3.085-SAT.cnf.dual.hgr,no,no,6,16,0.03,0.0299924,387.191,cut,10938,8028,no
rKaHyPar,sat14_openstacks-sequencedstrips-nonadl-nonnegated-os-sequencedstrips-p30_3.085-SAT.cnf.dual.hgr,no,no,7,16,0.03,0.0299827,375.413,cut,12027,8013,no
rKaHyPar,sat14_openstacks-sequencedstrips-nonadl-nonnegated-os-sequencedstrips-p30_3.085-SAT.cnf.dual.hgr,no,no,8,16,0.03,0.0299535,562.598,cut,10739,8145,no
rKaHyPar,sat14_openstacks-sequencedstrips-nonadl-nonnegated-os-sequencedstrips-p30_3.085-SAT.cnf.dual.hgr,no,no,9,16,0.03,0.0299827,565.607,cut,12172,8281,no
rKaHyPar,sat14_openstacks-sequencedstrips-nonadl-nonnegated-os-sequencedstrips-p30_3.085-SAT.cnf.dual.hgr,no,no,0,2,0.03,0.0116707,102.264,cut,181,181,no
rKaHyPar,sat14_openstacks-sequencedstrips-nonadl-nonnegated-os-sequencedstrips-p30_3.085-SAT.cnf.dual.hgr,no,no,1,2,0.03,0.0116707,104.421,cut,181,181,no
rKaHyPar,sat14_openstacks-sequencedstrips-nonadl-nonnegated-os-sequencedstrips-p30_3.085-SAT.cnf.dual.hgr,no,no,2,2,0.03,0.0116707,106.51,cut,181,181,no
rKaHyPar,sat14_openstacks-sequencedstrips-nonadl-nonnegated-os-sequencedstrips-p30_3.085-SAT.cnf.dual.hgr,no,no,3,2,0.03,0.010741,153.114,cut,181,181,no
rKaHyPar,sat14_openstacks-sequencedstrips-nonadl-nonnegated-os-sequencedstrips-p30_3.085-SAT.cnf.dual.hgr,no,no,4,2,0.03,0.010741,103.47,cut,181,181,no
rKaHyPar,sat14_openstacks-sequencedstrips-nonadl-nonnegated-os-sequencedstrips-p30_3.085-SAT.cnf.dual.hgr,no,no,5,2,0.03,0.010741,152.785,cut,181,181,no
rKaHyPar,sat14_openstacks-sequencedstrips-nonadl-nonnegated-os-sequencedstrips-p30_3.085-SAT.cnf.dual.hgr,no,no,6,2,0.03,0.010741,104.448,cut,181,181,no
rKaHyPar,sat14_openstacks-sequencedstrips-nonadl-nonnegated-os-sequencedstrips-p30_3.085-SAT.cnf.dual.hgr,no,no,7,2,0.03,0.0116707,105.636,cut,181,181,no
rKaHyPar,sat14_openstacks-sequencedstrips-nonadl-nonnegated-os-sequencedstrips-p30_3.085-SAT.cnf.dual.hgr,no,no,8,2,0.03,0.010741,151.852,cut,181,181,no
rKaHyPar,sat14_openstacks-sequencedstrips-nonadl-nonnegated-os-sequencedstrips-p30_3.085-SAT.cnf.dual.hgr,no,no,9,2,0.03,0.0116707,103.994,cut,181,181,no
rKaHyPar,sat14_openstacks-sequencedstrips-nonadl-nonnegated-os-sequencedstrips-p30_3.085-SAT.cnf.dual.hgr,no,no,0,32,0.03,0.0299632,667.276,cut,27188,16897,no
rKaHyPar,sat14_openstacks-sequencedstrips-nonadl-nonnegated-os-sequencedstrips-p30_3.085-SAT.cnf.dual.hgr,no,no,1,32,0.03,0.0299437,462.303,cut,25447,15907,no
rKaHyPar,sat14_openstacks-sequencedstrips-nonadl-nonnegated-os-sequencedstrips-p30_3.085-SAT.cnf.dual.hgr,no,no,2,32,0.03,0.0299827,461.218,cut,25995,17070,no
rKaHyPar,sat14_openstacks-sequencedstrips-nonadl-nonnegated-os-sequencedstrips-p30_3.085-SAT.cnf.dual.hgr,no,no,3,32,0.03,0.0299827,462.484,cut,24622,16275,no
rKaHyPar,sat14_openstacks-sequencedstrips-nonadl-nonnegated-os-sequencedstrips-p30_3.085-SAT.cnf.dual.hgr,no,no,4,32,0.03,0.0299632,463.397,cut,26858,16640,no
rKaHyPar,sat14_openstacks-sequencedstrips-nonadl-nonnegated-os-sequencedstrips-p30_3.085-SAT.cnf.dual.hgr,no,no,5,32,0.03,0.0299632,666.224,cut,24015,15786,no
rKaHyPar,sat14_openstacks-sequencedstrips-nonadl-nonnegated-os-sequencedstrips-p30_3.085-SAT.cnf.dual.hgr,no,no,6,32,0.03,0.0299827,662.888,cut,25830,16211,no
rKaHyPar,sat14_openstacks-sequencedstrips-nonadl-nonnegated-os-sequencedstrips-p30_3.085-SAT.cnf.dual.hgr,no,no,7,32,0.03,0.0299437,459.241,cut,26231,16252,no
rKaHyPar,sat14_openstacks-sequencedstrips-nonadl-nonnegated-os-sequencedstrips-p30_3.085-SAT.cnf.dual.hgr,no,no,8,32,0.03,0.0299632,662.098,cut,24787,16309,no
rKaHyPar,sat14_openstacks-sequencedstrips-nonadl-nonnegated-os-sequencedstrips-p30_3.085-SAT.cnf.dual.hgr,no,no,9,32,0.03,0.0299827,672.858,cut,27377,16900,no
rKaHyPar,sat14_openstacks-sequencedstrips-nonadl-nonnegated-os-sequencedstrips-p30_3.085-SAT.cnf.dual.hgr,no,no,0,4,0.03,0.029467,192.264,cut,639,637,no
rKaHyPar,sat14_openstacks-sequencedstrips-nonadl-nonnegated-os-sequencedstrips-p30_3.085-SAT.cnf.dual.hgr,no,no,1,4,0.03,0.0288439,196.427,cut,663,661,no
rKaHyPar,sat14_openstacks-sequencedstrips-nonadl-nonnegated-os-sequencedstrips-p30_3.085-SAT.cnf.dual.hgr,no,no,2,4,0.03,0.0299805,192.274,cut,798,629,no
rKaHyPar,sat14_openstacks-sequencedstrips-nonadl-nonnegated-os-sequencedstrips-p30_3.085-SAT.cnf.dual.hgr,no,no,3,4,0.03,0.0299805,191.223,cut,719,637,no
rKaHyPar,sat14_openstacks-sequencedstrips-nonadl-nonnegated-os-sequencedstrips-p30_3.085-SAT.cnf.dual.hgr,no,no,4,4,0.03,0.0299926,193.062,cut,835,654,no
rKaHyPar,sat14_openstacks-sequencedstrips-nonadl-nonnegated-os-sequencedstrips-p30_3.085-SAT.cnf.dual.hgr,no,no,5,4,0.03,0.0299975,276.333,cut,647,647,no
rKaHyPar,sat14_openstacks-sequencedstrips-nonadl-nonnegated-os-sequencedstrips-p30_3.085-SAT.cnf.dual.hgr,no,no,6,4,0.03,0.0299172,193.359,cut,805,639,no
rKaHyPar,sat14_openstacks-sequencedstrips-nonadl-nonnegated-os-sequencedstrips-p30_3.085-SAT.cnf.dual.hgr,no,no,7,4,0.03,0.0299707,278.507,cut,732,632,no
rKaHyPar,sat14_openstacks-sequencedstrips-nonadl-nonnegated-os-sequencedstrips-p30_3.085-SAT.cnf.dual.hgr,no,no,8,4,0.03,0.0299074,277.125,cut,637,637,no
rKaHyPar,sat14_openstacks-sequencedstrips-nonadl-nonnegated-os-sequencedstrips-p30_3.085-SAT.cnf.dual.hgr,no,no,9,4,0.03,0.0299488,190.046,cut,820,649,no
rKaHyPar,sat14_openstacks-sequencedstrips-nonadl-nonnegated-os-sequencedstrips-p30_3.085-SAT.cnf.dual.hgr,no,no,0,64,0.03,0.0299821,486.083,cut,69467,33997,no
rKaHyPar,sat14_openstacks-sequencedstrips-nonadl-nonnegated-os-sequencedstrips-p30_3.085-SAT.cnf.dual.hgr,no,no,1,64,0.03,0.0299432,486.804,cut,68827,33446,no
rKaHyPar,sat14_openstacks-sequencedstrips-nonadl-nonnegated-os-sequencedstrips-p30_3.085-SAT.cnf.dual.hgr,no,no,2,64,0.03,0.0299821,714.917,cut,64660,33864,no
rKaHyPar,sat14_openstacks-sequencedstrips-nonadl-nonnegated-os-sequencedstrips-p30_3.085-SAT.cnf.dual.hgr,no,no,3,64,0.03,0.0299821,487.914,cut,66158,33605,no
rKaHyPar,sat14_openstacks-sequencedstrips-nonadl-nonnegated-os-sequencedstrips-p30_3.085-SAT.cnf.dual.hgr,no,no,4,64,0.03,0.0299821,493.717,cut,70341,34159,no
rKaHyPar,sat14_openstacks-sequencedstrips-nonadl-nonnegated-os-sequencedstrips-p30_3.085-SAT.cnf.dual.hgr,no,no,5,64,0.03,0.0299821,695.264,cut,69687,33390,no
rKaHyPar,sat14_openstacks-sequencedstrips-nonadl-nonnegated-os-sequencedstrips-p30_3.085-SAT.cnf.dual.hgr,no,no,6,64,0.03,0.0299432,704.927,cut,66706,33915,no
rKaHyPar,sat14_openstacks-sequencedstrips-nonadl-nonnegated-os-sequencedstrips-p30_3.085-SAT.cnf.dual.hgr,no,no,7,64,0.03,0.0299432,706.701,cut,71877,34625,no
rKaHyPar,sat14_openstacks-sequencedstrips-nonadl-nonnegated-os-sequencedstrips-p30_3.085-SAT.cnf.dual.hgr,no,no,8,64,0.03,0.0299042,705.594,cut,69133,33643,no
rKaHyPar,sat14_openstacks-sequencedstrips-nonadl-nonnegated-os-sequencedstrips-p30_3.085-SAT.cnf.dual.hgr,no,no,9,64,0.03,0.0299821,695.923,cut,71830,34018,no
rKaHyPar,sat14_openstacks-sequencedstrips-nonadl-nonnegated-os-sequencedstrips-p30_3.085-SAT.cnf.dual.hgr,no,no,0,8,0.03,0.0299877,382.876,cut,2332,1956,no
rKaHyPar,sat14_openstacks-sequencedstrips-nonadl-nonnegated-os-sequencedstrips-p30_3.085-SAT.cnf.dual.hgr,no,no,1,8,0.03,0.0299682,396.502,cut,2527,1880,no
rKaHyPar,sat14_openstacks-sequencedstrips-nonadl-nonnegated-os-sequencedstrips-p30_3.085-SAT.cnf.dual.hgr,no,no,2,8,0.03,0.0299877,269.028,cut,2537,1879,no
rKaHyPar,sat14_openstacks-sequencedstrips-nonadl-nonnegated-os-sequencedstrips-p30_3.085-SAT.cnf.dual.hgr,no,no,3,8,0.03,0.0299877,266.94,cut,2365,1858,no
rKaHyPar,sat14_openstacks-sequencedstrips-nonadl-nonnegated-os-sequencedstrips-p30_3.085-SAT.cnf.dual.hgr,no,no,4,8,0.03,0.0299877,265.425,cut,2104,1972,no
rKaHyPar,sat14_openstacks-sequencedstrips-nonadl-nonnegated-os-sequencedstrips-p30_3.085-SAT.cnf.dual.hgr,no,no,5,8,0.03,0.0299877,393.757,cut,2428,1893,no
rKaHyPar,sat14_openstacks-sequencedstrips-nonadl-nonnegated-os-sequencedstrips-p30_3.085-SAT.cnf.dual.hgr,no,no,6,8,0.03,0.0299974,277.37,cut,3081,2136,no
rKaHyPar,sat14_openstacks-sequencedstrips-nonadl-nonnegated-os-sequencedstrips-p30_3.085-SAT.cnf.dual.hgr,no,no,7,8,0.03,0.0299926,273.585,cut,2328,1815,no
rKaHyPar,sat14_openstacks-sequencedstrips-nonadl-nonnegated-os-sequencedstrips-p30_3.085-SAT.cnf.dual.hgr,no,no,8,8,0.03,0.0299974,272.199,cut,2182,1785,no
rKaHyPar,sat14_openstacks-sequencedstrips-nonadl-nonnegated-os-sequencedstrips-p30_3.085-SAT.cnf.dual.hgr,no,no,9,8,0.03,0.0299633,272.485,cut,2277,1891,no
rKaHyPar,sat14_openstacks-sequencedstrips-nonadl-nonnegated-os-sequencedstrips-p30_3.085-SAT.cnf.hgr,no,no,0,128,0.03,0.0298507,336.511,cut,336322,310085,no
rKaHyPar,sat14_openstacks-sequencedstrips-nonadl-nonnegated-os-sequencedstrips-p30_3.085-SAT.cnf.hgr,no,no,1,128,0.03,0.0298507,255.113,cut,336035,309723,no
rKaHyPar,sat14_openstacks-sequencedstrips-nonadl-nonnegated-os-sequencedstrips-p30_3.085-SAT.cnf.hgr,no,no,2,128,0.03,0.0298507,263.685,cut,334515,310371,no
rKaHyPar,sat14_openstacks-sequencedstrips-nonadl-nonnegated-os-sequencedstrips-p30_3.085-SAT.cnf.hgr,no,no,3,128,0.03,0.0298507,263.772,cut,329018,308554,no
rKaHyPar,sat14_openstacks-sequencedstrips-nonadl-nonnegated-os-sequencedstrips-p30_3.085-SAT.cnf.hgr,no,no,4,128,0.03,0.0298507,248.401,cut,334568,309858,no
rKaHyPar,sat14_openstacks-sequencedstrips-nonadl-nonnegated-os-sequencedstrips-p30_3.085-SAT.cnf.hgr,no,no,5,128,0.03,0.0298507,263.29,cut,333366,307746,no
rKaHyPar,sat14_openstacks-sequencedstrips-nonadl-nonnegated-os-sequencedstrips-p30_3.085-SAT.cnf.hgr,no,no,6,128,0.03,0.0298507,246.428,cut,334590,309107,no
rKaHyPar,sat14_openstacks-sequencedstrips-nonadl-nonnegated-os-sequencedstrips-p30_3.085-SAT.cnf.hgr,no,no,7,128,0.03,0.0298507,353.924,cut,331354,309231,no
rKaHyPar,sat14_openstacks-sequencedstrips-nonadl-nonnegated-os-sequencedstrips-p30_3.085-SAT.cnf.hgr,no,no,8,128,0.03,0.0298507,364.111,cut,335257,310792,no
rKaHyPar,sat14_openstacks-sequencedstrips-nonadl-nonnegated-os-sequencedstrips-p30_3.085-SAT.cnf.hgr,no,no,9,128,0.03,0.0298507,265.16,cut,333713,310565,no
rKaHyPar,sat14_openstacks-sequencedstrips-nonadl-nonnegated-os-sequencedstrips-p30_3.085-SAT.cnf.hgr,no,no,0,16,0.03,0.0293313,237.942,cut,49600,48710,no
rKaHyPar,sat14_openstacks-sequencedstrips-nonadl-nonnegated-os-sequencedstrips-p30_3.085-SAT.cnf.hgr,no,no,1,16,0.03,0.0299532,179.036,cut,49683,48879,no
rKaHyPar,sat14_openstacks-sequencedstrips-nonadl-nonnegated-os-sequencedstrips-p30_3.085-SAT.cnf.hgr,no,no,2,16,0.03,0.0295303,266.754,cut,51534,49362,no
rKaHyPar,sat14_openstacks-sequencedstrips-nonadl-nonnegated-os-sequencedstrips-p30_3.085-SAT.cnf.hgr,no,no,3,16,0.03,0.0282864,177.86,cut,49105,48229,no
rKaHyPar,sat14_openstacks-sequencedstrips-nonadl-nonnegated-os-sequencedstrips-p30_3.085-SAT.cnf.hgr,no,no,4,16,0.03,0.0230869,160.21,cut,48911,48247,no
rKaHyPar,sat14_openstacks-sequencedstrips-nonadl-nonnegated-os-sequencedstrips-p30_3.085-SAT.cnf.hgr,no,no,5,16,0.03,0.0297044,260.307,cut,49551,48849,no
rKaHyPar,sat14_openstacks-sequencedstrips-nonadl-nonnegated-os-sequencedstrips-p30_3.085-SAT.cnf.hgr,no,no,6,16,0.03,0.0295054,167.92,cut,49856,48764,no
rKaHyPar,sat14_openstacks-sequencedstrips-nonadl-nonnegated-os-sequencedstrips-p30_3.085-SAT.cnf.hgr,no,no,7,16,0.03,0.0259976,178.281,cut,50709,49114,no
rKaHyPar,sat14_openstacks-sequencedstrips-nonadl-nonnegated-os-sequencedstrips-p30_3.085-SAT.cnf.hgr,no,no,8,16,0.03,0.0290825,263.138,cut,50044,48997,no
rKaHyPar,sat14_openstacks-sequencedstrips-nonadl-nonnegated-os-sequencedstrips-p30_3.085-SAT.cnf.hgr,no,no,9,16,0.03,0.0280625,260.498,cut,48772,48248,no
rKaHyPar,sat14_openstacks-sequencedstrips-nonadl-nonnegated-os-sequencedstrips-p30_3.085-SAT.cnf.hgr,no,no,0,2,0.03,0.00401784,108.688,cut,3209,3209,no
rKaHyPar,sat14_openstacks-sequencedstrips-nonadl-nonnegated-os-sequencedstrips-p30_3.085-SAT.cnf.hgr,no,no,1,2,0.03,0.00401784,103.322,cut,3209,3209,no
rKaHyPar,sat14_openstacks-sequencedstrips-nonadl-nonnegated-os-sequencedstrips-p30_3.085-SAT.cnf.hgr,no,no,2,2,0.03,0.00401784,124.324,cut,3209,3209,no
rKaHyPar,sat14_openstacks-sequencedstrips-nonadl-nonnegated-os-sequencedstrips-p30_3.085-SAT.cnf.hgr,no,no,3,2,0.03,0.00401784,171.75,cut,3209,3209,no
rKaHyPar,sat14_openstacks-sequencedstrips-nonadl-nonnegated-os-sequencedstrips-p30_3.085-SAT.cnf.hgr,no,no,4,2,0.03,0.00401784,107.1,cut,3209,3209,no
rKaHyPar,sat14_openstacks-sequencedstrips-nonadl-nonnegated-os-sequencedstrips-p30_3.085-SAT.cnf.hgr,no,no,5,2,0.03,0.00401784,174.494,cut,3209,3209,no
rKaHyPar,sat14_openstacks-sequencedstrips-nonadl-nonnegated-os-sequencedstrips-p30_3.085-SAT.cnf.hgr,no,no,6,2,0.03,0.00401784,105.937,cut,3209,3209,no
rKaHyPar,sat14_openstacks-sequencedstrips-nonadl-nonnegated-os-sequencedstrips-p30_3.085-SAT.cnf.hgr,no,no,7,2,0.03,0.00401784,107.806,cut,3209,3209,no
rKaHyPar,sat14_openstacks-sequencedstrips-nonadl-nonnegated-os-sequencedstrips-p30_3.085-SAT.cnf.hgr,no,no,8,2,0.03,0.00401784,139.229,cut,3209,3209,no
rKaHyPar,sat14_openstacks-sequencedstrips-nonadl-nonnegated-os-sequencedstrips-p30_3.085-SAT.cnf.hgr,no,no,9,2,0.03,0.00401784,98.9469,cut,3209,3209,no
rKaHyPar,sat14_openstacks-sequencedstrips-nonadl-nonnegated-os-sequencedstrips-p30_3.085-SAT.cnf.hgr,no,no,0,32,0.03,0.0299532,400.582,cut,104880,100778,no
rKaHyPar,sat14_openstacks-sequencedstrips-nonadl-nonnegated-os-sequencedstrips-p30_3.085-SAT.cnf.hgr,no,no,1,32,0.03,0.0299532,236.582,cut,104850,101069,no
rKaHyPar,sat14_openstacks-sequencedstrips-nonadl-nonnegated-os-sequencedstrips-p30_3.085-SAT.cnf.hgr,no,no,2,32,0.03,0.0296049,249.707,cut,103571,101352,no
rKaHyPar,sat14_openstacks-sequencedstrips-nonadl-nonnegated-os-sequencedstrips-p30_3.085-SAT.cnf.hgr,no,no,3,32,0.03,0.0298537,343.912,cut,103621,101067,no
rKaHyPar,sat14_openstacks-sequencedstrips-nonadl-nonnegated-os-sequencedstrips-p30_3.085-SAT.cnf.hgr,no,no,4,32,0.03,0.0296049,363.897,cut,106527,101988,no
rKaHyPar,sat14_openstacks-sequencedstrips-nonadl-nonnegated-os-sequencedstrips-p30_3.085-SAT.cnf.hgr,no,no,5,32,0.03,0.0299035,358.731,cut,104959,102065,no
rKaHyPar,sat14_openstacks-sequencedstrips-nonadl-nonnegated-os-sequencedstrips-p30_3.085-SAT.cnf.hgr,no,no,6,32,0.03,0.0299035,357.509,cut,104600,101644,no
rKaHyPar,sat14_openstacks-sequencedstrips-nonadl-nonnegated-os-sequencedstrips-p30_3.085-SAT.cnf.hgr,no,no,7,32,0.03,0.0299532,255.86,cut,103697,101208,no
rKaHyPar,sat14_openstacks-sequencedstrips-nonadl-nonnegated-os-sequencedstrips-p30_3.085-SAT.cnf.hgr,no,no,8,32,0.03,0.0298537,359.013,cut,104383,101442,no
rKaHyPar,sat14_openstacks-sequencedstrips-nonadl-nonnegated-os-sequencedstrips-p30_3.085-SAT.cnf.hgr,no,no,9,32,0.03,0.0299532,340.083,cut,102878,101118,no
rKaHyPar,sat14_openstacks-sequencedstrips-nonadl-nonnegated-os-sequencedstrips-p30_3.085-SAT.cnf.hgr,no,no,0,4,0.03,0.0203566,133.168,cut,9747,9627,no
rKaHyPar,sat14_openstacks-sequencedstrips-nonadl-nonnegated-os-sequencedstrips-p30_3.085-SAT.cnf.hgr,no,no,1,4,0.03,0.0203566,136.264,cut,9747,9627,no
rKaHyPar,sat14_openstacks-sequencedstrips-nonadl-nonnegated-os-sequencedstrips-p30_3.085-SAT.cnf.hgr,no,no,2,4,0.03,0.0203566,142.255,cut,9747,9627,no
rKaHyPar,sat14_openstacks-sequencedstrips-nonadl-nonnegated-os-sequencedstrips-p30_3.085-SAT.cnf.hgr,no,no,3,4,0.03,0.0203566,141.204,cut,9627,9627,no
rKaHyPar,sat14_openstacks-sequencedstrips-nonadl-nonnegated-os-sequencedstrips-p30_3.085-SAT.cnf.hgr,no,no,4,4,0.03,0.0203566,135.494,cut,9627,9627,no
rKaHyPar,sat14_openstacks-sequencedstrips-nonadl-nonnegated-os-sequencedstrips-p30_3.085-SAT.cnf.hgr,no,no,5,4,0.03,0.0203566,201.024,cut,9693,9627,no
rKaHyPar,sat14_openstacks-sequencedstrips-nonadl-nonnegated-os-sequencedstrips-p30_3.085-SAT.cnf.hgr,no,no,6,4,0.03,0.0203566,135.534,cut,9747,9627,no
rKaHyPar,sat14_openstacks-sequencedstrips-nonadl-nonnegated-os-sequencedstrips-p30_3.085-SAT.cnf.hgr,no,no,7,4,0.03,0.0203566,186.241,cut,9689,9627,no
rKaHyPar,sat14_openstacks-sequencedstrips-nonadl-nonnegated-os-sequencedstrips-p30_3.085-SAT.cnf.hgr,no,no,8,4,0.03,0.0203566,198.067,cut,9627,9627,no
rKaHyPar,sat14_openstacks-sequencedstrips-nonadl-nonnegated-os-sequencedstrips-p30_3.085-SAT.cnf.hgr,no,no,9,4,0.03,0.0203566,139.501,cut,9627,9627,no
rKaHyPar,sat14_openstacks-sequencedstrips-nonadl-nonnegated-os-sequencedstrips-p30_3.085-SAT.cnf.hgr,no,no,0,64,0.03,0.0299532,244.621,cut,207348,191894,no
rKaHyPar,sat14_openstacks-sequencedstrips-nonadl-nonnegated-os-sequencedstrips-p30_3.085-SAT.cnf.hgr,no,no,1,64,0.03,0.0299532,253.891,cut,205431,194441,no
rKaHyPar,sat14_openstacks-sequencedstrips-nonadl-nonnegated-os-sequencedstrips-p30_3.085-SAT.cnf.hgr,no,no,2,64,0.03,0.0299532,382.624,cut,206169,193312,no
rKaHyPar,sat14_openstacks-sequencedstrips-nonadl-nonnegated-os-sequencedstrips-p30_3.085-SAT.cnf.hgr,no,no,3,64,0.03,0.0299532,280.718,cut,204099,194644,no
rKaHyPar,sat14_openstacks-sequencedstrips-nonadl-nonnegated-os-sequencedstrips-p30_3.085-SAT.cnf.hgr,no,no,4,64,0.03,0.0299532,263.375,cut,207569,195825,no
rKaHyPar,sat14_openstacks-sequencedstrips-nonadl-nonnegated-os-sequencedstrips-p30_3.085-SAT.cnf.hgr,no,no,5,64,0.03,0.0299532,360.566,cut,203433,193432,no
rKaHyPar,sat14_openstacks-sequencedstrips-nonadl-nonnegated-os-sequencedstrips-p30_3.085-SAT.cnf.hgr,no,no,6,64,0.03,0.0299532,345.917,cut,202159,191063,no
rKaHyPar,sat14_openstacks-sequencedstrips-nonadl-nonnegated-os-sequencedstrips-p30_3.085-SAT.cnf.hgr,no,no,7,64,0.03,0.0299532,359.669,cut,206212,194178,no
rKaHyPar,sat14_openstacks-sequencedstrips-nonadl-nonnegated-os-sequencedstrips-p30_3.085-SAT.cnf.hgr,no,no,8,64,0.03,0.0299532,380.323,cut,203472,191185,no
rKaHyPar,sat14_openstacks-sequencedstrips-nonadl-nonnegated-os-sequencedstrips-p30_3.085-SAT.cnf.hgr,no,no,9,64,0.03,0.0299532,403.032,cut,200554,189201,no
rKaHyPar,sat14_openstacks-sequencedstrips-nonadl-nonnegated-os-sequencedstrips-p30_3.085-SAT.cnf.hgr,no,no,0,8,0.03,0.0295303,224.094,cut,25403,23897,no
rKaHyPar,sat14_openstacks-sequencedstrips-nonadl-nonnegated-os-sequencedstrips-p30_3.085-SAT.cnf.hgr,no,no,1,8,0.03,0.0291198,210.156,cut,22732,22480,no
rKaHyPar,sat14_openstacks-sequencedstrips-nonadl-nonnegated-os-sequencedstrips-p30_3.085-SAT.cnf.hgr,no,no,2,8,0.03,0.0298786,163.105,cut,22606,22484,no
rKaHyPar,sat14_openstacks-sequencedstrips-nonadl-nonnegated-os-sequencedstrips-p30_3.085-SAT.cnf.hgr,no,no,3,8,0.03,0.0299781,165.5,cut,22729,22489,no
rKaHyPar,sat14_openstacks-sequencedstrips-nonadl-nonnegated-os-sequencedstrips-p30_3.085-SAT.cnf.hgr,no,no,4,8,0.03,0.0296547,144.774,cut,22722,22482,no
rKaHyPar,sat14_openstacks-sequencedstrips-nonadl-nonnegated-os-sequencedstrips-p30_3.085-SAT.cnf.hgr,no,no,5,8,0.03,0.0292069,227.308,cut,22628,22480,no
rKaHyPar,sat14_openstacks-sequencedstrips-nonadl-nonnegated-os-sequencedstrips-p30_3.085-SAT.cnf.hgr,no,no,6,8,0.03,0.0293313,152.88,cut,22838,22484,no
rKaHyPar,sat14_openstacks-sequencedstrips-nonadl-nonnegated-os-sequencedstrips-p30_3.085-SAT.cnf.hgr,no,no,7,8,0.03,0.0294184,148.926,cut,22746,22490,no
rKaHyPar,sat14_openstacks-sequencedstrips-nonadl-nonnegated-os-sequencedstrips-p30_3.085-SAT.cnf.hgr,no,no,8,8,0.03,0.029381,168.005,cut,22722,22480,no
rKaHyPar,sat14_openstacks-sequencedstrips-nonadl-nonnegated-os-sequencedstrips-p30_3.085-SAT.cnf.hgr,no,no,9,8,0.03,0.0290452,168.95,cut,23634,23348,no
rKaHyPar,sat14_openstacks-sequencedstrips-nonadl-nonnegated-os-sequencedstrips-p30_3.085-SAT.cnf.primal.hgr,no,no,0,128,0.03,0.0296092,266.536,cut,530036,516446,no
rKaHyPar,sat14_openstacks-sequencedstrips-nonadl-nonnegated-os-sequencedstrips-p30_3.085-SAT.cnf.primal.hgr,no,no,1,128,0.03,0.0296092,245.93,cut,520531,509154,no
rKaHyPar,sat14_openstacks-sequencedstrips-nonadl-nonnegated-os-sequencedstrips-p30_3.085-SAT.cnf.primal.hgr,no,no,2,128,0.03,0.0296092,251.023,cut,526664,514192,no
rKaHyPar,sat14_openstacks-sequencedstrips-nonadl-nonnegated-os-sequencedstrips-p30_3.085-SAT.cnf.primal.hgr,no,no,3,128,0.03,0.0296092,254.027,cut,526431,513823,no
rKaHyPar,sat14_openstacks-sequencedstrips-nonadl-nonnegated-os-sequencedstrips-p30_3.085-SAT.cnf.primal.hgr,no,no,4,128,0.03,0.0296092,264.816,cut,522105,509593,no
rKaHyPar,sat14_openstacks-sequencedstrips-nonadl-nonnegated-os-sequencedstrips-p30_3.085-SAT.cnf.primal.hgr,no,no,5,128,0.03,0.0296092,258.781,cut,523422,511394,no
rKaHyPar,sat14_openstacks-sequencedstrips-nonadl-nonnegated-os-sequencedstrips-p30_3.085-SAT.cnf.primal.hgr,no,no,6,128,0.03,0.0296092,262.22,cut,521969,510256,no
rKaHyPar,sat14_openstacks-sequencedstrips-nonadl-nonnegated-os-sequencedstrips-p30_3.085-SAT.cnf.primal.hgr,no,no,7,128,0.03,0.0296092,374.371,cut,526644,514945,no
rKaHyPar,sat14_openstacks-sequencedstrips-nonadl-nonnegated-os-sequencedstrips-p30_3.085-SAT.cnf.primal.hgr,no,no,8,128,0.03,0.0296092,363.028,cut,525355,512919,no
rKaHyPar,sat14_openstacks-sequencedstrips-nonadl-nonnegated-os-sequencedstrips-p30_3.085-SAT.cnf.primal.hgr,no,no,9,128,0.03,0.0296092,266.495,cut,524737,512372,no
rKaHyPar,sat14_openstacks-sequencedstrips-nonadl-nonnegated-os-sequencedstrips-p30_3.085-SAT.cnf.primal.hgr,no,no,0,16,0.03,0.0299635,166.307,cut,71537,71512,no
rKaHyPar,sat14_openstacks-sequencedstrips-nonadl-nonnegated-os-sequencedstrips-p30_3.085-SAT.cnf.primal.hgr,no,no,1,16,0.03,0.0299635,149.18,cut,75344,75211,no
rKaHyPar,sat14_openstacks-sequencedstrips-nonadl-nonnegated-os-sequencedstrips-p30_3.085-SAT.cnf.primal.hgr,no,no,2,16,0.03,0.0299635,314.111,cut,73862,73829,no
rKaHyPar,sat14_openstacks-sequencedstrips-nonadl-nonnegated-os-sequencedstrips-p30_3.085-SAT.cnf.primal.hgr,no,no,3,16,0.03,0.0299635,303.448,cut,82842,82842,no
rKaHyPar,sat14_openstacks-sequencedstrips-nonadl-nonnegated-os-sequencedstrips-p30_3.085-SAT.cnf.primal.hgr,no,no,4,16,0.03,0.0299635,281.89,cut,78243,78136,no
rKaHyPar,sat14_openstacks-sequencedstrips-nonadl-nonnegated-os-sequencedstrips-p30_3.085-SAT.cnf.primal.hgr,no,no,5,16,0.03,0.0299635,392.52,cut,82527,82415,no
rKaHyPar,sat14_openstacks-sequencedstrips-nonadl-nonnegated-os-sequencedstrips-p30_3.085-SAT.cnf.primal.hgr,no,no,6,16,0.03,0.0299635,202.749,cut,73996,73870,no
rKaHyPar,sat14_openstacks-sequencedstrips-nonadl-nonnegated-os-sequencedstrips-p30_3.085-SAT.cnf.primal.hgr,no,no,7,16,0.03,0.0299635,252.386,cut,72803,72800,no
rKaHyPar,sat14_openstacks-sequencedstrips-nonadl-nonnegated-os-sequencedstrips-p30_3.085-SAT.cnf.primal.hgr,no,no,8,16,0.03,0.0299635,339.866,cut,79811,79663,no
rKaHyPar,sat14_openstacks-sequencedstrips-nonadl-nonnegated-os-sequencedstrips-p30_3.085-SAT.cnf.primal.hgr,no,no,9,16,0.03,0.0299635,425.32,cut,85018,84881,no
rKaHyPar,sat14_openstacks-sequencedstrips-nonadl-nonnegated-os-sequencedstrips-p30_3.085-SAT.cnf.primal.hgr,no,no,0,2,0.03,0.0112984,69.5374,cut,4271,4271,no
rKaHyPar,sat14_openstacks-sequencedstrips-nonadl-nonnegated-os-sequencedstrips-p30_3.085-SAT.cnf.primal.hgr,no,no,1,2,0.03,0.0112984,48.4752,cut,4271,4271,no
rKaHyPar,sat14_openstacks-sequencedstrips-nonadl-nonnegated-os-sequencedstrips-p30_3.085-SAT.cnf.primal.hgr,no,no,2,2,0.03,0.0112984,56.1895,cut,4271,4271,no
rKaHyPar,sat14_openstacks-sequencedstrips-nonadl-nonnegated-os-sequencedstrips-p30_3.085-SAT.cnf.primal.hgr,no,no,3,2,0.03,0.0112984,58.4586,cut,4271,4271,no
rKaHyPar,sat14_openstacks-sequencedstrips-nonadl-nonnegated-os-sequencedstrips-p30_3.085-SAT.cnf.primal.hgr,no,no,4,2,0.03,0.0112984,64.2979,cut,4271,4271,no
rKaHyPar,sat14_openstacks-sequencedstrips-nonadl-nonnegated-os-sequencedstrips-p30_3.085-SAT.cnf.primal.hgr,no,no,5,2,0.03,0.0112984,99.7576,cut,4271,4271,no
rKaHyPar,sat14_openstacks-sequencedstrips-nonadl-nonnegated-os-sequencedstrips-p30_3.085-SAT.cnf.primal.hgr,no,no,6,2,0.03,0.0112984,48.2501,cut,4271,4271,no
rKaHyPar,sat14_openstacks-sequencedstrips-nonadl-nonnegated-os-sequencedstrips-p30_3.085-SAT.cnf.primal.hgr,no,no,7,2,0.03,0.0112984,51.5006,cut,4271,4271,no
rKaHyPar,sat14_openstacks-sequencedstrips-nonadl-nonnegated-os-sequencedstrips-p30_3.085-SAT.cnf.primal.hgr,no,no,8,2,0.03,0.0112984,68.3199,cut,4271,4271,no
rKaHyPar,sat14_openstacks-sequencedstrips-nonadl-nonnegated-os-sequencedstrips-p30_3.085-SAT.cnf.primal.hgr,no,no,9,2,0.03,0.0112984,73.5887,cut,4271,4271,no
rKaHyPar,sat14_openstacks-sequencedstrips-nonadl-nonnegated-os-sequencedstrips-p30_3.085-SAT.cnf.primal.hgr,no,no,0,32,0.03,0.0299141,573.835,cut,162130,161818,no
rKaHyPar,sat14_openstacks-sequencedstrips-nonadl-nonnegated-os-sequencedstrips-p30_3.085-SAT.cnf.primal.hgr,no,no,1,32,0.03,0.0299141,522.473,cut,158660,158655,no
rKaHyPar,sat14_openstacks-sequencedstrips-nonadl-nonnegated-os-sequencedstrips-p30_3.085-SAT.cnf.primal.hgr,no,no,2,32,0.03,0.0299141,538.382,cut,157684,157683,no
rKaHyPar,sat14_openstacks-sequencedstrips-nonadl-nonnegated-os-sequencedstrips-p30_3.085-SAT.cnf.primal.hgr,no,no,3,32,0.03,0.0299141,395.348,cut,167896,167176,no
rKaHyPar,sat14_openstacks-sequencedstrips-nonadl-nonnegated-os-sequencedstrips-p30_3.085-SAT.cnf.primal.hgr,no,no,4,32,0.03,0.0299141,562.053,cut,158808,158635,no
rKaHyPar,sat14_openstacks-sequencedstrips-nonadl-nonnegated-os-sequencedstrips-p30_3.085-SAT.cnf.primal.hgr,no,no,5,32,0.03,0.0299141,499.51,cut,162816,162508,no
rKaHyPar,sat14_openstacks-sequencedstrips-nonadl-nonnegated-os-sequencedstrips-p30_3.085-SAT.cnf.primal.hgr,no,no,6,32,0.03,0.0299141,834.668,cut,164534,164376,no
rKaHyPar,sat14_openstacks-sequencedstrips-nonadl-nonnegated-os-sequencedstrips-p30_3.085-SAT.cnf.primal.hgr,no,no,7,32,0.03,0.0299141,362.604,cut,161733,161531,no
rKaHyPar,sat14_openstacks-sequencedstrips-nonadl-nonnegated-os-sequencedstrips-p30_3.085-SAT.cnf.primal.hgr,no,no,8,32,0.03,0.0299141,408.31,cut,161400,161211,no
rKaHyPar,sat14_openstacks-sequencedstrips-nonadl-nonnegated-os-sequencedstrips-p30_3.085-SAT.cnf.primal.hgr,no,no,9,32,0.03,0.0299141,794.271,cut,162129,161606,no
rKaHyPar,sat14_openstacks-sequencedstrips-nonadl-nonnegated-os-sequencedstrips-p30_3.085-SAT.cnf.primal.hgr,no,no,0,4,0.03,0.029076,95.2381,cut,13346,13346,no
rKaHyPar,sat14_openstacks-sequencedstrips-nonadl-nonnegated-os-sequencedstrips-p30_3.085-SAT.cnf.primal.hgr,no,no,1,4,0.03,0.0299769,74.8852,cut,13453,13453,no
rKaHyPar,sat14_openstacks-sequencedstrips-nonadl-nonnegated-os-sequencedstrips-p30_3.085-SAT.cnf.primal.hgr,no,no,2,4,0.03,0.0299893,83.4727,cut,13519,13519,no
rKaHyPar,sat14_openstacks-sequencedstrips-nonadl-nonnegated-os-sequencedstrips-p30_3.085-SAT.cnf.primal.hgr,no,no,3,4,0.03,0.0299893,252.835,cut,17753,17753,no
rKaHyPar,sat14_openstacks-sequencedstrips-nonadl-nonnegated-os-sequencedstrips-p30_3.085-SAT.cnf.primal.hgr,no,no,4,4,0.03,0.0299893,83.0512,cut,13519,13519,no
rKaHyPar,sat14_openstacks-sequencedstrips-nonadl-nonnegated-os-sequencedstrips-p30_3.085-SAT.cnf.primal.hgr,no,no,5,4,0.03,0.0299893,238.743,cut,21739,21739,no
rKaHyPar,sat14_openstacks-sequencedstrips-nonadl-nonnegated-os-sequencedstrips-p30_3.085-SAT.cnf.primal.hgr,no,no,6,4,0.03,0.0299893,77.9966,cut,13257,13257,no
rKaHyPar,sat14_openstacks-sequencedstrips-nonadl-nonnegated-os-sequencedstrips-p30_3.085-SAT.cnf.primal.hgr,no,no,7,4,0.03,0.0299029,104.868,cut,17722,17722,no
rKaHyPar,sat14_openstacks-sequencedstrips-nonadl-nonnegated-os-sequencedstrips-p30_3.085-SAT.cnf.primal.hgr,no,no,8,4,0.03,0.0298905,73.6599,cut,17492,17492,no
rKaHyPar,sat14_openstacks-sequencedstrips-nonadl-nonnegated-os-sequencedstrips-p30_3.085-SAT.cnf.primal.hgr,no,no,9,4,0.03,0.0297795,170.19,cut,21740,21740,no
rKaHyPar,sat14_openstacks-sequencedstrips-nonadl-nonnegated-os-sequencedstrips-p30_3.085-SAT.cnf.primal.hgr,no,no,0,64,0.03,0.0298124,351.228,cut,337223,334382,no
rKaHyPar,sat14_openstacks-sequencedstrips-nonadl-nonnegated-os-sequencedstrips-p30_3.085-SAT.cnf.primal.hgr,no,no,1,64,0.03,0.0298124,379.01,cut,337756,335230,no
rKaHyPar,sat14_openstacks-sequencedstrips-nonadl-nonnegated-os-sequencedstrips-p30_3.085-SAT.cnf.primal.hgr,no,no,2,64,0.03,0.0298124,628.165,cut,335733,333379,no
rKaHyPar,sat14_openstacks-sequencedstrips-nonadl-nonnegated-os-sequencedstrips-p30_3.085-SAT.cnf.primal.hgr,no,no,3,64,0.03,0.0298124,397.527,cut,337839,334805,no
rKaHyPar,sat14_openstacks-sequencedstrips-nonadl-nonnegated-os-sequencedstrips-p30_3.085-SAT.cnf.primal.hgr,no,no,4,64,0.03,0.0298124,431.475,cut,339468,336876,no
rKaHyPar,sat14_openstacks-sequencedstrips-nonadl-nonnegated-os-sequencedstrips-p30_3.085-SAT.cnf.primal.hgr,no,no,5,64,0.03,0.0298124,568.857,cut,339588,337174,no
rKaHyPar,sat14_openstacks-sequencedstrips-nonadl-nonnegated-os-sequencedstrips-p30_3.085-SAT.cnf.primal.hgr,no,no,6,64,0.03,0.0298124,572.056,cut,340438,337542,no
rKaHyPar,sat14_openstacks-sequencedstrips-nonadl-nonnegated-os-sequencedstrips-p30_3.085-SAT.cnf.primal.hgr,no,no,7,64,0.03,0.0298124,474.142,cut,331298,329258,no
rKaHyPar,sat14_openstacks-sequencedstrips-nonadl-nonnegated-os-sequencedstrips-p30_3.085-SAT.cnf.primal.hgr,no,no,8,64,0.03,0.0298124,489.634,cut,331513,329300,no
rKaHyPar,sat14_openstacks-sequencedstrips-nonadl-nonnegated-os-sequencedstrips-p30_3.085-SAT.cnf.primal.hgr,no,no,9,64,0.03,0.0298124,578.782,cut,342536,339638,no
rKaHyPar,sat14_openstacks-sequencedstrips-nonadl-nonnegated-os-sequencedstrips-p30_3.085-SAT.cnf.primal.hgr,no,no,0,8,0.03,0.0299889,139.09,cut,36966,36966,no
rKaHyPar,sat14_openstacks-sequencedstrips-nonadl-nonnegated-os-sequencedstrips-p30_3.085-SAT.cnf.primal.hgr,no,no,1,8,0.03,0.0299889,112.529,cut,40604,40604,no
rKaHyPar,sat14_openstacks-sequencedstrips-nonadl-nonnegated-os-sequencedstrips-p30_3.085-SAT.cnf.primal.hgr,no,no,2,8,0.03,0.0299889,110.44,cut,36845,36845,no
rKaHyPar,sat14_openstacks-sequencedstrips-nonadl-nonnegated-os-sequencedstrips-p30_3.085-SAT.cnf.primal.hgr,no,no,3,8,0.03,0.0299889,118.243,cut,36696,36696,no
rKaHyPar,sat14_openstacks-sequencedstrips-nonadl-nonnegated-os-sequencedstrips-p30_3.085-SAT.cnf.primal.hgr,no,no,4,8,0.03,0.0299889,178.033,cut,37393,37393,no
rKaHyPar,sat14_openstacks-sequencedstrips-nonadl-nonnegated-os-sequencedstrips-p30_3.085-SAT.cnf.primal.hgr,no,no,5,8,0.03,0.0299889,362.876,cut,37310,37310,no
rKaHyPar,sat14_openstacks-sequencedstrips-nonadl-nonnegated-os-sequencedstrips-p30_3.085-SAT.cnf.primal.hgr,no,no,6,8,0.03,0.0299889,214.884,cut,41560,41538,no
rKaHyPar,sat14_openstacks-sequencedstrips-nonadl-nonnegated-os-sequencedstrips-p30_3.085-SAT.cnf.primal.hgr,no,no,7,8,0.03,0.0299889,206.985,cut,36663,36574,no
rKaHyPar,sat14_openstacks-sequencedstrips-nonadl-nonnegated-os-sequencedstrips-p30_3.085-SAT.cnf.primal.hgr,no,no,8,8,0.03,0.0299889,233.839,cut,41308,41308,no
rKaHyPar,sat14_openstacks-sequencedstrips-nonadl-nonnegated-os-sequencedstrips-p30_3.085-SAT.cnf.primal.hgr,no,no,9,8,0.03,0.0299889,140.883,cut,37315,37237,no
rKaHyPar,sat14_post-cbmc-aes-d-r2-noholes.cnf.dual.hgr,no,no,0,128,0.03,0.0296975,517.757,cut,11516,4385,no
rKaHyPar,sat14_post-cbmc-aes-d-r2-noholes.cnf.dual.hgr,no,no,1,128,0.03,0.0297771,532.412,cut,9821,4308,no
rKaHyPar,sat14_post-cbmc-aes-d-r2-noholes.cnf.dual.hgr,no,no,2,128,0.03,0.0294586,525.146,cut,9984,4273,no
rKaHyPar,sat14_post-cbmc-aes-d-r2-noholes.cnf.dual.hgr,no,no,3,128,0.03,0.0298567,531.561,cut,10714,4382,no
rKaHyPar,sat14_post-cbmc-aes-d-r2-noholes.cnf.dual.hgr,no,no,4,128,0.03,0.0297771,526.556,cut,10022,4275,no
rKaHyPar,sat14_post-cbmc-aes-d-r2-noholes.cnf.dual.hgr,no,no,5,128,0.03,0.0296975,539.408,cut,9599,4343,no
rKaHyPar,sat14_post-cbmc-aes-d-r2-noholes.cnf.dual.hgr,no,no,6,128,0.03,0.0297771,531.861,cut,9956,4319,no
rKaHyPar,sat14_post-cbmc-aes-d-r2-noholes.cnf.dual.hgr,no,no,7,128,0.03,0.0298567,818.41,cut,10308,4398,no
rKaHyPar,sat14_post-cbmc-aes-d-r2-noholes.cnf.dual.hgr,no,no,8,128,0.03,0.0297771,802.076,cut,11428,4312,no
rKaHyPar,sat14_post-cbmc-aes-d-r2-noholes.cnf.dual.hgr,no,no,9,128,0.03,0.0297771,532.828,cut,10083,4373,no
rKaHyPar,sat14_post-cbmc-aes-d-r2-noholes.cnf.dual.hgr,no,no,0,16,0.03,0.0160342,369.021,cut,2117,1052,no
rKaHyPar,sat14_post-cbmc-aes-d-r2-noholes.cnf.dual.hgr,no,no,1,16,0.03,0.0170095,373.102,cut,1969,1116,no
rKaHyPar,sat14_post-cbmc-aes-d-r2-noholes.cnf.dual.hgr,no,no,2,16,0.03,0.0194381,577.109,cut,1917,1079,no
rKaHyPar,sat14_post-cbmc-aes-d-r2-noholes.cnf.dual.hgr,no,no,3,16,0.03,0.0268629,376.177,cut,1963,1122,no
rKaHyPar,sat14_post-cbmc-aes-d-r2-noholes.cnf.dual.hgr,no,no,4,16,0.03,0.00642959,377.257,cut,2098,1122,no
rKaHyPar,sat14_post-cbmc-aes-d-r2-noholes.cnf.dual.hgr,no,no,5,16,0.03,0.015865,573.315,cut,1973,1177,no
rKaHyPar,sat14_post-cbmc-aes-d-r2-noholes.cnf.dual.hgr,no,no,6,16,0.03,0.0286147,375.204,cut,2162,1063,no
rKaHyPar,sat14_post-cbmc-aes-d-r2-noholes.cnf.dual.hgr,no,no,7,16,0.03,0.0297692,367.08,cut,1933,1102,no
rKaHyPar,sat14_post-cbmc-aes-d-r2-noholes.cnf.dual.hgr,no,no,8,16,0.03,0.0292915,574.325,cut,2037,1055,no
rKaHyPar,sat14_post-cbmc-aes-d-r2-noholes.cnf.dual.hgr,no,no,9,16,0.03,0.0103411,373.843,cut,2040,1116,no
rKaHyPar,sat14_post-cbmc-aes-d-r2-noholes.cnf.dual.hgr,no,no,0,2,0.03,0.00131627,141.636,cut,284,284,no
rKaHyPar,sat14_post-cbmc-aes-d-r2-noholes.cnf.dual.hgr,no,no,1,2,0.03,0.00149543,142.944,cut,286,286,no
rKaHyPar,sat14_post-cbmc-aes-d-r2-noholes.cnf.dual.hgr,no,no,2,2,0.03,0.0199942,144.302,cut,320,320,no
rKaHyPar,sat14_post-cbmc-aes-d-r2-noholes.cnf.dual.hgr,no,no,3,2,0.03,0.00353578,141.588,cut,320,320,no
rKaHyPar,sat14_post-cbmc-aes-d-r2-noholes.cnf.dual.hgr,no,no,4,2,0.03,0.0011421,144.38,cut,298,298,no
rKaHyPar,sat14_post-cbmc-aes-d-r2-noholes.cnf.dual.hgr,no,no,5,2,0.03,0.00131627,220.081,cut,292,292,no
rKaHyPar,sat14_post-cbmc-aes-d-r2-noholes.cnf.dual.hgr,no,no,6,2,0.03,0.0196782,143.715,cut,306,306,no
rKaHyPar,sat14_post-cbmc-aes-d-r2-noholes.cnf.dual.hgr,no,no,7,2,0.03,0.0206424,140.625,cut,318,318,no
rKaHyPar,sat14_post-cbmc-aes-d-r2-noholes.cnf.dual.hgr,no,no,8,2,0.03,0.00109731,216.109,cut,284,284,no
rKaHyPar,sat14_post-cbmc-aes-d-r2-noholes.cnf.dual.hgr,no,no,9,2,0.03,0.0198872,220.45,cut,312,312,no
rKaHyPar,sat14_post-cbmc-aes-d-r2-noholes.cnf.dual.hgr,no,no,0,32,0.03,0.0100125,661.089,cut,3183,1594,no
rKaHyPar,sat14_post-cbmc-aes-d-r2-noholes.cnf.dual.hgr,no,no,1,32,0.03,0.0133169,442.877,cut,3070,1640,no
rKaHyPar,sat14_post-cbmc-aes-d-r2-noholes.cnf.dual.hgr,no,no,2,32,0.03,0.0299381,664.525,cut,3015,1594,no
rKaHyPar,sat14_post-cbmc-aes-d-r2-noholes.cnf.dual.hgr,no,no,3,32,0.03,0.0273504,671.493,cut,3408,1645,no
rKaHyPar,sat14_post-cbmc-aes-d-r2-noholes.cnf.dual.hgr,no,no,4,32,0.03,0.0098732,663.544,cut,4091,1738,no
rKaHyPar,sat14_post-cbmc-aes-d-r2-noholes.cnf.dual.hgr,no,no,5,32,0.03,0.0291817,439.608,cut,3073,1566,no
rKaHyPar,sat14_post-cbmc-aes-d-r2-noholes.cnf.dual.hgr,no,no,6,32,0.03,0.0293011,690.024,cut,3083,1566,no
rKaHyPar,sat14_post-cbmc-aes-d-r2-noholes.cnf.dual.hgr,no,no,7,32,0.03,0.0232299,441.684,cut,3354,1596,no
rKaHyPar,sat14_post-cbmc-aes-d-r2-noholes.cnf.dual.hgr,no,no,8,32,0.03,0.0234887,440.433,cut,3305,1655,no
rKaHyPar,sat14_post-cbmc-aes-d-r2-noholes.cnf.dual.hgr,no,no,9,32,0.03,0.0229512,665.961,cut,3283,1604,no
rKaHyPar,sat14_post-cbmc-aes-d-r2-noholes.cnf.dual.hgr,no,no,0,4,0.03,0.0297468,240.856,cut,722,562,no
rKaHyPar,sat14_post-cbmc-aes-d-r2-noholes.cnf.dual.hgr,no,no,1,4,0.03,0.0164348,241.189,cut,841,660,no
rKaHyPar,sat14_post-cbmc-aes-d-r2-noholes.cnf.dual.hgr,no,no,2,4,0.03,0.0298289,242.786,cut,753,601,no
rKaHyPar,sat14_post-cbmc-aes-d-r2-noholes.cnf.dual.hgr,no,no,3,4,0.03,0.0241906,237.332,cut,685,525,no
rKaHyPar,sat14_post-cbmc-aes-d-r2-noholes.cnf.dual.hgr,no,no,4,4,0.03,0.0202492,242.809,cut,808,624,no
rKaHyPar,sat14_post-cbmc-aes-d-r2-noholes.cnf.dual.hgr,no,no,5,4,0.03,0.0299658,238.099,cut,691,553,no
rKaHyPar,sat14_post-cbmc-aes-d-r2-noholes.cnf.dual.hgr,no,no,6,4,0.03,0.0249047,237.045,cut,721,549,no
rKaHyPar,sat14_post-cbmc-aes-d-r2-noholes.cnf.dual.hgr,no,no,7,4,0.03,0.024728,362.504,cut,695,546,no
rKaHyPar,sat14_post-cbmc-aes-d-r2-noholes.cnf.dual.hgr,no,no,8,4,0.03,0.0299459,241.18,cut,657,552,no
rKaHyPar,sat14_post-cbmc-aes-d-r2-noholes.cnf.dual.hgr,no,no,9,4,0.03,0.0299085,237.491,cut,743,575,no
rKaHyPar,sat14_post-cbmc-aes-d-r2-noholes.cnf.dual.hgr,no,no,0,64,0.03,0.0227716,500.22,cut,5280,2618,no
rKaHyPar,sat14_post-cbmc-aes-d-r2-noholes.cnf.dual.hgr,no,no,1,64,0.03,0.0297783,501.993,cut,5421,2637,no
rKaHyPar,sat14_post-cbmc-aes-d-r2-noholes.cnf.dual.hgr,no,no,2,64,0.03,0.0291811,761.331,cut,5341,2551,no
rKaHyPar,sat14_post-cbmc-aes-d-r2-noholes.cnf.dual.hgr,no,no,3,64,0.03,0.0298181,502.345,cut,5026,2510,no
rKaHyPar,sat14_post-cbmc-aes-d-r2-noholes.cnf.dual.hgr,no,no,4,64,0.03,0.0283849,491.135,cut,5905,2658,no
rKaHyPar,sat14_post-cbmc-aes-d-r2-noholes.cnf.dual.hgr,no,no,5,64,0.03,0.0291811,757.874,cut,5758,2610,no
rKaHyPar,sat14_post-cbmc-aes-d-r2-noholes.cnf.dual.hgr,no,no,6,64,0.03,0.0299773,778.617,cut,5251,2560,no
rKaHyPar,sat14_post-cbmc-aes-d-r2-noholes.cnf.dual.hgr,no,no,7,64,0.03,0.0291811,496.409,cut,5040,2561,no
rKaHyPar,sat14_post-cbmc-aes-d-r2-noholes.cnf.dual.hgr,no,no,8,64,0.03,0.0297384,760.814,cut,5880,2702,no
rKaHyPar,sat14_post-cbmc-aes-d-r2-noholes.cnf.dual.hgr,no,no,9,64,0.03,0.0289422,776.2,cut,5162,2607,no
rKaHyPar,sat14_post-cbmc-aes-d-r2-noholes.cnf.dual.hgr,no,no,0,8,0.03,0.0280225,474.171,cut,1281,862,no
rKaHyPar,sat14_post-cbmc-aes-d-r2-noholes.cnf.dual.hgr,no,no,1,8,0.03,0.0229713,314.561,cut,1366,855,no
rKaHyPar,sat14_post-cbmc-aes-d-r2-noholes.cnf.dual.hgr,no,no,2,8,0.03,0.027276,318.49,cut,1238,856,no
rKaHyPar,sat14_post-cbmc-aes-d-r2-noholes.cnf.dual.hgr,no,no,3,8,0.03,0.00769361,321.424,cut,1331,880,no
rKaHyPar,sat14_post-cbmc-aes-d-r2-noholes.cnf.dual.hgr,no,no,4,8,0.03,0.0265992,484.838,cut,1387,965,no
rKaHyPar,sat14_post-cbmc-aes-d-r2-noholes.cnf.dual.hgr,no,no,5,8,0.03,0.0273158,482.01,cut,1390,859,no
rKaHyPar,sat14_post-cbmc-aes-d-r2-noholes.cnf.dual.hgr,no,no,6,8,0.03,0.0265793,311.513,cut,1315,889,no
rKaHyPar,sat14_post-cbmc-aes-d-r2-noholes.cnf.dual.hgr,no,no,7,8,0.03,0.021568,476.658,cut,1238,852,no
rKaHyPar,sat14_post-cbmc-aes-d-r2-noholes.cnf.dual.hgr,no,no,8,8,0.03,0.0265992,315.742,cut,1265,877,no
rKaHyPar,sat14_post-cbmc-aes-d-r2-noholes.cnf.dual.hgr,no,no,9,8,0.03,0.028535,311.664,cut,1232,841,no
rKaHyPar,sat14_post-cbmc-aes-d-r2-noholes.cnf.hgr,no,no,0,128,0.03,0.0298266,268.935,cut,49684,41752,no
rKaHyPar,sat14_post-cbmc-aes-d-r2-noholes.cnf.hgr,no,no,1,128,0.03,0.0298266,267.401,cut,49446,41126,no
rKaHyPar,sat14_post-cbmc-aes-d-r2-noholes.cnf.hgr,no,no,2,128,0.03,0.0298266,370.827,cut,48936,40807,no
rKaHyPar,sat14_post-cbmc-aes-d-r2-noholes.cnf.hgr,no,no,3,128,0.03,0.0298266,268.634,cut,48953,41347,no
rKaHyPar,sat14_post-cbmc-aes-d-r2-noholes.cnf.hgr,no,no,4,128,0.03,0.0298266,266.489,cut,51406,42085,no
rKaHyPar,sat14_post-cbmc-aes-d-r2-noholes.cnf.hgr,no,no,5,128,0.03,0.0298266,267.562,cut,49654,41745,no
rKaHyPar,sat14_post-cbmc-aes-d-r2-noholes.cnf.hgr,no,no,6,128,0.03,0.0298266,266.755,cut,48372,40582,no
rKaHyPar,sat14_post-cbmc-aes-d-r2-noholes.cnf.hgr,no,no,7,128,0.03,0.0298266,369.888,cut,52333,42611,no
rKaHyPar,sat14_post-cbmc-aes-d-r2-noholes.cnf.hgr,no,no,8,128,0.03,0.0298266,266.045,cut,49152,41031,no
rKaHyPar,sat14_post-cbmc-aes-d-r2-noholes.cnf.hgr,no,no,9,128,0.03,0.0298266,264.808,cut,50227,41410,no
rKaHyPar,sat14_post-cbmc-aes-d-r2-noholes.cnf.hgr,no,no,0,16,0.03,0.0299728,184.635,cut,6966,5811,no
rKaHyPar,sat14_post-cbmc-aes-d-r2-noholes.cnf.hgr,no,no,1,16,0.03,0.0296838,183.748,cut,7304,6267,no
rKaHyPar,sat14_post-cbmc-aes-d-r2-noholes.cnf.hgr,no,no,2,16,0.03,0.0294526,260.074,cut,7123,6009,no
rKaHyPar,sat14_post-cbmc-aes-d-r2-noholes.cnf.hgr,no,no,3,16,0.03,0.0294526,188.663,cut,8343,7091,no
rKaHyPar,sat14_post-cbmc-aes-d-r2-noholes.cnf.hgr,no,no,4,16,0.03,0.0294237,190.996,cut,8139,6888,no
rKaHyPar,sat14_post-cbmc-aes-d-r2-noholes.cnf.hgr,no,no,5,16,0.03,0.0295971,188.553,cut,7575,6409,no
rKaHyPar,sat14_post-cbmc-aes-d-r2-noholes.cnf.hgr,no,no,6,16,0.03,0.0282386,188.509,cut,6923,5748,no
rKaHyPar,sat14_post-cbmc-aes-d-r2-noholes.cnf.hgr,no,no,7,16,0.03,0.029337,187.754,cut,7398,6136,no
rKaHyPar,sat14_post-cbmc-aes-d-r2-noholes.cnf.hgr,no,no,8,16,0.03,0.0229493,255.537,cut,7609,6464,no
rKaHyPar,sat14_post-cbmc-aes-d-r2-noholes.cnf.hgr,no,no,9,16,0.03,0.0297994,186.752,cut,7997,6645,no
rKaHyPar,sat14_post-cbmc-aes-d-r2-noholes.cnf.hgr,no,no,0,2,0.03,0.0264687,60.0499,cut,871,871,no
rKaHyPar,sat14_post-cbmc-aes-d-r2-noholes.cnf.hgr,no,no,1,2,0.03,0.026606,62.0359,cut,901,901,no
rKaHyPar,sat14_post-cbmc-aes-d-r2-noholes.cnf.hgr,no,no,2,2,0.03,0.0270973,60.8322,cut,871,871,no
rKaHyPar,sat14_post-cbmc-aes-d-r2-noholes.cnf.hgr,no,no,3,2,0.03,0.0262266,61.7373,cut,901,901,no
rKaHyPar,sat14_post-cbmc-aes-d-r2-noholes.cnf.hgr,no,no,4,2,0.03,0.0264362,61.3692,cut,874,874,no
rKaHyPar,sat14_post-cbmc-aes-d-r2-noholes.cnf.hgr,no,no,5,2,0.03,0.0269528,60.9639,cut,871,871,no
rKaHyPar,sat14_post-cbmc-aes-d-r2-noholes.cnf.hgr,no,no,6,2,0.03,0.0261435,61.8115,cut,901,901,no
rKaHyPar,sat14_post-cbmc-aes-d-r2-noholes.cnf.hgr,no,no,7,2,0.03,0.0262808,64.0864,cut,957,957,no
rKaHyPar,sat14_post-cbmc-aes-d-r2-noholes.cnf.hgr,no,no,8,2,0.03,0.0271046,83.418,cut,871,871,no
rKaHyPar,sat14_post-cbmc-aes-d-r2-noholes.cnf.hgr,no,no,9,2,0.03,0.0219416,81.3412,cut,873,873,no
rKaHyPar,sat14_post-cbmc-aes-d-r2-noholes.cnf.hgr,no,no,0,32,0.03,0.0299439,308.569,cut,15791,12193,no
rKaHyPar,sat14_post-cbmc-aes-d-r2-noholes.cnf.hgr,no,no,1,32,0.03,0.0299439,303.124,cut,16154,13257,no
rKaHyPar,sat14_post-cbmc-aes-d-r2-noholes.cnf.hgr,no,no,2,32,0.03,0.0299439,304.522,cut,16794,14043,no
rKaHyPar,sat14_post-cbmc-aes-d-r2-noholes.cnf.hgr,no,no,3,32,0.03,0.0299439,222.147,cut,14689,12171,no
rKaHyPar,sat14_post-cbmc-aes-d-r2-noholes.cnf.hgr,no,no,4,32,0.03,0.0299439,220.502,cut,17309,13656,no
rKaHyPar,sat14_post-cbmc-aes-d-r2-noholes.cnf.hgr,no,no,5,32,0.03,0.0299439,220.102,cut,16744,13296,no
rKaHyPar,sat14_post-cbmc-aes-d-r2-noholes.cnf.hgr,no,no,6,32,0.03,0.0299439,305.593,cut,14738,12098,no
rKaHyPar,sat14_post-cbmc-aes-d-r2-noholes.cnf.hgr,no,no,7,32,0.03,0.0297705,222.629,cut,14303,11904,no
rKaHyPar,sat14_post-cbmc-aes-d-r2-noholes.cnf.hgr,no,no,8,32,0.03,0.0299439,223.472,cut,15038,12607,no
rKaHyPar,sat14_post-cbmc-aes-d-r2-noholes.cnf.hgr,no,no,9,32,0.03,0.0299439,301.794,cut,14879,11792,no
rKaHyPar,sat14_post-cbmc-aes-d-r2-noholes.cnf.hgr,no,no,0,4,0.03,0.0236578,107.39,cut,1400,1301,no
rKaHyPar,sat14_post-cbmc-aes-d-r2-noholes.cnf.hgr,no,no,1,4,0.03,0.0282535,106.531,cut,1853,1837,no
rKaHyPar,sat14_post-cbmc-aes-d-r2-noholes.cnf.hgr,no,no,2,4,0.03,0.0251463,109.539,cut,1779,1729,no
rKaHyPar,sat14_post-cbmc-aes-d-r2-noholes.cnf.hgr,no,no,3,4,0.03,0.0169521,108.891,cut,1543,1417,no
rKaHyPar,sat14_post-cbmc-aes-d-r2-noholes.cnf.hgr,no,no,4,4,0.03,0.0259412,148.431,cut,1740,1546,no
rKaHyPar,sat14_post-cbmc-aes-d-r2-noholes.cnf.hgr,no,no,5,4,0.03,0.0214611,107.66,cut,1526,1431,no
rKaHyPar,sat14_post-cbmc-aes-d-r2-noholes.cnf.hgr,no,no,6,4,0.03,0.0239035,112.658,cut,1770,1631,no
rKaHyPar,sat14_post-cbmc-aes-d-r2-noholes.cnf.hgr,no,no,7,4,0.03,0.0248501,106.991,cut,1399,1301,no
rKaHyPar,sat14_post-cbmc-aes-d-r2-noholes.cnf.hgr,no,no,8,4,0.03,0.0152684,107.048,cut,1490,1415,no
rKaHyPar,sat14_post-cbmc-aes-d-r2-noholes.cnf.hgr,no,no,9,4,0.03,0.0258617,109.047,cut,1563,1420,no
rKaHyPar,sat14_post-cbmc-aes-d-r2-noholes.cnf.hgr,no,no,0,64,0.03,0.0299422,244.464,cut,25033,20107,no
rKaHyPar,sat14_post-cbmc-aes-d-r2-noholes.cnf.hgr,no,no,1,64,0.03,0.029711,244.488,cut,27637,21296,no
rKaHyPar,sat14_post-cbmc-aes-d-r2-noholes.cnf.hgr,no,no,2,64,0.03,0.029711,342.404,cut,26350,20781,no
rKaHyPar,sat14_post-cbmc-aes-d-r2-noholes.cnf.hgr,no,no,3,64,0.03,0.0299422,342.867,cut,26233,20819,no
rKaHyPar,sat14_post-cbmc-aes-d-r2-noholes.cnf.hgr,no,no,4,64,0.03,0.0298266,243.511,cut,25289,20952,no
rKaHyPar,sat14_post-cbmc-aes-d-r2-noholes.cnf.hgr,no,no,5,64,0.03,0.0298266,339.359,cut,24013,19518,no
rKaHyPar,sat14_post-cbmc-aes-d-r2-noholes.cnf.hgr,no,no,6,64,0.03,0.0299422,248.571,cut,26657,21663,no
rKaHyPar,sat14_post-cbmc-aes-d-r2-noholes.cnf.hgr,no,no,7,64,0.03,0.0299422,244.627,cut,24189,20163,no
rKaHyPar,sat14_post-cbmc-aes-d-r2-noholes.cnf.hgr,no,no,8,64,0.03,0.0299422,340.346,cut,27405,21562,no
rKaHyPar,sat14_post-cbmc-aes-d-r2-noholes.cnf.hgr,no,no,9,64,0.03,0.0299422,343.152,cut,29435,22763,no
rKaHyPar,sat14_post-cbmc-aes-d-r2-noholes.cnf.hgr,no,no,0,8,0.03,0.0286003,157.356,cut,4001,3567,no
rKaHyPar,sat14_post-cbmc-aes-d-r2-noholes.cnf.hgr,no,no,1,8,0.03,0.0270973,148.886,cut,4248,4068,no
rKaHyPar,sat14_post-cbmc-aes-d-r2-noholes.cnf.hgr,no,no,2,8,0.03,0.0298432,148.494,cut,3606,3164,no
rKaHyPar,sat14_post-cbmc-aes-d-r2-noholes.cnf.hgr,no,no,3,8,0.03,0.0209553,222.481,cut,4216,3790,no
rKaHyPar,sat14_post-cbmc-aes-d-r2-noholes.cnf.hgr,no,no,4,8,0.03,0.0269528,208.823,cut,4294,3838,no
rKaHyPar,sat14_post-cbmc-aes-d-r2-noholes.cnf.hgr,no,no,5,8,0.03,0.0276032,208.326,cut,4508,4080,no
rKaHyPar,sat14_post-cbmc-aes-d-r2-noholes.cnf.hgr,no,no,6,8,0.03,0.0290483,209.31,cut,4248,3851,no
rKaHyPar,sat14_post-cbmc-aes-d-r2-noholes.cnf.hgr,no,no,7,8,0.03,0.0263314,213.617,cut,4037,3511,no
rKaHyPar,sat14_post-cbmc-aes-d-r2-noholes.cnf.hgr,no,no,8,8,0.03,0.0195101,152.175,cut,4182,3876,no
rKaHyPar,sat14_post-cbmc-aes-d-r2-noholes.cnf.hgr,no,no,9,8,0.03,0.023282,155.193,cut,3779,3491,no
rKaHyPar,sat14_post-cbmc-aes-d-r2-noholes.cnf.primal.hgr,no,no,0,128,0.03,0.0295749,121.309,cut,53762,44792,no
rKaHyPar,sat14_post-cbmc-aes-d-r2-noholes.cnf.primal.hgr,no,no,1,128,0.03,0.0295749,118.415,cut,51174,44624,no
rKaHyPar,sat14_post-cbmc-aes-d-r2-noholes.cnf.primal.hgr,no,no,2,128,0.03,0.0295749,168.338,cut,53045,44460,no
rKaHyPar,sat14_post-cbmc-aes-d-r2-noholes.cnf.primal.hgr,no,no,3,128,0.03,0.0295749,119.77,cut,55954,46129,no
rKaHyPar,sat14_post-cbmc-aes-d-r2-noholes.cnf.primal.hgr,no,no,4,128,0.03,0.0295749,119.622,cut,53504,45773,no
rKaHyPar,sat14_post-cbmc-aes-d-r2-noholes.cnf.primal.hgr,no,no,5,128,0.03,0.0295749,120.57,cut,52524,43355,no
rKaHyPar,sat14_post-cbmc-aes-d-r2-noholes.cnf.primal.hgr,no,no,6,128,0.03,0.0295749,124.582,cut,53908,44258,no
rKaHyPar,sat14_post-cbmc-aes-d-r2-noholes.cnf.primal.hgr,no,no,7,128,0.03,0.0295749,158.332,cut,55817,46148,no
rKaHyPar,sat14_post-cbmc-aes-d-r2-noholes.cnf.primal.hgr,no,no,8,128,0.03,0.0295749,119.324,cut,53164,45094,no
rKaHyPar,sat14_post-cbmc-aes-d-r2-noholes.cnf.primal.hgr,no,no,9,128,0.03,0.0295749,117.326,cut,53863,44766,no
rKaHyPar,sat14_post-cbmc-aes-d-r2-noholes.cnf.primal.hgr,no,no,0,16,0.03,0.029874,85.6789,cut,10110,8988,no
rKaHyPar,sat14_post-cbmc-aes-d-r2-noholes.cnf.primal.hgr,no,no,1,16,0.03,0.0294695,91.4209,cut,11323,9662,no
rKaHyPar,sat14_post-cbmc-aes-d-r2-noholes.cnf.primal.hgr,no,no,2,16,0.03,0.0295273,120.779,cut,12142,10724,no
rKaHyPar,sat14_post-cbmc-aes-d-r2-noholes.cnf.primal.hgr,no,no,3,16,0.03,0.0290073,85.5073,cut,8398,7632,no
rKaHyPar,sat14_post-cbmc-aes-d-r2-noholes.cnf.primal.hgr,no,no,4,16,0.03,0.029354,89.9578,cut,10189,9483,no
rKaHyPar,sat14_post-cbmc-aes-d-r2-noholes.cnf.primal.hgr,no,no,5,16,0.03,0.0297007,87.3384,cut,8648,7778,no
rKaHyPar,sat14_post-cbmc-aes-d-r2-noholes.cnf.primal.hgr,no,no,6,16,0.03,0.029874,83.7758,cut,9997,8439,no
rKaHyPar,sat14_post-cbmc-aes-d-r2-noholes.cnf.primal.hgr,no,no,7,16,0.03,0.0299318,88.4346,cut,9621,8621,no
rKaHyPar,sat14_post-cbmc-aes-d-r2-noholes.cnf.primal.hgr,no,no,8,16,0.03,0.0299896,120.425,cut,9536,8658,no
rKaHyPar,sat14_post-cbmc-aes-d-r2-noholes.cnf.primal.hgr,no,no,9,16,0.03,0.0299896,92.2481,cut,9024,8338,no
rKaHyPar,sat14_post-cbmc-aes-d-r2-noholes.cnf.primal.hgr,no,no,0,2,0.03,0.00494771,33.6272,cut,1182,1182,no
rKaHyPar,sat14_post-cbmc-aes-d-r2-noholes.cnf.primal.hgr,no,no,1,2,0.03,0.025273,32.8767,cut,897,897,no
rKaHyPar,sat14_post-cbmc-aes-d-r2-noholes.cnf.primal.hgr,no,no,2,2,0.03,0.00402317,34.0767,cut,1189,1189,no
rKaHyPar,sat14_post-cbmc-aes-d-r2-noholes.cnf.primal.hgr,no,no,3,2,0.03,0.010401,34.3635,cut,1195,1195,no
rKaHyPar,sat14_post-cbmc-aes-d-r2-noholes.cnf.primal.hgr,no,no,4,2,0.03,0.026537,33.4988,cut,1090,1090,no
rKaHyPar,sat14_post-cbmc-aes-d-r2-noholes.cnf.primal.hgr,no,no,5,2,0.03,0.0257136,34.0204,cut,1323,1323,no
rKaHyPar,sat14_post-cbmc-aes-d-r2-noholes.cnf.primal.hgr,no,no,6,2,0.03,0.00317809,34.5622,cut,1223,1223,no
rKaHyPar,sat14_post-cbmc-aes-d-r2-noholes.cnf.primal.hgr,no,no,7,2,0.03,0.0270932,33.5604,cut,1171,1171,no
rKaHyPar,sat14_post-cbmc-aes-d-r2-noholes.cnf.primal.hgr,no,no,8,2,0.03,0.0257064,46.7031,cut,1026,1026,no
rKaHyPar,sat14_post-cbmc-aes-d-r2-noholes.cnf.primal.hgr,no,no,9,2,0.03,0.00681122,47.7315,cut,1278,1278,no
rKaHyPar,sat14_post-cbmc-aes-d-r2-noholes.cnf.primal.hgr,no,no,0,32,0.03,0.0299318,140.065,cut,17007,14652,no
rKaHyPar,sat14_post-cbmc-aes-d-r2-noholes.cnf.primal.hgr,no,no,1,32,0.03,0.0299318,140.284,cut,17162,15010,no
rKaHyPar,sat14_post-cbmc-aes-d-r2-noholes.cnf.primal.hgr,no,no,2,32,0.03,0.0299318,134.648,cut,17332,14536,no
rKaHyPar,sat14_post-cbmc-aes-d-r2-noholes.cnf.primal.hgr,no,no,3,32,0.03,0.0294695,137.259,cut,15626,13938,no
rKaHyPar,sat14_post-cbmc-aes-d-r2-noholes.cnf.primal.hgr,no,no,4,32,0.03,0.0291228,99.9211,cut,17502,15400,no
rKaHyPar,sat14_post-cbmc-aes-d-r2-noholes.cnf.primal.hgr,no,no,5,32,0.03,0.0299318,97.6941,cut,16284,13609,no
rKaHyPar,sat14_post-cbmc-aes-d-r2-noholes.cnf.primal.hgr,no,no,6,32,0.03,0.0299318,138.025,cut,16706,14738,no
rKaHyPar,sat14_post-cbmc-aes-d-r2-noholes.cnf.primal.hgr,no,no,7,32,0.03,0.0299318,99.2912,cut,17946,14153,no
rKaHyPar,sat14_post-cbmc-aes-d-r2-noholes.cnf.primal.hgr,no,no,8,32,0.03,0.0299318,98.789,cut,17896,14592,no
rKaHyPar,sat14_post-cbmc-aes-d-r2-noholes.cnf.primal.hgr,no,no,9,32,0.03,0.0299318,137.544,cut,16391,14399,no
rKaHyPar,sat14_post-cbmc-aes-d-r2-noholes.cnf.primal.hgr,no,no,0,4,0.03,0.0147926,56.3377,cut,1806,1708,no
rKaHyPar,sat14_post-cbmc-aes-d-r2-noholes.cnf.primal.hgr,no,no,1,4,0.03,0.0177251,57.4897,cut,2024,1958,no
rKaHyPar,sat14_post-cbmc-aes-d-r2-noholes.cnf.primal.hgr,no,no,2,4,0.03,0.0266671,55.483,cut,2565,2147,no
rKaHyPar,sat14_post-cbmc-aes-d-r2-noholes.cnf.primal.hgr,no,no,3,4,0.03,0.0292673,57.5817,cut,2197,2099,no
rKaHyPar,sat14_post-cbmc-aes-d-r2-noholes.cnf.primal.hgr,no,no,4,4,0.03,0.0221599,78.2774,cut,2390,2344,no
rKaHyPar,sat14_post-cbmc-aes-d-r2-noholes.cnf.primal.hgr,no,no,5,4,0.03,0.0207298,55.7127,cut,2127,1965,no
rKaHyPar,sat14_post-cbmc-aes-d-r2-noholes.cnf.primal.hgr,no,no,6,4,0.03,0.0192852,60.1238,cut,2239,1989,no
rKaHyPar,sat14_post-cbmc-aes-d-r2-noholes.cnf.primal.hgr,no,no,7,4,0.03,0.0299318,56.5768,cut,1959,1949,no
rKaHyPar,sat14_post-cbmc-aes-d-r2-noholes.cnf.primal.hgr,no,no,8,4,0.03,0.0201953,54.6594,cut,2533,2451,no
rKaHyPar,sat14_post-cbmc-aes-d-r2-noholes.cnf.primal.hgr,no,no,9,4,0.03,0.012019,59.6502,cut,2022,1948,no
rKaHyPar,sat14_post-cbmc-aes-d-r2-noholes.cnf.primal.hgr,no,no,0,64,0.03,0.0298128,116.148,cut,26022,21424,no
rKaHyPar,sat14_post-cbmc-aes-d-r2-noholes.cnf.primal.hgr,no,no,1,64,0.03,0.0298128,109.668,cut,27022,21976,no
rKaHyPar,sat14_post-cbmc-aes-d-r2-noholes.cnf.primal.hgr,no,no,2,64,0.03,0.0298128,158.156,cut,28445,24479,no
rKaHyPar,sat14_post-cbmc-aes-d-r2-noholes.cnf.primal.hgr,no,no,3,64,0.03,0.0298128,150.872,cut,26116,20964,no
rKaHyPar,sat14_post-cbmc-aes-d-r2-noholes.cnf.primal.hgr,no,no,4,64,0.03,0.0298128,108.802,cut,27716,22103,no
rKaHyPar,sat14_post-cbmc-aes-d-r2-noholes.cnf.primal.hgr,no,no,5,64,0.03,0.0298128,157.168,cut,25153,22407,no
rKaHyPar,sat14_post-cbmc-aes-d-r2-noholes.cnf.primal.hgr,no,no,6,64,0.03,0.0298128,118.71,cut,29120,22030,no
rKaHyPar,sat14_post-cbmc-aes-d-r2-noholes.cnf.primal.hgr,no,no,7,64,0.03,0.0298128,110.459,cut,26056,22249,no
rKaHyPar,sat14_post-cbmc-aes-d-r2-noholes.cnf.primal.hgr,no,no,8,64,0.03,0.0298128,155.019,cut,28219,23359,no
rKaHyPar,sat14_post-cbmc-aes-d-r2-noholes.cnf.primal.hgr,no,no,9,64,0.03,0.0298128,155.813,cut,26447,23729,no
rKaHyPar,sat14_post-cbmc-aes-d-r2-noholes.cnf.primal.hgr,no,no,0,8,0.03,0.0295562,72.2981,cut,5267,4969,no
rKaHyPar,sat14_post-cbmc-aes-d-r2-noholes.cnf.primal.hgr,no,no,1,8,0.03,0.0201375,75.7716,cut,4056,3714,no
rKaHyPar,sat14_post-cbmc-aes-d-r2-noholes.cnf.primal.hgr,no,no,2,8,0.03,0.0299318,72.5998,cut,6825,6535,no
rKaHyPar,sat14_post-cbmc-aes-d-r2-noholes.cnf.primal.hgr,no,no,3,8,0.03,0.0298162,94.8698,cut,6295,5885,no
rKaHyPar,sat14_post-cbmc-aes-d-r2-noholes.cnf.primal.hgr,no,no,4,8,0.03,0.029614,103.69,cut,5841,5567,no
rKaHyPar,sat14_post-cbmc-aes-d-r2-noholes.cnf.primal.hgr,no,no,5,8,0.03,0.0297007,97.7325,cut,5289,4943,no
rKaHyPar,sat14_post-cbmc-aes-d-r2-noholes.cnf.primal.hgr,no,no,6,8,0.03,0.029874,102.567,cut,4409,3950,no
rKaHyPar,sat14_post-cbmc-aes-d-r2-noholes.cnf.primal.hgr,no,no,7,8,0.03,0.0290362,104.724,cut,5972,5654,no
rKaHyPar,sat14_post-cbmc-aes-d-r2-noholes.cnf.primal.hgr,no,no,8,8,0.03,0.0296429,79.4881,cut,4116,3618,no
rKaHyPar,sat14_post-cbmc-aes-d-r2-noholes.cnf.primal.hgr,no,no,9,8,0.03,0.025078,74.3522,cut,4887,4505,no
rKaHyPar,sat14_post-cbmc-aes-ee-r2-noholes.cnf.dual.hgr,no,no,0,128,0.03,0.0298059,529.141,cut,8263,4367,no
rKaHyPar,sat14_post-cbmc-aes-ee-r2-noholes.cnf.dual.hgr,no,no,1,128,0.03,0.0299683,814.118,cut,8524,4382,no
rKaHyPar,sat14_post-cbmc-aes-ee-r2-noholes.cnf.dual.hgr,no,no,2,128,0.03,0.0299683,811.224,cut,7976,4325,no
rKaHyPar,sat14_post-cbmc-aes-ee-r2-noholes.cnf.dual.hgr,no,no,3,128,0.03,0.0298871,522.167,cut,9054,4451,no
rKaHyPar,sat14_post-cbmc-aes-ee-r2-noholes.cnf.dual.hgr,no,no,4,128,0.03,0.0299683,817.627,cut,8824,4337,no
rKaHyPar,sat14_post-cbmc-aes-ee-r2-noholes.cnf.dual.hgr,no,no,5,128,0.03,0.0298871,510.577,cut,9028,4389,no
rKaHyPar,sat14_post-cbmc-aes-ee-r2-noholes.cnf.dual.hgr,no,no,6,128,0.03,0.0299683,528.358,cut,9135,4444,no
rKaHyPar,sat14_post-cbmc-aes-ee-r2-noholes.cnf.dual.hgr,no,no,7,128,0.03,0.0298059,820.62,cut,9148,4347,no
rKaHyPar,sat14_post-cbmc-aes-ee-r2-noholes.cnf.dual.hgr,no,no,8,128,0.03,0.0299683,524.306,cut,8662,4368,no
rKaHyPar,sat14_post-cbmc-aes-ee-r2-noholes.cnf.dual.hgr,no,no,9,128,0.03,0.0299683,536.081,cut,8345,4367,no
rKaHyPar,sat14_post-cbmc-aes-ee-r2-noholes.cnf.dual.hgr,no,no,0,16,0.03,0.0275333,380.069,cut,1514,922,no
rKaHyPar,sat14_post-cbmc-aes-ee-r2-noholes.cnf.dual.hgr,no,no,1,16,0.03,0.0181017,578.133,cut,1299,861,no
rKaHyPar,sat14_post-cbmc-aes-ee-r2-noholes.cnf.dual.hgr,no,no,2,16,0.03,0.0114722,569.634,cut,1411,861,no
rKaHyPar,sat14_post-cbmc-aes-ee-r2-noholes.cnf.dual.hgr,no,no,3,16,0.03,0.0170662,383.384,cut,1380,910,no
rKaHyPar,sat14_post-cbmc-aes-ee-r2-noholes.cnf.dual.hgr,no,no,4,16,0.03,0.0209038,592.16,cut,1427,878,no
rKaHyPar,sat14_post-cbmc-aes-ee-r2-noholes.cnf.dual.hgr,no,no,5,16,0.03,0.0149545,367.936,cut,1518,947,no
rKaHyPar,sat14_post-cbmc-aes-ee-r2-noholes.cnf.dual.hgr,no,no,6,16,0.03,0.01066,383.573,cut,1453,905,no
rKaHyPar,sat14_post-cbmc-aes-ee-r2-noholes.cnf.dual.hgr,no,no,7,16,0.03,0.012325,586.902,cut,1467,902,no
rKaHyPar,sat14_post-cbmc-aes-ee-r2-noholes.cnf.dual.hgr,no,no,8,16,0.03,0.0243353,570.347,cut,1498,919,no
rKaHyPar,sat14_post-cbmc-aes-ee-r2-noholes.cnf.dual.hgr,no,no,9,16,0.03,0.026051,372.543,cut,1399,896,no
rKaHyPar,sat14_post-cbmc-aes-ee-r2-noholes.cnf.dual.hgr,no,no,0,2,0.03,0.000162439,137.78,cut,192,192,no
rKaHyPar,sat14_post-cbmc-aes-ee-r2-noholes.cnf.dual.hgr,no,no,1,2,0.03,0.000153556,138.492,cut,192,192,no
rKaHyPar,sat14_post-cbmc-aes-ee-r2-noholes.cnf.dual.hgr,no,no,2,2,0.03,0.00290614,140.019,cut,192,192,no
rKaHyPar,sat14_post-cbmc-aes-ee-r2-noholes.cnf.dual.hgr,no,no,3,2,0.03,0.00289725,141.383,cut,208,208,no
rKaHyPar,sat14_post-cbmc-aes-ee-r2-noholes.cnf.dual.hgr,no,no,4,2,0.03,0.00166881,136.075,cut,192,192,no
rKaHyPar,sat14_post-cbmc-aes-ee-r2-noholes.cnf.dual.hgr,no,no,5,2,0.03,0.000393407,137.21,cut,232,232,no
rKaHyPar,sat14_post-cbmc-aes-ee-r2-noholes.cnf.dual.hgr,no,no,6,2,0.03,0.000163708,139.221,cut,192,192,no
rKaHyPar,sat14_post-cbmc-aes-ee-r2-noholes.cnf.dual.hgr,no,no,7,2,0.03,0.0028008,140.787,cut,192,192,no
rKaHyPar,sat14_post-cbmc-aes-ee-r2-noholes.cnf.dual.hgr,no,no,8,2,0.03,0.000138327,214.146,cut,240,240,no
rKaHyPar,sat14_post-cbmc-aes-ee-r2-noholes.cnf.dual.hgr,no,no,9,2,0.03,0.00278938,215.512,cut,192,192,no
rKaHyPar,sat14_post-cbmc-aes-ee-r2-noholes.cnf.dual.hgr,no,no,0,32,0.03,0.029868,664.924,cut,2490,1390,no
rKaHyPar,sat14_post-cbmc-aes-ee-r2-noholes.cnf.dual.hgr,no,no,1,32,0.03,0.0116548,665.978,cut,2426,1384,no
rKaHyPar,sat14_post-cbmc-aes-ee-r2-noholes.cnf.dual.hgr,no,no,2,32,0.03,0.0292589,673.04,cut,2450,1347,no
rKaHyPar,sat14_post-cbmc-aes-ee-r2-noholes.cnf.dual.hgr,no,no,3,32,0.03,0.0260305,432.335,cut,2259,1334,no
rKaHyPar,sat14_post-cbmc-aes-ee-r2-noholes.cnf.dual.hgr,no,no,4,32,0.03,0.0177462,428.396,cut,2237,1320,no
rKaHyPar,sat14_post-cbmc-aes-ee-r2-noholes.cnf.dual.hgr,no,no,5,32,0.03,0.0197563,425.835,cut,2577,1350,no
rKaHyPar,sat14_post-cbmc-aes-ee-r2-noholes.cnf.dual.hgr,no,no,6,32,0.03,0.0298477,675.863,cut,2503,1394,no
rKaHyPar,sat14_post-cbmc-aes-ee-r2-noholes.cnf.dual.hgr,no,no,7,32,0.03,0.0130355,433.443,cut,2307,1411,no
rKaHyPar,sat14_post-cbmc-aes-ee-r2-noholes.cnf.dual.hgr,no,no,8,32,0.03,0.0286091,425.186,cut,2595,1428,no
rKaHyPar,sat14_post-cbmc-aes-ee-r2-noholes.cnf.dual.hgr,no,no,9,32,0.03,0.0207716,434.844,cut,2261,1336,no
rKaHyPar,sat14_post-cbmc-aes-ee-r2-noholes.cnf.dual.hgr,no,no,0,4,0.03,0.0224267,234.673,cut,417,385,no
rKaHyPar,sat14_post-cbmc-aes-ee-r2-noholes.cnf.dual.hgr,no,no,1,4,0.03,0.00842145,240.355,cut,552,520,no
rKaHyPar,sat14_post-cbmc-aes-ee-r2-noholes.cnf.dual.hgr,no,no,2,4,0.03,0.00307111,240.29,cut,529,497,no
rKaHyPar,sat14_post-cbmc-aes-ee-r2-noholes.cnf.dual.hgr,no,no,3,4,0.03,0.0268532,238.231,cut,431,399,no
rKaHyPar,sat14_post-cbmc-aes-ee-r2-noholes.cnf.dual.hgr,no,no,4,4,0.03,0.0174571,373.782,cut,541,509,no
rKaHyPar,sat14_post-cbmc-aes-ee-r2-noholes.cnf.dual.hgr,no,no,5,4,0.03,0.0273913,236.509,cut,437,405,no
rKaHyPar,sat14_post-cbmc-aes-ee-r2-noholes.cnf.dual.hgr,no,no,6,4,0.03,0.0221983,237.35,cut,449,417,no
rKaHyPar,sat14_post-cbmc-aes-ee-r2-noholes.cnf.dual.hgr,no,no,7,4,0.03,0.0235917,243.174,cut,428,396,no
rKaHyPar,sat14_post-cbmc-aes-ee-r2-noholes.cnf.dual.hgr,no,no,8,4,0.03,0.0223607,237.445,cut,417,385,no
rKaHyPar,sat14_post-cbmc-aes-ee-r2-noholes.cnf.dual.hgr,no,no,9,4,0.03,0.0118834,232.199,cut,544,440,no
rKaHyPar,sat14_post-cbmc-aes-ee-r2-noholes.cnf.dual.hgr,no,no,0,64,0.03,0.0298883,492.673,cut,4745,2393,no
rKaHyPar,sat14_post-cbmc-aes-ee-r2-noholes.cnf.dual.hgr,no,no,1,64,0.03,0.0298477,498.227,cut,4427,2452,no
rKaHyPar,sat14_post-cbmc-aes-ee-r2-noholes.cnf.dual.hgr,no,no,2,64,0.03,0.0286294,764.568,cut,4298,2421,no
rKaHyPar,sat14_post-cbmc-aes-ee-r2-noholes.cnf.dual.hgr,no,no,3,64,0.03,0.0266802,762.632,cut,4293,2477,no
rKaHyPar,sat14_post-cbmc-aes-ee-r2-noholes.cnf.dual.hgr,no,no,4,64,0.03,0.0298477,503.144,cut,4058,2441,no
rKaHyPar,sat14_post-cbmc-aes-ee-r2-noholes.cnf.dual.hgr,no,no,5,64,0.03,0.0299695,492.639,cut,4408,2408,no
rKaHyPar,sat14_post-cbmc-aes-ee-r2-noholes.cnf.dual.hgr,no,no,6,64,0.03,0.0298477,492.299,cut,4129,2397,no
rKaHyPar,sat14_post-cbmc-aes-ee-r2-noholes.cnf.dual.hgr,no,no,7,64,0.03,0.0293604,500.881,cut,4390,2429,no
rKaHyPar,sat14_post-cbmc-aes-ee-r2-noholes.cnf.dual.hgr,no,no,8,64,0.03,0.0292792,750.562,cut,4384,2500,no
rKaHyPar,sat14_post-cbmc-aes-ee-r2-noholes.cnf.dual.hgr,no,no,9,64,0.03,0.0296853,751.432,cut,4816,2512,no
rKaHyPar,sat14_post-cbmc-aes-ee-r2-noholes.cnf.dual.hgr,no,no,0,8,0.03,0.0109494,317.087,cut,930,762,no
rKaHyPar,sat14_post-cbmc-aes-ee-r2-noholes.cnf.dual.hgr,no,no,1,8,0.03,0.0247923,317.367,cut,908,716,no
rKaHyPar,sat14_post-cbmc-aes-ee-r2-noholes.cnf.dual.hgr,no,no,2,8,0.03,0.0194521,316.969,cut,920,696,no
rKaHyPar,sat14_post-cbmc-aes-ee-r2-noholes.cnf.dual.hgr,no,no,3,8,0.03,0.0159139,485.959,cut,817,657,no
rKaHyPar,sat14_post-cbmc-aes-ee-r2-noholes.cnf.dual.hgr,no,no,4,8,0.03,0.0199698,489.532,cut,902,710,no
rKaHyPar,sat14_post-cbmc-aes-ee-r2-noholes.cnf.dual.hgr,no,no,5,8,0.03,0.0111321,465.645,cut,1005,717,no
rKaHyPar,sat14_post-cbmc-aes-ee-r2-noholes.cnf.dual.hgr,no,no,6,8,0.03,0.0205891,491.644,cut,825,641,no
rKaHyPar,sat14_post-cbmc-aes-ee-r2-noholes.cnf.dual.hgr,no,no,7,8,0.03,0.00963466,487.813,cut,887,687,no
rKaHyPar,sat14_post-cbmc-aes-ee-r2-noholes.cnf.dual.hgr,no,no,8,8,0.03,0.0287314,306.646,cut,1024,795,no
rKaHyPar,sat14_post-cbmc-aes-ee-r2-noholes.cnf.dual.hgr,no,no,9,8,0.03,0.0212338,319.705,cut,943,695,no
rKaHyPar,sat14_post-cbmc-aes-ee-r2-noholes.cnf.hgr,no,no,0,128,0.03,0.029822,263.682,cut,53482,44590,no
rKaHyPar,sat14_post-cbmc-aes-ee-r2-noholes.cnf.hgr,no,no,1,128,0.03,0.029822,369.97,cut,50785,43766,no
rKaHyPar,sat14_post-cbmc-aes-ee-r2-noholes.cnf.hgr,no,no,2,128,0.03,0.029822,364.951,cut,49679,43225,no
rKaHyPar,sat14_post-cbmc-aes-ee-r2-noholes.cnf.hgr,no,no,3,128,0.03,0.029822,268.014,cut,49577,42680,no
rKaHyPar,sat14_post-cbmc-aes-ee-r2-noholes.cnf.hgr,no,no,4,128,0.03,0.029822,366.422,cut,50620,43281,no
rKaHyPar,sat14_post-cbmc-aes-ee-r2-noholes.cnf.hgr,no,no,5,128,0.03,0.029822,265.005,cut,51602,43279,no
rKaHyPar,sat14_post-cbmc-aes-ee-r2-noholes.cnf.hgr,no,no,6,128,0.03,0.029822,264.188,cut,50152,42552,no
rKaHyPar,sat14_post-cbmc-aes-ee-r2-noholes.cnf.hgr,no,no,7,128,0.03,0.029822,369.573,cut,48884,42074,no
rKaHyPar,sat14_post-cbmc-aes-ee-r2-noholes.cnf.hgr,no,no,8,128,0.03,0.029822,262.861,cut,52714,43315,no
rKaHyPar,sat14_post-cbmc-aes-ee-r2-noholes.cnf.hgr,no,no,9,128,0.03,0.029822,261.692,cut,53122,44455,no
rKaHyPar,sat14_post-cbmc-aes-ee-r2-noholes.cnf.hgr,no,no,0,16,0.03,0.029945,182.597,cut,7086,5837,no
rKaHyPar,sat14_post-cbmc-aes-ee-r2-noholes.cnf.hgr,no,no,1,16,0.03,0.029975,258.032,cut,7810,6611,no
rKaHyPar,sat14_post-cbmc-aes-ee-r2-noholes.cnf.hgr,no,no,2,16,0.03,0.0295842,256.542,cut,7968,6957,no
rKaHyPar,sat14_post-cbmc-aes-ee-r2-noholes.cnf.hgr,no,no,3,16,0.03,0.0295842,186.997,cut,8783,7614,no
rKaHyPar,sat14_post-cbmc-aes-ee-r2-noholes.cnf.hgr,no,no,4,16,0.03,0.0297646,258.151,cut,6849,5768,no
rKaHyPar,sat14_post-cbmc-aes-ee-r2-noholes.cnf.hgr,no,no,5,16,0.03,0.029975,187.69,cut,7837,6265,no
rKaHyPar,sat14_post-cbmc-aes-ee-r2-noholes.cnf.hgr,no,no,6,16,0.03,0.0270888,183.49,cut,7116,5680,no
rKaHyPar,sat14_post-cbmc-aes-ee-r2-noholes.cnf.hgr,no,no,7,16,0.03,0.0270888,253.532,cut,7365,6163,no
rKaHyPar,sat14_post-cbmc-aes-ee-r2-noholes.cnf.hgr,no,no,8,16,0.03,0.0288626,247.606,cut,6866,5647,no
rKaHyPar,sat14_post-cbmc-aes-ee-r2-noholes.cnf.hgr,no,no,9,16,0.03,0.0296744,181.042,cut,7532,6460,no
rKaHyPar,sat14_post-cbmc-aes-ee-r2-noholes.cnf.hgr,no,no,0,2,0.03,0.0100118,60.0101,cut,989,989,no
rKaHyPar,sat14_post-cbmc-aes-ee-r2-noholes.cnf.hgr,no,no,1,2,0.03,0.0267696,58.124,cut,788,788,no
rKaHyPar,sat14_post-cbmc-aes-ee-r2-noholes.cnf.hgr,no,no,2,2,0.03,0.0247327,59.2033,cut,977,977,no
rKaHyPar,sat14_post-cbmc-aes-ee-r2-noholes.cnf.hgr,no,no,3,2,0.03,0.0150704,59.5229,cut,888,888,no
rKaHyPar,sat14_post-cbmc-aes-ee-r2-noholes.cnf.hgr,no,no,4,2,0.03,0.0204183,59.6253,cut,766,766,no
rKaHyPar,sat14_post-cbmc-aes-ee-r2-noholes.cnf.hgr,no,no,5,2,0.03,0.00681361,58.3952,cut,939,939,no
rKaHyPar,sat14_post-cbmc-aes-ee-r2-noholes.cnf.hgr,no,no,6,2,0.03,0.0152282,59.3696,cut,766,766,no
rKaHyPar,sat14_post-cbmc-aes-ee-r2-noholes.cnf.hgr,no,no,7,2,0.03,0.0287389,61.0015,cut,1069,1069,no
rKaHyPar,sat14_post-cbmc-aes-ee-r2-noholes.cnf.hgr,no,no,8,2,0.03,0.028675,80.203,cut,1037,1037,no
rKaHyPar,sat14_post-cbmc-aes-ee-r2-noholes.cnf.hgr,no,no,9,2,0.03,0.024759,83.0187,cut,946,946,no
rKaHyPar,sat14_post-cbmc-aes-ee-r2-noholes.cnf.hgr,no,no,0,32,0.03,0.0299441,308.516,cut,16739,14883,no
rKaHyPar,sat14_post-cbmc-aes-ee-r2-noholes.cnf.hgr,no,no,1,32,0.03,0.0299441,304.235,cut,16241,13326,no
rKaHyPar,sat14_post-cbmc-aes-ee-r2-noholes.cnf.hgr,no,no,2,32,0.03,0.0299441,302.77,cut,16712,13288,no
rKaHyPar,sat14_post-cbmc-aes-ee-r2-noholes.cnf.hgr,no,no,3,32,0.03,0.0299441,300.906,cut,14202,11983,no
rKaHyPar,sat14_post-cbmc-aes-ee-r2-noholes.cnf.hgr,no,no,4,32,0.03,0.0299441,216.968,cut,15244,12798,no
rKaHyPar,sat14_post-cbmc-aes-ee-r2-noholes.cnf.hgr,no,no,5,32,0.03,0.0299441,216.458,cut,14786,12412,no
rKaHyPar,sat14_post-cbmc-aes-ee-r2-noholes.cnf.hgr,no,no,6,32,0.03,0.0295232,306.951,cut,16346,13900,no
rKaHyPar,sat14_post-cbmc-aes-ee-r2-noholes.cnf.hgr,no,no,7,32,0.03,0.0299441,218.714,cut,15248,12928,no
rKaHyPar,sat14_post-cbmc-aes-ee-r2-noholes.cnf.hgr,no,no,8,32,0.03,0.0299441,217.948,cut,14992,13050,no
rKaHyPar,sat14_post-cbmc-aes-ee-r2-noholes.cnf.hgr,no,no,9,32,0.03,0.0299441,219.764,cut,17362,14244,no
rKaHyPar,sat14_post-cbmc-aes-ee-r2-noholes.cnf.hgr,no,no,0,4,0.03,0.0231128,106.965,cut,1601,1537,no
rKaHyPar,sat14_post-cbmc-aes-ee-r2-noholes.cnf.hgr,no,no,1,4,0.03,0.0148298,106.906,cut,1508,1508,no
rKaHyPar,sat14_post-cbmc-aes-ee-r2-noholes.cnf.hgr,no,no,2,4,0.03,0.0256834,108.475,cut,1541,1499,no
rKaHyPar,sat14_post-cbmc-aes-ee-r2-noholes.cnf.hgr,no,no,3,4,0.03,0.0175808,104.986,cut,2053,1839,no
rKaHyPar,sat14_post-cbmc-aes-ee-r2-noholes.cnf.hgr,no,no,4,4,0.03,0.00737356,147.143,cut,1612,1498,no
rKaHyPar,sat14_post-cbmc-aes-ee-r2-noholes.cnf.hgr,no,no,5,4,0.03,0.0221883,106.327,cut,1295,1295,no
rKaHyPar,sat14_post-cbmc-aes-ee-r2-noholes.cnf.hgr,no,no,6,4,0.03,0.0256909,107.039,cut,1600,1560,no
rKaHyPar,sat14_post-cbmc-aes-ee-r2-noholes.cnf.hgr,no,no,7,4,0.03,0.0254504,108.607,cut,1829,1733,no
rKaHyPar,sat14_post-cbmc-aes-ee-r2-noholes.cnf.hgr,no,no,8,4,0.03,0.0197906,110.653,cut,2193,1999,no
rKaHyPar,sat14_post-cbmc-aes-ee-r2-noholes.cnf.hgr,no,no,9,4,0.03,0.0265253,106.416,cut,1766,1676,no
rKaHyPar,sat14_post-cbmc-aes-ee-r2-noholes.cnf.hgr,no,no,0,64,0.03,0.0299423,241.325,cut,28464,22975,no
rKaHyPar,sat14_post-cbmc-aes-ee-r2-noholes.cnf.hgr,no,no,1,64,0.03,0.0299423,247.508,cut,24457,20127,no
rKaHyPar,sat14_post-cbmc-aes-ee-r2-noholes.cnf.hgr,no,no,2,64,0.03,0.0299423,342.844,cut,25734,21211,no
rKaHyPar,sat14_post-cbmc-aes-ee-r2-noholes.cnf.hgr,no,no,3,64,0.03,0.0299423,342.87,cut,26823,21874,no
rKaHyPar,sat14_post-cbmc-aes-ee-r2-noholes.cnf.hgr,no,no,4,64,0.03,0.0299423,245.76,cut,26142,21208,no
rKaHyPar,sat14_post-cbmc-aes-ee-r2-noholes.cnf.hgr,no,no,5,64,0.03,0.0299423,243.439,cut,27656,21423,no
rKaHyPar,sat14_post-cbmc-aes-ee-r2-noholes.cnf.hgr,no,no,6,64,0.03,0.0297018,241.519,cut,25911,20513,no
rKaHyPar,sat14_post-cbmc-aes-ee-r2-noholes.cnf.hgr,no,no,7,64,0.03,0.0299423,244.742,cut,25061,20296,no
rKaHyPar,sat14_post-cbmc-aes-ee-r2-noholes.cnf.hgr,no,no,8,64,0.03,0.0299423,338.533,cut,28850,23798,no
rKaHyPar,sat14_post-cbmc-aes-ee-r2-noholes.cnf.hgr,no,no,9,64,0.03,0.0292208,338.126,cut,24520,20169,no
rKaHyPar,sat14_post-cbmc-aes-ee-r2-noholes.cnf.hgr,no,no,0,8,0.03,0.0297195,150.155,cut,4157,3955,no
rKaHyPar,sat14_post-cbmc-aes-ee-r2-noholes.cnf.hgr,no,no,1,8,0.03,0.0295842,151.245,cut,4936,4654,no
rKaHyPar,sat14_post-cbmc-aes-ee-r2-noholes.cnf.hgr,no,no,2,8,0.03,0.024428,151.613,cut,4367,4115,no
rKaHyPar,sat14_post-cbmc-aes-ee-r2-noholes.cnf.hgr,no,no,3,8,0.03,0.0299901,205.881,cut,3557,3235,no
rKaHyPar,sat14_post-cbmc-aes-ee-r2-noholes.cnf.hgr,no,no,4,8,0.03,0.0297947,208.146,cut,4184,3970,no
rKaHyPar,sat14_post-cbmc-aes-ee-r2-noholes.cnf.hgr,no,no,5,8,0.03,0.029975,205.068,cut,4361,3957,no
rKaHyPar,sat14_post-cbmc-aes-ee-r2-noholes.cnf.hgr,no,no,6,8,0.03,0.0296143,211.014,cut,4062,3774,no
rKaHyPar,sat14_post-cbmc-aes-ee-r2-noholes.cnf.hgr,no,no,7,8,0.03,0.0241123,205.568,cut,3979,3481,no
rKaHyPar,sat14_post-cbmc-aes-ee-r2-noholes.cnf.hgr,no,no,8,8,0.03,0.0298849,150.785,cut,4087,3769,no
rKaHyPar,sat14_post-cbmc-aes-ee-r2-noholes.cnf.hgr,no,no,9,8,0.03,0.0289979,160.136,cut,4394,4082,no
rKaHyPar,sat14_post-cbmc-aes-ee-r2-noholes.cnf.primal.hgr,no,no,0,128,0.03,0.0298077,106.831,cut,55144,45193,no
rKaHyPar,sat14_post-cbmc-aes-ee-r2-noholes.cnf.primal.hgr,no,no,1,128,0.03,0.0298077,155.541,cut,56352,46641,no
rKaHyPar,sat14_post-cbmc-aes-ee-r2-noholes.cnf.primal.hgr,no,no,2,128,0.03,0.0298077,155.465,cut,52700,44555,no
rKaHyPar,sat14_post-cbmc-aes-ee-r2-noholes.cnf.primal.hgr,no,no,3,128,0.03,0.0298077,154.526,cut,52536,43601,no
rKaHyPar,sat14_post-cbmc-aes-ee-r2-noholes.cnf.primal.hgr,no,no,4,128,0.03,0.0298077,154.853,cut,51110,42819,no
rKaHyPar,sat14_post-cbmc-aes-ee-r2-noholes.cnf.primal.hgr,no,no,5,128,0.03,0.0293269,119.689,cut,52964,43169,no
rKaHyPar,sat14_post-cbmc-aes-ee-r2-noholes.cnf.primal.hgr,no,no,6,128,0.03,0.0298077,115.876,cut,52666,45147,no
rKaHyPar,sat14_post-cbmc-aes-ee-r2-noholes.cnf.primal.hgr,no,no,7,128,0.03,0.0298077,152.848,cut,53236,43558,no
rKaHyPar,sat14_post-cbmc-aes-ee-r2-noholes.cnf.primal.hgr,no,no,8,128,0.03,0.0298077,114.789,cut,54077,45953,no
rKaHyPar,sat14_post-cbmc-aes-ee-r2-noholes.cnf.primal.hgr,no,no,9,128,0.03,0.0298077,155.41,cut,53967,45121,no
rKaHyPar,sat14_post-cbmc-aes-ee-r2-noholes.cnf.primal.hgr,no,no,0,16,0.03,0.0287895,109.033,cut,8431,7418,no
rKaHyPar,sat14_post-cbmc-aes-ee-r2-noholes.cnf.primal.hgr,no,no,1,16,0.03,0.029631,109.241,cut,9826,8637,no
rKaHyPar,sat14_post-cbmc-aes-ee-r2-noholes.cnf.primal.hgr,no,no,2,16,0.03,0.0299916,115.681,cut,8783,7753,no
rKaHyPar,sat14_post-cbmc-aes-ee-r2-noholes.cnf.primal.hgr,no,no,3,16,0.03,0.0299315,81.3303,cut,8066,7068,no
rKaHyPar,sat14_post-cbmc-aes-ee-r2-noholes.cnf.primal.hgr,no,no,4,16,0.03,0.0298714,115.365,cut,8667,7766,no
rKaHyPar,sat14_post-cbmc-aes-ee-r2-noholes.cnf.primal.hgr,no,no,5,16,0.03,0.0299916,82.9092,cut,9388,8022,no
rKaHyPar,sat14_post-cbmc-aes-ee-r2-noholes.cnf.primal.hgr,no,no,6,16,0.03,0.0299916,116.409,cut,11580,10322,no
rKaHyPar,sat14_post-cbmc-aes-ee-r2-noholes.cnf.primal.hgr,no,no,7,16,0.03,0.0292102,121.128,cut,10054,9056,no
rKaHyPar,sat14_post-cbmc-aes-ee-r2-noholes.cnf.primal.hgr,no,no,8,16,0.03,0.0275273,113.352,cut,8083,7047,no
rKaHyPar,sat14_post-cbmc-aes-ee-r2-noholes.cnf.primal.hgr,no,no,9,16,0.03,0.0298113,81.2658,cut,9148,8246,no
rKaHyPar,sat14_post-cbmc-aes-ee-r2-noholes.cnf.primal.hgr,no,no,0,2,0.03,0.00108941,27.1054,cut,1041,1041,no
rKaHyPar,sat14_post-cbmc-aes-ee-r2-noholes.cnf.primal.hgr,no,no,1,2,0.03,0.0264538,27.3596,cut,976,976,no
rKaHyPar,sat14_post-cbmc-aes-ee-r2-noholes.cnf.primal.hgr,no,no,2,2,0.03,0.00979715,32.1977,cut,1203,1203,no
rKaHyPar,sat14_post-cbmc-aes-ee-r2-noholes.cnf.primal.hgr,no,no,3,2,0.03,0.00314801,41.2595,cut,862,862,no
rKaHyPar,sat14_post-cbmc-aes-ee-r2-noholes.cnf.primal.hgr,no,no,4,2,0.03,0.00622089,31.8384,cut,1037,1037,no
rKaHyPar,sat14_post-cbmc-aes-ee-r2-noholes.cnf.primal.hgr,no,no,5,2,0.03,0.00241923,29.5001,cut,874,874,no
rKaHyPar,sat14_post-cbmc-aes-ee-r2-noholes.cnf.primal.hgr,no,no,6,2,0.03,0.00244929,32.3128,cut,972,972,no
rKaHyPar,sat14_post-cbmc-aes-ee-r2-noholes.cnf.primal.hgr,no,no,7,2,0.03,0.0278437,33.0964,cut,1265,1265,no
rKaHyPar,sat14_post-cbmc-aes-ee-r2-noholes.cnf.primal.hgr,no,no,8,2,0.03,0.0232382,43.7733,cut,1110,1110,no
rKaHyPar,sat14_post-cbmc-aes-ee-r2-noholes.cnf.primal.hgr,no,no,9,2,0.03,0.0236063,32.2551,cut,1322,1322,no
rKaHyPar,sat14_post-cbmc-aes-ee-r2-noholes.cnf.primal.hgr,no,no,0,32,0.03,0.0298113,125.379,cut,15754,13766,no
rKaHyPar,sat14_post-cbmc-aes-ee-r2-noholes.cnf.primal.hgr,no,no,1,32,0.03,0.0299315,130.85,cut,17608,14601,no
rKaHyPar,sat14_post-cbmc-aes-ee-r2-noholes.cnf.primal.hgr,no,no,2,32,0.03,0.0299315,97.4309,cut,17417,14941,no
rKaHyPar,sat14_post-cbmc-aes-ee-r2-noholes.cnf.primal.hgr,no,no,3,32,0.03,0.0298113,90.9119,cut,17089,15308,no
rKaHyPar,sat14_post-cbmc-aes-ee-r2-noholes.cnf.primal.hgr,no,no,4,32,0.03,0.0299315,103.9,cut,17564,14747,no
rKaHyPar,sat14_post-cbmc-aes-ee-r2-noholes.cnf.primal.hgr,no,no,5,32,0.03,0.0296911,138.764,cut,18227,14518,no
rKaHyPar,sat14_post-cbmc-aes-ee-r2-noholes.cnf.primal.hgr,no,no,6,32,0.03,0.0299315,127.836,cut,18101,16396,no
rKaHyPar,sat14_post-cbmc-aes-ee-r2-noholes.cnf.primal.hgr,no,no,7,32,0.03,0.0299315,93.8707,cut,18287,16476,no
rKaHyPar,sat14_post-cbmc-aes-ee-r2-noholes.cnf.primal.hgr,no,no,8,32,0.03,0.0299315,132.296,cut,19890,15872,no
rKaHyPar,sat14_post-cbmc-aes-ee-r2-noholes.cnf.primal.hgr,no,no,9,32,0.03,0.0298113,96.267,cut,17071,15031,no
rKaHyPar,sat14_post-cbmc-aes-ee-r2-noholes.cnf.primal.hgr,no,no,0,4,0.03,0.0106987,49.7218,cut,1727,1587,no
rKaHyPar,sat14_post-cbmc-aes-ee-r2-noholes.cnf.primal.hgr,no,no,1,4,0.03,0.0263711,49.0072,cut,2021,1685,no
rKaHyPar,sat14_post-cbmc-aes-ee-r2-noholes.cnf.primal.hgr,no,no,2,4,0.03,0.0270624,51.3052,cut,2192,2068,no
rKaHyPar,sat14_post-cbmc-aes-ee-r2-noholes.cnf.primal.hgr,no,no,3,4,0.03,0.0223892,52.06,cut,1689,1577,no
rKaHyPar,sat14_post-cbmc-aes-ee-r2-noholes.cnf.primal.hgr,no,no,4,4,0.03,0.0256799,75.4706,cut,2056,1956,no
rKaHyPar,sat14_post-cbmc-aes-ee-r2-noholes.cnf.primal.hgr,no,no,5,4,0.03,0.0251841,74.9793,cut,1443,1403,no
rKaHyPar,sat14_post-cbmc-aes-ee-r2-noholes.cnf.primal.hgr,no,no,6,4,0.03,0.0179264,56.9169,cut,1973,1865,no
rKaHyPar,sat14_post-cbmc-aes-ee-r2-noholes.cnf.primal.hgr,no,no,7,4,0.03,0.0261608,53.5792,cut,1788,1644,no
rKaHyPar,sat14_post-cbmc-aes-ee-r2-noholes.cnf.primal.hgr,no,no,8,4,0.03,0.0139144,72.7042,cut,1927,1919,no
rKaHyPar,sat14_post-cbmc-aes-ee-r2-noholes.cnf.primal.hgr,no,no,9,4,0.03,0.0140346,54.1467,cut,2132,2108,no
rKaHyPar,sat14_post-cbmc-aes-ee-r2-noholes.cnf.primal.hgr,no,no,0,64,0.03,0.0298077,102.486,cut,29759,24904,no
rKaHyPar,sat14_post-cbmc-aes-ee-r2-noholes.cnf.primal.hgr,no,no,1,64,0.03,0.0298077,136.673,cut,27425,24025,no
rKaHyPar,sat14_post-cbmc-aes-ee-r2-noholes.cnf.primal.hgr,no,no,2,64,0.03,0.0298077,143.917,cut,29109,25331,no
rKaHyPar,sat14_post-cbmc-aes-ee-r2-noholes.cnf.primal.hgr,no,no,3,64,0.03,0.0298077,141.698,cut,29109,22043,no
rKaHyPar,sat14_post-cbmc-aes-ee-r2-noholes.cnf.primal.hgr,no,no,4,64,0.03,0.0298077,105.545,cut,29959,24689,no
rKaHyPar,sat14_post-cbmc-aes-ee-r2-noholes.cnf.primal.hgr,no,no,5,64,0.03,0.0298077,106.584,cut,24879,20694,no
rKaHyPar,sat14_post-cbmc-aes-ee-r2-noholes.cnf.primal.hgr,no,no,6,64,0.03,0.0298077,107.872,cut,24738,21347,no
rKaHyPar,sat14_post-cbmc-aes-ee-r2-noholes.cnf.primal.hgr,no,no,7,64,0.03,0.0298077,156.054,cut,26448,22473,no
rKaHyPar,sat14_post-cbmc-aes-ee-r2-noholes.cnf.primal.hgr,no,no,8,64,0.03,0.0298077,145.46,cut,26060,21281,no
rKaHyPar,sat14_post-cbmc-aes-ee-r2-noholes.cnf.primal.hgr,no,no,9,64,0.03,0.0298077,148.677,cut,30646,22851,no
rKaHyPar,sat14_post-cbmc-aes-ee-r2-noholes.cnf.primal.hgr,no,no,0,8,0.03,0.0294515,66.8139,cut,3817,3385,no
rKaHyPar,sat14_post-cbmc-aes-ee-r2-noholes.cnf.primal.hgr,no,no,1,8,0.03,0.029722,72.2293,cut,4964,4716,no
rKaHyPar,sat14_post-cbmc-aes-ee-r2-noholes.cnf.primal.hgr,no,no,2,8,0.03,0.0294515,74.7969,cut,5246,4818,no
rKaHyPar,sat14_post-cbmc-aes-ee-r2-noholes.cnf.primal.hgr,no,no,3,8,0.03,0.0299324,95.0502,cut,5936,5556,no
rKaHyPar,sat14_post-cbmc-aes-ee-r2-noholes.cnf.primal.hgr,no,no,4,8,0.03,0.0298422,67.6548,cut,6316,5912,no
rKaHyPar,sat14_post-cbmc-aes-ee-r2-noholes.cnf.primal.hgr,no,no,5,8,0.03,0.0299925,102.838,cut,4336,3916,no
rKaHyPar,sat14_post-cbmc-aes-ee-r2-noholes.cnf.primal.hgr,no,no,6,8,0.03,0.0273479,97.6306,cut,6691,6259,no
rKaHyPar,sat14_post-cbmc-aes-ee-r2-noholes.cnf.primal.hgr,no,no,7,8,0.03,0.0299624,96.0991,cut,8120,7772,no
rKaHyPar,sat14_post-cbmc-aes-ee-r2-noholes.cnf.primal.hgr,no,no,8,8,0.03,0.0258152,66.1099,cut,5023,4735,no
rKaHyPar,sat14_post-cbmc-aes-ee-r2-noholes.cnf.primal.hgr,no,no,9,8,0.03,0.0258152,67.4822,cut,6515,6175,no
rKaHyPar,sat14_q_query_3_L100_coli.sat.cnf.dual.hgr,no,no,0,128,0.03,0.0147949,6038.44,cut,83407,3360,no
rKaHyPar,sat14_q_query_3_L100_coli.sat.cnf.dual.hgr,no,no,2,128,0.03,0.00806994,7002.38,cut,83261,3382,no
rKaHyPar,sat14_q_query_3_L100_coli.sat.cnf.dual.hgr,no,no,3,128,0.03,0.0129455,7127.5,cut,85831,3353,no
rKaHyPar,sat14_q_query_3_L100_coli.sat.cnf.dual.hgr,no,no,4,128,0.03,0.00874243,6761.97,cut,75362,3371,no
rKaHyPar,sat14_q_query_3_L100_coli.sat.cnf.dual.hgr,no,no,5,128,0.03,0.0119368,5810.31,cut,82960,3325,no
rKaHyPar,sat14_q_query_3_L100_coli.sat.cnf.dual.hgr,no,no,6,128,0.03,0.0206792,5645.02,cut,79567,3359,no
rKaHyPar,sat14_q_query_3_L100_coli.sat.cnf.dual.hgr,no,no,7,128,0.03,0.0161399,6960.82,cut,81323,3364,no
rKaHyPar,sat14_q_query_3_L100_coli.sat.cnf.dual.hgr,no,no,8,128,0.03,0.00899462,5809.53,cut,81819,3354,no
rKaHyPar,sat14_q_query_3_L100_coli.sat.cnf.dual.hgr,no,no,9,128,0.03,0.0167283,6876.76,cut,78997,3334,no
rKaHyPar,sat14_q_query_3_L100_coli.sat.cnf.dual.hgr,no,no,0,16,0.03,0.0133036,7170.93,cut,11745,1996,no
rKaHyPar,sat14_q_query_3_L100_coli.sat.cnf.dual.hgr,no,no,1,16,0.03,0.0148589,6855.25,cut,12015,1971,no
rKaHyPar,sat14_q_query_3_L100_coli.sat.cnf.dual.hgr,no,no,2,16,0.03,0.0180744,7306.12,cut,12117,1985,no
rKaHyPar,sat14_q_query_3_L100_coli.sat.cnf.dual.hgr,no,no,3,16,0.03,0.0226141,5602.8,cut,11910,1978,no
rKaHyPar,sat14_q_query_3_L100_coli.sat.cnf.dual.hgr,no,no,4,16,0.03,0.0144175,6837.97,cut,11903,1993,no
rKaHyPar,sat14_q_query_3_L100_coli.sat.cnf.dual.hgr,no,no,5,16,0.03,0.0147538,6032.27,cut,11896,1989,no
rKaHyPar,sat14_q_query_3_L100_coli.sat.cnf.dual.hgr,no,no,6,16,0.03,0.0133036,7145.34,cut,12257,1974,no
rKaHyPar,sat14_q_query_3_L100_coli.sat.cnf.dual.hgr,no,no,7,16,0.03,0.0133036,6804.48,cut,11829,1970,no
rKaHyPar,sat14_q_query_3_L100_coli.sat.cnf.dual.hgr,no,no,8,16,0.03,0.0134823,6881.84,cut,11656,1974,no
rKaHyPar,sat14_q_query_3_L100_coli.sat.cnf.dual.hgr,no,no,9,16,0.03,0.0133352,5660.26,cut,12025,2026,no
rKaHyPar,sat14_q_query_3_L100_coli.sat.cnf.dual.hgr,no,no,0,2,0.03,0,5711.91,cut,367,367,no
rKaHyPar,sat14_q_query_3_L100_coli.sat.cnf.dual.hgr,no,no,1,2,0.03,0.00237228,5993.78,cut,401,401,no
rKaHyPar,sat14_q_query_3_L100_coli.sat.cnf.dual.hgr,no,no,2,2,0.03,0,5756.24,cut,367,367,no
rKaHyPar,sat14_q_query_3_L100_coli.sat.cnf.dual.hgr,no,no,3,2,0.03,0,6889.14,cut,369,369,no
rKaHyPar,sat14_q_query_3_L100_coli.sat.cnf.dual.hgr,no,no,4,2,0.03,0,5474.81,cut,369,369,no
rKaHyPar,sat14_q_query_3_L100_coli.sat.cnf.dual.hgr,no,no,5,2,0.03,0,5910.94,cut,367,367,no
rKaHyPar,sat14_q_query_3_L100_coli.sat.cnf.dual.hgr,no,no,6,2,0.03,0.0135506,6056.18,cut,367,367,no
rKaHyPar,sat14_q_query_3_L100_coli.sat.cnf.dual.hgr,no,no,7,2,0.03,0,5559.8,cut,367,367,no
rKaHyPar,sat14_q_query_3_L100_coli.sat.cnf.dual.hgr,no,no,8,2,0.03,0.0190466,7042.62,cut,375,375,no
rKaHyPar,sat14_q_query_3_L100_coli.sat.cnf.dual.hgr,no,no,9,2,0.03,0,5580.34,cut,367,367,no
rKaHyPar,sat14_q_query_3_L100_coli.sat.cnf.dual.hgr,no,no,0,32,0.03,0.0278262,7002.45,cut,24071,2193,no
rKaHyPar,sat14_q_query_3_L100_coli.sat.cnf.dual.hgr,no,no,1,32,0.03,0.0251151,6683.77,cut,23184,2215,no
rKaHyPar,sat14_q_query_3_L100_coli.sat.cnf.dual.hgr,no,no,2,32,0.03,0.0296337,5860.38,cut,23387,2207,no
rKaHyPar,sat14_q_query_3_L100_coli.sat.cnf.dual.hgr,no,no,3,32,0.03,0.0247578,7122.61,cut,23611,2206,no
rKaHyPar,sat14_q_query_3_L100_coli.sat.cnf.dual.hgr,no,no,4,32,0.03,0.0247578,5634.82,cut,22290,2206,no
rKaHyPar,sat14_q_query_3_L100_coli.sat.cnf.dual.hgr,no,no,5,32,0.03,0.0247578,7286.16,cut,22745,2218,no
rKaHyPar,sat14_q_query_3_L100_coli.sat.cnf.dual.hgr,no,no,6,32,0.03,0.0247578,6957.47,cut,25625,2212,no
rKaHyPar,sat14_q_query_3_L100_coli.sat.cnf.dual.hgr,no,no,7,32,0.03,0.0290242,5651.27,cut,23299,2199,no
rKaHyPar,sat14_q_query_3_L100_coli.sat.cnf.dual.hgr,no,no,8,32,0.03,0.0247578,7071.37,cut,23313,2206,no
rKaHyPar,sat14_q_query_3_L100_coli.sat.cnf.dual.hgr,no,no,9,32,0.03,0.0291083,5632.59,cut,23385,2202,no
rKaHyPar,sat14_q_query_3_L100_coli.sat.cnf.dual.hgr,no,no,0,4,0.03,0.028252,5752.11,cut,2107,1402,no
rKaHyPar,sat14_q_query_3_L100_coli.sat.cnf.dual.hgr,no,no,1,4,0.03,0.0253543,6060.78,cut,2092,1390,no
rKaHyPar,sat14_q_query_3_L100_coli.sat.cnf.dual.hgr,no,no,2,4,0.03,0.0271276,6092.96,cut,2025,1341,no
rKaHyPar,sat14_q_query_3_L100_coli.sat.cnf.dual.hgr,no,no,3,4,0.03,0.0263132,5518.75,cut,2062,1367,no
rKaHyPar,sat14_q_query_3_L100_coli.sat.cnf.dual.hgr,no,no,4,4,0.03,0.0260793,6558.73,cut,2096,1389,no
rKaHyPar,sat14_q_query_3_L100_coli.sat.cnf.dual.hgr,no,no,5,4,0.03,0.0273141,7153.22,cut,2045,1344,no
rKaHyPar,sat14_q_query_3_L100_coli.sat.cnf.dual.hgr,no,no,6,4,0.03,0.0286697,6128.42,cut,2059,1383,no
rKaHyPar,sat14_q_query_3_L100_coli.sat.cnf.dual.hgr,no,no,7,4,0.03,0.023778,5637.98,cut,2122,1424,no
rKaHyPar,sat14_q_query_3_L100_coli.sat.cnf.dual.hgr,no,no,8,4,0.03,0.024595,6748.83,cut,2094,1386,no
rKaHyPar,sat14_q_query_3_L100_coli.sat.cnf.dual.hgr,no,no,9,4,0.03,0.0260321,6115.06,cut,2075,1373,no
rKaHyPar,sat14_q_query_3_L100_coli.sat.cnf.dual.hgr,no,no,0,64,0.03,0.0211424,5661.64,cut,43955,2646,no
rKaHyPar,sat14_q_query_3_L100_coli.sat.cnf.dual.hgr,no,no,1,64,0.03,0.0298853,6934.86,cut,46135,2631,no
rKaHyPar,sat14_q_query_3_L100_coli.sat.cnf.dual.hgr,no,no,2,64,0.03,0.0211845,7287.73,cut,42626,2615,no
rKaHyPar,sat14_q_query_3_L100_coli.sat.cnf.dual.hgr,no,no,3,64,0.03,0.0133244,6759.14,cut,42328,2614,no
rKaHyPar,sat14_q_query_3_L100_coli.sat.cnf.dual.hgr,no,no,4,64,0.03,0.0211424,5636.19,cut,41053,2636,no
rKaHyPar,sat14_q_query_3_L100_coli.sat.cnf.dual.hgr,no,no,5,64,0.03,0.024421,5553.97,cut,44718,2601,no
rKaHyPar,sat14_q_query_3_L100_coli.sat.cnf.dual.hgr,no,no,6,64,0.03,0.0146694,5619.77,cut,44186,2616,no
rKaHyPar,sat14_q_query_3_L100_coli.sat.cnf.dual.hgr,no,no,7,64,0.03,0.0177378,6909.41,cut,41878,2650,no
rKaHyPar,sat14_q_query_3_L100_coli.sat.cnf.dual.hgr,no,no,8,64,0.03,0.024379,6584.13,cut,43388,2606,no
rKaHyPar,sat14_q_query_3_L100_coli.sat.cnf.dual.hgr,no,no,9,64,0.03,0.0140389,6897.24,cut,44881,2626,no
rKaHyPar,sat14_q_query_3_L100_coli.sat.cnf.dual.hgr,no,no,0,8,0.03,0.0131408,5983.18,cut,5757,1798,no
rKaHyPar,sat14_q_query_3_L100_coli.sat.cnf.dual.hgr,no,no,1,8,0.03,0.0265759,5569.46,cut,5505,1797,no
rKaHyPar,sat14_q_query_3_L100_coli.sat.cnf.dual.hgr,no,no,2,8,0.03,0.0134876,6113.66,cut,5491,1774,no
rKaHyPar,sat14_q_query_3_L100_coli.sat.cnf.dual.hgr,no,no,3,8,0.03,0.0127888,6913.19,cut,5868,1742,no
rKaHyPar,sat14_q_query_3_L100_coli.sat.cnf.dual.hgr,no,no,4,8,0.03,0.0162881,5584.58,cut,5773,1734,no
rKaHyPar,sat14_q_query_3_L100_coli.sat.cnf.dual.hgr,no,no,5,8,0.03,0.029513,7231.11,cut,5378,1725,no
rKaHyPar,sat14_q_query_3_L100_coli.sat.cnf.dual.hgr,no,no,7,8,0.03,0.01798,6923.87,cut,5841,1767,no
rKaHyPar,sat14_q_query_3_L100_coli.sat.cnf.dual.hgr,no,no,8,8,0.03,0.0283465,5822.77,cut,5848,1712,no
rKaHyPar,sat14_q_query_3_L100_coli.sat.cnf.dual.hgr,no,no,9,8,0.03,0.0130778,5607.13,cut,5792,1754,no
rKaHyPar,sat14_q_query_3_L100_coli.sat.cnf.hgr,no,no,0,128,0.03,0.0298054,1456.77,cut,1316483,885627,no
rKaHyPar,sat14_q_query_3_L100_coli.sat.cnf.hgr,no,no,2,128,0.03,0.0298054,1606.22,cut,1318717,886937,no
rKaHyPar,sat14_q_query_3_L100_coli.sat.cnf.hgr,no,no,3,128,0.03,0.0298054,2172.76,cut,1294468,885992,no
rKaHyPar,sat14_q_query_3_L100_coli.sat.cnf.hgr,no,no,4,128,0.03,0.0298054,1796.37,cut,1300939,885575,no
rKaHyPar,sat14_q_query_3_L100_coli.sat.cnf.hgr,no,no,5,128,0.03,0.0298054,1478.68,cut,1275158,879650,no
rKaHyPar,sat14_q_query_3_L100_coli.sat.cnf.hgr,no,no,6,128,0.03,0.0298054,1555.65,cut,1302685,881990,no
rKaHyPar,sat14_q_query_3_L100_coli.sat.cnf.hgr,no,no,7,128,0.03,0.0298054,2259.78,cut,1280027,883338,no
rKaHyPar,sat14_q_query_3_L100_coli.sat.cnf.hgr,no,no,8,128,0.03,0.0298054,1422.09,cut,1317751,882682,no
rKaHyPar,sat14_q_query_3_L100_coli.sat.cnf.hgr,no,no,9,128,0.03,0.0298054,1867.45,cut,1301144,877849,no
rKaHyPar,sat14_q_query_3_L100_coli.sat.cnf.hgr,no,no,0,16,0.03,0.029985,1567.25,cut,461126,350372,no
rKaHyPar,sat14_q_query_3_L100_coli.sat.cnf.hgr,no,no,1,16,0.03,0.029985,2857.49,cut,478326,348045,no
rKaHyPar,sat14_q_query_3_L100_coli.sat.cnf.hgr,no,no,2,16,0.03,0.029985,2388.42,cut,450600,355840,no
rKaHyPar,sat14_q_query_3_L100_coli.sat.cnf.hgr,no,no,3,16,0.03,0.029985,1646.27,cut,472867,369069,no
rKaHyPar,sat14_q_query_3_L100_coli.sat.cnf.hgr,no,no,4,16,0.03,0.029985,1569.09,cut,468254,359274,no
rKaHyPar,sat14_q_query_3_L100_coli.sat.cnf.hgr,no,no,5,16,0.03,0.029985,1799.36,cut,455529,356770,no
rKaHyPar,sat14_q_query_3_L100_coli.sat.cnf.hgr,no,no,6,16,0.03,0.029985,2744.26,cut,453622,357620,no
rKaHyPar,sat14_q_query_3_L100_coli.sat.cnf.hgr,no,no,7,16,0.03,0.029985,2302.1,cut,469344,370327,no
rKaHyPar,sat14_q_query_3_L100_coli.sat.cnf.hgr,no,no,8,16,0.03,0.029985,2608.08,cut,478736,358939,no
rKaHyPar,sat14_q_query_3_L100_coli.sat.cnf.hgr,no,no,9,16,0.03,0.029985,1479.91,cut,468833,352020,no
rKaHyPar,sat14_q_query_3_L100_coli.sat.cnf.hgr,no,no,0,2,0.03,0,495.199,cut,60618,60618,no
rKaHyPar,sat14_q_query_3_L100_coli.sat.cnf.hgr,no,no,1,2,0.03,0.0299984,4339.21,cut,83141,83141,no
rKaHyPar,sat14_q_query_3_L100_coli.sat.cnf.hgr,no,no,2,2,0.03,0.0299794,4251.86,cut,83263,83263,no
rKaHyPar,sat14_q_query_3_L100_coli.sat.cnf.hgr,no,no,3,2,0.03,0.0299984,11703.3,cut,83284,83284,no
rKaHyPar,sat14_q_query_3_L100_coli.sat.cnf.hgr,no,no,4,2,0.03,0.0299984,4877.42,cut,83352,83352,no
rKaHyPar,sat14_q_query_3_L100_coli.sat.cnf.hgr,no,no,5,2,0.03,0.0299984,4676.28,cut,82759,82759,no
rKaHyPar,sat14_q_query_3_L100_coli.sat.cnf.hgr,no,no,6,2,0.03,0.0299984,8842.27,cut,83655,83655,no
rKaHyPar,sat14_q_query_3_L100_coli.sat.cnf.hgr,no,no,7,2,0.03,0.0299984,2248.71,cut,94898,94898,no
rKaHyPar,sat14_q_query_3_L100_coli.sat.cnf.hgr,no,no,8,2,0.03,0.0299952,6773.93,cut,83332,83332,no
rKaHyPar,sat14_q_query_3_L100_coli.sat.cnf.hgr,no,no,9,2,0.03,0.0299984,7443.27,cut,82748,82748,no
rKaHyPar,sat14_q_query_3_L100_coli.sat.cnf.hgr,no,no,0,32,0.03,0.0299589,2102,cut,668951,474411,no
rKaHyPar,sat14_q_query_3_L100_coli.sat.cnf.hgr,no,no,1,32,0.03,0.0299589,1373.95,cut,640969,458069,no
rKaHyPar,sat14_q_query_3_L100_coli.sat.cnf.hgr,no,no,2,32,0.03,0.0299589,1568.02,cut,644879,453820,no
rKaHyPar,sat14_q_query_3_L100_coli.sat.cnf.hgr,no,no,3,32,0.03,0.0299589,1553.97,cut,655034,457780,no
rKaHyPar,sat14_q_query_3_L100_coli.sat.cnf.hgr,no,no,4,32,0.03,0.0299589,2047.41,cut,655981,479162,no
rKaHyPar,sat14_q_query_3_L100_coli.sat.cnf.hgr,no,no,5,32,0.03,0.0299589,1965.3,cut,670098,479141,no
rKaHyPar,sat14_q_query_3_L100_coli.sat.cnf.hgr,no,no,6,32,0.03,0.0299589,2406.42,cut,658895,463571,no
rKaHyPar,sat14_q_query_3_L100_coli.sat.cnf.hgr,no,no,7,32,0.03,0.0299589,1667.7,cut,638145,455737,no
rKaHyPar,sat14_q_query_3_L100_coli.sat.cnf.hgr,no,no,8,32,0.03,0.0299589,1948.93,cut,659177,463187,no
rKaHyPar,sat14_q_query_3_L100_coli.sat.cnf.hgr,no,no,9,32,0.03,0.0299589,1462.03,cut,648870,452831,no
rKaHyPar,sat14_q_query_3_L100_coli.sat.cnf.hgr,no,no,0,4,0.03,0.0299983,3291.9,cut,163764,140757,no
rKaHyPar,sat14_q_query_3_L100_coli.sat.cnf.hgr,no,no,1,4,0.03,0.0148851,4689.4,cut,199036,162431,no
rKaHyPar,sat14_q_query_3_L100_coli.sat.cnf.hgr,no,no,2,4,0.03,0.0148851,8688.9,cut,193053,156588,no
rKaHyPar,sat14_q_query_3_L100_coli.sat.cnf.hgr,no,no,3,4,0.03,0.0237756,9469.58,cut,184062,150408,no
rKaHyPar,sat14_q_query_3_L100_coli.sat.cnf.hgr,no,no,4,4,0.03,0.0148471,4615.24,cut,180990,150054,no
rKaHyPar,sat14_q_query_3_L100_coli.sat.cnf.hgr,no,no,5,4,0.03,0.0299983,11336.5,cut,179719,149524,no
rKaHyPar,sat14_q_query_3_L100_coli.sat.cnf.hgr,no,no,6,4,0.03,0.0148661,11314.7,cut,190886,154894,no
rKaHyPar,sat14_q_query_3_L100_coli.sat.cnf.hgr,no,no,7,4,0.03,0.0148724,3495.09,cut,178592,149213,no
rKaHyPar,sat14_q_query_3_L100_coli.sat.cnf.hgr,no,no,8,4,0.03,0.029992,8180.5,cut,185234,157572,no
rKaHyPar,sat14_q_query_3_L100_coli.sat.cnf.hgr,no,no,9,4,0.03,0.0148787,3624.94,cut,178579,149304,no
rKaHyPar,sat14_q_query_3_L100_coli.sat.cnf.hgr,no,no,0,64,0.03,0.0299067,1489.37,cut,987921,702132,no
rKaHyPar,sat14_q_query_3_L100_coli.sat.cnf.hgr,no,no,1,64,0.03,0.0299067,2040.4,cut,993891,701030,no
rKaHyPar,sat14_q_query_3_L100_coli.sat.cnf.hgr,no,no,2,64,0.03,0.0299067,2255.08,cut,969970,694763,no
rKaHyPar,sat14_q_query_3_L100_coli.sat.cnf.hgr,no,no,3,64,0.03,0.0299067,2050.97,cut,966615,695377,no
rKaHyPar,sat14_q_query_3_L100_coli.sat.cnf.hgr,no,no,4,64,0.03,0.0299067,1369.55,cut,954296,696259,no
rKaHyPar,sat14_q_query_3_L100_coli.sat.cnf.hgr,no,no,5,64,0.03,0.0299067,1602.76,cut,997146,705855,no
rKaHyPar,sat14_q_query_3_L100_coli.sat.cnf.hgr,no,no,6,64,0.03,0.0299067,2248.87,cut,1006172,717206,no
rKaHyPar,sat14_q_query_3_L100_coli.sat.cnf.hgr,no,no,7,64,0.03,0.0299067,2452.4,cut,983233,694623,no
rKaHyPar,sat14_q_query_3_L100_coli.sat.cnf.hgr,no,no,8,64,0.03,0.0299067,2514.92,cut,981306,705392,no
rKaHyPar,sat14_q_query_3_L100_coli.sat.cnf.hgr,no,no,9,64,0.03,0.0299067,1963.45,cut,969234,696830,no
rKaHyPar,sat14_q_query_3_L100_coli.sat.cnf.hgr,no,no,0,8,0.03,0.0299981,1714.93,cut,314107,242710,no
rKaHyPar,sat14_q_query_3_L100_coli.sat.cnf.hgr,no,no,1,8,0.03,0.0299981,4959.58,cut,312474,240954,no
rKaHyPar,sat14_q_query_3_L100_coli.sat.cnf.hgr,no,no,2,8,0.03,0.0299981,2856.3,cut,331535,263025,no
rKaHyPar,sat14_q_query_3_L100_coli.sat.cnf.hgr,no,no,3,8,0.03,0.0299981,2795.45,cut,334292,263551,no
rKaHyPar,sat14_q_query_3_L100_coli.sat.cnf.hgr,no,no,4,8,0.03,0.0123186,1918.29,cut,304703,235821,no
rKaHyPar,sat14_q_query_3_L100_coli.sat.cnf.hgr,no,no,5,8,0.03,0.0295925,3461.66,cut,336040,261768,no
rKaHyPar,sat14_q_query_3_L100_coli.sat.cnf.hgr,no,no,7,8,0.03,0.0299981,3463.63,cut,334640,264197,no
rKaHyPar,sat14_q_query_3_L100_coli.sat.cnf.hgr,no,no,8,8,0.03,0.0299981,2736.44,cut,313574,254952,no
rKaHyPar,sat14_q_query_3_L100_coli.sat.cnf.hgr,no,no,9,8,0.03,0.0299981,2120.31,cut,309365,246217,no
rKaHyPar,sat14_q_query_3_L100_coli.sat.cnf.primal.hgr,no,no,0,128,0.03,0.0296026,821.285,cut,1300160,970592,no
rKaHyPar,sat14_q_query_3_L100_coli.sat.cnf.primal.hgr,no,no,2,128,0.03,0.0296026,742.702,cut,1306534,980071,no
rKaHyPar,sat14_q_query_3_L100_coli.sat.cnf.primal.hgr,no,no,3,128,0.03,0.0296026,973.891,cut,1302089,958048,no
rKaHyPar,sat14_q_query_3_L100_coli.sat.cnf.primal.hgr,no,no,4,128,0.03,0.0296026,908.092,cut,1311275,970855,no
rKaHyPar,sat14_q_query_3_L100_coli.sat.cnf.primal.hgr,no,no,5,128,0.03,0.0296026,702.556,cut,1309665,973676,no
rKaHyPar,sat14_q_query_3_L100_coli.sat.cnf.primal.hgr,no,no,6,128,0.03,0.0296026,763.112,cut,1295460,977014,no
rKaHyPar,sat14_q_query_3_L100_coli.sat.cnf.primal.hgr,no,no,7,128,0.03,0.0296026,1093.29,cut,1285982,959028,no
rKaHyPar,sat14_q_query_3_L100_coli.sat.cnf.primal.hgr,no,no,8,128,0.03,0.0296026,1008.21,cut,1292272,958672,no
rKaHyPar,sat14_q_query_3_L100_coli.sat.cnf.primal.hgr,no,no,9,128,0.03,0.0296026,985.469,cut,1318487,959929,no
rKaHyPar,sat14_q_query_3_L100_coli.sat.cnf.primal.hgr,no,no,0,16,0.03,0.0299589,1161.76,cut,537610,463464,no
rKaHyPar,sat14_q_query_3_L100_coli.sat.cnf.primal.hgr,no,no,1,16,0.03,0.0299589,2096.99,cut,542605,457863,no
rKaHyPar,sat14_q_query_3_L100_coli.sat.cnf.primal.hgr,no,no,2,16,0.03,0.0299589,1411.38,cut,556226,469872,no
rKaHyPar,sat14_q_query_3_L100_coli.sat.cnf.primal.hgr,no,no,3,16,0.03,0.0299589,1217.92,cut,535906,452401,no
rKaHyPar,sat14_q_query_3_L100_coli.sat.cnf.primal.hgr,no,no,4,16,0.03,0.0299589,1664.18,cut,537143,453552,no
rKaHyPar,sat14_q_query_3_L100_coli.sat.cnf.primal.hgr,no,no,5,16,0.03,0.0299589,1161.86,cut,559313,474269,no
rKaHyPar,sat14_q_query_3_L100_coli.sat.cnf.primal.hgr,no,no,6,16,0.03,0.0299589,1039.33,cut,526808,459129,no
rKaHyPar,sat14_q_query_3_L100_coli.sat.cnf.primal.hgr,no,no,7,16,0.03,0.0299589,1670.77,cut,567431,493215,no
rKaHyPar,sat14_q_query_3_L100_coli.sat.cnf.primal.hgr,no,no,8,16,0.03,0.0299589,2431.77,cut,532511,457494,no
rKaHyPar,sat14_q_query_3_L100_coli.sat.cnf.primal.hgr,no,no,9,16,0.03,0.0299589,1175.18,cut,567912,488272,no
rKaHyPar,sat14_q_query_3_L100_coli.sat.cnf.primal.hgr,no,no,0,2,0.03,0.0299983,2449.95,cut,116417,116417,no
rKaHyPar,sat14_q_query_3_L100_coli.sat.cnf.primal.hgr,no,no,1,2,0.03,0.0299983,1171.89,cut,86228,86228,no
rKaHyPar,sat14_q_query_3_L100_coli.sat.cnf.primal.hgr,no,no,2,2,0.03,0.00962556,186.458,cut,98594,98594,no
rKaHyPar,sat14_q_query_3_L100_coli.sat.cnf.primal.hgr,no,no,3,2,0.03,0.0299983,2719.79,cut,87946,87946,no
rKaHyPar,sat14_q_query_3_L100_coli.sat.cnf.primal.hgr,no,no,4,2,0.03,0.00962556,191.225,cut,98594,98594,no
rKaHyPar,sat14_q_query_3_L100_coli.sat.cnf.primal.hgr,no,no,5,2,0.03,0.0299856,1953.82,cut,89577,89577,no
rKaHyPar,sat14_q_query_3_L100_coli.sat.cnf.primal.hgr,no,no,6,2,0.03,0.00570943,176.958,cut,98602,98602,no
rKaHyPar,sat14_q_query_3_L100_coli.sat.cnf.primal.hgr,no,no,7,2,0.03,0.0299983,1692.19,cut,88316,88316,no
rKaHyPar,sat14_q_query_3_L100_coli.sat.cnf.primal.hgr,no,no,8,2,0.03,0.029992,2099.63,cut,89199,89199,no
rKaHyPar,sat14_q_query_3_L100_coli.sat.cnf.primal.hgr,no,no,9,2,0.03,0.0299983,1319.62,cut,88017,88017,no
rKaHyPar,sat14_q_query_3_L100_coli.sat.cnf.primal.hgr,no,no,0,32,0.03,0.0299067,1272.99,cut,794962,633728,no
rKaHyPar,sat14_q_query_3_L100_coli.sat.cnf.primal.hgr,no,no,1,32,0.03,0.0299067,1226.98,cut,787526,641972,no
rKaHyPar,sat14_q_query_3_L100_coli.sat.cnf.primal.hgr,no,no,2,32,0.03,0.0299067,893.67,cut,828883,670968,no
rKaHyPar,sat14_q_query_3_L100_coli.sat.cnf.primal.hgr,no,no,3,32,0.03,0.0299067,1414.7,cut,806753,651294,no
rKaHyPar,sat14_q_query_3_L100_coli.sat.cnf.primal.hgr,no,no,4,32,0.03,0.0299067,1049.83,cut,787396,658940,no
rKaHyPar,sat14_q_query_3_L100_coli.sat.cnf.primal.hgr,no,no,5,32,0.03,0.0299067,1298.9,cut,790126,628617,no
rKaHyPar,sat14_q_query_3_L100_coli.sat.cnf.primal.hgr,no,no,6,32,0.03,0.0299067,1882.27,cut,820038,672291,no
rKaHyPar,sat14_q_query_3_L100_coli.sat.cnf.primal.hgr,no,no,7,32,0.03,0.0299067,1276.64,cut,809178,660555,no
rKaHyPar,sat14_q_query_3_L100_coli.sat.cnf.primal.hgr,no,no,8,32,0.03,0.0299067,1544.92,cut,797282,648008,no
rKaHyPar,sat14_q_query_3_L100_coli.sat.cnf.primal.hgr,no,no,9,32,0.03,0.0299067,931.683,cut,774444,639268,no
rKaHyPar,sat14_q_query_3_L100_coli.sat.cnf.primal.hgr,no,no,0,4,0.03,0.0299981,973.806,cut,169346,153664,no
rKaHyPar,sat14_q_query_3_L100_coli.sat.cnf.primal.hgr,no,no,1,4,0.03,0.0299981,3495.26,cut,213704,187437,no
rKaHyPar,sat14_q_query_3_L100_coli.sat.cnf.primal.hgr,no,no,2,4,0.03,0.0299981,554.074,cut,202539,183216,no
rKaHyPar,sat14_q_query_3_L100_coli.sat.cnf.primal.hgr,no,no,3,4,0.03,0.0299601,2501.59,cut,188201,157648,no
rKaHyPar,sat14_q_query_3_L100_coli.sat.cnf.primal.hgr,no,no,4,4,0.03,0.0148787,675.725,cut,221690,186328,no
rKaHyPar,sat14_q_query_3_L100_coli.sat.cnf.primal.hgr,no,no,5,4,0.03,0.0299981,4522.83,cut,217836,203175,no
rKaHyPar,sat14_q_query_3_L100_coli.sat.cnf.primal.hgr,no,no,6,4,0.03,0.0299981,3378.1,cut,207677,183107,no
rKaHyPar,sat14_q_query_3_L100_coli.sat.cnf.primal.hgr,no,no,7,4,0.03,0.0148787,850.104,cut,202312,181681,no
rKaHyPar,sat14_q_query_3_L100_coli.sat.cnf.primal.hgr,no,no,8,4,0.03,0.0299981,2590.07,cut,187755,157602,no
rKaHyPar,sat14_q_query_3_L100_coli.sat.cnf.primal.hgr,no,no,9,4,0.03,0.0299981,1689.86,cut,173833,158147,no
rKaHyPar,sat14_q_query_3_L100_coli.sat.cnf.primal.hgr,no,no,0,64,0.03,0.0298054,891.743,cut,1064392,824878,no
rKaHyPar,sat14_q_query_3_L100_coli.sat.cnf.primal.hgr,no,no,1,64,0.03,0.0298054,1059.9,cut,1043981,803871,no
rKaHyPar,sat14_q_query_3_L100_coli.sat.cnf.primal.hgr,no,no,2,64,0.03,0.0298054,1520.68,cut,1009275,777785,no
rKaHyPar,sat14_q_query_3_L100_coli.sat.cnf.primal.hgr,no,no,3,64,0.03,0.0298054,1325.31,cut,1058093,796921,no
rKaHyPar,sat14_q_query_3_L100_coli.sat.cnf.primal.hgr,no,no,4,64,0.03,0.0298054,709.582,cut,1063757,806470,no
rKaHyPar,sat14_q_query_3_L100_coli.sat.cnf.primal.hgr,no,no,5,64,0.03,0.0298054,1013.76,cut,1053171,796206,no
rKaHyPar,sat14_q_query_3_L100_coli.sat.cnf.primal.hgr,no,no,6,64,0.03,0.0298054,989.172,cut,1037907,808481,no
rKaHyPar,sat14_q_query_3_L100_coli.sat.cnf.primal.hgr,no,no,7,64,0.03,0.0298054,1086.76,cut,1036861,803152,no
rKaHyPar,sat14_q_query_3_L100_coli.sat.cnf.primal.hgr,no,no,8,64,0.03,0.0298054,1447.22,cut,1046026,809442,no
rKaHyPar,sat14_q_query_3_L100_coli.sat.cnf.primal.hgr,no,no,9,64,0.03,0.0298054,1056.19,cut,1069733,794505,no
rKaHyPar,sat14_q_query_3_L100_coli.sat.cnf.primal.hgr,no,no,0,8,0.03,0.029985,2231.81,cut,374900,330008,no
rKaHyPar,sat14_q_query_3_L100_coli.sat.cnf.primal.hgr,no,no,1,8,0.03,0.029985,1810.43,cut,361067,330482,no
rKaHyPar,sat14_q_query_3_L100_coli.sat.cnf.primal.hgr,no,no,2,8,0.03,0.029985,1380.34,cut,333161,292767,no
rKaHyPar,sat14_q_query_3_L100_coli.sat.cnf.primal.hgr,no,no,3,8,0.03,0.029985,1798.66,cut,346138,310297,no
rKaHyPar,sat14_q_query_3_L100_coli.sat.cnf.primal.hgr,no,no,4,8,0.03,0.029985,1222.18,cut,379888,334869,no
rKaHyPar,sat14_q_query_3_L100_coli.sat.cnf.primal.hgr,no,no,5,8,0.03,0.029985,2304.1,cut,398496,363916,no
rKaHyPar,sat14_q_query_3_L100_coli.sat.cnf.primal.hgr,no,no,7,8,0.03,0.029985,2005.23,cut,364626,319050,no
rKaHyPar,sat14_q_query_3_L100_coli.sat.cnf.primal.hgr,no,no,8,8,0.03,0.029985,2017.05,cut,356814,317995,no
rKaHyPar,sat14_q_query_3_L100_coli.sat.cnf.primal.hgr,no,no,9,8,0.03,0.029985,1588.7,cut,338247,298014,no
rKaHyPar,sat14_q_query_3_L150_coli.sat.cnf.dual.hgr,no,no,0,128,0.03,0.0236532,17767,cut,104974,3988,no
rKaHyPar,sat14_q_query_3_L150_coli.sat.cnf.dual.hgr,no,no,1,128,0.03,0.0250078,16090.9,cut,101328,4000,no
rKaHyPar,sat14_q_query_3_L150_coli.sat.cnf.dual.hgr,no,no,2,128,0.03,0.0196416,16665,cut,105415,3993,no
rKaHyPar,sat14_q_query_3_L150_coli.sat.cnf.dual.hgr,no,no,3,128,0.03,0.0276649,19172.7,cut,105906,3996,no
rKaHyPar,sat14_q_query_3_L150_coli.sat.cnf.dual.hgr,no,no,4,128,0.03,0.0247994,16701.6,cut,108878,4000,no
rKaHyPar,sat14_q_query_3_L150_coli.sat.cnf.dual.hgr,no,no,5,128,0.03,0.0219339,16619.5,cut,107909,3996,no
rKaHyPar,sat14_q_query_3_L150_coli.sat.cnf.dual.hgr,no,no,6,128,0.03,0.0169845,17462.2,cut,105515,3993,no
rKaHyPar,sat14_q_query_3_L150_coli.sat.cnf.dual.hgr,no,no,7,128,0.03,0.0224549,19318.6,cut,113826,3995,no
rKaHyPar,sat14_q_query_3_L150_coli.sat.cnf.dual.hgr,no,no,8,128,0.03,0.0264666,16707.6,cut,107302,3982,no
rKaHyPar,sat14_q_query_3_L150_coli.sat.cnf.dual.hgr,no,no,9,128,0.03,0.0208398,19931.6,cut,109656,3983,no
rKaHyPar,sat14_q_query_3_L150_coli.sat.cnf.dual.hgr,no,no,0,16,0.03,0.0104204,19811.3,cut,15868,2722,no
rKaHyPar,sat14_q_query_3_L150_coli.sat.cnf.dual.hgr,no,no,1,16,0.03,0.0192191,18803.4,cut,15130,2754,no
rKaHyPar,sat14_q_query_3_L150_coli.sat.cnf.dual.hgr,no,no,2,16,0.03,0.0130971,20629.8,cut,16132,2713,no
rKaHyPar,sat14_q_query_3_L150_coli.sat.cnf.dual.hgr,no,no,3,16,0.03,0.01354,16022.3,cut,15875,2752,no
rKaHyPar,sat14_q_query_3_L150_coli.sat.cnf.dual.hgr,no,no,4,16,0.03,0.0263571,19341.9,cut,15679,2707,no
rKaHyPar,sat14_q_query_3_L150_coli.sat.cnf.dual.hgr,no,no,5,16,0.03,0.0259077,16402.5,cut,16257,2739,no
rKaHyPar,sat14_q_query_3_L150_coli.sat.cnf.dual.hgr,no,no,6,16,0.03,0.0166075,19168.4,cut,15052,2735,no
rKaHyPar,sat14_q_query_3_L150_coli.sat.cnf.dual.hgr,no,no,7,16,0.03,0.0135791,16206,cut,16008,2733,no
rKaHyPar,sat14_q_query_3_L150_coli.sat.cnf.dual.hgr,no,no,8,16,0.03,0.0127715,19749.9,cut,16222,2707,no
rKaHyPar,sat14_q_query_3_L150_coli.sat.cnf.dual.hgr,no,no,9,16,0.03,0.0272624,15889.1,cut,15219,2711,no
rKaHyPar,sat14_q_query_3_L150_coli.sat.cnf.dual.hgr,no,no,1,2,0.03,0.0242829,17595.9,cut,335,335,no
rKaHyPar,sat14_q_query_3_L150_coli.sat.cnf.dual.hgr,no,no,2,2,0.03,0.0242829,17738.8,cut,335,335,no
rKaHyPar,sat14_q_query_3_L150_coli.sat.cnf.dual.hgr,no,no,3,2,0.03,0.0242829,20620.6,cut,335,335,no
rKaHyPar,sat14_q_query_3_L150_coli.sat.cnf.dual.hgr,no,no,4,2,0.03,0,16192.7,cut,367,367,no
rKaHyPar,sat14_q_query_3_L150_coli.sat.cnf.dual.hgr,no,no,7,2,0.03,0.0242829,17346.1,cut,335,335,no
rKaHyPar,sat14_q_query_3_L150_coli.sat.cnf.dual.hgr,no,no,8,2,0.03,0.0242829,20883.6,cut,335,335,no
rKaHyPar,sat14_q_query_3_L150_coli.sat.cnf.dual.hgr,no,no,9,2,0.03,0.0242829,17409.6,cut,335,335,no
rKaHyPar,sat14_q_query_3_L150_coli.sat.cnf.dual.hgr,no,no,0,32,0.03,0.0265588,16018.3,cut,29744,2974,no
rKaHyPar,sat14_q_query_3_L150_coli.sat.cnf.dual.hgr,no,no,1,32,0.03,0.0175062,16412.5,cut,30589,2954,no
rKaHyPar,sat14_q_query_3_L150_coli.sat.cnf.dual.hgr,no,no,3,32,0.03,0.0245529,15977.5,cut,30549,2951,no
rKaHyPar,sat14_q_query_3_L150_coli.sat.cnf.dual.hgr,no,no,4,32,0.03,0.0193688,19491.6,cut,30425,2954,no
rKaHyPar,sat14_q_query_3_L150_coli.sat.cnf.dual.hgr,no,no,5,32,0.03,0.0175062,20999.7,cut,29260,2975,no
rKaHyPar,sat14_q_query_3_L150_coli.sat.cnf.dual.hgr,no,no,6,32,0.03,0.0265588,19317.6,cut,32047,2944,no
rKaHyPar,sat14_q_query_3_L150_coli.sat.cnf.dual.hgr,no,no,8,32,0.03,0.0175062,20010.1,cut,32299,2989,no
rKaHyPar,sat14_q_query_3_L150_coli.sat.cnf.dual.hgr,no,no,9,32,0.03,0.0265588,19559.2,cut,29846,2953,no
rKaHyPar,sat14_q_query_3_L150_coli.sat.cnf.dual.hgr,no,no,0,4,0.03,0.0188203,17716.5,cut,2688,1984,no
rKaHyPar,sat14_q_query_3_L150_coli.sat.cnf.dual.hgr,no,no,1,4,0.03,0.026665,18947.5,cut,2718,2038,no
rKaHyPar,sat14_q_query_3_L150_coli.sat.cnf.dual.hgr,no,no,2,4,0.03,0.0274449,17073.8,cut,2703,2000,no
rKaHyPar,sat14_q_query_3_L150_coli.sat.cnf.dual.hgr,no,no,3,4,0.03,0.00301705,16010.7,cut,2788,2103,no
rKaHyPar,sat14_q_query_3_L150_coli.sat.cnf.dual.hgr,no,no,4,4,0.03,0.0272071,19123.3,cut,2642,1944,no
rKaHyPar,sat14_q_query_3_L150_coli.sat.cnf.dual.hgr,no,no,5,4,0.03,0.0281482,20917.3,cut,2789,2103,no
rKaHyPar,sat14_q_query_3_L150_coli.sat.cnf.dual.hgr,no,no,6,4,0.03,0.0296494,19285.4,cut,2647,1962,no
rKaHyPar,sat14_q_query_3_L150_coli.sat.cnf.dual.hgr,no,no,7,4,0.03,0.0282866,17140.5,cut,2650,1965,no
rKaHyPar,sat14_q_query_3_L150_coli.sat.cnf.dual.hgr,no,no,8,4,0.03,0.0288028,19331.7,cut,2686,1983,no
rKaHyPar,sat14_q_query_3_L150_coli.sat.cnf.dual.hgr,no,no,9,4,0.03,0.0297781,19237.3,cut,2728,2042,no
rKaHyPar,sat14_q_query_3_L150_coli.sat.cnf.dual.hgr,no,no,0,64,0.03,0.0298799,19339.4,cut,56535,3292,no
rKaHyPar,sat14_q_query_3_L150_coli.sat.cnf.dual.hgr,no,no,1,64,0.03,0.025816,19157.2,cut,61410,3300,no
rKaHyPar,sat14_q_query_3_L150_coli.sat.cnf.dual.hgr,no,no,2,64,0.03,0.0247219,19719.3,cut,59485,3312,no
rKaHyPar,sat14_q_query_3_L150_coli.sat.cnf.dual.hgr,no,no,3,64,0.03,0.0248261,19086.3,cut,57728,3350,no
rKaHyPar,sat14_q_query_3_L150_coli.sat.cnf.dual.hgr,no,no,4,64,0.03,0.0242791,17291,cut,56178,3308,no
rKaHyPar,sat14_q_query_3_L150_coli.sat.cnf.dual.hgr,no,no,5,64,0.03,0.0254774,16277.2,cut,60659,3296,no
rKaHyPar,sat14_q_query_3_L150_coli.sat.cnf.dual.hgr,no,no,6,64,0.03,0.0244875,19324.7,cut,61984,3292,no
rKaHyPar,sat14_q_query_3_L150_coli.sat.cnf.dual.hgr,no,no,7,64,0.03,0.0247219,20523.1,cut,56605,3279,no
rKaHyPar,sat14_q_query_3_L150_coli.sat.cnf.dual.hgr,no,no,8,64,0.03,0.0241488,19601.9,cut,54328,3301,no
rKaHyPar,sat14_q_query_3_L150_coli.sat.cnf.dual.hgr,no,no,9,64,0.03,0.0246698,21223.2,cut,61049,3309,no
rKaHyPar,sat14_q_query_3_L150_coli.sat.cnf.dual.hgr,no,no,0,8,0.03,0.0150705,18607.7,cut,7827,2451,no
rKaHyPar,sat14_q_query_3_L150_coli.sat.cnf.dual.hgr,no,no,1,8,0.03,0.0264874,15954.9,cut,7923,2453,no
rKaHyPar,sat14_q_query_3_L150_coli.sat.cnf.dual.hgr,no,no,2,8,0.03,0.0285748,17720,cut,7714,2463,no
rKaHyPar,sat14_q_query_3_L150_coli.sat.cnf.dual.hgr,no,no,3,8,0.03,0.00904949,15831.3,cut,7784,2565,no
rKaHyPar,sat14_q_query_3_L150_coli.sat.cnf.dual.hgr,no,no,4,8,0.03,0.0132046,16634.3,cut,7680,2458,no
rKaHyPar,sat14_q_query_3_L150_coli.sat.cnf.dual.hgr,no,no,5,8,0.03,0.0168909,21002.1,cut,7593,2436,no
rKaHyPar,sat14_q_query_3_L150_coli.sat.cnf.dual.hgr,no,no,7,8,0.03,0.0162038,20306.2,cut,7649,2404,no
rKaHyPar,sat14_q_query_3_L150_coli.sat.cnf.dual.hgr,no,no,8,8,0.03,0.0095347,16678.8,cut,7751,2494,no
rKaHyPar,sat14_q_query_3_L150_coli.sat.cnf.dual.hgr,no,no,9,8,0.03,0.0111564,16878,cut,7788,2480,no
rKaHyPar,sat14_q_query_3_L150_coli.sat.cnf.hgr,no,no,0,128,0.03,0.0299606,5059.22,cut,2261120,1497077,no
rKaHyPar,sat14_q_query_3_L150_coli.sat.cnf.hgr,no,no,1,128,0.03,0.0299606,4045.25,cut,2255826,1491423,no
rKaHyPar,sat14_q_query_3_L150_coli.sat.cnf.hgr,no,no,2,128,0.03,0.0299606,4580.88,cut,2253869,1495986,no
rKaHyPar,sat14_q_query_3_L150_coli.sat.cnf.hgr,no,no,3,128,0.03,0.0299606,5729.18,cut,2254122,1491341,no
rKaHyPar,sat14_q_query_3_L150_coli.sat.cnf.hgr,no,no,4,128,0.03,0.0299606,4418.98,cut,2241691,1489626,no
rKaHyPar,sat14_q_query_3_L150_coli.sat.cnf.hgr,no,no,5,128,0.03,0.0299606,4328.68,cut,2274416,1485240,no
rKaHyPar,sat14_q_query_3_L150_coli.sat.cnf.hgr,no,no,6,128,0.03,0.0299606,3218.07,cut,2218286,1476691,no
rKaHyPar,sat14_q_query_3_L150_coli.sat.cnf.hgr,no,no,7,128,0.03,0.0299606,5159.4,cut,2263456,1486073,no
rKaHyPar,sat14_q_query_3_L150_coli.sat.cnf.hgr,no,no,8,128,0.03,0.0299606,3487.04,cut,2283527,1489239,no
rKaHyPar,sat14_q_query_3_L150_coli.sat.cnf.hgr,no,no,9,128,0.03,0.0299606,5334.12,cut,2274375,1480463,no
rKaHyPar,sat14_q_query_3_L150_coli.sat.cnf.hgr,no,no,0,16,0.03,0.0299964,3781.91,cut,747826,563251,no
rKaHyPar,sat14_q_query_3_L150_coli.sat.cnf.hgr,no,no,1,16,0.03,0.0299964,4349.61,cut,734053,541945,no
rKaHyPar,sat14_q_query_3_L150_coli.sat.cnf.hgr,no,no,2,16,0.03,0.0299964,4381.73,cut,705279,534224,no
rKaHyPar,sat14_q_query_3_L150_coli.sat.cnf.hgr,no,no,3,16,0.03,0.0299964,4850.67,cut,702567,528402,no
rKaHyPar,sat14_q_query_3_L150_coli.sat.cnf.hgr,no,no,4,16,0.03,0.0299964,6822.47,cut,719489,524590,no
rKaHyPar,sat14_q_query_3_L150_coli.sat.cnf.hgr,no,no,5,16,0.03,0.0299964,3745.98,cut,715933,535982,no
rKaHyPar,sat14_q_query_3_L150_coli.sat.cnf.hgr,no,no,6,16,0.03,0.0299964,5587.82,cut,743077,557556,no
rKaHyPar,sat14_q_query_3_L150_coli.sat.cnf.hgr,no,no,7,16,0.03,0.0299964,5116.56,cut,730392,557087,no
rKaHyPar,sat14_q_query_3_L150_coli.sat.cnf.hgr,no,no,8,16,0.03,0.0299964,6925.92,cut,718887,530939,no
rKaHyPar,sat14_q_query_3_L150_coli.sat.cnf.hgr,no,no,9,16,0.03,0.0299964,4586.83,cut,708088,535824,no
rKaHyPar,sat14_q_query_3_L150_coli.sat.cnf.hgr,no,no,1,2,0.03,0.0299984,9569.37,cut,123532,123532,no
rKaHyPar,sat14_q_query_3_L150_coli.sat.cnf.hgr,no,no,2,2,0.03,0.0299984,10781.8,cut,124646,124646,no
rKaHyPar,sat14_q_query_3_L150_coli.sat.cnf.hgr,no,no,3,2,0.03,0.0299861,8542.38,cut,124451,124451,no
rKaHyPar,sat14_q_query_3_L150_coli.sat.cnf.hgr,no,no,4,2,0.03,0.0299984,18406.8,cut,123957,123957,no
rKaHyPar,sat14_q_query_3_L150_coli.sat.cnf.hgr,no,no,7,2,0.03,0.0299882,6412.9,cut,123985,123985,no
rKaHyPar,sat14_q_query_3_L150_coli.sat.cnf.hgr,no,no,8,2,0.03,0.0299984,21074.8,cut,125641,125641,no
rKaHyPar,sat14_q_query_3_L150_coli.sat.cnf.hgr,no,no,9,2,0.03,0.0299984,13960.2,cut,124383,124383,no
rKaHyPar,sat14_q_query_3_L150_coli.sat.cnf.hgr,no,no,0,32,0.03,0.0299964,3824.91,cut,1103407,806616,no
rKaHyPar,sat14_q_query_3_L150_coli.sat.cnf.hgr,no,no,1,32,0.03,0.0299964,3901.46,cut,1132956,836556,no
rKaHyPar,sat14_q_query_3_L150_coli.sat.cnf.hgr,no,no,3,32,0.03,0.0299964,6496.79,cut,1147147,839155,no
rKaHyPar,sat14_q_query_3_L150_coli.sat.cnf.hgr,no,no,4,32,0.03,0.0299964,6674.33,cut,1112431,821118,no
rKaHyPar,sat14_q_query_3_L150_coli.sat.cnf.hgr,no,no,5,32,0.03,0.0299964,4828.69,cut,1127337,832727,no
rKaHyPar,sat14_q_query_3_L150_coli.sat.cnf.hgr,no,no,6,32,0.03,0.0299964,4625.75,cut,1127231,832900,no
rKaHyPar,sat14_q_query_3_L150_coli.sat.cnf.hgr,no,no,9,32,0.03,0.0299964,7214.93,cut,1104680,823345,no
rKaHyPar,sat14_q_query_3_L150_coli.sat.cnf.hgr,no,no,0,4,0.03,0.0299964,6654.76,cut,266861,215670,no
rKaHyPar,sat14_q_query_3_L150_coli.sat.cnf.hgr,no,no,1,4,0.03,0.0299923,10106.1,cut,254580,203207,no
rKaHyPar,sat14_q_query_3_L150_coli.sat.cnf.hgr,no,no,2,4,0.03,0.0299964,4774.4,cut,295229,232557,no
rKaHyPar,sat14_q_query_3_L150_coli.sat.cnf.hgr,no,no,3,4,0.03,0.0299923,10328,cut,254957,204319,no
rKaHyPar,sat14_q_query_3_L150_coli.sat.cnf.hgr,no,no,4,4,0.03,0.0299964,7777.32,cut,266450,214208,no
rKaHyPar,sat14_q_query_3_L150_coli.sat.cnf.hgr,no,no,5,4,0.03,0.0299923,16827.1,cut,254491,202699,no
rKaHyPar,sat14_q_query_3_L150_coli.sat.cnf.hgr,no,no,6,4,0.03,0.0299964,9079.92,cut,265940,212586,no
rKaHyPar,sat14_q_query_3_L150_coli.sat.cnf.hgr,no,no,7,4,0.03,0.014875,8777.95,cut,279859,223989,no
rKaHyPar,sat14_q_query_3_L150_coli.sat.cnf.hgr,no,no,8,4,0.03,0.0299964,9578.76,cut,254789,205833,no
rKaHyPar,sat14_q_query_3_L150_coli.sat.cnf.hgr,no,no,9,4,0.03,0.0299964,10230.9,cut,255054,205639,no
rKaHyPar,sat14_q_query_3_L150_coli.sat.cnf.hgr,no,no,0,64,0.03,0.0299625,4538.77,cut,1693065,1212879,no
rKaHyPar,sat14_q_query_3_L150_coli.sat.cnf.hgr,no,no,1,64,0.03,0.0299625,4583.39,cut,1671314,1217756,no
rKaHyPar,sat14_q_query_3_L150_coli.sat.cnf.hgr,no,no,2,64,0.03,0.0299625,4794.9,cut,1686479,1213873,no
rKaHyPar,sat14_q_query_3_L150_coli.sat.cnf.hgr,no,no,3,64,0.03,0.0299625,6355.85,cut,1701753,1218322,no
rKaHyPar,sat14_q_query_3_L150_coli.sat.cnf.hgr,no,no,4,64,0.03,0.0299625,4454.53,cut,1720622,1213774,no
rKaHyPar,sat14_q_query_3_L150_coli.sat.cnf.hgr,no,no,5,64,0.03,0.0299625,5494.81,cut,1689364,1223309,no
rKaHyPar,sat14_q_query_3_L150_coli.sat.cnf.hgr,no,no,6,64,0.03,0.0299625,7095.06,cut,1712031,1226484,no
rKaHyPar,sat14_q_query_3_L150_coli.sat.cnf.hgr,no,no,7,64,0.03,0.0299625,4199.62,cut,1683393,1224631,no
rKaHyPar,sat14_q_query_3_L150_coli.sat.cnf.hgr,no,no,8,64,0.03,0.0299625,4723.48,cut,1728990,1238480,no
rKaHyPar,sat14_q_query_3_L150_coli.sat.cnf.hgr,no,no,9,64,0.03,0.0299625,4868.83,cut,1743679,1225625,no
rKaHyPar,sat14_q_query_3_L150_coli.sat.cnf.hgr,no,no,0,8,0.03,0.0299307,6247.84,cut,482284,369679,no
rKaHyPar,sat14_q_query_3_L150_coli.sat.cnf.hgr,no,no,1,8,0.03,0.0299964,6237.82,cut,497223,403069,no
rKaHyPar,sat14_q_query_3_L150_coli.sat.cnf.hgr,no,no,2,8,0.03,0.0108749,7637.03,cut,463070,355924,no
rKaHyPar,sat14_q_query_3_L150_coli.sat.cnf.hgr,no,no,3,8,0.03,0.0299717,8583.35,cut,491116,397598,no
rKaHyPar,sat14_q_query_3_L150_coli.sat.cnf.hgr,no,no,4,8,0.03,0.0299964,6840.66,cut,495367,401293,no
rKaHyPar,sat14_q_query_3_L150_coli.sat.cnf.hgr,no,no,5,8,0.03,0.00997142,4898.09,cut,508966,379572,no
rKaHyPar,sat14_q_query_3_L150_coli.sat.cnf.hgr,no,no,7,8,0.03,0.0192447,9307.7,cut,504549,410809,no
rKaHyPar,sat14_q_query_3_L150_coli.sat.cnf.hgr,no,no,8,8,0.03,0.0299964,6073.53,cut,560237,451958,no
rKaHyPar,sat14_q_query_3_L150_coli.sat.cnf.hgr,no,no,9,8,0.03,0.0299964,7405.71,cut,489712,393945,no
rKaHyPar,sat14_q_query_3_L150_coli.sat.cnf.primal.hgr,no,no,0,128,0.03,0.0299606,1971.96,cut,2244002,1612984,no
rKaHyPar,sat14_q_query_3_L150_coli.sat.cnf.primal.hgr,no,no,1,128,0.03,0.0299606,1669.04,cut,2212089,1612280,no
rKaHyPar,sat14_q_query_3_L150_coli.sat.cnf.primal.hgr,no,no,2,128,0.03,0.0299606,2236.96,cut,2236000,1625021,no
rKaHyPar,sat14_q_query_3_L150_coli.sat.cnf.primal.hgr,no,no,3,128,0.03,0.0299606,1621.44,cut,2214430,1608128,no
rKaHyPar,sat14_q_query_3_L150_coli.sat.cnf.primal.hgr,no,no,4,128,0.03,0.0299606,1711.77,cut,2234898,1606648,no
rKaHyPar,sat14_q_query_3_L150_coli.sat.cnf.primal.hgr,no,no,5,128,0.03,0.0299606,1492.44,cut,2246355,1615266,no
rKaHyPar,sat14_q_query_3_L150_coli.sat.cnf.primal.hgr,no,no,6,128,0.03,0.0299606,1558.56,cut,2158443,1598485,no
rKaHyPar,sat14_q_query_3_L150_coli.sat.cnf.primal.hgr,no,no,7,128,0.03,0.0299606,1990.75,cut,2167604,1593594,no
rKaHyPar,sat14_q_query_3_L150_coli.sat.cnf.primal.hgr,no,no,8,128,0.03,0.0299606,1827.51,cut,2227078,1618708,no
rKaHyPar,sat14_q_query_3_L150_coli.sat.cnf.primal.hgr,no,no,9,128,0.03,0.0299606,2248.12,cut,2231489,1612064,no
rKaHyPar,sat14_q_query_3_L150_coli.sat.cnf.primal.hgr,no,no,0,16,0.03,0.0299964,2835.15,cut,823887,682612,no
rKaHyPar,sat14_q_query_3_L150_coli.sat.cnf.primal.hgr,no,no,1,16,0.03,0.0299964,2261.38,cut,840532,701041,no
rKaHyPar,sat14_q_query_3_L150_coli.sat.cnf.primal.hgr,no,no,3,16,0.03,0.0299964,2465.52,cut,838220,707078,no
rKaHyPar,sat14_q_query_3_L150_coli.sat.cnf.primal.hgr,no,no,4,16,0.03,0.0299964,3563.22,cut,819171,679667,no
rKaHyPar,sat14_q_query_3_L150_coli.sat.cnf.primal.hgr,no,no,5,16,0.03,0.0299964,2690.74,cut,876860,730244,no
rKaHyPar,sat14_q_query_3_L150_coli.sat.cnf.primal.hgr,no,no,6,16,0.03,0.0299964,2047.65,cut,1002836,832662,no
rKaHyPar,sat14_q_query_3_L150_coli.sat.cnf.primal.hgr,no,no,7,16,0.03,0.0299964,2464.97,cut,918967,749575,no
rKaHyPar,sat14_q_query_3_L150_coli.sat.cnf.primal.hgr,no,no,8,16,0.03,0.0299964,3818,cut,861210,729850,no
rKaHyPar,sat14_q_query_3_L150_coli.sat.cnf.primal.hgr,no,no,9,16,0.03,0.0299964,3058.9,cut,842363,703321,no
rKaHyPar,sat14_q_query_3_L150_coli.sat.cnf.primal.hgr,no,no,0,2,0.03,0.0299964,2054.55,cut,128833,128833,no
rKaHyPar,sat14_q_query_3_L150_coli.sat.cnf.primal.hgr,no,no,1,2,0.03,0.0157497,513.571,cut,94491,94491,no
rKaHyPar,sat14_q_query_3_L150_coli.sat.cnf.primal.hgr,no,no,2,2,0.03,0.0149243,437.502,cut,151779,151779,no
rKaHyPar,sat14_q_query_3_L150_coli.sat.cnf.primal.hgr,no,no,3,2,0.03,0.0299964,2113.03,cut,129179,129179,no
rKaHyPar,sat14_q_query_3_L150_coli.sat.cnf.primal.hgr,no,no,4,2,0.03,0.0299964,1978.43,cut,129278,129278,no
rKaHyPar,sat14_q_query_3_L150_coli.sat.cnf.primal.hgr,no,no,6,2,0.03,0.0185588,497.848,cut,94511,94511,no
rKaHyPar,sat14_q_query_3_L150_coli.sat.cnf.primal.hgr,no,no,7,2,0.03,0,435.246,cut,151069,151069,no
rKaHyPar,sat14_q_query_3_L150_coli.sat.cnf.primal.hgr,no,no,8,2,0.03,0.0187149,579.93,cut,151771,151771,no
rKaHyPar,sat14_q_query_3_L150_coli.sat.cnf.primal.hgr,no,no,9,2,0.03,0.0299964,2189.01,cut,129095,129095,no
rKaHyPar,sat14_q_query_3_L150_coli.sat.cnf.primal.hgr,no,no,0,32,0.03,0.0299625,2079.14,cut,1312079,1077348,no
rKaHyPar,sat14_q_query_3_L150_coli.sat.cnf.primal.hgr,no,no,1,32,0.03,0.0299625,1834.4,cut,1353586,1083399,no
rKaHyPar,sat14_q_query_3_L150_coli.sat.cnf.primal.hgr,no,no,2,32,0.03,0.0299625,2566.22,cut,1348370,1074545,no
rKaHyPar,sat14_q_query_3_L150_coli.sat.cnf.primal.hgr,no,no,3,32,0.03,0.0299625,2024.85,cut,1280519,1042477,no
rKaHyPar,sat14_q_query_3_L150_coli.sat.cnf.primal.hgr,no,no,4,32,0.03,0.0299625,3029.25,cut,1292834,1041856,no
rKaHyPar,sat14_q_query_3_L150_coli.sat.cnf.primal.hgr,no,no,5,32,0.03,0.0299625,1825.98,cut,1290191,1057300,no
rKaHyPar,sat14_q_query_3_L150_coli.sat.cnf.primal.hgr,no,no,6,32,0.03,0.0299625,2695.11,cut,1388874,1107204,no
rKaHyPar,sat14_q_query_3_L150_coli.sat.cnf.primal.hgr,no,no,8,32,0.03,0.0299625,3193.01,cut,1300001,1066273,no
rKaHyPar,sat14_q_query_3_L150_coli.sat.cnf.primal.hgr,no,no,9,32,0.03,0.0299625,2760.03,cut,1296590,1070090,no
rKaHyPar,sat14_q_query_3_L150_coli.sat.cnf.primal.hgr,no,no,0,4,0.03,0.0299882,3519.96,cut,296756,243301,no
rKaHyPar,sat14_q_query_3_L150_coli.sat.cnf.primal.hgr,no,no,1,4,0.03,0.0299964,2745.79,cut,325211,272602,no
rKaHyPar,sat14_q_query_3_L150_coli.sat.cnf.primal.hgr,no,no,2,4,0.03,0.0299964,3938.45,cut,340935,289314,no
rKaHyPar,sat14_q_query_3_L150_coli.sat.cnf.primal.hgr,no,no,3,4,0.03,0.02998,2814.29,cut,296017,243142,no
rKaHyPar,sat14_q_query_3_L150_coli.sat.cnf.primal.hgr,no,no,4,4,0.03,0.0299964,4617.68,cut,296355,243269,no
rKaHyPar,sat14_q_query_3_L150_coli.sat.cnf.primal.hgr,no,no,5,4,0.03,0.0299964,5215.5,cut,301087,247862,no
rKaHyPar,sat14_q_query_3_L150_coli.sat.cnf.primal.hgr,no,no,6,4,0.03,0.0299964,6773.69,cut,325052,291490,no
rKaHyPar,sat14_q_query_3_L150_coli.sat.cnf.primal.hgr,no,no,7,4,0.03,0.0299964,4753.83,cut,323878,296842,no
rKaHyPar,sat14_q_query_3_L150_coli.sat.cnf.primal.hgr,no,no,8,4,0.03,0.0299964,4442.38,cut,296528,267826,no
rKaHyPar,sat14_q_query_3_L150_coli.sat.cnf.primal.hgr,no,no,9,4,0.03,0.0299964,5444.63,cut,302161,262561,no
rKaHyPar,sat14_q_query_3_L150_coli.sat.cnf.primal.hgr,no,no,0,64,0.03,0.0299606,2855.48,cut,1845366,1371712,no
rKaHyPar,sat14_q_query_3_L150_coli.sat.cnf.primal.hgr,no,no,1,64,0.03,0.0299606,1714.93,cut,1794228,1367445,no
rKaHyPar,sat14_q_query_3_L150_coli.sat.cnf.primal.hgr,no,no,2,64,0.03,0.0299606,2231.01,cut,1766573,1349151,no
rKaHyPar,sat14_q_query_3_L150_coli.sat.cnf.primal.hgr,no,no,3,64,0.03,0.0299606,2410.31,cut,1779719,1365277,no
rKaHyPar,sat14_q_query_3_L150_coli.sat.cnf.primal.hgr,no,no,4,64,0.03,0.0299606,1818.75,cut,1789675,1361568,no
rKaHyPar,sat14_q_query_3_L150_coli.sat.cnf.primal.hgr,no,no,5,64,0.03,0.0299606,1966.8,cut,1815388,1399543,no
rKaHyPar,sat14_q_query_3_L150_coli.sat.cnf.primal.hgr,no,no,6,64,0.03,0.0299606,2229.23,cut,1735769,1338921,no
rKaHyPar,sat14_q_query_3_L150_coli.sat.cnf.primal.hgr,no,no,7,64,0.03,0.0299606,1770.55,cut,1760560,1346339,no
rKaHyPar,sat14_q_query_3_L150_coli.sat.cnf.primal.hgr,no,no,8,64,0.03,0.0299606,2184.44,cut,1751926,1370745,no
rKaHyPar,sat14_q_query_3_L150_coli.sat.cnf.primal.hgr,no,no,9,64,0.03,0.0299606,2291.58,cut,1781864,1366580,no
rKaHyPar,sat14_q_query_3_L150_coli.sat.cnf.primal.hgr,no,no,0,8,0.03,0.0299964,4354.19,cut,581914,520574,no
rKaHyPar,sat14_q_query_3_L150_coli.sat.cnf.primal.hgr,no,no,1,8,0.03,0.0299964,3098.13,cut,571276,501830,no
rKaHyPar,sat14_q_query_3_L150_coli.sat.cnf.primal.hgr,no,no,2,8,0.03,0.0299964,2821.47,cut,580408,523202,no
rKaHyPar,sat14_q_query_3_L150_coli.sat.cnf.primal.hgr,no,no,3,8,0.03,0.0299964,2589.61,cut,583562,518205,no
rKaHyPar,sat14_q_query_3_L150_coli.sat.cnf.primal.hgr,no,no,5,8,0.03,0.0299964,5117.51,cut,592702,527367,no
rKaHyPar,sat14_q_query_3_L150_coli.sat.cnf.primal.hgr,no,no,7,8,0.03,0.0299964,2276.65,cut,613976,512985,no
rKaHyPar,sat14_q_query_3_L150_coli.sat.cnf.primal.hgr,no,no,8,8,0.03,0.0299964,3461.17,cut,571395,495718,no
rKaHyPar,sat14_q_query_3_L150_coli.sat.cnf.primal.hgr,no,no,9,8,0.03,0.0299964,3044.56,cut,581967,520995,no
rKaHyPar,sat14_q_query_3_L200_coli.sat.cnf.dual.hgr,no,yes,0,128,0.03,1,28800,cut,2147483647,2147483647,no
rKaHyPar,sat14_q_query_3_L200_coli.sat.cnf.dual.hgr,no,yes,1,128,0.03,1,28800,cut,2147483647,2147483647,no
rKaHyPar,sat14_q_query_3_L200_coli.sat.cnf.dual.hgr,no,yes,2,128,0.03,1,28800,cut,2147483647,2147483647,no
rKaHyPar,sat14_q_query_3_L200_coli.sat.cnf.dual.hgr,no,yes,3,128,0.03,1,28800,cut,2147483647,2147483647,no
rKaHyPar,sat14_q_query_3_L200_coli.sat.cnf.dual.hgr,no,yes,5,128,0.03,1,28800,cut,2147483647,2147483647,no
rKaHyPar,sat14_q_query_3_L200_coli.sat.cnf.dual.hgr,no,yes,6,128,0.03,1,28800,cut,2147483647,2147483647,no
rKaHyPar,sat14_q_query_3_L200_coli.sat.cnf.dual.hgr,no,yes,7,128,0.03,1,28800,cut,2147483647,2147483647,no
rKaHyPar,sat14_q_query_3_L200_coli.sat.cnf.dual.hgr,no,yes,8,128,0.03,1,28800,cut,2147483647,2147483647,no
rKaHyPar,sat14_q_query_3_L200_coli.sat.cnf.dual.hgr,no,yes,9,128,0.03,1,28800,cut,2147483647,2147483647,no
rKaHyPar,sat14_q_query_3_L200_coli.sat.cnf.dual.hgr,no,yes,0,16,0.03,1,28800,cut,2147483647,2147483647,no
rKaHyPar,sat14_q_query_3_L200_coli.sat.cnf.dual.hgr,no,yes,1,16,0.03,1,28800,cut,2147483647,2147483647,no
rKaHyPar,sat14_q_query_3_L200_coli.sat.cnf.dual.hgr,no,no,3,16,0.03,0.849361,28968.6,cut,2132107,610589,no
rKaHyPar,sat14_q_query_3_L200_coli.sat.cnf.dual.hgr,no,yes,4,16,0.03,1,28800,cut,2147483647,2147483647,no
rKaHyPar,sat14_q_query_3_L200_coli.sat.cnf.dual.hgr,no,no,5,16,0.03,0.91044,28949.5,cut,1938295,561862,no
rKaHyPar,sat14_q_query_3_L200_coli.sat.cnf.dual.hgr,no,yes,8,16,0.03,1,28800,cut,2147483647,2147483647,no
rKaHyPar,sat14_q_query_3_L200_coli.sat.cnf.dual.hgr,no,yes,9,16,0.03,1,28800,cut,2147483647,2147483647,no
rKaHyPar,sat14_q_query_3_L200_coli.sat.cnf.dual.hgr,no,no,1,2,0.03,0.0292947,28536.2,cut,348,348,no
rKaHyPar,sat14_q_query_3_L200_coli.sat.cnf.dual.hgr,no,no,2,2,0.03,0.0292947,28531.3,cut,348,348,no
rKaHyPar,sat14_q_query_3_L200_coli.sat.cnf.dual.hgr,no,no,3,2,0.03,0.0292947,28524,cut,348,348,no
rKaHyPar,sat14_q_query_3_L200_coli.sat.cnf.dual.hgr,no,no,4,2,0.03,0.0292947,28514.7,cut,348,348,no
rKaHyPar,sat14_q_query_3_L200_coli.sat.cnf.dual.hgr,no,no,6,2,0.03,0.0292947,28597.5,cut,348,348,no
rKaHyPar,sat14_q_query_3_L200_coli.sat.cnf.dual.hgr,no,no,7,2,0.03,0.0292947,28532.4,cut,348,348,no
rKaHyPar,sat14_q_query_3_L200_coli.sat.cnf.dual.hgr,no,no,8,2,0.03,0.0292947,28565.5,cut,348,348,no
rKaHyPar,sat14_q_query_3_L200_coli.sat.cnf.dual.hgr,no,no,9,2,0.03,0.0292947,28635.4,cut,348,348,no
rKaHyPar,sat14_q_query_3_L200_coli.sat.cnf.dual.hgr,no,yes,0,32,0.03,1,28800,cut,2147483647,2147483647,no
rKaHyPar,sat14_q_query_3_L200_coli.sat.cnf.dual.hgr,no,yes,3,32,0.03,1,28800,cut,2147483647,2147483647,no
rKaHyPar,sat14_q_query_3_L200_coli.sat.cnf.dual.hgr,no,no,5,32,0.03,1.00866,28983.1,cut,3340241,577903,no
rKaHyPar,sat14_q_query_3_L200_coli.sat.cnf.dual.hgr,no,yes,6,32,0.03,1,28800,cut,2147483647,2147483647,no
rKaHyPar,sat14_q_query_3_L200_coli.sat.cnf.dual.hgr,no,yes,9,32,0.03,1,28800,cut,2147483647,2147483647,no
rKaHyPar,sat14_q_query_3_L200_coli.sat.cnf.dual.hgr,no,no,0,4,0.03,0.274799,28873.4,cut,213668,212838,no
rKaHyPar,sat14_q_query_3_L200_coli.sat.cnf.dual.hgr,no,no,1,4,0.03,0.656086,28867.4,cut,204391,203923,no
rKaHyPar,sat14_q_query_3_L200_coli.sat.cnf.dual.hgr,no,no,2,4,0.03,0.613074,28868.3,cut,274454,273712,no
rKaHyPar,sat14_q_query_3_L200_coli.sat.cnf.dual.hgr,no,no,3,4,0.03,0.614519,28921.4,cut,289206,288604,no
rKaHyPar,sat14_q_query_3_L200_coli.sat.cnf.dual.hgr,no,no,4,4,0.03,0.818429,28862.3,cut,271700,271480,no
rKaHyPar,sat14_q_query_3_L200_coli.sat.cnf.dual.hgr,no,no,5,4,0.03,0.26497,28878.8,cut,219110,218283,no
rKaHyPar,sat14_q_query_3_L200_coli.sat.cnf.dual.hgr,no,no,6,4,0.03,0.365121,28979.7,cut,144305,143426,no
rKaHyPar,sat14_q_query_3_L200_coli.sat.cnf.dual.hgr,no,no,7,4,0.03,0.29024,28864.4,cut,202154,201322,no
rKaHyPar,sat14_q_query_3_L200_coli.sat.cnf.dual.hgr,no,no,8,4,0.03,0.882429,28975.1,cut,275753,275160,no
rKaHyPar,sat14_q_query_3_L200_coli.sat.cnf.dual.hgr,no,no,9,4,0.03,0.362247,28950,cut,142133,141237,no
rKaHyPar,sat14_q_query_3_L200_coli.sat.cnf.dual.hgr,no,yes,0,64,0.03,1,28800,cut,2147483647,2147483647,no
rKaHyPar,sat14_q_query_3_L200_coli.sat.cnf.dual.hgr,no,yes,1,64,0.03,1,28800,cut,2147483647,2147483647,no
rKaHyPar,sat14_q_query_3_L200_coli.sat.cnf.dual.hgr,no,yes,2,64,0.03,1,28800,cut,2147483647,2147483647,no
rKaHyPar,sat14_q_query_3_L200_coli.sat.cnf.dual.hgr,no,yes,4,64,0.03,1,28800,cut,2147483647,2147483647,no
rKaHyPar,sat14_q_query_3_L200_coli.sat.cnf.dual.hgr,no,yes,5,64,0.03,1,28800,cut,2147483647,2147483647,no
rKaHyPar,sat14_q_query_3_L200_coli.sat.cnf.dual.hgr,no,yes,6,64,0.03,1,28800,cut,2147483647,2147483647,no
rKaHyPar,sat14_q_query_3_L200_coli.sat.cnf.dual.hgr,no,yes,8,64,0.03,1,28800,cut,2147483647,2147483647,no
rKaHyPar,sat14_q_query_3_L200_coli.sat.cnf.dual.hgr,no,yes,9,64,0.03,1,28800,cut,2147483647,2147483647,no
rKaHyPar,sat14_q_query_3_L200_coli.sat.cnf.dual.hgr,no,yes,0,8,0.03,1,28800,cut,2147483647,2147483647,no
rKaHyPar,sat14_q_query_3_L200_coli.sat.cnf.dual.hgr,no,no,1,8,0.03,1.35144,28918.5,cut,1037364,491919,no
rKaHyPar,sat14_q_query_3_L200_coli.sat.cnf.dual.hgr,no,yes,3,8,0.03,1,28800,cut,2147483647,2147483647,no
rKaHyPar,sat14_q_query_3_L200_coli.sat.cnf.dual.hgr,no,no,5,8,0.03,1.29775,28901.9,cut,1059029,498217,no
rKaHyPar,sat14_q_query_3_L200_coli.sat.cnf.dual.hgr,no,no,7,8,0.03,1.01483,28932.2,cut,800787,458945,no
rKaHyPar,sat14_q_query_3_L200_coli.sat.cnf.dual.hgr,no,no,8,8,0.03,0.902641,28969.2,cut,938374,550557,no
rKaHyPar,sat14_q_query_3_L200_coli.sat.cnf.dual.hgr,no,no,9,8,0.03,0.842372,28984.1,cut,952462,551667,no
rKaHyPar,sat14_q_query_3_L200_coli.sat.cnf.hgr,no,no,0,128,0.03,0.0299533,10916,cut,3292979,2166592,no
rKaHyPar,sat14_q_query_3_L200_coli.sat.cnf.hgr,no,no,1,128,0.03,0.0299533,7759.69,cut,3359958,2176536,no
rKaHyPar,sat14_q_query_3_L200_coli.sat.cnf.hgr,no,no,2,128,0.03,0.0299533,10109.3,cut,3340540,2184955,no
rKaHyPar,sat14_q_query_3_L200_coli.sat.cnf.hgr,no,no,3,128,0.03,0.0299533,7964.39,cut,3415218,2200581,no
rKaHyPar,sat14_q_query_3_L200_coli.sat.cnf.hgr,no,no,5,128,0.03,0.0299533,6728.92,cut,3362640,2180572,no
rKaHyPar,sat14_q_query_3_L200_coli.sat.cnf.hgr,no,no,6,128,0.03,0.0299533,8209.81,cut,3358329,2188861,no
rKaHyPar,sat14_q_query_3_L200_coli.sat.cnf.hgr,no,no,7,128,0.03,0.0299533,10466.5,cut,3326797,2182229,no
rKaHyPar,sat14_q_query_3_L200_coli.sat.cnf.hgr,no,no,8,128,0.03,0.0299533,7395.35,cut,3379589,2170503,no
rKaHyPar,sat14_q_query_3_L200_coli.sat.cnf.hgr,no,no,9,128,0.03,0.0299533,10094.1,cut,3377599,2183933,no
rKaHyPar,sat14_q_query_3_L200_coli.sat.cnf.hgr,no,no,0,16,0.03,0.0299908,8712.6,cut,1030421,774752,no
rKaHyPar,sat14_q_query_3_L200_coli.sat.cnf.hgr,no,no,1,16,0.03,0.0299908,12079.6,cut,1035128,791918,no
rKaHyPar,sat14_q_query_3_L200_coli.sat.cnf.hgr,no,no,2,16,0.03,0.0299908,12785.2,cut,1027821,779881,no
rKaHyPar,sat14_q_query_3_L200_coli.sat.cnf.hgr,no,no,3,16,0.03,0.0299908,8511.9,cut,1039583,771488,no
rKaHyPar,sat14_q_query_3_L200_coli.sat.cnf.hgr,no,no,4,16,0.03,0.0299908,13501.9,cut,990275,724243,no
rKaHyPar,sat14_q_query_3_L200_coli.sat.cnf.hgr,no,no,5,16,0.03,0.0299908,7935.43,cut,948978,726645,no
rKaHyPar,sat14_q_query_3_L200_coli.sat.cnf.hgr,no,no,8,16,0.03,0.0299908,10961.2,cut,985803,742882,no
rKaHyPar,sat14_q_query_3_L200_coli.sat.cnf.hgr,no,no,9,16,0.03,0.0299908,12348.9,cut,1053738,780098,no
rKaHyPar,sat14_q_query_3_L200_coli.sat.cnf.hgr,no,no,1,2,0.03,0.03,21906.4,cut,164586,164586,no
rKaHyPar,sat14_q_query_3_L200_coli.sat.cnf.hgr,no,no,2,2,0.03,0.03,24028.6,cut,164501,164501,no
rKaHyPar,sat14_q_query_3_L200_coli.sat.cnf.hgr,no,no,3,2,0.03,0.03,23101.2,cut,164636,164636,no
rKaHyPar,sat14_q_query_3_L200_coli.sat.cnf.hgr,no,no,4,2,0.03,0.03,23766.1,cut,164724,164724,no
rKaHyPar,sat14_q_query_3_L200_coli.sat.cnf.hgr,no,no,7,2,0.03,0.03,19718,cut,164731,164731,no
rKaHyPar,sat14_q_query_3_L200_coli.sat.cnf.hgr,no,no,8,2,0.03,0.03,19640.4,cut,164410,164410,no
rKaHyPar,sat14_q_query_3_L200_coli.sat.cnf.hgr,no,no,9,2,0.03,0.03,20683.2,cut,164903,164903,no
rKaHyPar,sat14_q_query_3_L200_coli.sat.cnf.hgr,no,no,0,32,0.03,0.0299785,10026.5,cut,1665649,1254246,no
rKaHyPar,sat14_q_query_3_L200_coli.sat.cnf.hgr,no,no,1,32,0.03,0.0299785,14107.4,cut,1663785,1282815,no
rKaHyPar,sat14_q_query_3_L200_coli.sat.cnf.hgr,no,no,3,32,0.03,0.0299785,10610.6,cut,1660641,1266070,no
rKaHyPar,sat14_q_query_3_L200_coli.sat.cnf.hgr,no,no,4,32,0.03,0.0299785,13967,cut,1629261,1237364,no
rKaHyPar,sat14_q_query_3_L200_coli.sat.cnf.hgr,no,no,5,32,0.03,0.0299785,9555.03,cut,1647521,1240401,no
rKaHyPar,sat14_q_query_3_L200_coli.sat.cnf.hgr,no,no,6,32,0.03,0.0299785,14620.8,cut,1709238,1280764,no
rKaHyPar,sat14_q_query_3_L200_coli.sat.cnf.hgr,no,no,7,32,0.03,0.0299785,12738.9,cut,1660533,1220730,no
rKaHyPar,sat14_q_query_3_L200_coli.sat.cnf.hgr,no,no,9,32,0.03,0.0299785,13775.2,cut,1668997,1253805,no
rKaHyPar,sat14_q_query_3_L200_coli.sat.cnf.hgr,no,yes,1,4,0.03,1,28800,cut,2147483647,2147483647,no
rKaHyPar,sat14_q_query_3_L200_coli.sat.cnf.hgr,no,no,2,4,0.03,0.0261333,17504.8,cut,367593,286847,no
rKaHyPar,sat14_q_query_3_L200_coli.sat.cnf.hgr,no,no,3,4,0.03,0.0299999,16135,cut,372650,287784,no
rKaHyPar,sat14_q_query_3_L200_coli.sat.cnf.hgr,no,no,5,4,0.03,0.0238706,13887.7,cut,399291,309605,no
rKaHyPar,sat14_q_query_3_L200_coli.sat.cnf.hgr,no,no,6,4,0.03,0.0299671,17903.8,cut,372913,317938,no
rKaHyPar,sat14_q_query_3_L200_coli.sat.cnf.hgr,no,no,7,4,0.03,0.026178,25350.1,cut,366348,287212,no
rKaHyPar,sat14_q_query_3_L200_coli.sat.cnf.hgr,no,no,8,4,0.03,0.0299999,25919.5,cut,383396,293462,no
rKaHyPar,sat14_q_query_3_L200_coli.sat.cnf.hgr,no,yes,9,4,0.03,1,28800,cut,2147483647,2147483647,no
rKaHyPar,sat14_q_query_3_L200_coli.sat.cnf.hgr,no,no,0,64,0.03,0.0299547,11527.2,cut,2591463,1829104,no
rKaHyPar,sat14_q_query_3_L200_coli.sat.cnf.hgr,no,no,1,64,0.03,0.0299547,9730.62,cut,2540066,1821075,no
rKaHyPar,sat14_q_query_3_L200_coli.sat.cnf.hgr,no,no,2,64,0.03,0.0299547,14777.9,cut,2623810,1815634,no
rKaHyPar,sat14_q_query_3_L200_coli.sat.cnf.hgr,no,no,3,64,0.03,0.0299547,12209.9,cut,2562676,1813884,no
rKaHyPar,sat14_q_query_3_L200_coli.sat.cnf.hgr,no,no,4,64,0.03,0.0299547,9653.29,cut,2554293,1803308,no
rKaHyPar,sat14_q_query_3_L200_coli.sat.cnf.hgr,no,no,5,64,0.03,0.0299547,7104.26,cut,2569685,1808635,no
rKaHyPar,sat14_q_query_3_L200_coli.sat.cnf.hgr,no,no,6,64,0.03,0.0299547,9580.18,cut,2620164,1811972,no
rKaHyPar,sat14_q_query_3_L200_coli.sat.cnf.hgr,no,no,8,64,0.03,0.0299547,12725.1,cut,2604252,1836040,no
rKaHyPar,sat14_q_query_3_L200_coli.sat.cnf.hgr,no,no,9,64,0.03,0.0299547,7828.38,cut,2580929,1812420,no
rKaHyPar,sat14_q_query_3_L200_coli.sat.cnf.hgr,no,no,0,8,0.03,0.0112272,14398.8,cut,697804,573911,no
rKaHyPar,sat14_q_query_3_L200_coli.sat.cnf.hgr,no,yes,3,8,0.03,1,28800,cut,2147483647,2147483647,no
rKaHyPar,sat14_q_query_3_L200_coli.sat.cnf.hgr,no,yes,5,8,0.03,1,28800,cut,2147483647,2147483647,no
rKaHyPar,sat14_q_query_3_L200_coli.sat.cnf.hgr,no,no,7,8,0.03,0.029997,11687.1,cut,672754,534441,no
rKaHyPar,sat14_q_query_3_L200_coli.sat.cnf.hgr,no,no,8,8,0.03,0.029997,18898.5,cut,667746,484114,no
rKaHyPar,sat14_q_query_3_L200_coli.sat.cnf.hgr,no,no,9,8,0.03,0.0182331,24334.3,cut,685226,511302,no
rKaHyPar,sat14_q_query_3_L200_coli.sat.cnf.primal.hgr,no,no,0,128,0.03,0.0299504,3554.59,cut,3411352,2386163,no
rKaHyPar,sat14_q_query_3_L200_coli.sat.cnf.primal.hgr,no,no,1,128,0.03,0.0299504,3951.34,cut,3330045,2307758,no
rKaHyPar,sat14_q_query_3_L200_coli.sat.cnf.primal.hgr,no,no,2,128,0.03,0.0299504,4960.06,cut,3455874,2325967,no
rKaHyPar,sat14_q_query_3_L200_coli.sat.cnf.primal.hgr,no,no,3,128,0.03,0.0299504,3930.86,cut,3268531,2284963,no
rKaHyPar,sat14_q_query_3_L200_coli.sat.cnf.primal.hgr,no,no,5,128,0.03,0.0299504,4091.1,cut,3454718,2368254,no
rKaHyPar,sat14_q_query_3_L200_coli.sat.cnf.primal.hgr,no,no,6,128,0.03,0.0299504,3628.27,cut,3404665,2369676,no
rKaHyPar,sat14_q_query_3_L200_coli.sat.cnf.primal.hgr,no,no,7,128,0.03,0.0299504,4373.83,cut,3366736,2361152,no
rKaHyPar,sat14_q_query_3_L200_coli.sat.cnf.primal.hgr,no,no,8,128,0.03,0.0299504,3546.37,cut,3298024,2346857,no
rKaHyPar,sat14_q_query_3_L200_coli.sat.cnf.primal.hgr,no,no,9,128,0.03,0.0299504,8484.82,cut,3343865,2364134,no
rKaHyPar,sat14_q_query_3_L200_coli.sat.cnf.primal.hgr,no,no,0,16,0.03,0.0299785,8250.17,cut,1228193,1040109,no
rKaHyPar,sat14_q_query_3_L200_coli.sat.cnf.primal.hgr,no,no,1,16,0.03,0.0299785,5849.34,cut,1304058,1020029,no
rKaHyPar,sat14_q_query_3_L200_coli.sat.cnf.primal.hgr,no,no,2,16,0.03,0.0299785,5040.25,cut,1124652,924998,no
rKaHyPar,sat14_q_query_3_L200_coli.sat.cnf.primal.hgr,no,no,3,16,0.03,0.0299785,4701.59,cut,1250682,1050312,no
rKaHyPar,sat14_q_query_3_L200_coli.sat.cnf.primal.hgr,no,no,4,16,0.03,0.0299785,9410.55,cut,1291104,1066057,no
rKaHyPar,sat14_q_query_3_L200_coli.sat.cnf.primal.hgr,no,no,5,16,0.03,0.0299785,4618.49,cut,1175115,1020436,no
rKaHyPar,sat14_q_query_3_L200_coli.sat.cnf.primal.hgr,no,no,8,16,0.03,0.0299785,6274.67,cut,1173525,970827,no
rKaHyPar,sat14_q_query_3_L200_coli.sat.cnf.primal.hgr,no,no,9,16,0.03,0.0299785,6271.5,cut,1249378,1033244,no
rKaHyPar,sat14_q_query_3_L200_coli.sat.cnf.primal.hgr,no,no,1,2,0.03,0.0269353,1311.98,cut,131076,131076,no
rKaHyPar,sat14_q_query_3_L200_coli.sat.cnf.primal.hgr,no,no,2,2,0.03,0,801.838,cut,255604,255604,no
rKaHyPar,sat14_q_query_3_L200_coli.sat.cnf.primal.hgr,no,no,3,2,0.03,0.0292368,1043.04,cut,131074,131074,no
rKaHyPar,sat14_q_query_3_L200_coli.sat.cnf.primal.hgr,no,no,4,2,0.03,0.0227198,980.329,cut,207454,207454,no
rKaHyPar,sat14_q_query_3_L200_coli.sat.cnf.primal.hgr,no,no,7,2,0.03,0.0226602,927.451,cut,207462,207462,no
rKaHyPar,sat14_q_query_3_L200_coli.sat.cnf.primal.hgr,no,no,8,2,0.03,0,811.723,cut,206450,206450,no
rKaHyPar,sat14_q_query_3_L200_coli.sat.cnf.primal.hgr,no,no,9,2,0.03,0,927.732,cut,218446,218446,no
rKaHyPar,sat14_q_query_3_L200_coli.sat.cnf.primal.hgr,no,no,0,32,0.03,0.0299547,7609.88,cut,2073324,1728874,no
rKaHyPar,sat14_q_query_3_L200_coli.sat.cnf.primal.hgr,no,no,1,32,0.03,0.0299547,6841.03,cut,2003399,1615844,no
rKaHyPar,sat14_q_query_3_L200_coli.sat.cnf.primal.hgr,no,no,3,32,0.03,0.0299547,6691.77,cut,1921993,1577197,no
rKaHyPar,sat14_q_query_3_L200_coli.sat.cnf.primal.hgr,no,no,4,32,0.03,0.0299547,6053.52,cut,1953320,1665547,no
rKaHyPar,sat14_q_query_3_L200_coli.sat.cnf.primal.hgr,no,no,5,32,0.03,0.0299547,5001.25,cut,1961264,1651085,no
rKaHyPar,sat14_q_query_3_L200_coli.sat.cnf.primal.hgr,no,no,6,32,0.03,0.0299547,5714.38,cut,1989052,1671221,no
rKaHyPar,sat14_q_query_3_L200_coli.sat.cnf.primal.hgr,no,no,7,32,0.03,0.0299547,8322.85,cut,2024820,1666178,no
rKaHyPar,sat14_q_query_3_L200_coli.sat.cnf.primal.hgr,no,no,9,32,0.03,0.0299547,6439.72,cut,2028221,1660315,no
rKaHyPar,sat14_q_query_3_L200_coli.sat.cnf.primal.hgr,no,no,1,4,0.03,0.029997,6858.44,cut,445225,397955,no
rKaHyPar,sat14_q_query_3_L200_coli.sat.cnf.primal.hgr,no,no,2,4,0.03,0.029997,10432,cut,412014,331369,no
rKaHyPar,sat14_q_query_3_L200_coli.sat.cnf.primal.hgr,no,no,3,4,0.03,0.029997,17131.5,cut,466047,424562,no
rKaHyPar,sat14_q_query_3_L200_coli.sat.cnf.primal.hgr,no,no,5,4,0.03,0.0298717,2340.87,cut,468534,382291,no
rKaHyPar,sat14_q_query_3_L200_coli.sat.cnf.primal.hgr,no,no,6,4,0.03,0.029997,24453,cut,456076,415113,no
rKaHyPar,sat14_q_query_3_L200_coli.sat.cnf.primal.hgr,no,no,7,4,0.03,0.029997,4473.88,cut,453977,363283,no
rKaHyPar,sat14_q_query_3_L200_coli.sat.cnf.primal.hgr,no,no,8,4,0.03,0.029997,5152.24,cut,468429,380283,no
rKaHyPar,sat14_q_query_3_L200_coli.sat.cnf.primal.hgr,no,no,9,4,0.03,0.029991,5171.68,cut,477540,405256,no
rKaHyPar,sat14_q_query_3_L200_coli.sat.cnf.primal.hgr,no,no,0,64,0.03,0.0299533,5562.5,cut,2799768,2043171,no
rKaHyPar,sat14_q_query_3_L200_coli.sat.cnf.primal.hgr,no,no,1,64,0.03,0.0299533,3626.54,cut,2744558,2047175,no
rKaHyPar,sat14_q_query_3_L200_coli.sat.cnf.primal.hgr,no,no,2,64,0.03,0.0299533,5236.59,cut,2713651,2035152,no
rKaHyPar,sat14_q_query_3_L200_coli.sat.cnf.primal.hgr,no,no,3,64,0.03,0.0299533,4175.48,cut,2781594,2053924,no
rKaHyPar,sat14_q_query_3_L200_coli.sat.cnf.primal.hgr,no,no,4,64,0.03,0.0299533,4650.91,cut,2726789,2086856,no
rKaHyPar,sat14_q_query_3_L200_coli.sat.cnf.primal.hgr,no,no,5,64,0.03,0.0299533,4510.8,cut,2909983,2090590,no
rKaHyPar,sat14_q_query_3_L200_coli.sat.cnf.primal.hgr,no,no,6,64,0.03,0.0299533,4004.79,cut,2770808,2049193,no
rKaHyPar,sat14_q_query_3_L200_coli.sat.cnf.primal.hgr,no,no,9,64,0.03,0.0299533,4541.11,cut,2786559,2035940,no
rKaHyPar,sat14_q_query_3_L200_coli.sat.cnf.primal.hgr,no,no,0,8,0.03,0.0299908,8972.82,cut,774622,649823,no
rKaHyPar,sat14_q_query_3_L200_coli.sat.cnf.primal.hgr,no,no,3,8,0.03,0.0299908,5431.95,cut,813481,679413,no
rKaHyPar,sat14_q_query_3_L200_coli.sat.cnf.primal.hgr,no,no,5,8,0.03,0.0299908,10041.9,cut,779194,668748,no
rKaHyPar,sat14_q_query_3_L200_coli.sat.cnf.primal.hgr,no,no,8,8,0.03,0.0299908,7783.19,cut,759501,665867,no
rKaHyPar,sat14_q_query_3_L200_coli.sat.cnf.primal.hgr,no,no,9,8,0.03,0.0299908,12749.5,cut,748846,659598,no
rKaHyPar,sat14_q_query_3_L80_coli.sat.cnf.dual.hgr,no,no,0,128,0.03,0.028556,3965.43,cut,73051,2988,no
rKaHyPar,sat14_q_query_3_L80_coli.sat.cnf.dual.hgr,no,no,2,128,0.03,0.0236885,4021.23,cut,75605,2931,no
rKaHyPar,sat14_q_query_3_L80_coli.sat.cnf.dual.hgr,no,no,3,128,0.03,0.029854,3227.51,cut,68273,2971,no
rKaHyPar,sat14_q_query_3_L80_coli.sat.cnf.dual.hgr,no,no,4,128,0.03,0.0239048,3200.25,cut,73182,2920,no
rKaHyPar,sat14_q_query_3_L80_coli.sat.cnf.dual.hgr,no,no,5,128,0.03,0.0268253,3198.44,cut,75799,2942,no
rKaHyPar,sat14_q_query_3_L80_coli.sat.cnf.dual.hgr,no,no,6,128,0.03,0.0297458,3258.28,cut,74248,3006,no
rKaHyPar,sat14_q_query_3_L80_coli.sat.cnf.dual.hgr,no,no,7,128,0.03,0.0261763,3250.14,cut,72299,2964,no
rKaHyPar,sat14_q_query_3_L80_coli.sat.cnf.dual.hgr,no,no,8,128,0.03,0.0250946,3387.25,cut,71445,2947,no
rKaHyPar,sat14_q_query_3_L80_coli.sat.cnf.dual.hgr,no,no,9,128,0.03,0.0276906,4088.61,cut,71019,2947,no
rKaHyPar,sat14_q_query_3_L80_coli.sat.cnf.dual.hgr,no,no,0,16,0.03,0.0203508,3176.37,cut,10669,1671,no
rKaHyPar,sat14_q_query_3_L80_coli.sat.cnf.dual.hgr,no,no,1,16,0.03,0.0270307,3885,cut,10587,1718,no
rKaHyPar,sat14_q_query_3_L80_coli.sat.cnf.dual.hgr,no,no,2,16,0.03,0.0203913,3799.92,cut,11118,1667,no
rKaHyPar,sat14_q_query_3_L80_coli.sat.cnf.dual.hgr,no,no,3,16,0.03,0.0203913,3202.54,cut,10007,1680,no
rKaHyPar,sat14_q_query_3_L80_coli.sat.cnf.dual.hgr,no,no,4,16,0.03,0.0203508,3305.81,cut,11254,1677,no
rKaHyPar,sat14_q_query_3_L80_coli.sat.cnf.dual.hgr,no,no,5,16,0.03,0.0203508,3210.92,cut,10737,1700,no
rKaHyPar,sat14_q_query_3_L80_coli.sat.cnf.dual.hgr,no,no,7,16,0.03,0.0208376,3962.28,cut,10860,1687,no
rKaHyPar,sat14_q_query_3_L80_coli.sat.cnf.dual.hgr,no,no,8,16,0.03,0.0203508,3335.7,cut,11024,1688,no
rKaHyPar,sat14_q_query_3_L80_coli.sat.cnf.dual.hgr,no,no,9,16,0.03,0.0203508,4103.72,cut,11059,1688,no
rKaHyPar,sat14_q_query_3_L80_coli.sat.cnf.dual.hgr,no,no,1,2,0.03,0,3700.73,cut,401,401,no
rKaHyPar,sat14_q_query_3_L80_coli.sat.cnf.dual.hgr,no,no,2,2,0.03,0,3154.89,cut,369,369,no
rKaHyPar,sat14_q_query_3_L80_coli.sat.cnf.dual.hgr,no,no,3,2,0.03,0,3106.62,cut,369,369,no
rKaHyPar,sat14_q_query_3_L80_coli.sat.cnf.dual.hgr,no,no,4,2,0.03,0.009567,4060.63,cut,369,369,no
rKaHyPar,sat14_q_query_3_L80_coli.sat.cnf.dual.hgr,no,no,7,2,0.03,0,3158.52,cut,369,369,no
rKaHyPar,sat14_q_query_3_L80_coli.sat.cnf.dual.hgr,no,no,8,2,0.03,0,3288.84,cut,367,367,no
rKaHyPar,sat14_q_query_3_L80_coli.sat.cnf.dual.hgr,no,no,9,2,0.03,0.00119841,3384.77,cut,375,375,no
rKaHyPar,sat14_q_query_3_L80_coli.sat.cnf.dual.hgr,no,no,0,32,0.03,0.0199584,3201.88,cut,20724,1888,no
rKaHyPar,sat14_q_query_3_L80_coli.sat.cnf.dual.hgr,no,no,1,32,0.03,0.0198772,3957.3,cut,20760,1927,no
rKaHyPar,sat14_q_query_3_L80_coli.sat.cnf.dual.hgr,no,no,3,32,0.03,0.0200395,3398.9,cut,20664,1886,no
rKaHyPar,sat14_q_query_3_L80_coli.sat.cnf.dual.hgr,no,no,4,32,0.03,0.0198772,3845.85,cut,19725,1885,no
rKaHyPar,sat14_q_query_3_L80_coli.sat.cnf.dual.hgr,no,no,5,32,0.03,0.0246369,3167.67,cut,20389,1909,no
rKaHyPar,sat14_q_query_3_L80_coli.sat.cnf.dual.hgr,no,no,6,32,0.03,0.0198772,3218.21,cut,19753,1895,no
rKaHyPar,sat14_q_query_3_L80_coli.sat.cnf.dual.hgr,no,no,7,32,0.03,0.0198772,3947.66,cut,20974,1887,no
rKaHyPar,sat14_q_query_3_L80_coli.sat.cnf.dual.hgr,no,no,9,32,0.03,0.0198772,4140.56,cut,18855,1904,no
rKaHyPar,sat14_q_query_3_L80_coli.sat.cnf.dual.hgr,no,no,0,4,0.03,0.029776,3790.95,cut,1816,1111,no
rKaHyPar,sat14_q_query_3_L80_coli.sat.cnf.dual.hgr,no,no,1,4,0.03,0.0267436,2974.93,cut,1823,1122,no
rKaHyPar,sat14_q_query_3_L80_coli.sat.cnf.dual.hgr,no,no,2,4,0.03,0.0297219,3105.9,cut,1780,1083,no
rKaHyPar,sat14_q_query_3_L80_coli.sat.cnf.dual.hgr,no,no,3,4,0.03,0.0297794,3862.82,cut,1748,1047,no
rKaHyPar,sat14_q_query_3_L80_coli.sat.cnf.dual.hgr,no,no,5,4,0.03,0.0249688,3132.91,cut,1785,1085,no
rKaHyPar,sat14_q_query_3_L80_coli.sat.cnf.dual.hgr,no,no,6,4,0.03,0.0230013,3210.49,cut,1870,1156,no
rKaHyPar,sat14_q_query_3_L80_coli.sat.cnf.dual.hgr,no,no,7,4,0.03,0.0252832,3885.34,cut,1806,1113,no
rKaHyPar,sat14_q_query_3_L80_coli.sat.cnf.dual.hgr,no,no,8,4,0.03,0.0248302,3951.36,cut,1832,1124,no
rKaHyPar,sat14_q_query_3_L80_coli.sat.cnf.dual.hgr,no,no,9,4,0.03,0.0292486,3889.5,cut,1881,1168,no
rKaHyPar,sat14_q_query_3_L80_coli.sat.cnf.dual.hgr,no,no,0,64,0.03,0.0274758,3892.39,cut,39617,2322,no
rKaHyPar,sat14_q_query_3_L80_coli.sat.cnf.dual.hgr,no,no,1,64,0.03,0.0176321,3306.31,cut,37864,2331,no
rKaHyPar,sat14_q_query_3_L80_coli.sat.cnf.dual.hgr,no,no,2,64,0.03,0.0286116,3316.74,cut,39480,2371,no
rKaHyPar,sat14_q_query_3_L80_coli.sat.cnf.dual.hgr,no,no,3,64,0.03,0.028828,3871.63,cut,39778,2351,no
rKaHyPar,sat14_q_query_3_L80_coli.sat.cnf.dual.hgr,no,no,4,64,0.03,0.015036,3152.68,cut,41179,2299,no
rKaHyPar,sat14_q_query_3_L80_coli.sat.cnf.dual.hgr,no,no,5,64,0.03,0.0287198,3187.28,cut,37082,2356,no
rKaHyPar,sat14_q_query_3_L80_coli.sat.cnf.dual.hgr,no,no,6,64,0.03,0.0211477,3348.57,cut,39496,2345,no
rKaHyPar,sat14_q_query_3_L80_coli.sat.cnf.dual.hgr,no,no,8,64,0.03,0.0268268,3364.91,cut,39250,2350,no
rKaHyPar,sat14_q_query_3_L80_coli.sat.cnf.dual.hgr,no,no,9,64,0.03,0.0202823,3173.93,cut,38996,2332,no
rKaHyPar,sat14_q_query_3_L80_coli.sat.cnf.dual.hgr,no,no,0,8,0.03,0.0169298,3858.18,cut,4726,1495,no
rKaHyPar,sat14_q_query_3_L80_coli.sat.cnf.dual.hgr,no,no,2,8,0.03,0.0231973,3782.32,cut,5041,1451,no
rKaHyPar,sat14_q_query_3_L80_coli.sat.cnf.dual.hgr,no,no,3,8,0.03,0.0201345,3191.52,cut,5230,1507,no
rKaHyPar,sat14_q_query_3_L80_coli.sat.cnf.dual.hgr,no,no,5,8,0.03,0.025611,3814.11,cut,5136,1478,no
rKaHyPar,sat14_q_query_3_L80_coli.sat.cnf.dual.hgr,no,no,8,8,0.03,0.0205875,3236.42,cut,5058,1507,no
rKaHyPar,sat14_q_query_3_L80_coli.sat.cnf.dual.hgr,no,no,9,8,0.03,0.0215138,4030.34,cut,5234,1484,no
rKaHyPar,sat14_q_query_3_L80_coli.sat.cnf.hgr,no,no,0,128,0.03,0.0298774,996.779,cut,949263,672485,no
rKaHyPar,sat14_q_query_3_L80_coli.sat.cnf.hgr,no,no,2,128,0.03,0.0298774,1264.92,cut,965545,667589,no
rKaHyPar,sat14_q_query_3_L80_coli.sat.cnf.hgr,no,no,3,128,0.03,0.0298774,976.562,cut,964919,673577,no
rKaHyPar,sat14_q_query_3_L80_coli.sat.cnf.hgr,no,no,4,128,0.03,0.0298774,827.286,cut,984679,670015,no
rKaHyPar,sat14_q_query_3_L80_coli.sat.cnf.hgr,no,no,5,128,0.03,0.0298774,866.14,cut,989696,671422,no
rKaHyPar,sat14_q_query_3_L80_coli.sat.cnf.hgr,no,no,6,128,0.03,0.0298774,1106.27,cut,988647,674812,no
rKaHyPar,sat14_q_query_3_L80_coli.sat.cnf.hgr,no,no,7,128,0.03,0.0298774,811.119,cut,958130,668960,no
rKaHyPar,sat14_q_query_3_L80_coli.sat.cnf.hgr,no,no,8,128,0.03,0.0298774,970.87,cut,976171,670196,no
rKaHyPar,sat14_q_query_3_L80_coli.sat.cnf.hgr,no,no,9,128,0.03,0.0298774,1047.55,cut,983810,670808,no
rKaHyPar,sat14_q_query_3_L80_coli.sat.cnf.hgr,no,no,0,16,0.03,0.0299799,774.492,cut,369504,284093,no
rKaHyPar,sat14_q_query_3_L80_coli.sat.cnf.hgr,no,no,1,16,0.03,0.0299799,973.028,cut,362655,286381,no
rKaHyPar,sat14_q_query_3_L80_coli.sat.cnf.hgr,no,no,2,16,0.03,0.0299799,1344.25,cut,360357,287407,no
rKaHyPar,sat14_q_query_3_L80_coli.sat.cnf.hgr,no,no,3,16,0.03,0.0299799,963.627,cut,380430,296864,no
rKaHyPar,sat14_q_query_3_L80_coli.sat.cnf.hgr,no,no,4,16,0.03,0.0299799,1001.74,cut,371034,285757,no
rKaHyPar,sat14_q_query_3_L80_coli.sat.cnf.hgr,no,no,5,16,0.03,0.0299799,830.452,cut,355119,281737,no
rKaHyPar,sat14_q_query_3_L80_coli.sat.cnf.hgr,no,no,7,16,0.03,0.0299799,1062.76,cut,363242,282676,no
rKaHyPar,sat14_q_query_3_L80_coli.sat.cnf.hgr,no,no,8,16,0.03,0.0299799,1107.73,cut,370149,285159,no
rKaHyPar,sat14_q_query_3_L80_coli.sat.cnf.hgr,no,no,9,16,0.03,0.0299799,1859.09,cut,362216,278550,no
rKaHyPar,sat14_q_query_3_L80_coli.sat.cnf.hgr,no,no,0,2,0.03,0.03,3709.35,cut,66552,66552,no
rKaHyPar,sat14_q_query_3_L80_coli.sat.cnf.hgr,no,no,1,2,0.03,0,536.593,cut,47726,47726,no
rKaHyPar,sat14_q_query_3_L80_coli.sat.cnf.hgr,no,no,2,2,0.03,0.03,2983.53,cut,67469,67469,no
rKaHyPar,sat14_q_query_3_L80_coli.sat.cnf.hgr,no,no,3,2,0.03,0.03,2862.15,cut,67370,67370,no
rKaHyPar,sat14_q_query_3_L80_coli.sat.cnf.hgr,no,no,4,2,0.03,0.03,4136.61,cut,67170,67170,no
rKaHyPar,sat14_q_query_3_L80_coli.sat.cnf.hgr,no,no,7,2,0.03,0.03,2874.22,cut,67223,67223,no
rKaHyPar,sat14_q_query_3_L80_coli.sat.cnf.hgr,no,no,8,2,0.03,0.03,2842.22,cut,67343,67343,no
rKaHyPar,sat14_q_query_3_L80_coli.sat.cnf.hgr,no,no,9,2,0.03,3.99095e-06,350.515,cut,47677,47677,no
rKaHyPar,sat14_q_query_3_L80_coli.sat.cnf.hgr,no,no,0,32,0.03,0.029947,939.89,cut,518212,371219,no
rKaHyPar,sat14_q_query_3_L80_coli.sat.cnf.hgr,no,no,1,32,0.03,0.029947,1149.98,cut,513591,363008,no
rKaHyPar,sat14_q_query_3_L80_coli.sat.cnf.hgr,no,no,3,32,0.03,0.029947,1304.4,cut,500515,356035,no
rKaHyPar,sat14_q_query_3_L80_coli.sat.cnf.hgr,no,no,4,32,0.03,0.029947,1029.35,cut,522904,375118,no
rKaHyPar,sat14_q_query_3_L80_coli.sat.cnf.hgr,no,no,5,32,0.03,0.029947,999.014,cut,504472,360546,no
rKaHyPar,sat14_q_query_3_L80_coli.sat.cnf.hgr,no,no,6,32,0.03,0.029947,1180.08,cut,517710,375767,no
rKaHyPar,sat14_q_query_3_L80_coli.sat.cnf.hgr,no,no,7,32,0.03,0.029947,879.619,cut,509253,365665,no
rKaHyPar,sat14_q_query_3_L80_coli.sat.cnf.hgr,no,no,9,32,0.03,0.029947,1364.27,cut,509847,367495,no
rKaHyPar,sat14_q_query_3_L80_coli.sat.cnf.hgr,no,no,0,4,0.03,0.0148862,2463.96,cut,151540,124011,no
rKaHyPar,sat14_q_query_3_L80_coli.sat.cnf.hgr,no,no,1,4,0.03,0.0148862,1805.97,cut,148879,124628,no
rKaHyPar,sat14_q_query_3_L80_coli.sat.cnf.hgr,no,no,3,4,0.03,0.0299879,3790.42,cut,134708,113143,no
rKaHyPar,sat14_q_query_3_L80_coli.sat.cnf.hgr,no,no,5,4,0.03,0.0299958,2337.9,cut,127351,107133,no
rKaHyPar,sat14_q_query_3_L80_coli.sat.cnf.hgr,no,no,6,4,0.03,0.0299799,1272.58,cut,126681,104404,no
rKaHyPar,sat14_q_query_3_L80_coli.sat.cnf.hgr,no,no,7,4,0.03,0.0299958,1600.78,cut,124409,104654,no
rKaHyPar,sat14_q_query_3_L80_coli.sat.cnf.hgr,no,no,8,4,0.03,0.0299958,4469.86,cut,137498,117777,no
rKaHyPar,sat14_q_query_3_L80_coli.sat.cnf.hgr,no,no,9,4,0.03,0.0299639,2914.52,cut,148277,124821,no
rKaHyPar,sat14_q_query_3_L80_coli.sat.cnf.hgr,no,no,0,64,0.03,0.0298812,1341.25,cut,759265,525992,no
rKaHyPar,sat14_q_query_3_L80_coli.sat.cnf.hgr,no,no,1,64,0.03,0.0298812,928.872,cut,743826,521797,no
rKaHyPar,sat14_q_query_3_L80_coli.sat.cnf.hgr,no,no,2,64,0.03,0.0298812,1018.55,cut,736841,524437,no
rKaHyPar,sat14_q_query_3_L80_coli.sat.cnf.hgr,no,no,3,64,0.03,0.0298812,945.992,cut,741113,530579,no
rKaHyPar,sat14_q_query_3_L80_coli.sat.cnf.hgr,no,no,4,64,0.03,0.0298812,940.434,cut,750930,533547,no
rKaHyPar,sat14_q_query_3_L80_coli.sat.cnf.hgr,no,no,5,64,0.03,0.0298812,1129.09,cut,747463,526700,no
rKaHyPar,sat14_q_query_3_L80_coli.sat.cnf.hgr,no,no,6,64,0.03,0.0298812,792.025,cut,757433,528014,no
rKaHyPar,sat14_q_query_3_L80_coli.sat.cnf.hgr,no,no,8,64,0.03,0.0298812,1032.22,cut,751484,527347,no
rKaHyPar,sat14_q_query_3_L80_coli.sat.cnf.hgr,no,no,9,64,0.03,0.0298812,1107.01,cut,752863,534430,no
rKaHyPar,sat14_q_query_3_L80_coli.sat.cnf.hgr,no,no,0,8,0.03,0.0298522,2288.79,cut,245175,203987,no
rKaHyPar,sat14_q_query_3_L80_coli.sat.cnf.hgr,no,no,2,8,0.03,0.0299958,1461.43,cut,244096,204393,no
rKaHyPar,sat14_q_query_3_L80_coli.sat.cnf.hgr,no,no,3,8,0.03,0.0299958,1397.55,cut,248266,205134,no
rKaHyPar,sat14_q_query_3_L80_coli.sat.cnf.hgr,no,no,5,8,0.03,0.0299958,1543.09,cut,234830,192438,no
rKaHyPar,sat14_q_query_3_L80_coli.sat.cnf.hgr,no,no,8,8,0.03,0.0297883,1051.33,cut,242259,197864,no
rKaHyPar,sat14_q_query_3_L80_coli.sat.cnf.hgr,no,no,9,8,0.03,0.0296925,1209.89,cut,239584,187785,no
rKaHyPar,sat14_q_query_3_L80_coli.sat.cnf.primal.hgr,no,no,0,128,0.03,0.0296221,597.004,cut,995244,738618,no
rKaHyPar,sat14_q_query_3_L80_coli.sat.cnf.primal.hgr,no,no,2,128,0.03,0.0296221,604.507,cut,971844,737292,no
rKaHyPar,sat14_q_query_3_L80_coli.sat.cnf.primal.hgr,no,no,3,128,0.03,0.0296221,496.662,cut,1014202,739544,no
rKaHyPar,sat14_q_query_3_L80_coli.sat.cnf.primal.hgr,no,no,4,128,0.03,0.0296221,452.484,cut,992640,741451,no
rKaHyPar,sat14_q_query_3_L80_coli.sat.cnf.primal.hgr,no,no,5,128,0.03,0.0296221,524.293,cut,954220,747940,no
rKaHyPar,sat14_q_query_3_L80_coli.sat.cnf.primal.hgr,no,no,6,128,0.03,0.0296221,428.942,cut,1014978,745570,no
rKaHyPar,sat14_q_query_3_L80_coli.sat.cnf.primal.hgr,no,no,7,128,0.03,0.0296221,445.984,cut,976439,739759,no
rKaHyPar,sat14_q_query_3_L80_coli.sat.cnf.primal.hgr,no,no,8,128,0.03,0.0296221,484.758,cut,992247,745101,no
rKaHyPar,sat14_q_query_3_L80_coli.sat.cnf.primal.hgr,no,no,9,128,0.03,0.0296221,663.211,cut,979777,742040,no
rKaHyPar,sat14_q_query_3_L80_coli.sat.cnf.primal.hgr,no,no,0,16,0.03,0.029947,870.326,cut,474850,387210,no
rKaHyPar,sat14_q_query_3_L80_coli.sat.cnf.primal.hgr,no,no,1,16,0.03,0.029947,766.437,cut,461703,400096,no
rKaHyPar,sat14_q_query_3_L80_coli.sat.cnf.primal.hgr,no,no,2,16,0.03,0.029947,817.666,cut,431835,370897,no
rKaHyPar,sat14_q_query_3_L80_coli.sat.cnf.primal.hgr,no,no,3,16,0.03,0.029947,486.056,cut,457505,381722,no
rKaHyPar,sat14_q_query_3_L80_coli.sat.cnf.primal.hgr,no,no,4,16,0.03,0.029947,656.245,cut,461107,396814,no
rKaHyPar,sat14_q_query_3_L80_coli.sat.cnf.primal.hgr,no,no,5,16,0.03,0.029947,806.893,cut,468449,391155,no
rKaHyPar,sat14_q_query_3_L80_coli.sat.cnf.primal.hgr,no,no,6,16,0.03,0.029947,658.08,cut,450355,386542,no
rKaHyPar,sat14_q_query_3_L80_coli.sat.cnf.primal.hgr,no,no,7,16,0.03,0.029947,799.832,cut,454341,386159,no
rKaHyPar,sat14_q_query_3_L80_coli.sat.cnf.primal.hgr,no,no,8,16,0.03,0.029947,638.149,cut,425303,372139,no
rKaHyPar,sat14_q_query_3_L80_coli.sat.cnf.primal.hgr,no,no,9,16,0.03,0.029947,711.929,cut,444845,393576,no
rKaHyPar,sat14_q_query_3_L80_coli.sat.cnf.primal.hgr,no,no,0,2,0.03,0.0299958,751.502,cut,72712,72712,no
rKaHyPar,sat14_q_query_3_L80_coli.sat.cnf.primal.hgr,no,no,1,2,0.03,0.0299958,513.997,cut,86909,86909,no
rKaHyPar,sat14_q_query_3_L80_coli.sat.cnf.primal.hgr,no,no,2,2,0.03,0.0299879,917.038,cut,72861,72861,no
rKaHyPar,sat14_q_query_3_L80_coli.sat.cnf.primal.hgr,no,no,3,2,0.03,0.00522812,193.034,cut,78024,78024,no
rKaHyPar,sat14_q_query_3_L80_coli.sat.cnf.primal.hgr,no,no,4,2,0.03,0.0299958,1087.81,cut,71432,71432,no
rKaHyPar,sat14_q_query_3_L80_coli.sat.cnf.primal.hgr,no,no,6,2,0.03,0.0299958,1337.45,cut,71903,71903,no
rKaHyPar,sat14_q_query_3_L80_coli.sat.cnf.primal.hgr,no,no,7,2,0.03,0.0013649,112.495,cut,78026,78026,no
rKaHyPar,sat14_q_query_3_L80_coli.sat.cnf.primal.hgr,no,no,8,2,0.03,0,110.738,cut,84855,84855,no
rKaHyPar,sat14_q_query_3_L80_coli.sat.cnf.primal.hgr,no,no,9,2,0.03,0.0299958,921.039,cut,69721,69721,no
rKaHyPar,sat14_q_query_3_L80_coli.sat.cnf.primal.hgr,no,no,0,32,0.03,0.0298812,793.482,cut,615459,507486,no
rKaHyPar,sat14_q_query_3_L80_coli.sat.cnf.primal.hgr,no,no,1,32,0.03,0.0298812,613.506,cut,637469,531755,no
rKaHyPar,sat14_q_query_3_L80_coli.sat.cnf.primal.hgr,no,no,2,32,0.03,0.0298812,1007.01,cut,631080,518043,no
rKaHyPar,sat14_q_query_3_L80_coli.sat.cnf.primal.hgr,no,no,3,32,0.03,0.0298812,483.618,cut,633707,521925,no
rKaHyPar,sat14_q_query_3_L80_coli.sat.cnf.primal.hgr,no,no,4,32,0.03,0.0298812,649.217,cut,610302,506127,no
rKaHyPar,sat14_q_query_3_L80_coli.sat.cnf.primal.hgr,no,no,5,32,0.03,0.0298812,639.455,cut,605576,501270,no
rKaHyPar,sat14_q_query_3_L80_coli.sat.cnf.primal.hgr,no,no,6,32,0.03,0.0298812,458.699,cut,614851,496584,no
rKaHyPar,sat14_q_query_3_L80_coli.sat.cnf.primal.hgr,no,no,7,32,0.03,0.0298812,807.511,cut,632899,515947,no
rKaHyPar,sat14_q_query_3_L80_coli.sat.cnf.primal.hgr,no,no,8,32,0.03,0.0298812,601.996,cut,628351,511891,no
rKaHyPar,sat14_q_query_3_L80_coli.sat.cnf.primal.hgr,no,no,9,32,0.03,0.0298812,1056.01,cut,634892,512787,no
rKaHyPar,sat14_q_query_3_L80_coli.sat.cnf.primal.hgr,no,no,0,4,0.03,0.0299958,1223.04,cut,145893,123398,no
rKaHyPar,sat14_q_query_3_L80_coli.sat.cnf.primal.hgr,no,no,1,4,0.03,0.0299958,387.091,cut,141468,130916,no
rKaHyPar,sat14_q_query_3_L80_coli.sat.cnf.primal.hgr,no,no,2,4,0.03,0.0299958,800.392,cut,170540,163355,no
rKaHyPar,sat14_q_query_3_L80_coli.sat.cnf.primal.hgr,no,no,3,4,0.03,0.0299799,1237.53,cut,150556,127936,no
rKaHyPar,sat14_q_query_3_L80_coli.sat.cnf.primal.hgr,no,no,5,4,0.03,0.0297883,951.263,cut,146364,123959,no
rKaHyPar,sat14_q_query_3_L80_coli.sat.cnf.primal.hgr,no,no,6,4,0.03,0.0299958,472.98,cut,133433,119936,no
rKaHyPar,sat14_q_query_3_L80_coli.sat.cnf.primal.hgr,no,no,7,4,0.03,0.0299958,575.506,cut,171310,154741,no
rKaHyPar,sat14_q_query_3_L80_coli.sat.cnf.primal.hgr,no,no,8,4,0.03,0.0299958,427.232,cut,172078,159107,no
rKaHyPar,sat14_q_query_3_L80_coli.sat.cnf.primal.hgr,no,no,9,4,0.03,0.029916,1089.3,cut,152564,128653,no
rKaHyPar,sat14_q_query_3_L80_coli.sat.cnf.primal.hgr,no,no,0,64,0.03,0.0298774,645.303,cut,831023,631858,no
rKaHyPar,sat14_q_query_3_L80_coli.sat.cnf.primal.hgr,no,no,1,64,0.03,0.0298774,587.973,cut,802469,622322,no
rKaHyPar,sat14_q_query_3_L80_coli.sat.cnf.primal.hgr,no,no,2,64,0.03,0.0298774,588.867,cut,800457,621773,no
rKaHyPar,sat14_q_query_3_L80_coli.sat.cnf.primal.hgr,no,no,3,64,0.03,0.0298774,776.722,cut,793163,613880,no
rKaHyPar,sat14_q_query_3_L80_coli.sat.cnf.primal.hgr,no,no,4,64,0.03,0.0298774,449.922,cut,809702,618411,no
rKaHyPar,sat14_q_query_3_L80_coli.sat.cnf.primal.hgr,no,no,5,64,0.03,0.0298774,590.581,cut,822093,635974,no
rKaHyPar,sat14_q_query_3_L80_coli.sat.cnf.primal.hgr,no,no,6,64,0.03,0.0298774,507.215,cut,786294,620227,no
rKaHyPar,sat14_q_query_3_L80_coli.sat.cnf.primal.hgr,no,no,7,64,0.03,0.0298774,474.726,cut,785734,602169,no
rKaHyPar,sat14_q_query_3_L80_coli.sat.cnf.primal.hgr,no,no,8,64,0.03,0.0298774,535.224,cut,813621,619912,no
rKaHyPar,sat14_q_query_3_L80_coli.sat.cnf.primal.hgr,no,no,9,64,0.03,0.0298774,594.088,cut,798445,615784,no
rKaHyPar,sat14_q_query_3_L80_coli.sat.cnf.primal.hgr,no,no,0,8,0.03,0.0299799,1201.78,cut,263312,235296,no
rKaHyPar,sat14_q_query_3_L80_coli.sat.cnf.primal.hgr,no,no,1,8,0.03,0.0299799,980.211,cut,267417,243303,no
rKaHyPar,sat14_q_query_3_L80_coli.sat.cnf.primal.hgr,no,no,2,8,0.03,0.0299799,1117.93,cut,268101,240439,no
rKaHyPar,sat14_q_query_3_L80_coli.sat.cnf.primal.hgr,no,no,3,8,0.03,0.0299799,743.148,cut,279763,253925,no
rKaHyPar,sat14_q_query_3_L80_coli.sat.cnf.primal.hgr,no,no,4,8,0.03,0.0299799,817.218,cut,264344,232005,no
rKaHyPar,sat14_q_query_3_L80_coli.sat.cnf.primal.hgr,no,no,5,8,0.03,0.0299799,1039.64,cut,302872,274372,no
rKaHyPar,sat14_q_query_3_L80_coli.sat.cnf.primal.hgr,no,no,7,8,0.03,0.0299799,1023.22,cut,284032,256470,no
rKaHyPar,sat14_q_query_3_L80_coli.sat.cnf.primal.hgr,no,no,8,8,0.03,0.0299799,673.557,cut,282256,250416,no
rKaHyPar,sat14_q_query_3_L80_coli.sat.cnf.primal.hgr,no,no,9,8,0.03,0.0299799,1012.21,cut,284200,258343,no
rKaHyPar,sat14_SAT_dat.k100-24_1_rule_1.cnf.dual.hgr,no,no,0,128,0.03,0.0292981,1739.25,cut,47122,37472,no
rKaHyPar,sat14_SAT_dat.k100-24_1_rule_1.cnf.dual.hgr,no,no,2,128,0.03,0.0297008,1748.8,cut,48006,37240,no
rKaHyPar,sat14_SAT_dat.k100-24_1_rule_1.cnf.dual.hgr,no,no,3,128,0.03,0.0295196,1229.23,cut,46881,37153,no
rKaHyPar,sat14_SAT_dat.k100-24_1_rule_1.cnf.dual.hgr,no,no,4,128,0.03,0.0299827,1236.71,cut,47481,37200,no
rKaHyPar,sat14_SAT_dat.k100-24_1_rule_1.cnf.dual.hgr,no,no,5,128,0.03,0.0299424,1233.67,cut,46900,37436,no
rKaHyPar,sat14_SAT_dat.k100-24_1_rule_1.cnf.dual.hgr,no,no,6,128,0.03,0.0296806,1219.5,cut,46696,37122,no
rKaHyPar,sat14_SAT_dat.k100-24_1_rule_1.cnf.dual.hgr,no,no,7,128,0.03,0.0294793,1224.19,cut,46855,36980,no
rKaHyPar,sat14_SAT_dat.k100-24_1_rule_1.cnf.dual.hgr,no,no,8,128,0.03,0.0297209,1221.83,cut,47000,37390,no
rKaHyPar,sat14_SAT_dat.k100-24_1_rule_1.cnf.dual.hgr,no,no,9,128,0.03,0.0292578,1222.53,cut,47423,37322,no
rKaHyPar,sat14_SAT_dat.k100-24_1_rule_1.cnf.dual.hgr,no,no,0,16,0.03,0.0290616,862.946,cut,8965,8847,no
rKaHyPar,sat14_SAT_dat.k100-24_1_rule_1.cnf.dual.hgr,no,no,1,16,0.03,0.0298973,1227.16,cut,8971,8856,no
rKaHyPar,sat14_SAT_dat.k100-24_1_rule_1.cnf.dual.hgr,no,no,2,16,0.03,0.0299879,1220.28,cut,8991,8869,no
rKaHyPar,sat14_SAT_dat.k100-24_1_rule_1.cnf.dual.hgr,no,no,3,16,0.03,0.029643,861.035,cut,8991,8887,no
rKaHyPar,sat14_SAT_dat.k100-24_1_rule_1.cnf.dual.hgr,no,no,4,16,0.03,0.0297689,865.702,cut,8912,8846,no
rKaHyPar,sat14_SAT_dat.k100-24_1_rule_1.cnf.dual.hgr,no,no,5,16,0.03,0.0299803,868.127,cut,8933,8846,no
rKaHyPar,sat14_SAT_dat.k100-24_1_rule_1.cnf.dual.hgr,no,no,6,16,0.03,0.0297286,1228.5,cut,8952,8845,no
rKaHyPar,sat14_SAT_dat.k100-24_1_rule_1.cnf.dual.hgr,no,no,7,16,0.03,0.0299426,1235.34,cut,8979,8856,no
rKaHyPar,sat14_SAT_dat.k100-24_1_rule_1.cnf.dual.hgr,no,no,8,16,0.03,0.02846,865.123,cut,8979,8873,no
rKaHyPar,sat14_SAT_dat.k100-24_1_rule_1.cnf.dual.hgr,no,no,9,16,0.03,0.0285255,865.022,cut,8974,8856,no
rKaHyPar,sat14_SAT_dat.k100-24_1_rule_1.cnf.dual.hgr,no,no,0,2,0.03,0.00080419,404.763,cut,580,580,no
rKaHyPar,sat14_SAT_dat.k100-24_1_rule_1.cnf.dual.hgr,no,no,1,2,0.03,0.000908332,544.166,cut,580,580,no
rKaHyPar,sat14_SAT_dat.k100-24_1_rule_1.cnf.dual.hgr,no,no,2,2,0.03,0.00126701,415.11,cut,580,580,no
rKaHyPar,sat14_SAT_dat.k100-24_1_rule_1.cnf.dual.hgr,no,no,3,2,0.03,0.00126638,413.289,cut,580,580,no
rKaHyPar,sat14_SAT_dat.k100-24_1_rule_1.cnf.dual.hgr,no,no,4,2,0.03,0.000804505,544.639,cut,580,580,no
rKaHyPar,sat14_SAT_dat.k100-24_1_rule_1.cnf.dual.hgr,no,no,6,2,0.03,0.00126638,386.538,cut,580,580,no
rKaHyPar,sat14_SAT_dat.k100-24_1_rule_1.cnf.dual.hgr,no,no,7,2,0.03,0.00126701,414.911,cut,580,580,no
rKaHyPar,sat14_SAT_dat.k100-24_1_rule_1.cnf.dual.hgr,no,no,8,2,0.03,0.000812056,429.281,cut,580,580,no
rKaHyPar,sat14_SAT_dat.k100-24_1_rule_1.cnf.dual.hgr,no,no,9,2,0.03,0.00126701,542.039,cut,580,580,no
rKaHyPar,sat14_SAT_dat.k100-24_1_rule_1.cnf.dual.hgr,no,no,0,32,0.03,0.0299526,993.515,cut,15012,14113,no
rKaHyPar,sat14_SAT_dat.k100-24_1_rule_1.cnf.dual.hgr,no,no,1,32,0.03,0.0299275,1424.26,cut,14695,13730,no
rKaHyPar,sat14_SAT_dat.k100-24_1_rule_1.cnf.dual.hgr,no,no,2,32,0.03,0.0299979,1403.09,cut,14418,13620,no
rKaHyPar,sat14_SAT_dat.k100-24_1_rule_1.cnf.dual.hgr,no,no,3,32,0.03,0.0299828,1407.59,cut,15093,13977,no
rKaHyPar,sat14_SAT_dat.k100-24_1_rule_1.cnf.dual.hgr,no,no,4,32,0.03,0.0293636,1433.84,cut,14662,13824,no
rKaHyPar,sat14_SAT_dat.k100-24_1_rule_1.cnf.dual.hgr,no,no,5,32,0.03,0.0293485,988.848,cut,14687,13694,no
rKaHyPar,sat14_SAT_dat.k100-24_1_rule_1.cnf.dual.hgr,no,no,6,32,0.03,0.0298822,987.29,cut,14633,13681,no
rKaHyPar,sat14_SAT_dat.k100-24_1_rule_1.cnf.dual.hgr,no,no,8,32,0.03,0.0299526,990.274,cut,14955,14039,no
rKaHyPar,sat14_SAT_dat.k100-24_1_rule_1.cnf.dual.hgr,no,no,9,32,0.03,0.0299375,1445.96,cut,14898,13997,no
rKaHyPar,sat14_SAT_dat.k100-24_1_rule_1.cnf.dual.hgr,no,no,0,4,0.03,0.00319663,836.819,cut,1746,1740,no
rKaHyPar,sat14_SAT_dat.k100-24_1_rule_1.cnf.dual.hgr,no,no,1,4,0.03,0.00319663,606.428,cut,1746,1740,no
rKaHyPar,sat14_SAT_dat.k100-24_1_rule_1.cnf.dual.hgr,no,no,2,4,0.03,0.00319663,608.585,cut,1744,1740,no
rKaHyPar,sat14_SAT_dat.k100-24_1_rule_1.cnf.dual.hgr,no,no,3,4,0.03,0.00319788,825.783,cut,1740,1740,no
rKaHyPar,sat14_SAT_dat.k100-24_1_rule_1.cnf.dual.hgr,no,no,5,4,0.03,0.00319663,838.262,cut,1746,1740,no
rKaHyPar,sat14_SAT_dat.k100-24_1_rule_1.cnf.dual.hgr,no,no,6,4,0.03,0.00319663,586.538,cut,1740,1740,no
rKaHyPar,sat14_SAT_dat.k100-24_1_rule_1.cnf.dual.hgr,no,no,7,4,0.03,0.00319725,848.327,cut,1746,1740,no
rKaHyPar,sat14_SAT_dat.k100-24_1_rule_1.cnf.dual.hgr,no,no,8,4,0.03,0.00319663,584.521,cut,1746,1740,no
rKaHyPar,sat14_SAT_dat.k100-24_1_rule_1.cnf.dual.hgr,no,no,9,4,0.03,0.00319663,833.083,cut,1740,1740,no
rKaHyPar,sat14_SAT_dat.k100-24_1_rule_1.cnf.dual.hgr,no,no,0,64,0.03,0.0293484,1562.85,cut,26384,22865,no
rKaHyPar,sat14_SAT_dat.k100-24_1_rule_1.cnf.dual.hgr,no,no,1,64,0.03,0.0290061,1589.37,cut,26219,22907,no
rKaHyPar,sat14_SAT_dat.k100-24_1_rule_1.cnf.dual.hgr,no,no,2,64,0.03,0.0296102,1099.24,cut,25847,22750,no
rKaHyPar,sat14_SAT_dat.k100-24_1_rule_1.cnf.dual.hgr,no,no,3,64,0.03,0.0289457,1103.88,cut,26156,22895,no
rKaHyPar,sat14_SAT_dat.k100-24_1_rule_1.cnf.dual.hgr,no,no,4,64,0.03,0.0294793,1111.22,cut,26396,22874,no
rKaHyPar,sat14_SAT_dat.k100-24_1_rule_1.cnf.dual.hgr,no,no,5,64,0.03,0.0268717,1119.89,cut,26218,23089,no
rKaHyPar,sat14_SAT_dat.k100-24_1_rule_1.cnf.dual.hgr,no,no,6,64,0.03,0.0294491,1127.94,cut,26202,22997,no
rKaHyPar,sat14_SAT_dat.k100-24_1_rule_1.cnf.dual.hgr,no,no,7,64,0.03,0.0298417,1570.88,cut,26216,22869,no
rKaHyPar,sat14_SAT_dat.k100-24_1_rule_1.cnf.dual.hgr,no,no,8,64,0.03,0.02958,1098.7,cut,25941,22974,no
rKaHyPar,sat14_SAT_dat.k100-24_1_rule_1.cnf.dual.hgr,no,no,9,64,0.03,0.0299122,1094.74,cut,26010,22717,no
rKaHyPar,sat14_SAT_dat.k100-24_1_rule_1.cnf.dual.hgr,no,no,0,8,0.03,0.0289332,1045.38,cut,4157,4145,no
rKaHyPar,sat14_SAT_dat.k100-24_1_rule_1.cnf.dual.hgr,no,no,1,8,0.03,0.0231453,1053.25,cut,4145,4123,no
rKaHyPar,sat14_SAT_dat.k100-24_1_rule_1.cnf.dual.hgr,no,no,2,8,0.03,0.028158,1057.85,cut,4135,4121,no
rKaHyPar,sat14_SAT_dat.k100-24_1_rule_1.cnf.dual.hgr,no,no,3,8,0.03,0.00245158,748.71,cut,4139,4123,no
rKaHyPar,sat14_SAT_dat.k100-24_1_rule_1.cnf.dual.hgr,no,no,4,8,0.03,0.0271688,756.586,cut,4200,4136,no
rKaHyPar,sat14_SAT_dat.k100-24_1_rule_1.cnf.dual.hgr,no,no,5,8,0.03,0.0269788,1040.28,cut,4208,4136,no
rKaHyPar,sat14_SAT_dat.k100-24_1_rule_1.cnf.dual.hgr,no,no,7,8,0.03,0.00712067,1051.26,cut,4151,4123,no
rKaHyPar,sat14_SAT_dat.k100-24_1_rule_1.cnf.dual.hgr,no,no,8,8,0.03,0.0115934,742.813,cut,4141,4123,no
rKaHyPar,sat14_SAT_dat.k100-24_1_rule_1.cnf.dual.hgr,no,no,9,8,0.03,0.00735727,1046.27,cut,4141,4123,no
rKaHyPar,sat14_SAT_dat.k100-24_1_rule_1.cnf.hgr,no,no,0,128,0.03,0.0299984,1870,cut,148313,146830,no
rKaHyPar,sat14_SAT_dat.k100-24_1_rule_1.cnf.hgr,no,no,2,128,0.03,0.0299984,1336.69,cut,145551,144027,no
rKaHyPar,sat14_SAT_dat.k100-24_1_rule_1.cnf.hgr,no,no,3,128,0.03,0.0299984,1336.05,cut,147090,145620,no
rKaHyPar,sat14_SAT_dat.k100-24_1_rule_1.cnf.hgr,no,no,4,128,0.03,0.0299984,1354.11,cut,147592,146111,no
rKaHyPar,sat14_SAT_dat.k100-24_1_rule_1.cnf.hgr,no,no,5,128,0.03,0.0299984,1346.76,cut,147711,146096,no
rKaHyPar,sat14_SAT_dat.k100-24_1_rule_1.cnf.hgr,no,no,6,128,0.03,0.0299984,1365.25,cut,148904,147334,no
rKaHyPar,sat14_SAT_dat.k100-24_1_rule_1.cnf.hgr,no,no,7,128,0.03,0.0299984,1338.31,cut,149215,147489,no
rKaHyPar,sat14_SAT_dat.k100-24_1_rule_1.cnf.hgr,no,no,8,128,0.03,0.0299984,1915.58,cut,147315,145794,no
rKaHyPar,sat14_SAT_dat.k100-24_1_rule_1.cnf.hgr,no,no,9,128,0.03,0.0299984,1342.45,cut,146812,145140,no
rKaHyPar,sat14_SAT_dat.k100-24_1_rule_1.cnf.hgr,no,no,0,16,0.03,0.0276358,948.948,cut,19819,19817,no
rKaHyPar,sat14_SAT_dat.k100-24_1_rule_1.cnf.hgr,no,no,1,16,0.03,0.0279412,1596.93,cut,19393,19387,no
rKaHyPar,sat14_SAT_dat.k100-24_1_rule_1.cnf.hgr,no,no,2,16,0.03,0.0260237,1287.54,cut,19225,19218,no
rKaHyPar,sat14_SAT_dat.k100-24_1_rule_1.cnf.hgr,no,no,3,16,0.03,0.0283367,891.139,cut,19580,19580,no
rKaHyPar,sat14_SAT_dat.k100-24_1_rule_1.cnf.hgr,no,no,4,16,0.03,0.0268698,924.904,cut,19581,19576,no
rKaHyPar,sat14_SAT_dat.k100-24_1_rule_1.cnf.hgr,no,no,5,16,0.03,0.0295883,1316.64,cut,19554,19548,no
rKaHyPar,sat14_SAT_dat.k100-24_1_rule_1.cnf.hgr,no,no,6,16,0.03,0.0259486,1520.13,cut,19481,19481,no
rKaHyPar,sat14_SAT_dat.k100-24_1_rule_1.cnf.hgr,no,no,7,16,0.03,0.0297385,1313.32,cut,19480,19480,no
rKaHyPar,sat14_SAT_dat.k100-24_1_rule_1.cnf.hgr,no,no,8,16,0.03,0.0287823,1304.61,cut,19443,19443,no
rKaHyPar,sat14_SAT_dat.k100-24_1_rule_1.cnf.hgr,no,no,9,16,0.03,0.0284018,1121.58,cut,19619,19613,no
rKaHyPar,sat14_SAT_dat.k100-24_1_rule_1.cnf.hgr,no,no,0,2,0.03,0.00169282,517.945,cut,1164,1164,no
rKaHyPar,sat14_SAT_dat.k100-24_1_rule_1.cnf.hgr,no,no,1,2,0.03,0.00532002,817.516,cut,1164,1164,no
rKaHyPar,sat14_SAT_dat.k100-24_1_rule_1.cnf.hgr,no,no,2,2,0.03,0.00102883,488.254,cut,1164,1164,no
rKaHyPar,sat14_SAT_dat.k100-24_1_rule_1.cnf.hgr,no,no,3,2,0.03,0.00186617,507.149,cut,1164,1164,no
rKaHyPar,sat14_SAT_dat.k100-24_1_rule_1.cnf.hgr,no,no,4,2,0.03,0,609.753,cut,1164,1164,no
rKaHyPar,sat14_SAT_dat.k100-24_1_rule_1.cnf.hgr,no,no,5,2,0.03,0.00186617,633.199,cut,1164,1164,no
rKaHyPar,sat14_SAT_dat.k100-24_1_rule_1.cnf.hgr,no,no,6,2,0.03,0.0053194,547.431,cut,1164,1164,no
rKaHyPar,sat14_SAT_dat.k100-24_1_rule_1.cnf.hgr,no,no,7,2,0.03,0.00164401,457.161,cut,1164,1164,no
rKaHyPar,sat14_SAT_dat.k100-24_1_rule_1.cnf.hgr,no,no,8,2,0.03,0.00118028,642.842,cut,1164,1164,no
rKaHyPar,sat14_SAT_dat.k100-24_1_rule_1.cnf.hgr,no,no,9,2,0.03,0.00735954,787.092,cut,1164,1164,no
rKaHyPar,sat14_SAT_dat.k100-24_1_rule_1.cnf.hgr,no,no,0,32,0.03,0.0299987,1233.43,cut,45758,45691,no
rKaHyPar,sat14_SAT_dat.k100-24_1_rule_1.cnf.hgr,no,no,1,32,0.03,0.0299987,1305.08,cut,45626,45597,no
rKaHyPar,sat14_SAT_dat.k100-24_1_rule_1.cnf.hgr,no,no,2,32,0.03,0.0299987,1768.52,cut,45398,45353,no
rKaHyPar,sat14_SAT_dat.k100-24_1_rule_1.cnf.hgr,no,no,3,32,0.03,0.0299987,1157.08,cut,45668,45625,no
rKaHyPar,sat14_SAT_dat.k100-24_1_rule_1.cnf.hgr,no,no,4,32,0.03,0.0299987,1894.94,cut,45639,45588,no
rKaHyPar,sat14_SAT_dat.k100-24_1_rule_1.cnf.hgr,no,no,5,32,0.03,0.0299987,1227.06,cut,45530,45511,no
rKaHyPar,sat14_SAT_dat.k100-24_1_rule_1.cnf.hgr,no,no,6,32,0.03,0.0299987,1315.27,cut,48876,48836,no
rKaHyPar,sat14_SAT_dat.k100-24_1_rule_1.cnf.hgr,no,no,7,32,0.03,0.0299987,1440.91,cut,47069,47002,no
rKaHyPar,sat14_SAT_dat.k100-24_1_rule_1.cnf.hgr,no,no,8,32,0.03,0.0299987,1108.15,cut,42941,42903,no
rKaHyPar,sat14_SAT_dat.k100-24_1_rule_1.cnf.hgr,no,no,9,32,0.03,0.0299987,1809.32,cut,46529,46480,no
rKaHyPar,sat14_SAT_dat.k100-24_1_rule_1.cnf.hgr,no,no,0,4,0.03,0.0209246,982.572,cut,3492,3492,no
rKaHyPar,sat14_SAT_dat.k100-24_1_rule_1.cnf.hgr,no,no,1,4,0.03,0.0209234,948.642,cut,3492,3492,no
rKaHyPar,sat14_SAT_dat.k100-24_1_rule_1.cnf.hgr,no,no,2,4,0.03,0.00438944,667.878,cut,3492,3492,no
rKaHyPar,sat14_SAT_dat.k100-24_1_rule_1.cnf.hgr,no,no,3,4,0.03,0.0209246,930.154,cut,3492,3492,no
rKaHyPar,sat14_SAT_dat.k100-24_1_rule_1.cnf.hgr,no,no,4,4,0.03,0.0103797,638.743,cut,3492,3492,no
rKaHyPar,sat14_SAT_dat.k100-24_1_rule_1.cnf.hgr,no,no,5,4,0.03,0.0209234,719.665,cut,3492,3492,no
rKaHyPar,sat14_SAT_dat.k100-24_1_rule_1.cnf.hgr,no,no,6,4,0.03,0.021394,650.851,cut,3492,3492,no
rKaHyPar,sat14_SAT_dat.k100-24_1_rule_1.cnf.hgr,no,no,7,4,0.03,0.0209234,677.592,cut,3492,3492,no
rKaHyPar,sat14_SAT_dat.k100-24_1_rule_1.cnf.hgr,no,no,8,4,0.03,0.0183926,677.215,cut,3492,3492,no
rKaHyPar,sat14_SAT_dat.k100-24_1_rule_1.cnf.hgr,no,no,9,4,0.03,0.020996,942.359,cut,3492,3492,no
rKaHyPar,sat14_SAT_dat.k100-24_1_rule_1.cnf.hgr,no,no,0,64,0.03,0.0299984,1155.33,cut,80641,80128,no
rKaHyPar,sat14_SAT_dat.k100-24_1_rule_1.cnf.hgr,no,no,1,64,0.03,0.0299583,1683.47,cut,78977,78563,no
rKaHyPar,sat14_SAT_dat.k100-24_1_rule_1.cnf.hgr,no,no,2,64,0.03,0.0299984,1190.81,cut,81770,81303,no
rKaHyPar,sat14_SAT_dat.k100-24_1_rule_1.cnf.hgr,no,no,3,64,0.03,0.0299984,1693.18,cut,81200,80710,no
rKaHyPar,sat14_SAT_dat.k100-24_1_rule_1.cnf.hgr,no,no,4,64,0.03,0.0299984,1174.14,cut,80872,80523,no
rKaHyPar,sat14_SAT_dat.k100-24_1_rule_1.cnf.hgr,no,no,5,64,0.03,0.0299984,1186.96,cut,82982,82591,no
rKaHyPar,sat14_SAT_dat.k100-24_1_rule_1.cnf.hgr,no,no,6,64,0.03,0.0299984,1682.6,cut,79854,79464,no
rKaHyPar,sat14_SAT_dat.k100-24_1_rule_1.cnf.hgr,no,no,7,64,0.03,0.0299984,1177.67,cut,81449,80839,no
rKaHyPar,sat14_SAT_dat.k100-24_1_rule_1.cnf.hgr,no,no,8,64,0.03,0.0299984,1192.05,cut,81487,80907,no
rKaHyPar,sat14_SAT_dat.k100-24_1_rule_1.cnf.hgr,no,no,9,64,0.03,0.0299984,1159.41,cut,79004,78641,no
rKaHyPar,sat14_SAT_dat.k100-24_1_rule_1.cnf.hgr,no,no,0,8,0.03,0.0211073,768.647,cut,8148,8148,no
rKaHyPar,sat14_SAT_dat.k100-24_1_rule_1.cnf.hgr,no,no,1,8,0.03,0.021633,1172.57,cut,8424,8424,no
rKaHyPar,sat14_SAT_dat.k100-24_1_rule_1.cnf.hgr,no,no,2,8,0.03,0.0222038,1075.67,cut,8148,8148,no
rKaHyPar,sat14_SAT_dat.k100-24_1_rule_1.cnf.hgr,no,no,3,8,0.03,0.0211574,1083.38,cut,8439,8439,no
rKaHyPar,sat14_SAT_dat.k100-24_1_rule_1.cnf.hgr,no,no,4,8,0.03,0.021628,781.079,cut,8148,8148,no
rKaHyPar,sat14_SAT_dat.k100-24_1_rule_1.cnf.hgr,no,no,5,8,0.03,0.0216305,1116.01,cut,8439,8439,no
rKaHyPar,sat14_SAT_dat.k100-24_1_rule_1.cnf.hgr,no,no,6,8,0.03,0.0216305,1121.28,cut,8439,8439,no
rKaHyPar,sat14_SAT_dat.k100-24_1_rule_1.cnf.hgr,no,no,7,8,0.03,0.0283818,1113.26,cut,8439,8439,no
rKaHyPar,sat14_SAT_dat.k100-24_1_rule_1.cnf.hgr,no,no,8,8,0.03,0.0236882,789.145,cut,8148,8148,no
rKaHyPar,sat14_SAT_dat.k100-24_1_rule_1.cnf.hgr,no,no,9,8,0.03,0.0246519,810.955,cut,8360,8360,no
rKaHyPar,sat14_SAT_dat.k100-24_1_rule_1.cnf.primal.hgr,no,no,0,128,0.03,0.0299897,882.133,cut,147087,146534,no
rKaHyPar,sat14_SAT_dat.k100-24_1_rule_1.cnf.primal.hgr,no,no,2,128,0.03,0.0299897,629.709,cut,146769,146203,no
rKaHyPar,sat14_SAT_dat.k100-24_1_rule_1.cnf.primal.hgr,no,no,3,128,0.03,0.0299897,628.969,cut,146094,145488,no
rKaHyPar,sat14_SAT_dat.k100-24_1_rule_1.cnf.primal.hgr,no,no,4,128,0.03,0.0299897,627.281,cut,146077,145486,no
rKaHyPar,sat14_SAT_dat.k100-24_1_rule_1.cnf.primal.hgr,no,no,5,128,0.03,0.0299897,638.554,cut,146706,146080,no
rKaHyPar,sat14_SAT_dat.k100-24_1_rule_1.cnf.primal.hgr,no,no,6,128,0.03,0.0299897,638.053,cut,147505,146979,no
rKaHyPar,sat14_SAT_dat.k100-24_1_rule_1.cnf.primal.hgr,no,no,7,128,0.03,0.0299897,650.34,cut,146472,145910,no
rKaHyPar,sat14_SAT_dat.k100-24_1_rule_1.cnf.primal.hgr,no,no,8,128,0.03,0.0299897,863.831,cut,145778,145184,no
rKaHyPar,sat14_SAT_dat.k100-24_1_rule_1.cnf.primal.hgr,no,no,9,128,0.03,0.0299897,644.943,cut,145257,144629,no
rKaHyPar,sat14_SAT_dat.k100-24_1_rule_1.cnf.primal.hgr,no,no,0,16,0.03,0.0276832,579.006,cut,19305,19305,no
rKaHyPar,sat14_SAT_dat.k100-24_1_rule_1.cnf.primal.hgr,no,no,1,16,0.03,0.0291335,719.481,cut,19341,19341,no
rKaHyPar,sat14_SAT_dat.k100-24_1_rule_1.cnf.primal.hgr,no,no,2,16,0.03,0.015874,617.292,cut,19305,19305,no
rKaHyPar,sat14_SAT_dat.k100-24_1_rule_1.cnf.primal.hgr,no,no,3,16,0.03,0.0202445,439.608,cut,19922,19922,no
rKaHyPar,sat14_SAT_dat.k100-24_1_rule_1.cnf.primal.hgr,no,no,4,16,0.03,0.016308,561.721,cut,18995,18995,no
rKaHyPar,sat14_SAT_dat.k100-24_1_rule_1.cnf.primal.hgr,no,no,5,16,0.03,0.0138416,614.682,cut,19305,19305,no
rKaHyPar,sat14_SAT_dat.k100-24_1_rule_1.cnf.primal.hgr,no,no,6,16,0.03,0.0212508,724.654,cut,19240,19240,no
rKaHyPar,sat14_SAT_dat.k100-24_1_rule_1.cnf.primal.hgr,no,no,7,16,0.03,0.0159331,807.172,cut,19302,19302,no
rKaHyPar,sat14_SAT_dat.k100-24_1_rule_1.cnf.primal.hgr,no,no,8,16,0.03,0.012855,622.933,cut,19302,19302,no
rKaHyPar,sat14_SAT_dat.k100-24_1_rule_1.cnf.primal.hgr,no,no,9,16,0.03,0.0223261,440.796,cut,19001,19001,no
rKaHyPar,sat14_SAT_dat.k100-24_1_rule_1.cnf.primal.hgr,no,no,0,2,0.03,0.00675315,270.699,cut,1164,1164,no
rKaHyPar,sat14_SAT_dat.k100-24_1_rule_1.cnf.primal.hgr,no,no,1,2,0.03,0.00184861,392.159,cut,1164,1164,no
rKaHyPar,sat14_SAT_dat.k100-24_1_rule_1.cnf.primal.hgr,no,no,2,2,0.03,0.00680988,312.091,cut,1164,1164,no
rKaHyPar,sat14_SAT_dat.k100-24_1_rule_1.cnf.primal.hgr,no,no,3,2,0.03,0.00674945,286.113,cut,1164,1164,no
rKaHyPar,sat14_SAT_dat.k100-24_1_rule_1.cnf.primal.hgr,no,no,4,2,0.03,0.00609707,403.571,cut,1164,1164,no
rKaHyPar,sat14_SAT_dat.k100-24_1_rule_1.cnf.primal.hgr,no,no,5,2,0.03,0.00680864,356.244,cut,1164,1164,no
rKaHyPar,sat14_SAT_dat.k100-24_1_rule_1.cnf.primal.hgr,no,no,6,2,0.03,0.00674945,296.554,cut,1164,1164,no
rKaHyPar,sat14_SAT_dat.k100-24_1_rule_1.cnf.primal.hgr,no,no,7,2,0.03,0.00952914,342.284,cut,1164,1164,no
rKaHyPar,sat14_SAT_dat.k100-24_1_rule_1.cnf.primal.hgr,no,no,8,2,0.03,0.00674082,326.834,cut,1164,1164,no
rKaHyPar,sat14_SAT_dat.k100-24_1_rule_1.cnf.primal.hgr,no,no,9,2,0.03,0.00325325,326.966,cut,1164,1164,no
rKaHyPar,sat14_SAT_dat.k100-24_1_rule_1.cnf.primal.hgr,no,no,0,32,0.03,0.0299915,604.689,cut,45675,45658,no
rKaHyPar,sat14_SAT_dat.k100-24_1_rule_1.cnf.primal.hgr,no,no,1,32,0.03,0.0299915,551.036,cut,46842,46835,no
rKaHyPar,sat14_SAT_dat.k100-24_1_rule_1.cnf.primal.hgr,no,no,2,32,0.03,0.0299915,789.746,cut,45524,45514,no
rKaHyPar,sat14_SAT_dat.k100-24_1_rule_1.cnf.primal.hgr,no,no,3,32,0.03,0.0299915,725.02,cut,45270,45251,no
rKaHyPar,sat14_SAT_dat.k100-24_1_rule_1.cnf.primal.hgr,no,no,4,32,0.03,0.0299915,751.995,cut,45344,45337,no
rKaHyPar,sat14_SAT_dat.k100-24_1_rule_1.cnf.primal.hgr,no,no,5,32,0.03,0.0299718,524.98,cut,45089,45080,no
rKaHyPar,sat14_SAT_dat.k100-24_1_rule_1.cnf.primal.hgr,no,no,6,32,0.03,0.0299915,592.91,cut,46791,46771,no
rKaHyPar,sat14_SAT_dat.k100-24_1_rule_1.cnf.primal.hgr,no,no,7,32,0.03,0.0299915,630.942,cut,44647,44638,no
rKaHyPar,sat14_SAT_dat.k100-24_1_rule_1.cnf.primal.hgr,no,no,8,32,0.03,0.0299915,576.649,cut,47276,47267,no
rKaHyPar,sat14_SAT_dat.k100-24_1_rule_1.cnf.primal.hgr,no,no,9,32,0.03,0.0299915,837.666,cut,46378,46362,no
rKaHyPar,sat14_SAT_dat.k100-24_1_rule_1.cnf.primal.hgr,no,no,0,4,0.03,0.0068592,532.484,cut,3492,3492,no
rKaHyPar,sat14_SAT_dat.k100-24_1_rule_1.cnf.primal.hgr,no,no,1,4,0.03,0.0131659,481.627,cut,3492,3492,no
rKaHyPar,sat14_SAT_dat.k100-24_1_rule_1.cnf.primal.hgr,no,no,2,4,0.03,0.0117625,378.082,cut,3492,3492,no
rKaHyPar,sat14_SAT_dat.k100-24_1_rule_1.cnf.primal.hgr,no,no,3,4,0.03,0.00686166,485.822,cut,3492,3492,no
rKaHyPar,sat14_SAT_dat.k100-24_1_rule_1.cnf.primal.hgr,no,no,4,4,0.03,0.0068592,338.988,cut,3492,3492,no
rKaHyPar,sat14_SAT_dat.k100-24_1_rule_1.cnf.primal.hgr,no,no,5,4,0.03,0.00639551,483.658,cut,3492,3492,no
rKaHyPar,sat14_SAT_dat.k100-24_1_rule_1.cnf.primal.hgr,no,no,6,4,0.03,0.0119253,340.63,cut,3492,3492,no
rKaHyPar,sat14_SAT_dat.k100-24_1_rule_1.cnf.primal.hgr,no,no,7,4,0.03,0.00639797,401.31,cut,3492,3492,no
rKaHyPar,sat14_SAT_dat.k100-24_1_rule_1.cnf.primal.hgr,no,no,8,4,0.03,0.00686166,328.766,cut,3492,3492,no
rKaHyPar,sat14_SAT_dat.k100-24_1_rule_1.cnf.primal.hgr,no,no,9,4,0.03,0.00829221,442.946,cut,3492,3492,no
rKaHyPar,sat14_SAT_dat.k100-24_1_rule_1.cnf.primal.hgr,no,no,0,64,0.03,0.0299909,588.578,cut,82767,82577,no
rKaHyPar,sat14_SAT_dat.k100-24_1_rule_1.cnf.primal.hgr,no,no,1,64,0.03,0.0299909,738.889,cut,79527,79387,no
rKaHyPar,sat14_SAT_dat.k100-24_1_rule_1.cnf.primal.hgr,no,no,2,64,0.03,0.0299909,544.802,cut,79803,79634,no
rKaHyPar,sat14_SAT_dat.k100-24_1_rule_1.cnf.primal.hgr,no,no,3,64,0.03,0.0299909,563.278,cut,81828,81704,no
rKaHyPar,sat14_SAT_dat.k100-24_1_rule_1.cnf.primal.hgr,no,no,4,64,0.03,0.0299909,588.831,cut,80137,79953,no
rKaHyPar,sat14_SAT_dat.k100-24_1_rule_1.cnf.primal.hgr,no,no,5,64,0.03,0.0299909,556.275,cut,80250,80078,no
rKaHyPar,sat14_SAT_dat.k100-24_1_rule_1.cnf.primal.hgr,no,no,6,64,0.03,0.0299909,805.514,cut,80244,80083,no
rKaHyPar,sat14_SAT_dat.k100-24_1_rule_1.cnf.primal.hgr,no,no,7,64,0.03,0.0299909,810.51,cut,78859,78698,no
rKaHyPar,sat14_SAT_dat.k100-24_1_rule_1.cnf.primal.hgr,no,no,8,64,0.03,0.0299909,564.578,cut,80381,80248,no
rKaHyPar,sat14_SAT_dat.k100-24_1_rule_1.cnf.primal.hgr,no,no,9,64,0.03,0.0299909,565.712,cut,79551,79411,no
rKaHyPar,sat14_SAT_dat.k100-24_1_rule_1.cnf.primal.hgr,no,no,0,8,0.03,0.0197069,411.231,cut,8148,8148,no
rKaHyPar,sat14_SAT_dat.k100-24_1_rule_1.cnf.primal.hgr,no,no,1,8,0.03,0.0197069,516.391,cut,8148,8148,no
rKaHyPar,sat14_SAT_dat.k100-24_1_rule_1.cnf.primal.hgr,no,no,2,8,0.03,0.0197069,548.903,cut,8148,8148,no
rKaHyPar,sat14_SAT_dat.k100-24_1_rule_1.cnf.primal.hgr,no,no,3,8,0.03,0.0197069,523.703,cut,8148,8148,no
rKaHyPar,sat14_SAT_dat.k100-24_1_rule_1.cnf.primal.hgr,no,no,5,8,0.03,0.00849937,516.537,cut,8148,8148,no
rKaHyPar,sat14_SAT_dat.k100-24_1_rule_1.cnf.primal.hgr,no,no,6,8,0.03,0.0144287,549.206,cut,8148,8148,no
rKaHyPar,sat14_SAT_dat.k100-24_1_rule_1.cnf.primal.hgr,no,no,7,8,0.03,0.00710829,554.274,cut,8148,8148,no
rKaHyPar,sat14_SAT_dat.k100-24_1_rule_1.cnf.primal.hgr,no,no,8,8,0.03,0.0136937,391.477,cut,8148,8148,no
rKaHyPar,sat14_SAT_dat.k100-24_1_rule_1.cnf.primal.hgr,no,no,9,8,0.03,0.00710829,380.763,cut,8148,8148,no
rKaHyPar,sat14_SAT_dat.k100-24_1_rule_2.cnf.dual.hgr,no,no,0,128,0.03,0.0298417,1737.81,cut,46770,37069,no
rKaHyPar,sat14_SAT_dat.k100-24_1_rule_2.cnf.dual.hgr,no,no,2,128,0.03,0.0299827,1224.03,cut,47423,37483,no
rKaHyPar,sat14_SAT_dat.k100-24_1_rule_2.cnf.dual.hgr,no,no,3,128,0.03,0.0299424,1223.41,cut,46708,37542,no
rKaHyPar,sat14_SAT_dat.k100-24_1_rule_2.cnf.dual.hgr,no,no,4,128,0.03,0.0299827,1229.51,cut,46517,37080,no
rKaHyPar,sat14_SAT_dat.k100-24_1_rule_2.cnf.dual.hgr,no,no,5,128,0.03,0.0298417,1226.44,cut,46946,37186,no
rKaHyPar,sat14_SAT_dat.k100-24_1_rule_2.cnf.dual.hgr,no,no,6,128,0.03,0.0298216,1223.37,cut,46876,37398,no
rKaHyPar,sat14_SAT_dat.k100-24_1_rule_2.cnf.dual.hgr,no,no,7,128,0.03,0.0299223,1233.52,cut,47919,37628,no
rKaHyPar,sat14_SAT_dat.k100-24_1_rule_2.cnf.dual.hgr,no,no,8,128,0.03,0.0296202,1741.25,cut,47423,37439,no
rKaHyPar,sat14_SAT_dat.k100-24_1_rule_2.cnf.dual.hgr,no,no,9,128,0.03,0.0294189,1222.71,cut,47406,37499,no
rKaHyPar,sat14_SAT_dat.k100-24_1_rule_2.cnf.dual.hgr,no,no,0,16,0.03,0.0298419,862.006,cut,8933,8854,no
rKaHyPar,sat14_SAT_dat.k100-24_1_rule_2.cnf.dual.hgr,no,no,1,16,0.03,0.0299803,859.999,cut,8925,8854,no
rKaHyPar,sat14_SAT_dat.k100-24_1_rule_2.cnf.dual.hgr,no,no,2,16,0.03,0.0297009,1228.41,cut,8984,8858,no
rKaHyPar,sat14_SAT_dat.k100-24_1_rule_2.cnf.dual.hgr,no,no,3,16,0.03,0.0299023,865.016,cut,8979,8879,no
rKaHyPar,sat14_SAT_dat.k100-24_1_rule_2.cnf.dual.hgr,no,no,4,16,0.03,0.0299652,861.596,cut,8992,8873,no
rKaHyPar,sat14_SAT_dat.k100-24_1_rule_2.cnf.dual.hgr,no,no,5,16,0.03,0.0299828,1243.13,cut,8978,8855,no
rKaHyPar,sat14_SAT_dat.k100-24_1_rule_2.cnf.dual.hgr,no,no,6,16,0.03,0.0299979,1227.18,cut,8954,8842,no
rKaHyPar,sat14_SAT_dat.k100-24_1_rule_2.cnf.dual.hgr,no,no,7,16,0.03,0.0299124,867.598,cut,8982,8863,no
rKaHyPar,sat14_SAT_dat.k100-24_1_rule_2.cnf.dual.hgr,no,no,8,16,0.03,0.0299677,1235.76,cut,8943,8862,no
rKaHyPar,sat14_SAT_dat.k100-24_1_rule_2.cnf.dual.hgr,no,no,9,16,0.03,0.0299929,863.593,cut,8925,8844,no
rKaHyPar,sat14_SAT_dat.k100-24_1_rule_2.cnf.dual.hgr,no,no,0,2,0.03,0.000851386,401.994,cut,580,580,no
rKaHyPar,sat14_SAT_dat.k100-24_1_rule_2.cnf.dual.hgr,no,no,1,2,0.03,0.00126512,415.386,cut,580,580,no
rKaHyPar,sat14_SAT_dat.k100-24_1_rule_2.cnf.dual.hgr,no,no,2,2,0.03,0.000802933,398.564,cut,580,580,no
rKaHyPar,sat14_SAT_dat.k100-24_1_rule_2.cnf.dual.hgr,no,no,3,2,0.03,0.000913054,393.466,cut,580,580,no
rKaHyPar,sat14_SAT_dat.k100-24_1_rule_2.cnf.dual.hgr,no,no,4,2,0.03,0.000896064,400.538,cut,580,580,no
rKaHyPar,sat14_SAT_dat.k100-24_1_rule_2.cnf.dual.hgr,no,no,5,2,0.03,0.00115972,573.914,cut,580,580,no
rKaHyPar,sat14_SAT_dat.k100-24_1_rule_2.cnf.dual.hgr,no,no,6,2,0.03,0.00126512,391.51,cut,580,580,no
rKaHyPar,sat14_SAT_dat.k100-24_1_rule_2.cnf.dual.hgr,no,no,7,2,0.03,0.000802304,425.357,cut,580,580,no
rKaHyPar,sat14_SAT_dat.k100-24_1_rule_2.cnf.dual.hgr,no,no,8,2,0.03,0.00126512,544.975,cut,580,580,no
rKaHyPar,sat14_SAT_dat.k100-24_1_rule_2.cnf.dual.hgr,no,no,9,2,0.03,0.00126512,579.526,cut,580,580,no
rKaHyPar,sat14_SAT_dat.k100-24_1_rule_2.cnf.dual.hgr,no,no,0,32,0.03,0.0298872,1410.66,cut,14579,13731,no
rKaHyPar,sat14_SAT_dat.k100-24_1_rule_2.cnf.dual.hgr,no,no,1,32,0.03,0.0298671,1003.02,cut,14580,13748,no
rKaHyPar,sat14_SAT_dat.k100-24_1_rule_2.cnf.dual.hgr,no,no,2,32,0.03,0.0299224,1416.88,cut,14951,13923,no
rKaHyPar,sat14_SAT_dat.k100-24_1_rule_2.cnf.dual.hgr,no,no,3,32,0.03,0.0299979,987.771,cut,14800,13833,no
rKaHyPar,sat14_SAT_dat.k100-24_1_rule_2.cnf.dual.hgr,no,no,4,32,0.03,0.0299325,1403.17,cut,14577,13692,no
rKaHyPar,sat14_SAT_dat.k100-24_1_rule_2.cnf.dual.hgr,no,no,5,32,0.03,0.0298469,990.141,cut,14699,13693,no
rKaHyPar,sat14_SAT_dat.k100-24_1_rule_2.cnf.dual.hgr,no,no,6,32,0.03,0.0298922,1412.95,cut,14962,13989,no
rKaHyPar,sat14_SAT_dat.k100-24_1_rule_2.cnf.dual.hgr,no,no,7,32,0.03,0.0299677,999.362,cut,14820,13924,no
rKaHyPar,sat14_SAT_dat.k100-24_1_rule_2.cnf.dual.hgr,no,no,8,32,0.03,0.0299426,989.84,cut,14768,13658,no
rKaHyPar,sat14_SAT_dat.k100-24_1_rule_2.cnf.dual.hgr,no,no,9,32,0.03,0.0299526,993.03,cut,14950,14023,no
rKaHyPar,sat14_SAT_dat.k100-24_1_rule_2.cnf.dual.hgr,no,no,0,4,0.03,0.00319097,842.369,cut,1746,1740,no
rKaHyPar,sat14_SAT_dat.k100-24_1_rule_2.cnf.dual.hgr,no,no,1,4,0.03,0.00572877,837.945,cut,1740,1740,no
rKaHyPar,sat14_SAT_dat.k100-24_1_rule_2.cnf.dual.hgr,no,no,2,4,0.03,0.00319097,612.065,cut,1746,1740,no
rKaHyPar,sat14_SAT_dat.k100-24_1_rule_2.cnf.dual.hgr,no,no,3,4,0.03,0.00127173,607.839,cut,1750,1740,no
rKaHyPar,sat14_SAT_dat.k100-24_1_rule_2.cnf.dual.hgr,no,no,4,4,0.03,0.00150015,604.364,cut,1740,1740,no
rKaHyPar,sat14_SAT_dat.k100-24_1_rule_2.cnf.dual.hgr,no,no,5,4,0.03,0.00390581,597.566,cut,1740,1740,no
rKaHyPar,sat14_SAT_dat.k100-24_1_rule_2.cnf.dual.hgr,no,no,6,4,0.03,0.0031916,839.403,cut,1740,1740,no
rKaHyPar,sat14_SAT_dat.k100-24_1_rule_2.cnf.dual.hgr,no,no,7,4,0.03,0.00319097,611.732,cut,1746,1740,no
rKaHyPar,sat14_SAT_dat.k100-24_1_rule_2.cnf.dual.hgr,no,no,8,4,0.03,0.00356852,611.94,cut,1746,1740,no
rKaHyPar,sat14_SAT_dat.k100-24_1_rule_2.cnf.dual.hgr,no,no,9,4,0.03,0.00319223,601.079,cut,1746,1740,no
rKaHyPar,sat14_SAT_dat.k100-24_1_rule_2.cnf.dual.hgr,no,no,0,64,0.03,0.0297713,1096.14,cut,26223,22978,no
rKaHyPar,sat14_SAT_dat.k100-24_1_rule_2.cnf.dual.hgr,no,no,1,64,0.03,0.0279489,1576.29,cut,26140,22764,no
rKaHyPar,sat14_SAT_dat.k100-24_1_rule_2.cnf.dual.hgr,no,no,2,64,0.03,0.0296001,1100.73,cut,26518,23023,no
rKaHyPar,sat14_SAT_dat.k100-24_1_rule_2.cnf.dual.hgr,no,no,3,64,0.03,0.0281402,1562.74,cut,26076,22654,no
rKaHyPar,sat14_SAT_dat.k100-24_1_rule_2.cnf.dual.hgr,no,no,4,64,0.03,0.0298417,1099.76,cut,26069,22834,no
rKaHyPar,sat14_SAT_dat.k100-24_1_rule_2.cnf.dual.hgr,no,no,5,64,0.03,0.0298115,1100.49,cut,26394,22858,no
rKaHyPar,sat14_SAT_dat.k100-24_1_rule_2.cnf.dual.hgr,no,no,6,64,0.03,0.0297008,1581.3,cut,26111,22859,no
rKaHyPar,sat14_SAT_dat.k100-24_1_rule_2.cnf.dual.hgr,no,no,7,64,0.03,0.0299525,1108.02,cut,26074,22804,no
rKaHyPar,sat14_SAT_dat.k100-24_1_rule_2.cnf.dual.hgr,no,no,8,64,0.03,0.0278483,1100.69,cut,26022,22700,no
rKaHyPar,sat14_SAT_dat.k100-24_1_rule_2.cnf.dual.hgr,no,no,9,64,0.03,0.0297713,1114.28,cut,26681,23129,no
rKaHyPar,sat14_SAT_dat.k100-24_1_rule_2.cnf.dual.hgr,no,no,0,8,0.03,0.0071018,742.169,cut,4135,4123,no
rKaHyPar,sat14_SAT_dat.k100-24_1_rule_2.cnf.dual.hgr,no,no,1,8,0.03,0.00710306,1043.42,cut,4145,4123,no
rKaHyPar,sat14_SAT_dat.k100-24_1_rule_2.cnf.dual.hgr,no,no,2,8,0.03,0.00730442,1066.62,cut,4139,4123,no
rKaHyPar,sat14_SAT_dat.k100-24_1_rule_2.cnf.dual.hgr,no,no,3,8,0.03,0.0298935,1050.72,cut,4151,4117,no
rKaHyPar,sat14_SAT_dat.k100-24_1_rule_2.cnf.dual.hgr,no,no,5,8,0.03,0.00738874,746.157,cut,4129,4123,no
rKaHyPar,sat14_SAT_dat.k100-24_1_rule_2.cnf.dual.hgr,no,no,6,8,0.03,0.0281958,1054.6,cut,4178,4160,no
rKaHyPar,sat14_SAT_dat.k100-24_1_rule_2.cnf.dual.hgr,no,no,7,8,0.03,0.0278837,1042.64,cut,4214,4142,no
rKaHyPar,sat14_SAT_dat.k100-24_1_rule_2.cnf.dual.hgr,no,no,8,8,0.03,0.029302,747.817,cut,4163,4136,no
rKaHyPar,sat14_SAT_dat.k100-24_1_rule_2.cnf.dual.hgr,no,no,9,8,0.03,0.00734092,745.624,cut,4137,4123,no
rKaHyPar,sat14_SAT_dat.k100-24_1_rule_2.cnf.hgr,no,no,0,128,0.03,0.0299984,1982.68,cut,147482,145889,no
rKaHyPar,sat14_SAT_dat.k100-24_1_rule_2.cnf.hgr,no,no,2,128,0.03,0.0299984,1346.67,cut,146788,145316,no
rKaHyPar,sat14_SAT_dat.k100-24_1_rule_2.cnf.hgr,no,no,3,128,0.03,0.0299984,1354.31,cut,147137,145500,no
rKaHyPar,sat14_SAT_dat.k100-24_1_rule_2.cnf.hgr,no,no,4,128,0.03,0.0299984,1318.81,cut,146695,145150,no
rKaHyPar,sat14_SAT_dat.k100-24_1_rule_2.cnf.hgr,no,no,5,128,0.03,0.0299984,1363.98,cut,147250,145760,no
rKaHyPar,sat14_SAT_dat.k100-24_1_rule_2.cnf.hgr,no,no,6,128,0.03,0.0299984,1354.64,cut,146601,145066,no
rKaHyPar,sat14_SAT_dat.k100-24_1_rule_2.cnf.hgr,no,no,7,128,0.03,0.0299984,1332.46,cut,146453,144752,no
rKaHyPar,sat14_SAT_dat.k100-24_1_rule_2.cnf.hgr,no,no,8,128,0.03,0.0299984,1851.73,cut,146680,145124,no
rKaHyPar,sat14_SAT_dat.k100-24_1_rule_2.cnf.hgr,no,no,9,128,0.03,0.0299984,1382.89,cut,148494,146545,no
rKaHyPar,sat14_SAT_dat.k100-24_1_rule_2.cnf.hgr,no,no,0,16,0.03,0.0288024,948.564,cut,19772,19772,no
rKaHyPar,sat14_SAT_dat.k100-24_1_rule_2.cnf.hgr,no,no,1,16,0.03,0.0273556,964.047,cut,19645,19645,no
rKaHyPar,sat14_SAT_dat.k100-24_1_rule_2.cnf.hgr,no,no,2,16,0.03,0.0274607,1309.05,cut,19362,19358,no
rKaHyPar,sat14_SAT_dat.k100-24_1_rule_2.cnf.hgr,no,no,3,16,0.03,0.0283018,916.819,cut,19590,19590,no
rKaHyPar,sat14_SAT_dat.k100-24_1_rule_2.cnf.hgr,no,no,4,16,0.03,0.0278212,896.119,cut,18755,18750,no
rKaHyPar,sat14_SAT_dat.k100-24_1_rule_2.cnf.hgr,no,no,5,16,0.03,0.0277311,1343.09,cut,19443,19443,no
rKaHyPar,sat14_SAT_dat.k100-24_1_rule_2.cnf.hgr,no,no,6,16,0.03,0.029999,1319.28,cut,19915,19915,no
rKaHyPar,sat14_SAT_dat.k100-24_1_rule_2.cnf.hgr,no,no,7,16,0.03,0.0273806,909.799,cut,19498,19498,no
rKaHyPar,sat14_SAT_dat.k100-24_1_rule_2.cnf.hgr,no,no,8,16,0.03,0.0270001,1241.73,cut,18958,18956,no
rKaHyPar,sat14_SAT_dat.k100-24_1_rule_2.cnf.hgr,no,no,9,16,0.03,0.02693,944.585,cut,19635,19635,no
rKaHyPar,sat14_SAT_dat.k100-24_1_rule_2.cnf.hgr,no,no,0,2,0.03,0.00188245,544.784,cut,1164,1164,no
rKaHyPar,sat14_SAT_dat.k100-24_1_rule_2.cnf.hgr,no,no,1,2,0.03,0.00188245,553.094,cut,1164,1164,no
rKaHyPar,sat14_SAT_dat.k100-24_1_rule_2.cnf.hgr,no,no,2,2,0.03,0.00531629,551.745,cut,1164,1164,no
rKaHyPar,sat14_SAT_dat.k100-24_1_rule_2.cnf.hgr,no,no,3,2,0.03,0.00221788,544.097,cut,1164,1164,no
rKaHyPar,sat14_SAT_dat.k100-24_1_rule_2.cnf.hgr,no,no,4,2,0.03,0.00819691,438.744,cut,1164,1164,no
rKaHyPar,sat14_SAT_dat.k100-24_1_rule_2.cnf.hgr,no,no,5,2,0.03,0.00223791,634.267,cut,1164,1164,no
rKaHyPar,sat14_SAT_dat.k100-24_1_rule_2.cnf.hgr,no,no,6,2,0.03,0.00194253,472.093,cut,1164,1164,no
rKaHyPar,sat14_SAT_dat.k100-24_1_rule_2.cnf.hgr,no,no,7,2,0.03,0.001537,445.649,cut,1164,1164,no
rKaHyPar,sat14_SAT_dat.k100-24_1_rule_2.cnf.hgr,no,no,8,2,0.03,0.00189622,710.534,cut,1164,1164,no
rKaHyPar,sat14_SAT_dat.k100-24_1_rule_2.cnf.hgr,no,no,9,2,0.03,0.00679571,744.497,cut,1164,1164,no
rKaHyPar,sat14_SAT_dat.k100-24_1_rule_2.cnf.hgr,no,no,0,32,0.03,0.029999,1674.34,cut,45765,45727,no
rKaHyPar,sat14_SAT_dat.k100-24_1_rule_2.cnf.hgr,no,no,1,32,0.03,0.029999,1227.59,cut,46191,46123,no
rKaHyPar,sat14_SAT_dat.k100-24_1_rule_2.cnf.hgr,no,no,2,32,0.03,0.029999,1612.16,cut,47004,46976,no
rKaHyPar,sat14_SAT_dat.k100-24_1_rule_2.cnf.hgr,no,no,3,32,0.03,0.029999,1618.96,cut,46923,46848,no
rKaHyPar,sat14_SAT_dat.k100-24_1_rule_2.cnf.hgr,no,no,4,32,0.03,0.029999,1808.51,cut,46370,46322,no
rKaHyPar,sat14_SAT_dat.k100-24_1_rule_2.cnf.hgr,no,no,5,32,0.03,0.029979,1266.44,cut,46384,46314,no
rKaHyPar,sat14_SAT_dat.k100-24_1_rule_2.cnf.hgr,no,no,6,32,0.03,0.029999,1598.19,cut,46630,46572,no
rKaHyPar,sat14_SAT_dat.k100-24_1_rule_2.cnf.hgr,no,no,7,32,0.03,0.0299389,1158.26,cut,45800,45778,no
rKaHyPar,sat14_SAT_dat.k100-24_1_rule_2.cnf.hgr,no,no,8,32,0.03,0.029999,1059.06,cut,43835,43796,no
rKaHyPar,sat14_SAT_dat.k100-24_1_rule_2.cnf.hgr,no,no,9,32,0.03,0.029999,1432.18,cut,46979,46924,no
rKaHyPar,sat14_SAT_dat.k100-24_1_rule_2.cnf.hgr,no,no,0,4,0.03,0.0209272,945.04,cut,3492,3492,no
rKaHyPar,sat14_SAT_dat.k100-24_1_rule_2.cnf.hgr,no,no,1,4,0.03,0.0214241,954.384,cut,3492,3492,no
rKaHyPar,sat14_SAT_dat.k100-24_1_rule_2.cnf.hgr,no,no,2,4,0.03,0.0209272,653.187,cut,3492,3492,no
rKaHyPar,sat14_SAT_dat.k100-24_1_rule_2.cnf.hgr,no,no,3,4,0.03,0.000165215,713.21,cut,3492,3492,no
rKaHyPar,sat14_SAT_dat.k100-24_1_rule_2.cnf.hgr,no,no,4,4,0.03,0.0209272,653.149,cut,3492,3492,no
rKaHyPar,sat14_SAT_dat.k100-24_1_rule_2.cnf.hgr,no,no,5,4,0.03,0.0192688,986.571,cut,3492,3492,no
rKaHyPar,sat14_SAT_dat.k100-24_1_rule_2.cnf.hgr,no,no,6,4,0.03,0.0209285,928.556,cut,3492,3492,no
rKaHyPar,sat14_SAT_dat.k100-24_1_rule_2.cnf.hgr,no,no,7,4,0.03,0.014813,648.678,cut,3492,3492,no
rKaHyPar,sat14_SAT_dat.k100-24_1_rule_2.cnf.hgr,no,no,8,4,0.03,0.0134663,653.773,cut,3492,3492,no
rKaHyPar,sat14_SAT_dat.k100-24_1_rule_2.cnf.hgr,no,no,9,4,0.03,0.0213991,736.333,cut,3492,3492,no
rKaHyPar,sat14_SAT_dat.k100-24_1_rule_2.cnf.hgr,no,no,0,64,0.03,0.029999,1193.12,cut,80941,80545,no
rKaHyPar,sat14_SAT_dat.k100-24_1_rule_2.cnf.hgr,no,no,1,64,0.03,0.029999,1717.9,cut,81932,81453,no
rKaHyPar,sat14_SAT_dat.k100-24_1_rule_2.cnf.hgr,no,no,2,64,0.03,0.029999,1221.11,cut,83699,83140,no
rKaHyPar,sat14_SAT_dat.k100-24_1_rule_2.cnf.hgr,no,no,3,64,0.03,0.029999,1191.39,cut,79540,79212,no
rKaHyPar,sat14_SAT_dat.k100-24_1_rule_2.cnf.hgr,no,no,4,64,0.03,0.029999,1163.65,cut,78468,78184,no
rKaHyPar,sat14_SAT_dat.k100-24_1_rule_2.cnf.hgr,no,no,5,64,0.03,0.029999,1196.51,cut,76974,76638,no
rKaHyPar,sat14_SAT_dat.k100-24_1_rule_2.cnf.hgr,no,no,6,64,0.03,0.029999,1684.15,cut,79842,79424,no
rKaHyPar,sat14_SAT_dat.k100-24_1_rule_2.cnf.hgr,no,no,7,64,0.03,0.029999,1662.44,cut,77385,77148,no
rKaHyPar,sat14_SAT_dat.k100-24_1_rule_2.cnf.hgr,no,no,8,64,0.03,0.029999,1180.13,cut,78203,77881,no
rKaHyPar,sat14_SAT_dat.k100-24_1_rule_2.cnf.hgr,no,no,9,64,0.03,0.029999,1248.51,cut,82121,81689,no
rKaHyPar,sat14_SAT_dat.k100-24_1_rule_2.cnf.hgr,no,no,0,8,0.03,0.0211625,811.91,cut,8512,8512,no
rKaHyPar,sat14_SAT_dat.k100-24_1_rule_2.cnf.hgr,no,no,1,8,0.03,0.0218759,1113.32,cut,8458,8458,no
rKaHyPar,sat14_SAT_dat.k100-24_1_rule_2.cnf.hgr,no,no,2,8,0.03,0.0216331,1142.9,cut,8500,8500,no
rKaHyPar,sat14_SAT_dat.k100-24_1_rule_2.cnf.hgr,no,no,3,8,0.03,0.021165,1105.5,cut,8148,8148,no
rKaHyPar,sat14_SAT_dat.k100-24_1_rule_2.cnf.hgr,no,no,5,8,0.03,0.0290227,812.006,cut,8336,8336,no
rKaHyPar,sat14_SAT_dat.k100-24_1_rule_2.cnf.hgr,no,no,6,8,0.03,0.0216356,1073.29,cut,8504,8504,no
rKaHyPar,sat14_SAT_dat.k100-24_1_rule_2.cnf.hgr,no,no,7,8,0.03,0.0241614,1052.73,cut,8148,8148,no
rKaHyPar,sat14_SAT_dat.k100-24_1_rule_2.cnf.hgr,no,no,8,8,0.03,0.0216331,1093.97,cut,8148,8148,no
rKaHyPar,sat14_SAT_dat.k100-24_1_rule_2.cnf.hgr,no,no,9,8,0.03,0.0216356,776.434,cut,8148,8148,no
rKaHyPar,sat14_SAT_dat.k100-24_1_rule_2.cnf.primal.hgr,no,no,0,128,0.03,0.0299921,651.532,cut,147110,146546,no
rKaHyPar,sat14_SAT_dat.k100-24_1_rule_2.cnf.primal.hgr,no,no,2,128,0.03,0.0299921,655.287,cut,145299,144672,no
rKaHyPar,sat14_SAT_dat.k100-24_1_rule_2.cnf.primal.hgr,no,no,3,128,0.03,0.0299921,631.134,cut,146512,145942,no
rKaHyPar,sat14_SAT_dat.k100-24_1_rule_2.cnf.primal.hgr,no,no,4,128,0.03,0.0299921,612.589,cut,146893,146271,no
rKaHyPar,sat14_SAT_dat.k100-24_1_rule_2.cnf.primal.hgr,no,no,5,128,0.03,0.0299921,626.086,cut,146290,145700,no
rKaHyPar,sat14_SAT_dat.k100-24_1_rule_2.cnf.primal.hgr,no,no,6,128,0.03,0.0299921,638.654,cut,145503,144931,no
rKaHyPar,sat14_SAT_dat.k100-24_1_rule_2.cnf.primal.hgr,no,no,7,128,0.03,0.0299921,636.375,cut,147345,146841,no
rKaHyPar,sat14_SAT_dat.k100-24_1_rule_2.cnf.primal.hgr,no,no,8,128,0.03,0.0299921,852.416,cut,144768,144227,no
rKaHyPar,sat14_SAT_dat.k100-24_1_rule_2.cnf.primal.hgr,no,no,9,128,0.03,0.0299921,857.53,cut,146732,146089,no
rKaHyPar,sat14_SAT_dat.k100-24_1_rule_2.cnf.primal.hgr,no,no,0,16,0.03,0.0182123,723.258,cut,18995,18995,no
rKaHyPar,sat14_SAT_dat.k100-24_1_rule_2.cnf.primal.hgr,no,no,1,16,0.03,0.0269436,473.996,cut,19272,19272,no
rKaHyPar,sat14_SAT_dat.k100-24_1_rule_2.cnf.primal.hgr,no,no,2,16,0.03,0.0287983,633.635,cut,19432,19432,no
rKaHyPar,sat14_SAT_dat.k100-24_1_rule_2.cnf.primal.hgr,no,no,3,16,0.03,0.0134866,558.539,cut,19610,19610,no
rKaHyPar,sat14_SAT_dat.k100-24_1_rule_2.cnf.primal.hgr,no,no,4,16,0.03,0.0157459,581.718,cut,19598,19598,no
rKaHyPar,sat14_SAT_dat.k100-24_1_rule_2.cnf.primal.hgr,no,no,5,16,0.03,0.0299724,856.137,cut,19549,19549,no
rKaHyPar,sat14_SAT_dat.k100-24_1_rule_2.cnf.primal.hgr,no,no,6,16,0.03,0.0134077,538.523,cut,19615,19615,no
rKaHyPar,sat14_SAT_dat.k100-24_1_rule_2.cnf.primal.hgr,no,no,7,16,0.03,0.0203039,465.862,cut,19305,19305,no
rKaHyPar,sat14_SAT_dat.k100-24_1_rule_2.cnf.primal.hgr,no,no,8,16,0.03,0.0274763,668.087,cut,19302,19302,no
rKaHyPar,sat14_SAT_dat.k100-24_1_rule_2.cnf.primal.hgr,no,no,9,16,0.03,0.0134964,615.607,cut,19308,19308,no
rKaHyPar,sat14_SAT_dat.k100-24_1_rule_2.cnf.primal.hgr,no,no,0,2,0.03,0.00675441,407.028,cut,1164,1164,no
rKaHyPar,sat14_SAT_dat.k100-24_1_rule_2.cnf.primal.hgr,no,no,1,2,0.03,0.0080974,240.466,cut,1164,1164,no
rKaHyPar,sat14_SAT_dat.k100-24_1_rule_2.cnf.primal.hgr,no,no,2,2,0.03,0.000886693,247.22,cut,1164,1164,no
rKaHyPar,sat14_SAT_dat.k100-24_1_rule_2.cnf.primal.hgr,no,no,3,2,0.03,0.00937626,463.532,cut,1164,1164,no
rKaHyPar,sat14_SAT_dat.k100-24_1_rule_2.cnf.primal.hgr,no,no,4,2,0.03,0.00244056,236.483,cut,1164,1164,no
rKaHyPar,sat14_SAT_dat.k100-24_1_rule_2.cnf.primal.hgr,no,no,5,2,0.03,0.00674577,326.602,cut,1164,1164,no
rKaHyPar,sat14_SAT_dat.k100-24_1_rule_2.cnf.primal.hgr,no,no,6,2,0.03,0.00733279,272.944,cut,1164,1164,no
rKaHyPar,sat14_SAT_dat.k100-24_1_rule_2.cnf.primal.hgr,no,no,7,2,0.03,0.00937626,285.508,cut,1164,1164,no
rKaHyPar,sat14_SAT_dat.k100-24_1_rule_2.cnf.primal.hgr,no,no,8,2,0.03,0,324.926,cut,1164,1164,no
rKaHyPar,sat14_SAT_dat.k100-24_1_rule_2.cnf.primal.hgr,no,no,9,2,0.03,0.00349128,449.266,cut,1164,1164,no
rKaHyPar,sat14_SAT_dat.k100-24_1_rule_2.cnf.primal.hgr,no,no,0,32,0.03,0.0299921,821.377,cut,46973,46960,no
rKaHyPar,sat14_SAT_dat.k100-24_1_rule_2.cnf.primal.hgr,no,no,1,32,0.03,0.0299921,567.204,cut,47914,47905,no
rKaHyPar,sat14_SAT_dat.k100-24_1_rule_2.cnf.primal.hgr,no,no,2,32,0.03,0.0299921,780.209,cut,46368,46346,no
rKaHyPar,sat14_SAT_dat.k100-24_1_rule_2.cnf.primal.hgr,no,no,3,32,0.03,0.0299921,519.37,cut,44088,44082,no
rKaHyPar,sat14_SAT_dat.k100-24_1_rule_2.cnf.primal.hgr,no,no,4,32,0.03,0.0299921,851.414,cut,47082,47077,no
rKaHyPar,sat14_SAT_dat.k100-24_1_rule_2.cnf.primal.hgr,no,no,5,32,0.03,0.0299921,737.2,cut,45695,45677,no
rKaHyPar,sat14_SAT_dat.k100-24_1_rule_2.cnf.primal.hgr,no,no,6,32,0.03,0.0299921,857.112,cut,47393,47383,no
rKaHyPar,sat14_SAT_dat.k100-24_1_rule_2.cnf.primal.hgr,no,no,8,32,0.03,0.0299921,575.628,cut,48129,48113,no
rKaHyPar,sat14_SAT_dat.k100-24_1_rule_2.cnf.primal.hgr,no,no,9,32,0.03,0.0298737,593.531,cut,46185,46174,no
rKaHyPar,sat14_SAT_dat.k100-24_1_rule_2.cnf.primal.hgr,no,no,0,4,0.03,0.00686416,486.176,cut,3492,3492,no
rKaHyPar,sat14_SAT_dat.k100-24_1_rule_2.cnf.primal.hgr,no,no,1,4,0.03,0.0136494,472.918,cut,3492,3492,no
rKaHyPar,sat14_SAT_dat.k100-24_1_rule_2.cnf.primal.hgr,no,no,2,4,0.03,0.00686663,361.878,cut,3492,3492,no
rKaHyPar,sat14_SAT_dat.k100-24_1_rule_2.cnf.primal.hgr,no,no,3,4,0.03,0.00686663,386.197,cut,3492,3492,no
rKaHyPar,sat14_SAT_dat.k100-24_1_rule_2.cnf.primal.hgr,no,no,4,4,0.03,0.00891379,365.84,cut,3492,3492,no
rKaHyPar,sat14_SAT_dat.k100-24_1_rule_2.cnf.primal.hgr,no,no,5,4,0.03,0.00686416,381.764,cut,3492,3492,no
rKaHyPar,sat14_SAT_dat.k100-24_1_rule_2.cnf.primal.hgr,no,no,6,4,0.03,0.00661752,523.378,cut,3492,3492,no
rKaHyPar,sat14_SAT_dat.k100-24_1_rule_2.cnf.primal.hgr,no,no,7,4,0.03,0.00686663,363.805,cut,3492,3492,no
rKaHyPar,sat14_SAT_dat.k100-24_1_rule_2.cnf.primal.hgr,no,no,8,4,0.03,0.0132202,343.894,cut,3492,3492,no
rKaHyPar,sat14_SAT_dat.k100-24_1_rule_2.cnf.primal.hgr,no,no,9,4,0.03,0.00686663,362.995,cut,3492,3492,no
rKaHyPar,sat14_SAT_dat.k100-24_1_rule_2.cnf.primal.hgr,no,no,0,64,0.03,0.0299921,584.385,cut,79797,79651,no
rKaHyPar,sat14_SAT_dat.k100-24_1_rule_2.cnf.primal.hgr,no,no,1,64,0.03,0.0299921,576.263,cut,79215,78955,no
rKaHyPar,sat14_SAT_dat.k100-24_1_rule_2.cnf.primal.hgr,no,no,2,64,0.03,0.0299921,560.102,cut,78258,78092,no
rKaHyPar,sat14_SAT_dat.k100-24_1_rule_2.cnf.primal.hgr,no,no,3,64,0.03,0.0299921,809.687,cut,79209,79085,no
rKaHyPar,sat14_SAT_dat.k100-24_1_rule_2.cnf.primal.hgr,no,no,4,64,0.03,0.0299921,584.922,cut,81781,81544,no
rKaHyPar,sat14_SAT_dat.k100-24_1_rule_2.cnf.primal.hgr,no,no,5,64,0.03,0.0299921,564.001,cut,80448,80326,no
rKaHyPar,sat14_SAT_dat.k100-24_1_rule_2.cnf.primal.hgr,no,no,6,64,0.03,0.0299921,798.298,cut,80796,80625,no
rKaHyPar,sat14_SAT_dat.k100-24_1_rule_2.cnf.primal.hgr,no,no,7,64,0.03,0.0299921,573.866,cut,81322,81195,no
rKaHyPar,sat14_SAT_dat.k100-24_1_rule_2.cnf.primal.hgr,no,no,8,64,0.03,0.0299921,564.879,cut,81093,80927,no
rKaHyPar,sat14_SAT_dat.k100-24_1_rule_2.cnf.primal.hgr,no,no,9,64,0.03,0.0299921,574.892,cut,80677,80541,no
rKaHyPar,sat14_SAT_dat.k100-24_1_rule_2.cnf.primal.hgr,no,no,0,8,0.03,0.00710833,538.571,cut,8148,8148,no
rKaHyPar,sat14_SAT_dat.k100-24_1_rule_2.cnf.primal.hgr,no,no,1,8,0.03,0.00711819,513.905,cut,8148,8148,no
rKaHyPar,sat14_SAT_dat.k100-24_1_rule_2.cnf.primal.hgr,no,no,2,8,0.03,0.00710833,545.607,cut,8148,8148,no
rKaHyPar,sat14_SAT_dat.k100-24_1_rule_2.cnf.primal.hgr,no,no,3,8,0.03,0.011982,531.178,cut,8148,8148,no
rKaHyPar,sat14_SAT_dat.k100-24_1_rule_2.cnf.primal.hgr,no,no,4,8,0.03,0.00710833,376.562,cut,8148,8148,no
rKaHyPar,sat14_SAT_dat.k100-24_1_rule_2.cnf.primal.hgr,no,no,5,8,0.03,0.00710833,396.855,cut,8148,8148,no
rKaHyPar,sat14_SAT_dat.k100-24_1_rule_2.cnf.primal.hgr,no,no,6,8,0.03,0.0196823,548.597,cut,8148,8148,no
rKaHyPar,sat14_SAT_dat.k100-24_1_rule_2.cnf.primal.hgr,no,no,7,8,0.03,0.0188388,548.237,cut,8148,8148,no
rKaHyPar,sat14_SAT_dat.k100-24_1_rule_2.cnf.primal.hgr,no,no,8,8,0.03,0.0196823,383.111,cut,8148,8148,no
rKaHyPar,sat14_SAT_dat.k100-24_1_rule_2.cnf.primal.hgr,no,no,9,8,0.03,0.00711326,401.542,cut,8148,8148,no
rKaHyPar,sat14_SAT_dat.k70-24_1_rule_1.cnf.dual.hgr,no,no,0,128,0.03,0.0299391,812.064,cut,40922,30118,no
rKaHyPar,sat14_SAT_dat.k70-24_1_rule_1.cnf.dual.hgr,no,no,2,128,0.03,0.0298813,813.765,cut,40470,30410,no
rKaHyPar,sat14_SAT_dat.k70-24_1_rule_1.cnf.dual.hgr,no,no,3,128,0.03,0.0299391,813.699,cut,40769,30302,no
rKaHyPar,sat14_SAT_dat.k70-24_1_rule_1.cnf.dual.hgr,no,no,4,128,0.03,0.0299102,813.807,cut,40200,30134,no
rKaHyPar,sat14_SAT_dat.k70-24_1_rule_1.cnf.dual.hgr,no,no,5,128,0.03,0.0287554,811.459,cut,41470,30119,no
rKaHyPar,sat14_SAT_dat.k70-24_1_rule_1.cnf.dual.hgr,no,no,6,128,0.03,0.0296504,811.879,cut,41228,30126,no
rKaHyPar,sat14_SAT_dat.k70-24_1_rule_1.cnf.dual.hgr,no,no,7,128,0.03,0.0295926,812.961,cut,39954,30049,no
rKaHyPar,sat14_SAT_dat.k70-24_1_rule_1.cnf.dual.hgr,no,no,8,128,0.03,0.0298525,1159.95,cut,40701,30209,no
rKaHyPar,sat14_SAT_dat.k70-24_1_rule_1.cnf.dual.hgr,no,no,9,128,0.03,0.0292462,1152.54,cut,40872,30228,no
rKaHyPar,sat14_SAT_dat.k70-24_1_rule_1.cnf.dual.hgr,no,no,0,16,0.03,0.0297731,792.411,cut,9150,8941,no
rKaHyPar,sat14_SAT_dat.k70-24_1_rule_1.cnf.dual.hgr,no,no,1,16,0.03,0.0299932,560.346,cut,9135,8955,no
rKaHyPar,sat14_SAT_dat.k70-24_1_rule_1.cnf.dual.hgr,no,no,2,16,0.03,0.0299355,798.503,cut,8938,8727,no
rKaHyPar,sat14_SAT_dat.k70-24_1_rule_1.cnf.dual.hgr,no,no,3,16,0.03,0.0299896,564.616,cut,8834,8745,no
rKaHyPar,sat14_SAT_dat.k70-24_1_rule_1.cnf.dual.hgr,no,no,4,16,0.03,0.0297659,560.01,cut,9118,8921,no
rKaHyPar,sat14_SAT_dat.k70-24_1_rule_1.cnf.dual.hgr,no,no,5,16,0.03,0.0299824,805.656,cut,8923,8613,no
rKaHyPar,sat14_SAT_dat.k70-24_1_rule_1.cnf.dual.hgr,no,no,6,16,0.03,0.0269546,564.566,cut,9176,8936,no
rKaHyPar,sat14_SAT_dat.k70-24_1_rule_1.cnf.dual.hgr,no,no,7,16,0.03,0.0279795,559.91,cut,8925,8732,no
rKaHyPar,sat14_SAT_dat.k70-24_1_rule_1.cnf.dual.hgr,no,no,8,16,0.03,0.0296287,796.99,cut,9033,8913,no
rKaHyPar,sat14_SAT_dat.k70-24_1_rule_1.cnf.dual.hgr,no,no,9,16,0.03,0.0299716,796.736,cut,9128,8950,no
rKaHyPar,sat14_SAT_dat.k70-24_1_rule_1.cnf.dual.hgr,no,no,0,2,0.03,0.00185406,351.523,cut,580,580,no
rKaHyPar,sat14_SAT_dat.k70-24_1_rule_1.cnf.dual.hgr,no,no,1,2,0.03,0.00548367,261.185,cut,580,580,no
rKaHyPar,sat14_SAT_dat.k70-24_1_rule_1.cnf.dual.hgr,no,no,2,2,0.03,0.00978048,258.084,cut,580,580,no
rKaHyPar,sat14_SAT_dat.k70-24_1_rule_1.cnf.dual.hgr,no,no,3,2,0.03,0.00185451,346.588,cut,580,580,no
rKaHyPar,sat14_SAT_dat.k70-24_1_rule_1.cnf.dual.hgr,no,no,4,2,0.03,0.00680993,274.532,cut,580,580,no
rKaHyPar,sat14_SAT_dat.k70-24_1_rule_1.cnf.dual.hgr,no,no,6,2,0.03,0.00548322,260.462,cut,580,580,no
rKaHyPar,sat14_SAT_dat.k70-24_1_rule_1.cnf.dual.hgr,no,no,7,2,0.03,0.00185451,257.213,cut,580,580,no
rKaHyPar,sat14_SAT_dat.k70-24_1_rule_1.cnf.dual.hgr,no,no,8,2,0.03,0.00185451,350.748,cut,580,580,no
rKaHyPar,sat14_SAT_dat.k70-24_1_rule_1.cnf.dual.hgr,no,no,9,2,0.03,0.00548322,360.626,cut,580,580,no
rKaHyPar,sat14_SAT_dat.k70-24_1_rule_1.cnf.dual.hgr,no,no,0,32,0.03,0.0299535,914.451,cut,13761,12573,no
rKaHyPar,sat14_SAT_dat.k70-24_1_rule_1.cnf.dual.hgr,no,no,1,32,0.03,0.0296576,646.13,cut,13674,12474,no
rKaHyPar,sat14_SAT_dat.k70-24_1_rule_1.cnf.dual.hgr,no,no,2,32,0.03,0.0297009,932.073,cut,13934,12706,no
rKaHyPar,sat14_SAT_dat.k70-24_1_rule_1.cnf.dual.hgr,no,no,3,32,0.03,0.0299752,939.4,cut,13740,12470,no
rKaHyPar,sat14_SAT_dat.k70-24_1_rule_1.cnf.dual.hgr,no,no,4,32,0.03,0.0299102,936.329,cut,13821,12636,no
rKaHyPar,sat14_SAT_dat.k70-24_1_rule_1.cnf.dual.hgr,no,no,5,32,0.03,0.0299174,919.828,cut,13908,12489,no
rKaHyPar,sat14_SAT_dat.k70-24_1_rule_1.cnf.dual.hgr,no,no,6,32,0.03,0.0297875,934.357,cut,13798,12389,no
rKaHyPar,sat14_SAT_dat.k70-24_1_rule_1.cnf.dual.hgr,no,no,8,32,0.03,0.0295421,643.984,cut,13744,12541,no
rKaHyPar,sat14_SAT_dat.k70-24_1_rule_1.cnf.dual.hgr,no,no,9,32,0.03,0.029838,671.224,cut,14260,12892,no
rKaHyPar,sat14_SAT_dat.k70-24_1_rule_1.cnf.dual.hgr,no,no,0,4,0.03,0.0293608,533.038,cut,1740,1740,no
rKaHyPar,sat14_SAT_dat.k70-24_1_rule_1.cnf.dual.hgr,no,no,1,4,0.03,0.0293626,547.791,cut,1746,1740,no
rKaHyPar,sat14_SAT_dat.k70-24_1_rule_1.cnf.dual.hgr,no,no,2,4,0.03,0.0293608,385.825,cut,1746,1740,no
rKaHyPar,sat14_SAT_dat.k70-24_1_rule_1.cnf.dual.hgr,no,no,3,4,0.03,0.0293608,382.673,cut,1752,1740,no
rKaHyPar,sat14_SAT_dat.k70-24_1_rule_1.cnf.dual.hgr,no,no,4,4,0.03,0.0293608,394.591,cut,1746,1740,no
rKaHyPar,sat14_SAT_dat.k70-24_1_rule_1.cnf.dual.hgr,no,no,5,4,0.03,0.0293608,559.097,cut,1746,1740,no
rKaHyPar,sat14_SAT_dat.k70-24_1_rule_1.cnf.dual.hgr,no,no,6,4,0.03,0.00848986,538.435,cut,1765,1761,no
rKaHyPar,sat14_SAT_dat.k70-24_1_rule_1.cnf.dual.hgr,no,no,7,4,0.03,0.0293608,392.977,cut,1740,1740,no
rKaHyPar,sat14_SAT_dat.k70-24_1_rule_1.cnf.dual.hgr,no,no,8,4,0.03,0.0293626,389.223,cut,1750,1740,no
rKaHyPar,sat14_SAT_dat.k70-24_1_rule_1.cnf.dual.hgr,no,no,9,4,0.03,0.0293608,389.598,cut,1746,1740,no
rKaHyPar,sat14_SAT_dat.k70-24_1_rule_1.cnf.dual.hgr,no,no,0,64,0.03,0.0295638,728.174,cut,25464,21037,no
rKaHyPar,sat14_SAT_dat.k70-24_1_rule_1.cnf.dual.hgr,no,no,1,64,0.03,0.0299968,721.009,cut,24932,20965,no
rKaHyPar,sat14_SAT_dat.k70-24_1_rule_1.cnf.dual.hgr,no,no,2,64,0.03,0.0299824,733.185,cut,25299,21037,no
rKaHyPar,sat14_SAT_dat.k70-24_1_rule_1.cnf.dual.hgr,no,no,3,64,0.03,0.0298236,714.983,cut,25040,21005,no
rKaHyPar,sat14_SAT_dat.k70-24_1_rule_1.cnf.dual.hgr,no,no,4,64,0.03,0.029737,715.016,cut,25030,20862,no
rKaHyPar,sat14_SAT_dat.k70-24_1_rule_1.cnf.dual.hgr,no,no,5,64,0.03,0.0284234,724.881,cut,24993,21102,no
rKaHyPar,sat14_SAT_dat.k70-24_1_rule_1.cnf.dual.hgr,no,no,6,64,0.03,0.0288853,1036.23,cut,25048,21114,no
rKaHyPar,sat14_SAT_dat.k70-24_1_rule_1.cnf.dual.hgr,no,no,7,64,0.03,0.0298958,1021.53,cut,24768,20962,no
rKaHyPar,sat14_SAT_dat.k70-24_1_rule_1.cnf.dual.hgr,no,no,8,64,0.03,0.0293039,719.51,cut,25194,20831,no
rKaHyPar,sat14_SAT_dat.k70-24_1_rule_1.cnf.dual.hgr,no,no,9,64,0.03,0.0295493,719.377,cut,24731,21036,no
rKaHyPar,sat14_SAT_dat.k70-24_1_rule_1.cnf.dual.hgr,no,no,0,8,0.03,0.0298904,475.419,cut,4113,4089,no
rKaHyPar,sat14_SAT_dat.k70-24_1_rule_1.cnf.dual.hgr,no,no,1,8,0.03,0.0286977,679.417,cut,4175,4159,no
rKaHyPar,sat14_SAT_dat.k70-24_1_rule_1.cnf.dual.hgr,no,no,2,8,0.03,0.0298994,678.796,cut,4115,4109,no
rKaHyPar,sat14_SAT_dat.k70-24_1_rule_1.cnf.dual.hgr,no,no,3,8,0.03,0.0298922,671.351,cut,4112,4088,no
rKaHyPar,sat14_SAT_dat.k70-24_1_rule_1.cnf.dual.hgr,no,no,4,8,0.03,0.0299987,481.844,cut,4115,4106,no
rKaHyPar,sat14_SAT_dat.k70-24_1_rule_1.cnf.dual.hgr,no,no,5,8,0.03,0.029894,475.824,cut,4108,4102,no
rKaHyPar,sat14_SAT_dat.k70-24_1_rule_1.cnf.dual.hgr,no,no,6,8,0.03,0.0299518,673.456,cut,4128,4109,no
rKaHyPar,sat14_SAT_dat.k70-24_1_rule_1.cnf.dual.hgr,no,no,7,8,0.03,0.0280409,678.755,cut,4126,4114,no
rKaHyPar,sat14_SAT_dat.k70-24_1_rule_1.cnf.dual.hgr,no,no,8,8,0.03,0.0298922,671.631,cut,4112,4088,no
rKaHyPar,sat14_SAT_dat.k70-24_1_rule_1.cnf.dual.hgr,no,no,9,8,0.03,0.029894,478.913,cut,4112,4102,no
rKaHyPar,sat14_SAT_dat.k70-24_1_rule_1.cnf.hgr,no,no,0,128,0.03,0.0299638,809.829,cut,117019,114763,no
rKaHyPar,sat14_SAT_dat.k70-24_1_rule_1.cnf.hgr,no,no,2,128,0.03,0.0299638,794.707,cut,116408,114328,no
rKaHyPar,sat14_SAT_dat.k70-24_1_rule_1.cnf.hgr,no,no,3,128,0.03,0.0299638,793.956,cut,114061,111913,no
rKaHyPar,sat14_SAT_dat.k70-24_1_rule_1.cnf.hgr,no,no,4,128,0.03,0.0299638,818.941,cut,115026,112791,no
rKaHyPar,sat14_SAT_dat.k70-24_1_rule_1.cnf.hgr,no,no,5,128,0.03,0.0299638,799.835,cut,113074,111243,no
rKaHyPar,sat14_SAT_dat.k70-24_1_rule_1.cnf.hgr,no,no,6,128,0.03,0.0299638,816.536,cut,116105,114027,no
rKaHyPar,sat14_SAT_dat.k70-24_1_rule_1.cnf.hgr,no,no,7,128,0.03,0.0299638,807.675,cut,113548,111712,no
rKaHyPar,sat14_SAT_dat.k70-24_1_rule_1.cnf.hgr,no,no,8,128,0.03,0.0299638,813.968,cut,116434,114397,no
rKaHyPar,sat14_SAT_dat.k70-24_1_rule_1.cnf.hgr,no,no,9,128,0.03,0.0299638,1155.62,cut,112161,110325,no
rKaHyPar,sat14_SAT_dat.k70-24_1_rule_1.cnf.hgr,no,no,0,16,0.03,0.0248848,990.509,cut,19810,19809,no
rKaHyPar,sat14_SAT_dat.k70-24_1_rule_1.cnf.hgr,no,no,1,16,0.03,0.0296279,834.506,cut,19847,19845,no
rKaHyPar,sat14_SAT_dat.k70-24_1_rule_1.cnf.hgr,no,no,2,16,0.03,0.0262697,578.288,cut,19510,19509,no
rKaHyPar,sat14_SAT_dat.k70-24_1_rule_1.cnf.hgr,no,no,3,16,0.03,0.0239807,730.047,cut,19519,19519,no
rKaHyPar,sat14_SAT_dat.k70-24_1_rule_1.cnf.hgr,no,no,4,16,0.03,0.0219787,754.02,cut,19486,19485,no
rKaHyPar,sat14_SAT_dat.k70-24_1_rule_1.cnf.hgr,no,no,5,16,0.03,0.022603,832.954,cut,19683,19682,no
rKaHyPar,sat14_SAT_dat.k70-24_1_rule_1.cnf.hgr,no,no,6,16,0.03,0.0225815,717.716,cut,19254,19249,no
rKaHyPar,sat14_SAT_dat.k70-24_1_rule_1.cnf.hgr,no,no,7,16,0.03,0.0239592,769.663,cut,20109,20081,no
rKaHyPar,sat14_SAT_dat.k70-24_1_rule_1.cnf.hgr,no,no,8,16,0.03,0.02195,1021.22,cut,19767,19766,no
rKaHyPar,sat14_SAT_dat.k70-24_1_rule_1.cnf.hgr,no,no,9,16,0.03,0.026894,1230.18,cut,19952,19941,no
rKaHyPar,sat14_SAT_dat.k70-24_1_rule_1.cnf.hgr,no,no,0,2,0.03,0.0135959,477.671,cut,1164,1164,no
rKaHyPar,sat14_SAT_dat.k70-24_1_rule_1.cnf.hgr,no,no,1,2,0.03,0.0135457,341.623,cut,1164,1164,no
rKaHyPar,sat14_SAT_dat.k70-24_1_rule_1.cnf.hgr,no,no,2,2,0.03,0.00119563,457.208,cut,1164,1164,no
rKaHyPar,sat14_SAT_dat.k70-24_1_rule_1.cnf.hgr,no,no,3,2,0.03,0.0135959,481.823,cut,1164,1164,no
rKaHyPar,sat14_SAT_dat.k70-24_1_rule_1.cnf.hgr,no,no,4,2,0.03,0.000800075,337.929,cut,1164,1164,no
rKaHyPar,sat14_SAT_dat.k70-24_1_rule_1.cnf.hgr,no,no,5,2,0.03,0.00367479,325.285,cut,1164,1164,no
rKaHyPar,sat14_SAT_dat.k70-24_1_rule_1.cnf.hgr,no,no,6,2,0.03,0.00265137,282.581,cut,1164,1164,no
rKaHyPar,sat14_SAT_dat.k70-24_1_rule_1.cnf.hgr,no,no,7,2,0.03,0.000178492,345.124,cut,1164,1164,no
rKaHyPar,sat14_SAT_dat.k70-24_1_rule_1.cnf.hgr,no,no,8,2,0.03,0.013578,452.179,cut,1164,1164,no
rKaHyPar,sat14_SAT_dat.k70-24_1_rule_1.cnf.hgr,no,no,9,2,0.03,0.0135448,417.784,cut,1164,1164,no
rKaHyPar,sat14_SAT_dat.k70-24_1_rule_1.cnf.hgr,no,no,0,32,0.03,0.0299938,1160.99,cut,42034,41947,no
rKaHyPar,sat14_SAT_dat.k70-24_1_rule_1.cnf.hgr,no,no,1,32,0.03,0.0299938,1161.48,cut,43404,43300,no
rKaHyPar,sat14_SAT_dat.k70-24_1_rule_1.cnf.hgr,no,no,2,32,0.03,0.0299938,1089.11,cut,41843,41754,no
rKaHyPar,sat14_SAT_dat.k70-24_1_rule_1.cnf.hgr,no,no,3,32,0.03,0.0299938,656.245,cut,43172,43110,no
rKaHyPar,sat14_SAT_dat.k70-24_1_rule_1.cnf.hgr,no,no,4,32,0.03,0.0299938,1033.9,cut,42989,42929,no
rKaHyPar,sat14_SAT_dat.k70-24_1_rule_1.cnf.hgr,no,no,5,32,0.03,0.0299938,1126.74,cut,44047,43951,no
rKaHyPar,sat14_SAT_dat.k70-24_1_rule_1.cnf.hgr,no,no,6,32,0.03,0.0299938,1065.1,cut,42499,42423,no
rKaHyPar,sat14_SAT_dat.k70-24_1_rule_1.cnf.hgr,no,no,7,32,0.03,0.0299938,752.402,cut,43533,43410,no
rKaHyPar,sat14_SAT_dat.k70-24_1_rule_1.cnf.hgr,no,no,8,32,0.03,0.0299938,721.918,cut,43375,43259,no
rKaHyPar,sat14_SAT_dat.k70-24_1_rule_1.cnf.hgr,no,no,9,32,0.03,0.0299938,717.936,cut,41710,41610,no
rKaHyPar,sat14_SAT_dat.k70-24_1_rule_1.cnf.hgr,no,no,0,4,0.03,0.0135959,649.041,cut,3492,3492,no
rKaHyPar,sat14_SAT_dat.k70-24_1_rule_1.cnf.hgr,no,no,1,4,0.03,0.0135457,601.295,cut,3492,3492,no
rKaHyPar,sat14_SAT_dat.k70-24_1_rule_1.cnf.hgr,no,no,2,4,0.03,0.013377,419.618,cut,3492,3492,no
rKaHyPar,sat14_SAT_dat.k70-24_1_rule_1.cnf.hgr,no,no,3,4,0.03,0.0135941,462.75,cut,3492,3492,no
rKaHyPar,sat14_SAT_dat.k70-24_1_rule_1.cnf.hgr,no,no,4,4,0.03,0.0233385,423.871,cut,3492,3492,no
rKaHyPar,sat14_SAT_dat.k70-24_1_rule_1.cnf.hgr,no,no,5,4,0.03,0.0252903,413.588,cut,3492,3492,no
rKaHyPar,sat14_SAT_dat.k70-24_1_rule_1.cnf.hgr,no,no,6,4,0.03,0.0233385,574.717,cut,3492,3492,no
rKaHyPar,sat14_SAT_dat.k70-24_1_rule_1.cnf.hgr,no,no,7,4,0.03,0.0137125,582.352,cut,3492,3492,no
rKaHyPar,sat14_SAT_dat.k70-24_1_rule_1.cnf.hgr,no,no,8,4,0.03,0.0136497,422.261,cut,3492,3492,no
rKaHyPar,sat14_SAT_dat.k70-24_1_rule_1.cnf.hgr,no,no,9,4,0.03,0.0135457,450.4,cut,3492,3492,no
rKaHyPar,sat14_SAT_dat.k70-24_1_rule_1.cnf.hgr,no,no,0,64,0.03,0.0299934,752.372,cut,70582,69917,no
rKaHyPar,sat14_SAT_dat.k70-24_1_rule_1.cnf.hgr,no,no,1,64,0.03,0.0299934,776.776,cut,71748,71152,no
rKaHyPar,sat14_SAT_dat.k70-24_1_rule_1.cnf.hgr,no,no,2,64,0.03,0.0299934,749.392,cut,70876,70348,no
rKaHyPar,sat14_SAT_dat.k70-24_1_rule_1.cnf.hgr,no,no,3,64,0.03,0.0299647,735.777,cut,71191,70600,no
rKaHyPar,sat14_SAT_dat.k70-24_1_rule_1.cnf.hgr,no,no,4,64,0.03,0.0299934,773.898,cut,73385,72884,no
rKaHyPar,sat14_SAT_dat.k70-24_1_rule_1.cnf.hgr,no,no,5,64,0.03,0.0299934,781.522,cut,76886,76317,no
rKaHyPar,sat14_SAT_dat.k70-24_1_rule_1.cnf.hgr,no,no,6,64,0.03,0.0299934,727.023,cut,71970,71281,no
rKaHyPar,sat14_SAT_dat.k70-24_1_rule_1.cnf.hgr,no,no,7,64,0.03,0.0299934,747.19,cut,71851,71265,no
rKaHyPar,sat14_SAT_dat.k70-24_1_rule_1.cnf.hgr,no,no,8,64,0.03,0.0299934,787.648,cut,74165,73523,no
rKaHyPar,sat14_SAT_dat.k70-24_1_rule_1.cnf.hgr,no,no,9,64,0.03,0.0299934,1073.63,cut,71516,70821,no
rKaHyPar,sat14_SAT_dat.k70-24_1_rule_1.cnf.hgr,no,no,0,8,0.03,0.0137197,689.364,cut,8148,8148,no
rKaHyPar,sat14_SAT_dat.k70-24_1_rule_1.cnf.hgr,no,no,1,8,0.03,0.0293947,730.268,cut,8275,8275,no
rKaHyPar,sat14_SAT_dat.k70-24_1_rule_1.cnf.hgr,no,no,2,8,0.03,0.0137161,711.324,cut,8148,8148,no
rKaHyPar,sat14_SAT_dat.k70-24_1_rule_1.cnf.hgr,no,no,3,8,0.03,0.0137125,682.578,cut,8148,8148,no
rKaHyPar,sat14_SAT_dat.k70-24_1_rule_1.cnf.hgr,no,no,4,8,0.03,0.0137161,511.516,cut,8148,8148,no
rKaHyPar,sat14_SAT_dat.k70-24_1_rule_1.cnf.hgr,no,no,5,8,0.03,0.0156104,490.516,cut,8148,8148,no
rKaHyPar,sat14_SAT_dat.k70-24_1_rule_1.cnf.hgr,no,no,6,8,0.03,0.0285408,676.526,cut,8242,8242,no
rKaHyPar,sat14_SAT_dat.k70-24_1_rule_1.cnf.hgr,no,no,7,8,0.03,0.0137197,706.389,cut,8148,8148,no
rKaHyPar,sat14_SAT_dat.k70-24_1_rule_1.cnf.hgr,no,no,8,8,0.03,0.0137161,497.251,cut,8148,8148,no
rKaHyPar,sat14_SAT_dat.k70-24_1_rule_1.cnf.hgr,no,no,9,8,0.03,0.0137161,707.549,cut,8148,8148,no
rKaHyPar,sat14_SAT_dat.k70-24_1_rule_1.cnf.primal.hgr,no,no,0,128,0.03,0.0299706,388.055,cut,115832,114797,no
rKaHyPar,sat14_SAT_dat.k70-24_1_rule_1.cnf.primal.hgr,no,no,2,128,0.03,0.0299706,389.124,cut,115583,114579,no
rKaHyPar,sat14_SAT_dat.k70-24_1_rule_1.cnf.primal.hgr,no,no,3,128,0.03,0.0299706,387.015,cut,115284,114504,no
rKaHyPar,sat14_SAT_dat.k70-24_1_rule_1.cnf.primal.hgr,no,no,4,128,0.03,0.0299706,387.147,cut,117217,116228,no
rKaHyPar,sat14_SAT_dat.k70-24_1_rule_1.cnf.primal.hgr,no,no,5,128,0.03,0.0299706,389.225,cut,115218,114395,no
rKaHyPar,sat14_SAT_dat.k70-24_1_rule_1.cnf.primal.hgr,no,no,6,128,0.03,0.0299706,387.36,cut,114494,113673,no
rKaHyPar,sat14_SAT_dat.k70-24_1_rule_1.cnf.primal.hgr,no,no,7,128,0.03,0.0299706,384.183,cut,118664,117568,no
rKaHyPar,sat14_SAT_dat.k70-24_1_rule_1.cnf.primal.hgr,no,no,8,128,0.03,0.0299706,379.121,cut,115612,114594,no
rKaHyPar,sat14_SAT_dat.k70-24_1_rule_1.cnf.primal.hgr,no,no,9,128,0.03,0.0299706,543.682,cut,114422,113589,no
rKaHyPar,sat14_SAT_dat.k70-24_1_rule_1.cnf.primal.hgr,no,no,0,16,0.03,0.0111411,402.633,cut,19271,19271,no
rKaHyPar,sat14_SAT_dat.k70-24_1_rule_1.cnf.primal.hgr,no,no,1,16,0.03,0.0268065,324.374,cut,19608,19608,no
rKaHyPar,sat14_SAT_dat.k70-24_1_rule_1.cnf.primal.hgr,no,no,2,16,0.03,0.0293797,283.032,cut,19389,19389,no
rKaHyPar,sat14_SAT_dat.k70-24_1_rule_1.cnf.primal.hgr,no,no,3,16,0.03,0.0274569,290.692,cut,19912,19911,no
rKaHyPar,sat14_SAT_dat.k70-24_1_rule_1.cnf.primal.hgr,no,no,4,16,0.03,0.0274569,307.186,cut,19879,19879,no
rKaHyPar,sat14_SAT_dat.k70-24_1_rule_1.cnf.primal.hgr,no,no,5,16,0.03,0.0268065,411.073,cut,19303,19303,no
rKaHyPar,sat14_SAT_dat.k70-24_1_rule_1.cnf.primal.hgr,no,no,6,16,0.03,0.0227347,331.652,cut,19990,19990,no
rKaHyPar,sat14_SAT_dat.k70-24_1_rule_1.cnf.primal.hgr,no,no,7,16,0.03,0.0188324,287.287,cut,19243,19243,no
rKaHyPar,sat14_SAT_dat.k70-24_1_rule_1.cnf.primal.hgr,no,no,8,16,0.03,0.0227205,404.964,cut,20542,20542,no
rKaHyPar,sat14_SAT_dat.k70-24_1_rule_1.cnf.primal.hgr,no,no,9,16,0.03,0.0177296,396.949,cut,19301,19301,no
rKaHyPar,sat14_SAT_dat.k70-24_1_rule_1.cnf.primal.hgr,no,no,0,2,0.03,0.000533733,250.861,cut,1164,1164,no
rKaHyPar,sat14_SAT_dat.k70-24_1_rule_1.cnf.primal.hgr,no,no,1,2,0.03,0,186.779,cut,1164,1164,no
rKaHyPar,sat14_SAT_dat.k70-24_1_rule_1.cnf.primal.hgr,no,no,2,2,0.03,0.000980867,263.592,cut,1164,1164,no
rKaHyPar,sat14_SAT_dat.k70-24_1_rule_1.cnf.primal.hgr,no,no,3,2,0.03,0.0033968,252.314,cut,1164,1164,no
rKaHyPar,sat14_SAT_dat.k70-24_1_rule_1.cnf.primal.hgr,no,no,4,2,0.03,0.0033968,155.304,cut,1164,1164,no
rKaHyPar,sat14_SAT_dat.k70-24_1_rule_1.cnf.primal.hgr,no,no,5,2,0.03,0.00475234,190.305,cut,1164,1164,no
rKaHyPar,sat14_SAT_dat.k70-24_1_rule_1.cnf.primal.hgr,no,no,6,2,0.03,0.00199001,181.774,cut,1164,1164,no
rKaHyPar,sat14_SAT_dat.k70-24_1_rule_1.cnf.primal.hgr,no,no,7,2,0.03,0.000326956,175.083,cut,1164,1164,no
rKaHyPar,sat14_SAT_dat.k70-24_1_rule_1.cnf.primal.hgr,no,no,8,2,0.03,0.00211903,213.246,cut,1164,1164,no
rKaHyPar,sat14_SAT_dat.k70-24_1_rule_1.cnf.primal.hgr,no,no,9,2,0.03,0.000885431,228.786,cut,1164,1164,no
rKaHyPar,sat14_SAT_dat.k70-24_1_rule_1.cnf.primal.hgr,no,no,0,32,0.03,0.0299731,426.488,cut,40965,40944,no
rKaHyPar,sat14_SAT_dat.k70-24_1_rule_1.cnf.primal.hgr,no,no,1,32,0.03,0.0299731,426.659,cut,40965,40931,no
rKaHyPar,sat14_SAT_dat.k70-24_1_rule_1.cnf.primal.hgr,no,no,2,32,0.03,0.0298318,426.248,cut,40642,40609,no
rKaHyPar,sat14_SAT_dat.k70-24_1_rule_1.cnf.primal.hgr,no,no,3,32,0.03,0.0299731,453.802,cut,41634,41589,no
rKaHyPar,sat14_SAT_dat.k70-24_1_rule_1.cnf.primal.hgr,no,no,4,32,0.03,0.0299731,417.93,cut,40905,40862,no
rKaHyPar,sat14_SAT_dat.k70-24_1_rule_1.cnf.primal.hgr,no,no,5,32,0.03,0.0299731,454.481,cut,41063,41014,no
rKaHyPar,sat14_SAT_dat.k70-24_1_rule_1.cnf.primal.hgr,no,no,6,32,0.03,0.0299731,436.825,cut,41105,41083,no
rKaHyPar,sat14_SAT_dat.k70-24_1_rule_1.cnf.primal.hgr,no,no,7,32,0.03,0.0269758,302.66,cut,40733,40688,no
rKaHyPar,sat14_SAT_dat.k70-24_1_rule_1.cnf.primal.hgr,no,no,8,32,0.03,0.0299731,314.715,cut,41399,41349,no
rKaHyPar,sat14_SAT_dat.k70-24_1_rule_1.cnf.primal.hgr,no,no,9,32,0.03,0.0299731,310.067,cut,40521,40477,no
rKaHyPar,sat14_SAT_dat.k70-24_1_rule_1.cnf.primal.hgr,no,no,0,4,0.03,0.00408253,305.805,cut,3492,3492,no
rKaHyPar,sat14_SAT_dat.k70-24_1_rule_1.cnf.primal.hgr,no,no,1,4,0.03,0.0149799,277.652,cut,3492,3492,no
rKaHyPar,sat14_SAT_dat.k70-24_1_rule_1.cnf.primal.hgr,no,no,2,4,0.03,0.00195466,212.448,cut,3492,3492,no
rKaHyPar,sat14_SAT_dat.k70-24_1_rule_1.cnf.primal.hgr,no,no,3,4,0.03,0.00808729,222.963,cut,3492,3492,no
rKaHyPar,sat14_SAT_dat.k70-24_1_rule_1.cnf.primal.hgr,no,no,4,4,0.03,0.00808729,208.266,cut,3492,3492,no
rKaHyPar,sat14_SAT_dat.k70-24_1_rule_1.cnf.primal.hgr,no,no,5,4,0.03,0.0137251,319.249,cut,3492,3492,no
rKaHyPar,sat14_SAT_dat.k70-24_1_rule_1.cnf.primal.hgr,no,no,6,4,0.03,0.00301506,280.551,cut,3492,3492,no
rKaHyPar,sat14_SAT_dat.k70-24_1_rule_1.cnf.primal.hgr,no,no,7,4,0.03,0.000632703,297.862,cut,3492,3492,no
rKaHyPar,sat14_SAT_dat.k70-24_1_rule_1.cnf.primal.hgr,no,no,8,4,0.03,0.00812264,218.386,cut,3492,3492,no
rKaHyPar,sat14_SAT_dat.k70-24_1_rule_1.cnf.primal.hgr,no,no,9,4,0.03,0.00131136,227.585,cut,3492,3492,no
rKaHyPar,sat14_SAT_dat.k70-24_1_rule_1.cnf.primal.hgr,no,no,0,64,0.03,0.0299723,374.753,cut,72528,72239,no
rKaHyPar,sat14_SAT_dat.k70-24_1_rule_1.cnf.primal.hgr,no,no,1,64,0.03,0.0299723,357.236,cut,69467,69259,no
rKaHyPar,sat14_SAT_dat.k70-24_1_rule_1.cnf.primal.hgr,no,no,2,64,0.03,0.0299723,361.053,cut,69581,69396,no
rKaHyPar,sat14_SAT_dat.k70-24_1_rule_1.cnf.primal.hgr,no,no,3,64,0.03,0.0299723,381.647,cut,71618,71363,no
rKaHyPar,sat14_SAT_dat.k70-24_1_rule_1.cnf.primal.hgr,no,no,4,64,0.03,0.0299723,368.86,cut,72354,72110,no
rKaHyPar,sat14_SAT_dat.k70-24_1_rule_1.cnf.primal.hgr,no,no,5,64,0.03,0.0299723,379.438,cut,72837,72454,no
rKaHyPar,sat14_SAT_dat.k70-24_1_rule_1.cnf.primal.hgr,no,no,6,64,0.03,0.0299723,369.277,cut,70495,70248,no
rKaHyPar,sat14_SAT_dat.k70-24_1_rule_1.cnf.primal.hgr,no,no,7,64,0.03,0.0299723,474.09,cut,71813,71582,no
rKaHyPar,sat14_SAT_dat.k70-24_1_rule_1.cnf.primal.hgr,no,no,8,64,0.03,0.0299723,372.922,cut,71767,71464,no
rKaHyPar,sat14_SAT_dat.k70-24_1_rule_1.cnf.primal.hgr,no,no,9,64,0.03,0.0299723,496.49,cut,70086,69862,no
rKaHyPar,sat14_SAT_dat.k70-24_1_rule_1.cnf.primal.hgr,no,no,0,8,0.03,0.00253787,321.846,cut,8148,8148,no
rKaHyPar,sat14_SAT_dat.k70-24_1_rule_1.cnf.primal.hgr,no,no,1,8,0.03,0.00220562,305.339,cut,8148,8148,no
rKaHyPar,sat14_SAT_dat.k70-24_1_rule_1.cnf.primal.hgr,no,no,2,8,0.03,0.00267926,327.201,cut,8148,8148,no
rKaHyPar,sat14_SAT_dat.k70-24_1_rule_1.cnf.primal.hgr,no,no,3,8,0.03,0.0174682,321.422,cut,8148,8148,no
rKaHyPar,sat14_SAT_dat.k70-24_1_rule_1.cnf.primal.hgr,no,no,4,8,0.03,0.0174682,233.568,cut,8148,8148,no
rKaHyPar,sat14_SAT_dat.k70-24_1_rule_1.cnf.primal.hgr,no,no,5,8,0.03,0.0026015,246.469,cut,8148,8148,no
rKaHyPar,sat14_SAT_dat.k70-24_1_rule_1.cnf.primal.hgr,no,no,6,8,0.03,0.0025308,315.901,cut,8148,8148,no
rKaHyPar,sat14_SAT_dat.k70-24_1_rule_1.cnf.primal.hgr,no,no,7,8,0.03,0.0174682,299.57,cut,8148,8148,no
rKaHyPar,sat14_SAT_dat.k70-24_1_rule_1.cnf.primal.hgr,no,no,8,8,0.03,0.0174682,311.287,cut,8148,8148,no
rKaHyPar,sat14_SAT_dat.k70-24_1_rule_1.cnf.primal.hgr,no,no,9,8,0.03,0.00627046,329.098,cut,8148,8148,no
rKaHyPar,sat14_SAT_dat.k75-24_1_rule_3.cnf.dual.hgr,no,no,0,128,0.03,0.0294284,887.564,cut,42426,31662,no
rKaHyPar,sat14_SAT_dat.k75-24_1_rule_3.cnf.dual.hgr,no,no,1,128,0.03,0.0296169,889.084,cut,42459,31384,no
rKaHyPar,sat14_SAT_dat.k75-24_1_rule_3.cnf.dual.hgr,no,no,2,128,0.03,0.0284053,893.924,cut,42215,31756,no
rKaHyPar,sat14_SAT_dat.k75-24_1_rule_3.cnf.dual.hgr,no,no,3,128,0.03,0.0298592,891.134,cut,42586,31661,no
rKaHyPar,sat14_SAT_dat.k75-24_1_rule_3.cnf.dual.hgr,no,no,4,128,0.03,0.0299938,883.882,cut,42635,31495,no
rKaHyPar,sat14_SAT_dat.k75-24_1_rule_3.cnf.dual.hgr,no,no,5,128,0.03,0.0298053,881.049,cut,42222,31307,no
rKaHyPar,sat14_SAT_dat.k75-24_1_rule_3.cnf.dual.hgr,no,no,6,128,0.03,0.0296707,886.993,cut,42579,31446,no
rKaHyPar,sat14_SAT_dat.k75-24_1_rule_3.cnf.dual.hgr,no,no,7,128,0.03,0.02994,1277.6,cut,42464,31456,no
rKaHyPar,sat14_SAT_dat.k75-24_1_rule_3.cnf.dual.hgr,no,no,8,128,0.03,0.029213,893.103,cut,41957,31495,no
rKaHyPar,sat14_SAT_dat.k75-24_1_rule_3.cnf.dual.hgr,no,no,9,128,0.03,0.0299938,1271.45,cut,42485,31616,no
rKaHyPar,sat14_SAT_dat.k75-24_1_rule_3.cnf.dual.hgr,no,no,0,16,0.03,0.0298996,888.242,cut,9050,8853,no
rKaHyPar,sat14_SAT_dat.k75-24_1_rule_3.cnf.dual.hgr,no,no,1,16,0.03,0.0296741,1027.96,cut,8969,8819,no
rKaHyPar,sat14_SAT_dat.k75-24_1_rule_3.cnf.dual.hgr,no,no,2,16,0.03,0.0299198,616.955,cut,9192,9013,no
rKaHyPar,sat14_SAT_dat.k75-24_1_rule_3.cnf.dual.hgr,no,no,3,16,0.03,0.0293846,625.288,cut,9158,9006,no
rKaHyPar,sat14_SAT_dat.k75-24_1_rule_3.cnf.dual.hgr,no,no,4,16,0.03,0.0277389,889.855,cut,9187,9022,no
rKaHyPar,sat14_SAT_dat.k75-24_1_rule_3.cnf.dual.hgr,no,no,5,16,0.03,0.0299972,881.358,cut,9196,9029,no
rKaHyPar,sat14_SAT_dat.k75-24_1_rule_3.cnf.dual.hgr,no,no,6,16,0.03,0.0299366,618.948,cut,8935,8808,no
rKaHyPar,sat14_SAT_dat.k75-24_1_rule_3.cnf.dual.hgr,no,no,7,16,0.03,0.0299803,880.648,cut,9235,9061,no
rKaHyPar,sat14_SAT_dat.k75-24_1_rule_3.cnf.dual.hgr,no,no,8,16,0.03,0.0285399,873.754,cut,9281,9056,no
rKaHyPar,sat14_SAT_dat.k75-24_1_rule_3.cnf.dual.hgr,no,no,9,16,0.03,0.0297549,873.65,cut,8996,8834,no
rKaHyPar,sat14_SAT_dat.k75-24_1_rule_3.cnf.dual.hgr,no,no,0,2,0.03,0.00829568,382.249,cut,580,580,no
rKaHyPar,sat14_SAT_dat.k75-24_1_rule_3.cnf.dual.hgr,no,no,1,2,0.03,0.00345601,389.588,cut,580,580,no
rKaHyPar,sat14_SAT_dat.k75-24_1_rule_3.cnf.dual.hgr,no,no,2,2,0.03,0.0116751,419.614,cut,580,580,no
rKaHyPar,sat14_SAT_dat.k75-24_1_rule_3.cnf.dual.hgr,no,no,3,2,0.03,0.0116751,398.02,cut,580,580,no
rKaHyPar,sat14_SAT_dat.k75-24_1_rule_3.cnf.dual.hgr,no,no,4,2,0.03,0.0116751,386.157,cut,580,580,no
rKaHyPar,sat14_SAT_dat.k75-24_1_rule_3.cnf.dual.hgr,no,no,5,2,0.03,0.0082961,280.733,cut,580,580,no
rKaHyPar,sat14_SAT_dat.k75-24_1_rule_3.cnf.dual.hgr,no,no,6,2,0.03,0.0082961,287.861,cut,580,580,no
rKaHyPar,sat14_SAT_dat.k75-24_1_rule_3.cnf.dual.hgr,no,no,7,2,0.03,0.0116751,287.632,cut,580,580,no
rKaHyPar,sat14_SAT_dat.k75-24_1_rule_3.cnf.dual.hgr,no,no,8,2,0.03,0.0116751,393.169,cut,580,580,no
rKaHyPar,sat14_SAT_dat.k75-24_1_rule_3.cnf.dual.hgr,no,no,9,2,0.03,0.0116751,386.926,cut,580,580,no
rKaHyPar,sat14_SAT_dat.k75-24_1_rule_3.cnf.dual.hgr,no,no,0,32,0.03,0.0296909,1006.49,cut,13933,12988,no
rKaHyPar,sat14_SAT_dat.k75-24_1_rule_3.cnf.dual.hgr,no,no,1,32,0.03,0.0299198,998.742,cut,13779,12655,no
rKaHyPar,sat14_SAT_dat.k75-24_1_rule_3.cnf.dual.hgr,no,no,2,32,0.03,0.0298323,1010.37,cut,13777,12727,no
rKaHyPar,sat14_SAT_dat.k75-24_1_rule_3.cnf.dual.hgr,no,no,3,32,0.03,0.0299332,1013.35,cut,13932,12879,no
rKaHyPar,sat14_SAT_dat.k75-24_1_rule_3.cnf.dual.hgr,no,no,4,32,0.03,0.0299669,994.72,cut,13695,12588,no
rKaHyPar,sat14_SAT_dat.k75-24_1_rule_3.cnf.dual.hgr,no,no,5,32,0.03,0.0299938,1022.4,cut,13648,12624,no
rKaHyPar,sat14_SAT_dat.k75-24_1_rule_3.cnf.dual.hgr,no,no,6,32,0.03,0.0299669,709.347,cut,13540,12659,no
rKaHyPar,sat14_SAT_dat.k75-24_1_rule_3.cnf.dual.hgr,no,no,7,32,0.03,0.0299332,706.53,cut,13816,12612,no
rKaHyPar,sat14_SAT_dat.k75-24_1_rule_3.cnf.dual.hgr,no,no,8,32,0.03,0.0297986,709.247,cut,13593,12685,no
rKaHyPar,sat14_SAT_dat.k75-24_1_rule_3.cnf.dual.hgr,no,no,9,32,0.03,0.0297178,1005.16,cut,13561,12654,no
rKaHyPar,sat14_SAT_dat.k75-24_1_rule_3.cnf.dual.hgr,no,no,0,4,0.03,0.0209826,413.571,cut,1746,1740,no
rKaHyPar,sat14_SAT_dat.k75-24_1_rule_3.cnf.dual.hgr,no,no,1,4,0.03,0.014588,580.37,cut,1746,1740,no
rKaHyPar,sat14_SAT_dat.k75-24_1_rule_3.cnf.dual.hgr,no,no,2,4,0.03,0.0145888,430.51,cut,1746,1740,no
rKaHyPar,sat14_SAT_dat.k75-24_1_rule_3.cnf.dual.hgr,no,no,3,4,0.03,0.014593,597.523,cut,1740,1740,no
rKaHyPar,sat14_SAT_dat.k75-24_1_rule_3.cnf.dual.hgr,no,no,4,4,0.03,0.0142254,426.656,cut,1740,1740,no
rKaHyPar,sat14_SAT_dat.k75-24_1_rule_3.cnf.dual.hgr,no,no,5,4,0.03,0.0142254,410.379,cut,1740,1740,no
rKaHyPar,sat14_SAT_dat.k75-24_1_rule_3.cnf.dual.hgr,no,no,6,4,0.03,0.014588,420.723,cut,1746,1740,no
rKaHyPar,sat14_SAT_dat.k75-24_1_rule_3.cnf.dual.hgr,no,no,7,4,0.03,0.0145493,602.248,cut,1756,1740,no
rKaHyPar,sat14_SAT_dat.k75-24_1_rule_3.cnf.dual.hgr,no,no,8,4,0.03,0.014593,432.067,cut,1740,1740,no
rKaHyPar,sat14_SAT_dat.k75-24_1_rule_3.cnf.dual.hgr,no,no,9,4,0.03,0.0142245,415.934,cut,1740,1740,no
rKaHyPar,sat14_SAT_dat.k75-24_1_rule_3.cnf.dual.hgr,no,no,0,64,0.03,0.0296842,792.063,cut,25382,21712,no
rKaHyPar,sat14_SAT_dat.k75-24_1_rule_3.cnf.dual.hgr,no,no,1,64,0.03,0.0297246,808.444,cut,25401,21786,no
rKaHyPar,sat14_SAT_dat.k75-24_1_rule_3.cnf.dual.hgr,no,no,2,64,0.03,0.0298996,802.237,cut,25503,21660,no
rKaHyPar,sat14_SAT_dat.k75-24_1_rule_3.cnf.dual.hgr,no,no,3,64,0.03,0.0292534,813.694,cut,25648,21986,no
rKaHyPar,sat14_SAT_dat.k75-24_1_rule_3.cnf.dual.hgr,no,no,4,64,0.03,0.0290649,798.485,cut,25782,21926,no
rKaHyPar,sat14_SAT_dat.k75-24_1_rule_3.cnf.dual.hgr,no,no,5,64,0.03,0.0297515,1148.46,cut,25679,21806,no
rKaHyPar,sat14_SAT_dat.k75-24_1_rule_3.cnf.dual.hgr,no,no,6,64,0.03,0.02994,806.781,cut,25470,21602,no
rKaHyPar,sat14_SAT_dat.k75-24_1_rule_3.cnf.dual.hgr,no,no,7,64,0.03,0.0299669,804.823,cut,25156,21653,no
rKaHyPar,sat14_SAT_dat.k75-24_1_rule_3.cnf.dual.hgr,no,no,8,64,0.03,0.0295496,812.794,cut,25438,21691,no
rKaHyPar,sat14_SAT_dat.k75-24_1_rule_3.cnf.dual.hgr,no,no,9,64,0.03,0.029563,1167.48,cut,25733,21703,no
rKaHyPar,sat14_SAT_dat.k75-24_1_rule_3.cnf.dual.hgr,no,no,0,8,0.03,0.0142296,745.553,cut,4161,4110,no
rKaHyPar,sat14_SAT_dat.k75-24_1_rule_3.cnf.dual.hgr,no,no,1,8,0.03,0.0144853,753.085,cut,4139,4111,no
rKaHyPar,sat14_SAT_dat.k75-24_1_rule_3.cnf.dual.hgr,no,no,2,8,0.03,0.0153671,735.553,cut,4152,4102,no
rKaHyPar,sat14_SAT_dat.k75-24_1_rule_3.cnf.dual.hgr,no,no,3,8,0.03,0.0261015,735.809,cut,4162,4126,no
rKaHyPar,sat14_SAT_dat.k75-24_1_rule_3.cnf.dual.hgr,no,no,4,8,0.03,0.0142615,525.232,cut,4155,4120,no
rKaHyPar,sat14_SAT_dat.k75-24_1_rule_3.cnf.dual.hgr,no,no,5,8,0.03,0.0136423,526.428,cut,4134,4114,no
rKaHyPar,sat14_SAT_dat.k75-24_1_rule_3.cnf.dual.hgr,no,no,6,8,0.03,0.0137584,740.538,cut,4130,4114,no
rKaHyPar,sat14_SAT_dat.k75-24_1_rule_3.cnf.dual.hgr,no,no,7,8,0.03,0.0144837,735.827,cut,4162,4102,no
rKaHyPar,sat14_SAT_dat.k75-24_1_rule_3.cnf.dual.hgr,no,no,8,8,0.03,0.013718,524.329,cut,4136,4114,no
rKaHyPar,sat14_SAT_dat.k75-24_1_rule_3.cnf.dual.hgr,no,no,9,8,0.03,0.013686,739.382,cut,4136,4112,no
rKaHyPar,sat14_SAT_dat.k75-24_1_rule_3.cnf.hgr,no,no,0,128,0.03,0.0299802,904.086,cut,125955,123942,no
rKaHyPar,sat14_SAT_dat.k75-24_1_rule_3.cnf.hgr,no,no,2,128,0.03,0.0299802,891.145,cut,127811,125431,no
rKaHyPar,sat14_SAT_dat.k75-24_1_rule_3.cnf.hgr,no,no,3,128,0.03,0.0299802,917.275,cut,129917,127764,no
rKaHyPar,sat14_SAT_dat.k75-24_1_rule_3.cnf.hgr,no,no,4,128,0.03,0.0299802,903.365,cut,128937,126624,no
rKaHyPar,sat14_SAT_dat.k75-24_1_rule_3.cnf.hgr,no,no,5,128,0.03,0.0299802,902.958,cut,126061,123946,no
rKaHyPar,sat14_SAT_dat.k75-24_1_rule_3.cnf.hgr,no,no,6,128,0.03,0.0299802,930.844,cut,127651,125554,no
rKaHyPar,sat14_SAT_dat.k75-24_1_rule_3.cnf.hgr,no,no,7,128,0.03,0.0299802,1288.83,cut,126866,124651,no
rKaHyPar,sat14_SAT_dat.k75-24_1_rule_3.cnf.hgr,no,no,8,128,0.03,0.0299802,880.545,cut,128683,126305,no
rKaHyPar,sat14_SAT_dat.k75-24_1_rule_3.cnf.hgr,no,no,9,128,0.03,0.0299802,1240.27,cut,128797,126369,no
rKaHyPar,sat14_SAT_dat.k75-24_1_rule_3.cnf.hgr,no,no,0,16,0.03,0.029995,952.53,cut,20897,20897,no
rKaHyPar,sat14_SAT_dat.k75-24_1_rule_3.cnf.hgr,no,no,1,16,0.03,0.0299214,945.783,cut,20877,20873,no
rKaHyPar,sat14_SAT_dat.k75-24_1_rule_3.cnf.hgr,no,no,2,16,0.03,0.0299481,684.665,cut,20334,20334,no
rKaHyPar,sat14_SAT_dat.k75-24_1_rule_3.cnf.hgr,no,no,3,16,0.03,0.0299615,878.275,cut,20548,20543,no
rKaHyPar,sat14_SAT_dat.k75-24_1_rule_3.cnf.hgr,no,no,4,16,0.03,0.0299347,957.891,cut,20149,20149,no
rKaHyPar,sat14_SAT_dat.k75-24_1_rule_3.cnf.hgr,no,no,5,16,0.03,0.029995,957.228,cut,20887,20886,no
rKaHyPar,sat14_SAT_dat.k75-24_1_rule_3.cnf.hgr,no,no,6,16,0.03,0.029995,706.432,cut,20535,20535,no
rKaHyPar,sat14_SAT_dat.k75-24_1_rule_3.cnf.hgr,no,no,7,16,0.03,0.029995,953.545,cut,20505,20503,no
rKaHyPar,sat14_SAT_dat.k75-24_1_rule_3.cnf.hgr,no,no,8,16,0.03,0.029995,943.547,cut,20134,20134,no
rKaHyPar,sat14_SAT_dat.k75-24_1_rule_3.cnf.hgr,no,no,9,16,0.03,0.029995,968.005,cut,20254,20254,no
rKaHyPar,sat14_SAT_dat.k75-24_1_rule_3.cnf.hgr,no,no,0,2,0.03,0.00242347,534.937,cut,1164,1164,no
rKaHyPar,sat14_SAT_dat.k75-24_1_rule_3.cnf.hgr,no,no,1,2,0.03,0,560.86,cut,1164,1164,no
rKaHyPar,sat14_SAT_dat.k75-24_1_rule_3.cnf.hgr,no,no,2,2,0.03,0,443.639,cut,1164,1164,no
rKaHyPar,sat14_SAT_dat.k75-24_1_rule_3.cnf.hgr,no,no,3,2,0.03,0.00240674,448.635,cut,1164,1164,no
rKaHyPar,sat14_SAT_dat.k75-24_1_rule_3.cnf.hgr,no,no,4,2,0.03,0.00171073,521.804,cut,1164,1164,no
rKaHyPar,sat14_SAT_dat.k75-24_1_rule_3.cnf.hgr,no,no,5,2,0.03,0.00240674,412.031,cut,1164,1164,no
rKaHyPar,sat14_SAT_dat.k75-24_1_rule_3.cnf.hgr,no,no,6,2,0.03,0.00179522,405.871,cut,1164,1164,no
rKaHyPar,sat14_SAT_dat.k75-24_1_rule_3.cnf.hgr,no,no,7,2,0.03,0.000377281,383.75,cut,1164,1164,no
rKaHyPar,sat14_SAT_dat.k75-24_1_rule_3.cnf.hgr,no,no,8,2,0.03,0.00947219,527.963,cut,1164,1164,no
rKaHyPar,sat14_SAT_dat.k75-24_1_rule_3.cnf.hgr,no,no,9,2,0.03,0.00242347,517.885,cut,1164,1164,no
rKaHyPar,sat14_SAT_dat.k75-24_1_rule_3.cnf.hgr,no,no,0,32,0.03,0.0299814,1065.64,cut,42847,42812,no
rKaHyPar,sat14_SAT_dat.k75-24_1_rule_3.cnf.hgr,no,no,1,32,0.03,0.0299948,1068.6,cut,43589,43555,no
rKaHyPar,sat14_SAT_dat.k75-24_1_rule_3.cnf.hgr,no,no,2,32,0.03,0.0299948,1156.49,cut,44157,44108,no
rKaHyPar,sat14_SAT_dat.k75-24_1_rule_3.cnf.hgr,no,no,3,32,0.03,0.0299948,1111.89,cut,44248,44184,no
rKaHyPar,sat14_SAT_dat.k75-24_1_rule_3.cnf.hgr,no,no,4,32,0.03,0.0299948,1102.7,cut,43717,43701,no
rKaHyPar,sat14_SAT_dat.k75-24_1_rule_3.cnf.hgr,no,no,5,32,0.03,0.0299145,1153.08,cut,43019,42999,no
rKaHyPar,sat14_SAT_dat.k75-24_1_rule_3.cnf.hgr,no,no,6,32,0.03,0.029968,808.463,cut,42731,42686,no
rKaHyPar,sat14_SAT_dat.k75-24_1_rule_3.cnf.hgr,no,no,7,32,0.03,0.0299948,767.194,cut,43335,43318,no
rKaHyPar,sat14_SAT_dat.k75-24_1_rule_3.cnf.hgr,no,no,8,32,0.03,0.0299814,804.054,cut,44638,44603,no
rKaHyPar,sat14_SAT_dat.k75-24_1_rule_3.cnf.hgr,no,no,9,32,0.03,0.0295799,1160.29,cut,43164,43124,no
rKaHyPar,sat14_SAT_dat.k75-24_1_rule_3.cnf.hgr,no,no,0,4,0.03,0.00854948,674.6,cut,3492,3492,no
rKaHyPar,sat14_SAT_dat.k75-24_1_rule_3.cnf.hgr,no,no,1,4,0.03,0.000649158,679.208,cut,3492,3492,no
rKaHyPar,sat14_SAT_dat.k75-24_1_rule_3.cnf.hgr,no,no,2,4,0.03,0.0017718,450.806,cut,3492,3492,no
rKaHyPar,sat14_SAT_dat.k75-24_1_rule_3.cnf.hgr,no,no,3,4,0.03,0.00683791,676.109,cut,3492,3492,no
rKaHyPar,sat14_SAT_dat.k75-24_1_rule_3.cnf.hgr,no,no,4,4,0.03,0.00683791,441.884,cut,3492,3492,no
rKaHyPar,sat14_SAT_dat.k75-24_1_rule_3.cnf.hgr,no,no,5,4,0.03,0.00683791,698.285,cut,3492,3492,no
rKaHyPar,sat14_SAT_dat.k75-24_1_rule_3.cnf.hgr,no,no,6,4,0.03,0.00683791,488.359,cut,3492,3492,no
rKaHyPar,sat14_SAT_dat.k75-24_1_rule_3.cnf.hgr,no,no,7,4,0.03,0.00754563,660.187,cut,3492,3492,no
rKaHyPar,sat14_SAT_dat.k75-24_1_rule_3.cnf.hgr,no,no,8,4,0.03,0.00683791,450.259,cut,3492,3492,no
rKaHyPar,sat14_SAT_dat.k75-24_1_rule_3.cnf.hgr,no,no,9,4,0.03,0.00683791,470.038,cut,3492,3492,no
rKaHyPar,sat14_SAT_dat.k75-24_1_rule_3.cnf.hgr,no,no,0,64,0.03,0.029981,914.442,cut,79751,79257,no
rKaHyPar,sat14_SAT_dat.k75-24_1_rule_3.cnf.hgr,no,no,1,64,0.03,0.029981,896.306,cut,80456,80042,no
rKaHyPar,sat14_SAT_dat.k75-24_1_rule_3.cnf.hgr,no,no,2,64,0.03,0.029981,904.609,cut,79365,78949,no
rKaHyPar,sat14_SAT_dat.k75-24_1_rule_3.cnf.hgr,no,no,3,64,0.03,0.029981,906.055,cut,80117,79534,no
rKaHyPar,sat14_SAT_dat.k75-24_1_rule_3.cnf.hgr,no,no,4,64,0.03,0.029981,922.624,cut,80125,79477,no
rKaHyPar,sat14_SAT_dat.k75-24_1_rule_3.cnf.hgr,no,no,5,64,0.03,0.029981,1308.82,cut,78212,77737,no
rKaHyPar,sat14_SAT_dat.k75-24_1_rule_3.cnf.hgr,no,no,6,64,0.03,0.029981,900.405,cut,78950,78505,no
rKaHyPar,sat14_SAT_dat.k75-24_1_rule_3.cnf.hgr,no,no,7,64,0.03,0.029981,1316.05,cut,81726,81068,no
rKaHyPar,sat14_SAT_dat.k75-24_1_rule_3.cnf.hgr,no,no,8,64,0.03,0.029981,903.519,cut,77618,77180,no
rKaHyPar,sat14_SAT_dat.k75-24_1_rule_3.cnf.hgr,no,no,9,64,0.03,0.029981,1278.05,cut,80064,79585,no
rKaHyPar,sat14_SAT_dat.k75-24_1_rule_3.cnf.hgr,no,no,0,8,0.03,0.00179689,795.131,cut,9312,9312,no
rKaHyPar,sat14_SAT_dat.k75-24_1_rule_3.cnf.hgr,no,no,1,8,0.03,0.00297809,798.155,cut,8730,8730,no
rKaHyPar,sat14_SAT_dat.k75-24_1_rule_3.cnf.hgr,no,no,2,8,0.03,0.0127656,816.245,cut,9312,9312,no
rKaHyPar,sat14_SAT_dat.k75-24_1_rule_3.cnf.hgr,no,no,3,8,0.03,0.0124545,876.806,cut,9312,9312,no
rKaHyPar,sat14_SAT_dat.k75-24_1_rule_3.cnf.hgr,no,no,5,8,0.03,0.00771627,586.187,cut,9021,9021,no
rKaHyPar,sat14_SAT_dat.k75-24_1_rule_3.cnf.hgr,no,no,6,8,0.03,0.0112565,790.768,cut,9021,9021,no
rKaHyPar,sat14_SAT_dat.k75-24_1_rule_3.cnf.hgr,no,no,7,8,0.03,0.0136524,789.784,cut,8730,8730,no
rKaHyPar,sat14_SAT_dat.k75-24_1_rule_3.cnf.hgr,no,no,8,8,0.03,0.0275156,769.322,cut,9021,9021,no
rKaHyPar,sat14_SAT_dat.k75-24_1_rule_3.cnf.hgr,no,no,9,8,0.03,0.0170253,767.508,cut,9021,9021,no
rKaHyPar,sat14_SAT_dat.k75-24_1_rule_3.cnf.primal.hgr,no,no,0,128,0.03,0.0299578,432.464,cut,126244,125328,no
rKaHyPar,sat14_SAT_dat.k75-24_1_rule_3.cnf.primal.hgr,no,no,2,128,0.03,0.0299578,443.123,cut,131519,130469,no
rKaHyPar,sat14_SAT_dat.k75-24_1_rule_3.cnf.primal.hgr,no,no,3,128,0.03,0.0299578,594.487,cut,130160,129121,no
rKaHyPar,sat14_SAT_dat.k75-24_1_rule_3.cnf.primal.hgr,no,no,4,128,0.03,0.0299578,451.33,cut,128930,127969,no
rKaHyPar,sat14_SAT_dat.k75-24_1_rule_3.cnf.primal.hgr,no,no,5,128,0.03,0.0299578,440.5,cut,129076,128135,no
rKaHyPar,sat14_SAT_dat.k75-24_1_rule_3.cnf.primal.hgr,no,no,6,128,0.03,0.0299578,594.284,cut,125972,125158,no
rKaHyPar,sat14_SAT_dat.k75-24_1_rule_3.cnf.primal.hgr,no,no,7,128,0.03,0.0299578,591.735,cut,127768,126744,no
rKaHyPar,sat14_SAT_dat.k75-24_1_rule_3.cnf.primal.hgr,no,no,8,128,0.03,0.0299578,449.562,cut,126889,125964,no
rKaHyPar,sat14_SAT_dat.k75-24_1_rule_3.cnf.primal.hgr,no,no,9,128,0.03,0.0299578,424.476,cut,129839,128890,no
rKaHyPar,sat14_SAT_dat.k75-24_1_rule_3.cnf.primal.hgr,no,no,0,16,0.03,0.0299997,443.801,cut,19779,19779,no
rKaHyPar,sat14_SAT_dat.k75-24_1_rule_3.cnf.primal.hgr,no,no,1,16,0.03,0.0299997,446.248,cut,20219,20219,no
rKaHyPar,sat14_SAT_dat.k75-24_1_rule_3.cnf.primal.hgr,no,no,2,16,0.03,0.0296701,321.461,cut,19893,19893,no
rKaHyPar,sat14_SAT_dat.k75-24_1_rule_3.cnf.primal.hgr,no,no,3,16,0.03,0.0299602,530.209,cut,20711,20699,no
rKaHyPar,sat14_SAT_dat.k75-24_1_rule_3.cnf.primal.hgr,no,no,4,16,0.03,0.0299997,474.414,cut,19572,19572,no
rKaHyPar,sat14_SAT_dat.k75-24_1_rule_3.cnf.primal.hgr,no,no,5,16,0.03,0.0299865,434.738,cut,20241,20240,no
rKaHyPar,sat14_SAT_dat.k75-24_1_rule_3.cnf.primal.hgr,no,no,6,16,0.03,0.0298283,377.702,cut,19548,19548,no
rKaHyPar,sat14_SAT_dat.k75-24_1_rule_3.cnf.primal.hgr,no,no,7,16,0.03,0.0297756,466.385,cut,20533,20533,no
rKaHyPar,sat14_SAT_dat.k75-24_1_rule_3.cnf.primal.hgr,no,no,8,16,0.03,0.0299997,441.607,cut,20069,20068,no
rKaHyPar,sat14_SAT_dat.k75-24_1_rule_3.cnf.primal.hgr,no,no,9,16,0.03,0.0299997,416.611,cut,19650,19650,no
rKaHyPar,sat14_SAT_dat.k75-24_1_rule_3.cnf.primal.hgr,no,no,0,2,0.03,0.00193846,200.823,cut,1164,1164,no
rKaHyPar,sat14_SAT_dat.k75-24_1_rule_3.cnf.primal.hgr,no,no,1,2,0.03,0.00926045,273.001,cut,1164,1164,no
rKaHyPar,sat14_SAT_dat.k75-24_1_rule_3.cnf.primal.hgr,no,no,2,2,0.03,0,302.195,cut,1164,1164,no
rKaHyPar,sat14_SAT_dat.k75-24_1_rule_3.cnf.primal.hgr,no,no,3,2,0.03,0.0123132,164.821,cut,1164,1164,no
rKaHyPar,sat14_SAT_dat.k75-24_1_rule_3.cnf.primal.hgr,no,no,4,2,0.03,0.0117181,291.234,cut,1164,1164,no
rKaHyPar,sat14_SAT_dat.k75-24_1_rule_3.cnf.primal.hgr,no,no,5,2,0.03,0.00926045,179.158,cut,1164,1164,no
rKaHyPar,sat14_SAT_dat.k75-24_1_rule_3.cnf.primal.hgr,no,no,6,2,0.03,0.0061599,208.41,cut,1164,1164,no
rKaHyPar,sat14_SAT_dat.k75-24_1_rule_3.cnf.primal.hgr,no,no,7,2,0.03,0.00044011,171.366,cut,1164,1164,no
rKaHyPar,sat14_SAT_dat.k75-24_1_rule_3.cnf.primal.hgr,no,no,8,2,0.03,0.0122654,298.463,cut,1164,1164,no
rKaHyPar,sat14_SAT_dat.k75-24_1_rule_3.cnf.primal.hgr,no,no,9,2,0.03,0.00926045,212.572,cut,1164,1164,no
rKaHyPar,sat14_SAT_dat.k75-24_1_rule_3.cnf.primal.hgr,no,no,0,32,0.03,0.0299865,582.042,cut,42815,42789,no
rKaHyPar,sat14_SAT_dat.k75-24_1_rule_3.cnf.primal.hgr,no,no,1,32,0.03,0.0298811,554.196,cut,42269,42255,no
rKaHyPar,sat14_SAT_dat.k75-24_1_rule_3.cnf.primal.hgr,no,no,2,32,0.03,0.0299865,638.198,cut,42921,42897,no
rKaHyPar,sat14_SAT_dat.k75-24_1_rule_3.cnf.primal.hgr,no,no,3,32,0.03,0.0299865,570.739,cut,42279,42260,no
rKaHyPar,sat14_SAT_dat.k75-24_1_rule_3.cnf.primal.hgr,no,no,4,32,0.03,0.0299865,594.944,cut,41423,41410,no
rKaHyPar,sat14_SAT_dat.k75-24_1_rule_3.cnf.primal.hgr,no,no,5,32,0.03,0.0299865,580.886,cut,42866,42836,no
rKaHyPar,sat14_SAT_dat.k75-24_1_rule_3.cnf.primal.hgr,no,no,6,32,0.03,0.0288525,429.095,cut,41673,41661,no
rKaHyPar,sat14_SAT_dat.k75-24_1_rule_3.cnf.primal.hgr,no,no,7,32,0.03,0.0299865,408.039,cut,41513,41501,no
rKaHyPar,sat14_SAT_dat.k75-24_1_rule_3.cnf.primal.hgr,no,no,8,32,0.03,0.0299865,578.873,cut,44096,44053,no
rKaHyPar,sat14_SAT_dat.k75-24_1_rule_3.cnf.primal.hgr,no,no,9,32,0.03,0.0295909,560.934,cut,43334,43295,no
rKaHyPar,sat14_SAT_dat.k75-24_1_rule_3.cnf.primal.hgr,no,no,0,4,0.03,0.010289,248.553,cut,3492,3492,no
rKaHyPar,sat14_SAT_dat.k75-24_1_rule_3.cnf.primal.hgr,no,no,1,4,0.03,0.0115846,336.442,cut,3799,3799,no
rKaHyPar,sat14_SAT_dat.k75-24_1_rule_3.cnf.primal.hgr,no,no,2,4,0.03,0.00417033,260.005,cut,3492,3492,no
rKaHyPar,sat14_SAT_dat.k75-24_1_rule_3.cnf.primal.hgr,no,no,3,4,0.03,0.0197209,337.586,cut,3492,3492,no
rKaHyPar,sat14_SAT_dat.k75-24_1_rule_3.cnf.primal.hgr,no,no,4,4,0.03,0.0152176,264.704,cut,3492,3492,no
rKaHyPar,sat14_SAT_dat.k75-24_1_rule_3.cnf.primal.hgr,no,no,5,4,0.03,0.0295814,263.357,cut,3740,3740,no
rKaHyPar,sat14_SAT_dat.k75-24_1_rule_3.cnf.primal.hgr,no,no,6,4,0.03,0.00537693,259.036,cut,3492,3492,no
rKaHyPar,sat14_SAT_dat.k75-24_1_rule_3.cnf.primal.hgr,no,no,7,4,0.03,0.00227143,318.164,cut,3492,3492,no
rKaHyPar,sat14_SAT_dat.k75-24_1_rule_3.cnf.primal.hgr,no,no,8,4,0.03,0.0111231,274.25,cut,3492,3492,no
rKaHyPar,sat14_SAT_dat.k75-24_1_rule_3.cnf.primal.hgr,no,no,9,4,0.03,0.0297099,237.299,cut,3760,3760,no
rKaHyPar,sat14_SAT_dat.k75-24_1_rule_3.cnf.primal.hgr,no,no,0,64,0.03,0.0299594,439.692,cut,78342,78178,no
rKaHyPar,sat14_SAT_dat.k75-24_1_rule_3.cnf.primal.hgr,no,no,1,64,0.03,0.0299594,586.404,cut,80043,79856,no
rKaHyPar,sat14_SAT_dat.k75-24_1_rule_3.cnf.primal.hgr,no,no,2,64,0.03,0.0299594,428.91,cut,78859,78693,no
rKaHyPar,sat14_SAT_dat.k75-24_1_rule_3.cnf.primal.hgr,no,no,3,64,0.03,0.0299594,418.155,cut,81257,81083,no
rKaHyPar,sat14_SAT_dat.k75-24_1_rule_3.cnf.primal.hgr,no,no,4,64,0.03,0.0299594,438.884,cut,78842,78699,no
rKaHyPar,sat14_SAT_dat.k75-24_1_rule_3.cnf.primal.hgr,no,no,5,64,0.03,0.0299594,605.7,cut,78537,78312,no
rKaHyPar,sat14_SAT_dat.k75-24_1_rule_3.cnf.primal.hgr,no,no,6,64,0.03,0.0299594,440.881,cut,80037,79849,no
rKaHyPar,sat14_SAT_dat.k75-24_1_rule_3.cnf.primal.hgr,no,no,7,64,0.03,0.0299594,426.617,cut,80301,80070,no
rKaHyPar,sat14_SAT_dat.k75-24_1_rule_3.cnf.primal.hgr,no,no,8,64,0.03,0.0299594,440.443,cut,80495,80280,no
rKaHyPar,sat14_SAT_dat.k75-24_1_rule_3.cnf.primal.hgr,no,no,9,64,0.03,0.0299594,603.765,cut,79100,78890,no
rKaHyPar,sat14_SAT_dat.k75-24_1_rule_3.cnf.primal.hgr,no,no,0,8,0.03,0.0299142,393.242,cut,8914,8914,no
rKaHyPar,sat14_SAT_dat.k75-24_1_rule_3.cnf.primal.hgr,no,no,1,8,0.03,0.0299999,377.621,cut,9070,9070,no
rKaHyPar,sat14_SAT_dat.k75-24_1_rule_3.cnf.primal.hgr,no,no,2,8,0.03,0.0298549,374.915,cut,8800,8800,no
rKaHyPar,sat14_SAT_dat.k75-24_1_rule_3.cnf.primal.hgr,no,no,3,8,0.03,0.0299802,359.25,cut,8855,8855,no
rKaHyPar,sat14_SAT_dat.k75-24_1_rule_3.cnf.primal.hgr,no,no,4,8,0.03,0.0299999,371.602,cut,8753,8753,no
rKaHyPar,sat14_SAT_dat.k75-24_1_rule_3.cnf.primal.hgr,no,no,5,8,0.03,0.0299933,279.412,cut,9010,9010,no
rKaHyPar,sat14_SAT_dat.k75-24_1_rule_3.cnf.primal.hgr,no,no,6,8,0.03,0.0292549,377.869,cut,9030,9030,no
rKaHyPar,sat14_SAT_dat.k75-24_1_rule_3.cnf.primal.hgr,no,no,7,8,0.03,0.0292747,271.78,cut,9254,9254,no
rKaHyPar,sat14_SAT_dat.k75-24_1_rule_3.cnf.primal.hgr,no,no,8,8,0.03,0.0297428,288.634,cut,9012,9012,no
rKaHyPar,sat14_SAT_dat.k75-24_1_rule_3.cnf.primal.hgr,no,no,9,8,0.03,0.0299142,380.958,cut,9181,9181,no
rKaHyPar,sat14_SAT_dat.k80-24_1_rule_1.cnf.dual.hgr,no,no,0,128,0.03,0.0298139,964.499,cut,43573,32972,no
rKaHyPar,sat14_SAT_dat.k80-24_1_rule_1.cnf.dual.hgr,no,no,2,128,0.03,0.0298895,961.029,cut,44119,32741,no
rKaHyPar,sat14_SAT_dat.k80-24_1_rule_1.cnf.dual.hgr,no,no,3,128,0.03,0.0299904,1345.66,cut,44086,31801,no
rKaHyPar,sat14_SAT_dat.k80-24_1_rule_1.cnf.dual.hgr,no,no,4,128,0.03,0.0298391,971,cut,43719,32908,no
rKaHyPar,sat14_SAT_dat.k80-24_1_rule_1.cnf.dual.hgr,no,no,5,128,0.03,0.0293598,955.663,cut,43619,32647,no
rKaHyPar,sat14_SAT_dat.k80-24_1_rule_1.cnf.dual.hgr,no,no,6,128,0.03,0.0295868,1357.81,cut,43751,31614,no
rKaHyPar,sat14_SAT_dat.k80-24_1_rule_1.cnf.dual.hgr,no,no,7,128,0.03,0.0298643,1380.31,cut,44111,32344,no
rKaHyPar,sat14_SAT_dat.k80-24_1_rule_1.cnf.dual.hgr,no,no,8,128,0.03,0.0297886,965.045,cut,43843,33139,no
rKaHyPar,sat14_SAT_dat.k80-24_1_rule_1.cnf.dual.hgr,no,no,9,128,0.03,0.0299652,966.022,cut,44304,33120,no
rKaHyPar,sat14_SAT_dat.k80-24_1_rule_1.cnf.dual.hgr,no,no,0,16,0.03,0.0245143,924.972,cut,8779,8700,no
rKaHyPar,sat14_SAT_dat.k80-24_1_rule_1.cnf.dual.hgr,no,no,1,16,0.03,0.0245111,935.554,cut,8744,8700,no
rKaHyPar,sat14_SAT_dat.k80-24_1_rule_1.cnf.dual.hgr,no,no,2,16,0.03,0.0245111,651.212,cut,8760,8700,no
rKaHyPar,sat14_SAT_dat.k80-24_1_rule_1.cnf.dual.hgr,no,no,3,16,0.03,0.0245111,922.957,cut,8736,8700,no
rKaHyPar,sat14_SAT_dat.k80-24_1_rule_1.cnf.dual.hgr,no,no,4,16,0.03,0.0245111,937.59,cut,8756,8700,no
rKaHyPar,sat14_SAT_dat.k80-24_1_rule_1.cnf.dual.hgr,no,no,5,16,0.03,0.0245111,932.646,cut,8768,8700,no
rKaHyPar,sat14_SAT_dat.k80-24_1_rule_1.cnf.dual.hgr,no,no,6,16,0.03,0.02459,654.485,cut,8771,8721,no
rKaHyPar,sat14_SAT_dat.k80-24_1_rule_1.cnf.dual.hgr,no,no,7,16,0.03,0.0245111,930.669,cut,8736,8700,no
rKaHyPar,sat14_SAT_dat.k80-24_1_rule_1.cnf.dual.hgr,no,no,8,16,0.03,0.0245111,936.822,cut,8747,8700,no
rKaHyPar,sat14_SAT_dat.k80-24_1_rule_1.cnf.dual.hgr,no,no,9,16,0.03,0.0245111,928.383,cut,8760,8700,no
rKaHyPar,sat14_SAT_dat.k80-24_1_rule_1.cnf.dual.hgr,no,no,0,2,0.03,0.00352896,300.733,cut,580,580,no
rKaHyPar,sat14_SAT_dat.k80-24_1_rule_1.cnf.dual.hgr,no,no,1,2,0.03,0.000359832,448.405,cut,580,580,no
rKaHyPar,sat14_SAT_dat.k80-24_1_rule_1.cnf.dual.hgr,no,no,2,2,0.03,0.000360621,428.342,cut,580,580,no
rKaHyPar,sat14_SAT_dat.k80-24_1_rule_1.cnf.dual.hgr,no,no,3,2,0.03,0.00353014,312.444,cut,580,580,no
rKaHyPar,sat14_SAT_dat.k80-24_1_rule_1.cnf.dual.hgr,no,no,4,2,0.03,0.00035865,420.638,cut,580,580,no
rKaHyPar,sat14_SAT_dat.k80-24_1_rule_1.cnf.dual.hgr,no,no,5,2,0.03,0.000359832,302.18,cut,580,580,no
rKaHyPar,sat14_SAT_dat.k80-24_1_rule_1.cnf.dual.hgr,no,no,6,2,0.03,0.00353014,307.828,cut,580,580,no
rKaHyPar,sat14_SAT_dat.k80-24_1_rule_1.cnf.dual.hgr,no,no,7,2,0.03,0.00352935,318.81,cut,580,580,no
rKaHyPar,sat14_SAT_dat.k80-24_1_rule_1.cnf.dual.hgr,no,no,8,2,0.03,0.000360621,425.236,cut,580,580,no
rKaHyPar,sat14_SAT_dat.k80-24_1_rule_1.cnf.dual.hgr,no,no,9,2,0.03,0.00353014,305.68,cut,580,580,no
rKaHyPar,sat14_SAT_dat.k80-24_1_rule_1.cnf.dual.hgr,no,no,0,32,0.03,0.000781935,1068.67,cut,12776,12301,no
rKaHyPar,sat14_SAT_dat.k80-24_1_rule_1.cnf.dual.hgr,no,no,1,32,0.03,0.0228464,1083.3,cut,12738,12214,no
rKaHyPar,sat14_SAT_dat.k80-24_1_rule_1.cnf.dual.hgr,no,no,2,32,0.03,0.0260624,1078.7,cut,12746,12222,no
rKaHyPar,sat14_SAT_dat.k80-24_1_rule_1.cnf.dual.hgr,no,no,3,32,0.03,0.0191322,1075.35,cut,12725,12177,no
rKaHyPar,sat14_SAT_dat.k80-24_1_rule_1.cnf.dual.hgr,no,no,4,32,0.03,0.0231175,1084.65,cut,12769,12277,no
rKaHyPar,sat14_SAT_dat.k80-24_1_rule_1.cnf.dual.hgr,no,no,5,32,0.03,0.0155441,1091.62,cut,12749,12240,no
rKaHyPar,sat14_SAT_dat.k80-24_1_rule_1.cnf.dual.hgr,no,no,6,32,0.03,0.0195988,756.064,cut,12741,12186,no
rKaHyPar,sat14_SAT_dat.k80-24_1_rule_1.cnf.dual.hgr,no,no,7,32,0.03,0.0209104,767.734,cut,12734,12209,no
rKaHyPar,sat14_SAT_dat.k80-24_1_rule_1.cnf.dual.hgr,no,no,8,32,0.03,0.0196556,1088.92,cut,12772,12255,no
rKaHyPar,sat14_SAT_dat.k80-24_1_rule_1.cnf.dual.hgr,no,no,9,32,0.03,0.0118173,1086.01,cut,12800,12296,no
rKaHyPar,sat14_SAT_dat.k80-24_1_rule_1.cnf.dual.hgr,no,no,0,4,0.03,0.000491075,635.911,cut,1754,1740,no
rKaHyPar,sat14_SAT_dat.k80-24_1_rule_1.cnf.dual.hgr,no,no,1,4,0.03,0.00652664,627.745,cut,1746,1740,no
rKaHyPar,sat14_SAT_dat.k80-24_1_rule_1.cnf.dual.hgr,no,no,2,4,0.03,0.000491075,462.919,cut,1754,1740,no
rKaHyPar,sat14_SAT_dat.k80-24_1_rule_1.cnf.dual.hgr,no,no,3,4,0.03,0.00652743,629.098,cut,1746,1740,no
rKaHyPar,sat14_SAT_dat.k80-24_1_rule_1.cnf.dual.hgr,no,no,4,4,0.03,0.000491075,461.185,cut,1754,1740,no
rKaHyPar,sat14_SAT_dat.k80-24_1_rule_1.cnf.dual.hgr,no,no,5,4,0.03,0.000491075,632.398,cut,1754,1740,no
rKaHyPar,sat14_SAT_dat.k80-24_1_rule_1.cnf.dual.hgr,no,no,6,4,0.03,0.00652664,448.867,cut,1740,1740,no
rKaHyPar,sat14_SAT_dat.k80-24_1_rule_1.cnf.dual.hgr,no,no,7,4,0.03,0.0194278,639.022,cut,1746,1740,no
rKaHyPar,sat14_SAT_dat.k80-24_1_rule_1.cnf.dual.hgr,no,no,8,4,0.03,0.00652743,455.221,cut,1740,1740,no
rKaHyPar,sat14_SAT_dat.k80-24_1_rule_1.cnf.dual.hgr,no,no,9,4,0.03,0.000491075,459.776,cut,1754,1740,no
rKaHyPar,sat14_SAT_dat.k80-24_1_rule_1.cnf.dual.hgr,no,no,0,64,0.03,0.0299403,855.314,cut,25365,21736,no
rKaHyPar,sat14_SAT_dat.k80-24_1_rule_1.cnf.dual.hgr,no,no,1,64,0.03,0.0299151,1213.94,cut,25372,21667,no
rKaHyPar,sat14_SAT_dat.k80-24_1_rule_1.cnf.dual.hgr,no,no,2,64,0.03,0.0296755,856.199,cut,25056,21758,no
rKaHyPar,sat14_SAT_dat.k80-24_1_rule_1.cnf.dual.hgr,no,no,3,64,0.03,0.0298395,844.969,cut,25368,21374,no
rKaHyPar,sat14_SAT_dat.k80-24_1_rule_1.cnf.dual.hgr,no,no,4,64,0.03,0.0299025,864.628,cut,25245,21914,no
rKaHyPar,sat14_SAT_dat.k80-24_1_rule_1.cnf.dual.hgr,no,no,5,64,0.03,0.0297638,1227.11,cut,25268,21880,no
rKaHyPar,sat14_SAT_dat.k80-24_1_rule_1.cnf.dual.hgr,no,no,6,64,0.03,0.0299656,851.345,cut,25518,21469,no
rKaHyPar,sat14_SAT_dat.k80-24_1_rule_1.cnf.dual.hgr,no,no,7,64,0.03,0.0298016,1214.23,cut,25111,21446,no
rKaHyPar,sat14_SAT_dat.k80-24_1_rule_1.cnf.dual.hgr,no,no,8,64,0.03,0.0298521,859.804,cut,25229,21894,no
rKaHyPar,sat14_SAT_dat.k80-24_1_rule_1.cnf.dual.hgr,no,no,9,64,0.03,0.029335,1227.63,cut,25191,21766,no
rKaHyPar,sat14_SAT_dat.k80-24_1_rule_1.cnf.dual.hgr,no,no,0,8,0.03,0.012522,784.242,cut,4088,4060,no
rKaHyPar,sat14_SAT_dat.k80-24_1_rule_1.cnf.dual.hgr,no,no,1,8,0.03,0.012522,784.901,cut,4078,4060,no
rKaHyPar,sat14_SAT_dat.k80-24_1_rule_1.cnf.dual.hgr,no,no,2,8,0.03,0.012522,790.445,cut,4080,4060,no
rKaHyPar,sat14_SAT_dat.k80-24_1_rule_1.cnf.dual.hgr,no,no,3,8,0.03,0.012522,786.415,cut,4080,4060,no
rKaHyPar,sat14_SAT_dat.k80-24_1_rule_1.cnf.dual.hgr,no,no,4,8,0.03,0.012522,780.785,cut,4119,4081,no
rKaHyPar,sat14_SAT_dat.k80-24_1_rule_1.cnf.dual.hgr,no,no,5,8,0.03,0.000509204,558.802,cut,4100,4060,no
rKaHyPar,sat14_SAT_dat.k80-24_1_rule_1.cnf.dual.hgr,no,no,6,8,0.03,0.012522,789.265,cut,4078,4060,no
rKaHyPar,sat14_SAT_dat.k80-24_1_rule_1.cnf.dual.hgr,no,no,7,8,0.03,0.012522,557.089,cut,4072,4060,no
rKaHyPar,sat14_SAT_dat.k80-24_1_rule_1.cnf.dual.hgr,no,no,8,8,0.03,0.000491863,781.226,cut,4102,4060,no
rKaHyPar,sat14_SAT_dat.k80-24_1_rule_1.cnf.dual.hgr,no,no,9,8,0.03,0.0125236,787.388,cut,4088,4060,no
rKaHyPar,sat14_SAT_dat.k80-24_1_rule_1.cnf.hgr,no,no,0,128,0.03,0.0299945,1020.18,cut,134404,132613,no
rKaHyPar,sat14_SAT_dat.k80-24_1_rule_1.cnf.hgr,no,no,2,128,0.03,0.0299945,974.752,cut,135135,133346,no
rKaHyPar,sat14_SAT_dat.k80-24_1_rule_1.cnf.hgr,no,no,3,128,0.03,0.0299945,1381.16,cut,136118,134323,no
rKaHyPar,sat14_SAT_dat.k80-24_1_rule_1.cnf.hgr,no,no,4,128,0.03,0.0299945,1004.81,cut,135692,133704,no
rKaHyPar,sat14_SAT_dat.k80-24_1_rule_1.cnf.hgr,no,no,5,128,0.03,0.0299945,1040.5,cut,136753,134830,no
rKaHyPar,sat14_SAT_dat.k80-24_1_rule_1.cnf.hgr,no,no,6,128,0.03,0.0299945,1456.2,cut,135090,133261,no
rKaHyPar,sat14_SAT_dat.k80-24_1_rule_1.cnf.hgr,no,no,7,128,0.03,0.0299945,1378.91,cut,134539,132761,no
rKaHyPar,sat14_SAT_dat.k80-24_1_rule_1.cnf.hgr,no,no,8,128,0.03,0.0299945,978.974,cut,133396,131656,no
rKaHyPar,sat14_SAT_dat.k80-24_1_rule_1.cnf.hgr,no,no,9,128,0.03,0.0299945,1008.05,cut,135271,133423,no
rKaHyPar,sat14_SAT_dat.k80-24_1_rule_1.cnf.hgr,no,no,0,16,0.03,0.0299958,964.157,cut,20273,20270,no
rKaHyPar,sat14_SAT_dat.k80-24_1_rule_1.cnf.hgr,no,no,1,16,0.03,0.0299707,938.938,cut,18451,18451,no
rKaHyPar,sat14_SAT_dat.k80-24_1_rule_1.cnf.hgr,no,no,2,16,0.03,0.029814,694.094,cut,18583,18579,no
rKaHyPar,sat14_SAT_dat.k80-24_1_rule_1.cnf.hgr,no,no,3,16,0.03,0.0291243,995.115,cut,18931,18931,no
rKaHyPar,sat14_SAT_dat.k80-24_1_rule_1.cnf.hgr,no,no,4,16,0.03,0.0288233,992.354,cut,18355,18352,no
rKaHyPar,sat14_SAT_dat.k80-24_1_rule_1.cnf.hgr,no,no,5,16,0.03,0.026679,691.919,cut,17998,17998,no
rKaHyPar,sat14_SAT_dat.k80-24_1_rule_1.cnf.hgr,no,no,6,16,0.03,0.0277323,662.345,cut,17915,17915,no
rKaHyPar,sat14_SAT_dat.k80-24_1_rule_1.cnf.hgr,no,no,7,16,0.03,0.0272997,961.587,cut,18152,18149,no
rKaHyPar,sat14_SAT_dat.k80-24_1_rule_1.cnf.hgr,no,no,8,16,0.03,0.0256946,693.754,cut,18813,18812,no
rKaHyPar,sat14_SAT_dat.k80-24_1_rule_1.cnf.hgr,no,no,9,16,0.03,0.0299958,1013.8,cut,18931,18926,no
rKaHyPar,sat14_SAT_dat.k80-24_1_rule_1.cnf.hgr,no,no,0,2,0.03,0.00866992,334.319,cut,1164,1164,no
rKaHyPar,sat14_SAT_dat.k80-24_1_rule_1.cnf.hgr,no,no,1,2,0.03,0.00866992,603.497,cut,1164,1164,no
rKaHyPar,sat14_SAT_dat.k80-24_1_rule_1.cnf.hgr,no,no,2,2,0.03,0.00156203,552.099,cut,1164,1164,no
rKaHyPar,sat14_SAT_dat.k80-24_1_rule_1.cnf.hgr,no,no,3,2,0.03,0.00866992,443.844,cut,1164,1164,no
rKaHyPar,sat14_SAT_dat.k80-24_1_rule_1.cnf.hgr,no,no,4,2,0.03,0.00866914,492.41,cut,1164,1164,no
rKaHyPar,sat14_SAT_dat.k80-24_1_rule_1.cnf.hgr,no,no,5,2,0.03,0.0112281,407.747,cut,1164,1164,no
rKaHyPar,sat14_SAT_dat.k80-24_1_rule_1.cnf.hgr,no,no,6,2,0.03,0.00192099,385.175,cut,1164,1164,no
rKaHyPar,sat14_SAT_dat.k80-24_1_rule_1.cnf.hgr,no,no,7,2,0.03,0.0111842,396.171,cut,1164,1164,no
rKaHyPar,sat14_SAT_dat.k80-24_1_rule_1.cnf.hgr,no,no,8,2,0.03,0,340.404,cut,1164,1164,no
rKaHyPar,sat14_SAT_dat.k80-24_1_rule_1.cnf.hgr,no,no,9,2,0.03,0.00866914,413.645,cut,1164,1164,no
rKaHyPar,sat14_SAT_dat.k80-24_1_rule_1.cnf.hgr,no,no,0,32,0.03,0.0299078,1125.88,cut,43311,43259,no
rKaHyPar,sat14_SAT_dat.k80-24_1_rule_1.cnf.hgr,no,no,1,32,0.03,0.0298953,807.722,cut,42367,42275,no
rKaHyPar,sat14_SAT_dat.k80-24_1_rule_1.cnf.hgr,no,no,2,32,0.03,0.0296947,1164.85,cut,42940,42885,no
rKaHyPar,sat14_SAT_dat.k80-24_1_rule_1.cnf.hgr,no,no,3,32,0.03,0.0299956,1101.48,cut,41911,41891,no
rKaHyPar,sat14_SAT_dat.k80-24_1_rule_1.cnf.hgr,no,no,4,32,0.03,0.0297197,800.866,cut,41122,41111,no
rKaHyPar,sat14_SAT_dat.k80-24_1_rule_1.cnf.hgr,no,no,5,32,0.03,0.0291053,1129.11,cut,41424,41409,no
rKaHyPar,sat14_SAT_dat.k80-24_1_rule_1.cnf.hgr,no,no,6,32,0.03,0.0290175,784.578,cut,42629,42576,no
rKaHyPar,sat14_SAT_dat.k80-24_1_rule_1.cnf.hgr,no,no,7,32,0.03,0.0298828,1145.42,cut,43383,43316,no
rKaHyPar,sat14_SAT_dat.k80-24_1_rule_1.cnf.hgr,no,no,8,32,0.03,0.0299956,1078.5,cut,42644,42612,no
rKaHyPar,sat14_SAT_dat.k80-24_1_rule_1.cnf.hgr,no,no,9,32,0.03,0.0299956,1218.77,cut,43260,43174,no
rKaHyPar,sat14_SAT_dat.k80-24_1_rule_1.cnf.hgr,no,no,0,4,0.03,0.0289159,498.903,cut,3664,3664,no
rKaHyPar,sat14_SAT_dat.k80-24_1_rule_1.cnf.hgr,no,no,1,4,0.03,0.0288658,733.297,cut,3676,3676,no
rKaHyPar,sat14_SAT_dat.k80-24_1_rule_1.cnf.hgr,no,no,2,4,0.03,0.00203934,517.336,cut,3492,3492,no
rKaHyPar,sat14_SAT_dat.k80-24_1_rule_1.cnf.hgr,no,no,3,4,0.03,0.028847,755.721,cut,3680,3680,no
rKaHyPar,sat14_SAT_dat.k80-24_1_rule_1.cnf.hgr,no,no,4,4,0.03,0.0297561,495.127,cut,3632,3632,no
rKaHyPar,sat14_SAT_dat.k80-24_1_rule_1.cnf.hgr,no,no,5,4,0.03,0.0120526,541.135,cut,3492,3492,no
rKaHyPar,sat14_SAT_dat.k80-24_1_rule_1.cnf.hgr,no,no,6,4,0.03,0.0028905,527.687,cut,3492,3492,no
rKaHyPar,sat14_SAT_dat.k80-24_1_rule_1.cnf.hgr,no,no,7,4,0.03,0.024436,526.375,cut,3492,3492,no
rKaHyPar,sat14_SAT_dat.k80-24_1_rule_1.cnf.hgr,no,no,8,4,0.03,0.00189356,516.641,cut,3492,3492,no
rKaHyPar,sat14_SAT_dat.k80-24_1_rule_1.cnf.hgr,no,no,9,4,0.03,0.0294113,531.674,cut,3669,3669,no
rKaHyPar,sat14_SAT_dat.k80-24_1_rule_1.cnf.hgr,no,no,0,64,0.03,0.0299952,933.895,cut,79750,79342,no
rKaHyPar,sat14_SAT_dat.k80-24_1_rule_1.cnf.hgr,no,no,1,64,0.03,0.0299952,1362.17,cut,79168,78782,no
rKaHyPar,sat14_SAT_dat.k80-24_1_rule_1.cnf.hgr,no,no,2,64,0.03,0.0299952,980.674,cut,76320,76011,no
rKaHyPar,sat14_SAT_dat.k80-24_1_rule_1.cnf.hgr,no,no,3,64,0.03,0.0299952,1414.78,cut,79368,79048,no
rKaHyPar,sat14_SAT_dat.k80-24_1_rule_1.cnf.hgr,no,no,4,64,0.03,0.0299952,997.852,cut,77341,77031,no
rKaHyPar,sat14_SAT_dat.k80-24_1_rule_1.cnf.hgr,no,no,5,64,0.03,0.0299952,1382.06,cut,78022,77758,no
rKaHyPar,sat14_SAT_dat.k80-24_1_rule_1.cnf.hgr,no,no,6,64,0.03,0.0299952,1375.24,cut,78032,77645,no
rKaHyPar,sat14_SAT_dat.k80-24_1_rule_1.cnf.hgr,no,no,7,64,0.03,0.0299952,985.694,cut,78434,78175,no
rKaHyPar,sat14_SAT_dat.k80-24_1_rule_1.cnf.hgr,no,no,8,64,0.03,0.0299952,990.781,cut,78572,78177,no
rKaHyPar,sat14_SAT_dat.k80-24_1_rule_1.cnf.hgr,no,no,9,64,0.03,0.0299952,1409.93,cut,77847,77521,no
rKaHyPar,sat14_SAT_dat.k80-24_1_rule_1.cnf.hgr,no,no,0,8,0.03,0.0293563,844.655,cut,8757,8757,no
rKaHyPar,sat14_SAT_dat.k80-24_1_rule_1.cnf.hgr,no,no,1,8,0.03,0.0292215,852.156,cut,8623,8623,no
rKaHyPar,sat14_SAT_dat.k80-24_1_rule_1.cnf.hgr,no,no,2,8,0.03,0.0298642,849.862,cut,8354,8354,no
rKaHyPar,sat14_SAT_dat.k80-24_1_rule_1.cnf.hgr,no,no,3,8,0.03,0.0292215,594.619,cut,8615,8615,no
rKaHyPar,sat14_SAT_dat.k80-24_1_rule_1.cnf.hgr,no,no,4,8,0.03,0.0292215,862.391,cut,8687,8687,no
rKaHyPar,sat14_SAT_dat.k80-24_1_rule_1.cnf.hgr,no,no,5,8,0.03,0.0278609,618.957,cut,8148,8148,no
rKaHyPar,sat14_SAT_dat.k80-24_1_rule_1.cnf.hgr,no,no,6,8,0.03,0.0141797,618.36,cut,8148,8148,no
rKaHyPar,sat14_SAT_dat.k80-24_1_rule_1.cnf.hgr,no,no,7,8,0.03,0.0289457,618.947,cut,8621,8621,no
rKaHyPar,sat14_SAT_dat.k80-24_1_rule_1.cnf.hgr,no,no,8,8,0.03,0.0184841,582.494,cut,8148,8148,no
rKaHyPar,sat14_SAT_dat.k80-24_1_rule_1.cnf.hgr,no,no,9,8,0.03,0.029394,834.022,cut,8698,8698,no
rKaHyPar,sat14_SAT_dat.k80-24_1_rule_1.cnf.primal.hgr,no,no,0,128,0.03,0.0299466,481.957,cut,133472,132642,no
rKaHyPar,sat14_SAT_dat.k80-24_1_rule_1.cnf.primal.hgr,no,no,2,128,0.03,0.0299466,462.539,cut,135632,134846,no
rKaHyPar,sat14_SAT_dat.k80-24_1_rule_1.cnf.primal.hgr,no,no,3,128,0.03,0.0299466,637.143,cut,133503,132674,no
rKaHyPar,sat14_SAT_dat.k80-24_1_rule_1.cnf.primal.hgr,no,no,4,128,0.03,0.0299466,492.003,cut,135279,134426,no
rKaHyPar,sat14_SAT_dat.k80-24_1_rule_1.cnf.primal.hgr,no,no,5,128,0.03,0.0299466,473.376,cut,134417,133617,no
rKaHyPar,sat14_SAT_dat.k80-24_1_rule_1.cnf.primal.hgr,no,no,6,128,0.03,0.0299466,663.705,cut,134691,133808,no
rKaHyPar,sat14_SAT_dat.k80-24_1_rule_1.cnf.primal.hgr,no,no,7,128,0.03,0.0299466,706.194,cut,136123,135231,no
rKaHyPar,sat14_SAT_dat.k80-24_1_rule_1.cnf.primal.hgr,no,no,8,128,0.03,0.0299466,661.644,cut,134489,133683,no
rKaHyPar,sat14_SAT_dat.k80-24_1_rule_1.cnf.primal.hgr,no,no,9,128,0.03,0.0299466,512.179,cut,137285,136425,no
rKaHyPar,sat14_SAT_dat.k80-24_1_rule_1.cnf.primal.hgr,no,no,0,16,0.03,0.0299732,469.538,cut,20105,20105,no
rKaHyPar,sat14_SAT_dat.k80-24_1_rule_1.cnf.primal.hgr,no,no,1,16,0.03,0.0298867,495.33,cut,22141,22140,no
rKaHyPar,sat14_SAT_dat.k80-24_1_rule_1.cnf.primal.hgr,no,no,2,16,0.03,0.0299979,358.642,cut,20520,20520,no
rKaHyPar,sat14_SAT_dat.k80-24_1_rule_1.cnf.primal.hgr,no,no,3,16,0.03,0.0297384,483.321,cut,20220,20220,no
rKaHyPar,sat14_SAT_dat.k80-24_1_rule_1.cnf.primal.hgr,no,no,4,16,0.03,0.0299979,533.897,cut,21258,21258,no
rKaHyPar,sat14_SAT_dat.k80-24_1_rule_1.cnf.primal.hgr,no,no,5,16,0.03,0.0299979,373.99,cut,21575,21575,no
rKaHyPar,sat14_SAT_dat.k80-24_1_rule_1.cnf.primal.hgr,no,no,6,16,0.03,0.0299979,448.966,cut,21458,21458,no
rKaHyPar,sat14_SAT_dat.k80-24_1_rule_1.cnf.primal.hgr,no,no,7,16,0.03,0.0299732,519.219,cut,21685,21685,no
rKaHyPar,sat14_SAT_dat.k80-24_1_rule_1.cnf.primal.hgr,no,no,8,16,0.03,0.0297261,351.202,cut,20676,20675,no
rKaHyPar,sat14_SAT_dat.k80-24_1_rule_1.cnf.primal.hgr,no,no,9,16,0.03,0.0299979,535.02,cut,21159,21159,no
rKaHyPar,sat14_SAT_dat.k80-24_1_rule_1.cnf.primal.hgr,no,no,0,2,0.03,0.00578369,216.837,cut,1164,1164,no
rKaHyPar,sat14_SAT_dat.k80-24_1_rule_1.cnf.primal.hgr,no,no,1,2,0.03,0.00990871,247.414,cut,1164,1164,no
rKaHyPar,sat14_SAT_dat.k80-24_1_rule_1.cnf.primal.hgr,no,no,2,2,0.03,0.000427792,239.301,cut,1164,1164,no
rKaHyPar,sat14_SAT_dat.k80-24_1_rule_1.cnf.primal.hgr,no,no,3,2,0.03,0.00152275,261.509,cut,1164,1164,no
rKaHyPar,sat14_SAT_dat.k80-24_1_rule_1.cnf.primal.hgr,no,no,4,2,0.03,0.00185325,307.523,cut,1164,1164,no
rKaHyPar,sat14_SAT_dat.k80-24_1_rule_1.cnf.primal.hgr,no,no,5,2,0.03,0.00578369,210.106,cut,1164,1164,no
rKaHyPar,sat14_SAT_dat.k80-24_1_rule_1.cnf.primal.hgr,no,no,6,2,0.03,0.00367407,180.146,cut,1164,1164,no
rKaHyPar,sat14_SAT_dat.k80-24_1_rule_1.cnf.primal.hgr,no,no,7,2,0.03,0.000138994,192.757,cut,1164,1164,no
rKaHyPar,sat14_SAT_dat.k80-24_1_rule_1.cnf.primal.hgr,no,no,8,2,0.03,0.00192584,185.736,cut,1164,1164,no
rKaHyPar,sat14_SAT_dat.k80-24_1_rule_1.cnf.primal.hgr,no,no,9,2,0.03,0.00185171,224.083,cut,1164,1164,no
rKaHyPar,sat14_SAT_dat.k80-24_1_rule_1.cnf.primal.hgr,no,no,0,32,0.03,0.0299975,574.249,cut,45389,45364,no
rKaHyPar,sat14_SAT_dat.k80-24_1_rule_1.cnf.primal.hgr,no,no,1,32,0.03,0.0299975,403.377,cut,45227,45201,no
rKaHyPar,sat14_SAT_dat.k80-24_1_rule_1.cnf.primal.hgr,no,no,2,32,0.03,0.0299975,567.84,cut,44831,44795,no
rKaHyPar,sat14_SAT_dat.k80-24_1_rule_1.cnf.primal.hgr,no,no,3,32,0.03,0.0299975,555.876,cut,44070,44035,no
rKaHyPar,sat14_SAT_dat.k80-24_1_rule_1.cnf.primal.hgr,no,no,4,32,0.03,0.0298987,457.898,cut,44942,44894,no
rKaHyPar,sat14_SAT_dat.k80-24_1_rule_1.cnf.primal.hgr,no,no,5,32,0.03,0.0299975,545.082,cut,45816,45785,no
rKaHyPar,sat14_SAT_dat.k80-24_1_rule_1.cnf.primal.hgr,no,no,6,32,0.03,0.0299975,438.59,cut,44573,44539,no
rKaHyPar,sat14_SAT_dat.k80-24_1_rule_1.cnf.primal.hgr,no,no,7,32,0.03,0.0299975,549.829,cut,44784,44758,no
rKaHyPar,sat14_SAT_dat.k80-24_1_rule_1.cnf.primal.hgr,no,no,8,32,0.03,0.0298493,517.412,cut,43148,43100,no
rKaHyPar,sat14_SAT_dat.k80-24_1_rule_1.cnf.primal.hgr,no,no,9,32,0.03,0.0299975,583.187,cut,43789,43769,no
rKaHyPar,sat14_SAT_dat.k80-24_1_rule_1.cnf.primal.hgr,no,no,0,4,0.03,0.0268968,348.868,cut,3492,3492,no
rKaHyPar,sat14_SAT_dat.k80-24_1_rule_1.cnf.primal.hgr,no,no,1,4,0.03,0.0210683,360.007,cut,3492,3492,no
rKaHyPar,sat14_SAT_dat.k80-24_1_rule_1.cnf.primal.hgr,no,no,2,4,0.03,0.0146499,263.564,cut,3492,3492,no
rKaHyPar,sat14_SAT_dat.k80-24_1_rule_1.cnf.primal.hgr,no,no,3,4,0.03,0.0178962,342.938,cut,3492,3492,no
rKaHyPar,sat14_SAT_dat.k80-24_1_rule_1.cnf.primal.hgr,no,no,4,4,0.03,0.0184769,271.429,cut,3492,3492,no
rKaHyPar,sat14_SAT_dat.k80-24_1_rule_1.cnf.primal.hgr,no,no,5,4,0.03,0.0178931,357.279,cut,3492,3492,no
rKaHyPar,sat14_SAT_dat.k80-24_1_rule_1.cnf.primal.hgr,no,no,6,4,0.03,0.0192861,266.031,cut,3492,3492,no
rKaHyPar,sat14_SAT_dat.k80-24_1_rule_1.cnf.primal.hgr,no,no,7,4,0.03,0.0227208,275.467,cut,3492,3492,no
rKaHyPar,sat14_SAT_dat.k80-24_1_rule_1.cnf.primal.hgr,no,no,8,4,0.03,0.0233478,281.527,cut,3492,3492,no
rKaHyPar,sat14_SAT_dat.k80-24_1_rule_1.cnf.primal.hgr,no,no,9,4,0.03,0.0127658,260.121,cut,3492,3492,no
rKaHyPar,sat14_SAT_dat.k80-24_1_rule_1.cnf.primal.hgr,no,no,0,64,0.03,0.0299975,456.963,cut,79485,79276,no
rKaHyPar,sat14_SAT_dat.k80-24_1_rule_1.cnf.primal.hgr,no,no,1,64,0.03,0.0299975,624.265,cut,79489,79259,no
rKaHyPar,sat14_SAT_dat.k80-24_1_rule_1.cnf.primal.hgr,no,no,2,64,0.03,0.0299975,435.488,cut,77556,77372,no
rKaHyPar,sat14_SAT_dat.k80-24_1_rule_1.cnf.primal.hgr,no,no,3,64,0.03,0.0299975,657.423,cut,78216,78000,no
rKaHyPar,sat14_SAT_dat.k80-24_1_rule_1.cnf.primal.hgr,no,no,4,64,0.03,0.0299975,444.733,cut,78983,78760,no
rKaHyPar,sat14_SAT_dat.k80-24_1_rule_1.cnf.primal.hgr,no,no,5,64,0.03,0.0299975,634.659,cut,77392,77183,no
rKaHyPar,sat14_SAT_dat.k80-24_1_rule_1.cnf.primal.hgr,no,no,6,64,0.03,0.0299975,641.534,cut,79686,79489,no
rKaHyPar,sat14_SAT_dat.k80-24_1_rule_1.cnf.primal.hgr,no,no,7,64,0.03,0.0299975,690.096,cut,78451,78234,no
rKaHyPar,sat14_SAT_dat.k80-24_1_rule_1.cnf.primal.hgr,no,no,9,64,0.03,0.0299975,658.035,cut,79073,78891,no
rKaHyPar,sat14_SAT_dat.k80-24_1_rule_1.cnf.primal.hgr,no,no,0,8,0.03,0.0291763,410.867,cut,8455,8455,no
rKaHyPar,sat14_SAT_dat.k80-24_1_rule_1.cnf.primal.hgr,no,no,1,8,0.03,0.0213247,411.361,cut,8788,8788,no
rKaHyPar,sat14_SAT_dat.k80-24_1_rule_1.cnf.primal.hgr,no,no,2,8,0.03,0.0262296,393.701,cut,8762,8762,no
rKaHyPar,sat14_SAT_dat.k80-24_1_rule_1.cnf.primal.hgr,no,no,3,8,0.03,0.02652,286.447,cut,9615,9615,no
rKaHyPar,sat14_SAT_dat.k80-24_1_rule_1.cnf.primal.hgr,no,no,4,8,0.03,0.0231409,422.71,cut,9029,9029,no
rKaHyPar,sat14_SAT_dat.k80-24_1_rule_1.cnf.primal.hgr,no,no,5,8,0.03,0.0286759,303.922,cut,8768,8768,no
rKaHyPar,sat14_SAT_dat.k80-24_1_rule_1.cnf.primal.hgr,no,no,6,8,0.03,0.0278728,294.202,cut,8585,8585,no
rKaHyPar,sat14_SAT_dat.k80-24_1_rule_1.cnf.primal.hgr,no,no,7,8,0.03,0.0264397,307.149,cut,8762,8762,no
rKaHyPar,sat14_SAT_dat.k80-24_1_rule_1.cnf.primal.hgr,no,no,8,8,0.03,0.0247965,404.735,cut,8455,8455,no
rKaHyPar,sat14_SAT_dat.k80-24_1_rule_1.cnf.primal.hgr,no,no,9,8,0.03,0.0215594,410.646,cut,8455,8455,no
rKaHyPar,sat14_SAT_dat.k85-24_1_rule_2.cnf.dual.hgr,no,no,0,128,0.03,0.0298458,1033.88,cut,45570,34342,no
rKaHyPar,sat14_SAT_dat.k85-24_1_rule_2.cnf.dual.hgr,no,no,2,128,0.03,0.0297509,1024.37,cut,44983,34097,no
rKaHyPar,sat14_SAT_dat.k85-24_1_rule_2.cnf.dual.hgr,no,no,3,128,0.03,0.0299881,1474,cut,45050,34116,no
rKaHyPar,sat14_SAT_dat.k85-24_1_rule_2.cnf.dual.hgr,no,no,4,128,0.03,0.0295136,1479.56,cut,45143,34420,no
rKaHyPar,sat14_SAT_dat.k85-24_1_rule_2.cnf.dual.hgr,no,no,5,128,0.03,0.0298932,1031.29,cut,44701,34342,no
rKaHyPar,sat14_SAT_dat.k85-24_1_rule_2.cnf.dual.hgr,no,no,6,128,0.03,0.029395,1477.67,cut,45263,34299,no
rKaHyPar,sat14_SAT_dat.k85-24_1_rule_2.cnf.dual.hgr,no,no,7,128,0.03,0.0299407,1037.41,cut,45048,34235,no
rKaHyPar,sat14_SAT_dat.k85-24_1_rule_2.cnf.dual.hgr,no,no,8,128,0.03,0.0299881,1033.39,cut,45241,34382,no
rKaHyPar,sat14_SAT_dat.k85-24_1_rule_2.cnf.dual.hgr,no,no,9,128,0.03,0.0299881,1043.42,cut,45176,34339,no
rKaHyPar,sat14_SAT_dat.k85-24_1_rule_2.cnf.dual.hgr,no,no,0,16,0.03,0.0294845,1008.95,cut,8993,8892,no
rKaHyPar,sat14_SAT_dat.k85-24_1_rule_2.cnf.dual.hgr,no,no,1,16,0.03,0.0299827,1012.68,cut,8979,8890,no
rKaHyPar,sat14_SAT_dat.k85-24_1_rule_2.cnf.dual.hgr,no,no,2,16,0.03,0.0291613,708.092,cut,8975,8870,no
rKaHyPar,sat14_SAT_dat.k85-24_1_rule_2.cnf.dual.hgr,no,no,3,16,0.03,0.0299798,1008.09,cut,8983,8867,no
rKaHyPar,sat14_SAT_dat.k85-24_1_rule_2.cnf.dual.hgr,no,no,4,16,0.03,0.0299649,708.876,cut,9016,8887,no
rKaHyPar,sat14_SAT_dat.k85-24_1_rule_2.cnf.dual.hgr,no,no,5,16,0.03,0.0297069,711.787,cut,9024,8890,no
rKaHyPar,sat14_SAT_dat.k85-24_1_rule_2.cnf.dual.hgr,no,no,6,16,0.03,0.0293985,709.616,cut,9014,8875,no
rKaHyPar,sat14_SAT_dat.k85-24_1_rule_2.cnf.dual.hgr,no,no,7,16,0.03,0.0297069,1015.31,cut,9032,8898,no
rKaHyPar,sat14_SAT_dat.k85-24_1_rule_2.cnf.dual.hgr,no,no,8,16,0.03,0.0298463,713.156,cut,8960,8859,no
rKaHyPar,sat14_SAT_dat.k85-24_1_rule_2.cnf.dual.hgr,no,no,9,16,0.03,0.0298908,1010.2,cut,8982,8882,no
rKaHyPar,sat14_SAT_dat.k85-24_1_rule_2.cnf.dual.hgr,no,no,0,2,0.03,0.0084966,345.34,cut,580,580,no
rKaHyPar,sat14_SAT_dat.k85-24_1_rule_2.cnf.dual.hgr,no,no,1,2,0.03,0.00849697,332.242,cut,580,580,no
rKaHyPar,sat14_SAT_dat.k85-24_1_rule_2.cnf.dual.hgr,no,no,2,2,0.03,0.00227947,473.824,cut,580,580,no
rKaHyPar,sat14_SAT_dat.k85-24_1_rule_2.cnf.dual.hgr,no,no,3,2,0.03,0.0026094,367.529,cut,580,580,no
rKaHyPar,sat14_SAT_dat.k85-24_1_rule_2.cnf.dual.hgr,no,no,4,2,0.03,0.0114741,337.906,cut,580,580,no
rKaHyPar,sat14_SAT_dat.k85-24_1_rule_2.cnf.dual.hgr,no,no,5,2,0.03,0.0114741,330.126,cut,580,580,no
rKaHyPar,sat14_SAT_dat.k85-24_1_rule_2.cnf.dual.hgr,no,no,6,2,0.03,0.00125744,319.978,cut,580,580,no
rKaHyPar,sat14_SAT_dat.k85-24_1_rule_2.cnf.dual.hgr,no,no,7,2,0.03,0.0114741,342.501,cut,580,580,no
rKaHyPar,sat14_SAT_dat.k85-24_1_rule_2.cnf.dual.hgr,no,no,8,2,0.03,0.0114741,337.159,cut,580,580,no
rKaHyPar,sat14_SAT_dat.k85-24_1_rule_2.cnf.dual.hgr,no,no,9,2,0.03,0.0114741,344.94,cut,580,580,no
rKaHyPar,sat14_SAT_dat.k85-24_1_rule_2.cnf.dual.hgr,no,no,0,32,0.03,0.0299887,818.317,cut,14129,13157,no
rKaHyPar,sat14_SAT_dat.k85-24_1_rule_2.cnf.dual.hgr,no,no,1,32,0.03,0.0298226,840.328,cut,14410,13359,no
rKaHyPar,sat14_SAT_dat.k85-24_1_rule_2.cnf.dual.hgr,no,no,2,32,0.03,0.0298641,1154.97,cut,14049,13068,no
rKaHyPar,sat14_SAT_dat.k85-24_1_rule_2.cnf.dual.hgr,no,no,3,32,0.03,0.0299116,822.529,cut,14228,13234,no
rKaHyPar,sat14_SAT_dat.k85-24_1_rule_2.cnf.dual.hgr,no,no,4,32,0.03,0.0299412,812.532,cut,14389,13192,no
rKaHyPar,sat14_SAT_dat.k85-24_1_rule_2.cnf.dual.hgr,no,no,5,32,0.03,0.0298997,1170.74,cut,14178,13261,no
rKaHyPar,sat14_SAT_dat.k85-24_1_rule_2.cnf.dual.hgr,no,no,6,32,0.03,0.0297514,1167.49,cut,14230,13185,no
rKaHyPar,sat14_SAT_dat.k85-24_1_rule_2.cnf.dual.hgr,no,no,7,32,0.03,0.0296506,1158.94,cut,14191,13215,no
rKaHyPar,sat14_SAT_dat.k85-24_1_rule_2.cnf.dual.hgr,no,no,8,32,0.03,0.0295498,1192.63,cut,14041,13196,no
rKaHyPar,sat14_SAT_dat.k85-24_1_rule_2.cnf.dual.hgr,no,no,9,32,0.03,0.029959,813.633,cut,14236,13070,no
rKaHyPar,sat14_SAT_dat.k85-24_1_rule_2.cnf.dual.hgr,no,no,0,4,0.03,0.00955755,495.658,cut,1740,1740,no
rKaHyPar,sat14_SAT_dat.k85-24_1_rule_2.cnf.dual.hgr,no,no,1,4,0.03,0.0288484,702.668,cut,1754,1740,no
rKaHyPar,sat14_SAT_dat.k85-24_1_rule_2.cnf.dual.hgr,no,no,2,4,0.03,0.00387388,484.108,cut,1742,1740,no
rKaHyPar,sat14_SAT_dat.k85-24_1_rule_2.cnf.dual.hgr,no,no,3,4,0.03,0.00379084,487.374,cut,1746,1740,no
rKaHyPar,sat14_SAT_dat.k85-24_1_rule_2.cnf.dual.hgr,no,no,4,4,0.03,0.0142159,497.779,cut,1740,1740,no
rKaHyPar,sat14_SAT_dat.k85-24_1_rule_2.cnf.dual.hgr,no,no,5,4,0.03,0.0223988,496.982,cut,1746,1740,no
rKaHyPar,sat14_SAT_dat.k85-24_1_rule_2.cnf.dual.hgr,no,no,6,4,0.03,0.0141773,484.24,cut,1746,1740,no
rKaHyPar,sat14_SAT_dat.k85-24_1_rule_2.cnf.dual.hgr,no,no,7,4,0.03,0.0119968,506.49,cut,1740,1740,no
rKaHyPar,sat14_SAT_dat.k85-24_1_rule_2.cnf.dual.hgr,no,no,8,4,0.03,0.0172052,502.763,cut,1740,1740,no
rKaHyPar,sat14_SAT_dat.k85-24_1_rule_2.cnf.dual.hgr,no,no,9,4,0.03,0.01394,693.498,cut,1746,1740,no
rKaHyPar,sat14_SAT_dat.k85-24_1_rule_2.cnf.dual.hgr,no,no,0,64,0.03,0.0299055,928.695,cut,26450,22823,no
rKaHyPar,sat14_SAT_dat.k85-24_1_rule_2.cnf.dual.hgr,no,no,1,64,0.03,0.0297987,1320.59,cut,26452,22791,no
rKaHyPar,sat14_SAT_dat.k85-24_1_rule_2.cnf.dual.hgr,no,no,2,64,0.03,0.0299885,929.377,cut,26359,22634,no
rKaHyPar,sat14_SAT_dat.k85-24_1_rule_2.cnf.dual.hgr,no,no,3,64,0.03,0.0297868,1312.27,cut,26545,22559,no
rKaHyPar,sat14_SAT_dat.k85-24_1_rule_2.cnf.dual.hgr,no,no,4,64,0.03,0.0299885,914.892,cut,25829,22589,no
rKaHyPar,sat14_SAT_dat.k85-24_1_rule_2.cnf.dual.hgr,no,no,5,64,0.03,0.029858,939.661,cut,26461,22778,no
rKaHyPar,sat14_SAT_dat.k85-24_1_rule_2.cnf.dual.hgr,no,no,6,64,0.03,0.0298699,1313.23,cut,26223,22630,no
rKaHyPar,sat14_SAT_dat.k85-24_1_rule_2.cnf.dual.hgr,no,no,7,64,0.03,0.0276278,919.123,cut,26049,22563,no
rKaHyPar,sat14_SAT_dat.k85-24_1_rule_2.cnf.dual.hgr,no,no,8,64,0.03,0.0294428,926.427,cut,26331,22471,no
rKaHyPar,sat14_SAT_dat.k85-24_1_rule_2.cnf.dual.hgr,no,no,9,64,0.03,0.029941,1325.66,cut,26677,22878,no
rKaHyPar,sat14_SAT_dat.k85-24_1_rule_2.cnf.dual.hgr,no,no,0,8,0.03,0.0290456,865.579,cut,4149,4123,no
rKaHyPar,sat14_SAT_dat.k85-24_1_rule_2.cnf.dual.hgr,no,no,1,8,0.03,0.0290456,853.319,cut,4169,4141,no
rKaHyPar,sat14_SAT_dat.k85-24_1_rule_2.cnf.dual.hgr,no,no,2,8,0.03,0.0274263,602.525,cut,4160,4143,no
rKaHyPar,sat14_SAT_dat.k85-24_1_rule_2.cnf.dual.hgr,no,no,3,8,0.03,0.0290471,619.188,cut,4154,4134,no
rKaHyPar,sat14_SAT_dat.k85-24_1_rule_2.cnf.dual.hgr,no,no,4,8,0.03,0.0295156,867.675,cut,4156,4144,no
rKaHyPar,sat14_SAT_dat.k85-24_1_rule_2.cnf.dual.hgr,no,no,5,8,0.03,0.029532,628.076,cut,4157,4137,no
rKaHyPar,sat14_SAT_dat.k85-24_1_rule_2.cnf.dual.hgr,no,no,6,8,0.03,0.0295305,617.552,cut,4171,4137,no
rKaHyPar,sat14_SAT_dat.k85-24_1_rule_2.cnf.dual.hgr,no,no,7,8,0.03,0.0295824,620.126,cut,4164,4132,no
rKaHyPar,sat14_SAT_dat.k85-24_1_rule_2.cnf.dual.hgr,no,no,8,8,0.03,0.0283487,616.957,cut,4176,4128,no
rKaHyPar,sat14_SAT_dat.k85-24_1_rule_2.cnf.dual.hgr,no,no,9,8,0.03,0.0277704,870.768,cut,4141,4129,no
rKaHyPar,sat14_SAT_dat.k85-24_1_rule_2.cnf.hgr,no,no,0,128,0.03,0.0299613,1123.33,cut,137078,135408,no
rKaHyPar,sat14_SAT_dat.k85-24_1_rule_2.cnf.hgr,no,no,2,128,0.03,0.0299613,1071.86,cut,136030,134570,no
rKaHyPar,sat14_SAT_dat.k85-24_1_rule_2.cnf.hgr,no,no,3,128,0.03,0.0299613,1511.89,cut,135626,134037,no
rKaHyPar,sat14_SAT_dat.k85-24_1_rule_2.cnf.hgr,no,no,4,128,0.03,0.0299613,1527.11,cut,134516,133202,no
rKaHyPar,sat14_SAT_dat.k85-24_1_rule_2.cnf.hgr,no,no,5,128,0.03,0.0299613,1091.33,cut,137113,135641,no
rKaHyPar,sat14_SAT_dat.k85-24_1_rule_2.cnf.hgr,no,no,6,128,0.03,0.0299613,1517.76,cut,136658,135134,no
rKaHyPar,sat14_SAT_dat.k85-24_1_rule_2.cnf.hgr,no,no,7,128,0.03,0.0299613,1080.88,cut,134934,133622,no
rKaHyPar,sat14_SAT_dat.k85-24_1_rule_2.cnf.hgr,no,no,8,128,0.03,0.0299613,1596.16,cut,136209,134851,no
rKaHyPar,sat14_SAT_dat.k85-24_1_rule_2.cnf.hgr,no,no,9,128,0.03,0.0299613,1069.13,cut,137110,135497,no
rKaHyPar,sat14_SAT_dat.k85-24_1_rule_2.cnf.hgr,no,no,0,16,0.03,0.0243644,1097.16,cut,19134,19128,no
rKaHyPar,sat14_SAT_dat.k85-24_1_rule_2.cnf.hgr,no,no,1,16,0.03,0.0266999,1357.03,cut,19637,19631,no
rKaHyPar,sat14_SAT_dat.k85-24_1_rule_2.cnf.hgr,no,no,2,16,0.03,0.0268297,744.337,cut,19458,19458,no
rKaHyPar,sat14_SAT_dat.k85-24_1_rule_2.cnf.hgr,no,no,3,16,0.03,0.0255734,1129.05,cut,20377,20367,no
rKaHyPar,sat14_SAT_dat.k85-24_1_rule_2.cnf.hgr,no,no,4,16,0.03,0.0258211,988.473,cut,20079,20073,no
rKaHyPar,sat14_SAT_dat.k85-24_1_rule_2.cnf.hgr,no,no,5,16,0.03,0.0245354,960.042,cut,19454,19454,no
rKaHyPar,sat14_SAT_dat.k85-24_1_rule_2.cnf.hgr,no,no,6,16,0.03,0.0261868,987.04,cut,19594,19583,no
rKaHyPar,sat14_SAT_dat.k85-24_1_rule_2.cnf.hgr,no,no,7,16,0.03,0.0262635,1123.29,cut,19533,19522,no
rKaHyPar,sat14_SAT_dat.k85-24_1_rule_2.cnf.hgr,no,no,8,16,0.03,0.0263579,915.306,cut,19444,19438,no
rKaHyPar,sat14_SAT_dat.k85-24_1_rule_2.cnf.hgr,no,no,9,16,0.03,0.0237274,1331.79,cut,19460,19460,no
rKaHyPar,sat14_SAT_dat.k85-24_1_rule_2.cnf.hgr,no,no,0,2,0.03,0.000455616,443.606,cut,1164,1164,no
rKaHyPar,sat14_SAT_dat.k85-24_1_rule_2.cnf.hgr,no,no,1,2,0.03,0.000376731,453.352,cut,1164,1164,no
rKaHyPar,sat14_SAT_dat.k85-24_1_rule_2.cnf.hgr,no,no,2,2,0.03,0.00178339,620.533,cut,1164,1164,no
rKaHyPar,sat14_SAT_dat.k85-24_1_rule_2.cnf.hgr,no,no,3,2,0.03,4.64463e-05,465.623,cut,1164,1164,no
rKaHyPar,sat14_SAT_dat.k85-24_1_rule_2.cnf.hgr,no,no,4,2,0.03,0.00457165,411.291,cut,1164,1164,no
rKaHyPar,sat14_SAT_dat.k85-24_1_rule_2.cnf.hgr,no,no,5,2,0.03,0.00457165,356.958,cut,1164,1164,no
rKaHyPar,sat14_SAT_dat.k85-24_1_rule_2.cnf.hgr,no,no,6,2,0.03,0.000455616,463.091,cut,1164,1164,no
rKaHyPar,sat14_SAT_dat.k85-24_1_rule_2.cnf.hgr,no,no,7,2,0.03,7.51988e-05,415.851,cut,1164,1164,no
rKaHyPar,sat14_SAT_dat.k85-24_1_rule_2.cnf.hgr,no,no,8,2,0.03,0.000863312,443.864,cut,1164,1164,no
rKaHyPar,sat14_SAT_dat.k85-24_1_rule_2.cnf.hgr,no,no,9,2,0.03,3.46504e-05,388.838,cut,1164,1164,no
rKaHyPar,sat14_SAT_dat.k85-24_1_rule_2.cnf.hgr,no,no,0,32,0.03,0.0299967,1185.91,cut,47042,46988,no
rKaHyPar,sat14_SAT_dat.k85-24_1_rule_2.cnf.hgr,no,no,1,32,0.03,0.0299141,1192.09,cut,46896,46811,no
rKaHyPar,sat14_SAT_dat.k85-24_1_rule_2.cnf.hgr,no,no,2,32,0.03,0.028593,1612.72,cut,45272,45217,no
rKaHyPar,sat14_SAT_dat.k85-24_1_rule_2.cnf.hgr,no,no,3,32,0.03,0.0299967,1057.12,cut,46511,46466,no
rKaHyPar,sat14_SAT_dat.k85-24_1_rule_2.cnf.hgr,no,no,4,32,0.03,0.0299967,1012.7,cut,46481,46453,no
rKaHyPar,sat14_SAT_dat.k85-24_1_rule_2.cnf.hgr,no,no,5,32,0.03,0.0299967,1523.63,cut,45553,45474,no
rKaHyPar,sat14_SAT_dat.k85-24_1_rule_2.cnf.hgr,no,no,6,32,0.03,0.0299967,1650,cut,45985,45911,no
rKaHyPar,sat14_SAT_dat.k85-24_1_rule_2.cnf.hgr,no,no,7,32,0.03,0.0299967,1475.13,cut,47212,47157,no
rKaHyPar,sat14_SAT_dat.k85-24_1_rule_2.cnf.hgr,no,no,8,32,0.03,0.0299967,1826.56,cut,47285,47213,no
rKaHyPar,sat14_SAT_dat.k85-24_1_rule_2.cnf.hgr,no,no,9,32,0.03,0.029631,1063.71,cut,47046,46983,no
rKaHyPar,sat14_SAT_dat.k85-24_1_rule_2.cnf.hgr,no,no,0,4,0.03,0.0181052,799.107,cut,3492,3492,no
rKaHyPar,sat14_SAT_dat.k85-24_1_rule_2.cnf.hgr,no,no,1,4,0.03,0.0187319,778.318,cut,3492,3492,no
rKaHyPar,sat14_SAT_dat.k85-24_1_rule_2.cnf.hgr,no,no,2,4,0.03,0.0200648,548.72,cut,3492,3492,no
rKaHyPar,sat14_SAT_dat.k85-24_1_rule_2.cnf.hgr,no,no,3,4,0.03,0.0186817,523.804,cut,3492,3492,no
rKaHyPar,sat14_SAT_dat.k85-24_1_rule_2.cnf.hgr,no,no,4,4,0.03,0.0181052,578.297,cut,3492,3492,no
rKaHyPar,sat14_SAT_dat.k85-24_1_rule_2.cnf.hgr,no,no,5,4,0.03,0.0183824,699.213,cut,3492,3492,no
rKaHyPar,sat14_SAT_dat.k85-24_1_rule_2.cnf.hgr,no,no,6,4,0.03,0.0188823,603.282,cut,3492,3492,no
rKaHyPar,sat14_SAT_dat.k85-24_1_rule_2.cnf.hgr,no,no,7,4,0.03,0.0184901,551.389,cut,3492,3492,no
rKaHyPar,sat14_SAT_dat.k85-24_1_rule_2.cnf.hgr,no,no,8,4,0.03,0.0175508,603.592,cut,3492,3492,no
rKaHyPar,sat14_SAT_dat.k85-24_1_rule_2.cnf.hgr,no,no,9,4,0.03,0.0181362,739.883,cut,3492,3492,no
rKaHyPar,sat14_SAT_dat.k85-24_1_rule_2.cnf.hgr,no,no,0,64,0.03,0.0299849,1046.69,cut,72948,72542,no
rKaHyPar,sat14_SAT_dat.k85-24_1_rule_2.cnf.hgr,no,no,1,64,0.03,0.0299849,1398.24,cut,73738,73366,no
rKaHyPar,sat14_SAT_dat.k85-24_1_rule_2.cnf.hgr,no,no,2,64,0.03,0.0299849,973.719,cut,73318,72928,no
rKaHyPar,sat14_SAT_dat.k85-24_1_rule_2.cnf.hgr,no,no,3,64,0.03,0.0299849,1392.75,cut,72136,71810,no
rKaHyPar,sat14_SAT_dat.k85-24_1_rule_2.cnf.hgr,no,no,4,64,0.03,0.0299849,984.283,cut,75381,75007,no
rKaHyPar,sat14_SAT_dat.k85-24_1_rule_2.cnf.hgr,no,no,5,64,0.03,0.0299849,978.419,cut,72664,72292,no
rKaHyPar,sat14_SAT_dat.k85-24_1_rule_2.cnf.hgr,no,no,6,64,0.03,0.0299849,1422.52,cut,74334,73906,no
rKaHyPar,sat14_SAT_dat.k85-24_1_rule_2.cnf.hgr,no,no,7,64,0.03,0.0299849,1382,cut,72696,72332,no
rKaHyPar,sat14_SAT_dat.k85-24_1_rule_2.cnf.hgr,no,no,8,64,0.03,0.0299849,1469.76,cut,74212,73861,no
rKaHyPar,sat14_SAT_dat.k85-24_1_rule_2.cnf.hgr,no,no,9,64,0.03,0.0299849,1372.16,cut,73343,73002,no
rKaHyPar,sat14_SAT_dat.k85-24_1_rule_2.cnf.hgr,no,no,0,8,0.03,0.0215305,934.26,cut,8356,8356,no
rKaHyPar,sat14_SAT_dat.k85-24_1_rule_2.cnf.hgr,no,no,1,8,0.03,0.0183839,891.135,cut,8148,8148,no
rKaHyPar,sat14_SAT_dat.k85-24_1_rule_2.cnf.hgr,no,no,2,8,0.03,0.0183839,630.261,cut,8372,8372,no
rKaHyPar,sat14_SAT_dat.k85-24_1_rule_2.cnf.hgr,no,no,3,8,0.03,0.0181391,620.026,cut,8328,8328,no
rKaHyPar,sat14_SAT_dat.k85-24_1_rule_2.cnf.hgr,no,no,4,8,0.03,0.0290209,912.066,cut,8870,8870,no
rKaHyPar,sat14_SAT_dat.k85-24_1_rule_2.cnf.hgr,no,no,5,8,0.03,0.0183869,615.466,cut,8330,8330,no
rKaHyPar,sat14_SAT_dat.k85-24_1_rule_2.cnf.hgr,no,no,6,8,0.03,0.0248215,665.935,cut,8437,8428,no
rKaHyPar,sat14_SAT_dat.k85-24_1_rule_2.cnf.hgr,no,no,7,8,0.03,0.0191418,649.303,cut,8354,8354,no
rKaHyPar,sat14_SAT_dat.k85-24_1_rule_2.cnf.hgr,no,no,8,8,0.03,0.018381,674.818,cut,8308,8308,no
rKaHyPar,sat14_SAT_dat.k85-24_1_rule_2.cnf.hgr,no,no,9,8,0.03,0.0247684,937.662,cut,8575,8575,no
rKaHyPar,sat14_SAT_dat.k85-24_1_rule_2.cnf.primal.hgr,no,no,0,128,0.03,0.0299368,523.487,cut,133186,132487,no
rKaHyPar,sat14_SAT_dat.k85-24_1_rule_2.cnf.primal.hgr,no,no,2,128,0.03,0.0299368,508.979,cut,135567,134834,no
rKaHyPar,sat14_SAT_dat.k85-24_1_rule_2.cnf.primal.hgr,no,no,3,128,0.03,0.0299368,505.882,cut,134180,133520,no
rKaHyPar,sat14_SAT_dat.k85-24_1_rule_2.cnf.primal.hgr,no,no,4,128,0.03,0.0299368,703.642,cut,134836,134110,no
rKaHyPar,sat14_SAT_dat.k85-24_1_rule_2.cnf.primal.hgr,no,no,5,128,0.03,0.0299368,501.943,cut,135039,134390,no
rKaHyPar,sat14_SAT_dat.k85-24_1_rule_2.cnf.primal.hgr,no,no,6,128,0.03,0.0299368,507.74,cut,135055,134407,no
rKaHyPar,sat14_SAT_dat.k85-24_1_rule_2.cnf.primal.hgr,no,no,7,128,0.03,0.0299368,502.676,cut,135327,134620,no
rKaHyPar,sat14_SAT_dat.k85-24_1_rule_2.cnf.primal.hgr,no,no,8,128,0.03,0.0299368,508.196,cut,133419,132809,no
rKaHyPar,sat14_SAT_dat.k85-24_1_rule_2.cnf.primal.hgr,no,no,9,128,0.03,0.0299368,498.79,cut,133554,132945,no
rKaHyPar,sat14_SAT_dat.k85-24_1_rule_2.cnf.primal.hgr,no,no,0,16,0.03,0.0114709,378.594,cut,18995,18995,no
rKaHyPar,sat14_SAT_dat.k85-24_1_rule_2.cnf.primal.hgr,no,no,1,16,0.03,0.0121333,671.775,cut,19897,19897,no
rKaHyPar,sat14_SAT_dat.k85-24_1_rule_2.cnf.primal.hgr,no,no,2,16,0.03,0.027393,399.43,cut,19559,19559,no
rKaHyPar,sat14_SAT_dat.k85-24_1_rule_2.cnf.primal.hgr,no,no,3,16,0.03,0.0114709,406.512,cut,19589,19589,no
rKaHyPar,sat14_SAT_dat.k85-24_1_rule_2.cnf.primal.hgr,no,no,4,16,0.03,0.0137488,385.112,cut,19610,19610,no
rKaHyPar,sat14_SAT_dat.k85-24_1_rule_2.cnf.primal.hgr,no,no,5,16,0.03,0.0113547,390.137,cut,19607,19607,no
rKaHyPar,sat14_SAT_dat.k85-24_1_rule_2.cnf.primal.hgr,no,no,6,16,0.03,0.0131328,513.982,cut,19302,19302,no
rKaHyPar,sat14_SAT_dat.k85-24_1_rule_2.cnf.primal.hgr,no,no,7,16,0.03,0.0224885,503.591,cut,19001,19001,no
rKaHyPar,sat14_SAT_dat.k85-24_1_rule_2.cnf.primal.hgr,no,no,8,16,0.03,0.029973,398.916,cut,19570,19570,no
rKaHyPar,sat14_SAT_dat.k85-24_1_rule_2.cnf.primal.hgr,no,no,9,16,0.03,0.0127609,355.486,cut,18995,18995,no
rKaHyPar,sat14_SAT_dat.k85-24_1_rule_2.cnf.primal.hgr,no,no,0,2,0.03,0.00770973,292.263,cut,1164,1164,no
rKaHyPar,sat14_SAT_dat.k85-24_1_rule_2.cnf.primal.hgr,no,no,1,2,0.03,0.00352582,244.56,cut,1164,1164,no
rKaHyPar,sat14_SAT_dat.k85-24_1_rule_2.cnf.primal.hgr,no,no,2,2,0.03,0.00352727,318.254,cut,1164,1164,no
rKaHyPar,sat14_SAT_dat.k85-24_1_rule_2.cnf.primal.hgr,no,no,3,2,0.03,0.00151667,270.027,cut,1164,1164,no
rKaHyPar,sat14_SAT_dat.k85-24_1_rule_2.cnf.primal.hgr,no,no,4,2,0.03,0.0049161,255.692,cut,1164,1164,no
rKaHyPar,sat14_SAT_dat.k85-24_1_rule_2.cnf.primal.hgr,no,no,5,2,0.03,0.00352727,238.357,cut,1164,1164,no
rKaHyPar,sat14_SAT_dat.k85-24_1_rule_2.cnf.primal.hgr,no,no,6,2,0.03,0.00346625,195.252,cut,1164,1164,no
rKaHyPar,sat14_SAT_dat.k85-24_1_rule_2.cnf.primal.hgr,no,no,7,2,0.03,0.00396164,225.644,cut,1164,1164,no
rKaHyPar,sat14_SAT_dat.k85-24_1_rule_2.cnf.primal.hgr,no,no,8,2,0.03,0.00352727,260.531,cut,1164,1164,no
rKaHyPar,sat14_SAT_dat.k85-24_1_rule_2.cnf.primal.hgr,no,no,9,2,0.03,0.0035171,231.093,cut,1164,1164,no
rKaHyPar,sat14_SAT_dat.k85-24_1_rule_2.cnf.primal.hgr,no,no,0,32,0.03,0.0299847,400.333,cut,45135,45121,no
rKaHyPar,sat14_SAT_dat.k85-24_1_rule_2.cnf.primal.hgr,no,no,1,32,0.03,0.0299847,503.074,cut,45935,45916,no
rKaHyPar,sat14_SAT_dat.k85-24_1_rule_2.cnf.primal.hgr,no,no,2,32,0.03,0.0299847,432.054,cut,45851,45825,no
rKaHyPar,sat14_SAT_dat.k85-24_1_rule_2.cnf.primal.hgr,no,no,3,32,0.03,0.0299847,438.631,cut,46768,46761,no
rKaHyPar,sat14_SAT_dat.k85-24_1_rule_2.cnf.primal.hgr,no,no,4,32,0.03,0.0298917,427.569,cut,45348,45339,no
rKaHyPar,sat14_SAT_dat.k85-24_1_rule_2.cnf.primal.hgr,no,no,5,32,0.03,0.0299847,450.981,cut,45495,45472,no
rKaHyPar,sat14_SAT_dat.k85-24_1_rule_2.cnf.primal.hgr,no,no,6,32,0.03,0.0299847,633.046,cut,45789,45778,no
rKaHyPar,sat14_SAT_dat.k85-24_1_rule_2.cnf.primal.hgr,no,no,7,32,0.03,0.0299847,576.785,cut,45860,45853,no
rKaHyPar,sat14_SAT_dat.k85-24_1_rule_2.cnf.primal.hgr,no,no,8,32,0.03,0.0299847,553.512,cut,44675,44672,no
rKaHyPar,sat14_SAT_dat.k85-24_1_rule_2.cnf.primal.hgr,no,no,9,32,0.03,0.0299847,431.004,cut,45534,45516,no
rKaHyPar,sat14_SAT_dat.k85-24_1_rule_2.cnf.primal.hgr,no,no,0,4,0.03,0.0121217,297.724,cut,3492,3492,no
rKaHyPar,sat14_SAT_dat.k85-24_1_rule_2.cnf.primal.hgr,no,no,1,4,0.03,0.00365801,393.097,cut,3492,3492,no
rKaHyPar,sat14_SAT_dat.k85-24_1_rule_2.cnf.primal.hgr,no,no,2,4,0.03,0.00365801,300.217,cut,3492,3492,no
rKaHyPar,sat14_SAT_dat.k85-24_1_rule_2.cnf.primal.hgr,no,no,3,4,0.03,0.00622647,266.085,cut,3492,3492,no
rKaHyPar,sat14_SAT_dat.k85-24_1_rule_2.cnf.primal.hgr,no,no,4,4,0.03,0.0141003,292.64,cut,3492,3492,no
rKaHyPar,sat14_SAT_dat.k85-24_1_rule_2.cnf.primal.hgr,no,no,5,4,0.03,0.0119764,283.657,cut,3492,3492,no
rKaHyPar,sat14_SAT_dat.k85-24_1_rule_2.cnf.primal.hgr,no,no,6,4,0.03,0.00365511,251.816,cut,3492,3492,no
rKaHyPar,sat14_SAT_dat.k85-24_1_rule_2.cnf.primal.hgr,no,no,7,4,0.03,0.011067,297.593,cut,3492,3492,no
rKaHyPar,sat14_SAT_dat.k85-24_1_rule_2.cnf.primal.hgr,no,no,8,4,0.03,0.00365801,295.311,cut,3492,3492,no
rKaHyPar,sat14_SAT_dat.k85-24_1_rule_2.cnf.primal.hgr,no,no,9,4,0.03,0.00365511,380.855,cut,3492,3492,no
rKaHyPar,sat14_SAT_dat.k85-24_1_rule_2.cnf.primal.hgr,no,no,0,64,0.03,0.0299847,483.351,cut,70693,70510,no
rKaHyPar,sat14_SAT_dat.k85-24_1_rule_2.cnf.primal.hgr,no,no,1,64,0.03,0.0298917,445.238,cut,69877,69749,no
rKaHyPar,sat14_SAT_dat.k85-24_1_rule_2.cnf.primal.hgr,no,no,2,64,0.03,0.0299847,466.248,cut,72012,71863,no
rKaHyPar,sat14_SAT_dat.k85-24_1_rule_2.cnf.primal.hgr,no,no,3,64,0.03,0.0299847,624.688,cut,70099,69951,no
rKaHyPar,sat14_SAT_dat.k85-24_1_rule_2.cnf.primal.hgr,no,no,4,64,0.03,0.0298917,462.734,cut,70643,70525,no
rKaHyPar,sat14_SAT_dat.k85-24_1_rule_2.cnf.primal.hgr,no,no,5,64,0.03,0.0299847,454.613,cut,72935,72782,no
rKaHyPar,sat14_SAT_dat.k85-24_1_rule_2.cnf.primal.hgr,no,no,6,64,0.03,0.0299847,623.769,cut,69219,69058,no
rKaHyPar,sat14_SAT_dat.k85-24_1_rule_2.cnf.primal.hgr,no,no,7,64,0.03,0.0299847,477.578,cut,70214,70082,no
rKaHyPar,sat14_SAT_dat.k85-24_1_rule_2.cnf.primal.hgr,no,no,8,64,0.03,0.0299847,443.984,cut,69356,69198,no
rKaHyPar,sat14_SAT_dat.k85-24_1_rule_2.cnf.primal.hgr,no,no,9,64,0.03,0.0297522,589.964,cut,68326,68182,no
rKaHyPar,sat14_SAT_dat.k85-24_1_rule_2.cnf.primal.hgr,no,no,0,8,0.03,0.0196237,439.859,cut,8148,8148,no
rKaHyPar,sat14_SAT_dat.k85-24_1_rule_2.cnf.primal.hgr,no,no,1,8,0.03,0.0187578,313.04,cut,8148,8148,no
rKaHyPar,sat14_SAT_dat.k85-24_1_rule_2.cnf.primal.hgr,no,no,2,8,0.03,0.00394566,317.947,cut,8148,8148,no
rKaHyPar,sat14_SAT_dat.k85-24_1_rule_2.cnf.primal.hgr,no,no,3,8,0.03,0.00394566,326.152,cut,8148,8148,no
rKaHyPar,sat14_SAT_dat.k85-24_1_rule_2.cnf.primal.hgr,no,no,4,8,0.03,0.0154805,327.878,cut,8148,8148,no
rKaHyPar,sat14_SAT_dat.k85-24_1_rule_2.cnf.primal.hgr,no,no,5,8,0.03,0.0187578,323.152,cut,8148,8148,no
rKaHyPar,sat14_SAT_dat.k85-24_1_rule_2.cnf.primal.hgr,no,no,6,8,0.03,0.0236449,304.946,cut,8148,8148,no
rKaHyPar,sat14_SAT_dat.k85-24_1_rule_2.cnf.primal.hgr,no,no,7,8,0.03,0.0066129,430.398,cut,8148,8148,no
rKaHyPar,sat14_SAT_dat.k85-24_1_rule_2.cnf.primal.hgr,no,no,8,8,0.03,0.00394566,320.055,cut,8148,8148,no
rKaHyPar,sat14_SAT_dat.k85-24_1_rule_2.cnf.primal.hgr,no,no,9,8,0.03,0.00394566,415.373,cut,8148,8148,no
rKaHyPar,sat14_SAT_dat.k85-24_1_rule_3.cnf.dual.hgr,no,no,0,128,0.03,0.0296323,1039.61,cut,44704,34382,no
rKaHyPar,sat14_SAT_dat.k85-24_1_rule_3.cnf.dual.hgr,no,no,2,128,0.03,0.0299644,1034.26,cut,45900,34344,no
rKaHyPar,sat14_SAT_dat.k85-24_1_rule_3.cnf.dual.hgr,no,no,3,128,0.03,0.0298458,1036.91,cut,45729,34277,no
rKaHyPar,sat14_SAT_dat.k85-24_1_rule_3.cnf.dual.hgr,no,no,4,128,0.03,0.0297034,1481.94,cut,44947,34223,no
rKaHyPar,sat14_SAT_dat.k85-24_1_rule_3.cnf.dual.hgr,no,no,5,128,0.03,0.0296323,1034.79,cut,44781,34197,no
rKaHyPar,sat14_SAT_dat.k85-24_1_rule_3.cnf.dual.hgr,no,no,6,128,0.03,0.0295848,1026.88,cut,45092,33885,no
rKaHyPar,sat14_SAT_dat.k85-24_1_rule_3.cnf.dual.hgr,no,no,7,128,0.03,0.0297983,1022.73,cut,44593,34146,no
rKaHyPar,sat14_SAT_dat.k85-24_1_rule_3.cnf.dual.hgr,no,no,8,128,0.03,0.0297746,1480.06,cut,45010,34188,no
rKaHyPar,sat14_SAT_dat.k85-24_1_rule_3.cnf.dual.hgr,no,no,9,128,0.03,0.0299881,1031.39,cut,45064,34565,no
rKaHyPar,sat14_SAT_dat.k85-24_1_rule_3.cnf.dual.hgr,no,no,0,16,0.03,0.0293985,710.027,cut,8979,8863,no
rKaHyPar,sat14_SAT_dat.k85-24_1_rule_3.cnf.dual.hgr,no,no,1,16,0.03,0.0297455,1015.72,cut,9058,8884,no
rKaHyPar,sat14_SAT_dat.k85-24_1_rule_3.cnf.dual.hgr,no,no,2,16,0.03,0.029962,710.818,cut,9026,8872,no
rKaHyPar,sat14_SAT_dat.k85-24_1_rule_3.cnf.dual.hgr,no,no,3,16,0.03,0.0288973,714.622,cut,9077,8889,no
rKaHyPar,sat14_SAT_dat.k85-24_1_rule_3.cnf.dual.hgr,no,no,4,16,0.03,0.029787,713.518,cut,9052,8883,no
rKaHyPar,sat14_SAT_dat.k85-24_1_rule_3.cnf.dual.hgr,no,no,5,16,0.03,0.0293985,715.952,cut,8978,8862,no
rKaHyPar,sat14_SAT_dat.k85-24_1_rule_3.cnf.dual.hgr,no,no,6,16,0.03,0.0292057,1017.64,cut,8979,8864,no
rKaHyPar,sat14_SAT_dat.k85-24_1_rule_3.cnf.dual.hgr,no,no,7,16,0.03,0.0299946,1011.78,cut,9011,8865,no
rKaHyPar,sat14_SAT_dat.k85-24_1_rule_3.cnf.dual.hgr,no,no,8,16,0.03,0.0288113,714.942,cut,9009,8866,no
rKaHyPar,sat14_SAT_dat.k85-24_1_rule_3.cnf.dual.hgr,no,no,9,16,0.03,0.0294904,715.258,cut,9002,8879,no
rKaHyPar,sat14_SAT_dat.k85-24_1_rule_3.cnf.dual.hgr,no,no,0,2,0.03,0.0114741,466.112,cut,580,580,no
rKaHyPar,sat14_SAT_dat.k85-24_1_rule_3.cnf.dual.hgr,no,no,1,2,0.03,0.0114741,324.684,cut,580,580,no
rKaHyPar,sat14_SAT_dat.k85-24_1_rule_3.cnf.dual.hgr,no,no,2,2,0.03,0.00849622,443.232,cut,580,580,no
rKaHyPar,sat14_SAT_dat.k85-24_1_rule_3.cnf.dual.hgr,no,no,3,2,0.03,0.0114741,445.028,cut,580,580,no
rKaHyPar,sat14_SAT_dat.k85-24_1_rule_3.cnf.dual.hgr,no,no,4,2,0.03,0.0114745,335.695,cut,580,580,no
rKaHyPar,sat14_SAT_dat.k85-24_1_rule_3.cnf.dual.hgr,no,no,5,2,0.03,0.0084966,355.674,cut,580,580,no
rKaHyPar,sat14_SAT_dat.k85-24_1_rule_3.cnf.dual.hgr,no,no,6,2,0.03,0.00212786,351.923,cut,580,580,no
rKaHyPar,sat14_SAT_dat.k85-24_1_rule_3.cnf.dual.hgr,no,no,7,2,0.03,0.0114737,320.276,cut,580,580,no
rKaHyPar,sat14_SAT_dat.k85-24_1_rule_3.cnf.dual.hgr,no,no,8,2,0.03,0.0114741,323.71,cut,580,580,no
rKaHyPar,sat14_SAT_dat.k85-24_1_rule_3.cnf.dual.hgr,no,no,9,2,0.03,0.0114741,324.206,cut,580,580,no
rKaHyPar,sat14_SAT_dat.k85-24_1_rule_3.cnf.dual.hgr,no,no,0,32,0.03,0.0299234,814.323,cut,14120,13050,no
rKaHyPar,sat14_SAT_dat.k85-24_1_rule_3.cnf.dual.hgr,no,no,1,32,0.03,0.029876,839.288,cut,14277,13200,no
rKaHyPar,sat14_SAT_dat.k85-24_1_rule_3.cnf.dual.hgr,no,no,2,32,0.03,0.0298819,814.891,cut,14205,13211,no
rKaHyPar,sat14_SAT_dat.k85-24_1_rule_3.cnf.dual.hgr,no,no,3,32,0.03,0.0298641,813.504,cut,14279,13068,no
rKaHyPar,sat14_SAT_dat.k85-24_1_rule_3.cnf.dual.hgr,no,no,4,32,0.03,0.029959,811.691,cut,14204,13040,no
rKaHyPar,sat14_SAT_dat.k85-24_1_rule_3.cnf.dual.hgr,no,no,5,32,0.03,0.0298819,813.306,cut,14339,13191,no
rKaHyPar,sat14_SAT_dat.k85-24_1_rule_3.cnf.dual.hgr,no,no,6,32,0.03,0.0297692,1169.84,cut,14338,13259,no
rKaHyPar,sat14_SAT_dat.k85-24_1_rule_3.cnf.dual.hgr,no,no,7,32,0.03,0.0299709,1176.89,cut,14273,13279,no
rKaHyPar,sat14_SAT_dat.k85-24_1_rule_3.cnf.dual.hgr,no,no,8,32,0.03,0.0299827,1174.47,cut,14277,13282,no
rKaHyPar,sat14_SAT_dat.k85-24_1_rule_3.cnf.dual.hgr,no,no,9,32,0.03,0.0298523,815.359,cut,14536,13182,no
rKaHyPar,sat14_SAT_dat.k85-24_1_rule_3.cnf.dual.hgr,no,no,0,4,0.03,0.0142107,690.527,cut,1746,1740,no
rKaHyPar,sat14_SAT_dat.k85-24_1_rule_3.cnf.dual.hgr,no,no,1,4,0.03,0.0114741,693.786,cut,1767,1761,no
rKaHyPar,sat14_SAT_dat.k85-24_1_rule_3.cnf.dual.hgr,no,no,2,4,0.03,0.00949453,489.646,cut,1740,1740,no
rKaHyPar,sat14_SAT_dat.k85-24_1_rule_3.cnf.dual.hgr,no,no,3,4,0.03,0.0168516,493.939,cut,1746,1740,no
rKaHyPar,sat14_SAT_dat.k85-24_1_rule_3.cnf.dual.hgr,no,no,4,4,0.03,0.0142566,510.165,cut,1740,1740,no
rKaHyPar,sat14_SAT_dat.k85-24_1_rule_3.cnf.dual.hgr,no,no,5,4,0.03,0.0284117,706.383,cut,1740,1740,no
rKaHyPar,sat14_SAT_dat.k85-24_1_rule_3.cnf.dual.hgr,no,no,6,4,0.03,0.00353654,488.91,cut,1752,1740,no
rKaHyPar,sat14_SAT_dat.k85-24_1_rule_3.cnf.dual.hgr,no,no,7,4,0.03,0.0132624,490.64,cut,1740,1740,no
rKaHyPar,sat14_SAT_dat.k85-24_1_rule_3.cnf.dual.hgr,no,no,8,4,0.03,0.0154021,494.083,cut,1740,1740,no
rKaHyPar,sat14_SAT_dat.k85-24_1_rule_3.cnf.dual.hgr,no,no,9,4,0.03,0.0133884,707.142,cut,1740,1740,no
rKaHyPar,sat14_SAT_dat.k85-24_1_rule_3.cnf.dual.hgr,no,no,0,64,0.03,0.0297868,928.558,cut,26392,22904,no
rKaHyPar,sat14_SAT_dat.k85-24_1_rule_3.cnf.dual.hgr,no,no,1,64,0.03,0.0299055,930.442,cut,26425,22693,no
rKaHyPar,sat14_SAT_dat.k85-24_1_rule_3.cnf.dual.hgr,no,no,2,64,0.03,0.0299292,925.772,cut,26458,22812,no
rKaHyPar,sat14_SAT_dat.k85-24_1_rule_3.cnf.dual.hgr,no,no,3,64,0.03,0.0299292,1343.65,cut,26295,22679,no
rKaHyPar,sat14_SAT_dat.k85-24_1_rule_3.cnf.dual.hgr,no,no,4,64,0.03,0.029597,918.506,cut,26538,22708,no
rKaHyPar,sat14_SAT_dat.k85-24_1_rule_3.cnf.dual.hgr,no,no,5,64,0.03,0.0296326,935.482,cut,26129,22682,no
rKaHyPar,sat14_SAT_dat.k85-24_1_rule_3.cnf.dual.hgr,no,no,6,64,0.03,0.0299648,1321.03,cut,26088,22502,no
rKaHyPar,sat14_SAT_dat.k85-24_1_rule_3.cnf.dual.hgr,no,no,7,64,0.03,0.0299648,1313.38,cut,26375,22798,no
rKaHyPar,sat14_SAT_dat.k85-24_1_rule_3.cnf.dual.hgr,no,no,8,64,0.03,0.0288734,1331.37,cut,26061,22552,no
rKaHyPar,sat14_SAT_dat.k85-24_1_rule_3.cnf.dual.hgr,no,no,9,64,0.03,0.0296682,1310.86,cut,26209,22606,no
rKaHyPar,sat14_SAT_dat.k85-24_1_rule_3.cnf.dual.hgr,no,no,0,8,0.03,0.0295305,891.455,cut,4164,4136,no
rKaHyPar,sat14_SAT_dat.k85-24_1_rule_3.cnf.dual.hgr,no,no,1,8,0.03,0.0290456,610.919,cut,4167,4143,no
rKaHyPar,sat14_SAT_dat.k85-24_1_rule_3.cnf.dual.hgr,no,no,2,8,0.03,0.0297099,617.07,cut,4157,4131,no
rKaHyPar,sat14_SAT_dat.k85-24_1_rule_3.cnf.dual.hgr,no,no,3,8,0.03,0.02905,629.26,cut,4135,4121,no
rKaHyPar,sat14_SAT_dat.k85-24_1_rule_3.cnf.dual.hgr,no,no,4,8,0.03,0.02905,628.361,cut,4191,4132,no
rKaHyPar,sat14_SAT_dat.k85-24_1_rule_3.cnf.dual.hgr,no,no,5,8,0.03,0.029142,630.626,cut,4132,4124,no
rKaHyPar,sat14_SAT_dat.k85-24_1_rule_3.cnf.dual.hgr,no,no,6,8,0.03,0.0291983,625.157,cut,4130,4128,no
rKaHyPar,sat14_SAT_dat.k85-24_1_rule_3.cnf.dual.hgr,no,no,7,8,0.03,0.0290515,875.433,cut,4140,4136,no
rKaHyPar,sat14_SAT_dat.k85-24_1_rule_3.cnf.dual.hgr,no,no,8,8,0.03,0.0266493,611.208,cut,4133,4117,no
rKaHyPar,sat14_SAT_dat.k85-24_1_rule_3.cnf.dual.hgr,no,no,9,8,0.03,0.028448,854.488,cut,4151,4123,no
rKaHyPar,sat14_SAT_dat.k85-24_1_rule_3.cnf.hgr,no,no,0,128,0.03,0.0299613,1089.35,cut,135653,134194,no
rKaHyPar,sat14_SAT_dat.k85-24_1_rule_3.cnf.hgr,no,no,2,128,0.03,0.0299613,1097.16,cut,134393,133030,no
rKaHyPar,sat14_SAT_dat.k85-24_1_rule_3.cnf.hgr,no,no,3,128,0.03,0.0299613,1094.91,cut,136890,135346,no
rKaHyPar,sat14_SAT_dat.k85-24_1_rule_3.cnf.hgr,no,no,4,128,0.03,0.0299613,1483.55,cut,136796,135394,no
rKaHyPar,sat14_SAT_dat.k85-24_1_rule_3.cnf.hgr,no,no,5,128,0.03,0.0299613,1144.51,cut,136580,135085,no
rKaHyPar,sat14_SAT_dat.k85-24_1_rule_3.cnf.hgr,no,no,6,128,0.03,0.0299613,1083.38,cut,138011,136343,no
rKaHyPar,sat14_SAT_dat.k85-24_1_rule_3.cnf.hgr,no,no,7,128,0.03,0.0299613,1068.54,cut,137951,136292,no
rKaHyPar,sat14_SAT_dat.k85-24_1_rule_3.cnf.hgr,no,no,8,128,0.03,0.0299613,1114.84,cut,136947,135471,no
rKaHyPar,sat14_SAT_dat.k85-24_1_rule_3.cnf.hgr,no,no,9,128,0.03,0.0299613,1115.53,cut,135259,133790,no
rKaHyPar,sat14_SAT_dat.k85-24_1_rule_3.cnf.hgr,no,no,0,16,0.03,0.0276495,807.581,cut,19631,19625,no
rKaHyPar,sat14_SAT_dat.k85-24_1_rule_3.cnf.hgr,no,no,1,16,0.03,0.0247064,1162.23,cut,20090,20088,no
rKaHyPar,sat14_SAT_dat.k85-24_1_rule_3.cnf.hgr,no,no,2,16,0.03,0.0291476,1073.13,cut,19454,19451,no
rKaHyPar,sat14_SAT_dat.k85-24_1_rule_3.cnf.hgr,no,no,3,16,0.03,0.0258152,955.438,cut,19990,19984,no
rKaHyPar,sat14_SAT_dat.k85-24_1_rule_3.cnf.hgr,no,no,4,16,0.03,0.0266527,768.96,cut,19444,19438,no
rKaHyPar,sat14_SAT_dat.k85-24_1_rule_3.cnf.hgr,no,no,5,16,0.03,0.0268769,747.164,cut,19487,19484,no
rKaHyPar,sat14_SAT_dat.k85-24_1_rule_3.cnf.hgr,no,no,6,16,0.03,0.0258152,1094.66,cut,19596,19588,no
rKaHyPar,sat14_SAT_dat.k85-24_1_rule_3.cnf.hgr,no,no,7,16,0.03,0.029991,1090.04,cut,19563,19555,no
rKaHyPar,sat14_SAT_dat.k85-24_1_rule_3.cnf.hgr,no,no,8,16,0.03,0.0263579,783.897,cut,19294,19288,no
rKaHyPar,sat14_SAT_dat.k85-24_1_rule_3.cnf.hgr,no,no,9,16,0.03,0.0256855,778.544,cut,19567,19559,no
rKaHyPar,sat14_SAT_dat.k85-24_1_rule_3.cnf.hgr,no,no,0,2,0.03,0.00457165,533.464,cut,1164,1164,no
rKaHyPar,sat14_SAT_dat.k85-24_1_rule_3.cnf.hgr,no,no,1,2,0.03,0.00175022,499.406,cut,1164,1164,no
rKaHyPar,sat14_SAT_dat.k85-24_1_rule_3.cnf.hgr,no,no,2,2,0.03,0.00176791,446.017,cut,1164,1164,no
rKaHyPar,sat14_SAT_dat.k85-24_1_rule_3.cnf.hgr,no,no,3,2,0.03,0.000526392,557.428,cut,1164,1164,no
rKaHyPar,sat14_SAT_dat.k85-24_1_rule_3.cnf.hgr,no,no,4,2,0.03,0.00450087,362.048,cut,1164,1164,no
rKaHyPar,sat14_SAT_dat.k85-24_1_rule_3.cnf.hgr,no,no,5,2,0.03,7.37243e-05,394.611,cut,1164,1164,no
rKaHyPar,sat14_SAT_dat.k85-24_1_rule_3.cnf.hgr,no,no,6,2,0.03,0.0101614,413.401,cut,1164,1164,no
rKaHyPar,sat14_SAT_dat.k85-24_1_rule_3.cnf.hgr,no,no,7,2,0.03,0.000837509,428.607,cut,1164,1164,no
rKaHyPar,sat14_SAT_dat.k85-24_1_rule_3.cnf.hgr,no,no,8,2,0.03,1.84311e-05,627.94,cut,1164,1164,no
rKaHyPar,sat14_SAT_dat.k85-24_1_rule_3.cnf.hgr,no,no,9,2,0.03,0.00457091,442.229,cut,1164,1164,no
rKaHyPar,sat14_SAT_dat.k85-24_1_rule_3.cnf.hgr,no,no,0,32,0.03,0.0299967,1134.11,cut,46121,46094,no
rKaHyPar,sat14_SAT_dat.k85-24_1_rule_3.cnf.hgr,no,no,1,32,0.03,0.0299967,1206.47,cut,45568,45526,no
rKaHyPar,sat14_SAT_dat.k85-24_1_rule_3.cnf.hgr,no,no,2,32,0.03,0.0299967,1003.15,cut,46964,46910,no
rKaHyPar,sat14_SAT_dat.k85-24_1_rule_3.cnf.hgr,no,no,3,32,0.03,0.0299967,1129.21,cut,47012,46928,no
rKaHyPar,sat14_SAT_dat.k85-24_1_rule_3.cnf.hgr,no,no,4,32,0.03,0.0299967,1158.62,cut,48034,47969,no
rKaHyPar,sat14_SAT_dat.k85-24_1_rule_3.cnf.hgr,no,no,5,32,0.03,0.0299967,1139.73,cut,47716,47667,no
rKaHyPar,sat14_SAT_dat.k85-24_1_rule_3.cnf.hgr,no,no,6,32,0.03,0.0299613,1514.58,cut,46802,46739,no
rKaHyPar,sat14_SAT_dat.k85-24_1_rule_3.cnf.hgr,no,no,7,32,0.03,0.0299967,929.242,cut,46207,46129,no
rKaHyPar,sat14_SAT_dat.k85-24_1_rule_3.cnf.hgr,no,no,8,32,0.03,0.0298905,1590.11,cut,48268,48220,no
rKaHyPar,sat14_SAT_dat.k85-24_1_rule_3.cnf.hgr,no,no,9,32,0.03,0.0299023,1106.89,cut,46728,46664,no
rKaHyPar,sat14_SAT_dat.k85-24_1_rule_3.cnf.hgr,no,no,0,4,0.03,0.0181038,587.982,cut,3492,3492,no
rKaHyPar,sat14_SAT_dat.k85-24_1_rule_3.cnf.hgr,no,no,1,4,0.03,0.018465,808.179,cut,3492,3492,no
rKaHyPar,sat14_SAT_dat.k85-24_1_rule_3.cnf.hgr,no,no,2,4,0.03,0.0183824,554.711,cut,3492,3492,no
rKaHyPar,sat14_SAT_dat.k85-24_1_rule_3.cnf.hgr,no,no,3,4,0.03,0.018381,545.067,cut,3492,3492,no
rKaHyPar,sat14_SAT_dat.k85-24_1_rule_3.cnf.hgr,no,no,4,4,0.03,0.0181052,769.671,cut,3492,3492,no
rKaHyPar,sat14_SAT_dat.k85-24_1_rule_3.cnf.hgr,no,no,5,4,0.03,0.0195546,571.704,cut,3492,3492,no
rKaHyPar,sat14_SAT_dat.k85-24_1_rule_3.cnf.hgr,no,no,6,4,0.03,0.0184665,538.33,cut,3492,3492,no
rKaHyPar,sat14_SAT_dat.k85-24_1_rule_3.cnf.hgr,no,no,7,4,0.03,0.00549836,547.822,cut,3492,3492,no
rKaHyPar,sat14_SAT_dat.k85-24_1_rule_3.cnf.hgr,no,no,8,4,0.03,0.0192583,611.754,cut,3492,3492,no
rKaHyPar,sat14_SAT_dat.k85-24_1_rule_3.cnf.hgr,no,no,9,4,0.03,0.018381,779.707,cut,3492,3492,no
rKaHyPar,sat14_SAT_dat.k85-24_1_rule_3.cnf.hgr,no,no,0,64,0.03,0.0299849,1015.64,cut,73078,72735,no
rKaHyPar,sat14_SAT_dat.k85-24_1_rule_3.cnf.hgr,no,no,1,64,0.03,0.0299849,1020.84,cut,72163,71729,no
rKaHyPar,sat14_SAT_dat.k85-24_1_rule_3.cnf.hgr,no,no,2,64,0.03,0.0299849,997.202,cut,71704,71310,no
rKaHyPar,sat14_SAT_dat.k85-24_1_rule_3.cnf.hgr,no,no,3,64,0.03,0.0299849,974.329,cut,71822,71458,no
rKaHyPar,sat14_SAT_dat.k85-24_1_rule_3.cnf.hgr,no,no,4,64,0.03,0.0299849,1010.2,cut,72798,72465,no
rKaHyPar,sat14_SAT_dat.k85-24_1_rule_3.cnf.hgr,no,no,5,64,0.03,0.0299849,983.858,cut,74831,74476,no
rKaHyPar,sat14_SAT_dat.k85-24_1_rule_3.cnf.hgr,no,no,6,64,0.03,0.0299849,992.142,cut,72857,72453,no
rKaHyPar,sat14_SAT_dat.k85-24_1_rule_3.cnf.hgr,no,no,7,64,0.03,0.0299849,981.363,cut,72363,72024,no
rKaHyPar,sat14_SAT_dat.k85-24_1_rule_3.cnf.hgr,no,no,8,64,0.03,0.0299849,1067.66,cut,76289,75913,no
rKaHyPar,sat14_SAT_dat.k85-24_1_rule_3.cnf.hgr,no,no,9,64,0.03,0.0299849,1042.61,cut,74031,73680,no
rKaHyPar,sat14_SAT_dat.k85-24_1_rule_3.cnf.hgr,no,no,0,8,0.03,0.0189265,938.552,cut,8148,8148,no
rKaHyPar,sat14_SAT_dat.k85-24_1_rule_3.cnf.hgr,no,no,1,8,0.03,0.028378,641.908,cut,8184,8184,no
rKaHyPar,sat14_SAT_dat.k85-24_1_rule_3.cnf.hgr,no,no,2,8,0.03,0.0295812,676.405,cut,8390,8390,no
rKaHyPar,sat14_SAT_dat.k85-24_1_rule_3.cnf.hgr,no,no,3,8,0.03,0.0217782,899.953,cut,8352,8352,no
rKaHyPar,sat14_SAT_dat.k85-24_1_rule_3.cnf.hgr,no,no,4,8,0.03,0.0268917,643.322,cut,8352,8352,no
rKaHyPar,sat14_SAT_dat.k85-24_1_rule_3.cnf.hgr,no,no,5,8,0.03,0.0183839,618.932,cut,8148,8148,no
rKaHyPar,sat14_SAT_dat.k85-24_1_rule_3.cnf.hgr,no,no,6,8,0.03,0.0280005,914.106,cut,8718,8718,no
rKaHyPar,sat14_SAT_dat.k85-24_1_rule_3.cnf.hgr,no,no,7,8,0.03,0.029071,879.783,cut,8184,8184,no
rKaHyPar,sat14_SAT_dat.k85-24_1_rule_3.cnf.hgr,no,no,8,8,0.03,0.018381,664.97,cut,8369,8369,no
rKaHyPar,sat14_SAT_dat.k85-24_1_rule_3.cnf.hgr,no,no,9,8,0.03,0.0285697,679.669,cut,8778,8778,no
rKaHyPar,sat14_SAT_dat.k85-24_1_rule_3.cnf.primal.hgr,no,no,0,128,0.03,0.0299368,517.034,cut,133497,132858,no
rKaHyPar,sat14_SAT_dat.k85-24_1_rule_3.cnf.primal.hgr,no,no,2,128,0.03,0.0299368,511.601,cut,134668,133975,no
rKaHyPar,sat14_SAT_dat.k85-24_1_rule_3.cnf.primal.hgr,no,no,3,128,0.03,0.0299368,503.027,cut,134639,133942,no
rKaHyPar,sat14_SAT_dat.k85-24_1_rule_3.cnf.primal.hgr,no,no,4,128,0.03,0.0299368,712.889,cut,134306,133675,no
rKaHyPar,sat14_SAT_dat.k85-24_1_rule_3.cnf.primal.hgr,no,no,5,128,0.03,0.0299368,514.035,cut,134845,134113,no
rKaHyPar,sat14_SAT_dat.k85-24_1_rule_3.cnf.primal.hgr,no,no,6,128,0.03,0.0299368,503.631,cut,134663,133958,no
rKaHyPar,sat14_SAT_dat.k85-24_1_rule_3.cnf.primal.hgr,no,no,7,128,0.03,0.0299368,519.65,cut,137177,136465,no
rKaHyPar,sat14_SAT_dat.k85-24_1_rule_3.cnf.primal.hgr,no,no,8,128,0.03,0.0299368,687.718,cut,135396,134748,no
rKaHyPar,sat14_SAT_dat.k85-24_1_rule_3.cnf.primal.hgr,no,no,9,128,0.03,0.0299368,503.793,cut,135855,135099,no
rKaHyPar,sat14_SAT_dat.k85-24_1_rule_3.cnf.primal.hgr,no,no,0,16,0.03,0.0270094,391.667,cut,20457,20455,no
rKaHyPar,sat14_SAT_dat.k85-24_1_rule_3.cnf.primal.hgr,no,no,1,16,0.03,0.0185835,549.809,cut,19919,19919,no
rKaHyPar,sat14_SAT_dat.k85-24_1_rule_3.cnf.primal.hgr,no,no,2,16,0.03,0.0264748,519.649,cut,19886,19886,no
rKaHyPar,sat14_SAT_dat.k85-24_1_rule_3.cnf.primal.hgr,no,no,3,16,0.03,0.0120171,487.997,cut,19609,19609,no
rKaHyPar,sat14_SAT_dat.k85-24_1_rule_3.cnf.primal.hgr,no,no,4,16,0.03,0.0113547,446.961,cut,19605,19605,no
rKaHyPar,sat14_SAT_dat.k85-24_1_rule_3.cnf.primal.hgr,no,no,5,16,0.03,0.0270094,382.387,cut,19607,19607,no
rKaHyPar,sat14_SAT_dat.k85-24_1_rule_3.cnf.primal.hgr,no,no,6,16,0.03,0.0227442,625.103,cut,18995,18995,no
rKaHyPar,sat14_SAT_dat.k85-24_1_rule_3.cnf.primal.hgr,no,no,7,16,0.03,0.0257426,582.347,cut,19737,19737,no
rKaHyPar,sat14_SAT_dat.k85-24_1_rule_3.cnf.primal.hgr,no,no,8,16,0.03,0.0276951,474.72,cut,19500,19500,no
rKaHyPar,sat14_SAT_dat.k85-24_1_rule_3.cnf.primal.hgr,no,no,9,16,0.03,0.0230696,376.661,cut,19618,19618,no
rKaHyPar,sat14_SAT_dat.k85-24_1_rule_3.cnf.primal.hgr,no,no,0,2,0.03,0.000697319,275.656,cut,1164,1164,no
rKaHyPar,sat14_SAT_dat.k85-24_1_rule_3.cnf.primal.hgr,no,no,1,2,0.03,0.000367545,273.488,cut,1164,1164,no
rKaHyPar,sat14_SAT_dat.k85-24_1_rule_3.cnf.primal.hgr,no,no,2,2,0.03,0,282.329,cut,1164,1164,no
rKaHyPar,sat14_SAT_dat.k85-24_1_rule_3.cnf.primal.hgr,no,no,3,2,0.03,0.00352727,322.31,cut,1164,1164,no
rKaHyPar,sat14_SAT_dat.k85-24_1_rule_3.cnf.primal.hgr,no,no,4,2,0.03,0.00352727,293.702,cut,1164,1164,no
rKaHyPar,sat14_SAT_dat.k85-24_1_rule_3.cnf.primal.hgr,no,no,5,2,0.03,0.0034619,240.174,cut,1164,1164,no
rKaHyPar,sat14_SAT_dat.k85-24_1_rule_3.cnf.primal.hgr,no,no,6,2,0.03,0.00145711,194.959,cut,1164,1164,no
rKaHyPar,sat14_SAT_dat.k85-24_1_rule_3.cnf.primal.hgr,no,no,7,2,0.03,0.00351565,236.829,cut,1164,1164,no
rKaHyPar,sat14_SAT_dat.k85-24_1_rule_3.cnf.primal.hgr,no,no,8,2,0.03,0.00351274,260.716,cut,1164,1164,no
rKaHyPar,sat14_SAT_dat.k85-24_1_rule_3.cnf.primal.hgr,no,no,9,2,0.03,0.000178688,269.254,cut,1164,1164,no
rKaHyPar,sat14_SAT_dat.k85-24_1_rule_3.cnf.primal.hgr,no,no,0,32,0.03,0.0299847,431.008,cut,45626,45614,no
rKaHyPar,sat14_SAT_dat.k85-24_1_rule_3.cnf.primal.hgr,no,no,1,32,0.03,0.0299847,462.704,cut,46368,46363,no
rKaHyPar,sat14_SAT_dat.k85-24_1_rule_3.cnf.primal.hgr,no,no,2,32,0.03,0.0299847,446.089,cut,45891,45871,no
rKaHyPar,sat14_SAT_dat.k85-24_1_rule_3.cnf.primal.hgr,no,no,3,32,0.03,0.0299847,467.309,cut,45734,45708,no
rKaHyPar,sat14_SAT_dat.k85-24_1_rule_3.cnf.primal.hgr,no,no,4,32,0.03,0.0299847,433.472,cut,45623,45601,no
rKaHyPar,sat14_SAT_dat.k85-24_1_rule_3.cnf.primal.hgr,no,no,5,32,0.03,0.0299847,510.371,cut,45699,45688,no
rKaHyPar,sat14_SAT_dat.k85-24_1_rule_3.cnf.primal.hgr,no,no,6,32,0.03,0.0299847,626.04,cut,45974,45964,no
rKaHyPar,sat14_SAT_dat.k85-24_1_rule_3.cnf.primal.hgr,no,no,7,32,0.03,0.0299847,494.045,cut,46243,46233,no
rKaHyPar,sat14_SAT_dat.k85-24_1_rule_3.cnf.primal.hgr,no,no,8,32,0.03,0.0279857,582.73,cut,45334,45316,no
rKaHyPar,sat14_SAT_dat.k85-24_1_rule_3.cnf.primal.hgr,no,no,9,32,0.03,0.0299847,428.891,cut,45828,45812,no
rKaHyPar,sat14_SAT_dat.k85-24_1_rule_3.cnf.primal.hgr,no,no,0,4,0.03,0.0230463,387.709,cut,3492,3492,no
rKaHyPar,sat14_SAT_dat.k85-24_1_rule_3.cnf.primal.hgr,no,no,1,4,0.03,0.0206464,429.628,cut,3492,3492,no
rKaHyPar,sat14_SAT_dat.k85-24_1_rule_3.cnf.primal.hgr,no,no,2,4,0.03,0.011067,307.164,cut,3492,3492,no
rKaHyPar,sat14_SAT_dat.k85-24_1_rule_3.cnf.primal.hgr,no,no,3,4,0.03,0.00365511,302.378,cut,3492,3492,no
rKaHyPar,sat14_SAT_dat.k85-24_1_rule_3.cnf.primal.hgr,no,no,4,4,0.03,0.0110612,406.083,cut,3492,3492,no
rKaHyPar,sat14_SAT_dat.k85-24_1_rule_3.cnf.primal.hgr,no,no,5,4,0.03,0.0128742,381.423,cut,3492,3492,no
rKaHyPar,sat14_SAT_dat.k85-24_1_rule_3.cnf.primal.hgr,no,no,6,4,0.03,0.0110641,270.116,cut,3492,3492,no
rKaHyPar,sat14_SAT_dat.k85-24_1_rule_3.cnf.primal.hgr,no,no,7,4,0.03,0.0110612,289.681,cut,3492,3492,no
rKaHyPar,sat14_SAT_dat.k85-24_1_rule_3.cnf.primal.hgr,no,no,8,4,0.03,0.01236,276.223,cut,3492,3492,no
rKaHyPar,sat14_SAT_dat.k85-24_1_rule_3.cnf.primal.hgr,no,no,9,4,0.03,0.0227849,418.258,cut,3492,3492,no
rKaHyPar,sat14_SAT_dat.k85-24_1_rule_3.cnf.primal.hgr,no,no,0,64,0.03,0.0299847,478.132,cut,69326,69195,no
rKaHyPar,sat14_SAT_dat.k85-24_1_rule_3.cnf.primal.hgr,no,no,1,64,0.03,0.0299847,479.972,cut,70396,70237,no
rKaHyPar,sat14_SAT_dat.k85-24_1_rule_3.cnf.primal.hgr,no,no,2,64,0.03,0.0299847,458.597,cut,68974,68823,no
rKaHyPar,sat14_SAT_dat.k85-24_1_rule_3.cnf.primal.hgr,no,no,3,64,0.03,0.0299847,458.631,cut,69879,69719,no
rKaHyPar,sat14_SAT_dat.k85-24_1_rule_3.cnf.primal.hgr,no,no,4,64,0.03,0.0299847,483.82,cut,71178,71016,no
rKaHyPar,sat14_SAT_dat.k85-24_1_rule_3.cnf.primal.hgr,no,no,5,64,0.03,0.0299847,460.388,cut,69918,69787,no
rKaHyPar,sat14_SAT_dat.k85-24_1_rule_3.cnf.primal.hgr,no,no,6,64,0.03,0.0299847,475.895,cut,71593,71444,no
rKaHyPar,sat14_SAT_dat.k85-24_1_rule_3.cnf.primal.hgr,no,no,7,64,0.03,0.0299847,622.469,cut,70219,70042,no
rKaHyPar,sat14_SAT_dat.k85-24_1_rule_3.cnf.primal.hgr,no,no,8,64,0.03,0.0299847,627.36,cut,71530,71346,no
rKaHyPar,sat14_SAT_dat.k85-24_1_rule_3.cnf.primal.hgr,no,no,9,64,0.03,0.0299382,468.145,cut,70291,70135,no
rKaHyPar,sat14_SAT_dat.k85-24_1_rule_3.cnf.primal.hgr,no,no,0,8,0.03,0.0187578,450.728,cut,8148,8148,no
rKaHyPar,sat14_SAT_dat.k85-24_1_rule_3.cnf.primal.hgr,no,no,1,8,0.03,0.00419553,330.55,cut,8148,8148,no
rKaHyPar,sat14_SAT_dat.k85-24_1_rule_3.cnf.primal.hgr,no,no,2,8,0.03,0.0187578,304.041,cut,8148,8148,no
rKaHyPar,sat14_SAT_dat.k85-24_1_rule_3.cnf.primal.hgr,no,no,3,8,0.03,0.00394566,430.185,cut,8148,8148,no
rKaHyPar,sat14_SAT_dat.k85-24_1_rule_3.cnf.primal.hgr,no,no,4,8,0.03,0.0187578,336.528,cut,8148,8148,no
rKaHyPar,sat14_SAT_dat.k85-24_1_rule_3.cnf.primal.hgr,no,no,5,8,0.03,0.00366673,317.774,cut,8148,8148,no
rKaHyPar,sat14_SAT_dat.k85-24_1_rule_3.cnf.primal.hgr,no,no,6,8,0.03,0.00394566,423.187,cut,8148,8148,no
rKaHyPar,sat14_SAT_dat.k85-24_1_rule_3.cnf.primal.hgr,no,no,7,8,0.03,0.0187578,421.29,cut,8148,8148,no
rKaHyPar,sat14_SAT_dat.k85-24_1_rule_3.cnf.primal.hgr,no,no,8,8,0.03,0.00394566,294.022,cut,8148,8148,no
rKaHyPar,sat14_SAT_dat.k85-24_1_rule_3.cnf.primal.hgr,no,no,9,8,0.03,0.00394566,313.767,cut,8148,8148,no
rKaHyPar,sat14_SAT_dat.k90.debugged.cnf.dual.hgr,no,no,0,128,0.03,0.0298517,1096.47,cut,44758,35669,no
rKaHyPar,sat14_SAT_dat.k90.debugged.cnf.dual.hgr,no,no,1,128,0.03,0.0297398,1102.46,cut,45029,35680,no
rKaHyPar,sat14_SAT_dat.k90.debugged.cnf.dual.hgr,no,no,2,128,0.03,0.029807,1101.69,cut,45127,35594,no
rKaHyPar,sat14_SAT_dat.k90.debugged.cnf.dual.hgr,no,no,3,128,0.03,0.0296726,1108.36,cut,45141,35826,no
rKaHyPar,sat14_SAT_dat.k90.debugged.cnf.dual.hgr,no,no,4,128,0.03,0.029471,1564.68,cut,45086,35705,no
rKaHyPar,sat14_SAT_dat.k90.debugged.cnf.dual.hgr,no,no,5,128,0.03,0.0282841,1110.52,cut,44777,35774,no
rKaHyPar,sat14_SAT_dat.k90.debugged.cnf.dual.hgr,no,no,6,128,0.03,0.0298965,1099.43,cut,45326,35690,no
rKaHyPar,sat14_SAT_dat.k90.debugged.cnf.dual.hgr,no,no,7,128,0.03,0.0292919,1558.67,cut,45341,35588,no
rKaHyPar,sat14_SAT_dat.k90.debugged.cnf.dual.hgr,no,no,8,128,0.03,0.0294934,1100.14,cut,44677,35395,no
rKaHyPar,sat14_SAT_dat.k90.debugged.cnf.dual.hgr,no,no,9,128,0.03,0.0297622,1097.06,cut,45634,35509,no
rKaHyPar,sat14_SAT_dat.k90.debugged.cnf.dual.hgr,no,no,0,16,0.03,0.0299277,765.107,cut,9063,8984,no
rKaHyPar,sat14_SAT_dat.k90.debugged.cnf.dual.hgr,no,no,1,16,0.03,0.0267364,764.601,cut,9082,8986,no
rKaHyPar,sat14_SAT_dat.k90.debugged.cnf.dual.hgr,no,no,2,16,0.03,0.0286736,1086.3,cut,9260,9002,no
rKaHyPar,sat14_SAT_dat.k90.debugged.cnf.dual.hgr,no,no,3,16,0.03,0.0275202,774.732,cut,9130,9028,no
rKaHyPar,sat14_SAT_dat.k90.debugged.cnf.dual.hgr,no,no,4,16,0.03,0.0245557,763.437,cut,9101,8958,no
rKaHyPar,sat14_SAT_dat.k90.debugged.cnf.dual.hgr,no,no,5,16,0.03,0.0298409,762.31,cut,9098,8960,no
rKaHyPar,sat14_SAT_dat.k90.debugged.cnf.dual.hgr,no,no,6,16,0.03,0.0299221,1087.67,cut,9078,8940,no
rKaHyPar,sat14_SAT_dat.k90.debugged.cnf.dual.hgr,no,no,7,16,0.03,0.0249812,759.292,cut,9066,8951,no
rKaHyPar,sat14_SAT_dat.k90.debugged.cnf.dual.hgr,no,no,8,16,0.03,0.0260002,768.82,cut,9123,8965,no
rKaHyPar,sat14_SAT_dat.k90.debugged.cnf.dual.hgr,no,no,9,16,0.03,0.0297513,765.453,cut,9125,8946,no
rKaHyPar,sat14_SAT_dat.k90.debugged.cnf.dual.hgr,no,no,0,2,0.03,0.00201447,505.745,cut,580,580,no
rKaHyPar,sat14_SAT_dat.k90.debugged.cnf.dual.hgr,no,no,1,2,0.03,3.49917e-07,347.18,cut,580,580,no
rKaHyPar,sat14_SAT_dat.k90.debugged.cnf.dual.hgr,no,no,2,2,0.03,0.00201377,355.578,cut,580,580,no
rKaHyPar,sat14_SAT_dat.k90.debugged.cnf.dual.hgr,no,no,3,2,0.03,0.000289381,527.349,cut,580,580,no
rKaHyPar,sat14_SAT_dat.k90.debugged.cnf.dual.hgr,no,no,4,2,0.03,0.00201587,374.287,cut,580,580,no
rKaHyPar,sat14_SAT_dat.k90.debugged.cnf.dual.hgr,no,no,5,2,0.03,0.000288681,344.24,cut,580,580,no
rKaHyPar,sat14_SAT_dat.k90.debugged.cnf.dual.hgr,no,no,6,2,0.03,0.000288681,353.307,cut,580,580,no
rKaHyPar,sat14_SAT_dat.k90.debugged.cnf.dual.hgr,no,no,7,2,0.03,0.00201447,503.583,cut,580,580,no
rKaHyPar,sat14_SAT_dat.k90.debugged.cnf.dual.hgr,no,no,8,2,0.03,0.000289381,491.855,cut,580,580,no
rKaHyPar,sat14_SAT_dat.k90.debugged.cnf.dual.hgr,no,no,9,2,0.03,0.00058821,350.023,cut,580,580,no
rKaHyPar,sat14_SAT_dat.k90.debugged.cnf.dual.hgr,no,no,0,32,0.03,0.0298633,1247.3,cut,14186,13262,no
rKaHyPar,sat14_SAT_dat.k90.debugged.cnf.dual.hgr,no,no,1,32,0.03,0.0299865,874.385,cut,14365,13467,no
rKaHyPar,sat14_SAT_dat.k90.debugged.cnf.dual.hgr,no,no,2,32,0.03,0.0298801,875.347,cut,14038,13258,no
rKaHyPar,sat14_SAT_dat.k90.debugged.cnf.dual.hgr,no,no,3,32,0.03,0.0298185,1237.51,cut,14438,13280,no
rKaHyPar,sat14_SAT_dat.k90.debugged.cnf.dual.hgr,no,no,4,32,0.03,0.0298633,874.283,cut,14429,13418,no
rKaHyPar,sat14_SAT_dat.k90.debugged.cnf.dual.hgr,no,no,5,32,0.03,0.0298073,872.276,cut,14433,13407,no
rKaHyPar,sat14_SAT_dat.k90.debugged.cnf.dual.hgr,no,no,6,32,0.03,0.0299809,1245.79,cut,14212,13307,no
rKaHyPar,sat14_SAT_dat.k90.debugged.cnf.dual.hgr,no,no,7,32,0.03,0.0299361,870.846,cut,14250,13369,no
rKaHyPar,sat14_SAT_dat.k90.debugged.cnf.dual.hgr,no,no,8,32,0.03,0.0298857,1256.44,cut,14029,13224,no
rKaHyPar,sat14_SAT_dat.k90.debugged.cnf.dual.hgr,no,no,9,32,0.03,0.0297121,872.273,cut,14573,13495,no
rKaHyPar,sat14_SAT_dat.k90.debugged.cnf.dual.hgr,no,no,0,4,0.03,0.0205366,729.631,cut,1746,1740,no
rKaHyPar,sat14_SAT_dat.k90.debugged.cnf.dual.hgr,no,no,1,4,0.03,0.0212609,742.049,cut,1752,1740,no
rKaHyPar,sat14_SAT_dat.k90.debugged.cnf.dual.hgr,no,no,2,4,0.03,0.0212546,520.145,cut,1750,1740,no
rKaHyPar,sat14_SAT_dat.k90.debugged.cnf.dual.hgr,no,no,3,4,0.03,0.0215605,740.348,cut,1740,1740,no
rKaHyPar,sat14_SAT_dat.k90.debugged.cnf.dual.hgr,no,no,4,4,0.03,0.0205359,732.058,cut,1746,1740,no
rKaHyPar,sat14_SAT_dat.k90.debugged.cnf.dual.hgr,no,no,5,4,0.03,0.0215556,516.529,cut,1746,1740,no
rKaHyPar,sat14_SAT_dat.k90.debugged.cnf.dual.hgr,no,no,6,4,0.03,0.0205366,744.594,cut,1740,1740,no
rKaHyPar,sat14_SAT_dat.k90.debugged.cnf.dual.hgr,no,no,7,4,0.03,0.0205359,531.498,cut,1746,1740,no
rKaHyPar,sat14_SAT_dat.k90.debugged.cnf.dual.hgr,no,no,8,4,0.03,0.0215605,525.008,cut,1740,1740,no
rKaHyPar,sat14_SAT_dat.k90.debugged.cnf.dual.hgr,no,no,9,4,0.03,0.0206507,752.789,cut,1754,1740,no
rKaHyPar,sat14_SAT_dat.k90.debugged.cnf.dual.hgr,no,no,0,64,0.03,0.0298857,989.645,cut,25514,22542,no
rKaHyPar,sat14_SAT_dat.k90.debugged.cnf.dual.hgr,no,no,1,64,0.03,0.0299193,990.167,cut,25892,22608,no
rKaHyPar,sat14_SAT_dat.k90.debugged.cnf.dual.hgr,no,no,2,64,0.03,0.0299081,985.331,cut,25539,22581,no
rKaHyPar,sat14_SAT_dat.k90.debugged.cnf.dual.hgr,no,no,3,64,0.03,0.0299081,1008.39,cut,25361,22497,no
rKaHyPar,sat14_SAT_dat.k90.debugged.cnf.dual.hgr,no,no,4,64,0.03,0.0298185,994.553,cut,25508,22602,no
rKaHyPar,sat14_SAT_dat.k90.debugged.cnf.dual.hgr,no,no,5,64,0.03,0.0299529,1419.16,cut,25271,22314,no
rKaHyPar,sat14_SAT_dat.k90.debugged.cnf.dual.hgr,no,no,6,64,0.03,0.0299865,994.46,cut,25396,22399,no
rKaHyPar,sat14_SAT_dat.k90.debugged.cnf.dual.hgr,no,no,7,64,0.03,0.0299305,1008.84,cut,25196,22455,no
rKaHyPar,sat14_SAT_dat.k90.debugged.cnf.dual.hgr,no,no,8,64,0.03,0.0299529,989.335,cut,25805,22569,no
rKaHyPar,sat14_SAT_dat.k90.debugged.cnf.dual.hgr,no,no,9,64,0.03,0.0299305,986.017,cut,25434,22487,no
rKaHyPar,sat14_SAT_dat.k90.debugged.cnf.dual.hgr,no,no,0,8,0.03,0.0222183,924.073,cut,4127,4081,no
rKaHyPar,sat14_SAT_dat.k90.debugged.cnf.dual.hgr,no,no,1,8,0.03,0.0218474,640.931,cut,4177,4102,no
rKaHyPar,sat14_SAT_dat.k90.debugged.cnf.dual.hgr,no,no,2,8,0.03,0.0211182,911.427,cut,4142,4081,no
rKaHyPar,sat14_SAT_dat.k90.debugged.cnf.dual.hgr,no,no,3,8,0.03,0.0209292,922.794,cut,4119,4102,no
rKaHyPar,sat14_SAT_dat.k90.debugged.cnf.dual.hgr,no,no,5,8,0.03,0.0214177,652.659,cut,4119,4081,no
rKaHyPar,sat14_SAT_dat.k90.debugged.cnf.dual.hgr,no,no,7,8,0.03,0.0184602,922.264,cut,4209,4115,no
rKaHyPar,sat14_SAT_dat.k90.debugged.cnf.dual.hgr,no,no,8,8,0.03,0.020841,926.587,cut,4145,4102,no
rKaHyPar,sat14_SAT_dat.k90.debugged.cnf.dual.hgr,no,no,9,8,0.03,0.0209068,649.636,cut,4144,4081,no
rKaHyPar,sat14_SAT_dat.k90.debugged.cnf.hgr,no,no,0,128,0.03,0.0299751,1182.26,cut,141778,140429,no
rKaHyPar,sat14_SAT_dat.k90.debugged.cnf.hgr,no,no,1,128,0.03,0.0299751,1200.94,cut,142662,141273,no
rKaHyPar,sat14_SAT_dat.k90.debugged.cnf.hgr,no,no,2,128,0.03,0.0299751,1143.14,cut,142783,141307,no
rKaHyPar,sat14_SAT_dat.k90.debugged.cnf.hgr,no,no,3,128,0.03,0.0299751,1202.34,cut,142600,141165,no
rKaHyPar,sat14_SAT_dat.k90.debugged.cnf.hgr,no,no,4,128,0.03,0.0299751,1626.66,cut,143361,141860,no
rKaHyPar,sat14_SAT_dat.k90.debugged.cnf.hgr,no,no,5,128,0.03,0.0299751,1190.46,cut,141112,139664,no
rKaHyPar,sat14_SAT_dat.k90.debugged.cnf.hgr,no,no,6,128,0.03,0.0299751,1161.28,cut,144996,143639,no
rKaHyPar,sat14_SAT_dat.k90.debugged.cnf.hgr,no,no,7,128,0.03,0.0299751,1626.06,cut,142396,140973,no
rKaHyPar,sat14_SAT_dat.k90.debugged.cnf.hgr,no,no,8,128,0.03,0.0299751,1689.03,cut,142842,141360,no
rKaHyPar,sat14_SAT_dat.k90.debugged.cnf.hgr,no,no,9,128,0.03,0.0299751,1154.99,cut,140371,139061,no
rKaHyPar,sat14_SAT_dat.k90.debugged.cnf.hgr,no,no,0,16,0.03,0.0299975,1022.87,cut,20409,20409,no
rKaHyPar,sat14_SAT_dat.k90.debugged.cnf.hgr,no,no,1,16,0.03,0.0299975,900.096,cut,20267,20267,no
rKaHyPar,sat14_SAT_dat.k90.debugged.cnf.hgr,no,no,2,16,0.03,0.0299975,1187.5,cut,20417,20417,no
rKaHyPar,sat14_SAT_dat.k90.debugged.cnf.hgr,no,no,3,16,0.03,0.0299808,1056.76,cut,20304,20304,no
rKaHyPar,sat14_SAT_dat.k90.debugged.cnf.hgr,no,no,4,16,0.03,0.0299975,1050.19,cut,20621,20621,no
rKaHyPar,sat14_SAT_dat.k90.debugged.cnf.hgr,no,no,5,16,0.03,0.0299864,862.651,cut,20583,20583,no
rKaHyPar,sat14_SAT_dat.k90.debugged.cnf.hgr,no,no,6,16,0.03,0.0299975,1340.5,cut,20219,20219,no
rKaHyPar,sat14_SAT_dat.k90.debugged.cnf.hgr,no,no,7,16,0.03,0.0299084,932.055,cut,20540,20538,no
rKaHyPar,sat14_SAT_dat.k90.debugged.cnf.hgr,no,no,8,16,0.03,0.0299975,983.223,cut,20292,20292,no
rKaHyPar,sat14_SAT_dat.k90.debugged.cnf.hgr,no,no,9,16,0.03,0.0299975,850.272,cut,20516,20516,no
rKaHyPar,sat14_SAT_dat.k90.debugged.cnf.hgr,no,no,0,2,0.03,0.00490217,676.018,cut,1164,1164,no
rKaHyPar,sat14_SAT_dat.k90.debugged.cnf.hgr,no,no,1,2,0.03,0.00871311,439.353,cut,1164,1164,no
rKaHyPar,sat14_SAT_dat.k90.debugged.cnf.hgr,no,no,2,2,0.03,0.00871381,384.928,cut,1164,1164,no
rKaHyPar,sat14_SAT_dat.k90.debugged.cnf.hgr,no,no,3,2,0.03,0.00490217,563.534,cut,1164,1164,no
rKaHyPar,sat14_SAT_dat.k90.debugged.cnf.hgr,no,no,4,2,0.03,0.00490147,529.275,cut,1164,1164,no
rKaHyPar,sat14_SAT_dat.k90.debugged.cnf.hgr,no,no,5,2,0.03,0.00137378,491.987,cut,1164,1164,no
rKaHyPar,sat14_SAT_dat.k90.debugged.cnf.hgr,no,no,6,2,0.03,0.00490217,384.804,cut,1164,1164,no
rKaHyPar,sat14_SAT_dat.k90.debugged.cnf.hgr,no,no,7,2,0.03,0.00488686,600.821,cut,1164,1164,no
rKaHyPar,sat14_SAT_dat.k90.debugged.cnf.hgr,no,no,8,2,0.03,0.00124224,603.513,cut,1164,1164,no
rKaHyPar,sat14_SAT_dat.k90.debugged.cnf.hgr,no,no,9,2,0.03,0.000629126,450.407,cut,1164,1164,no
rKaHyPar,sat14_SAT_dat.k90.debugged.cnf.hgr,no,no,0,32,0.03,0.0299862,1323.69,cut,42346,42314,no
rKaHyPar,sat14_SAT_dat.k90.debugged.cnf.hgr,no,no,1,32,0.03,0.0299973,1065.21,cut,43602,43543,no
rKaHyPar,sat14_SAT_dat.k90.debugged.cnf.hgr,no,no,2,32,0.03,0.0299973,956.502,cut,43027,42986,no
rKaHyPar,sat14_SAT_dat.k90.debugged.cnf.hgr,no,no,3,32,0.03,0.0299973,1430.83,cut,42325,42298,no
rKaHyPar,sat14_SAT_dat.k90.debugged.cnf.hgr,no,no,4,32,0.03,0.0299973,1079.04,cut,43551,43527,no
rKaHyPar,sat14_SAT_dat.k90.debugged.cnf.hgr,no,no,5,32,0.03,0.0298303,948.063,cut,42204,42184,no
rKaHyPar,sat14_SAT_dat.k90.debugged.cnf.hgr,no,no,6,32,0.03,0.0299973,1395.78,cut,43714,43669,no
rKaHyPar,sat14_SAT_dat.k90.debugged.cnf.hgr,no,no,7,32,0.03,0.0299973,1063.27,cut,43262,43229,no
rKaHyPar,sat14_SAT_dat.k90.debugged.cnf.hgr,no,no,8,32,0.03,0.0299862,1463.92,cut,42781,42758,no
rKaHyPar,sat14_SAT_dat.k90.debugged.cnf.hgr,no,no,9,32,0.03,0.0299862,968.29,cut,43055,43001,no
rKaHyPar,sat14_SAT_dat.k90.debugged.cnf.hgr,no,no,0,4,0.03,0.00501769,793.647,cut,3492,3492,no
rKaHyPar,sat14_SAT_dat.k90.debugged.cnf.hgr,no,no,1,4,0.03,0.0124071,855.607,cut,3492,3492,no
rKaHyPar,sat14_SAT_dat.k90.debugged.cnf.hgr,no,no,2,4,0.03,0.0124071,538.98,cut,3492,3492,no
rKaHyPar,sat14_SAT_dat.k90.debugged.cnf.hgr,no,no,3,4,0.03,0.0124085,818.345,cut,3492,3492,no
rKaHyPar,sat14_SAT_dat.k90.debugged.cnf.hgr,no,no,4,4,0.03,0.00475602,761.376,cut,3492,3492,no
rKaHyPar,sat14_SAT_dat.k90.debugged.cnf.hgr,no,no,5,4,0.03,0.00475463,844.832,cut,3492,3492,no
rKaHyPar,sat14_SAT_dat.k90.debugged.cnf.hgr,no,no,6,4,0.03,0.0050163,834.65,cut,3492,3492,no
rKaHyPar,sat14_SAT_dat.k90.debugged.cnf.hgr,no,no,7,4,0.03,0.00639147,597.429,cut,3492,3492,no
rKaHyPar,sat14_SAT_dat.k90.debugged.cnf.hgr,no,no,8,4,0.03,0.0124071,591.682,cut,3492,3492,no
rKaHyPar,sat14_SAT_dat.k90.debugged.cnf.hgr,no,no,9,4,0.03,0.0174443,802.16,cut,3492,3492,no
rKaHyPar,sat14_SAT_dat.k90.debugged.cnf.hgr,no,no,0,64,0.03,0.0299973,1149.65,cut,72555,72335,no
rKaHyPar,sat14_SAT_dat.k90.debugged.cnf.hgr,no,no,1,64,0.03,0.0298637,1148.7,cut,74178,73851,no
rKaHyPar,sat14_SAT_dat.k90.debugged.cnf.hgr,no,no,2,64,0.03,0.0298192,1076.98,cut,74249,73974,no
rKaHyPar,sat14_SAT_dat.k90.debugged.cnf.hgr,no,no,3,64,0.03,0.0294629,1128.43,cut,74120,73877,no
rKaHyPar,sat14_SAT_dat.k90.debugged.cnf.hgr,no,no,4,64,0.03,0.0299305,1139.82,cut,73943,73619,no
rKaHyPar,sat14_SAT_dat.k90.debugged.cnf.hgr,no,no,5,64,0.03,0.0299528,1577.92,cut,74090,73828,no
rKaHyPar,sat14_SAT_dat.k90.debugged.cnf.hgr,no,no,6,64,0.03,0.0299973,1108.98,cut,73728,73529,no
rKaHyPar,sat14_SAT_dat.k90.debugged.cnf.hgr,no,no,7,64,0.03,0.0299973,1555.82,cut,74663,74333,no
rKaHyPar,sat14_SAT_dat.k90.debugged.cnf.hgr,no,no,8,64,0.03,0.0295742,1514.55,cut,73885,73659,no
rKaHyPar,sat14_SAT_dat.k90.debugged.cnf.hgr,no,no,9,64,0.03,0.0298637,1080.6,cut,74034,73770,no
rKaHyPar,sat14_SAT_dat.k90.debugged.cnf.hgr,no,no,0,8,0.03,0.0283134,1017.85,cut,8730,8730,no
rKaHyPar,sat14_SAT_dat.k90.debugged.cnf.hgr,no,no,1,8,0.03,0.0167971,711.95,cut,8730,8730,no
rKaHyPar,sat14_SAT_dat.k90.debugged.cnf.hgr,no,no,2,8,0.03,0.0280128,943.725,cut,8598,8598,no
rKaHyPar,sat14_SAT_dat.k90.debugged.cnf.hgr,no,no,3,8,0.03,0.0170977,1025.13,cut,9021,9021,no
rKaHyPar,sat14_SAT_dat.k90.debugged.cnf.hgr,no,no,5,8,0.03,0.0209421,728.557,cut,8730,8730,no
rKaHyPar,sat14_SAT_dat.k90.debugged.cnf.hgr,no,no,7,8,0.03,0.0291346,971.465,cut,8857,8857,no
rKaHyPar,sat14_SAT_dat.k90.debugged.cnf.hgr,no,no,8,8,0.03,0.0235922,975.926,cut,8730,8730,no
rKaHyPar,sat14_SAT_dat.k90.debugged.cnf.hgr,no,no,9,8,0.03,0.0237258,703.078,cut,8439,8439,no
rKaHyPar,sat14_SAT_dat.k90.debugged.cnf.primal.hgr,no,no,0,128,0.03,0.029928,563.539,cut,142784,142174,no
rKaHyPar,sat14_SAT_dat.k90.debugged.cnf.primal.hgr,no,no,1,128,0.03,0.029928,576.552,cut,143774,143159,no
rKaHyPar,sat14_SAT_dat.k90.debugged.cnf.primal.hgr,no,no,2,128,0.03,0.029928,572.386,cut,142843,142143,no
rKaHyPar,sat14_SAT_dat.k90.debugged.cnf.primal.hgr,no,no,3,128,0.03,0.029928,548.792,cut,142815,142096,no
rKaHyPar,sat14_SAT_dat.k90.debugged.cnf.primal.hgr,no,no,4,128,0.03,0.029928,757.106,cut,143329,142608,no
rKaHyPar,sat14_SAT_dat.k90.debugged.cnf.primal.hgr,no,no,5,128,0.03,0.029928,577.859,cut,142762,142116,no
rKaHyPar,sat14_SAT_dat.k90.debugged.cnf.primal.hgr,no,no,6,128,0.03,0.029928,579.881,cut,142454,141737,no
rKaHyPar,sat14_SAT_dat.k90.debugged.cnf.primal.hgr,no,no,7,128,0.03,0.029928,752.133,cut,142163,141600,no
rKaHyPar,sat14_SAT_dat.k90.debugged.cnf.primal.hgr,no,no,8,128,0.03,0.029928,583.772,cut,144449,143906,no
rKaHyPar,sat14_SAT_dat.k90.debugged.cnf.primal.hgr,no,no,9,128,0.03,0.029928,563.609,cut,142953,142359,no
rKaHyPar,sat14_SAT_dat.k90.debugged.cnf.primal.hgr,no,no,0,16,0.03,0.0299945,390.155,cut,19028,19028,no
rKaHyPar,sat14_SAT_dat.k90.debugged.cnf.primal.hgr,no,no,1,16,0.03,0.0299945,410.442,cut,19776,19775,no
rKaHyPar,sat14_SAT_dat.k90.debugged.cnf.primal.hgr,no,no,2,16,0.03,0.0299945,577.592,cut,19548,19548,no
rKaHyPar,sat14_SAT_dat.k90.debugged.cnf.primal.hgr,no,no,3,16,0.03,0.0299726,400.232,cut,19500,19500,no
rKaHyPar,sat14_SAT_dat.k90.debugged.cnf.primal.hgr,no,no,4,16,0.03,0.0299945,391.432,cut,19390,19390,no
rKaHyPar,sat14_SAT_dat.k90.debugged.cnf.primal.hgr,no,no,5,16,0.03,0.0299945,406.725,cut,19267,19267,no
rKaHyPar,sat14_SAT_dat.k90.debugged.cnf.primal.hgr,no,no,6,16,0.03,0.0298629,579.435,cut,19296,19296,no
rKaHyPar,sat14_SAT_dat.k90.debugged.cnf.primal.hgr,no,no,7,16,0.03,0.0299726,411.676,cut,20843,20843,no
rKaHyPar,sat14_SAT_dat.k90.debugged.cnf.primal.hgr,no,no,8,16,0.03,0.0299945,441.661,cut,20314,20314,no
rKaHyPar,sat14_SAT_dat.k90.debugged.cnf.primal.hgr,no,no,9,16,0.03,0.0299945,392.129,cut,19615,19615,no
rKaHyPar,sat14_SAT_dat.k90.debugged.cnf.primal.hgr,no,no,0,2,0.03,0.00506722,314.845,cut,1164,1164,no
rKaHyPar,sat14_SAT_dat.k90.debugged.cnf.primal.hgr,no,no,1,2,0.03,0.00952419,286.427,cut,1164,1164,no
rKaHyPar,sat14_SAT_dat.k90.debugged.cnf.primal.hgr,no,no,2,2,0.03,0.00610124,243.31,cut,1164,1164,no
rKaHyPar,sat14_SAT_dat.k90.debugged.cnf.primal.hgr,no,no,3,2,0.03,0.00126029,430.638,cut,1164,1164,no
rKaHyPar,sat14_SAT_dat.k90.debugged.cnf.primal.hgr,no,no,4,2,0.03,0.00697481,234.147,cut,1164,1164,no
rKaHyPar,sat14_SAT_dat.k90.debugged.cnf.primal.hgr,no,no,5,2,0.03,0.00956259,222.449,cut,1164,1164,no
rKaHyPar,sat14_SAT_dat.k90.debugged.cnf.primal.hgr,no,no,6,2,0.03,0.00952419,307.883,cut,1164,1164,no
rKaHyPar,sat14_SAT_dat.k90.debugged.cnf.primal.hgr,no,no,7,2,0.03,0.000128909,283.027,cut,1164,1164,no
rKaHyPar,sat14_SAT_dat.k90.debugged.cnf.primal.hgr,no,no,8,2,0.03,0.00126166,373.485,cut,1164,1164,no
rKaHyPar,sat14_SAT_dat.k90.debugged.cnf.primal.hgr,no,no,9,2,0.03,0.00610124,206.061,cut,1164,1164,no
rKaHyPar,sat14_SAT_dat.k90.debugged.cnf.primal.hgr,no,no,0,32,0.03,0.0299945,677.642,cut,42317,42296,no
rKaHyPar,sat14_SAT_dat.k90.debugged.cnf.primal.hgr,no,no,1,32,0.03,0.0299945,533.509,cut,42095,42082,no
rKaHyPar,sat14_SAT_dat.k90.debugged.cnf.primal.hgr,no,no,2,32,0.03,0.0299945,468.89,cut,42032,41991,no
rKaHyPar,sat14_SAT_dat.k90.debugged.cnf.primal.hgr,no,no,3,32,0.03,0.0299945,677.802,cut,42141,42119,no
rKaHyPar,sat14_SAT_dat.k90.debugged.cnf.primal.hgr,no,no,4,32,0.03,0.0299945,528.941,cut,41657,41634,no
rKaHyPar,sat14_SAT_dat.k90.debugged.cnf.primal.hgr,no,no,5,32,0.03,0.0299945,475.214,cut,43319,43290,no
rKaHyPar,sat14_SAT_dat.k90.debugged.cnf.primal.hgr,no,no,6,32,0.03,0.0299945,738.054,cut,42647,42611,no
rKaHyPar,sat14_SAT_dat.k90.debugged.cnf.primal.hgr,no,no,7,32,0.03,0.0299945,447.927,cut,41697,41673,no
rKaHyPar,sat14_SAT_dat.k90.debugged.cnf.primal.hgr,no,no,8,32,0.03,0.0299945,488.642,cut,40694,40687,no
rKaHyPar,sat14_SAT_dat.k90.debugged.cnf.primal.hgr,no,no,9,32,0.03,0.0299945,474.977,cut,40417,40386,no
rKaHyPar,sat14_SAT_dat.k90.debugged.cnf.primal.hgr,no,no,0,4,0.03,0.0211219,418.771,cut,3492,3492,no
rKaHyPar,sat14_SAT_dat.k90.debugged.cnf.primal.hgr,no,no,1,4,0.03,0.0107735,437.332,cut,3492,3492,no
rKaHyPar,sat14_SAT_dat.k90.debugged.cnf.primal.hgr,no,no,2,4,0.03,0.000597919,462.177,cut,3492,3492,no
rKaHyPar,sat14_SAT_dat.k90.debugged.cnf.primal.hgr,no,no,3,4,0.03,0.0165442,430.395,cut,3492,3492,no
rKaHyPar,sat14_SAT_dat.k90.debugged.cnf.primal.hgr,no,no,4,4,0.03,0.0112507,383.261,cut,3492,3492,no
rKaHyPar,sat14_SAT_dat.k90.debugged.cnf.primal.hgr,no,no,5,4,0.03,0.00971481,305.036,cut,3492,3492,no
rKaHyPar,sat14_SAT_dat.k90.debugged.cnf.primal.hgr,no,no,6,4,0.03,0.0129129,469.612,cut,3492,3492,no
rKaHyPar,sat14_SAT_dat.k90.debugged.cnf.primal.hgr,no,no,7,4,0.03,0.0092266,284.53,cut,3492,3492,no
rKaHyPar,sat14_SAT_dat.k90.debugged.cnf.primal.hgr,no,no,8,4,0.03,0.00323096,433.825,cut,3492,3492,no
rKaHyPar,sat14_SAT_dat.k90.debugged.cnf.primal.hgr,no,no,9,4,0.03,0.016813,437.008,cut,3492,3492,no
rKaHyPar,sat14_SAT_dat.k90.debugged.cnf.primal.hgr,no,no,0,64,0.03,0.0299719,510.955,cut,71833,71687,no
rKaHyPar,sat14_SAT_dat.k90.debugged.cnf.primal.hgr,no,no,1,64,0.03,0.0299719,733.503,cut,73949,73779,no
rKaHyPar,sat14_SAT_dat.k90.debugged.cnf.primal.hgr,no,no,2,64,0.03,0.0299719,535.083,cut,74811,74676,no
rKaHyPar,sat14_SAT_dat.k90.debugged.cnf.primal.hgr,no,no,3,64,0.03,0.029928,535.944,cut,71866,71749,no
rKaHyPar,sat14_SAT_dat.k90.debugged.cnf.primal.hgr,no,no,4,64,0.03,0.0299719,508.546,cut,71074,71029,no
rKaHyPar,sat14_SAT_dat.k90.debugged.cnf.primal.hgr,no,no,5,64,0.03,0.0299719,735.476,cut,72288,72153,no
rKaHyPar,sat14_SAT_dat.k90.debugged.cnf.primal.hgr,no,no,6,64,0.03,0.0299719,566.462,cut,72989,72880,no
rKaHyPar,sat14_SAT_dat.k90.debugged.cnf.primal.hgr,no,no,7,64,0.03,0.0297964,514.011,cut,70787,70635,no
rKaHyPar,sat14_SAT_dat.k90.debugged.cnf.primal.hgr,no,no,8,64,0.03,0.0299719,526.306,cut,72150,72012,no
rKaHyPar,sat14_SAT_dat.k90.debugged.cnf.primal.hgr,no,no,9,64,0.03,0.0299719,514.521,cut,72517,72435,no
rKaHyPar,sat14_SAT_dat.k90.debugged.cnf.primal.hgr,no,no,0,8,0.03,0.0297478,466.951,cut,9003,9003,no
rKaHyPar,sat14_SAT_dat.k90.debugged.cnf.primal.hgr,no,no,1,8,0.03,0.0299947,434.614,cut,8538,8538,no
rKaHyPar,sat14_SAT_dat.k90.debugged.cnf.primal.hgr,no,no,2,8,0.03,0.0299947,478.809,cut,8543,8543,no
rKaHyPar,sat14_SAT_dat.k90.debugged.cnf.primal.hgr,no,no,3,8,0.03,0.0299947,445.954,cut,8677,8677,no
rKaHyPar,sat14_SAT_dat.k90.debugged.cnf.primal.hgr,no,no,4,8,0.03,0.0299453,332.989,cut,8571,8571,no
rKaHyPar,sat14_SAT_dat.k90.debugged.cnf.primal.hgr,no,no,5,8,0.03,0.0296875,345.996,cut,8479,8479,no
rKaHyPar,sat14_SAT_dat.k90.debugged.cnf.primal.hgr,no,no,7,8,0.03,0.0299947,452.995,cut,8593,8593,no
rKaHyPar,sat14_SAT_dat.k90.debugged.cnf.primal.hgr,no,no,8,8,0.03,0.0299892,470.604,cut,8436,8436,no
rKaHyPar,sat14_SAT_dat.k90.debugged.cnf.primal.hgr,no,no,9,8,0.03,0.0298246,316.945,cut,8602,8602,no
rKaHyPar,sat14_SAT_dat.k95-24_1_rule_3.cnf.dual.hgr,no,no,0,128,0.03,0.0295602,1175.37,cut,44790,36423,no
rKaHyPar,sat14_SAT_dat.k95-24_1_rule_3.cnf.dual.hgr,no,no,1,128,0.03,0.0298995,1172.27,cut,45417,36808,no
rKaHyPar,sat14_SAT_dat.k95-24_1_rule_3.cnf.dual.hgr,no,no,2,128,0.03,0.0299419,1168.53,cut,45835,36580,no
rKaHyPar,sat14_SAT_dat.k95-24_1_rule_3.cnf.dual.hgr,no,no,3,128,0.03,0.0296874,1176.15,cut,44948,36297,no
rKaHyPar,sat14_SAT_dat.k95-24_1_rule_3.cnf.dual.hgr,no,no,4,128,0.03,0.0299843,1667.68,cut,45159,36321,no
rKaHyPar,sat14_SAT_dat.k95-24_1_rule_3.cnf.dual.hgr,no,no,5,128,0.03,0.0298783,1175.12,cut,46000,36271,no
rKaHyPar,sat14_SAT_dat.k95-24_1_rule_3.cnf.dual.hgr,no,no,6,128,0.03,0.0297086,1175.25,cut,45551,36574,no
rKaHyPar,sat14_SAT_dat.k95-24_1_rule_3.cnf.dual.hgr,no,no,7,128,0.03,0.029751,1668.14,cut,45739,36398,no
rKaHyPar,sat14_SAT_dat.k95-24_1_rule_3.cnf.dual.hgr,no,no,8,128,0.03,0.0299631,1669.45,cut,46267,36553,no
rKaHyPar,sat14_SAT_dat.k95-24_1_rule_3.cnf.dual.hgr,no,no,9,128,0.03,0.0298571,1173.21,cut,45367,36384,no
rKaHyPar,sat14_SAT_dat.k95-24_1_rule_3.cnf.dual.hgr,no,no,0,16,0.03,0.00937017,819.412,cut,8799,8742,no
rKaHyPar,sat14_SAT_dat.k95-24_1_rule_3.cnf.dual.hgr,no,no,1,16,0.03,0.0246222,815.985,cut,8805,8745,no
rKaHyPar,sat14_SAT_dat.k95-24_1_rule_3.cnf.dual.hgr,no,no,2,16,0.03,0.0295631,1444.03,cut,8783,8700,no
rKaHyPar,sat14_SAT_dat.k95-24_1_rule_3.cnf.dual.hgr,no,no,3,16,0.03,0.0294995,905.109,cut,8815,8738,no
rKaHyPar,sat14_SAT_dat.k95-24_1_rule_3.cnf.dual.hgr,no,no,4,16,0.03,0.00997718,952.438,cut,8776,8700,no
rKaHyPar,sat14_SAT_dat.k95-24_1_rule_3.cnf.dual.hgr,no,no,5,16,0.03,0.00962729,903.927,cut,8787,8722,no
rKaHyPar,sat14_SAT_dat.k95-24_1_rule_3.cnf.dual.hgr,no,no,6,16,0.03,0.0294995,1286.53,cut,8802,8736,no
rKaHyPar,sat14_SAT_dat.k95-24_1_rule_3.cnf.dual.hgr,no,no,7,16,0.03,0.0294995,856.163,cut,8851,8784,no
rKaHyPar,sat14_SAT_dat.k95-24_1_rule_3.cnf.dual.hgr,no,no,8,16,0.03,0.0295021,819.357,cut,8753,8712,no
rKaHyPar,sat14_SAT_dat.k95-24_1_rule_3.cnf.dual.hgr,no,no,9,16,0.03,0.0131686,934.723,cut,8800,8720,no
rKaHyPar,sat14_SAT_dat.k95-24_1_rule_3.cnf.dual.hgr,no,no,0,2,0.03,0.00922772,530.787,cut,580,580,no
rKaHyPar,sat14_SAT_dat.k95-24_1_rule_3.cnf.dual.hgr,no,no,1,2,0.03,0.000700114,376.103,cut,580,580,no
rKaHyPar,sat14_SAT_dat.k95-24_1_rule_3.cnf.dual.hgr,no,no,2,2,0.03,0.00865417,370.078,cut,580,580,no
rKaHyPar,sat14_SAT_dat.k95-24_1_rule_3.cnf.dual.hgr,no,no,3,2,0.03,0.00192506,511.304,cut,580,580,no
rKaHyPar,sat14_SAT_dat.k95-24_1_rule_3.cnf.dual.hgr,no,no,4,2,0.03,0.000241213,555.768,cut,580,580,no
rKaHyPar,sat14_SAT_dat.k95-24_1_rule_3.cnf.dual.hgr,no,no,5,2,0.03,0.00368446,372.351,cut,580,580,no
rKaHyPar,sat14_SAT_dat.k95-24_1_rule_3.cnf.dual.hgr,no,no,6,2,0.03,0.00922805,400.557,cut,580,580,no
rKaHyPar,sat14_SAT_dat.k95-24_1_rule_3.cnf.dual.hgr,no,no,7,2,0.03,0.00865451,562.465,cut,580,580,no
rKaHyPar,sat14_SAT_dat.k95-24_1_rule_3.cnf.dual.hgr,no,no,8,2,0.03,0.00922772,514.763,cut,580,580,no
rKaHyPar,sat14_SAT_dat.k95-24_1_rule_3.cnf.dual.hgr,no,no,9,2,0.03,0.00922772,366.041,cut,580,580,no
rKaHyPar,sat14_SAT_dat.k95-24_1_rule_3.cnf.dual.hgr,no,no,0,32,0.03,0.0158139,1397.01,cut,13552,12998,no
rKaHyPar,sat14_SAT_dat.k95-24_1_rule_3.cnf.dual.hgr,no,no,1,32,0.03,0.00951593,973.378,cut,13743,13160,no
rKaHyPar,sat14_SAT_dat.k95-24_1_rule_3.cnf.dual.hgr,no,no,2,32,0.03,0.0242484,998.727,cut,13619,13021,no
rKaHyPar,sat14_SAT_dat.k95-24_1_rule_3.cnf.dual.hgr,no,no,3,32,0.03,0.0267877,1360.34,cut,13546,12991,no
rKaHyPar,sat14_SAT_dat.k95-24_1_rule_3.cnf.dual.hgr,no,no,4,32,0.03,0.0104119,952.982,cut,13578,13026,no
rKaHyPar,sat14_SAT_dat.k95-24_1_rule_3.cnf.dual.hgr,no,no,5,32,0.03,0.0293165,983.849,cut,13819,13178,no
rKaHyPar,sat14_SAT_dat.k95-24_1_rule_3.cnf.dual.hgr,no,no,6,32,0.03,0.017786,1357.29,cut,13606,12999,no
rKaHyPar,sat14_SAT_dat.k95-24_1_rule_3.cnf.dual.hgr,no,no,7,32,0.03,0.0259607,963.324,cut,13799,13100,no
rKaHyPar,sat14_SAT_dat.k95-24_1_rule_3.cnf.dual.hgr,no,no,8,32,0.03,0.0165031,975.141,cut,13794,13128,no
rKaHyPar,sat14_SAT_dat.k95-24_1_rule_3.cnf.dual.hgr,no,no,9,32,0.03,0.0296505,955.234,cut,13764,13215,no
rKaHyPar,sat14_SAT_dat.k95-24_1_rule_3.cnf.dual.hgr,no,no,0,4,0.03,0.00933838,800.789,cut,1754,1740,no
rKaHyPar,sat14_SAT_dat.k95-24_1_rule_3.cnf.dual.hgr,no,no,1,4,0.03,0.00908259,795.59,cut,1740,1740,no
rKaHyPar,sat14_SAT_dat.k95-24_1_rule_3.cnf.dual.hgr,no,no,2,4,0.03,0.00933772,787.365,cut,1754,1740,no
rKaHyPar,sat14_SAT_dat.k95-24_1_rule_3.cnf.dual.hgr,no,no,3,4,0.03,0.00908193,781.615,cut,1740,1740,no
rKaHyPar,sat14_SAT_dat.k95-24_1_rule_3.cnf.dual.hgr,no,no,4,4,0.03,0.00908325,801.565,cut,1740,1740,no
rKaHyPar,sat14_SAT_dat.k95-24_1_rule_3.cnf.dual.hgr,no,no,5,4,0.03,0.00908259,787.716,cut,1740,1740,no
rKaHyPar,sat14_SAT_dat.k95-24_1_rule_3.cnf.dual.hgr,no,no,6,4,0.03,0.00972141,815.642,cut,1752,1740,no
rKaHyPar,sat14_SAT_dat.k95-24_1_rule_3.cnf.dual.hgr,no,no,7,4,0.03,0.0093735,573.453,cut,1740,1740,no
rKaHyPar,sat14_SAT_dat.k95-24_1_rule_3.cnf.dual.hgr,no,no,8,4,0.03,0.00933838,789.534,cut,1754,1740,no
rKaHyPar,sat14_SAT_dat.k95-24_1_rule_3.cnf.dual.hgr,no,no,9,4,0.03,0.00933838,796.876,cut,1754,1740,no
rKaHyPar,sat14_SAT_dat.k95-24_1_rule_3.cnf.dual.hgr,no,no,0,64,0.03,0.0287968,1075.46,cut,25116,22257,no
rKaHyPar,sat14_SAT_dat.k95-24_1_rule_3.cnf.dual.hgr,no,no,1,64,0.03,0.0297192,1505.23,cut,24665,21876,no
rKaHyPar,sat14_SAT_dat.k95-24_1_rule_3.cnf.dual.hgr,no,no,2,64,0.03,0.0284787,1051.99,cut,24904,22011,no
rKaHyPar,sat14_SAT_dat.k95-24_1_rule_3.cnf.dual.hgr,no,no,3,64,0.03,0.0295496,1073.8,cut,24876,21947,no
rKaHyPar,sat14_SAT_dat.k95-24_1_rule_3.cnf.dual.hgr,no,no,4,64,0.03,0.0273655,1065.38,cut,24756,21954,no
rKaHyPar,sat14_SAT_dat.k95-24_1_rule_3.cnf.dual.hgr,no,no,5,64,0.03,0.0289452,1503.24,cut,25224,22173,no
rKaHyPar,sat14_SAT_dat.k95-24_1_rule_3.cnf.dual.hgr,no,no,6,64,0.03,0.0257326,1067.05,cut,24571,21835,no
rKaHyPar,sat14_SAT_dat.k95-24_1_rule_3.cnf.dual.hgr,no,no,7,64,0.03,0.0299737,1514.14,cut,24985,22062,no
rKaHyPar,sat14_SAT_dat.k95-24_1_rule_3.cnf.dual.hgr,no,no,8,64,0.03,0.0297298,1508.64,cut,24903,21982,no
rKaHyPar,sat14_SAT_dat.k95-24_1_rule_3.cnf.dual.hgr,no,no,9,64,0.03,0.0292633,1067.1,cut,24871,21891,no
rKaHyPar,sat14_SAT_dat.k95-24_1_rule_3.cnf.dual.hgr,no,no,0,8,0.03,0.00936886,981.566,cut,4086,4060,no
rKaHyPar,sat14_SAT_dat.k95-24_1_rule_3.cnf.dual.hgr,no,no,1,8,0.03,0.0152335,994.672,cut,4088,4060,no
rKaHyPar,sat14_SAT_dat.k95-24_1_rule_3.cnf.dual.hgr,no,no,2,8,0.03,0.00936886,970.541,cut,4086,4060,no
rKaHyPar,sat14_SAT_dat.k95-24_1_rule_3.cnf.dual.hgr,no,no,3,8,0.03,0.0194375,986.368,cut,4088,4060,no
rKaHyPar,sat14_SAT_dat.k95-24_1_rule_3.cnf.dual.hgr,no,no,4,8,0.03,0.0194375,701.336,cut,4066,4060,no
rKaHyPar,sat14_SAT_dat.k95-24_1_rule_3.cnf.dual.hgr,no,no,5,8,0.03,0.0194362,701.761,cut,4080,4060,no
rKaHyPar,sat14_SAT_dat.k95-24_1_rule_3.cnf.dual.hgr,no,no,7,8,0.03,0.0194375,997.678,cut,4097,4060,no
rKaHyPar,sat14_SAT_dat.k95-24_1_rule_3.cnf.dual.hgr,no,no,8,8,0.03,0.0194375,986.535,cut,4086,4060,no
rKaHyPar,sat14_SAT_dat.k95-24_1_rule_3.cnf.dual.hgr,no,no,9,8,0.03,0.00936886,694.486,cut,4080,4060,no
rKaHyPar,sat14_SAT_dat.k95-24_1_rule_3.cnf.hgr,no,no,0,128,0.03,0.0299873,1202.6,cut,142875,141648,no
rKaHyPar,sat14_SAT_dat.k95-24_1_rule_3.cnf.hgr,no,no,1,128,0.03,0.0299873,1222.59,cut,142244,141074,no
rKaHyPar,sat14_SAT_dat.k95-24_1_rule_3.cnf.hgr,no,no,2,128,0.03,0.0299873,1754.5,cut,141823,140722,no
rKaHyPar,sat14_SAT_dat.k95-24_1_rule_3.cnf.hgr,no,no,3,128,0.03,0.0299873,1241.07,cut,142426,141206,no
rKaHyPar,sat14_SAT_dat.k95-24_1_rule_3.cnf.hgr,no,no,4,128,0.03,0.0299873,1683.96,cut,144265,143052,no
rKaHyPar,sat14_SAT_dat.k95-24_1_rule_3.cnf.hgr,no,no,5,128,0.03,0.0299873,1668.34,cut,142055,140944,no
rKaHyPar,sat14_SAT_dat.k95-24_1_rule_3.cnf.hgr,no,no,6,128,0.03,0.0299873,1240.31,cut,142591,141378,no
rKaHyPar,sat14_SAT_dat.k95-24_1_rule_3.cnf.hgr,no,no,7,128,0.03,0.0299873,1693.3,cut,142272,141142,no
rKaHyPar,sat14_SAT_dat.k95-24_1_rule_3.cnf.hgr,no,no,8,128,0.03,0.0299873,1231.43,cut,142093,140879,no
rKaHyPar,sat14_SAT_dat.k95-24_1_rule_3.cnf.hgr,no,no,9,128,0.03,0.0299873,1209.78,cut,142115,140757,no
rKaHyPar,sat14_SAT_dat.k95-24_1_rule_3.cnf.hgr,no,no,0,16,0.03,0.0298455,817.002,cut,17693,17692,no
rKaHyPar,sat14_SAT_dat.k95-24_1_rule_3.cnf.hgr,no,no,1,16,0.03,0.0290388,865.661,cut,17751,17751,no
rKaHyPar,sat14_SAT_dat.k95-24_1_rule_3.cnf.hgr,no,no,2,16,0.03,0.0210094,1200.13,cut,17804,17800,no
rKaHyPar,sat14_SAT_dat.k95-24_1_rule_3.cnf.hgr,no,no,3,16,0.03,0.0299035,869.809,cut,18357,18351,no
rKaHyPar,sat14_SAT_dat.k95-24_1_rule_3.cnf.hgr,no,no,4,16,0.03,0.0210094,807.44,cut,17460,17460,no
rKaHyPar,sat14_SAT_dat.k95-24_1_rule_3.cnf.hgr,no,no,5,16,0.03,0.0279739,818.405,cut,17496,17496,no
rKaHyPar,sat14_SAT_dat.k95-24_1_rule_3.cnf.hgr,no,no,6,16,0.03,0.0268615,1176.07,cut,17580,17580,no
rKaHyPar,sat14_SAT_dat.k95-24_1_rule_3.cnf.hgr,no,no,7,16,0.03,0.0210094,832.286,cut,17460,17460,no
rKaHyPar,sat14_SAT_dat.k95-24_1_rule_3.cnf.hgr,no,no,8,16,0.03,0.0215366,818.096,cut,17751,17751,no
rKaHyPar,sat14_SAT_dat.k95-24_1_rule_3.cnf.hgr,no,no,9,16,0.03,0.0298402,833.272,cut,17775,17775,no
rKaHyPar,sat14_SAT_dat.k95-24_1_rule_3.cnf.hgr,no,no,0,2,0.03,0.00259191,635.469,cut,1164,1164,no
rKaHyPar,sat14_SAT_dat.k95-24_1_rule_3.cnf.hgr,no,no,1,2,0.03,0.00674569,540.264,cut,1164,1164,no
rKaHyPar,sat14_SAT_dat.k95-24_1_rule_3.cnf.hgr,no,no,2,2,0.03,0.00313362,675.574,cut,1164,1164,no
rKaHyPar,sat14_SAT_dat.k95-24_1_rule_3.cnf.hgr,no,no,3,2,0.03,0.00668572,693.758,cut,1164,1164,no
rKaHyPar,sat14_SAT_dat.k95-24_1_rule_3.cnf.hgr,no,no,4,2,0.03,0,542.59,cut,1164,1164,no
rKaHyPar,sat14_SAT_dat.k95-24_1_rule_3.cnf.hgr,no,no,5,2,0.03,0.00307036,485.903,cut,1164,1164,no
rKaHyPar,sat14_SAT_dat.k95-24_1_rule_3.cnf.hgr,no,no,6,2,0.03,0.00313428,409.544,cut,1164,1164,no
rKaHyPar,sat14_SAT_dat.k95-24_1_rule_3.cnf.hgr,no,no,7,2,0.03,0.00307036,749.178,cut,1164,1164,no
rKaHyPar,sat14_SAT_dat.k95-24_1_rule_3.cnf.hgr,no,no,8,2,0.03,0.00307036,503.489,cut,1164,1164,no
rKaHyPar,sat14_SAT_dat.k95-24_1_rule_3.cnf.hgr,no,no,9,2,0.03,0,551.607,cut,1164,1164,no
rKaHyPar,sat14_SAT_dat.k95-24_1_rule_3.cnf.hgr,no,no,0,32,0.03,0.0298611,1345.43,cut,36305,36302,no
rKaHyPar,sat14_SAT_dat.k95-24_1_rule_3.cnf.hgr,no,no,1,32,0.03,0.0296713,1342.72,cut,36558,36552,no
rKaHyPar,sat14_SAT_dat.k95-24_1_rule_3.cnf.hgr,no,no,2,32,0.03,0.0297768,961.513,cut,36313,36308,no
rKaHyPar,sat14_SAT_dat.k95-24_1_rule_3.cnf.hgr,no,no,3,32,0.03,0.0299455,1335.31,cut,36688,36687,no
rKaHyPar,sat14_SAT_dat.k95-24_1_rule_3.cnf.hgr,no,no,4,32,0.03,0.029819,925.546,cut,36362,36360,no
rKaHyPar,sat14_SAT_dat.k95-24_1_rule_3.cnf.hgr,no,no,5,32,0.03,0.0269615,943.155,cut,37420,37418,no
rKaHyPar,sat14_SAT_dat.k95-24_1_rule_3.cnf.hgr,no,no,6,32,0.03,0.029471,1305.45,cut,35775,35775,no
rKaHyPar,sat14_SAT_dat.k95-24_1_rule_3.cnf.hgr,no,no,7,32,0.03,0.0299139,933.156,cut,36815,36811,no
rKaHyPar,sat14_SAT_dat.k95-24_1_rule_3.cnf.hgr,no,no,8,32,0.03,0.0287224,937.966,cut,36573,36571,no
rKaHyPar,sat14_SAT_dat.k95-24_1_rule_3.cnf.hgr,no,no,9,32,0.03,0.0274781,933.096,cut,36205,36200,no
rKaHyPar,sat14_SAT_dat.k95-24_1_rule_3.cnf.hgr,no,no,0,4,0.03,0.00415839,857.397,cut,3492,3492,no
rKaHyPar,sat14_SAT_dat.k95-24_1_rule_3.cnf.hgr,no,no,1,4,0.03,0.00670878,891.931,cut,3492,3492,no
rKaHyPar,sat14_SAT_dat.k95-24_1_rule_3.cnf.hgr,no,no,2,4,0.03,0.00494262,830.162,cut,3492,3492,no
rKaHyPar,sat14_SAT_dat.k95-24_1_rule_3.cnf.hgr,no,no,3,4,0.03,0.0066732,917.069,cut,3492,3492,no
rKaHyPar,sat14_SAT_dat.k95-24_1_rule_3.cnf.hgr,no,no,4,4,0.03,0.000606295,859.27,cut,3492,3492,no
rKaHyPar,sat14_SAT_dat.k95-24_1_rule_3.cnf.hgr,no,no,5,4,0.03,0.0216777,626.626,cut,3492,3492,no
rKaHyPar,sat14_SAT_dat.k95-24_1_rule_3.cnf.hgr,no,no,6,4,0.03,0.00783438,900.792,cut,3492,3492,no
rKaHyPar,sat14_SAT_dat.k95-24_1_rule_3.cnf.hgr,no,no,7,4,0.03,0.000846176,648.614,cut,3492,3492,no
rKaHyPar,sat14_SAT_dat.k95-24_1_rule_3.cnf.hgr,no,no,8,4,0.03,0.0188307,867.704,cut,3492,3492,no
rKaHyPar,sat14_SAT_dat.k95-24_1_rule_3.cnf.hgr,no,no,9,4,0.03,0,892.906,cut,3492,3492,no
rKaHyPar,sat14_SAT_dat.k95-24_1_rule_3.cnf.hgr,no,no,0,64,0.03,0.0289962,1459.42,cut,67805,67686,no
rKaHyPar,sat14_SAT_dat.k95-24_1_rule_3.cnf.hgr,no,no,1,64,0.03,0.0292071,1527.69,cut,67655,67552,no
rKaHyPar,sat14_SAT_dat.k95-24_1_rule_3.cnf.hgr,no,no,2,64,0.03,0.0293758,1087.2,cut,67598,67485,no
rKaHyPar,sat14_SAT_dat.k95-24_1_rule_3.cnf.hgr,no,no,3,64,0.03,0.0286799,1535.7,cut,67646,67533,no
rKaHyPar,sat14_SAT_dat.k95-24_1_rule_3.cnf.hgr,no,no,4,64,0.03,0.0296921,1031.11,cut,67993,67891,no
rKaHyPar,sat14_SAT_dat.k95-24_1_rule_3.cnf.hgr,no,no,5,64,0.03,0.0281105,1449.8,cut,67875,67759,no
rKaHyPar,sat14_SAT_dat.k95-24_1_rule_3.cnf.hgr,no,no,6,64,0.03,0.0293547,1053.12,cut,67974,67833,no
rKaHyPar,sat14_SAT_dat.k95-24_1_rule_3.cnf.hgr,no,no,7,64,0.03,0.0283636,1093.36,cut,68197,68091,no
rKaHyPar,sat14_SAT_dat.k95-24_1_rule_3.cnf.hgr,no,no,8,64,0.03,0.0299663,1037.49,cut,68917,68794,no
rKaHyPar,sat14_SAT_dat.k95-24_1_rule_3.cnf.hgr,no,no,9,64,0.03,0.0295656,1049.16,cut,67208,67138,no
rKaHyPar,sat14_SAT_dat.k95-24_1_rule_3.cnf.hgr,no,no,0,8,0.03,0.00276523,1025.94,cut,8148,8148,no
rKaHyPar,sat14_SAT_dat.k95-24_1_rule_3.cnf.hgr,no,no,1,8,0.03,0.00742842,1038.83,cut,8148,8148,no
rKaHyPar,sat14_SAT_dat.k95-24_1_rule_3.cnf.hgr,no,no,2,8,0.03,0.0212862,1064.36,cut,8148,8148,no
rKaHyPar,sat14_SAT_dat.k95-24_1_rule_3.cnf.hgr,no,no,3,8,0.03,0.00704355,1045.12,cut,8148,8148,no
rKaHyPar,sat14_SAT_dat.k95-24_1_rule_3.cnf.hgr,no,no,4,8,0.03,0.00704355,724.259,cut,8148,8148,no
rKaHyPar,sat14_SAT_dat.k95-24_1_rule_3.cnf.hgr,no,no,5,8,0.03,0.00704355,733.241,cut,8148,8148,no
rKaHyPar,sat14_SAT_dat.k95-24_1_rule_3.cnf.hgr,no,no,6,8,0.03,0.0076973,1022.93,cut,8148,8148,no
rKaHyPar,sat14_SAT_dat.k95-24_1_rule_3.cnf.hgr,no,no,7,8,0.03,0.00704355,1054.86,cut,8148,8148,no
rKaHyPar,sat14_SAT_dat.k95-24_1_rule_3.cnf.hgr,no,no,8,8,0.03,0.0231841,1036.61,cut,8148,8148,no
rKaHyPar,sat14_SAT_dat.k95-24_1_rule_3.cnf.hgr,no,no,9,8,0.03,0.027473,738.218,cut,8148,8148,no
rKaHyPar,sat14_SAT_dat.k95-24_1_rule_3.cnf.primal.hgr,no,no,0,128,0.03,0.0299202,631.769,cut,143895,143280,no
rKaHyPar,sat14_SAT_dat.k95-24_1_rule_3.cnf.primal.hgr,no,no,1,128,0.03,0.0299202,608.839,cut,146264,145707,no
rKaHyPar,sat14_SAT_dat.k95-24_1_rule_3.cnf.primal.hgr,no,no,2,128,0.03,0.0299202,825.572,cut,144218,143682,no
rKaHyPar,sat14_SAT_dat.k95-24_1_rule_3.cnf.primal.hgr,no,no,3,128,0.03,0.0299202,604.885,cut,144905,144327,no
rKaHyPar,sat14_SAT_dat.k95-24_1_rule_3.cnf.primal.hgr,no,no,4,128,0.03,0.0299202,849.076,cut,145001,144342,no
rKaHyPar,sat14_SAT_dat.k95-24_1_rule_3.cnf.primal.hgr,no,no,5,128,0.03,0.0299202,822.711,cut,146342,145759,no
rKaHyPar,sat14_SAT_dat.k95-24_1_rule_3.cnf.primal.hgr,no,no,6,128,0.03,0.0299202,607.919,cut,144590,144009,no
rKaHyPar,sat14_SAT_dat.k95-24_1_rule_3.cnf.primal.hgr,no,no,7,128,0.03,0.0299202,844.185,cut,145358,144829,no
rKaHyPar,sat14_SAT_dat.k95-24_1_rule_3.cnf.primal.hgr,no,no,8,128,0.03,0.0299202,838.063,cut,144080,143483,no
rKaHyPar,sat14_SAT_dat.k95-24_1_rule_3.cnf.primal.hgr,no,no,9,128,0.03,0.0299202,628.38,cut,144752,144227,no
rKaHyPar,sat14_SAT_dat.k95-24_1_rule_3.cnf.primal.hgr,no,no,0,16,0.03,0.029879,481.592,cut,19620,19620,no
rKaHyPar,sat14_SAT_dat.k95-24_1_rule_3.cnf.primal.hgr,no,no,1,16,0.03,0.0167576,390.499,cut,17460,17460,no
rKaHyPar,sat14_SAT_dat.k95-24_1_rule_3.cnf.primal.hgr,no,no,2,16,0.03,0.0299932,549.93,cut,19010,19010,no
rKaHyPar,sat14_SAT_dat.k95-24_1_rule_3.cnf.primal.hgr,no,no,3,16,0.03,0.0299932,394.495,cut,18576,18575,no
rKaHyPar,sat14_SAT_dat.k95-24_1_rule_3.cnf.primal.hgr,no,no,4,16,0.03,0.0295777,437.718,cut,19686,19685,no
rKaHyPar,sat14_SAT_dat.k95-24_1_rule_3.cnf.primal.hgr,no,no,5,16,0.03,0.0299621,446.169,cut,20472,20472,no
rKaHyPar,sat14_SAT_dat.k95-24_1_rule_3.cnf.primal.hgr,no,no,6,16,0.03,0.0299725,549.735,cut,19516,19516,no
rKaHyPar,sat14_SAT_dat.k95-24_1_rule_3.cnf.primal.hgr,no,no,7,16,0.03,0.0299932,454.038,cut,20548,20548,no
rKaHyPar,sat14_SAT_dat.k95-24_1_rule_3.cnf.primal.hgr,no,no,8,16,0.03,0.0299829,433.566,cut,21199,21193,no
rKaHyPar,sat14_SAT_dat.k95-24_1_rule_3.cnf.primal.hgr,no,no,9,16,0.03,0.0299829,508.655,cut,20927,20927,no
rKaHyPar,sat14_SAT_dat.k95-24_1_rule_3.cnf.primal.hgr,no,no,0,2,0.03,0.00230898,487.152,cut,1164,1164,no
rKaHyPar,sat14_SAT_dat.k95-24_1_rule_3.cnf.primal.hgr,no,no,1,2,0.03,0.00050647,216.089,cut,1164,1164,no
rKaHyPar,sat14_SAT_dat.k95-24_1_rule_3.cnf.primal.hgr,no,no,2,2,0.03,0.000873985,315.174,cut,1164,1164,no
rKaHyPar,sat14_SAT_dat.k95-24_1_rule_3.cnf.primal.hgr,no,no,3,2,0.03,0.000975279,307.639,cut,1164,1164,no
rKaHyPar,sat14_SAT_dat.k95-24_1_rule_3.cnf.primal.hgr,no,no,4,2,0.03,0.00230898,367.163,cut,1164,1164,no
rKaHyPar,sat14_SAT_dat.k95-24_1_rule_3.cnf.primal.hgr,no,no,5,2,0.03,1.55837e-05,239.833,cut,1164,1164,no
rKaHyPar,sat14_SAT_dat.k95-24_1_rule_3.cnf.primal.hgr,no,no,6,2,0.03,3.2466e-05,282.832,cut,1164,1164,no
rKaHyPar,sat14_SAT_dat.k95-24_1_rule_3.cnf.primal.hgr,no,no,7,2,0.03,0.000899958,308.999,cut,1164,1164,no
rKaHyPar,sat14_SAT_dat.k95-24_1_rule_3.cnf.primal.hgr,no,no,8,2,0.03,0.002296,239.27,cut,1164,1164,no
rKaHyPar,sat14_SAT_dat.k95-24_1_rule_3.cnf.primal.hgr,no,no,9,2,0.03,0.00230898,251.806,cut,1164,1164,no
rKaHyPar,sat14_SAT_dat.k95-24_1_rule_3.cnf.primal.hgr,no,no,0,32,0.03,0.0299825,678.028,cut,41283,41273,no
rKaHyPar,sat14_SAT_dat.k95-24_1_rule_3.cnf.primal.hgr,no,no,1,32,0.03,0.0294008,715.76,cut,41357,41344,no
rKaHyPar,sat14_SAT_dat.k95-24_1_rule_3.cnf.primal.hgr,no,no,2,32,0.03,0.0298579,484.353,cut,40185,40150,no
rKaHyPar,sat14_SAT_dat.k95-24_1_rule_3.cnf.primal.hgr,no,no,3,32,0.03,0.0291514,721.191,cut,43919,43902,no
rKaHyPar,sat14_SAT_dat.k95-24_1_rule_3.cnf.primal.hgr,no,no,4,32,0.03,0.0299825,461.83,cut,41530,41519,no
rKaHyPar,sat14_SAT_dat.k95-24_1_rule_3.cnf.primal.hgr,no,no,5,32,0.03,0.0298787,531.555,cut,44176,44168,no
rKaHyPar,sat14_SAT_dat.k95-24_1_rule_3.cnf.primal.hgr,no,no,6,32,0.03,0.0299825,666.428,cut,42427,42399,no
rKaHyPar,sat14_SAT_dat.k95-24_1_rule_3.cnf.primal.hgr,no,no,7,32,0.03,0.0299618,469.536,cut,42227,42141,no
rKaHyPar,sat14_SAT_dat.k95-24_1_rule_3.cnf.primal.hgr,no,no,8,32,0.03,0.0294008,478.668,cut,43020,42998,no
rKaHyPar,sat14_SAT_dat.k95-24_1_rule_3.cnf.primal.hgr,no,no,9,32,0.03,0.0298787,484.302,cut,43207,43178,no
rKaHyPar,sat14_SAT_dat.k95-24_1_rule_3.cnf.primal.hgr,no,no,0,4,0.03,0.0190147,487.315,cut,3492,3492,no
rKaHyPar,sat14_SAT_dat.k95-24_1_rule_3.cnf.primal.hgr,no,no,1,4,0.03,0.0190121,448.763,cut,3492,3492,no
rKaHyPar,sat14_SAT_dat.k95-24_1_rule_3.cnf.primal.hgr,no,no,2,4,0.03,0.0195004,456.316,cut,3492,3492,no
rKaHyPar,sat14_SAT_dat.k95-24_1_rule_3.cnf.primal.hgr,no,no,3,4,0.03,0.0185861,411.868,cut,3492,3492,no
rKaHyPar,sat14_SAT_dat.k95-24_1_rule_3.cnf.primal.hgr,no,no,4,4,0.03,0.0195004,460.316,cut,3492,3492,no
rKaHyPar,sat14_SAT_dat.k95-24_1_rule_3.cnf.primal.hgr,no,no,5,4,0.03,0.0194978,453.869,cut,3492,3492,no
rKaHyPar,sat14_SAT_dat.k95-24_1_rule_3.cnf.primal.hgr,no,no,6,4,0.03,0.0192173,415.924,cut,3492,3492,no
rKaHyPar,sat14_SAT_dat.k95-24_1_rule_3.cnf.primal.hgr,no,no,7,4,0.03,0.0190095,301.438,cut,3492,3492,no
rKaHyPar,sat14_SAT_dat.k95-24_1_rule_3.cnf.primal.hgr,no,no,8,4,0.03,0.0195004,449.914,cut,3492,3492,no
rKaHyPar,sat14_SAT_dat.k95-24_1_rule_3.cnf.primal.hgr,no,no,9,4,0.03,0.0190095,451.229,cut,3492,3492,no
rKaHyPar,sat14_SAT_dat.k95-24_1_rule_3.cnf.primal.hgr,no,no,0,64,0.03,0.0299618,703.87,cut,74056,73953,no
rKaHyPar,sat14_SAT_dat.k95-24_1_rule_3.cnf.primal.hgr,no,no,1,64,0.03,0.0299618,678.896,cut,70146,70084,no
rKaHyPar,sat14_SAT_dat.k95-24_1_rule_3.cnf.primal.hgr,no,no,2,64,0.03,0.0296709,509.983,cut,73667,73542,no
rKaHyPar,sat14_SAT_dat.k95-24_1_rule_3.cnf.primal.hgr,no,no,3,64,0.03,0.0299618,673.842,cut,72175,72009,no
rKaHyPar,sat14_SAT_dat.k95-24_1_rule_3.cnf.primal.hgr,no,no,4,64,0.03,0.0299618,543.604,cut,75025,74897,no
rKaHyPar,sat14_SAT_dat.k95-24_1_rule_3.cnf.primal.hgr,no,no,5,64,0.03,0.0299618,721.451,cut,75617,75447,no
rKaHyPar,sat14_SAT_dat.k95-24_1_rule_3.cnf.primal.hgr,no,no,6,64,0.03,0.0294215,501.409,cut,72659,72536,no
rKaHyPar,sat14_SAT_dat.k95-24_1_rule_3.cnf.primal.hgr,no,no,7,64,0.03,0.0299618,699.955,cut,75859,75673,no
rKaHyPar,sat14_SAT_dat.k95-24_1_rule_3.cnf.primal.hgr,no,no,8,64,0.03,0.0299618,694.878,cut,74297,74138,no
rKaHyPar,sat14_SAT_dat.k95-24_1_rule_3.cnf.primal.hgr,no,no,9,64,0.03,0.0299618,543.654,cut,75778,75613,no
rKaHyPar,sat14_SAT_dat.k95-24_1_rule_3.cnf.primal.hgr,no,no,0,8,0.03,0.0221288,545.583,cut,8677,8677,no
rKaHyPar,sat14_SAT_dat.k95-24_1_rule_3.cnf.primal.hgr,no,no,1,8,0.03,0.017168,498.253,cut,8458,8458,no
rKaHyPar,sat14_SAT_dat.k95-24_1_rule_3.cnf.primal.hgr,no,no,2,8,0.03,0.0248144,503.489,cut,8148,8148,no
rKaHyPar,sat14_SAT_dat.k95-24_1_rule_3.cnf.primal.hgr,no,no,3,8,0.03,0.0299259,491.138,cut,8148,8148,no
rKaHyPar,sat14_SAT_dat.k95-24_1_rule_3.cnf.primal.hgr,no,no,4,8,0.03,0.0283727,366.779,cut,8358,8358,no
rKaHyPar,sat14_SAT_dat.k95-24_1_rule_3.cnf.primal.hgr,no,no,5,8,0.03,0.0221288,378.996,cut,8455,8455,no
rKaHyPar,sat14_SAT_dat.k95-24_1_rule_3.cnf.primal.hgr,no,no,6,8,0.03,0.0218795,476.308,cut,8455,8455,no
rKaHyPar,sat14_SAT_dat.k95-24_1_rule_3.cnf.primal.hgr,no,no,7,8,0.03,0.0224301,496.746,cut,8762,8762,no
rKaHyPar,sat14_SAT_dat.k95-24_1_rule_3.cnf.primal.hgr,no,no,8,8,0.03,0.0292506,503.955,cut,8625,8625,no
rKaHyPar,sat14_SAT_dat.k95-24_1_rule_3.cnf.primal.hgr,no,no,9,8,0.03,0.0248404,386.785,cut,8682,8682,no
rKaHyPar,sat14_slp-synthesis-aes-top29.cnf.dual.hgr,no,no,0,128,0.03,0.0295733,103.068,cut,34932,7534,no
rKaHyPar,sat14_slp-synthesis-aes-top29.cnf.dual.hgr,no,no,1,128,0.03,0.0299958,138.269,cut,33222,7387,no
rKaHyPar,sat14_slp-synthesis-aes-top29.cnf.dual.hgr,no,no,2,128,0.03,0.0299958,142.707,cut,34342,7572,no
rKaHyPar,sat14_slp-synthesis-aes-top29.cnf.dual.hgr,no,no,3,128,0.03,0.0291508,100.183,cut,34751,7486,no
rKaHyPar,sat14_slp-synthesis-aes-top29.cnf.dual.hgr,no,no,4,128,0.03,0.0295733,135.83,cut,33665,7380,no
rKaHyPar,sat14_slp-synthesis-aes-top29.cnf.dual.hgr,no,no,5,128,0.03,0.0291508,133.602,cut,34406,7421,no
rKaHyPar,sat14_slp-synthesis-aes-top29.cnf.dual.hgr,no,no,6,128,0.03,0.0299958,89.2236,cut,34572,7249,no
rKaHyPar,sat14_slp-synthesis-aes-top29.cnf.dual.hgr,no,no,7,128,0.03,0.0295733,86.0824,cut,34274,7370,no
rKaHyPar,sat14_slp-synthesis-aes-top29.cnf.dual.hgr,no,no,8,128,0.03,0.0299958,91.3619,cut,34830,7314,no
rKaHyPar,sat14_slp-synthesis-aes-top29.cnf.dual.hgr,no,no,9,128,0.03,0.0295733,88.8992,cut,34106,7454,no
rKaHyPar,sat14_slp-synthesis-aes-top29.cnf.dual.hgr,no,no,0,16,0.03,0.0298484,79.1742,cut,12529,4805,no
rKaHyPar,sat14_slp-synthesis-aes-top29.cnf.dual.hgr,no,no,1,16,0.03,0.0299012,92.4664,cut,12506,4586,no
rKaHyPar,sat14_slp-synthesis-aes-top29.cnf.dual.hgr,no,no,2,16,0.03,0.0299012,137.145,cut,12947,4664,no
rKaHyPar,sat14_slp-synthesis-aes-top29.cnf.dual.hgr,no,no,3,16,0.03,0.0298484,92.6455,cut,13096,4616,no
rKaHyPar,sat14_slp-synthesis-aes-top29.cnf.dual.hgr,no,no,4,16,0.03,0.0297956,141.448,cut,13512,4666,no
rKaHyPar,sat14_slp-synthesis-aes-top29.cnf.dual.hgr,no,no,5,16,0.03,0.029954,96.5848,cut,11042,4636,no
rKaHyPar,sat14_slp-synthesis-aes-top29.cnf.dual.hgr,no,no,6,16,0.03,0.029954,140.858,cut,11715,4667,no
rKaHyPar,sat14_slp-synthesis-aes-top29.cnf.dual.hgr,no,no,7,16,0.03,0.0297427,86.7237,cut,11313,4697,no
rKaHyPar,sat14_slp-synthesis-aes-top29.cnf.dual.hgr,no,no,8,16,0.03,0.0297956,89.8559,cut,10849,4694,no
rKaHyPar,sat14_slp-synthesis-aes-top29.cnf.dual.hgr,no,no,9,16,0.03,0.0299012,90.2357,cut,12754,4781,no
rKaHyPar,sat14_slp-synthesis-aes-top29.cnf.dual.hgr,no,no,0,2,0.03,0,56.9016,cut,1084,1084,no
rKaHyPar,sat14_slp-synthesis-aes-top29.cnf.dual.hgr,no,no,1,2,0.03,0.0284486,40.4781,cut,1069,1069,no
rKaHyPar,sat14_slp-synthesis-aes-top29.cnf.dual.hgr,no,no,2,2,0.03,0.0269562,57.7749,cut,1073,1073,no
rKaHyPar,sat14_slp-synthesis-aes-top29.cnf.dual.hgr,no,no,3,2,0.03,0.00373768,57.6917,cut,1046,1046,no
rKaHyPar,sat14_slp-synthesis-aes-top29.cnf.dual.hgr,no,no,4,2,0.03,0.000600934,39.1003,cut,1066,1066,no
rKaHyPar,sat14_slp-synthesis-aes-top29.cnf.dual.hgr,no,no,5,2,0.03,0,38.1608,cut,1081,1081,no
rKaHyPar,sat14_slp-synthesis-aes-top29.cnf.dual.hgr,no,no,6,2,0.03,0.00373768,38.6874,cut,1046,1046,no
rKaHyPar,sat14_slp-synthesis-aes-top29.cnf.dual.hgr,no,no,7,2,0.03,0.00373768,39.2177,cut,1046,1046,no
rKaHyPar,sat14_slp-synthesis-aes-top29.cnf.dual.hgr,no,no,8,2,0.03,0.0032424,38.5399,cut,1049,1049,no
rKaHyPar,sat14_slp-synthesis-aes-top29.cnf.dual.hgr,no,no,9,2,0.03,0,39.0507,cut,1081,1081,no
rKaHyPar,sat14_slp-synthesis-aes-top29.cnf.dual.hgr,no,no,0,32,0.03,0.029794,83.5278,cut,17995,5445,no
rKaHyPar,sat14_slp-synthesis-aes-top29.cnf.dual.hgr,no,no,1,32,0.03,0.0298996,141.618,cut,18454,5441,no
rKaHyPar,sat14_slp-synthesis-aes-top29.cnf.dual.hgr,no,no,2,32,0.03,0.0291601,90.9967,cut,17919,5540,no
rKaHyPar,sat14_slp-synthesis-aes-top29.cnf.dual.hgr,no,no,3,32,0.03,0.0292657,84.8738,cut,18386,5537,no
rKaHyPar,sat14_slp-synthesis-aes-top29.cnf.dual.hgr,no,no,4,32,0.03,0.029794,83.431,cut,18285,5541,no
rKaHyPar,sat14_slp-synthesis-aes-top29.cnf.dual.hgr,no,no,5,32,0.03,0.029477,80.5366,cut,18843,5643,no
rKaHyPar,sat14_slp-synthesis-aes-top29.cnf.dual.hgr,no,no,6,32,0.03,0.0290544,84.2228,cut,17713,5527,no
rKaHyPar,sat14_slp-synthesis-aes-top29.cnf.dual.hgr,no,no,7,32,0.03,0.0295827,85.5859,cut,17801,5516,no
rKaHyPar,sat14_slp-synthesis-aes-top29.cnf.dual.hgr,no,no,8,32,0.03,0.0295827,92.7565,cut,17370,5535,no
rKaHyPar,sat14_slp-synthesis-aes-top29.cnf.dual.hgr,no,no,9,32,0.03,0.029477,89.2263,cut,16206,5513,no
rKaHyPar,sat14_slp-synthesis-aes-top29.cnf.dual.hgr,no,no,0,4,0.03,0.0297427,70.8775,cut,3795,2511,no
rKaHyPar,sat14_slp-synthesis-aes-top29.cnf.dual.hgr,no,no,1,4,0.03,0.0177109,109.071,cut,4255,2517,no
rKaHyPar,sat14_slp-synthesis-aes-top29.cnf.dual.hgr,no,no,2,4,0.03,0.0294918,108.03,cut,3678,2530,no
rKaHyPar,sat14_slp-synthesis-aes-top29.cnf.dual.hgr,no,no,3,4,0.03,0.0299805,80.8488,cut,3540,2570,no
rKaHyPar,sat14_slp-synthesis-aes-top29.cnf.dual.hgr,no,no,4,4,0.03,0.0297031,111.473,cut,3534,2604,no
rKaHyPar,sat14_slp-synthesis-aes-top29.cnf.dual.hgr,no,no,5,4,0.03,0.029888,73.0673,cut,3883,2567,no
rKaHyPar,sat14_slp-synthesis-aes-top29.cnf.dual.hgr,no,no,6,4,0.03,0.0298616,73.0724,cut,3464,2538,no
rKaHyPar,sat14_slp-synthesis-aes-top29.cnf.dual.hgr,no,no,7,4,0.03,0.0297956,71.8744,cut,3918,2528,no
rKaHyPar,sat14_slp-synthesis-aes-top29.cnf.dual.hgr,no,no,8,4,0.03,0.029505,110.185,cut,3776,2565,no
rKaHyPar,sat14_slp-synthesis-aes-top29.cnf.dual.hgr,no,no,9,4,0.03,0.0298352,110.227,cut,3757,2525,no
rKaHyPar,sat14_slp-synthesis-aes-top29.cnf.dual.hgr,no,no,0,64,0.03,0.0297908,142.728,cut,25350,6463,no
rKaHyPar,sat14_slp-synthesis-aes-top29.cnf.dual.hgr,no,no,1,64,0.03,0.0295795,151.077,cut,24610,6416,no
rKaHyPar,sat14_slp-synthesis-aes-top29.cnf.dual.hgr,no,no,2,64,0.03,0.0295795,140.12,cut,23761,6389,no
rKaHyPar,sat14_slp-synthesis-aes-top29.cnf.dual.hgr,no,no,3,64,0.03,0.0293683,142.947,cut,26178,6416,no
rKaHyPar,sat14_slp-synthesis-aes-top29.cnf.dual.hgr,no,no,4,64,0.03,0.0293683,97.7543,cut,26356,6574,no
rKaHyPar,sat14_slp-synthesis-aes-top29.cnf.dual.hgr,no,no,5,64,0.03,0.0295795,129.174,cut,25112,6440,no
rKaHyPar,sat14_slp-synthesis-aes-top29.cnf.dual.hgr,no,no,6,64,0.03,0.0293683,85.9085,cut,24888,6561,no
rKaHyPar,sat14_slp-synthesis-aes-top29.cnf.dual.hgr,no,no,7,64,0.03,0.0289457,86.519,cut,25834,6445,no
rKaHyPar,sat14_slp-synthesis-aes-top29.cnf.dual.hgr,no,no,8,64,0.03,0.0297908,84.4585,cut,24570,6464,no
rKaHyPar,sat14_slp-synthesis-aes-top29.cnf.dual.hgr,no,no,9,64,0.03,0.0295795,95.3848,cut,23742,6422,no
rKaHyPar,sat14_slp-synthesis-aes-top29.cnf.dual.hgr,no,no,0,8,0.03,0.0299012,127.655,cut,7197,3675,no
rKaHyPar,sat14_slp-synthesis-aes-top29.cnf.dual.hgr,no,no,1,8,0.03,0.0297427,131.2,cut,8946,3763,no
rKaHyPar,sat14_slp-synthesis-aes-top29.cnf.dual.hgr,no,no,2,8,0.03,0.0299276,83.5869,cut,8062,3852,no
rKaHyPar,sat14_slp-synthesis-aes-top29.cnf.dual.hgr,no,no,3,8,0.03,0.0297427,137.593,cut,8398,3762,no
rKaHyPar,sat14_slp-synthesis-aes-top29.cnf.dual.hgr,no,no,4,8,0.03,0.0299276,88.6299,cut,8141,3787,no
rKaHyPar,sat14_slp-synthesis-aes-top29.cnf.dual.hgr,no,no,5,8,0.03,0.0296371,135.33,cut,7848,3740,no
rKaHyPar,sat14_slp-synthesis-aes-top29.cnf.dual.hgr,no,no,6,8,0.03,0.0299805,118.461,cut,8098,3937,no
rKaHyPar,sat14_slp-synthesis-aes-top29.cnf.dual.hgr,no,no,7,8,0.03,0.0297691,130.936,cut,7227,3789,no
rKaHyPar,sat14_slp-synthesis-aes-top29.cnf.dual.hgr,no,no,8,8,0.03,0.0299012,87.1103,cut,7560,3741,no
rKaHyPar,sat14_slp-synthesis-aes-top29.cnf.dual.hgr,no,no,9,8,0.03,0.029954,89.1635,cut,8734,3720,no
rKaHyPar,sat14_slp-synthesis-aes-top29.cnf.hgr,no,no,0,128,0.03,0.0296296,58.5654,cut,80778,60075,no
rKaHyPar,sat14_slp-synthesis-aes-top29.cnf.hgr,no,no,1,128,0.03,0.0296296,86.2441,cut,80756,61258,no
rKaHyPar,sat14_slp-synthesis-aes-top29.cnf.hgr,no,no,2,128,0.03,0.0296296,80.7699,cut,81128,61650,no
rKaHyPar,sat14_slp-synthesis-aes-top29.cnf.hgr,no,no,3,128,0.03,0.0296296,59.3784,cut,79931,61566,no
rKaHyPar,sat14_slp-synthesis-aes-top29.cnf.hgr,no,no,4,128,0.03,0.0296296,81.8361,cut,81564,61923,no
rKaHyPar,sat14_slp-synthesis-aes-top29.cnf.hgr,no,no,5,128,0.03,0.0296296,84.48,cut,80396,61430,no
rKaHyPar,sat14_slp-synthesis-aes-top29.cnf.hgr,no,no,6,128,0.03,0.0296296,60.4799,cut,79661,60306,no
rKaHyPar,sat14_slp-synthesis-aes-top29.cnf.hgr,no,no,7,128,0.03,0.0296296,58.2047,cut,79837,61214,no
rKaHyPar,sat14_slp-synthesis-aes-top29.cnf.hgr,no,no,8,128,0.03,0.0296296,83.9985,cut,80027,60919,no
rKaHyPar,sat14_slp-synthesis-aes-top29.cnf.hgr,no,no,9,128,0.03,0.0296296,58.7651,cut,81390,61882,no
rKaHyPar,sat14_slp-synthesis-aes-top29.cnf.hgr,no,no,0,16,0.03,0.0244211,52.1975,cut,40853,35732,no
rKaHyPar,sat14_slp-synthesis-aes-top29.cnf.hgr,no,no,1,16,0.03,0.0223158,51.1085,cut,40761,35474,no
rKaHyPar,sat14_slp-synthesis-aes-top29.cnf.hgr,no,no,2,16,0.03,0.0262737,88.5326,cut,41979,36774,no
rKaHyPar,sat14_slp-synthesis-aes-top29.cnf.hgr,no,no,3,16,0.03,0.0245895,56.4318,cut,42591,36853,no
rKaHyPar,sat14_slp-synthesis-aes-top29.cnf.hgr,no,no,4,16,0.03,0.0235789,68.1881,cut,41480,35873,no
rKaHyPar,sat14_slp-synthesis-aes-top29.cnf.hgr,no,no,5,16,0.03,0.0244211,51.3109,cut,41469,35940,no
rKaHyPar,sat14_slp-synthesis-aes-top29.cnf.hgr,no,no,6,16,0.03,0.0270316,82.0801,cut,42582,36768,no
rKaHyPar,sat14_slp-synthesis-aes-top29.cnf.hgr,no,no,7,16,0.03,0.0265263,56.0585,cut,41714,36024,no
rKaHyPar,sat14_slp-synthesis-aes-top29.cnf.hgr,no,no,8,16,0.03,0.0296421,58.958,cut,42222,36047,no
rKaHyPar,sat14_slp-synthesis-aes-top29.cnf.hgr,no,no,9,16,0.03,0.0289684,57.8251,cut,40934,35563,no
rKaHyPar,sat14_slp-synthesis-aes-top29.cnf.hgr,no,no,0,2,0.03,0.0291375,22.5275,cut,2600,2600,no
rKaHyPar,sat14_slp-synthesis-aes-top29.cnf.hgr,no,no,1,2,0.03,0.0286532,14.0853,cut,2614,2614,no
rKaHyPar,sat14_slp-synthesis-aes-top29.cnf.hgr,no,no,2,2,0.03,0.0270427,20.6523,cut,2603,2603,no
rKaHyPar,sat14_slp-synthesis-aes-top29.cnf.hgr,no,no,3,2,0.03,0.0299901,21.6966,cut,2681,2681,no
rKaHyPar,sat14_slp-synthesis-aes-top29.cnf.hgr,no,no,4,2,0.03,0.0270427,18.9225,cut,2603,2603,no
rKaHyPar,sat14_slp-synthesis-aes-top29.cnf.hgr,no,no,5,2,0.03,0,13.5507,cut,2690,2690,no
rKaHyPar,sat14_slp-synthesis-aes-top29.cnf.hgr,no,no,6,2,0.03,0.0244637,14.5856,cut,2624,2624,no
rKaHyPar,sat14_slp-synthesis-aes-top29.cnf.hgr,no,no,7,2,0.03,0.0299901,17.0488,cut,2713,2713,no
rKaHyPar,sat14_slp-synthesis-aes-top29.cnf.hgr,no,no,8,2,0.03,0.0270427,13.2756,cut,2603,2603,no
rKaHyPar,sat14_slp-synthesis-aes-top29.cnf.hgr,no,no,9,2,0.03,0.0118739,14.6046,cut,2645,2645,no
rKaHyPar,sat14_slp-synthesis-aes-top29.cnf.hgr,no,no,0,32,0.03,0.029808,52.4278,cut,52386,42508,no
rKaHyPar,sat14_slp-synthesis-aes-top29.cnf.hgr,no,no,1,32,0.03,0.0299764,71.8482,cut,52418,42754,no
rKaHyPar,sat14_slp-synthesis-aes-top29.cnf.hgr,no,no,2,32,0.03,0.029808,49.1155,cut,51981,42294,no
rKaHyPar,sat14_slp-synthesis-aes-top29.cnf.hgr,no,no,3,32,0.03,0.0299764,54.6758,cut,53738,43790,no
rKaHyPar,sat14_slp-synthesis-aes-top29.cnf.hgr,no,no,4,32,0.03,0.0296396,51.0577,cut,53507,43351,no
rKaHyPar,sat14_slp-synthesis-aes-top29.cnf.hgr,no,no,5,32,0.03,0.029808,51.8168,cut,52684,42956,no
rKaHyPar,sat14_slp-synthesis-aes-top29.cnf.hgr,no,no,6,32,0.03,0.0299764,52.734,cut,51359,41789,no
rKaHyPar,sat14_slp-synthesis-aes-top29.cnf.hgr,no,no,7,32,0.03,0.0299764,51.6948,cut,53296,43783,no
rKaHyPar,sat14_slp-synthesis-aes-top29.cnf.hgr,no,no,8,32,0.03,0.0299764,53.5372,cut,54177,43204,no
rKaHyPar,sat14_slp-synthesis-aes-top29.cnf.hgr,no,no,9,32,0.03,0.0299764,56.7639,cut,53040,43441,no
rKaHyPar,sat14_slp-synthesis-aes-top29.cnf.hgr,no,no,0,4,0.03,0.0244216,25.9439,cut,12089,11821,no
rKaHyPar,sat14_slp-synthesis-aes-top29.cnf.hgr,no,no,1,4,0.03,0.02339,35.7591,cut,12547,12176,no
rKaHyPar,sat14_slp-synthesis-aes-top29.cnf.hgr,no,no,2,4,0.03,0.0246953,33.4155,cut,12875,12440,no
rKaHyPar,sat14_slp-synthesis-aes-top29.cnf.hgr,no,no,3,4,0.03,0.02339,49.8384,cut,12163,11859,no
rKaHyPar,sat14_slp-synthesis-aes-top29.cnf.hgr,no,no,4,4,0.03,0.0148845,35.6613,cut,12091,11806,no
rKaHyPar,sat14_slp-synthesis-aes-top29.cnf.hgr,no,no,5,4,0.03,0.000189478,168.21,cut,12382,11998,no
rKaHyPar,sat14_slp-synthesis-aes-top29.cnf.hgr,no,no,6,4,0.03,0.025769,48.5556,cut,12135,11832,no
rKaHyPar,sat14_slp-synthesis-aes-top29.cnf.hgr,no,no,7,4,0.03,0.00922125,23.5422,cut,12357,12061,no
rKaHyPar,sat14_slp-synthesis-aes-top29.cnf.hgr,no,no,8,4,0.03,0.0282111,49.0772,cut,12563,12226,no
rKaHyPar,sat14_slp-synthesis-aes-top29.cnf.hgr,no,no,9,4,0.03,0.00915809,37.0774,cut,12148,11858,no
rKaHyPar,sat14_slp-synthesis-aes-top29.cnf.hgr,no,no,0,64,0.03,0.0299764,81.7322,cut,67123,51650,no
rKaHyPar,sat14_slp-synthesis-aes-top29.cnf.hgr,no,no,1,64,0.03,0.0299764,78.036,cut,64692,49151,no
rKaHyPar,sat14_slp-synthesis-aes-top29.cnf.hgr,no,no,2,64,0.03,0.0299764,75.436,cut,65507,49684,no
rKaHyPar,sat14_slp-synthesis-aes-top29.cnf.hgr,no,no,3,64,0.03,0.0299764,77.3454,cut,65246,49456,no
rKaHyPar,sat14_slp-synthesis-aes-top29.cnf.hgr,no,no,4,64,0.03,0.0299764,54.2288,cut,65137,49276,no
rKaHyPar,sat14_slp-synthesis-aes-top29.cnf.hgr,no,no,5,64,0.03,0.0299764,78.3738,cut,65220,49465,no
rKaHyPar,sat14_slp-synthesis-aes-top29.cnf.hgr,no,no,6,64,0.03,0.0299764,55.4245,cut,65626,49383,no
rKaHyPar,sat14_slp-synthesis-aes-top29.cnf.hgr,no,no,7,64,0.03,0.0299764,75.4879,cut,65025,49624,no
rKaHyPar,sat14_slp-synthesis-aes-top29.cnf.hgr,no,no,8,64,0.03,0.0299764,79.7463,cut,64655,49640,no
rKaHyPar,sat14_slp-synthesis-aes-top29.cnf.hgr,no,no,9,64,0.03,0.0299764,57.0252,cut,64717,48999,no
rKaHyPar,sat14_slp-synthesis-aes-top29.cnf.hgr,no,no,0,8,0.03,0.0299789,82.7813,cut,29535,26624,no
rKaHyPar,sat14_slp-synthesis-aes-top29.cnf.hgr,no,no,1,8,0.03,0.0299789,94.1281,cut,29999,26934,no
rKaHyPar,sat14_slp-synthesis-aes-top29.cnf.hgr,no,no,2,8,0.03,0.0299789,94.485,cut,30325,27277,no
rKaHyPar,sat14_slp-synthesis-aes-top29.cnf.hgr,no,no,3,8,0.03,0.0299789,108.326,cut,30306,27161,no
rKaHyPar,sat14_slp-synthesis-aes-top29.cnf.hgr,no,no,4,8,0.03,0.0299789,75.3233,cut,29761,27048,no
rKaHyPar,sat14_slp-synthesis-aes-top29.cnf.hgr,no,no,5,8,0.03,0.0299789,95.3005,cut,29859,26903,no
rKaHyPar,sat14_slp-synthesis-aes-top29.cnf.hgr,no,no,6,8,0.03,0.0299368,108.413,cut,30540,27110,no
rKaHyPar,sat14_slp-synthesis-aes-top29.cnf.hgr,no,no,7,8,0.03,0.0299789,99.2233,cut,29752,26664,no
rKaHyPar,sat14_slp-synthesis-aes-top29.cnf.hgr,no,no,8,8,0.03,0.0299789,89.0687,cut,29949,26780,no
rKaHyPar,sat14_slp-synthesis-aes-top29.cnf.hgr,no,no,9,8,0.03,0.0299789,69.6512,cut,29764,27224,no
rKaHyPar,sat14_slp-synthesis-aes-top29.cnf.primal.hgr,no,no,0,128,0.03,0.0296097,52.6011,cut,77801,65735,no
rKaHyPar,sat14_slp-synthesis-aes-top29.cnf.primal.hgr,no,no,1,128,0.03,0.0296097,48.3421,cut,78891,66266,no
rKaHyPar,sat14_slp-synthesis-aes-top29.cnf.primal.hgr,no,no,2,128,0.03,0.0296097,47.8475,cut,77788,65994,no
rKaHyPar,sat14_slp-synthesis-aes-top29.cnf.primal.hgr,no,no,3,128,0.03,0.0296097,36.3343,cut,76695,64377,no
rKaHyPar,sat14_slp-synthesis-aes-top29.cnf.primal.hgr,no,no,4,128,0.03,0.0296097,49.9047,cut,74982,63571,no
rKaHyPar,sat14_slp-synthesis-aes-top29.cnf.primal.hgr,no,no,5,128,0.03,0.0296097,50.4502,cut,77260,65022,no
rKaHyPar,sat14_slp-synthesis-aes-top29.cnf.primal.hgr,no,no,6,128,0.03,0.0296097,35.6545,cut,76843,65169,no
rKaHyPar,sat14_slp-synthesis-aes-top29.cnf.primal.hgr,no,no,7,128,0.03,0.0296097,35.7982,cut,76392,64901,no
rKaHyPar,sat14_slp-synthesis-aes-top29.cnf.primal.hgr,no,no,8,128,0.03,0.0296097,36.2479,cut,77263,64895,no
rKaHyPar,sat14_slp-synthesis-aes-top29.cnf.primal.hgr,no,no,9,128,0.03,0.0296097,33.8867,cut,74785,62533,no
rKaHyPar,sat14_slp-synthesis-aes-top29.cnf.primal.hgr,no,no,0,16,0.03,0.0299764,43.8279,cut,36880,33152,no
rKaHyPar,sat14_slp-synthesis-aes-top29.cnf.primal.hgr,no,no,1,16,0.03,0.0299764,29.8432,cut,35978,31275,no
rKaHyPar,sat14_slp-synthesis-aes-top29.cnf.primal.hgr,no,no,2,16,0.03,0.0294712,44.4987,cut,38761,34293,no
rKaHyPar,sat14_slp-synthesis-aes-top29.cnf.primal.hgr,no,no,3,16,0.03,0.0299764,27.5491,cut,35784,32590,no
rKaHyPar,sat14_slp-synthesis-aes-top29.cnf.primal.hgr,no,no,4,16,0.03,0.0299764,38.2971,cut,34589,31620,no
rKaHyPar,sat14_slp-synthesis-aes-top29.cnf.primal.hgr,no,no,5,16,0.03,0.029808,26.7114,cut,38487,34167,no
rKaHyPar,sat14_slp-synthesis-aes-top29.cnf.primal.hgr,no,no,6,16,0.03,0.024419,26.5376,cut,37215,32389,no
rKaHyPar,sat14_slp-synthesis-aes-top29.cnf.primal.hgr,no,no,7,16,0.03,0.0299764,35.8495,cut,39118,34975,no
rKaHyPar,sat14_slp-synthesis-aes-top29.cnf.primal.hgr,no,no,8,16,0.03,0.0299764,28.9119,cut,36949,32445,no
rKaHyPar,sat14_slp-synthesis-aes-top29.cnf.primal.hgr,no,no,9,16,0.03,0.0299764,36.9544,cut,35474,32192,no
rKaHyPar,sat14_slp-synthesis-aes-top29.cnf.primal.hgr,no,no,0,2,0.03,0.0299796,20.3127,cut,2682,2682,no
rKaHyPar,sat14_slp-synthesis-aes-top29.cnf.primal.hgr,no,no,1,2,0.03,0.0299796,12.9795,cut,2696,2696,no
rKaHyPar,sat14_slp-synthesis-aes-top29.cnf.primal.hgr,no,no,2,2,0.03,0.0292848,16.2746,cut,2641,2641,no
rKaHyPar,sat14_slp-synthesis-aes-top29.cnf.primal.hgr,no,no,3,2,0.03,0.0299796,29.6756,cut,3137,3137,no
rKaHyPar,sat14_slp-synthesis-aes-top29.cnf.primal.hgr,no,no,4,2,0.03,0.019032,11.562,cut,2678,2678,no
rKaHyPar,sat14_slp-synthesis-aes-top29.cnf.primal.hgr,no,no,5,2,0.03,0.0299796,17.0958,cut,2862,2862,no
rKaHyPar,sat14_slp-synthesis-aes-top29.cnf.primal.hgr,no,no,6,2,0.03,0.0292848,12.2569,cut,2641,2641,no
rKaHyPar,sat14_slp-synthesis-aes-top29.cnf.primal.hgr,no,no,7,2,0.03,0.0299796,20.3123,cut,2979,2979,no
rKaHyPar,sat14_slp-synthesis-aes-top29.cnf.primal.hgr,no,no,8,2,0.03,0.0299796,15.3328,cut,2776,2776,no
rKaHyPar,sat14_slp-synthesis-aes-top29.cnf.primal.hgr,no,no,9,2,0.03,0.0292848,15.8251,cut,2641,2641,no
rKaHyPar,sat14_slp-synthesis-aes-top29.cnf.primal.hgr,no,no,0,32,0.03,0.0299764,30.0627,cut,50859,42021,no
rKaHyPar,sat14_slp-synthesis-aes-top29.cnf.primal.hgr,no,no,1,32,0.03,0.0299764,42.9842,cut,51091,43329,no
rKaHyPar,sat14_slp-synthesis-aes-top29.cnf.primal.hgr,no,no,2,32,0.03,0.0299764,41.5694,cut,51515,43846,no
rKaHyPar,sat14_slp-synthesis-aes-top29.cnf.primal.hgr,no,no,3,32,0.03,0.0299764,32.4158,cut,49279,42446,no
rKaHyPar,sat14_slp-synthesis-aes-top29.cnf.primal.hgr,no,no,4,32,0.03,0.0299764,31.4059,cut,49692,42410,no
rKaHyPar,sat14_slp-synthesis-aes-top29.cnf.primal.hgr,no,no,5,32,0.03,0.0299764,42.5197,cut,49251,41563,no
rKaHyPar,sat14_slp-synthesis-aes-top29.cnf.primal.hgr,no,no,6,32,0.03,0.0299764,27.5884,cut,48948,41629,no
rKaHyPar,sat14_slp-synthesis-aes-top29.cnf.primal.hgr,no,no,7,32,0.03,0.0299764,29.426,cut,49677,41185,no
rKaHyPar,sat14_slp-synthesis-aes-top29.cnf.primal.hgr,no,no,8,32,0.03,0.0299764,32.5221,cut,49843,42090,no
rKaHyPar,sat14_slp-synthesis-aes-top29.cnf.primal.hgr,no,no,9,32,0.03,0.0299764,28.9789,cut,50927,42823,no
rKaHyPar,sat14_slp-synthesis-aes-top29.cnf.primal.hgr,no,no,0,4,0.03,0.0192,18.4638,cut,13145,12583,no
rKaHyPar,sat14_slp-synthesis-aes-top29.cnf.primal.hgr,no,no,1,4,0.03,0.0148632,27.1783,cut,12595,12448,no
rKaHyPar,sat14_slp-synthesis-aes-top29.cnf.primal.hgr,no,no,2,4,0.03,0.0148632,34.0087,cut,12799,12374,no
rKaHyPar,sat14_slp-synthesis-aes-top29.cnf.primal.hgr,no,no,3,4,0.03,0.0218105,29.4428,cut,12633,12417,no
rKaHyPar,sat14_slp-synthesis-aes-top29.cnf.primal.hgr,no,no,4,4,0.03,0.0148632,28.0796,cut,12408,12143,no
rKaHyPar,sat14_slp-synthesis-aes-top29.cnf.primal.hgr,no,no,5,4,0.03,0.0148632,20.5341,cut,12596,12470,no
rKaHyPar,sat14_slp-synthesis-aes-top29.cnf.primal.hgr,no,no,6,4,0.03,0.0298105,24.626,cut,12800,12641,no
rKaHyPar,sat14_slp-synthesis-aes-top29.cnf.primal.hgr,no,no,7,4,0.03,0.0148632,21.0617,cut,12345,12264,no
rKaHyPar,sat14_slp-synthesis-aes-top29.cnf.primal.hgr,no,no,8,4,0.03,0.0148211,19.3723,cut,12729,12372,no
rKaHyPar,sat14_slp-synthesis-aes-top29.cnf.primal.hgr,no,no,9,4,0.03,0.0148632,29.3627,cut,12820,12671,no
rKaHyPar,sat14_slp-synthesis-aes-top29.cnf.primal.hgr,no,no,0,64,0.03,0.0296296,45.7813,cut,60897,50914,no
rKaHyPar,sat14_slp-synthesis-aes-top29.cnf.primal.hgr,no,no,1,64,0.03,0.0296296,31.0943,cut,60750,51106,no
rKaHyPar,sat14_slp-synthesis-aes-top29.cnf.primal.hgr,no,no,2,64,0.03,0.0296296,45.4338,cut,60645,50838,no
rKaHyPar,sat14_slp-synthesis-aes-top29.cnf.primal.hgr,no,no,3,64,0.03,0.0296296,44.1246,cut,60468,51112,no
rKaHyPar,sat14_slp-synthesis-aes-top29.cnf.primal.hgr,no,no,4,64,0.03,0.0296296,45.8117,cut,61371,50724,no
rKaHyPar,sat14_slp-synthesis-aes-top29.cnf.primal.hgr,no,no,5,64,0.03,0.0296296,47.0221,cut,60772,50798,no
rKaHyPar,sat14_slp-synthesis-aes-top29.cnf.primal.hgr,no,no,6,64,0.03,0.0296296,30.7603,cut,61643,51245,no
rKaHyPar,sat14_slp-synthesis-aes-top29.cnf.primal.hgr,no,no,7,64,0.03,0.0296296,31.7752,cut,60686,50727,no
rKaHyPar,sat14_slp-synthesis-aes-top29.cnf.primal.hgr,no,no,8,64,0.03,0.0296296,32.7406,cut,62127,51847,no
rKaHyPar,sat14_slp-synthesis-aes-top29.cnf.primal.hgr,no,no,9,64,0.03,0.0296296,31.9759,cut,61124,51191,no
rKaHyPar,sat14_slp-synthesis-aes-top29.cnf.primal.hgr,no,no,0,8,0.03,0.0299789,39.2657,cut,27499,25270,no
rKaHyPar,sat14_slp-synthesis-aes-top29.cnf.primal.hgr,no,no,1,8,0.03,0.0299789,40.5643,cut,25765,23791,no
rKaHyPar,sat14_slp-synthesis-aes-top29.cnf.primal.hgr,no,no,2,8,0.03,0.0299789,41.3952,cut,28400,25847,no
rKaHyPar,sat14_slp-synthesis-aes-top29.cnf.primal.hgr,no,no,3,8,0.03,0.0299789,33.2833,cut,22616,21896,no
rKaHyPar,sat14_slp-synthesis-aes-top29.cnf.primal.hgr,no,no,4,8,0.03,0.0299789,46.5932,cut,25828,23383,no
rKaHyPar,sat14_slp-synthesis-aes-top29.cnf.primal.hgr,no,no,5,8,0.03,0.0299789,42.9025,cut,26782,24382,no
rKaHyPar,sat14_slp-synthesis-aes-top29.cnf.primal.hgr,no,no,6,8,0.03,0.0299789,36.6508,cut,25523,23195,no
rKaHyPar,sat14_slp-synthesis-aes-top29.cnf.primal.hgr,no,no,7,8,0.03,0.0299789,45.4252,cut,25099,22770,no
rKaHyPar,sat14_slp-synthesis-aes-top29.cnf.primal.hgr,no,no,8,8,0.03,0.0299789,33.5226,cut,26256,23322,no
rKaHyPar,sat14_slp-synthesis-aes-top29.cnf.primal.hgr,no,no,9,8,0.03,0.0299789,26.8142,cut,25271,23009,no
rKaHyPar,sat14_transport-transport-city-sequential-25nodes-1000size-3degree-100mindistance-3trucks-10packages-2008seed.030-NOTKNOWN.cnf.dual.hgr,no,no,0,128,0.03,0.0299041,2070.85,cut,270023,130303,no
rKaHyPar,sat14_transport-transport-city-sequential-25nodes-1000size-3degree-100mindistance-3trucks-10packages-2008seed.030-NOTKNOWN.cnf.dual.hgr,no,no,1,128,0.03,0.0297717,1990,cut,275641,129756,no
rKaHyPar,sat14_transport-transport-city-sequential-25nodes-1000size-3degree-100mindistance-3trucks-10packages-2008seed.030-NOTKNOWN.cnf.dual.hgr,no,no,2,128,0.03,0.0299702,1987.23,cut,278416,130413,no
rKaHyPar,sat14_transport-transport-city-sequential-25nodes-1000size-3degree-100mindistance-3trucks-10packages-2008seed.030-NOTKNOWN.cnf.dual.hgr,no,no,3,128,0.03,0.0299702,1336.53,cut,271158,129296,no
rKaHyPar,sat14_transport-transport-city-sequential-25nodes-1000size-3degree-100mindistance-3trucks-10packages-2008seed.030-NOTKNOWN.cnf.dual.hgr,no,no,4,128,0.03,0.0299041,2055.46,cut,269282,130265,no
rKaHyPar,sat14_transport-transport-city-sequential-25nodes-1000size-3degree-100mindistance-3trucks-10packages-2008seed.030-NOTKNOWN.cnf.dual.hgr,no,no,5,128,0.03,0.0299702,2080.21,cut,267260,129863,no
rKaHyPar,sat14_transport-transport-city-sequential-25nodes-1000size-3degree-100mindistance-3trucks-10packages-2008seed.030-NOTKNOWN.cnf.dual.hgr,no,no,6,128,0.03,0.0297717,1359.57,cut,279256,130661,no
rKaHyPar,sat14_transport-transport-city-sequential-25nodes-1000size-3degree-100mindistance-3trucks-10packages-2008seed.030-NOTKNOWN.cnf.dual.hgr,no,no,7,128,0.03,0.0299702,1364.28,cut,281316,130548,no
rKaHyPar,sat14_transport-transport-city-sequential-25nodes-1000size-3degree-100mindistance-3trucks-10packages-2008seed.030-NOTKNOWN.cnf.dual.hgr,no,no,8,128,0.03,0.0298379,2032.94,cut,271554,130430,no
rKaHyPar,sat14_transport-transport-city-sequential-25nodes-1000size-3degree-100mindistance-3trucks-10packages-2008seed.030-NOTKNOWN.cnf.dual.hgr,no,no,9,128,0.03,0.0299702,1344.14,cut,265591,130745,no
rKaHyPar,sat14_transport-transport-city-sequential-25nodes-1000size-3degree-100mindistance-3trucks-10packages-2008seed.030-NOTKNOWN.cnf.dual.hgr,no,no,0,16,0.03,0.029995,1861.47,cut,14966,12331,no
rKaHyPar,sat14_transport-transport-city-sequential-25nodes-1000size-3degree-100mindistance-3trucks-10packages-2008seed.030-NOTKNOWN.cnf.dual.hgr,no,no,1,16,0.03,0.0296312,1204.73,cut,14458,10950,no
rKaHyPar,sat14_transport-transport-city-sequential-25nodes-1000size-3degree-100mindistance-3trucks-10packages-2008seed.030-NOTKNOWN.cnf.dual.hgr,no,no,2,16,0.03,0.0292921,1810.35,cut,13259,10624,no
rKaHyPar,sat14_transport-transport-city-sequential-25nodes-1000size-3degree-100mindistance-3trucks-10packages-2008seed.030-NOTKNOWN.cnf.dual.hgr,no,no,3,16,0.03,0.029995,1767.51,cut,14900,11243,no
rKaHyPar,sat14_transport-transport-city-sequential-25nodes-1000size-3degree-100mindistance-3trucks-10packages-2008seed.030-NOTKNOWN.cnf.dual.hgr,no,no,4,16,0.03,0.0299868,1906.85,cut,15855,12889,no
rKaHyPar,sat14_transport-transport-city-sequential-25nodes-1000size-3degree-100mindistance-3trucks-10packages-2008seed.030-NOTKNOWN.cnf.dual.hgr,no,no,5,16,0.03,0.029995,1215.46,cut,13032,10591,no
rKaHyPar,sat14_transport-transport-city-sequential-25nodes-1000size-3degree-100mindistance-3trucks-10packages-2008seed.030-NOTKNOWN.cnf.dual.hgr,no,no,6,16,0.03,0.029871,1178.06,cut,13662,10439,no
rKaHyPar,sat14_transport-transport-city-sequential-25nodes-1000size-3degree-100mindistance-3trucks-10packages-2008seed.030-NOTKNOWN.cnf.dual.hgr,no,no,7,16,0.03,0.0296229,1224.46,cut,13819,10199,no
rKaHyPar,sat14_transport-transport-city-sequential-25nodes-1000size-3degree-100mindistance-3trucks-10packages-2008seed.030-NOTKNOWN.cnf.dual.hgr,no,no,8,16,0.03,0.0299868,1224.41,cut,14414,11463,no
rKaHyPar,sat14_transport-transport-city-sequential-25nodes-1000size-3degree-100mindistance-3trucks-10packages-2008seed.030-NOTKNOWN.cnf.dual.hgr,no,no,9,16,0.03,0.0299537,1823.03,cut,14411,11660,no
rKaHyPar,sat14_transport-transport-city-sequential-25nodes-1000size-3degree-100mindistance-3trucks-10packages-2008seed.030-NOTKNOWN.cnf.dual.hgr,no,no,0,2,0.03,0,498.679,cut,370,370,no
rKaHyPar,sat14_transport-transport-city-sequential-25nodes-1000size-3degree-100mindistance-3trucks-10packages-2008seed.030-NOTKNOWN.cnf.dual.hgr,no,no,1,2,0.03,0,323.732,cut,370,370,no
rKaHyPar,sat14_transport-transport-city-sequential-25nodes-1000size-3degree-100mindistance-3trucks-10packages-2008seed.030-NOTKNOWN.cnf.dual.hgr,no,no,2,2,0.03,0,498.664,cut,370,370,no
rKaHyPar,sat14_transport-transport-city-sequential-25nodes-1000size-3degree-100mindistance-3trucks-10packages-2008seed.030-NOTKNOWN.cnf.dual.hgr,no,no,3,2,0.03,0,494.703,cut,370,370,no
rKaHyPar,sat14_transport-transport-city-sequential-25nodes-1000size-3degree-100mindistance-3trucks-10packages-2008seed.030-NOTKNOWN.cnf.dual.hgr,no,no,4,2,0.03,0,502.262,cut,370,370,no
rKaHyPar,sat14_transport-transport-city-sequential-25nodes-1000size-3degree-100mindistance-3trucks-10packages-2008seed.030-NOTKNOWN.cnf.dual.hgr,no,no,5,2,0.03,0,323.468,cut,370,370,no
rKaHyPar,sat14_transport-transport-city-sequential-25nodes-1000size-3degree-100mindistance-3trucks-10packages-2008seed.030-NOTKNOWN.cnf.dual.hgr,no,no,6,2,0.03,0,322.83,cut,370,370,no
rKaHyPar,sat14_transport-transport-city-sequential-25nodes-1000size-3degree-100mindistance-3trucks-10packages-2008seed.030-NOTKNOWN.cnf.dual.hgr,no,no,7,2,0.03,0,323.647,cut,370,370,no
rKaHyPar,sat14_transport-transport-city-sequential-25nodes-1000size-3degree-100mindistance-3trucks-10packages-2008seed.030-NOTKNOWN.cnf.dual.hgr,no,no,8,2,0.03,0,322.17,cut,370,370,no
rKaHyPar,sat14_transport-transport-city-sequential-25nodes-1000size-3degree-100mindistance-3trucks-10packages-2008seed.030-NOTKNOWN.cnf.dual.hgr,no,no,9,2,0.03,0,497.737,cut,370,370,no
rKaHyPar,sat14_transport-transport-city-sequential-25nodes-1000size-3degree-100mindistance-3trucks-10packages-2008seed.030-NOTKNOWN.cnf.dual.hgr,no,no,0,32,0.03,0.0297387,1252.55,cut,21677,13799,no
rKaHyPar,sat14_transport-transport-city-sequential-25nodes-1000size-3degree-100mindistance-3trucks-10packages-2008seed.030-NOTKNOWN.cnf.dual.hgr,no,no,1,32,0.03,0.0299868,1954.72,cut,22060,15170,no
rKaHyPar,sat14_transport-transport-city-sequential-25nodes-1000size-3degree-100mindistance-3trucks-10packages-2008seed.030-NOTKNOWN.cnf.dual.hgr,no,no,2,32,0.03,0.0299868,1928.11,cut,21783,14577,no
rKaHyPar,sat14_transport-transport-city-sequential-25nodes-1000size-3degree-100mindistance-3trucks-10packages-2008seed.030-NOTKNOWN.cnf.dual.hgr,no,no,3,32,0.03,0.0291102,1359.12,cut,21983,15345,no
rKaHyPar,sat14_transport-transport-city-sequential-25nodes-1000size-3degree-100mindistance-3trucks-10packages-2008seed.030-NOTKNOWN.cnf.dual.hgr,no,no,4,32,0.03,0.0292921,1268.32,cut,23037,14897,no
rKaHyPar,sat14_transport-transport-city-sequential-25nodes-1000size-3degree-100mindistance-3trucks-10packages-2008seed.030-NOTKNOWN.cnf.dual.hgr,no,no,5,32,0.03,0.028432,2000.1,cut,23150,16254,no
rKaHyPar,sat14_transport-transport-city-sequential-25nodes-1000size-3degree-100mindistance-3trucks-10packages-2008seed.030-NOTKNOWN.cnf.dual.hgr,no,no,6,32,0.03,0.0292921,1256.46,cut,21279,13876,no
rKaHyPar,sat14_transport-transport-city-sequential-25nodes-1000size-3degree-100mindistance-3trucks-10packages-2008seed.030-NOTKNOWN.cnf.dual.hgr,no,no,7,32,0.03,0.0297387,1286.5,cut,23756,15573,no
rKaHyPar,sat14_transport-transport-city-sequential-25nodes-1000size-3degree-100mindistance-3trucks-10packages-2008seed.030-NOTKNOWN.cnf.dual.hgr,no,no,8,32,0.03,0.0292921,1285.71,cut,21333,14715,no
rKaHyPar,sat14_transport-transport-city-sequential-25nodes-1000size-3degree-100mindistance-3trucks-10packages-2008seed.030-NOTKNOWN.cnf.dual.hgr,no,no,9,32,0.03,0.0292425,1274,cut,22343,15048,no
rKaHyPar,sat14_transport-transport-city-sequential-25nodes-1000size-3degree-100mindistance-3trucks-10packages-2008seed.030-NOTKNOWN.cnf.dual.hgr,no,no,0,4,0.03,0.0299888,689.602,cut,3032,2979,no
rKaHyPar,sat14_transport-transport-city-sequential-25nodes-1000size-3degree-100mindistance-3trucks-10packages-2008seed.030-NOTKNOWN.cnf.dual.hgr,no,no,1,4,0.03,0.0299847,1106.82,cut,2905,2777,no
rKaHyPar,sat14_transport-transport-city-sequential-25nodes-1000size-3degree-100mindistance-3trucks-10packages-2008seed.030-NOTKNOWN.cnf.dual.hgr,no,no,2,4,0.03,0.0299868,1058.52,cut,2856,2457,no
rKaHyPar,sat14_transport-transport-city-sequential-25nodes-1000size-3degree-100mindistance-3trucks-10packages-2008seed.030-NOTKNOWN.cnf.dual.hgr,no,no,3,4,0.03,0.0299868,678.242,cut,2256,2174,no
rKaHyPar,sat14_transport-transport-city-sequential-25nodes-1000size-3degree-100mindistance-3trucks-10packages-2008seed.030-NOTKNOWN.cnf.dual.hgr,no,no,4,4,0.03,0.0299785,1015.85,cut,2853,2819,no
rKaHyPar,sat14_transport-transport-city-sequential-25nodes-1000size-3degree-100mindistance-3trucks-10packages-2008seed.030-NOTKNOWN.cnf.dual.hgr,no,no,5,4,0.03,0.0299826,1078.02,cut,2545,2443,no
rKaHyPar,sat14_transport-transport-city-sequential-25nodes-1000size-3degree-100mindistance-3trucks-10packages-2008seed.030-NOTKNOWN.cnf.dual.hgr,no,no,6,4,0.03,0.0299888,1073.23,cut,2822,2770,no
rKaHyPar,sat14_transport-transport-city-sequential-25nodes-1000size-3degree-100mindistance-3trucks-10packages-2008seed.030-NOTKNOWN.cnf.dual.hgr,no,no,7,4,0.03,0.0299909,724.371,cut,2971,2891,no
rKaHyPar,sat14_transport-transport-city-sequential-25nodes-1000size-3degree-100mindistance-3trucks-10packages-2008seed.030-NOTKNOWN.cnf.dual.hgr,no,no,8,4,0.03,0.0299682,1134.82,cut,2908,2785,no
rKaHyPar,sat14_transport-transport-city-sequential-25nodes-1000size-3degree-100mindistance-3trucks-10packages-2008seed.030-NOTKNOWN.cnf.dual.hgr,no,no,9,4,0.03,0.0299888,1089.13,cut,2533,2481,no
rKaHyPar,sat14_transport-transport-city-sequential-25nodes-1000size-3degree-100mindistance-3trucks-10packages-2008seed.030-NOTKNOWN.cnf.dual.hgr,no,no,0,64,0.03,0.0299371,2101.07,cut,117696,89828,no
rKaHyPar,sat14_transport-transport-city-sequential-25nodes-1000size-3degree-100mindistance-3trucks-10packages-2008seed.030-NOTKNOWN.cnf.dual.hgr,no,no,1,64,0.03,0.0299702,1391.32,cut,124832,90473,no
rKaHyPar,sat14_transport-transport-city-sequential-25nodes-1000size-3degree-100mindistance-3trucks-10packages-2008seed.030-NOTKNOWN.cnf.dual.hgr,no,no,2,64,0.03,0.0299702,2100.27,cut,120792,89855,no
rKaHyPar,sat14_transport-transport-city-sequential-25nodes-1000size-3degree-100mindistance-3trucks-10packages-2008seed.030-NOTKNOWN.cnf.dual.hgr,no,no,3,64,0.03,0.0299702,2065.12,cut,125855,90580,no
rKaHyPar,sat14_transport-transport-city-sequential-25nodes-1000size-3degree-100mindistance-3trucks-10packages-2008seed.030-NOTKNOWN.cnf.dual.hgr,no,no,4,64,0.03,0.0299702,2053.65,cut,125298,90604,no
rKaHyPar,sat14_transport-transport-city-sequential-25nodes-1000size-3degree-100mindistance-3trucks-10packages-2008seed.030-NOTKNOWN.cnf.dual.hgr,no,no,5,64,0.03,0.0299702,2067.91,cut,125217,89903,no
rKaHyPar,sat14_transport-transport-city-sequential-25nodes-1000size-3degree-100mindistance-3trucks-10packages-2008seed.030-NOTKNOWN.cnf.dual.hgr,no,no,6,64,0.03,0.0299702,1410.84,cut,119336,90643,no
rKaHyPar,sat14_transport-transport-city-sequential-25nodes-1000size-3degree-100mindistance-3trucks-10packages-2008seed.030-NOTKNOWN.cnf.dual.hgr,no,no,7,64,0.03,0.0299702,2112.52,cut,129399,90333,no
rKaHyPar,sat14_transport-transport-city-sequential-25nodes-1000size-3degree-100mindistance-3trucks-10packages-2008seed.030-NOTKNOWN.cnf.dual.hgr,no,no,8,64,0.03,0.0299702,2091.3,cut,123247,90393,no
rKaHyPar,sat14_transport-transport-city-sequential-25nodes-1000size-3degree-100mindistance-3trucks-10packages-2008seed.030-NOTKNOWN.cnf.dual.hgr,no,no,9,64,0.03,0.0299702,1396.09,cut,120509,89227,no
rKaHyPar,sat14_transport-transport-city-sequential-25nodes-1000size-3degree-100mindistance-3trucks-10packages-2008seed.030-NOTKNOWN.cnf.dual.hgr,no,no,0,8,0.03,0.0299826,1498.91,cut,7647,6569,no
rKaHyPar,sat14_transport-transport-city-sequential-25nodes-1000size-3degree-100mindistance-3trucks-10packages-2008seed.030-NOTKNOWN.cnf.dual.hgr,no,no,1,8,0.03,0.0299992,982.684,cut,6878,6218,no
rKaHyPar,sat14_transport-transport-city-sequential-25nodes-1000size-3degree-100mindistance-3trucks-10packages-2008seed.030-NOTKNOWN.cnf.dual.hgr,no,no,2,8,0.03,0.0299992,962.349,cut,7054,6331,no
rKaHyPar,sat14_transport-transport-city-sequential-25nodes-1000size-3degree-100mindistance-3trucks-10packages-2008seed.030-NOTKNOWN.cnf.dual.hgr,no,no,3,8,0.03,0.0299868,1465.29,cut,7081,6230,no
rKaHyPar,sat14_transport-transport-city-sequential-25nodes-1000size-3degree-100mindistance-3trucks-10packages-2008seed.030-NOTKNOWN.cnf.dual.hgr,no,no,4,8,0.03,0.0299661,1550.37,cut,7442,6788,no
rKaHyPar,sat14_transport-transport-city-sequential-25nodes-1000size-3degree-100mindistance-3trucks-10packages-2008seed.030-NOTKNOWN.cnf.dual.hgr,no,no,5,8,0.03,0.0299578,1433.27,cut,7238,6016,no
rKaHyPar,sat14_transport-transport-city-sequential-25nodes-1000size-3degree-100mindistance-3trucks-10packages-2008seed.030-NOTKNOWN.cnf.dual.hgr,no,no,7,8,0.03,0.0294161,1470.03,cut,7498,5981,no
rKaHyPar,sat14_transport-transport-city-sequential-25nodes-1000size-3degree-100mindistance-3trucks-10packages-2008seed.030-NOTKNOWN.cnf.dual.hgr,no,no,8,8,0.03,0.0299992,993.985,cut,7156,6302,no
rKaHyPar,sat14_transport-transport-city-sequential-25nodes-1000size-3degree-100mindistance-3trucks-10packages-2008seed.030-NOTKNOWN.cnf.dual.hgr,no,no,9,8,0.03,0.0299992,979.049,cut,6755,5996,no
rKaHyPar,sat14_transport-transport-city-sequential-25nodes-1000size-3degree-100mindistance-3trucks-10packages-2008seed.030-NOTKNOWN.cnf.hgr,no,no,0,128,0.03,0.0299347,689.831,cut,643203,555948,no
rKaHyPar,sat14_transport-transport-city-sequential-25nodes-1000size-3degree-100mindistance-3trucks-10packages-2008seed.030-NOTKNOWN.cnf.hgr,no,no,1,128,0.03,0.0299347,729.119,cut,626370,559524,no
rKaHyPar,sat14_transport-transport-city-sequential-25nodes-1000size-3degree-100mindistance-3trucks-10packages-2008seed.030-NOTKNOWN.cnf.hgr,no,no,2,128,0.03,0.0299347,667.146,cut,617332,552524,no
rKaHyPar,sat14_transport-transport-city-sequential-25nodes-1000size-3degree-100mindistance-3trucks-10packages-2008seed.030-NOTKNOWN.cnf.hgr,no,no,3,128,0.03,0.0299347,494.075,cut,607183,556066,no
rKaHyPar,sat14_transport-transport-city-sequential-25nodes-1000size-3degree-100mindistance-3trucks-10packages-2008seed.030-NOTKNOWN.cnf.hgr,no,no,4,128,0.03,0.0299347,716.108,cut,613149,556292,no
rKaHyPar,sat14_transport-transport-city-sequential-25nodes-1000size-3degree-100mindistance-3trucks-10packages-2008seed.030-NOTKNOWN.cnf.hgr,no,no,5,128,0.03,0.0299347,455.197,cut,625265,561919,no
rKaHyPar,sat14_transport-transport-city-sequential-25nodes-1000size-3degree-100mindistance-3trucks-10packages-2008seed.030-NOTKNOWN.cnf.hgr,no,no,6,128,0.03,0.0299347,498.954,cut,649849,557652,no
rKaHyPar,sat14_transport-transport-city-sequential-25nodes-1000size-3degree-100mindistance-3trucks-10packages-2008seed.030-NOTKNOWN.cnf.hgr,no,no,7,128,0.03,0.0299347,506.835,cut,621226,551933,no
rKaHyPar,sat14_transport-transport-city-sequential-25nodes-1000size-3degree-100mindistance-3trucks-10packages-2008seed.030-NOTKNOWN.cnf.hgr,no,no,8,128,0.03,0.0299347,479.28,cut,624282,560682,no
rKaHyPar,sat14_transport-transport-city-sequential-25nodes-1000size-3degree-100mindistance-3trucks-10packages-2008seed.030-NOTKNOWN.cnf.hgr,no,no,9,128,0.03,0.0299347,484.208,cut,630710,555144,no
rKaHyPar,sat14_transport-transport-city-sequential-25nodes-1000size-3degree-100mindistance-3trucks-10packages-2008seed.030-NOTKNOWN.cnf.hgr,no,no,0,16,0.03,0.0299814,894.137,cut,206497,202778,no
rKaHyPar,sat14_transport-transport-city-sequential-25nodes-1000size-3degree-100mindistance-3trucks-10packages-2008seed.030-NOTKNOWN.cnf.hgr,no,no,1,16,0.03,0.0299814,547.77,cut,198487,191079,no
rKaHyPar,sat14_transport-transport-city-sequential-25nodes-1000size-3degree-100mindistance-3trucks-10packages-2008seed.030-NOTKNOWN.cnf.hgr,no,no,2,16,0.03,0.0299814,600.767,cut,196216,186892,no
rKaHyPar,sat14_transport-transport-city-sequential-25nodes-1000size-3degree-100mindistance-3trucks-10packages-2008seed.030-NOTKNOWN.cnf.hgr,no,no,3,16,0.03,0.0299814,653.159,cut,197412,188983,no
rKaHyPar,sat14_transport-transport-city-sequential-25nodes-1000size-3degree-100mindistance-3trucks-10packages-2008seed.030-NOTKNOWN.cnf.hgr,no,no,4,16,0.03,0.0299814,1108.79,cut,203071,198462,no
rKaHyPar,sat14_transport-transport-city-sequential-25nodes-1000size-3degree-100mindistance-3trucks-10packages-2008seed.030-NOTKNOWN.cnf.hgr,no,no,5,16,0.03,0.0299814,1002.64,cut,198818,190529,no
rKaHyPar,sat14_transport-transport-city-sequential-25nodes-1000size-3degree-100mindistance-3trucks-10packages-2008seed.030-NOTKNOWN.cnf.hgr,no,no,6,16,0.03,0.0299814,916.185,cut,204205,195947,no
rKaHyPar,sat14_transport-transport-city-sequential-25nodes-1000size-3degree-100mindistance-3trucks-10packages-2008seed.030-NOTKNOWN.cnf.hgr,no,no,7,16,0.03,0.0299814,575.688,cut,195110,190618,no
rKaHyPar,sat14_transport-transport-city-sequential-25nodes-1000size-3degree-100mindistance-3trucks-10packages-2008seed.030-NOTKNOWN.cnf.hgr,no,no,8,16,0.03,0.0299587,1253,cut,203246,197802,no
rKaHyPar,sat14_transport-transport-city-sequential-25nodes-1000size-3degree-100mindistance-3trucks-10packages-2008seed.030-NOTKNOWN.cnf.hgr,no,no,9,16,0.03,0.0299814,802.668,cut,201144,195031,no
rKaHyPar,sat14_transport-transport-city-sequential-25nodes-1000size-3degree-100mindistance-3trucks-10packages-2008seed.030-NOTKNOWN.cnf.hgr,no,no,0,2,0.03,0,168.364,cut,13016,13016,no
rKaHyPar,sat14_transport-transport-city-sequential-25nodes-1000size-3degree-100mindistance-3trucks-10packages-2008seed.030-NOTKNOWN.cnf.hgr,no,no,1,2,0.03,0,121.962,cut,13016,13016,no
rKaHyPar,sat14_transport-transport-city-sequential-25nodes-1000size-3degree-100mindistance-3trucks-10packages-2008seed.030-NOTKNOWN.cnf.hgr,no,no,2,2,0.03,0,257.995,cut,13016,13016,no
rKaHyPar,sat14_transport-transport-city-sequential-25nodes-1000size-3degree-100mindistance-3trucks-10packages-2008seed.030-NOTKNOWN.cnf.hgr,no,no,3,2,0.03,0,185.17,cut,13016,13016,no
rKaHyPar,sat14_transport-transport-city-sequential-25nodes-1000size-3degree-100mindistance-3trucks-10packages-2008seed.030-NOTKNOWN.cnf.hgr,no,no,4,2,0.03,0,138.905,cut,13016,13016,no
rKaHyPar,sat14_transport-transport-city-sequential-25nodes-1000size-3degree-100mindistance-3trucks-10packages-2008seed.030-NOTKNOWN.cnf.hgr,no,no,5,2,0.03,0,124.577,cut,13016,13016,no
rKaHyPar,sat14_transport-transport-city-sequential-25nodes-1000size-3degree-100mindistance-3trucks-10packages-2008seed.030-NOTKNOWN.cnf.hgr,no,no,6,2,0.03,0,151.408,cut,13016,13016,no
rKaHyPar,sat14_transport-transport-city-sequential-25nodes-1000size-3degree-100mindistance-3trucks-10packages-2008seed.030-NOTKNOWN.cnf.hgr,no,no,7,2,0.03,0,128.219,cut,13016,13016,no
rKaHyPar,sat14_transport-transport-city-sequential-25nodes-1000size-3degree-100mindistance-3trucks-10packages-2008seed.030-NOTKNOWN.cnf.hgr,no,no,8,2,0.03,0,134.255,cut,13016,13016,no
rKaHyPar,sat14_transport-transport-city-sequential-25nodes-1000size-3degree-100mindistance-3trucks-10packages-2008seed.030-NOTKNOWN.cnf.hgr,no,no,9,2,0.03,0,167.523,cut,13016,13016,no
rKaHyPar,sat14_transport-transport-city-sequential-25nodes-1000size-3degree-100mindistance-3trucks-10packages-2008seed.030-NOTKNOWN.cnf.hgr,no,no,0,32,0.03,0.0299814,483.413,cut,327451,307570,no
rKaHyPar,sat14_transport-transport-city-sequential-25nodes-1000size-3degree-100mindistance-3trucks-10packages-2008seed.030-NOTKNOWN.cnf.hgr,no,no,1,32,0.03,0.0299814,800.293,cut,334161,315897,no
rKaHyPar,sat14_transport-transport-city-sequential-25nodes-1000size-3degree-100mindistance-3trucks-10packages-2008seed.030-NOTKNOWN.cnf.hgr,no,no,2,32,0.03,0.0299814,867.462,cut,334467,316619,no
rKaHyPar,sat14_transport-transport-city-sequential-25nodes-1000size-3degree-100mindistance-3trucks-10packages-2008seed.030-NOTKNOWN.cnf.hgr,no,no,3,32,0.03,0.0299814,522.23,cut,334380,317477,no
rKaHyPar,sat14_transport-transport-city-sequential-25nodes-1000size-3degree-100mindistance-3trucks-10packages-2008seed.030-NOTKNOWN.cnf.hgr,no,no,4,32,0.03,0.0299814,523.082,cut,329083,308292,no
rKaHyPar,sat14_transport-transport-city-sequential-25nodes-1000size-3degree-100mindistance-3trucks-10packages-2008seed.030-NOTKNOWN.cnf.hgr,no,no,5,32,0.03,0.0299814,803.308,cut,334390,314273,no
rKaHyPar,sat14_transport-transport-city-sequential-25nodes-1000size-3degree-100mindistance-3trucks-10packages-2008seed.030-NOTKNOWN.cnf.hgr,no,no,6,32,0.03,0.0299814,580.966,cut,344167,316771,no
rKaHyPar,sat14_transport-transport-city-sequential-25nodes-1000size-3degree-100mindistance-3trucks-10packages-2008seed.030-NOTKNOWN.cnf.hgr,no,no,7,32,0.03,0.0299814,598.73,cut,338226,317005,no
rKaHyPar,sat14_transport-transport-city-sequential-25nodes-1000size-3degree-100mindistance-3trucks-10packages-2008seed.030-NOTKNOWN.cnf.hgr,no,no,8,32,0.03,0.0299814,491.034,cut,336698,317813,no
rKaHyPar,sat14_transport-transport-city-sequential-25nodes-1000size-3degree-100mindistance-3trucks-10packages-2008seed.030-NOTKNOWN.cnf.hgr,no,no,9,32,0.03,0.0299814,515.927,cut,331508,313739,no
rKaHyPar,sat14_transport-transport-city-sequential-25nodes-1000size-3degree-100mindistance-3trucks-10packages-2008seed.030-NOTKNOWN.cnf.hgr,no,no,0,4,0.03,0.0295677,184.636,cut,39198,39131,no
rKaHyPar,sat14_transport-transport-city-sequential-25nodes-1000size-3degree-100mindistance-3trucks-10packages-2008seed.030-NOTKNOWN.cnf.hgr,no,no,1,4,0.03,0.0299986,223.247,cut,39363,39359,no
rKaHyPar,sat14_transport-transport-city-sequential-25nodes-1000size-3degree-100mindistance-3trucks-10packages-2008seed.030-NOTKNOWN.cnf.hgr,no,no,2,4,0.03,0.0119405,391.157,cut,42683,42679,no
rKaHyPar,sat14_transport-transport-city-sequential-25nodes-1000size-3degree-100mindistance-3trucks-10packages-2008seed.030-NOTKNOWN.cnf.hgr,no,no,3,4,0.03,0.0298512,217.032,cut,39691,39312,no
rKaHyPar,sat14_transport-transport-city-sequential-25nodes-1000size-3degree-100mindistance-3trucks-10packages-2008seed.030-NOTKNOWN.cnf.hgr,no,no,4,4,0.03,0.0298568,310.443,cut,40590,40318,no
rKaHyPar,sat14_transport-transport-city-sequential-25nodes-1000size-3degree-100mindistance-3trucks-10packages-2008seed.030-NOTKNOWN.cnf.hgr,no,no,5,4,0.03,0.0298172,301.134,cut,43164,43122,no
rKaHyPar,sat14_transport-transport-city-sequential-25nodes-1000size-3degree-100mindistance-3trucks-10packages-2008seed.030-NOTKNOWN.cnf.hgr,no,no,6,4,0.03,0.0298568,211.97,cut,39195,39195,no
rKaHyPar,sat14_transport-transport-city-sequential-25nodes-1000size-3degree-100mindistance-3trucks-10packages-2008seed.030-NOTKNOWN.cnf.hgr,no,no,7,4,0.03,0.0299986,411.415,cut,39585,39427,no
rKaHyPar,sat14_transport-transport-city-sequential-25nodes-1000size-3degree-100mindistance-3trucks-10packages-2008seed.030-NOTKNOWN.cnf.hgr,no,no,8,4,0.03,0.0298568,216.659,cut,40799,40318,no
rKaHyPar,sat14_transport-transport-city-sequential-25nodes-1000size-3degree-100mindistance-3trucks-10packages-2008seed.030-NOTKNOWN.cnf.hgr,no,no,9,4,0.03,0.0298512,275.104,cut,40704,40318,no
rKaHyPar,sat14_transport-transport-city-sequential-25nodes-1000size-3degree-100mindistance-3trucks-10packages-2008seed.030-NOTKNOWN.cnf.hgr,no,no,0,64,0.03,0.0299347,479.698,cut,459040,429110,no
rKaHyPar,sat14_transport-transport-city-sequential-25nodes-1000size-3degree-100mindistance-3trucks-10packages-2008seed.030-NOTKNOWN.cnf.hgr,no,no,1,64,0.03,0.0299347,581.708,cut,454982,420346,no
rKaHyPar,sat14_transport-transport-city-sequential-25nodes-1000size-3degree-100mindistance-3trucks-10packages-2008seed.030-NOTKNOWN.cnf.hgr,no,no,2,64,0.03,0.0299347,829.165,cut,466833,425069,no
rKaHyPar,sat14_transport-transport-city-sequential-25nodes-1000size-3degree-100mindistance-3trucks-10packages-2008seed.030-NOTKNOWN.cnf.hgr,no,no,3,64,0.03,0.0299347,494.872,cut,452671,424350,no
rKaHyPar,sat14_transport-transport-city-sequential-25nodes-1000size-3degree-100mindistance-3trucks-10packages-2008seed.030-NOTKNOWN.cnf.hgr,no,no,4,64,0.03,0.0299347,723.944,cut,468749,431937,no
rKaHyPar,sat14_transport-transport-city-sequential-25nodes-1000size-3degree-100mindistance-3trucks-10packages-2008seed.030-NOTKNOWN.cnf.hgr,no,no,5,64,0.03,0.0299347,839.858,cut,456733,417493,no
rKaHyPar,sat14_transport-transport-city-sequential-25nodes-1000size-3degree-100mindistance-3trucks-10packages-2008seed.030-NOTKNOWN.cnf.hgr,no,no,6,64,0.03,0.0299347,492.025,cut,456470,420506,no
rKaHyPar,sat14_transport-transport-city-sequential-25nodes-1000size-3degree-100mindistance-3trucks-10packages-2008seed.030-NOTKNOWN.cnf.hgr,no,no,7,64,0.03,0.0299347,587.038,cut,463302,427690,no
rKaHyPar,sat14_transport-transport-city-sequential-25nodes-1000size-3degree-100mindistance-3trucks-10packages-2008seed.030-NOTKNOWN.cnf.hgr,no,no,8,64,0.03,0.0299347,515.618,cut,458175,427252,no
rKaHyPar,sat14_transport-transport-city-sequential-25nodes-1000size-3degree-100mindistance-3trucks-10packages-2008seed.030-NOTKNOWN.cnf.hgr,no,no,9,64,0.03,0.0299347,493.591,cut,457359,416380,no
rKaHyPar,sat14_transport-transport-city-sequential-25nodes-1000size-3degree-100mindistance-3trucks-10packages-2008seed.030-NOTKNOWN.cnf.hgr,no,no,0,8,0.03,0.0298793,429.362,cut,92962,92300,no
rKaHyPar,sat14_transport-transport-city-sequential-25nodes-1000size-3degree-100mindistance-3trucks-10packages-2008seed.030-NOTKNOWN.cnf.hgr,no,no,1,8,0.03,0.0299927,426.539,cut,98895,96613,no
rKaHyPar,sat14_transport-transport-city-sequential-25nodes-1000size-3degree-100mindistance-3trucks-10packages-2008seed.030-NOTKNOWN.cnf.hgr,no,no,2,8,0.03,0.0299927,604.56,cut,96238,93221,no
rKaHyPar,sat14_transport-transport-city-sequential-25nodes-1000size-3degree-100mindistance-3trucks-10packages-2008seed.030-NOTKNOWN.cnf.hgr,no,no,3,8,0.03,0.0298227,323.161,cut,96947,95442,no
rKaHyPar,sat14_transport-transport-city-sequential-25nodes-1000size-3degree-100mindistance-3trucks-10packages-2008seed.030-NOTKNOWN.cnf.hgr,no,no,4,8,0.03,0.0296979,474.769,cut,98256,96947,no
rKaHyPar,sat14_transport-transport-city-sequential-25nodes-1000size-3degree-100mindistance-3trucks-10packages-2008seed.030-NOTKNOWN.cnf.hgr,no,no,5,8,0.03,0.0299927,1445.4,cut,96678,94801,no
rKaHyPar,sat14_transport-transport-city-sequential-25nodes-1000size-3degree-100mindistance-3trucks-10packages-2008seed.030-NOTKNOWN.cnf.hgr,no,no,6,8,0.03,0.0290856,416.464,cut,97463,95693,no
rKaHyPar,sat14_transport-transport-city-sequential-25nodes-1000size-3degree-100mindistance-3trucks-10packages-2008seed.030-NOTKNOWN.cnf.hgr,no,no,7,8,0.03,0.0299587,1159.29,cut,96484,95715,no
rKaHyPar,sat14_transport-transport-city-sequential-25nodes-1000size-3degree-100mindistance-3trucks-10packages-2008seed.030-NOTKNOWN.cnf.hgr,no,no,8,8,0.03,0.0269084,713.303,cut,98917,97541,no
rKaHyPar,sat14_transport-transport-city-sequential-25nodes-1000size-3degree-100mindistance-3trucks-10packages-2008seed.030-NOTKNOWN.cnf.hgr,no,no,9,8,0.03,0.0295278,423.462,cut,94689,93919,no
rKaHyPar,sat14_transport-transport-city-sequential-25nodes-1000size-3degree-100mindistance-3trucks-10packages-2008seed.030-NOTKNOWN.cnf.primal.hgr,no,no,0,128,0.03,0.0297135,591.804,cut,796192,734206,no
rKaHyPar,sat14_transport-transport-city-sequential-25nodes-1000size-3degree-100mindistance-3trucks-10packages-2008seed.030-NOTKNOWN.cnf.primal.hgr,no,no,1,128,0.03,0.0297135,608.824,cut,795286,732030,no
rKaHyPar,sat14_transport-transport-city-sequential-25nodes-1000size-3degree-100mindistance-3trucks-10packages-2008seed.030-NOTKNOWN.cnf.primal.hgr,no,no,2,128,0.03,0.0297135,610.369,cut,799411,736377,no
rKaHyPar,sat14_transport-transport-city-sequential-25nodes-1000size-3degree-100mindistance-3trucks-10packages-2008seed.030-NOTKNOWN.cnf.primal.hgr,no,no,3,128,0.03,0.0297135,398.529,cut,809424,746507,no
rKaHyPar,sat14_transport-transport-city-sequential-25nodes-1000size-3degree-100mindistance-3trucks-10packages-2008seed.030-NOTKNOWN.cnf.primal.hgr,no,no,4,128,0.03,0.0297135,578.839,cut,800501,739322,no
rKaHyPar,sat14_transport-transport-city-sequential-25nodes-1000size-3degree-100mindistance-3trucks-10packages-2008seed.030-NOTKNOWN.cnf.primal.hgr,no,no,5,128,0.03,0.0297135,437.129,cut,793834,732544,no
rKaHyPar,sat14_transport-transport-city-sequential-25nodes-1000size-3degree-100mindistance-3trucks-10packages-2008seed.030-NOTKNOWN.cnf.primal.hgr,no,no,6,128,0.03,0.0297135,384.605,cut,795082,734866,no
rKaHyPar,sat14_transport-transport-city-sequential-25nodes-1000size-3degree-100mindistance-3trucks-10packages-2008seed.030-NOTKNOWN.cnf.primal.hgr,no,no,7,128,0.03,0.0297135,394.971,cut,794020,734636,no
rKaHyPar,sat14_transport-transport-city-sequential-25nodes-1000size-3degree-100mindistance-3trucks-10packages-2008seed.030-NOTKNOWN.cnf.primal.hgr,no,no,8,128,0.03,0.0297135,666.323,cut,797251,734879,no
rKaHyPar,sat14_transport-transport-city-sequential-25nodes-1000size-3degree-100mindistance-3trucks-10packages-2008seed.030-NOTKNOWN.cnf.primal.hgr,no,no,9,128,0.03,0.0297135,397.606,cut,798855,739423,no
rKaHyPar,sat14_transport-transport-city-sequential-25nodes-1000size-3degree-100mindistance-3trucks-10packages-2008seed.030-NOTKNOWN.cnf.primal.hgr,no,no,0,16,0.03,0.0299867,894.289,cut,233028,232499,no
rKaHyPar,sat14_transport-transport-city-sequential-25nodes-1000size-3degree-100mindistance-3trucks-10packages-2008seed.030-NOTKNOWN.cnf.primal.hgr,no,no,1,16,0.03,0.0299867,676.519,cut,236674,234758,no
rKaHyPar,sat14_transport-transport-city-sequential-25nodes-1000size-3degree-100mindistance-3trucks-10packages-2008seed.030-NOTKNOWN.cnf.primal.hgr,no,no,2,16,0.03,0.0299867,736.394,cut,247129,243532,no
rKaHyPar,sat14_transport-transport-city-sequential-25nodes-1000size-3degree-100mindistance-3trucks-10packages-2008seed.030-NOTKNOWN.cnf.primal.hgr,no,no,3,16,0.03,0.0299867,570.933,cut,233354,232743,no
rKaHyPar,sat14_transport-transport-city-sequential-25nodes-1000size-3degree-100mindistance-3trucks-10packages-2008seed.030-NOTKNOWN.cnf.primal.hgr,no,no,4,16,0.03,0.0299867,943.714,cut,230399,229969,no
rKaHyPar,sat14_transport-transport-city-sequential-25nodes-1000size-3degree-100mindistance-3trucks-10packages-2008seed.030-NOTKNOWN.cnf.primal.hgr,no,no,5,16,0.03,0.0299867,768.709,cut,235204,233729,no
rKaHyPar,sat14_transport-transport-city-sequential-25nodes-1000size-3degree-100mindistance-3trucks-10packages-2008seed.030-NOTKNOWN.cnf.primal.hgr,no,no,6,16,0.03,0.0299867,642.055,cut,231611,231318,no
rKaHyPar,sat14_transport-transport-city-sequential-25nodes-1000size-3degree-100mindistance-3trucks-10packages-2008seed.030-NOTKNOWN.cnf.primal.hgr,no,no,7,16,0.03,0.0299867,693.143,cut,231933,231597,no
rKaHyPar,sat14_transport-transport-city-sequential-25nodes-1000size-3degree-100mindistance-3trucks-10packages-2008seed.030-NOTKNOWN.cnf.primal.hgr,no,no,8,16,0.03,0.0299867,1045.66,cut,234130,232627,no
rKaHyPar,sat14_transport-transport-city-sequential-25nodes-1000size-3degree-100mindistance-3trucks-10packages-2008seed.030-NOTKNOWN.cnf.primal.hgr,no,no,9,16,0.03,0.0299867,1032.29,cut,233297,232730,no
rKaHyPar,sat14_transport-transport-city-sequential-25nodes-1000size-3degree-100mindistance-3trucks-10packages-2008seed.030-NOTKNOWN.cnf.primal.hgr,no,no,0,2,0.03,0.000917761,146.42,cut,13016,13016,no
rKaHyPar,sat14_transport-transport-city-sequential-25nodes-1000size-3degree-100mindistance-3trucks-10packages-2008seed.030-NOTKNOWN.cnf.primal.hgr,no,no,1,2,0.03,0.000917761,107.444,cut,13016,13016,no
rKaHyPar,sat14_transport-transport-city-sequential-25nodes-1000size-3degree-100mindistance-3trucks-10packages-2008seed.030-NOTKNOWN.cnf.primal.hgr,no,no,2,2,0.03,0.000917761,124.686,cut,13016,13016,no
rKaHyPar,sat14_transport-transport-city-sequential-25nodes-1000size-3degree-100mindistance-3trucks-10packages-2008seed.030-NOTKNOWN.cnf.primal.hgr,no,no,3,2,0.03,0.000917761,135.338,cut,13016,13016,no
rKaHyPar,sat14_transport-transport-city-sequential-25nodes-1000size-3degree-100mindistance-3trucks-10packages-2008seed.030-NOTKNOWN.cnf.primal.hgr,no,no,4,2,0.03,0.000917761,120.176,cut,13016,13016,no
rKaHyPar,sat14_transport-transport-city-sequential-25nodes-1000size-3degree-100mindistance-3trucks-10packages-2008seed.030-NOTKNOWN.cnf.primal.hgr,no,no,5,2,0.03,0.000917761,131.878,cut,13016,13016,no
rKaHyPar,sat14_transport-transport-city-sequential-25nodes-1000size-3degree-100mindistance-3trucks-10packages-2008seed.030-NOTKNOWN.cnf.primal.hgr,no,no,6,2,0.03,0.000917761,114.388,cut,13016,13016,no
rKaHyPar,sat14_transport-transport-city-sequential-25nodes-1000size-3degree-100mindistance-3trucks-10packages-2008seed.030-NOTKNOWN.cnf.primal.hgr,no,no,7,2,0.03,0.000917761,139.384,cut,13016,13016,no
rKaHyPar,sat14_transport-transport-city-sequential-25nodes-1000size-3degree-100mindistance-3trucks-10packages-2008seed.030-NOTKNOWN.cnf.primal.hgr,no,no,8,2,0.03,0.000917761,175.468,cut,13016,13016,no
rKaHyPar,sat14_transport-transport-city-sequential-25nodes-1000size-3degree-100mindistance-3trucks-10packages-2008seed.030-NOTKNOWN.cnf.primal.hgr,no,no,9,2,0.03,0.000917761,142.061,cut,13016,13016,no
rKaHyPar,sat14_transport-transport-city-sequential-25nodes-1000size-3degree-100mindistance-3trucks-10packages-2008seed.030-NOTKNOWN.cnf.primal.hgr,no,no,0,32,0.03,0.0299867,469.766,cut,399933,387014,no
rKaHyPar,sat14_transport-transport-city-sequential-25nodes-1000size-3degree-100mindistance-3trucks-10packages-2008seed.030-NOTKNOWN.cnf.primal.hgr,no,no,1,32,0.03,0.0299867,743.435,cut,390647,376640,no
rKaHyPar,sat14_transport-transport-city-sequential-25nodes-1000size-3degree-100mindistance-3trucks-10packages-2008seed.030-NOTKNOWN.cnf.primal.hgr,no,no,2,32,0.03,0.0299867,680.419,cut,401596,388682,no
rKaHyPar,sat14_transport-transport-city-sequential-25nodes-1000size-3degree-100mindistance-3trucks-10packages-2008seed.030-NOTKNOWN.cnf.primal.hgr,no,no,3,32,0.03,0.0299867,412.826,cut,395114,381630,no
rKaHyPar,sat14_transport-transport-city-sequential-25nodes-1000size-3degree-100mindistance-3trucks-10packages-2008seed.030-NOTKNOWN.cnf.primal.hgr,no,no,4,32,0.03,0.0299867,644.089,cut,403498,390002,no
rKaHyPar,sat14_transport-transport-city-sequential-25nodes-1000size-3degree-100mindistance-3trucks-10packages-2008seed.030-NOTKNOWN.cnf.primal.hgr,no,no,5,32,0.03,0.0299867,856.515,cut,396794,382757,no
rKaHyPar,sat14_transport-transport-city-sequential-25nodes-1000size-3degree-100mindistance-3trucks-10packages-2008seed.030-NOTKNOWN.cnf.primal.hgr,no,no,6,32,0.03,0.0299867,448.137,cut,399829,388504,no
rKaHyPar,sat14_transport-transport-city-sequential-25nodes-1000size-3degree-100mindistance-3trucks-10packages-2008seed.030-NOTKNOWN.cnf.primal.hgr,no,no,7,32,0.03,0.0299867,495.257,cut,397767,383452,no
rKaHyPar,sat14_transport-transport-city-sequential-25nodes-1000size-3degree-100mindistance-3trucks-10packages-2008seed.030-NOTKNOWN.cnf.primal.hgr,no,no,8,32,0.03,0.0299867,608.675,cut,395877,381740,no
rKaHyPar,sat14_transport-transport-city-sequential-25nodes-1000size-3degree-100mindistance-3trucks-10packages-2008seed.030-NOTKNOWN.cnf.primal.hgr,no,no,9,32,0.03,0.0299867,581.628,cut,403421,389685,no
rKaHyPar,sat14_transport-transport-city-sequential-25nodes-1000size-3degree-100mindistance-3trucks-10packages-2008seed.030-NOTKNOWN.cnf.primal.hgr,no,no,0,4,0.03,0.0259736,202.077,cut,41588,41588,no
rKaHyPar,sat14_transport-transport-city-sequential-25nodes-1000size-3degree-100mindistance-3trucks-10packages-2008seed.030-NOTKNOWN.cnf.primal.hgr,no,no,1,4,0.03,0.0259736,193.72,cut,41589,41589,no
rKaHyPar,sat14_transport-transport-city-sequential-25nodes-1000size-3degree-100mindistance-3trucks-10packages-2008seed.030-NOTKNOWN.cnf.primal.hgr,no,no,2,4,0.03,0.0259736,192.84,cut,41588,41588,no
rKaHyPar,sat14_transport-transport-city-sequential-25nodes-1000size-3degree-100mindistance-3trucks-10packages-2008seed.030-NOTKNOWN.cnf.primal.hgr,no,no,3,4,0.03,0.0261837,443.093,cut,54604,54604,no
rKaHyPar,sat14_transport-transport-city-sequential-25nodes-1000size-3degree-100mindistance-3trucks-10packages-2008seed.030-NOTKNOWN.cnf.primal.hgr,no,no,4,4,0.03,0.0259736,231.413,cut,41588,41588,no
rKaHyPar,sat14_transport-transport-city-sequential-25nodes-1000size-3degree-100mindistance-3trucks-10packages-2008seed.030-NOTKNOWN.cnf.primal.hgr,no,no,5,4,0.03,0.0259736,217.329,cut,41588,41588,no
rKaHyPar,sat14_transport-transport-city-sequential-25nodes-1000size-3degree-100mindistance-3trucks-10packages-2008seed.030-NOTKNOWN.cnf.primal.hgr,no,no,6,4,0.03,0.0259736,215.204,cut,41588,41588,no
rKaHyPar,sat14_transport-transport-city-sequential-25nodes-1000size-3degree-100mindistance-3trucks-10packages-2008seed.030-NOTKNOWN.cnf.primal.hgr,no,no,7,4,0.03,0.0259736,219.079,cut,41588,41588,no
rKaHyPar,sat14_transport-transport-city-sequential-25nodes-1000size-3degree-100mindistance-3trucks-10packages-2008seed.030-NOTKNOWN.cnf.primal.hgr,no,no,8,4,0.03,0.0259736,314.46,cut,41588,41588,no
rKaHyPar,sat14_transport-transport-city-sequential-25nodes-1000size-3degree-100mindistance-3trucks-10packages-2008seed.030-NOTKNOWN.cnf.primal.hgr,no,no,9,4,0.03,0.0259736,243.365,cut,41588,41588,no
rKaHyPar,sat14_transport-transport-city-sequential-25nodes-1000size-3degree-100mindistance-3trucks-10packages-2008seed.030-NOTKNOWN.cnf.primal.hgr,no,no,0,64,0.03,0.0298956,502.25,cut,586135,552458,no
rKaHyPar,sat14_transport-transport-city-sequential-25nodes-1000size-3degree-100mindistance-3trucks-10packages-2008seed.030-NOTKNOWN.cnf.primal.hgr,no,no,1,64,0.03,0.0298956,529.855,cut,586452,551064,no
rKaHyPar,sat14_transport-transport-city-sequential-25nodes-1000size-3degree-100mindistance-3trucks-10packages-2008seed.030-NOTKNOWN.cnf.primal.hgr,no,no,2,64,0.03,0.0298956,762.009,cut,590309,557666,no
rKaHyPar,sat14_transport-transport-city-sequential-25nodes-1000size-3degree-100mindistance-3trucks-10packages-2008seed.030-NOTKNOWN.cnf.primal.hgr,no,no,3,64,0.03,0.0298956,504.608,cut,581818,548429,no
rKaHyPar,sat14_transport-transport-city-sequential-25nodes-1000size-3degree-100mindistance-3trucks-10packages-2008seed.030-NOTKNOWN.cnf.primal.hgr,no,no,4,64,0.03,0.0298956,676.101,cut,584063,551473,no
rKaHyPar,sat14_transport-transport-city-sequential-25nodes-1000size-3degree-100mindistance-3trucks-10packages-2008seed.030-NOTKNOWN.cnf.primal.hgr,no,no,5,64,0.03,0.0298956,790.729,cut,583584,550295,no
rKaHyPar,sat14_transport-transport-city-sequential-25nodes-1000size-3degree-100mindistance-3trucks-10packages-2008seed.030-NOTKNOWN.cnf.primal.hgr,no,no,6,64,0.03,0.0298956,501.328,cut,585173,552186,no
rKaHyPar,sat14_transport-transport-city-sequential-25nodes-1000size-3degree-100mindistance-3trucks-10packages-2008seed.030-NOTKNOWN.cnf.primal.hgr,no,no,7,64,0.03,0.0298956,706.352,cut,585328,553355,no
rKaHyPar,sat14_transport-transport-city-sequential-25nodes-1000size-3degree-100mindistance-3trucks-10packages-2008seed.030-NOTKNOWN.cnf.primal.hgr,no,no,8,64,0.03,0.0298956,836.938,cut,577092,543176,no
rKaHyPar,sat14_transport-transport-city-sequential-25nodes-1000size-3degree-100mindistance-3trucks-10packages-2008seed.030-NOTKNOWN.cnf.primal.hgr,no,no,9,64,0.03,0.0298956,529.92,cut,588590,554053,no
rKaHyPar,sat14_transport-transport-city-sequential-25nodes-1000size-3degree-100mindistance-3trucks-10packages-2008seed.030-NOTKNOWN.cnf.primal.hgr,no,no,0,8,0.03,0.0298547,397.106,cut,106510,106510,no
rKaHyPar,sat14_transport-transport-city-sequential-25nodes-1000size-3degree-100mindistance-3trucks-10packages-2008seed.030-NOTKNOWN.cnf.primal.hgr,no,no,1,8,0.03,0.0299874,318.94,cut,105731,105731,no
rKaHyPar,sat14_transport-transport-city-sequential-25nodes-1000size-3degree-100mindistance-3trucks-10packages-2008seed.030-NOTKNOWN.cnf.primal.hgr,no,no,2,8,0.03,0.0299653,862.185,cut,118405,118405,no
rKaHyPar,sat14_transport-transport-city-sequential-25nodes-1000size-3degree-100mindistance-3trucks-10packages-2008seed.030-NOTKNOWN.cnf.primal.hgr,no,no,3,8,0.03,0.0299874,1188.46,cut,118150,118150,no
rKaHyPar,sat14_transport-transport-city-sequential-25nodes-1000size-3degree-100mindistance-3trucks-10packages-2008seed.030-NOTKNOWN.cnf.primal.hgr,no,no,4,8,0.03,0.0299874,461.904,cut,106098,106098,no
rKaHyPar,sat14_transport-transport-city-sequential-25nodes-1000size-3degree-100mindistance-3trucks-10packages-2008seed.030-NOTKNOWN.cnf.primal.hgr,no,no,5,8,0.03,0.0299653,424.438,cut,107597,107277,no
rKaHyPar,sat14_transport-transport-city-sequential-25nodes-1000size-3degree-100mindistance-3trucks-10packages-2008seed.030-NOTKNOWN.cnf.primal.hgr,no,no,6,8,0.03,0.0299874,435.642,cut,106930,106930,no
rKaHyPar,sat14_transport-transport-city-sequential-25nodes-1000size-3degree-100mindistance-3trucks-10packages-2008seed.030-NOTKNOWN.cnf.primal.hgr,no,no,7,8,0.03,0.0299874,481.478,cut,107937,107827,no
rKaHyPar,sat14_transport-transport-city-sequential-25nodes-1000size-3degree-100mindistance-3trucks-10packages-2008seed.030-NOTKNOWN.cnf.primal.hgr,no,no,8,8,0.03,0.0299653,525.976,cut,105365,105365,no
rKaHyPar,sat14_transport-transport-city-sequential-25nodes-1000size-3degree-100mindistance-3trucks-10packages-2008seed.030-NOTKNOWN.cnf.primal.hgr,no,no,9,8,0.03,0.0299874,451.742,cut,106357,106357,no
rKaHyPar,sat14_transport-transport-city-sequential-25nodes-1000size-3degree-100mindistance-3trucks-10packages-2008seed.050-NOTKNOWN.cnf.dual.hgr,no,no,0,128,0.03,0.0299722,4115.3,cut,349598,169828,no
rKaHyPar,sat14_transport-transport-city-sequential-25nodes-1000size-3degree-100mindistance-3trucks-10packages-2008seed.050-NOTKNOWN.cnf.dual.hgr,no,no,2,128,0.03,0.0299722,4010.91,cut,339970,170455,no
rKaHyPar,sat14_transport-transport-city-sequential-25nodes-1000size-3degree-100mindistance-3trucks-10packages-2008seed.050-NOTKNOWN.cnf.dual.hgr,no,no,3,128,0.03,0.0299722,2691.51,cut,347776,170819,no
rKaHyPar,sat14_transport-transport-city-sequential-25nodes-1000size-3degree-100mindistance-3trucks-10packages-2008seed.050-NOTKNOWN.cnf.dual.hgr,no,no,4,128,0.03,0.0299722,2690.63,cut,338627,172052,no
rKaHyPar,sat14_transport-transport-city-sequential-25nodes-1000size-3degree-100mindistance-3trucks-10packages-2008seed.050-NOTKNOWN.cnf.dual.hgr,no,no,5,128,0.03,0.0299722,2668.31,cut,348610,172446,no
rKaHyPar,sat14_transport-transport-city-sequential-25nodes-1000size-3degree-100mindistance-3trucks-10packages-2008seed.050-NOTKNOWN.cnf.dual.hgr,no,no,6,128,0.03,0.0299722,2693.26,cut,338030,171915,no
rKaHyPar,sat14_transport-transport-city-sequential-25nodes-1000size-3degree-100mindistance-3trucks-10packages-2008seed.050-NOTKNOWN.cnf.dual.hgr,no,no,7,128,0.03,0.0299722,2708.84,cut,348182,171613,no
rKaHyPar,sat14_transport-transport-city-sequential-25nodes-1000size-3degree-100mindistance-3trucks-10packages-2008seed.050-NOTKNOWN.cnf.dual.hgr,no,no,8,128,0.03,0.0299722,2695.19,cut,342056,170642,no
rKaHyPar,sat14_transport-transport-city-sequential-25nodes-1000size-3degree-100mindistance-3trucks-10packages-2008seed.050-NOTKNOWN.cnf.dual.hgr,no,no,9,128,0.03,0.0299722,2707.95,cut,349962,172519,no
rKaHyPar,sat14_transport-transport-city-sequential-25nodes-1000size-3degree-100mindistance-3trucks-10packages-2008seed.050-NOTKNOWN.cnf.dual.hgr,no,no,0,16,0.03,0.0297442,3121.51,cut,31118,14143,no
rKaHyPar,sat14_transport-transport-city-sequential-25nodes-1000size-3degree-100mindistance-3trucks-10packages-2008seed.050-NOTKNOWN.cnf.dual.hgr,no,no,1,16,0.03,0.0299874,2043.85,cut,30434,13841,no
rKaHyPar,sat14_transport-transport-city-sequential-25nodes-1000size-3degree-100mindistance-3trucks-10packages-2008seed.050-NOTKNOWN.cnf.dual.hgr,no,no,2,16,0.03,0.0299725,2032.69,cut,31690,14266,no
rKaHyPar,sat14_transport-transport-city-sequential-25nodes-1000size-3degree-100mindistance-3trucks-10packages-2008seed.050-NOTKNOWN.cnf.dual.hgr,no,no,3,16,0.03,0.0299973,2034.94,cut,27904,14069,no
rKaHyPar,sat14_transport-transport-city-sequential-25nodes-1000size-3degree-100mindistance-3trucks-10packages-2008seed.050-NOTKNOWN.cnf.dual.hgr,no,no,4,16,0.03,0.0299924,2067.95,cut,28321,14455,no
rKaHyPar,sat14_transport-transport-city-sequential-25nodes-1000size-3degree-100mindistance-3trucks-10packages-2008seed.050-NOTKNOWN.cnf.dual.hgr,no,no,5,16,0.03,0.0299278,3148.51,cut,28551,14524,no
rKaHyPar,sat14_transport-transport-city-sequential-25nodes-1000size-3degree-100mindistance-3trucks-10packages-2008seed.050-NOTKNOWN.cnf.dual.hgr,no,no,6,16,0.03,0.0299775,2054.48,cut,29691,14291,no
rKaHyPar,sat14_transport-transport-city-sequential-25nodes-1000size-3degree-100mindistance-3trucks-10packages-2008seed.050-NOTKNOWN.cnf.dual.hgr,no,no,7,16,0.03,0.0299725,2048.2,cut,26519,14130,no
rKaHyPar,sat14_transport-transport-city-sequential-25nodes-1000size-3degree-100mindistance-3trucks-10packages-2008seed.050-NOTKNOWN.cnf.dual.hgr,no,no,8,16,0.03,0.0299924,3183.36,cut,27108,14646,no
rKaHyPar,sat14_transport-transport-city-sequential-25nodes-1000size-3degree-100mindistance-3trucks-10packages-2008seed.050-NOTKNOWN.cnf.dual.hgr,no,no,9,16,0.03,0.0299775,3119.38,cut,28302,14126,no
rKaHyPar,sat14_transport-transport-city-sequential-25nodes-1000size-3degree-100mindistance-3trucks-10packages-2008seed.050-NOTKNOWN.cnf.dual.hgr,no,no,0,2,0.03,0,908.949,cut,370,370,no
rKaHyPar,sat14_transport-transport-city-sequential-25nodes-1000size-3degree-100mindistance-3trucks-10packages-2008seed.050-NOTKNOWN.cnf.dual.hgr,no,no,1,2,0.03,0,904.532,cut,370,370,no
rKaHyPar,sat14_transport-transport-city-sequential-25nodes-1000size-3degree-100mindistance-3trucks-10packages-2008seed.050-NOTKNOWN.cnf.dual.hgr,no,no,2,2,0.03,0,905.826,cut,370,370,no
rKaHyPar,sat14_transport-transport-city-sequential-25nodes-1000size-3degree-100mindistance-3trucks-10packages-2008seed.050-NOTKNOWN.cnf.dual.hgr,no,no,3,2,0.03,0,902.715,cut,370,370,no
rKaHyPar,sat14_transport-transport-city-sequential-25nodes-1000size-3degree-100mindistance-3trucks-10packages-2008seed.050-NOTKNOWN.cnf.dual.hgr,no,no,4,2,0.03,0,590.337,cut,370,370,no
rKaHyPar,sat14_transport-transport-city-sequential-25nodes-1000size-3degree-100mindistance-3trucks-10packages-2008seed.050-NOTKNOWN.cnf.dual.hgr,no,no,5,2,0.03,0,591.786,cut,370,370,no
rKaHyPar,sat14_transport-transport-city-sequential-25nodes-1000size-3degree-100mindistance-3trucks-10packages-2008seed.050-NOTKNOWN.cnf.dual.hgr,no,no,6,2,0.03,0,593.384,cut,370,370,no
rKaHyPar,sat14_transport-transport-city-sequential-25nodes-1000size-3degree-100mindistance-3trucks-10packages-2008seed.050-NOTKNOWN.cnf.dual.hgr,no,no,7,2,0.03,0,588.094,cut,370,370,no
rKaHyPar,sat14_transport-transport-city-sequential-25nodes-1000size-3degree-100mindistance-3trucks-10packages-2008seed.050-NOTKNOWN.cnf.dual.hgr,no,no,8,2,0.03,0,912.797,cut,370,370,no
rKaHyPar,sat14_transport-transport-city-sequential-25nodes-1000size-3degree-100mindistance-3trucks-10packages-2008seed.050-NOTKNOWN.cnf.dual.hgr,no,no,9,2,0.03,0,913.956,cut,370,370,no
rKaHyPar,sat14_transport-transport-city-sequential-25nodes-1000size-3degree-100mindistance-3trucks-10packages-2008seed.050-NOTKNOWN.cnf.dual.hgr,no,no,0,32,0.03,0.0299824,4052.56,cut,66492,47088,no
rKaHyPar,sat14_transport-transport-city-sequential-25nodes-1000size-3degree-100mindistance-3trucks-10packages-2008seed.050-NOTKNOWN.cnf.dual.hgr,no,no,1,32,0.03,0.0299924,4128.39,cut,69674,47715,no
rKaHyPar,sat14_transport-transport-city-sequential-25nodes-1000size-3degree-100mindistance-3trucks-10packages-2008seed.050-NOTKNOWN.cnf.dual.hgr,no,no,2,32,0.03,0.0299924,4097.85,cut,71135,46931,no
rKaHyPar,sat14_transport-transport-city-sequential-25nodes-1000size-3degree-100mindistance-3trucks-10packages-2008seed.050-NOTKNOWN.cnf.dual.hgr,no,no,3,32,0.03,0.0299725,2669.72,cut,73266,48009,no
rKaHyPar,sat14_transport-transport-city-sequential-25nodes-1000size-3degree-100mindistance-3trucks-10packages-2008seed.050-NOTKNOWN.cnf.dual.hgr,no,no,4,32,0.03,0.0299924,2691.34,cut,69365,48712,no
rKaHyPar,sat14_transport-transport-city-sequential-25nodes-1000size-3degree-100mindistance-3trucks-10packages-2008seed.050-NOTKNOWN.cnf.dual.hgr,no,no,5,32,0.03,0.0299924,4104.84,cut,74538,46877,no
rKaHyPar,sat14_transport-transport-city-sequential-25nodes-1000size-3degree-100mindistance-3trucks-10packages-2008seed.050-NOTKNOWN.cnf.dual.hgr,no,no,6,32,0.03,0.0299924,2736.39,cut,69102,48011,no
rKaHyPar,sat14_transport-transport-city-sequential-25nodes-1000size-3degree-100mindistance-3trucks-10packages-2008seed.050-NOTKNOWN.cnf.dual.hgr,no,no,7,32,0.03,0.0299924,2682.99,cut,70544,47045,no
rKaHyPar,sat14_transport-transport-city-sequential-25nodes-1000size-3degree-100mindistance-3trucks-10packages-2008seed.050-NOTKNOWN.cnf.dual.hgr,no,no,8,32,0.03,0.0299824,2736.73,cut,69599,48763,no
rKaHyPar,sat14_transport-transport-city-sequential-25nodes-1000size-3degree-100mindistance-3trucks-10packages-2008seed.050-NOTKNOWN.cnf.dual.hgr,no,no,9,32,0.03,0.0299924,3994.69,cut,72280,47302,no
rKaHyPar,sat14_transport-transport-city-sequential-25nodes-1000size-3degree-100mindistance-3trucks-10packages-2008seed.050-NOTKNOWN.cnf.dual.hgr,no,no,0,4,0.03,0.0298349,1732.8,cut,1325,1260,no
rKaHyPar,sat14_transport-transport-city-sequential-25nodes-1000size-3degree-100mindistance-3trucks-10packages-2008seed.050-NOTKNOWN.cnf.dual.hgr,no,no,1,4,0.03,0.0299924,1126.4,cut,1357,1296,no
rKaHyPar,sat14_transport-transport-city-sequential-25nodes-1000size-3degree-100mindistance-3trucks-10packages-2008seed.050-NOTKNOWN.cnf.dual.hgr,no,no,2,4,0.03,0.0298969,1739.04,cut,1326,1284,no
rKaHyPar,sat14_transport-transport-city-sequential-25nodes-1000size-3degree-100mindistance-3trucks-10packages-2008seed.050-NOTKNOWN.cnf.dual.hgr,no,no,3,4,0.03,0.0297791,1735.41,cut,1764,1335,no
rKaHyPar,sat14_transport-transport-city-sequential-25nodes-1000size-3degree-100mindistance-3trucks-10packages-2008seed.050-NOTKNOWN.cnf.dual.hgr,no,no,4,4,0.03,0.0299478,1737.54,cut,1343,1302,no
rKaHyPar,sat14_transport-transport-city-sequential-25nodes-1000size-3degree-100mindistance-3trucks-10packages-2008seed.050-NOTKNOWN.cnf.dual.hgr,no,no,5,4,0.03,0.0299391,1122.06,cut,1372,1303,no
rKaHyPar,sat14_transport-transport-city-sequential-25nodes-1000size-3degree-100mindistance-3trucks-10packages-2008seed.050-NOTKNOWN.cnf.dual.hgr,no,no,6,4,0.03,0.0298336,1127.2,cut,1343,1260,no
rKaHyPar,sat14_transport-transport-city-sequential-25nodes-1000size-3degree-100mindistance-3trucks-10packages-2008seed.050-NOTKNOWN.cnf.dual.hgr,no,no,7,4,0.03,0.0299254,1730.77,cut,1346,1280,no
rKaHyPar,sat14_transport-transport-city-sequential-25nodes-1000size-3degree-100mindistance-3trucks-10packages-2008seed.050-NOTKNOWN.cnf.dual.hgr,no,no,8,4,0.03,0.0298907,1124.33,cut,1298,1256,no
rKaHyPar,sat14_transport-transport-city-sequential-25nodes-1000size-3degree-100mindistance-3trucks-10packages-2008seed.050-NOTKNOWN.cnf.dual.hgr,no,no,9,4,0.03,0.0298919,1126.01,cut,1766,1331,no
rKaHyPar,sat14_transport-transport-city-sequential-25nodes-1000size-3degree-100mindistance-3trucks-10packages-2008seed.050-NOTKNOWN.cnf.dual.hgr,no,no,0,64,0.03,0.0299921,2655.41,cut,117305,74016,no
rKaHyPar,sat14_transport-transport-city-sequential-25nodes-1000size-3degree-100mindistance-3trucks-10packages-2008seed.050-NOTKNOWN.cnf.dual.hgr,no,no,1,64,0.03,0.0299921,2710.38,cut,115707,75745,no
rKaHyPar,sat14_transport-transport-city-sequential-25nodes-1000size-3degree-100mindistance-3trucks-10packages-2008seed.050-NOTKNOWN.cnf.dual.hgr,no,no,2,64,0.03,0.0299921,4033.7,cut,110422,71636,no
rKaHyPar,sat14_transport-transport-city-sequential-25nodes-1000size-3degree-100mindistance-3trucks-10packages-2008seed.050-NOTKNOWN.cnf.dual.hgr,no,no,3,64,0.03,0.0299921,2629.69,cut,108249,70142,no
rKaHyPar,sat14_transport-transport-city-sequential-25nodes-1000size-3degree-100mindistance-3trucks-10packages-2008seed.050-NOTKNOWN.cnf.dual.hgr,no,no,4,64,0.03,0.0299921,4193.11,cut,119522,74576,no
rKaHyPar,sat14_transport-transport-city-sequential-25nodes-1000size-3degree-100mindistance-3trucks-10packages-2008seed.050-NOTKNOWN.cnf.dual.hgr,no,no,5,64,0.03,0.0299722,4061.74,cut,121418,75223,no
rKaHyPar,sat14_transport-transport-city-sequential-25nodes-1000size-3degree-100mindistance-3trucks-10packages-2008seed.050-NOTKNOWN.cnf.dual.hgr,no,no,6,64,0.03,0.0299921,2679.5,cut,112276,71857,no
rKaHyPar,sat14_transport-transport-city-sequential-25nodes-1000size-3degree-100mindistance-3trucks-10packages-2008seed.050-NOTKNOWN.cnf.dual.hgr,no,no,7,64,0.03,0.0299921,2677.05,cut,111877,70840,no
rKaHyPar,sat14_transport-transport-city-sequential-25nodes-1000size-3degree-100mindistance-3trucks-10packages-2008seed.050-NOTKNOWN.cnf.dual.hgr,no,no,8,64,0.03,0.0299921,2686.97,cut,124994,74963,no
rKaHyPar,sat14_transport-transport-city-sequential-25nodes-1000size-3degree-100mindistance-3trucks-10packages-2008seed.050-NOTKNOWN.cnf.dual.hgr,no,no,9,64,0.03,0.0299921,2678.16,cut,114011,71962,no
rKaHyPar,sat14_transport-transport-city-sequential-25nodes-1000size-3degree-100mindistance-3trucks-10packages-2008seed.050-NOTKNOWN.cnf.dual.hgr,no,no,0,8,0.03,0.02999,2740.38,cut,10565,7772,no
rKaHyPar,sat14_transport-transport-city-sequential-25nodes-1000size-3degree-100mindistance-3trucks-10packages-2008seed.050-NOTKNOWN.cnf.dual.hgr,no,no,1,8,0.03,0.0299825,1754.83,cut,10719,7218,no
rKaHyPar,sat14_transport-transport-city-sequential-25nodes-1000size-3degree-100mindistance-3trucks-10packages-2008seed.050-NOTKNOWN.cnf.dual.hgr,no,no,2,8,0.03,0.02999,2735,cut,11274,7955,no
rKaHyPar,sat14_transport-transport-city-sequential-25nodes-1000size-3degree-100mindistance-3trucks-10packages-2008seed.050-NOTKNOWN.cnf.dual.hgr,no,no,3,8,0.03,0.0299751,1768.46,cut,10669,7604,no
rKaHyPar,sat14_transport-transport-city-sequential-25nodes-1000size-3degree-100mindistance-3trucks-10packages-2008seed.050-NOTKNOWN.cnf.dual.hgr,no,no,4,8,0.03,0.0299999,2748.82,cut,9186,7754,no
rKaHyPar,sat14_transport-transport-city-sequential-25nodes-1000size-3degree-100mindistance-3trucks-10packages-2008seed.050-NOTKNOWN.cnf.dual.hgr,no,no,5,8,0.03,0.029985,1762.62,cut,10756,7398,no
rKaHyPar,sat14_transport-transport-city-sequential-25nodes-1000size-3degree-100mindistance-3trucks-10packages-2008seed.050-NOTKNOWN.cnf.dual.hgr,no,no,6,8,0.03,0.0299949,1749.74,cut,9662,7532,no
rKaHyPar,sat14_transport-transport-city-sequential-25nodes-1000size-3degree-100mindistance-3trucks-10packages-2008seed.050-NOTKNOWN.cnf.dual.hgr,no,no,7,8,0.03,0.0299949,2674.02,cut,9092,7092,no
rKaHyPar,sat14_transport-transport-city-sequential-25nodes-1000size-3degree-100mindistance-3trucks-10packages-2008seed.050-NOTKNOWN.cnf.dual.hgr,no,no,8,8,0.03,0.02999,1751.83,cut,9278,7408,no
rKaHyPar,sat14_transport-transport-city-sequential-25nodes-1000size-3degree-100mindistance-3trucks-10packages-2008seed.050-NOTKNOWN.cnf.dual.hgr,no,no,9,8,0.03,0.029985,2660.31,cut,9840,7337,no
rKaHyPar,sat14_transport-transport-city-sequential-25nodes-1000size-3degree-100mindistance-3trucks-10packages-2008seed.050-NOTKNOWN.cnf.hgr,no,no,0,128,0.03,0.0299466,1521.56,cut,889470,814310,no
rKaHyPar,sat14_transport-transport-city-sequential-25nodes-1000size-3degree-100mindistance-3trucks-10packages-2008seed.050-NOTKNOWN.cnf.hgr,no,no,2,128,0.03,0.0299466,1414.54,cut,868143,797096,no
rKaHyPar,sat14_transport-transport-city-sequential-25nodes-1000size-3degree-100mindistance-3trucks-10packages-2008seed.050-NOTKNOWN.cnf.hgr,no,no,3,128,0.03,0.0299466,1048.79,cut,910080,804707,no
rKaHyPar,sat14_transport-transport-city-sequential-25nodes-1000size-3degree-100mindistance-3trucks-10packages-2008seed.050-NOTKNOWN.cnf.hgr,no,no,4,128,0.03,0.0299466,1023.86,cut,874090,809862,no
rKaHyPar,sat14_transport-transport-city-sequential-25nodes-1000size-3degree-100mindistance-3trucks-10packages-2008seed.050-NOTKNOWN.cnf.hgr,no,no,5,128,0.03,0.0299466,995.103,cut,884396,804991,no
rKaHyPar,sat14_transport-transport-city-sequential-25nodes-1000size-3degree-100mindistance-3trucks-10packages-2008seed.050-NOTKNOWN.cnf.hgr,no,no,6,128,0.03,0.0299466,1244.07,cut,901442,808343,no
rKaHyPar,sat14_transport-transport-city-sequential-25nodes-1000size-3degree-100mindistance-3trucks-10packages-2008seed.050-NOTKNOWN.cnf.hgr,no,no,7,128,0.03,0.0299466,1041.39,cut,870487,803238,no
rKaHyPar,sat14_transport-transport-city-sequential-25nodes-1000size-3degree-100mindistance-3trucks-10packages-2008seed.050-NOTKNOWN.cnf.hgr,no,no,8,128,0.03,0.0299466,1454.09,cut,866110,801463,no
rKaHyPar,sat14_transport-transport-city-sequential-25nodes-1000size-3degree-100mindistance-3trucks-10packages-2008seed.050-NOTKNOWN.cnf.hgr,no,no,9,128,0.03,0.0299466,992.539,cut,895467,806699,no
rKaHyPar,sat14_transport-transport-city-sequential-25nodes-1000size-3degree-100mindistance-3trucks-10packages-2008seed.050-NOTKNOWN.cnf.hgr,no,no,0,16,0.03,0.0299895,1373.06,cut,210451,204925,no
rKaHyPar,sat14_transport-transport-city-sequential-25nodes-1000size-3degree-100mindistance-3trucks-10packages-2008seed.050-NOTKNOWN.cnf.hgr,no,no,1,16,0.03,0.0299623,1046.06,cut,207437,203305,no
rKaHyPar,sat14_transport-transport-city-sequential-25nodes-1000size-3degree-100mindistance-3trucks-10packages-2008seed.050-NOTKNOWN.cnf.hgr,no,no,2,16,0.03,0.0299895,1019.28,cut,207177,202372,no
rKaHyPar,sat14_transport-transport-city-sequential-25nodes-1000size-3degree-100mindistance-3trucks-10packages-2008seed.050-NOTKNOWN.cnf.hgr,no,no,3,16,0.03,0.0299895,1471.29,cut,212456,205666,no
rKaHyPar,sat14_transport-transport-city-sequential-25nodes-1000size-3degree-100mindistance-3trucks-10packages-2008seed.050-NOTKNOWN.cnf.hgr,no,no,4,16,0.03,0.0298125,818.409,cut,207092,203613,no
rKaHyPar,sat14_transport-transport-city-sequential-25nodes-1000size-3degree-100mindistance-3trucks-10packages-2008seed.050-NOTKNOWN.cnf.hgr,no,no,5,16,0.03,0.0299895,1760.7,cut,213132,204207,no
rKaHyPar,sat14_transport-transport-city-sequential-25nodes-1000size-3degree-100mindistance-3trucks-10packages-2008seed.050-NOTKNOWN.cnf.hgr,no,no,6,16,0.03,0.029867,1641.31,cut,214131,205196,no
rKaHyPar,sat14_transport-transport-city-sequential-25nodes-1000size-3degree-100mindistance-3trucks-10packages-2008seed.050-NOTKNOWN.cnf.hgr,no,no,7,16,0.03,0.0299623,644.095,cut,205733,200691,no
rKaHyPar,sat14_transport-transport-city-sequential-25nodes-1000size-3degree-100mindistance-3trucks-10packages-2008seed.050-NOTKNOWN.cnf.hgr,no,no,8,16,0.03,0.0299759,994.568,cut,205202,201991,no
rKaHyPar,sat14_transport-transport-city-sequential-25nodes-1000size-3degree-100mindistance-3trucks-10packages-2008seed.050-NOTKNOWN.cnf.hgr,no,no,9,16,0.03,0.0299895,1490.79,cut,211054,204913,no
rKaHyPar,sat14_transport-transport-city-sequential-25nodes-1000size-3degree-100mindistance-3trucks-10packages-2008seed.050-NOTKNOWN.cnf.hgr,no,no,0,2,0.03,0,294.864,cut,13016,13016,no
rKaHyPar,sat14_transport-transport-city-sequential-25nodes-1000size-3degree-100mindistance-3trucks-10packages-2008seed.050-NOTKNOWN.cnf.hgr,no,no,1,2,0.03,0,335.767,cut,13016,13016,no
rKaHyPar,sat14_transport-transport-city-sequential-25nodes-1000size-3degree-100mindistance-3trucks-10packages-2008seed.050-NOTKNOWN.cnf.hgr,no,no,2,2,0.03,0,325.42,cut,13016,13016,no
rKaHyPar,sat14_transport-transport-city-sequential-25nodes-1000size-3degree-100mindistance-3trucks-10packages-2008seed.050-NOTKNOWN.cnf.hgr,no,no,3,2,0.03,0,272.907,cut,13016,13016,no
rKaHyPar,sat14_transport-transport-city-sequential-25nodes-1000size-3degree-100mindistance-3trucks-10packages-2008seed.050-NOTKNOWN.cnf.hgr,no,no,4,2,0.03,0,303.506,cut,13016,13016,no
rKaHyPar,sat14_transport-transport-city-sequential-25nodes-1000size-3degree-100mindistance-3trucks-10packages-2008seed.050-NOTKNOWN.cnf.hgr,no,no,5,2,0.03,0,208.021,cut,13016,13016,no
rKaHyPar,sat14_transport-transport-city-sequential-25nodes-1000size-3degree-100mindistance-3trucks-10packages-2008seed.050-NOTKNOWN.cnf.hgr,no,no,6,2,0.03,0,293.398,cut,13016,13016,no
rKaHyPar,sat14_transport-transport-city-sequential-25nodes-1000size-3degree-100mindistance-3trucks-10packages-2008seed.050-NOTKNOWN.cnf.hgr,no,no,7,2,0.03,0,228.253,cut,13016,13016,no
rKaHyPar,sat14_transport-transport-city-sequential-25nodes-1000size-3degree-100mindistance-3trucks-10packages-2008seed.050-NOTKNOWN.cnf.hgr,no,no,8,2,0.03,0,318.914,cut,13016,13016,no
rKaHyPar,sat14_transport-transport-city-sequential-25nodes-1000size-3degree-100mindistance-3trucks-10packages-2008seed.050-NOTKNOWN.cnf.hgr,no,no,9,2,0.03,0,295.729,cut,13016,13016,no
rKaHyPar,sat14_transport-transport-city-sequential-25nodes-1000size-3degree-100mindistance-3trucks-10packages-2008seed.050-NOTKNOWN.cnf.hgr,no,no,0,32,0.03,0.0299755,1697.75,cut,400032,385962,no
rKaHyPar,sat14_transport-transport-city-sequential-25nodes-1000size-3degree-100mindistance-3trucks-10packages-2008seed.050-NOTKNOWN.cnf.hgr,no,no,1,32,0.03,0.0299755,1363.72,cut,398989,381080,no
rKaHyPar,sat14_transport-transport-city-sequential-25nodes-1000size-3degree-100mindistance-3trucks-10packages-2008seed.050-NOTKNOWN.cnf.hgr,no,no,2,32,0.03,0.0299755,1744.63,cut,418378,405189,no
rKaHyPar,sat14_transport-transport-city-sequential-25nodes-1000size-3degree-100mindistance-3trucks-10packages-2008seed.050-NOTKNOWN.cnf.hgr,no,no,3,32,0.03,0.0299755,1215.59,cut,416161,401194,no
rKaHyPar,sat14_transport-transport-city-sequential-25nodes-1000size-3degree-100mindistance-3trucks-10packages-2008seed.050-NOTKNOWN.cnf.hgr,no,no,4,32,0.03,0.0299755,1373.47,cut,403863,390998,no
rKaHyPar,sat14_transport-transport-city-sequential-25nodes-1000size-3degree-100mindistance-3trucks-10packages-2008seed.050-NOTKNOWN.cnf.hgr,no,no,5,32,0.03,0.0299755,1969.34,cut,391995,372796,no
rKaHyPar,sat14_transport-transport-city-sequential-25nodes-1000size-3degree-100mindistance-3trucks-10packages-2008seed.050-NOTKNOWN.cnf.hgr,no,no,6,32,0.03,0.0299755,1308.78,cut,400642,382572,no
rKaHyPar,sat14_transport-transport-city-sequential-25nodes-1000size-3degree-100mindistance-3trucks-10packages-2008seed.050-NOTKNOWN.cnf.hgr,no,no,7,32,0.03,0.0299755,1024.47,cut,401962,389112,no
rKaHyPar,sat14_transport-transport-city-sequential-25nodes-1000size-3degree-100mindistance-3trucks-10packages-2008seed.050-NOTKNOWN.cnf.hgr,no,no,8,32,0.03,0.0299755,952.384,cut,400250,387522,no
rKaHyPar,sat14_transport-transport-city-sequential-25nodes-1000size-3degree-100mindistance-3trucks-10packages-2008seed.050-NOTKNOWN.cnf.hgr,no,no,9,32,0.03,0.0299755,1823.03,cut,417454,403218,no
rKaHyPar,sat14_transport-transport-city-sequential-25nodes-1000size-3degree-100mindistance-3trucks-10packages-2008seed.050-NOTKNOWN.cnf.hgr,no,no,0,4,0.03,0.0200487,542.818,cut,39559,39048,no
rKaHyPar,sat14_transport-transport-city-sequential-25nodes-1000size-3degree-100mindistance-3trucks-10packages-2008seed.050-NOTKNOWN.cnf.hgr,no,no,1,4,0.03,0.0191842,447.681,cut,39052,39048,no
rKaHyPar,sat14_transport-transport-city-sequential-25nodes-1000size-3degree-100mindistance-3trucks-10packages-2008seed.050-NOTKNOWN.cnf.hgr,no,no,2,4,0.03,0.0218388,550.267,cut,39488,39048,no
rKaHyPar,sat14_transport-transport-city-sequential-25nodes-1000size-3degree-100mindistance-3trucks-10packages-2008seed.050-NOTKNOWN.cnf.hgr,no,no,3,4,0.03,0.0197049,505.158,cut,39434,39048,no
rKaHyPar,sat14_transport-transport-city-sequential-25nodes-1000size-3degree-100mindistance-3trucks-10packages-2008seed.050-NOTKNOWN.cnf.hgr,no,no,4,4,0.03,0.0191808,571.554,cut,39048,39048,no
rKaHyPar,sat14_transport-transport-city-sequential-25nodes-1000size-3degree-100mindistance-3trucks-10packages-2008seed.050-NOTKNOWN.cnf.hgr,no,no,5,4,0.03,0.0191808,508.584,cut,39048,39048,no
rKaHyPar,sat14_transport-transport-city-sequential-25nodes-1000size-3degree-100mindistance-3trucks-10packages-2008seed.050-NOTKNOWN.cnf.hgr,no,no,6,4,0.03,0.0218898,546.826,cut,39421,39048,no
rKaHyPar,sat14_transport-transport-city-sequential-25nodes-1000size-3degree-100mindistance-3trucks-10packages-2008seed.050-NOTKNOWN.cnf.hgr,no,no,7,4,0.03,0.0191808,526.511,cut,39175,39048,no
rKaHyPar,sat14_transport-transport-city-sequential-25nodes-1000size-3degree-100mindistance-3trucks-10packages-2008seed.050-NOTKNOWN.cnf.hgr,no,no,8,4,0.03,0.021815,536.871,cut,39416,39048,no
rKaHyPar,sat14_transport-transport-city-sequential-25nodes-1000size-3degree-100mindistance-3trucks-10packages-2008seed.050-NOTKNOWN.cnf.hgr,no,no,9,4,0.03,0.0210867,386.38,cut,39413,39048,no
rKaHyPar,sat14_transport-transport-city-sequential-25nodes-1000size-3degree-100mindistance-3trucks-10packages-2008seed.050-NOTKNOWN.cnf.hgr,no,no,0,64,0.03,0.0299483,925.813,cut,627886,594556,no
rKaHyPar,sat14_transport-transport-city-sequential-25nodes-1000size-3degree-100mindistance-3trucks-10packages-2008seed.050-NOTKNOWN.cnf.hgr,no,no,1,64,0.03,0.0299483,947.841,cut,617467,583214,no
rKaHyPar,sat14_transport-transport-city-sequential-25nodes-1000size-3degree-100mindistance-3trucks-10packages-2008seed.050-NOTKNOWN.cnf.hgr,no,no,2,64,0.03,0.0299483,1351.59,cut,628812,590192,no
rKaHyPar,sat14_transport-transport-city-sequential-25nodes-1000size-3degree-100mindistance-3trucks-10packages-2008seed.050-NOTKNOWN.cnf.hgr,no,no,3,64,0.03,0.0299483,926.491,cut,627333,594830,no
rKaHyPar,sat14_transport-transport-city-sequential-25nodes-1000size-3degree-100mindistance-3trucks-10packages-2008seed.050-NOTKNOWN.cnf.hgr,no,no,4,64,0.03,0.0299483,1534.32,cut,636732,605928,no
rKaHyPar,sat14_transport-transport-city-sequential-25nodes-1000size-3degree-100mindistance-3trucks-10packages-2008seed.050-NOTKNOWN.cnf.hgr,no,no,5,64,0.03,0.0299483,1392.28,cut,637161,602667,no
rKaHyPar,sat14_transport-transport-city-sequential-25nodes-1000size-3degree-100mindistance-3trucks-10packages-2008seed.050-NOTKNOWN.cnf.hgr,no,no,6,64,0.03,0.0299483,1049.66,cut,650690,593683,no
rKaHyPar,sat14_transport-transport-city-sequential-25nodes-1000size-3degree-100mindistance-3trucks-10packages-2008seed.050-NOTKNOWN.cnf.hgr,no,no,7,64,0.03,0.0299483,1396.79,cut,631378,592628,no
rKaHyPar,sat14_transport-transport-city-sequential-25nodes-1000size-3degree-100mindistance-3trucks-10packages-2008seed.050-NOTKNOWN.cnf.hgr,no,no,8,64,0.03,0.0299483,1404.27,cut,637538,599639,no
rKaHyPar,sat14_transport-transport-city-sequential-25nodes-1000size-3degree-100mindistance-3trucks-10packages-2008seed.050-NOTKNOWN.cnf.hgr,no,no,9,64,0.03,0.0299483,1028.97,cut,639354,597298,no
rKaHyPar,sat14_transport-transport-city-sequential-25nodes-1000size-3degree-100mindistance-3trucks-10packages-2008seed.050-NOTKNOWN.cnf.hgr,no,no,0,8,0.03,0.0295675,707.763,cut,96348,93682,no
rKaHyPar,sat14_transport-transport-city-sequential-25nodes-1000size-3degree-100mindistance-3trucks-10packages-2008seed.050-NOTKNOWN.cnf.hgr,no,no,1,8,0.03,0.0299419,532.501,cut,95448,93193,no
rKaHyPar,sat14_transport-transport-city-sequential-25nodes-1000size-3degree-100mindistance-3trucks-10packages-2008seed.050-NOTKNOWN.cnf.hgr,no,no,2,8,0.03,0.0297921,782.683,cut,93558,92492,no
rKaHyPar,sat14_transport-transport-city-sequential-25nodes-1000size-3degree-100mindistance-3trucks-10packages-2008seed.050-NOTKNOWN.cnf.hgr,no,no,3,8,0.03,0.0294178,784.235,cut,99717,98030,no
rKaHyPar,sat14_transport-transport-city-sequential-25nodes-1000size-3degree-100mindistance-3trucks-10packages-2008seed.050-NOTKNOWN.cnf.hgr,no,no,4,8,0.03,0.0291863,918.036,cut,96084,95520,no
rKaHyPar,sat14_transport-transport-city-sequential-25nodes-1000size-3degree-100mindistance-3trucks-10packages-2008seed.050-NOTKNOWN.cnf.hgr,no,no,5,8,0.03,0.0291319,591.757,cut,96271,94835,no
rKaHyPar,sat14_transport-transport-city-sequential-25nodes-1000size-3degree-100mindistance-3trucks-10packages-2008seed.050-NOTKNOWN.cnf.hgr,no,no,6,8,0.03,0.0297989,842.425,cut,95640,94359,no
rKaHyPar,sat14_transport-transport-city-sequential-25nodes-1000size-3degree-100mindistance-3trucks-10packages-2008seed.050-NOTKNOWN.cnf.hgr,no,no,7,8,0.03,0.0299283,719.142,cut,94202,92908,no
rKaHyPar,sat14_transport-transport-city-sequential-25nodes-1000size-3degree-100mindistance-3trucks-10packages-2008seed.050-NOTKNOWN.cnf.hgr,no,no,8,8,0.03,0.0299215,522.833,cut,94984,93376,no
rKaHyPar,sat14_transport-transport-city-sequential-25nodes-1000size-3degree-100mindistance-3trucks-10packages-2008seed.050-NOTKNOWN.cnf.hgr,no,no,9,8,0.03,0.0299215,1073.55,cut,97213,96501,no
rKaHyPar,sat14_transport-transport-city-sequential-25nodes-1000size-3degree-100mindistance-3trucks-10packages-2008seed.050-NOTKNOWN.cnf.primal.hgr,no,no,0,128,0.03,0.0299427,1279.21,cut,1033756,971818,no
rKaHyPar,sat14_transport-transport-city-sequential-25nodes-1000size-3degree-100mindistance-3trucks-10packages-2008seed.050-NOTKNOWN.cnf.primal.hgr,no,no,2,128,0.03,0.0299427,1332.51,cut,1038058,973698,no
rKaHyPar,sat14_transport-transport-city-sequential-25nodes-1000size-3degree-100mindistance-3trucks-10packages-2008seed.050-NOTKNOWN.cnf.primal.hgr,no,no,3,128,0.03,0.0299427,983.364,cut,1036269,972218,no
rKaHyPar,sat14_transport-transport-city-sequential-25nodes-1000size-3degree-100mindistance-3trucks-10packages-2008seed.050-NOTKNOWN.cnf.primal.hgr,no,no,4,128,0.03,0.0299427,846.23,cut,1046891,983332,no
rKaHyPar,sat14_transport-transport-city-sequential-25nodes-1000size-3degree-100mindistance-3trucks-10packages-2008seed.050-NOTKNOWN.cnf.primal.hgr,no,no,5,128,0.03,0.0299427,921.811,cut,1039913,975007,no
rKaHyPar,sat14_transport-transport-city-sequential-25nodes-1000size-3degree-100mindistance-3trucks-10packages-2008seed.050-NOTKNOWN.cnf.primal.hgr,no,no,6,128,0.03,0.0299427,954.734,cut,1042593,981166,no
rKaHyPar,sat14_transport-transport-city-sequential-25nodes-1000size-3degree-100mindistance-3trucks-10packages-2008seed.050-NOTKNOWN.cnf.primal.hgr,no,no,7,128,0.03,0.0299427,939.078,cut,1040052,972631,no
rKaHyPar,sat14_transport-transport-city-sequential-25nodes-1000size-3degree-100mindistance-3trucks-10packages-2008seed.050-NOTKNOWN.cnf.primal.hgr,no,no,8,128,0.03,0.0299427,901.999,cut,1041795,976413,no
rKaHyPar,sat14_transport-transport-city-sequential-25nodes-1000size-3degree-100mindistance-3trucks-10packages-2008seed.050-NOTKNOWN.cnf.primal.hgr,no,no,9,128,0.03,0.0299427,936.91,cut,1042823,981218,no
rKaHyPar,sat14_transport-transport-city-sequential-25nodes-1000size-3degree-100mindistance-3trucks-10packages-2008seed.050-NOTKNOWN.cnf.primal.hgr,no,no,0,16,0.03,0.0299997,2935.76,cut,229087,228830,no
rKaHyPar,sat14_transport-transport-city-sequential-25nodes-1000size-3degree-100mindistance-3trucks-10packages-2008seed.050-NOTKNOWN.cnf.primal.hgr,no,no,1,16,0.03,0.0299997,1871.52,cut,228251,227765,no
rKaHyPar,sat14_transport-transport-city-sequential-25nodes-1000size-3degree-100mindistance-3trucks-10packages-2008seed.050-NOTKNOWN.cnf.primal.hgr,no,no,2,16,0.03,0.0299997,1898.27,cut,226824,226521,no
rKaHyPar,sat14_transport-transport-city-sequential-25nodes-1000size-3degree-100mindistance-3trucks-10packages-2008seed.050-NOTKNOWN.cnf.primal.hgr,no,no,3,16,0.03,0.0299997,2348.4,cut,225838,225664,no
rKaHyPar,sat14_transport-transport-city-sequential-25nodes-1000size-3degree-100mindistance-3trucks-10packages-2008seed.050-NOTKNOWN.cnf.primal.hgr,no,no,4,16,0.03,0.0299997,1845.21,cut,226203,226091,no
rKaHyPar,sat14_transport-transport-city-sequential-25nodes-1000size-3degree-100mindistance-3trucks-10packages-2008seed.050-NOTKNOWN.cnf.primal.hgr,no,no,5,16,0.03,0.0299997,2802.81,cut,233683,232809,no
rKaHyPar,sat14_transport-transport-city-sequential-25nodes-1000size-3degree-100mindistance-3trucks-10packages-2008seed.050-NOTKNOWN.cnf.primal.hgr,no,no,6,16,0.03,0.0299997,1810.38,cut,235449,235046,no
rKaHyPar,sat14_transport-transport-city-sequential-25nodes-1000size-3degree-100mindistance-3trucks-10packages-2008seed.050-NOTKNOWN.cnf.primal.hgr,no,no,7,16,0.03,0.0299997,1789.97,cut,239958,239958,no
rKaHyPar,sat14_transport-transport-city-sequential-25nodes-1000size-3degree-100mindistance-3trucks-10packages-2008seed.050-NOTKNOWN.cnf.primal.hgr,no,no,8,16,0.03,0.0299997,2451.57,cut,238684,237302,no
rKaHyPar,sat14_transport-transport-city-sequential-25nodes-1000size-3degree-100mindistance-3trucks-10packages-2008seed.050-NOTKNOWN.cnf.primal.hgr,no,no,9,16,0.03,0.0299997,2612.32,cut,229035,228427,no
rKaHyPar,sat14_transport-transport-city-sequential-25nodes-1000size-3degree-100mindistance-3trucks-10packages-2008seed.050-NOTKNOWN.cnf.primal.hgr,no,no,0,2,0.03,0.000550882,122.397,cut,13016,13016,no
rKaHyPar,sat14_transport-transport-city-sequential-25nodes-1000size-3degree-100mindistance-3trucks-10packages-2008seed.050-NOTKNOWN.cnf.primal.hgr,no,no,1,2,0.03,0.000550882,191.179,cut,13016,13016,no
rKaHyPar,sat14_transport-transport-city-sequential-25nodes-1000size-3degree-100mindistance-3trucks-10packages-2008seed.050-NOTKNOWN.cnf.primal.hgr,no,no,2,2,0.03,0.000550882,190.404,cut,13016,13016,no
rKaHyPar,sat14_transport-transport-city-sequential-25nodes-1000size-3degree-100mindistance-3trucks-10packages-2008seed.050-NOTKNOWN.cnf.primal.hgr,no,no,3,2,0.03,0.000550882,140.969,cut,13016,13016,no
rKaHyPar,sat14_transport-transport-city-sequential-25nodes-1000size-3degree-100mindistance-3trucks-10packages-2008seed.050-NOTKNOWN.cnf.primal.hgr,no,no,4,2,0.03,0.000550882,143.486,cut,13016,13016,no
rKaHyPar,sat14_transport-transport-city-sequential-25nodes-1000size-3degree-100mindistance-3trucks-10packages-2008seed.050-NOTKNOWN.cnf.primal.hgr,no,no,5,2,0.03,0.000550882,135.143,cut,13016,13016,no
rKaHyPar,sat14_transport-transport-city-sequential-25nodes-1000size-3degree-100mindistance-3trucks-10packages-2008seed.050-NOTKNOWN.cnf.primal.hgr,no,no,6,2,0.03,0.000550882,190.741,cut,13016,13016,no
rKaHyPar,sat14_transport-transport-city-sequential-25nodes-1000size-3degree-100mindistance-3trucks-10packages-2008seed.050-NOTKNOWN.cnf.primal.hgr,no,no,7,2,0.03,0.000550882,161.401,cut,13016,13016,no
rKaHyPar,sat14_transport-transport-city-sequential-25nodes-1000size-3degree-100mindistance-3trucks-10packages-2008seed.050-NOTKNOWN.cnf.primal.hgr,no,no,8,2,0.03,0.000550882,240.325,cut,13016,13016,no
rKaHyPar,sat14_transport-transport-city-sequential-25nodes-1000size-3degree-100mindistance-3trucks-10packages-2008seed.050-NOTKNOWN.cnf.primal.hgr,no,no,9,2,0.03,0.000550882,177.163,cut,13016,13016,no
rKaHyPar,sat14_transport-transport-city-sequential-25nodes-1000size-3degree-100mindistance-3trucks-10packages-2008seed.050-NOTKNOWN.cnf.primal.hgr,no,no,0,32,0.03,0.0299989,1463.3,cut,484774,475633,no
rKaHyPar,sat14_transport-transport-city-sequential-25nodes-1000size-3degree-100mindistance-3trucks-10packages-2008seed.050-NOTKNOWN.cnf.primal.hgr,no,no,1,32,0.03,0.0299989,1875.71,cut,483822,476927,no
rKaHyPar,sat14_transport-transport-city-sequential-25nodes-1000size-3degree-100mindistance-3trucks-10packages-2008seed.050-NOTKNOWN.cnf.primal.hgr,no,no,2,32,0.03,0.0299989,1820.8,cut,481746,474867,no
rKaHyPar,sat14_transport-transport-city-sequential-25nodes-1000size-3degree-100mindistance-3trucks-10packages-2008seed.050-NOTKNOWN.cnf.primal.hgr,no,no,3,32,0.03,0.0299989,1052.6,cut,476448,470114,no
rKaHyPar,sat14_transport-transport-city-sequential-25nodes-1000size-3degree-100mindistance-3trucks-10packages-2008seed.050-NOTKNOWN.cnf.primal.hgr,no,no,4,32,0.03,0.0299989,1109.1,cut,480756,473789,no
rKaHyPar,sat14_transport-transport-city-sequential-25nodes-1000size-3degree-100mindistance-3trucks-10packages-2008seed.050-NOTKNOWN.cnf.primal.hgr,no,no,5,32,0.03,0.0299989,1047.84,cut,495372,485454,no
rKaHyPar,sat14_transport-transport-city-sequential-25nodes-1000size-3degree-100mindistance-3trucks-10packages-2008seed.050-NOTKNOWN.cnf.primal.hgr,no,no,6,32,0.03,0.0299989,1138.29,cut,483811,477734,no
rKaHyPar,sat14_transport-transport-city-sequential-25nodes-1000size-3degree-100mindistance-3trucks-10packages-2008seed.050-NOTKNOWN.cnf.primal.hgr,no,no,7,32,0.03,0.0299989,1138.75,cut,493547,484527,no
rKaHyPar,sat14_transport-transport-city-sequential-25nodes-1000size-3degree-100mindistance-3trucks-10packages-2008seed.050-NOTKNOWN.cnf.primal.hgr,no,no,8,32,0.03,0.0299989,1098.98,cut,497358,489181,no
rKaHyPar,sat14_transport-transport-city-sequential-25nodes-1000size-3degree-100mindistance-3trucks-10packages-2008seed.050-NOTKNOWN.cnf.primal.hgr,no,no,9,32,0.03,0.0299989,1683.64,cut,485244,478692,no
rKaHyPar,sat14_transport-transport-city-sequential-25nodes-1000size-3degree-100mindistance-3trucks-10packages-2008seed.050-NOTKNOWN.cnf.primal.hgr,no,no,0,4,0.03,0.0155906,378.506,cut,41588,41588,no
rKaHyPar,sat14_transport-transport-city-sequential-25nodes-1000size-3degree-100mindistance-3trucks-10packages-2008seed.050-NOTKNOWN.cnf.primal.hgr,no,no,1,4,0.03,0.0132609,1485.44,cut,54604,54604,no
rKaHyPar,sat14_transport-transport-city-sequential-25nodes-1000size-3degree-100mindistance-3trucks-10packages-2008seed.050-NOTKNOWN.cnf.primal.hgr,no,no,2,4,0.03,0.0155906,435.152,cut,41588,41588,no
rKaHyPar,sat14_transport-transport-city-sequential-25nodes-1000size-3degree-100mindistance-3trucks-10packages-2008seed.050-NOTKNOWN.cnf.primal.hgr,no,no,3,4,0.03,0.0299997,1312.1,cut,56087,56087,no
rKaHyPar,sat14_transport-transport-city-sequential-25nodes-1000size-3degree-100mindistance-3trucks-10packages-2008seed.050-NOTKNOWN.cnf.primal.hgr,no,no,4,4,0.03,0.0155906,357.597,cut,41588,41588,no
rKaHyPar,sat14_transport-transport-city-sequential-25nodes-1000size-3degree-100mindistance-3trucks-10packages-2008seed.050-NOTKNOWN.cnf.primal.hgr,no,no,5,4,0.03,0.0155906,303.839,cut,41588,41588,no
rKaHyPar,sat14_transport-transport-city-sequential-25nodes-1000size-3degree-100mindistance-3trucks-10packages-2008seed.050-NOTKNOWN.cnf.primal.hgr,no,no,6,4,0.03,0.0155906,332.331,cut,54604,54604,no
rKaHyPar,sat14_transport-transport-city-sequential-25nodes-1000size-3degree-100mindistance-3trucks-10packages-2008seed.050-NOTKNOWN.cnf.primal.hgr,no,no,7,4,0.03,0.0155906,1910.3,cut,54604,54604,no
rKaHyPar,sat14_transport-transport-city-sequential-25nodes-1000size-3degree-100mindistance-3trucks-10packages-2008seed.050-NOTKNOWN.cnf.primal.hgr,no,no,8,4,0.03,0.0155906,318.964,cut,41588,41588,no
rKaHyPar,sat14_transport-transport-city-sequential-25nodes-1000size-3degree-100mindistance-3trucks-10packages-2008seed.050-NOTKNOWN.cnf.primal.hgr,no,no,9,4,0.03,0.0155906,326.087,cut,41588,41588,no
rKaHyPar,sat14_transport-transport-city-sequential-25nodes-1000size-3degree-100mindistance-3trucks-10packages-2008seed.050-NOTKNOWN.cnf.primal.hgr,no,no,0,64,0.03,0.0299458,985.261,cut,717252,684180,no
rKaHyPar,sat14_transport-transport-city-sequential-25nodes-1000size-3degree-100mindistance-3trucks-10packages-2008seed.050-NOTKNOWN.cnf.primal.hgr,no,no,1,64,0.03,0.0299458,896.058,cut,718230,688320,no
rKaHyPar,sat14_transport-transport-city-sequential-25nodes-1000size-3degree-100mindistance-3trucks-10packages-2008seed.050-NOTKNOWN.cnf.primal.hgr,no,no,2,64,0.03,0.0299458,1388.89,cut,735780,703220,no
rKaHyPar,sat14_transport-transport-city-sequential-25nodes-1000size-3degree-100mindistance-3trucks-10packages-2008seed.050-NOTKNOWN.cnf.primal.hgr,no,no,3,64,0.03,0.0299458,1030.79,cut,725433,693444,no
rKaHyPar,sat14_transport-transport-city-sequential-25nodes-1000size-3degree-100mindistance-3trucks-10packages-2008seed.050-NOTKNOWN.cnf.primal.hgr,no,no,4,64,0.03,0.0299458,927.645,cut,730815,700320,no
rKaHyPar,sat14_transport-transport-city-sequential-25nodes-1000size-3degree-100mindistance-3trucks-10packages-2008seed.050-NOTKNOWN.cnf.primal.hgr,no,no,5,64,0.03,0.0299458,1270.1,cut,721008,690936,no
rKaHyPar,sat14_transport-transport-city-sequential-25nodes-1000size-3degree-100mindistance-3trucks-10packages-2008seed.050-NOTKNOWN.cnf.primal.hgr,no,no,6,64,0.03,0.0299458,1017.14,cut,725446,692032,no
rKaHyPar,sat14_transport-transport-city-sequential-25nodes-1000size-3degree-100mindistance-3trucks-10packages-2008seed.050-NOTKNOWN.cnf.primal.hgr,no,no,7,64,0.03,0.0299458,1080.7,cut,723821,692720,no
rKaHyPar,sat14_transport-transport-city-sequential-25nodes-1000size-3degree-100mindistance-3trucks-10packages-2008seed.050-NOTKNOWN.cnf.primal.hgr,no,no,8,64,0.03,0.0299458,803.076,cut,721029,690365,no
rKaHyPar,sat14_transport-transport-city-sequential-25nodes-1000size-3degree-100mindistance-3trucks-10packages-2008seed.050-NOTKNOWN.cnf.primal.hgr,no,no,9,64,0.03,0.0299458,946.092,cut,728957,698248,no
rKaHyPar,sat14_transport-transport-city-sequential-25nodes-1000size-3degree-100mindistance-3trucks-10packages-2008seed.050-NOTKNOWN.cnf.primal.hgr,no,no,0,8,0.03,0.0258316,634.589,cut,106574,105961,no
rKaHyPar,sat14_transport-transport-city-sequential-25nodes-1000size-3degree-100mindistance-3trucks-10packages-2008seed.050-NOTKNOWN.cnf.primal.hgr,no,no,1,8,0.03,0.0154645,1057.77,cut,111819,111819,no
rKaHyPar,sat14_transport-transport-city-sequential-25nodes-1000size-3degree-100mindistance-3trucks-10packages-2008seed.050-NOTKNOWN.cnf.primal.hgr,no,no,2,8,0.03,0.0195795,628.87,cut,99329,99329,no
rKaHyPar,sat14_transport-transport-city-sequential-25nodes-1000size-3degree-100mindistance-3trucks-10packages-2008seed.050-NOTKNOWN.cnf.primal.hgr,no,no,3,8,0.03,0.0299732,406.198,cut,114228,114228,no
rKaHyPar,sat14_transport-transport-city-sequential-25nodes-1000size-3degree-100mindistance-3trucks-10packages-2008seed.050-NOTKNOWN.cnf.primal.hgr,no,no,4,8,0.03,0.0195795,418.862,cut,98798,98798,no
rKaHyPar,sat14_transport-transport-city-sequential-25nodes-1000size-3degree-100mindistance-3trucks-10packages-2008seed.050-NOTKNOWN.cnf.primal.hgr,no,no,5,8,0.03,0.0299466,386.887,cut,101056,101056,no
rKaHyPar,sat14_transport-transport-city-sequential-25nodes-1000size-3degree-100mindistance-3trucks-10packages-2008seed.050-NOTKNOWN.cnf.primal.hgr,no,no,6,8,0.03,0.0192343,713.146,cut,108674,108669,no
rKaHyPar,sat14_transport-transport-city-sequential-25nodes-1000size-3degree-100mindistance-3trucks-10packages-2008seed.050-NOTKNOWN.cnf.primal.hgr,no,no,7,8,0.03,0.0299997,1565.65,cut,114735,114735,no
rKaHyPar,sat14_transport-transport-city-sequential-25nodes-1000size-3degree-100mindistance-3trucks-10packages-2008seed.050-NOTKNOWN.cnf.primal.hgr,no,no,8,8,0.03,0.0195795,1157.13,cut,111786,111786,no
rKaHyPar,sat14_transport-transport-city-sequential-25nodes-1000size-3degree-100mindistance-3trucks-10packages-2008seed.050-NOTKNOWN.cnf.primal.hgr,no,no,9,8,0.03,0.0299997,597.945,cut,100875,100875,no
rKaHyPar,sat14_UCG-15-10p0.cnf.dual.hgr,no,no,0,128,0.03,0.0297748,123.276,cut,48137,10329,no
rKaHyPar,sat14_UCG-15-10p0.cnf.dual.hgr,no,no,2,128,0.03,0.0297748,122.094,cut,46505,10680,no
rKaHyPar,sat14_UCG-15-10p0.cnf.dual.hgr,no,no,3,128,0.03,0.0274844,87.2856,cut,49047,10237,no
rKaHyPar,sat14_UCG-15-10p0.cnf.dual.hgr,no,no,4,128,0.03,0.0296475,87.4429,cut,47994,10312,no
rKaHyPar,sat14_UCG-15-10p0.cnf.dual.hgr,no,no,5,128,0.03,0.0296475,88.7795,cut,48721,10524,no
rKaHyPar,sat14_UCG-15-10p0.cnf.dual.hgr,no,no,6,128,0.03,0.0282479,88.7751,cut,49449,10236,no
rKaHyPar,sat14_UCG-15-10p0.cnf.dual.hgr,no,no,7,128,0.03,0.0259575,88.1339,cut,49156,10253,no
rKaHyPar,sat14_UCG-15-10p0.cnf.dual.hgr,no,no,8,128,0.03,0.0296475,121.97,cut,47101,10853,no
rKaHyPar,sat14_UCG-15-10p0.cnf.dual.hgr,no,no,9,128,0.03,0.0283751,87.4064,cut,49004,10259,no
rKaHyPar,sat14_UCG-15-10p0.cnf.dual.hgr,no,no,0,16,0.03,0.0291418,119.577,cut,11120,6892,no
rKaHyPar,sat14_UCG-15-10p0.cnf.dual.hgr,no,no,1,16,0.03,0.0201384,85.692,cut,10521,6900,no
rKaHyPar,sat14_UCG-15-10p0.cnf.dual.hgr,no,no,2,16,0.03,0.0229062,86.3373,cut,11261,7026,no
rKaHyPar,sat14_UCG-15-10p0.cnf.dual.hgr,no,no,3,16,0.03,0.0298576,115.793,cut,11409,6876,no
rKaHyPar,sat14_UCG-15-10p0.cnf.dual.hgr,no,no,4,16,0.03,0.0264694,85.5709,cut,11312,6922,no
rKaHyPar,sat14_UCG-15-10p0.cnf.dual.hgr,no,no,5,16,0.03,0.0297463,113.396,cut,10922,6814,no
rKaHyPar,sat14_UCG-15-10p0.cnf.dual.hgr,no,no,6,16,0.03,0.0285055,89.407,cut,11240,7012,no
rKaHyPar,sat14_UCG-15-10p0.cnf.dual.hgr,no,no,7,16,0.03,0.0291577,84.0207,cut,10869,6964,no
rKaHyPar,sat14_UCG-15-10p0.cnf.dual.hgr,no,no,8,16,0.03,0.0293168,125.316,cut,11068,6875,no
rKaHyPar,sat14_UCG-15-10p0.cnf.dual.hgr,no,no,9,16,0.03,0.0285532,110.211,cut,11639,6876,no
rKaHyPar,sat14_UCG-15-10p0.cnf.dual.hgr,no,no,0,2,0.03,0.0298658,65.5663,cut,775,775,no
rKaHyPar,sat14_UCG-15-10p0.cnf.dual.hgr,no,no,1,2,0.03,0.0298558,82.4538,cut,834,834,no
rKaHyPar,sat14_UCG-15-10p0.cnf.dual.hgr,no,no,2,2,0.03,0.0278972,65.397,cut,830,830,no
rKaHyPar,sat14_UCG-15-10p0.cnf.dual.hgr,no,no,3,2,0.03,0.027937,50.5607,cut,819,819,no
rKaHyPar,sat14_UCG-15-10p0.cnf.dual.hgr,no,no,4,2,0.03,0.0292036,89.4969,cut,822,822,no
rKaHyPar,sat14_UCG-15-10p0.cnf.dual.hgr,no,no,5,2,0.03,0.029999,56.1879,cut,767,767,no
rKaHyPar,sat14_UCG-15-10p0.cnf.dual.hgr,no,no,6,2,0.03,0.0284401,55.6061,cut,819,819,no
rKaHyPar,sat14_UCG-15-10p0.cnf.dual.hgr,no,no,7,2,0.03,0.0299095,62.627,cut,833,833,no
rKaHyPar,sat14_UCG-15-10p0.cnf.dual.hgr,no,no,8,2,0.03,0.0280842,62.5352,cut,772,772,no
rKaHyPar,sat14_UCG-15-10p0.cnf.dual.hgr,no,no,9,2,0.03,0.0298021,59.5927,cut,729,729,no
rKaHyPar,sat14_UCG-15-10p0.cnf.dual.hgr,no,no,0,32,0.03,0.0250374,109.828,cut,19040,9129,no
rKaHyPar,sat14_UCG-15-10p0.cnf.dual.hgr,no,no,1,32,0.03,0.0296822,105.508,cut,20711,8826,no
rKaHyPar,sat14_UCG-15-10p0.cnf.dual.hgr,no,no,2,32,0.03,0.0294595,107.354,cut,18183,9103,no
rKaHyPar,sat14_UCG-15-10p0.cnf.dual.hgr,no,no,3,32,0.03,0.0255146,78.8481,cut,18304,9060,no
rKaHyPar,sat14_UCG-15-10p0.cnf.dual.hgr,no,no,4,32,0.03,0.0267235,77.7718,cut,19506,9175,no
rKaHyPar,sat14_UCG-15-10p0.cnf.dual.hgr,no,no,5,32,0.03,0.0275188,78.3479,cut,19308,9287,no
rKaHyPar,sat14_UCG-15-10p0.cnf.dual.hgr,no,no,6,32,0.03,0.0299685,78.4548,cut,17355,9254,no
rKaHyPar,sat14_UCG-15-10p0.cnf.dual.hgr,no,no,7,32,0.03,0.028855,77.2856,cut,19194,9153,no
rKaHyPar,sat14_UCG-15-10p0.cnf.dual.hgr,no,no,8,32,0.03,0.028696,77.0764,cut,18762,9350,no
rKaHyPar,sat14_UCG-15-10p0.cnf.dual.hgr,no,no,9,32,0.03,0.0293322,106.634,cut,18911,9117,no
rKaHyPar,sat14_UCG-15-10p0.cnf.dual.hgr,no,no,0,4,0.03,0.0147937,99.9502,cut,2397,1951,no
rKaHyPar,sat14_UCG-15-10p0.cnf.dual.hgr,no,no,1,4,0.03,0.0256424,55.542,cut,2447,1943,no
rKaHyPar,sat14_UCG-15-10p0.cnf.dual.hgr,no,no,2,4,0.03,0.0299572,88.5319,cut,2201,1928,no
rKaHyPar,sat14_UCG-15-10p0.cnf.dual.hgr,no,no,3,4,0.03,0.0254515,82.9713,cut,2457,1968,no
rKaHyPar,sat14_UCG-15-10p0.cnf.dual.hgr,no,no,4,4,0.03,0.0296032,85.2036,cut,2311,1952,no
rKaHyPar,sat14_UCG-15-10p0.cnf.dual.hgr,no,no,5,4,0.03,0.028267,93.4077,cut,2424,1895,no
rKaHyPar,sat14_UCG-15-10p0.cnf.dual.hgr,no,no,6,4,0.03,0.0184006,90.3968,cut,2238,1981,no
rKaHyPar,sat14_UCG-15-10p0.cnf.dual.hgr,no,no,7,4,0.03,0.0252805,92.379,cut,2443,1959,no
rKaHyPar,sat14_UCG-15-10p0.cnf.dual.hgr,no,no,8,4,0.03,0.0288119,81.8536,cut,2379,1901,no
rKaHyPar,sat14_UCG-15-10p0.cnf.dual.hgr,no,no,9,4,0.03,0.0296231,55.8965,cut,2253,1908,no
rKaHyPar,sat14_UCG-15-10p0.cnf.dual.hgr,no,no,0,64,0.03,0.0243685,81.9569,cut,32065,9884,no
rKaHyPar,sat14_UCG-15-10p0.cnf.dual.hgr,no,no,1,64,0.03,0.0296494,82.0797,cut,31628,9751,no
rKaHyPar,sat14_UCG-15-10p0.cnf.dual.hgr,no,no,2,64,0.03,0.0272953,113.974,cut,31036,10126,no
rKaHyPar,sat14_UCG-15-10p0.cnf.dual.hgr,no,no,3,64,0.03,0.0206146,82.523,cut,30740,10370,no
rKaHyPar,sat14_UCG-15-10p0.cnf.dual.hgr,no,no,4,64,0.03,0.0298403,83.0294,cut,30334,10130,no
rKaHyPar,sat14_UCG-15-10p0.cnf.dual.hgr,no,no,5,64,0.03,0.019024,114.9,cut,30744,9899,no
rKaHyPar,sat14_UCG-15-10p0.cnf.dual.hgr,no,no,6,64,0.03,0.0237323,81.1663,cut,30936,9853,no
rKaHyPar,sat14_UCG-15-10p0.cnf.dual.hgr,no,no,7,64,0.03,0.0283133,117.208,cut,30981,10143,no
rKaHyPar,sat14_UCG-15-10p0.cnf.dual.hgr,no,no,8,64,0.03,0.0271044,114.779,cut,31090,9842,no
rKaHyPar,sat14_UCG-15-10p0.cnf.dual.hgr,no,no,9,64,0.03,0.0274225,81.5322,cut,31417,9872,no
rKaHyPar,sat14_UCG-15-10p0.cnf.dual.hgr,no,no,0,8,0.03,0.0287044,90.1114,cut,5716,4142,no
rKaHyPar,sat14_UCG-15-10p0.cnf.dual.hgr,no,no,1,8,0.03,0.0296747,108.27,cut,5253,4020,no
rKaHyPar,sat14_UCG-15-10p0.cnf.dual.hgr,no,no,2,8,0.03,0.0280522,98.8109,cut,5394,4065,no
rKaHyPar,sat14_UCG-15-10p0.cnf.dual.hgr,no,no,3,8,0.03,0.0296906,97.3676,cut,5211,4106,no
rKaHyPar,sat14_UCG-15-10p0.cnf.dual.hgr,no,no,4,8,0.03,0.0273761,75.2567,cut,5946,4087,no
rKaHyPar,sat14_UCG-15-10p0.cnf.dual.hgr,no,no,5,8,0.03,0.0298497,72.4699,cut,5711,3963,no
rKaHyPar,sat14_UCG-15-10p0.cnf.dual.hgr,no,no,6,8,0.03,0.0288396,124.668,cut,5728,4200,no
rKaHyPar,sat14_UCG-15-10p0.cnf.dual.hgr,no,no,7,8,0.03,0.0279488,87.0637,cut,5834,4141,no
rKaHyPar,sat14_UCG-15-10p0.cnf.dual.hgr,no,no,8,8,0.03,0.0286726,68.9842,cut,5351,4006,no
rKaHyPar,sat14_UCG-15-10p0.cnf.dual.hgr,no,no,9,8,0.03,0.0299372,91.0029,cut,5533,3990,no
rKaHyPar,sat14_UCG-15-10p0.cnf.hgr,no,no,0,128,0.03,0.0298555,88.935,cut,76192,72723,no
rKaHyPar,sat14_UCG-15-10p0.cnf.hgr,no,no,2,128,0.03,0.0298555,66.6218,cut,76171,72864,no
rKaHyPar,sat14_UCG-15-10p0.cnf.hgr,no,no,3,128,0.03,0.0298555,66.0722,cut,75252,71882,no
rKaHyPar,sat14_UCG-15-10p0.cnf.hgr,no,no,4,128,0.03,0.0298555,65.8767,cut,76104,72364,no
rKaHyPar,sat14_UCG-15-10p0.cnf.hgr,no,no,5,128,0.03,0.0298555,67.3425,cut,74877,71213,no
rKaHyPar,sat14_UCG-15-10p0.cnf.hgr,no,no,6,128,0.03,0.0298555,69.1915,cut,75138,71951,no
rKaHyPar,sat14_UCG-15-10p0.cnf.hgr,no,no,7,128,0.03,0.0298555,66.0938,cut,74906,71471,no
rKaHyPar,sat14_UCG-15-10p0.cnf.hgr,no,no,8,128,0.03,0.0298555,65.5491,cut,74785,71151,no
rKaHyPar,sat14_UCG-15-10p0.cnf.hgr,no,no,9,128,0.03,0.0298555,65.0745,cut,75223,71776,no
rKaHyPar,sat14_UCG-15-10p0.cnf.hgr,no,no,0,16,0.03,0.0272548,58.7045,cut,24533,24289,no
rKaHyPar,sat14_UCG-15-10p0.cnf.hgr,no,no,1,16,0.03,0.0294625,44.0758,cut,24637,24491,no
rKaHyPar,sat14_UCG-15-10p0.cnf.hgr,no,no,2,16,0.03,0.0299442,44.8537,cut,25057,24875,no
rKaHyPar,sat14_UCG-15-10p0.cnf.hgr,no,no,3,16,0.03,0.0299843,42.5861,cut,24789,24650,no
rKaHyPar,sat14_UCG-15-10p0.cnf.hgr,no,no,4,16,0.03,0.0289809,42.3201,cut,25263,24954,no
rKaHyPar,sat14_UCG-15-10p0.cnf.hgr,no,no,5,16,0.03,0.0288203,62.0367,cut,24442,24178,no
rKaHyPar,sat14_UCG-15-10p0.cnf.hgr,no,no,6,16,0.03,0.0264521,50.7022,cut,25161,25040,no
rKaHyPar,sat14_UCG-15-10p0.cnf.hgr,no,no,7,16,0.03,0.0254486,45.9873,cut,24644,24390,no
rKaHyPar,sat14_UCG-15-10p0.cnf.hgr,no,no,8,16,0.03,0.0297034,44.5701,cut,25143,24803,no
rKaHyPar,sat14_UCG-15-10p0.cnf.hgr,no,no,9,16,0.03,0.029021,65.0665,cut,24995,24820,no
rKaHyPar,sat14_UCG-15-10p0.cnf.hgr,no,no,0,2,0.03,0.0296733,100.578,cut,4373,4373,no
rKaHyPar,sat14_UCG-15-10p0.cnf.hgr,no,no,1,2,0.03,0.0298539,68.7459,cut,3917,3917,no
rKaHyPar,sat14_UCG-15-10p0.cnf.hgr,no,no,2,2,0.03,0.027305,66.9851,cut,4506,4506,no
rKaHyPar,sat14_UCG-15-10p0.cnf.hgr,no,no,3,2,0.03,0.029312,80.1327,cut,3964,3964,no
rKaHyPar,sat14_UCG-15-10p0.cnf.hgr,no,no,4,2,0.03,0.0272749,78.5663,cut,5670,5670,no
rKaHyPar,sat14_UCG-15-10p0.cnf.hgr,no,no,5,2,0.03,0.0293471,46.9415,cut,5056,5056,no
rKaHyPar,sat14_UCG-15-10p0.cnf.hgr,no,no,6,2,0.03,0.0254084,64.8587,cut,4304,4304,no
rKaHyPar,sat14_UCG-15-10p0.cnf.hgr,no,no,7,2,0.03,0.0265424,69.395,cut,4049,4049,no
rKaHyPar,sat14_UCG-15-10p0.cnf.hgr,no,no,8,2,0.03,0.0275208,73.0269,cut,4380,4380,no
rKaHyPar,sat14_UCG-15-10p0.cnf.hgr,no,no,9,2,0.03,0.0281329,66.7953,cut,4166,4166,no
rKaHyPar,sat14_UCG-15-10p0.cnf.hgr,no,no,0,32,0.03,0.029943,68.6372,cut,32921,32583,no
rKaHyPar,sat14_UCG-15-10p0.cnf.hgr,no,no,1,32,0.03,0.029943,67.4937,cut,32691,32171,no
rKaHyPar,sat14_UCG-15-10p0.cnf.hgr,no,no,2,32,0.03,0.0298627,65.0533,cut,32706,32213,no
rKaHyPar,sat14_UCG-15-10p0.cnf.hgr,no,no,3,32,0.03,0.029943,48.2981,cut,33514,33028,no
rKaHyPar,sat14_UCG-15-10p0.cnf.hgr,no,no,4,32,0.03,0.0298627,48.5289,cut,33047,32504,no
rKaHyPar,sat14_UCG-15-10p0.cnf.hgr,no,no,5,32,0.03,0.029943,49.2477,cut,33191,32560,no
rKaHyPar,sat14_UCG-15-10p0.cnf.hgr,no,no,6,32,0.03,0.029943,50.682,cut,33361,32747,no
rKaHyPar,sat14_UCG-15-10p0.cnf.hgr,no,no,7,32,0.03,0.029943,51.1046,cut,32452,31847,no
rKaHyPar,sat14_UCG-15-10p0.cnf.hgr,no,no,8,32,0.03,0.0297825,49.4539,cut,32600,32224,no
rKaHyPar,sat14_UCG-15-10p0.cnf.hgr,no,no,9,32,0.03,0.029943,70.2215,cut,33349,32886,no
rKaHyPar,sat14_UCG-15-10p0.cnf.hgr,no,no,0,4,0.03,0.0257797,84.9473,cut,11650,11627,no
rKaHyPar,sat14_UCG-15-10p0.cnf.hgr,no,no,1,4,0.03,0.0294425,45.6065,cut,11665,11662,no
rKaHyPar,sat14_UCG-15-10p0.cnf.hgr,no,no,2,4,0.03,0.0253683,65.6902,cut,12507,12486,no
rKaHyPar,sat14_UCG-15-10p0.cnf.hgr,no,no,3,4,0.03,0.0288604,97.5459,cut,12111,12087,no
rKaHyPar,sat14_UCG-15-10p0.cnf.hgr,no,no,4,4,0.03,0.0190965,38.4563,cut,12500,12443,no
rKaHyPar,sat14_UCG-15-10p0.cnf.hgr,no,no,5,4,0.03,0.0297234,52.5868,cut,13232,13229,no
rKaHyPar,sat14_UCG-15-10p0.cnf.hgr,no,no,6,4,0.03,0.0282182,59.8631,cut,12685,12683,no
rKaHyPar,sat14_UCG-15-10p0.cnf.hgr,no,no,7,4,0.03,0.0288604,41.8244,cut,12851,12830,no
rKaHyPar,sat14_UCG-15-10p0.cnf.hgr,no,no,8,4,0.03,0.0224983,64.8286,cut,12798,12759,no
rKaHyPar,sat14_UCG-15-10p0.cnf.hgr,no,no,9,4,0.03,0.0271946,71.3158,cut,12564,12508,no
rKaHyPar,sat14_UCG-15-10p0.cnf.hgr,no,no,0,64,0.03,0.0298603,56.6252,cut,47071,45603,no
rKaHyPar,sat14_UCG-15-10p0.cnf.hgr,no,no,1,64,0.03,0.0298603,56.2128,cut,47003,45671,no
rKaHyPar,sat14_UCG-15-10p0.cnf.hgr,no,no,2,64,0.03,0.0298603,74.9975,cut,46335,44917,no
rKaHyPar,sat14_UCG-15-10p0.cnf.hgr,no,no,3,64,0.03,0.0298603,78.2407,cut,46646,45057,no
rKaHyPar,sat14_UCG-15-10p0.cnf.hgr,no,no,4,64,0.03,0.0298603,55.0912,cut,46210,44720,no
rKaHyPar,sat14_UCG-15-10p0.cnf.hgr,no,no,5,64,0.03,0.0298603,74.379,cut,46096,44638,no
rKaHyPar,sat14_UCG-15-10p0.cnf.hgr,no,no,6,64,0.03,0.0298603,56.1458,cut,46398,44975,no
rKaHyPar,sat14_UCG-15-10p0.cnf.hgr,no,no,7,64,0.03,0.0298603,56.3765,cut,46270,44809,no
rKaHyPar,sat14_UCG-15-10p0.cnf.hgr,no,no,8,64,0.03,0.0298603,56.2189,cut,46921,45262,no
rKaHyPar,sat14_UCG-15-10p0.cnf.hgr,no,no,9,64,0.03,0.0298603,75.8713,cut,46656,45080,no
rKaHyPar,sat14_UCG-15-10p0.cnf.hgr,no,no,0,8,0.03,0.0265725,74.5498,cut,19144,19141,no
rKaHyPar,sat14_UCG-15-10p0.cnf.hgr,no,no,1,8,0.03,0.0294023,58.1822,cut,19167,19139,no
rKaHyPar,sat14_UCG-15-10p0.cnf.hgr,no,no,2,8,0.03,0.0299643,118.597,cut,19210,19140,no
rKaHyPar,sat14_UCG-15-10p0.cnf.hgr,no,no,3,8,0.03,0.0254486,53.6864,cut,19479,19381,no
rKaHyPar,sat14_UCG-15-10p0.cnf.hgr,no,no,4,8,0.03,0.0291013,53.41,cut,19080,18969,no
rKaHyPar,sat14_UCG-15-10p0.cnf.hgr,no,no,5,8,0.03,0.0256693,61.7453,cut,19309,19177,no
rKaHyPar,sat14_UCG-15-10p0.cnf.hgr,no,no,6,8,0.03,0.0179023,54.1111,cut,19287,19259,no
rKaHyPar,sat14_UCG-15-10p0.cnf.hgr,no,no,7,8,0.03,0.0266728,43.2171,cut,19106,19054,no
rKaHyPar,sat14_UCG-15-10p0.cnf.hgr,no,no,8,8,0.03,0.0270943,79.6769,cut,19457,19391,no
rKaHyPar,sat14_UCG-15-10p0.cnf.hgr,no,no,9,8,0.03,0.0240437,96.4557,cut,19277,19158,no
rKaHyPar,sat14_UCG-15-10p0.cnf.primal.hgr,no,no,0,128,0.03,0.029525,65.9851,cut,105011,102288,no
rKaHyPar,sat14_UCG-15-10p0.cnf.primal.hgr,no,no,2,128,0.03,0.029525,50.0249,cut,103211,100544,no
rKaHyPar,sat14_UCG-15-10p0.cnf.primal.hgr,no,no,3,128,0.03,0.029525,49.8843,cut,103188,100625,no
rKaHyPar,sat14_UCG-15-10p0.cnf.primal.hgr,no,no,4,128,0.03,0.029525,49.0329,cut,104353,101553,no
rKaHyPar,sat14_UCG-15-10p0.cnf.primal.hgr,no,no,5,128,0.03,0.029525,48.881,cut,103075,100704,no
rKaHyPar,sat14_UCG-15-10p0.cnf.primal.hgr,no,no,6,128,0.03,0.029525,49.877,cut,103948,101279,no
rKaHyPar,sat14_UCG-15-10p0.cnf.primal.hgr,no,no,7,128,0.03,0.029525,48.4488,cut,103769,101343,no
rKaHyPar,sat14_UCG-15-10p0.cnf.primal.hgr,no,no,8,128,0.03,0.029525,64.7815,cut,103821,101113,no
rKaHyPar,sat14_UCG-15-10p0.cnf.primal.hgr,no,no,9,128,0.03,0.029525,48.4692,cut,103420,100999,no
rKaHyPar,sat14_UCG-15-10p0.cnf.primal.hgr,no,no,0,16,0.03,0.0271333,39.439,cut,27773,27557,no
rKaHyPar,sat14_UCG-15-10p0.cnf.primal.hgr,no,no,1,16,0.03,0.0277755,36.4233,cut,28207,27977,no
rKaHyPar,sat14_UCG-15-10p0.cnf.primal.hgr,no,no,2,16,0.03,0.0272939,29.4245,cut,27474,27254,no
rKaHyPar,sat14_UCG-15-10p0.cnf.primal.hgr,no,no,3,16,0.03,0.0298627,46.8237,cut,28073,27797,no
rKaHyPar,sat14_UCG-15-10p0.cnf.primal.hgr,no,no,4,16,0.03,0.0273742,36.0527,cut,28466,28226,no
rKaHyPar,sat14_UCG-15-10p0.cnf.primal.hgr,no,no,5,16,0.03,0.0287389,40.0003,cut,27592,27332,no
rKaHyPar,sat14_UCG-15-10p0.cnf.primal.hgr,no,no,6,16,0.03,0.029943,30.1672,cut,28035,27775,no
rKaHyPar,sat14_UCG-15-10p0.cnf.primal.hgr,no,no,7,16,0.03,0.0295416,31.929,cut,27707,27495,no
rKaHyPar,sat14_UCG-15-10p0.cnf.primal.hgr,no,no,8,16,0.03,0.029943,34.9913,cut,27772,27556,no
rKaHyPar,sat14_UCG-15-10p0.cnf.primal.hgr,no,no,9,16,0.03,0.0282572,46.9129,cut,27962,27748,no
rKaHyPar,sat14_UCG-15-10p0.cnf.primal.hgr,no,no,0,2,0.03,0.0274656,38.6027,cut,4444,4444,no
rKaHyPar,sat14_UCG-15-10p0.cnf.primal.hgr,no,no,1,2,0.03,0.0284089,41.9374,cut,4774,4774,no
rKaHyPar,sat14_UCG-15-10p0.cnf.primal.hgr,no,no,2,2,0.03,0.0290712,45.9804,cut,5030,5030,no
rKaHyPar,sat14_UCG-15-10p0.cnf.primal.hgr,no,no,3,2,0.03,0.0274656,29.014,cut,4502,4502,no
rKaHyPar,sat14_UCG-15-10p0.cnf.primal.hgr,no,no,4,2,0.03,0.0273652,39.6881,cut,5317,5317,no
rKaHyPar,sat14_UCG-15-10p0.cnf.primal.hgr,no,no,5,2,0.03,0.0274656,42.5585,cut,4444,4444,no
rKaHyPar,sat14_UCG-15-10p0.cnf.primal.hgr,no,no,6,2,0.03,0.0294726,23.5011,cut,4771,4771,no
rKaHyPar,sat14_UCG-15-10p0.cnf.primal.hgr,no,no,7,2,0.03,0.0299944,33.9101,cut,4610,4610,no
rKaHyPar,sat14_UCG-15-10p0.cnf.primal.hgr,no,no,8,2,0.03,0.0263015,32.3501,cut,5284,5284,no
rKaHyPar,sat14_UCG-15-10p0.cnf.primal.hgr,no,no,9,2,0.03,0.0282182,23.2227,cut,5525,5525,no
rKaHyPar,sat14_UCG-15-10p0.cnf.primal.hgr,no,no,0,32,0.03,0.0298603,49.0857,cut,38473,38146,no
rKaHyPar,sat14_UCG-15-10p0.cnf.primal.hgr,no,no,1,32,0.03,0.0298603,49.8862,cut,39248,38749,no
rKaHyPar,sat14_UCG-15-10p0.cnf.primal.hgr,no,no,2,32,0.03,0.0298603,47.9348,cut,39676,39019,no
rKaHyPar,sat14_UCG-15-10p0.cnf.primal.hgr,no,no,3,32,0.03,0.0298603,35.289,cut,38257,37626,no
rKaHyPar,sat14_UCG-15-10p0.cnf.primal.hgr,no,no,4,32,0.03,0.0298603,34.6933,cut,38214,37520,no
rKaHyPar,sat14_UCG-15-10p0.cnf.primal.hgr,no,no,5,32,0.03,0.0298603,35.3562,cut,39478,38995,no
rKaHyPar,sat14_UCG-15-10p0.cnf.primal.hgr,no,no,6,32,0.03,0.0298603,35.258,cut,38642,38201,no
rKaHyPar,sat14_UCG-15-10p0.cnf.primal.hgr,no,no,7,32,0.03,0.0298603,35.0199,cut,39257,38545,no
rKaHyPar,sat14_UCG-15-10p0.cnf.primal.hgr,no,no,8,32,0.03,0.0298603,35.0742,cut,39546,39025,no
rKaHyPar,sat14_UCG-15-10p0.cnf.primal.hgr,no,no,9,32,0.03,0.0298603,47.4557,cut,38871,38471,no
rKaHyPar,sat14_UCG-15-10p0.cnf.primal.hgr,no,no,0,4,0.03,0.0255088,39.2863,cut,13462,13462,no
rKaHyPar,sat14_UCG-15-10p0.cnf.primal.hgr,no,no,1,4,0.03,0.0130855,39.2398,cut,13871,13851,no
rKaHyPar,sat14_UCG-15-10p0.cnf.primal.hgr,no,no,2,4,0.03,0.0269538,42.0453,cut,13590,13572,no
rKaHyPar,sat14_UCG-15-10p0.cnf.primal.hgr,no,no,3,4,0.03,0.021274,34.525,cut,13749,13731,no
rKaHyPar,sat14_UCG-15-10p0.cnf.primal.hgr,no,no,4,4,0.03,0.0158351,30.8879,cut,13549,13541,no
rKaHyPar,sat14_UCG-15-10p0.cnf.primal.hgr,no,no,5,4,0.03,0.0235419,38.2753,cut,13336,13336,no
rKaHyPar,sat14_UCG-15-10p0.cnf.primal.hgr,no,no,6,4,0.03,0.0239032,35.7324,cut,13102,13102,no
rKaHyPar,sat14_UCG-15-10p0.cnf.primal.hgr,no,no,7,4,0.03,0.014069,24.6033,cut,13602,13580,no
rKaHyPar,sat14_UCG-15-10p0.cnf.primal.hgr,no,no,8,4,0.03,0.0194677,46.5596,cut,13801,13632,no
rKaHyPar,sat14_UCG-15-10p0.cnf.primal.hgr,no,no,9,4,0.03,0.0284791,26.2006,cut,13290,13272,no
rKaHyPar,sat14_UCG-15-10p0.cnf.primal.hgr,no,no,0,64,0.03,0.0298555,40.6027,cut,59471,58217,no
rKaHyPar,sat14_UCG-15-10p0.cnf.primal.hgr,no,no,1,64,0.03,0.0298555,40.7673,cut,58673,57430,no
rKaHyPar,sat14_UCG-15-10p0.cnf.primal.hgr,no,no,2,64,0.03,0.0298555,55.4173,cut,59388,58233,no
rKaHyPar,sat14_UCG-15-10p0.cnf.primal.hgr,no,no,3,64,0.03,0.0298555,57.9422,cut,59383,58076,no
rKaHyPar,sat14_UCG-15-10p0.cnf.primal.hgr,no,no,4,64,0.03,0.0298555,40.953,cut,59728,58545,no
rKaHyPar,sat14_UCG-15-10p0.cnf.primal.hgr,no,no,5,64,0.03,0.0298555,54.5662,cut,58912,57513,no
rKaHyPar,sat14_UCG-15-10p0.cnf.primal.hgr,no,no,6,64,0.03,0.0298555,39.5064,cut,58251,56927,no
rKaHyPar,sat14_UCG-15-10p0.cnf.primal.hgr,no,no,7,64,0.03,0.0298555,54.8947,cut,58663,57352,no
rKaHyPar,sat14_UCG-15-10p0.cnf.primal.hgr,no,no,8,64,0.03,0.0298555,53.6787,cut,59245,57818,no
rKaHyPar,sat14_UCG-15-10p0.cnf.primal.hgr,no,no,9,64,0.03,0.0298555,54.5107,cut,59927,58577,no
rKaHyPar,sat14_UCG-15-10p0.cnf.primal.hgr,no,no,0,8,0.03,0.0260105,31.4415,cut,20710,20666,no
rKaHyPar,sat14_UCG-15-10p0.cnf.primal.hgr,no,no,1,8,0.03,0.0299843,51.5936,cut,20207,20155,no
rKaHyPar,sat14_UCG-15-10p0.cnf.primal.hgr,no,no,2,8,0.03,0.0174206,43.0522,cut,20605,20495,no
rKaHyPar,sat14_UCG-15-10p0.cnf.primal.hgr,no,no,3,8,0.03,0.0232007,41.5913,cut,20661,20635,no
rKaHyPar,sat14_UCG-15-10p0.cnf.primal.hgr,no,no,4,8,0.03,0.0295428,31.9537,cut,20981,20960,no
rKaHyPar,sat14_UCG-15-10p0.cnf.primal.hgr,no,no,5,8,0.03,0.0269739,42.6027,cut,20551,20535,no
rKaHyPar,sat14_UCG-15-10p0.cnf.primal.hgr,no,no,6,8,0.03,0.0257295,41.2946,cut,20716,20614,no
rKaHyPar,sat14_UCG-15-10p0.cnf.primal.hgr,no,no,7,8,0.03,0.0232409,29.1803,cut,20528,20460,no
rKaHyPar,sat14_UCG-15-10p0.cnf.primal.hgr,no,no,8,8,0.03,0.0230803,32.2296,cut,20467,20377,no
rKaHyPar,sat14_UCG-15-10p0.cnf.primal.hgr,no,no,9,8,0.03,0.0224782,52.5366,cut,20757,20683,no
rKaHyPar,sat14_UCG-15-10p1.cnf.dual.hgr,no,no,0,128,0.03,0.0269999,123.705,cut,49187,10567,no
rKaHyPar,sat14_UCG-15-10p1.cnf.dual.hgr,no,no,1,128,0.03,0.0275022,123.517,cut,45492,10340,no
rKaHyPar,sat14_UCG-15-10p1.cnf.dual.hgr,no,no,2,128,0.03,0.0296371,90.3994,cut,48105,10621,no
rKaHyPar,sat14_UCG-15-10p1.cnf.dual.hgr,no,no,3,128,0.03,0.0288836,89.5271,cut,50671,10567,no
rKaHyPar,sat14_UCG-15-10p1.cnf.dual.hgr,no,no,4,128,0.03,0.0292603,124.834,cut,48551,10689,no
rKaHyPar,sat14_UCG-15-10p1.cnf.dual.hgr,no,no,5,128,0.03,0.0298882,89.8028,cut,49369,10227,no
rKaHyPar,sat14_UCG-15-10p1.cnf.dual.hgr,no,no,6,128,0.03,0.0296371,89.1302,cut,50255,10271,no
rKaHyPar,sat14_UCG-15-10p1.cnf.dual.hgr,no,no,7,128,0.03,0.0285068,90.7447,cut,48054,10677,no
rKaHyPar,sat14_UCG-15-10p1.cnf.dual.hgr,no,no,8,128,0.03,0.028758,89.2175,cut,48197,10813,no
rKaHyPar,sat14_UCG-15-10p1.cnf.dual.hgr,no,no,9,128,0.03,0.0291347,89.9312,cut,48042,11027,no
rKaHyPar,sat14_UCG-15-10p1.cnf.dual.hgr,no,no,0,16,0.03,0.0296694,122.95,cut,12258,7132,no
rKaHyPar,sat14_UCG-15-10p1.cnf.dual.hgr,no,no,1,16,0.03,0.0276443,124.174,cut,12033,7126,no
rKaHyPar,sat14_UCG-15-10p1.cnf.dual.hgr,no,no,2,16,0.03,0.028288,75.5731,cut,11223,7135,no
rKaHyPar,sat14_UCG-15-10p1.cnf.dual.hgr,no,no,3,16,0.03,0.0288217,82.3242,cut,11377,7019,no
rKaHyPar,sat14_UCG-15-10p1.cnf.dual.hgr,no,no,4,16,0.03,0.0213337,78.2012,cut,12338,7136,no
rKaHyPar,sat14_UCG-15-10p1.cnf.dual.hgr,no,no,5,16,0.03,0.0242536,108.219,cut,11074,7079,no
rKaHyPar,sat14_UCG-15-10p1.cnf.dual.hgr,no,no,6,16,0.03,0.0233902,82.8194,cut,11219,7033,no
rKaHyPar,sat14_UCG-15-10p1.cnf.dual.hgr,no,no,7,16,0.03,0.0299363,110.359,cut,12270,7026,no
rKaHyPar,sat14_UCG-15-10p1.cnf.dual.hgr,no,no,8,16,0.03,0.0281153,82.9359,cut,11098,7064,no
rKaHyPar,sat14_UCG-15-10p1.cnf.dual.hgr,no,no,9,16,0.03,0.0298578,105.794,cut,11162,7061,no
rKaHyPar,sat14_UCG-15-10p1.cnf.dual.hgr,no,no,0,2,0.03,0.0298247,61.0535,cut,792,792,no
rKaHyPar,sat14_UCG-15-10p1.cnf.dual.hgr,no,no,1,2,0.03,0.0270697,54.6969,cut,840,840,no
rKaHyPar,sat14_UCG-15-10p1.cnf.dual.hgr,no,no,2,2,0.03,0.0294166,78.5937,cut,789,789,no
rKaHyPar,sat14_UCG-15-10p1.cnf.dual.hgr,no,no,3,2,0.03,0.0292772,52.4926,cut,813,813,no
rKaHyPar,sat14_UCG-15-10p1.cnf.dual.hgr,no,no,4,2,0.03,0.0292243,49.9988,cut,830,830,no
rKaHyPar,sat14_UCG-15-10p1.cnf.dual.hgr,no,no,5,2,0.03,0.02851,65.9459,cut,757,757,no
rKaHyPar,sat14_UCG-15-10p1.cnf.dual.hgr,no,no,6,2,0.03,0.0276642,49.5038,cut,866,866,no
rKaHyPar,sat14_UCG-15-10p1.cnf.dual.hgr,no,no,7,2,0.03,0.0298973,56.3345,cut,755,755,no
rKaHyPar,sat14_UCG-15-10p1.cnf.dual.hgr,no,no,8,2,0.03,0.0279939,60.7372,cut,790,790,no
rKaHyPar,sat14_UCG-15-10p1.cnf.dual.hgr,no,no,9,2,0.03,0.0297874,76.9203,cut,786,786,no
rKaHyPar,sat14_UCG-15-10p1.cnf.dual.hgr,no,no,0,32,0.03,0.0238611,78.9344,cut,19838,9005,no
rKaHyPar,sat14_UCG-15-10p1.cnf.dual.hgr,no,no,1,32,0.03,0.0240809,110.962,cut,19625,9309,no
rKaHyPar,sat14_UCG-15-10p1.cnf.dual.hgr,no,no,2,32,0.03,0.0294496,108.943,cut,20629,9233,no
rKaHyPar,sat14_UCG-15-10p1.cnf.dual.hgr,no,no,3,32,0.03,0.0298264,81.2829,cut,19943,9547,no
rKaHyPar,sat14_UCG-15-10p1.cnf.dual.hgr,no,no,4,32,0.03,0.0254623,76.8245,cut,20801,9259,no
rKaHyPar,sat14_UCG-15-10p1.cnf.dual.hgr,no,no,5,32,0.03,0.0294496,79.4721,cut,19055,9383,no
rKaHyPar,sat14_UCG-15-10p1.cnf.dual.hgr,no,no,6,32,0.03,0.0259333,114.381,cut,19015,9133,no
rKaHyPar,sat14_UCG-15-10p1.cnf.dual.hgr,no,no,7,32,0.03,0.0299206,81.867,cut,19835,9226,no
rKaHyPar,sat14_UCG-15-10p1.cnf.dual.hgr,no,no,8,32,0.03,0.0269065,80.0229,cut,20330,9105,no
rKaHyPar,sat14_UCG-15-10p1.cnf.dual.hgr,no,no,9,32,0.03,0.0274717,109.264,cut,19013,9062,no
rKaHyPar,sat14_UCG-15-10p1.cnf.dual.hgr,no,no,0,4,0.03,0.0295009,63.6547,cut,2634,1994,no
rKaHyPar,sat14_UCG-15-10p1.cnf.dual.hgr,no,no,1,4,0.03,0.0143207,59.279,cut,2289,2007,no
rKaHyPar,sat14_UCG-15-10p1.cnf.dual.hgr,no,no,2,4,0.03,0.0206039,105.769,cut,2423,2022,no
rKaHyPar,sat14_UCG-15-10p1.cnf.dual.hgr,no,no,3,4,0.03,0.0241282,57.3023,cut,2340,2004,no
rKaHyPar,sat14_UCG-15-10p1.cnf.dual.hgr,no,no,4,4,0.03,0.023253,64.8459,cut,2737,2031,no
rKaHyPar,sat14_UCG-15-10p1.cnf.dual.hgr,no,no,5,4,0.03,0.028508,75.2368,cut,2636,2017,no
rKaHyPar,sat14_UCG-15-10p1.cnf.dual.hgr,no,no,6,4,0.03,0.0147642,70.019,cut,2291,2038,no
rKaHyPar,sat14_UCG-15-10p1.cnf.dual.hgr,no,no,7,4,0.03,0.0142618,59.0899,cut,2250,1977,no
rKaHyPar,sat14_UCG-15-10p1.cnf.dual.hgr,no,no,8,4,0.03,0.0285394,65.1011,cut,2295,2004,no
rKaHyPar,sat14_UCG-15-10p1.cnf.dual.hgr,no,no,9,4,0.03,0.0261415,63.6983,cut,2530,1982,no
rKaHyPar,sat14_UCG-15-10p1.cnf.dual.hgr,no,no,0,64,0.03,0.0214743,84.3805,cut,31420,9889,no
rKaHyPar,sat14_UCG-15-10p1.cnf.dual.hgr,no,no,1,64,0.03,0.0298254,85.3904,cut,31486,10180,no
rKaHyPar,sat14_UCG-15-10p1.cnf.dual.hgr,no,no,2,64,0.03,0.0257441,82.0203,cut,31772,9614,no
rKaHyPar,sat14_UCG-15-10p1.cnf.dual.hgr,no,no,3,64,0.03,0.0269999,113.575,cut,34613,9422,no
rKaHyPar,sat14_UCG-15-10p1.cnf.dual.hgr,no,no,4,64,0.03,0.0231697,83.718,cut,31925,9821,no
rKaHyPar,sat14_UCG-15-10p1.cnf.dual.hgr,no,no,5,64,0.03,0.0229185,85.0428,cut,33377,9910,no
rKaHyPar,sat14_UCG-15-10p1.cnf.dual.hgr,no,no,6,64,0.03,0.0262464,83.3134,cut,29528,9839,no
rKaHyPar,sat14_UCG-15-10p1.cnf.dual.hgr,no,no,7,64,0.03,0.0295115,87.2095,cut,31956,10364,no
rKaHyPar,sat14_UCG-15-10p1.cnf.dual.hgr,no,no,8,64,0.03,0.0266231,84.3166,cut,32630,9864,no
rKaHyPar,sat14_UCG-15-10p1.cnf.dual.hgr,no,no,9,64,0.03,0.0273138,118.027,cut,29805,10345,no
rKaHyPar,sat14_UCG-15-10p1.cnf.dual.hgr,no,no,0,8,0.03,0.018155,71.8367,cut,5580,4261,no
rKaHyPar,sat14_UCG-15-10p1.cnf.dual.hgr,no,no,1,8,0.03,0.0263966,91.0811,cut,5435,4292,no
rKaHyPar,sat14_UCG-15-10p1.cnf.dual.hgr,no,no,2,8,0.03,0.0279821,110.685,cut,5722,4275,no
rKaHyPar,sat14_UCG-15-10p1.cnf.dual.hgr,no,no,3,8,0.03,0.0290339,71.6502,cut,5688,4145,no
rKaHyPar,sat14_UCG-15-10p1.cnf.dual.hgr,no,no,4,8,0.03,0.0294577,69.033,cut,5660,4148,no
rKaHyPar,sat14_UCG-15-10p1.cnf.dual.hgr,no,no,5,8,0.03,0.0294342,70.0259,cut,5689,4291,no
rKaHyPar,sat14_UCG-15-10p1.cnf.dual.hgr,no,no,6,8,0.03,0.0264593,85.8445,cut,5951,4182,no
rKaHyPar,sat14_UCG-15-10p1.cnf.dual.hgr,no,no,7,8,0.03,0.0270088,88.1177,cut,5343,4186,no
rKaHyPar,sat14_UCG-15-10p1.cnf.dual.hgr,no,no,8,8,0.03,0.0295754,91.0641,cut,5597,4167,no
rKaHyPar,sat14_UCG-15-10p1.cnf.dual.hgr,no,no,9,8,0.03,0.029701,92.924,cut,5375,4182,no
rKaHyPar,sat14_UCG-15-10p1.cnf.hgr,no,no,0,128,0.03,0.0297505,91.9296,cut,76535,72925,no
rKaHyPar,sat14_UCG-15-10p1.cnf.hgr,no,no,1,128,0.03,0.0297505,89.9803,cut,76018,72514,no
rKaHyPar,sat14_UCG-15-10p1.cnf.hgr,no,no,2,128,0.03,0.0297505,66.7863,cut,76333,72885,no
rKaHyPar,sat14_UCG-15-10p1.cnf.hgr,no,no,3,128,0.03,0.0297505,64.9723,cut,76441,73034,no
rKaHyPar,sat14_UCG-15-10p1.cnf.hgr,no,no,4,128,0.03,0.0297505,90.3696,cut,76486,73170,no
rKaHyPar,sat14_UCG-15-10p1.cnf.hgr,no,no,5,128,0.03,0.0297505,66.6251,cut,76058,72744,no
rKaHyPar,sat14_UCG-15-10p1.cnf.hgr,no,no,6,128,0.03,0.0297505,66.3468,cut,75508,71469,no
rKaHyPar,sat14_UCG-15-10p1.cnf.hgr,no,no,7,128,0.03,0.0297505,68.2786,cut,74326,71153,no
rKaHyPar,sat14_UCG-15-10p1.cnf.hgr,no,no,8,128,0.03,0.0297505,88.4459,cut,75902,72117,no
rKaHyPar,sat14_UCG-15-10p1.cnf.hgr,no,no,9,128,0.03,0.0297505,68.187,cut,76296,72760,no
rKaHyPar,sat14_UCG-15-10p1.cnf.hgr,no,no,0,16,0.03,0.026039,57.1938,cut,24541,24385,no
rKaHyPar,sat14_UCG-15-10p1.cnf.hgr,no,no,1,16,0.03,0.0288388,65.9993,cut,24732,24576,no
rKaHyPar,sat14_UCG-15-10p1.cnf.hgr,no,no,2,16,0.03,0.025839,41.5838,cut,24824,24662,no
rKaHyPar,sat14_UCG-15-10p1.cnf.hgr,no,no,3,16,0.03,0.0299588,55.3916,cut,25099,24833,no
rKaHyPar,sat14_UCG-15-10p1.cnf.hgr,no,no,4,16,0.03,0.0263989,40.7601,cut,24479,24194,no
rKaHyPar,sat14_UCG-15-10p1.cnf.hgr,no,no,5,16,0.03,0.0289188,69.3628,cut,24697,24531,no
rKaHyPar,sat14_UCG-15-10p1.cnf.hgr,no,no,6,16,0.03,0.024239,50.9211,cut,24913,24655,no
rKaHyPar,sat14_UCG-15-10p1.cnf.hgr,no,no,7,16,0.03,0.023999,55.9128,cut,24903,24692,no
rKaHyPar,sat14_UCG-15-10p1.cnf.hgr,no,no,8,16,0.03,0.0299988,42.5607,cut,24523,24248,no
rKaHyPar,sat14_UCG-15-10p1.cnf.hgr,no,no,9,16,0.03,0.0299588,59.4644,cut,25013,24716,no
rKaHyPar,sat14_UCG-15-10p1.cnf.hgr,no,no,0,2,0.03,0.0299146,81.3443,cut,4237,4237,no
rKaHyPar,sat14_UCG-15-10p1.cnf.hgr,no,no,1,2,0.03,0.0299896,53.5097,cut,5112,5112,no
rKaHyPar,sat14_UCG-15-10p1.cnf.hgr,no,no,2,2,0.03,0.0292946,49.1776,cut,5730,5730,no
rKaHyPar,sat14_UCG-15-10p1.cnf.hgr,no,no,3,2,0.03,0.0259746,52.8416,cut,4434,4434,no
rKaHyPar,sat14_UCG-15-10p1.cnf.hgr,no,no,4,2,0.03,0.0293396,80.5942,cut,4236,4236,no
rKaHyPar,sat14_UCG-15-10p1.cnf.hgr,no,no,5,2,0.03,0.0293346,44.4574,cut,4524,4524,no
rKaHyPar,sat14_UCG-15-10p1.cnf.hgr,no,no,6,2,0.03,0.0276796,52.3906,cut,4740,4740,no
rKaHyPar,sat14_UCG-15-10p1.cnf.hgr,no,no,7,2,0.03,0.0293696,84.9494,cut,4236,4236,no
rKaHyPar,sat14_UCG-15-10p1.cnf.hgr,no,no,8,2,0.03,0.0292346,49.18,cut,5730,5730,no
rKaHyPar,sat14_UCG-15-10p1.cnf.hgr,no,no,9,2,0.03,0.0293446,69.9864,cut,4237,4237,no
rKaHyPar,sat14_UCG-15-10p1.cnf.hgr,no,no,0,32,0.03,0.0299976,50.5734,cut,33287,32807,no
rKaHyPar,sat14_UCG-15-10p1.cnf.hgr,no,no,1,32,0.03,0.0299976,65.7575,cut,33203,32594,no
rKaHyPar,sat14_UCG-15-10p1.cnf.hgr,no,no,2,32,0.03,0.0299976,64.4776,cut,32525,31813,no
rKaHyPar,sat14_UCG-15-10p1.cnf.hgr,no,no,3,32,0.03,0.0299976,47.5772,cut,33174,32230,no
rKaHyPar,sat14_UCG-15-10p1.cnf.hgr,no,no,4,32,0.03,0.0298376,48.9738,cut,33248,32627,no
rKaHyPar,sat14_UCG-15-10p1.cnf.hgr,no,no,5,32,0.03,0.0299976,49.5626,cut,33116,32470,no
rKaHyPar,sat14_UCG-15-10p1.cnf.hgr,no,no,6,32,0.03,0.0299976,66.6664,cut,32624,32303,no
rKaHyPar,sat14_UCG-15-10p1.cnf.hgr,no,no,7,32,0.03,0.0299976,49.9225,cut,32789,32116,no
rKaHyPar,sat14_UCG-15-10p1.cnf.hgr,no,no,8,32,0.03,0.0299976,49.5196,cut,32577,32201,no
rKaHyPar,sat14_UCG-15-10p1.cnf.hgr,no,no,9,32,0.03,0.0299176,69.9834,cut,33195,32447,no
rKaHyPar,sat14_UCG-15-10p1.cnf.hgr,no,no,0,4,0.03,0.0161097,74.8691,cut,13702,13678,no
rKaHyPar,sat14_UCG-15-10p1.cnf.hgr,no,no,1,4,0.03,0.0177396,73.7182,cut,13510,13484,no
rKaHyPar,sat14_UCG-15-10p1.cnf.hgr,no,no,2,4,0.03,0.0299994,87.6152,cut,12514,12484,no
rKaHyPar,sat14_UCG-15-10p1.cnf.hgr,no,no,3,4,0.03,0.0215296,43.07,cut,13492,13452,no
rKaHyPar,sat14_UCG-15-10p1.cnf.hgr,no,no,4,4,0.03,0.0295594,69.8992,cut,12374,12352,no
rKaHyPar,sat14_UCG-15-10p1.cnf.hgr,no,no,5,4,0.03,0.0299994,66.9993,cut,12966,12966,no
rKaHyPar,sat14_UCG-15-10p1.cnf.hgr,no,no,6,4,0.03,0.0250795,34.0727,cut,12978,12918,no
rKaHyPar,sat14_UCG-15-10p1.cnf.hgr,no,no,7,4,0.03,0.0266095,29.7946,cut,13596,13595,no
rKaHyPar,sat14_UCG-15-10p1.cnf.hgr,no,no,8,4,0.03,0.0206096,54.8011,cut,13814,13778,no
rKaHyPar,sat14_UCG-15-10p1.cnf.hgr,no,no,9,4,0.03,0.0247295,55.7982,cut,13633,13621,no
rKaHyPar,sat14_UCG-15-10p1.cnf.hgr,no,no,0,64,0.03,0.0297552,56.6181,cut,46755,45148,no
rKaHyPar,sat14_UCG-15-10p1.cnf.hgr,no,no,1,64,0.03,0.0299152,54.9791,cut,46251,44707,no
rKaHyPar,sat14_UCG-15-10p1.cnf.hgr,no,no,2,64,0.03,0.0299152,56.5666,cut,46891,45496,no
rKaHyPar,sat14_UCG-15-10p1.cnf.hgr,no,no,3,64,0.03,0.0299152,72.8842,cut,46483,44992,no
rKaHyPar,sat14_UCG-15-10p1.cnf.hgr,no,no,4,64,0.03,0.0299152,55.2175,cut,47663,45922,no
rKaHyPar,sat14_UCG-15-10p1.cnf.hgr,no,no,5,64,0.03,0.0299152,55.805,cut,47355,45597,no
rKaHyPar,sat14_UCG-15-10p1.cnf.hgr,no,no,6,64,0.03,0.0299152,56.638,cut,46868,44879,no
rKaHyPar,sat14_UCG-15-10p1.cnf.hgr,no,no,7,64,0.03,0.0299152,77.0951,cut,48037,46313,no
rKaHyPar,sat14_UCG-15-10p1.cnf.hgr,no,no,8,64,0.03,0.0299152,74.988,cut,47195,45631,no
rKaHyPar,sat14_UCG-15-10p1.cnf.hgr,no,no,9,64,0.03,0.0299152,74.6351,cut,46424,44887,no
rKaHyPar,sat14_UCG-15-10p1.cnf.hgr,no,no,0,8,0.03,0.0258195,38.7588,cut,19778,19580,no
rKaHyPar,sat14_UCG-15-10p1.cnf.hgr,no,no,1,8,0.03,0.0268195,70.4377,cut,19391,19337,no
rKaHyPar,sat14_UCG-15-10p1.cnf.hgr,no,no,2,8,0.03,0.0243195,64.203,cut,19673,19519,no
rKaHyPar,sat14_UCG-15-10p1.cnf.hgr,no,no,3,8,0.03,0.0272995,62.7629,cut,19527,19379,no
rKaHyPar,sat14_UCG-15-10p1.cnf.hgr,no,no,4,8,0.03,0.0279394,43.4707,cut,19098,19048,no
rKaHyPar,sat14_UCG-15-10p1.cnf.hgr,no,no,5,8,0.03,0.0282794,42.8867,cut,19751,19671,no
rKaHyPar,sat14_UCG-15-10p1.cnf.hgr,no,no,6,8,0.03,0.0299594,50.9303,cut,19411,19306,no
rKaHyPar,sat14_UCG-15-10p1.cnf.hgr,no,no,7,8,0.03,0.0281594,54.0963,cut,19334,19272,no
rKaHyPar,sat14_UCG-15-10p1.cnf.hgr,no,no,8,8,0.03,0.0247195,68.6162,cut,19627,19518,no
rKaHyPar,sat14_UCG-15-10p1.cnf.hgr,no,no,9,8,0.03,0.0185396,57.6623,cut,19509,19401,no
rKaHyPar,sat14_UCG-15-10p1.cnf.primal.hgr,no,no,0,128,0.03,0.0294306,70.4424,cut,104616,101927,no
rKaHyPar,sat14_UCG-15-10p1.cnf.primal.hgr,no,no,1,128,0.03,0.0294306,67.7255,cut,104143,101501,no
rKaHyPar,sat14_UCG-15-10p1.cnf.primal.hgr,no,no,2,128,0.03,0.0294306,50.0107,cut,105207,102737,no
rKaHyPar,sat14_UCG-15-10p1.cnf.primal.hgr,no,no,3,128,0.03,0.0294306,49.4213,cut,103853,101280,no
rKaHyPar,sat14_UCG-15-10p1.cnf.primal.hgr,no,no,4,128,0.03,0.0294306,68.8415,cut,104896,102032,no
rKaHyPar,sat14_UCG-15-10p1.cnf.primal.hgr,no,no,5,128,0.03,0.0294306,50.0582,cut,103633,100983,no
rKaHyPar,sat14_UCG-15-10p1.cnf.primal.hgr,no,no,6,128,0.03,0.0294306,49.8125,cut,104768,101948,no
rKaHyPar,sat14_UCG-15-10p1.cnf.primal.hgr,no,no,7,128,0.03,0.0294306,50.3355,cut,104331,101748,no
rKaHyPar,sat14_UCG-15-10p1.cnf.primal.hgr,no,no,8,128,0.03,0.0294306,50.537,cut,104098,101386,no
rKaHyPar,sat14_UCG-15-10p1.cnf.primal.hgr,no,no,9,128,0.03,0.0294306,49.3934,cut,103062,100586,no
rKaHyPar,sat14_UCG-15-10p1.cnf.primal.hgr,no,no,0,16,0.03,0.0299176,38.2351,cut,27380,27132,no
rKaHyPar,sat14_UCG-15-10p1.cnf.primal.hgr,no,no,1,16,0.03,0.0299976,42.1064,cut,28012,27714,no
rKaHyPar,sat14_UCG-15-10p1.cnf.primal.hgr,no,no,2,16,0.03,0.0235181,30.5416,cut,28280,27892,no
rKaHyPar,sat14_UCG-15-10p1.cnf.primal.hgr,no,no,3,16,0.03,0.0299976,31.2463,cut,27808,27642,no
rKaHyPar,sat14_UCG-15-10p1.cnf.primal.hgr,no,no,4,16,0.03,0.0299976,37.9319,cut,27913,27796,no
rKaHyPar,sat14_UCG-15-10p1.cnf.primal.hgr,no,no,5,16,0.03,0.0259179,42.27,cut,27845,27578,no
rKaHyPar,sat14_UCG-15-10p1.cnf.primal.hgr,no,no,6,16,0.03,0.0281577,31.8785,cut,28099,28008,no
rKaHyPar,sat14_UCG-15-10p1.cnf.primal.hgr,no,no,7,16,0.03,0.0299976,51.5162,cut,27775,27696,no
rKaHyPar,sat14_UCG-15-10p1.cnf.primal.hgr,no,no,8,16,0.03,0.0298376,32.6488,cut,28168,27997,no
rKaHyPar,sat14_UCG-15-10p1.cnf.primal.hgr,no,no,9,16,0.03,0.0299176,33.5291,cut,28577,28411,no
rKaHyPar,sat14_UCG-15-10p1.cnf.primal.hgr,no,no,0,2,0.03,0.0276294,30.5519,cut,5364,5364,no
rKaHyPar,sat14_UCG-15-10p1.cnf.primal.hgr,no,no,1,2,0.03,0.0291794,26.8107,cut,4880,4880,no
rKaHyPar,sat14_UCG-15-10p1.cnf.primal.hgr,no,no,2,2,0.03,0.0276294,39.1432,cut,5364,5364,no
rKaHyPar,sat14_UCG-15-10p1.cnf.primal.hgr,no,no,3,2,0.03,0.0276294,21.8382,cut,5436,5436,no
rKaHyPar,sat14_UCG-15-10p1.cnf.primal.hgr,no,no,4,2,0.03,0.0247495,31.3246,cut,5260,5260,no
rKaHyPar,sat14_UCG-15-10p1.cnf.primal.hgr,no,no,5,2,0.03,0.0289994,25.7285,cut,5648,5648,no
rKaHyPar,sat14_UCG-15-10p1.cnf.primal.hgr,no,no,6,2,0.03,0.0299994,42.3817,cut,4726,4726,no
rKaHyPar,sat14_UCG-15-10p1.cnf.primal.hgr,no,no,7,2,0.03,0.0299994,42.5788,cut,4720,4720,no
rKaHyPar,sat14_UCG-15-10p1.cnf.primal.hgr,no,no,8,2,0.03,0.0292394,46.8308,cut,5298,5298,no
rKaHyPar,sat14_UCG-15-10p1.cnf.primal.hgr,no,no,9,2,0.03,0.0291794,28.8748,cut,4880,4880,no
rKaHyPar,sat14_UCG-15-10p1.cnf.primal.hgr,no,no,0,32,0.03,0.0299152,38.0347,cut,39332,38871,no
rKaHyPar,sat14_UCG-15-10p1.cnf.primal.hgr,no,no,1,32,0.03,0.0299152,50.244,cut,39063,38646,no
rKaHyPar,sat14_UCG-15-10p1.cnf.primal.hgr,no,no,2,32,0.03,0.0299152,35.1142,cut,39425,38921,no
rKaHyPar,sat14_UCG-15-10p1.cnf.primal.hgr,no,no,3,32,0.03,0.0299152,37.5404,cut,38881,38396,no
rKaHyPar,sat14_UCG-15-10p1.cnf.primal.hgr,no,no,4,32,0.03,0.0299152,35.9373,cut,39049,38523,no
rKaHyPar,sat14_UCG-15-10p1.cnf.primal.hgr,no,no,5,32,0.03,0.0299152,51.0659,cut,40374,39771,no
rKaHyPar,sat14_UCG-15-10p1.cnf.primal.hgr,no,no,6,32,0.03,0.0299152,48.8752,cut,39352,38826,no
rKaHyPar,sat14_UCG-15-10p1.cnf.primal.hgr,no,no,7,32,0.03,0.0299152,36.4159,cut,38671,38386,no
rKaHyPar,sat14_UCG-15-10p1.cnf.primal.hgr,no,no,8,32,0.03,0.0299152,37.2129,cut,39991,39506,no
rKaHyPar,sat14_UCG-15-10p1.cnf.primal.hgr,no,no,9,32,0.03,0.0299152,49.6439,cut,39677,39045,no
rKaHyPar,sat14_UCG-15-10p1.cnf.primal.hgr,no,no,0,4,0.03,0.0153397,31.8675,cut,14398,14380,no
rKaHyPar,sat14_UCG-15-10p1.cnf.primal.hgr,no,no,1,4,0.03,0.0236795,29.7982,cut,14211,14211,no
rKaHyPar,sat14_UCG-15-10p1.cnf.primal.hgr,no,no,2,4,0.03,0.0263995,29.1025,cut,14412,14398,no
rKaHyPar,sat14_UCG-15-10p1.cnf.primal.hgr,no,no,3,4,0.03,0.0181996,25.46,cut,14292,14292,no
rKaHyPar,sat14_UCG-15-10p1.cnf.primal.hgr,no,no,4,4,0.03,0.0254995,32.2431,cut,13963,13960,no
rKaHyPar,sat14_UCG-15-10p1.cnf.primal.hgr,no,no,5,4,0.03,0.0278794,30.7423,cut,14032,14032,no
rKaHyPar,sat14_UCG-15-10p1.cnf.primal.hgr,no,no,6,4,0.03,0.0197396,48.8574,cut,13985,13966,no
rKaHyPar,sat14_UCG-15-10p1.cnf.primal.hgr,no,no,7,4,0.03,0.0170197,30.5102,cut,14094,14094,no
rKaHyPar,sat14_UCG-15-10p1.cnf.primal.hgr,no,no,8,4,0.03,0.0191196,36.6773,cut,14344,14322,no
rKaHyPar,sat14_UCG-15-10p1.cnf.primal.hgr,no,no,9,4,0.03,0.0223996,31.0693,cut,13984,13964,no
rKaHyPar,sat14_UCG-15-10p1.cnf.primal.hgr,no,no,0,64,0.03,0.0297505,43.2993,cut,59582,58120,no
rKaHyPar,sat14_UCG-15-10p1.cnf.primal.hgr,no,no,1,64,0.03,0.0297505,41.6624,cut,60427,59158,no
rKaHyPar,sat14_UCG-15-10p1.cnf.primal.hgr,no,no,2,64,0.03,0.0297505,40.578,cut,59872,58638,no
rKaHyPar,sat14_UCG-15-10p1.cnf.primal.hgr,no,no,3,64,0.03,0.0297505,54.9194,cut,59110,57754,no
rKaHyPar,sat14_UCG-15-10p1.cnf.primal.hgr,no,no,4,64,0.03,0.0297505,58.3046,cut,60247,58980,no
rKaHyPar,sat14_UCG-15-10p1.cnf.primal.hgr,no,no,5,64,0.03,0.0297505,41.9609,cut,60093,58732,no
rKaHyPar,sat14_UCG-15-10p1.cnf.primal.hgr,no,no,6,64,0.03,0.0297505,42.3991,cut,60205,59026,no
rKaHyPar,sat14_UCG-15-10p1.cnf.primal.hgr,no,no,7,64,0.03,0.0297505,40.4861,cut,59432,58202,no
rKaHyPar,sat14_UCG-15-10p1.cnf.primal.hgr,no,no,8,64,0.03,0.0297505,42.5065,cut,60817,59651,no
rKaHyPar,sat14_UCG-15-10p1.cnf.primal.hgr,no,no,9,64,0.03,0.0297505,54.6665,cut,58986,57698,no
rKaHyPar,sat14_UCG-15-10p1.cnf.primal.hgr,no,no,0,8,0.03,0.0177593,30.7247,cut,20852,20720,no
rKaHyPar,sat14_UCG-15-10p1.cnf.primal.hgr,no,no,1,8,0.03,0.0229991,39.5276,cut,21198,21128,no
rKaHyPar,sat14_UCG-15-10p1.cnf.primal.hgr,no,no,2,8,0.03,0.0225591,50.1884,cut,21177,21148,no
rKaHyPar,sat14_UCG-15-10p1.cnf.primal.hgr,no,no,3,8,0.03,0.0285589,27.2881,cut,20830,20776,no
rKaHyPar,sat14_UCG-15-10p1.cnf.primal.hgr,no,no,4,8,0.03,0.0277589,55.9316,cut,21216,21156,no
rKaHyPar,sat14_UCG-15-10p1.cnf.primal.hgr,no,no,5,8,0.03,0.0275589,27.8089,cut,20755,20638,no
rKaHyPar,sat14_UCG-15-10p1.cnf.primal.hgr,no,no,6,8,0.03,0.0299988,37.3536,cut,21182,21110,no
rKaHyPar,sat14_UCG-15-10p1.cnf.primal.hgr,no,no,7,8,0.03,0.0279589,60.4183,cut,21254,21178,no
rKaHyPar,sat14_UCG-15-10p1.cnf.primal.hgr,no,no,8,8,0.03,0.0279189,52.5942,cut,20971,20900,no
rKaHyPar,sat14_UCG-15-10p1.cnf.primal.hgr,no,no,9,8,0.03,0.0295588,46.2626,cut,21350,21342,no
rKaHyPar,sat14_UCG-20-5p0.cnf.dual.hgr,no,no,0,128,0.03,0.0298828,150.954,cut,58733,11452,no
rKaHyPar,sat14_UCG-20-5p0.cnf.dual.hgr,no,no,1,128,0.03,0.0291304,151.921,cut,59774,10906,no
rKaHyPar,sat14_UCG-20-5p0.cnf.dual.hgr,no,no,2,128,0.03,0.0293454,109.248,cut,58826,11482,no
rKaHyPar,sat14_UCG-20-5p0.cnf.dual.hgr,no,no,3,128,0.03,0.0289154,110.925,cut,56652,11507,no
rKaHyPar,sat14_UCG-20-5p0.cnf.dual.hgr,no,no,4,128,0.03,0.0297753,152.18,cut,57503,11208,no
rKaHyPar,sat14_UCG-20-5p0.cnf.dual.hgr,no,no,5,128,0.03,0.0291304,110.286,cut,55788,11794,no
rKaHyPar,sat14_UCG-20-5p0.cnf.dual.hgr,no,no,6,128,0.03,0.0296678,110.205,cut,54785,11339,no
rKaHyPar,sat14_UCG-20-5p0.cnf.dual.hgr,no,no,7,128,0.03,0.0285929,111.552,cut,57274,11647,no
rKaHyPar,sat14_UCG-20-5p0.cnf.dual.hgr,no,no,8,128,0.03,0.0296678,151.119,cut,59420,11717,no
rKaHyPar,sat14_UCG-20-5p0.cnf.dual.hgr,no,no,9,128,0.03,0.0296678,111.34,cut,56734,11766,no
rKaHyPar,sat14_UCG-20-5p0.cnf.dual.hgr,no,no,0,16,0.03,0.0293209,94.1263,cut,14453,7794,no
rKaHyPar,sat14_UCG-20-5p0.cnf.dual.hgr,no,no,1,16,0.03,0.0299659,128.955,cut,14649,7880,no
rKaHyPar,sat14_UCG-20-5p0.cnf.dual.hgr,no,no,2,16,0.03,0.0217286,97.6117,cut,13370,7852,no
rKaHyPar,sat14_UCG-20-5p0.cnf.dual.hgr,no,no,3,16,0.03,0.0293209,96.8991,cut,14192,8018,no
rKaHyPar,sat14_UCG-20-5p0.cnf.dual.hgr,no,no,4,16,0.03,0.0276546,92.3758,cut,13679,7902,no
rKaHyPar,sat14_UCG-20-5p0.cnf.dual.hgr,no,no,5,16,0.03,0.0213255,139.396,cut,12595,7959,no
rKaHyPar,sat14_UCG-20-5p0.cnf.dual.hgr,no,no,6,16,0.03,0.027144,108.459,cut,14392,7767,no
rKaHyPar,sat14_UCG-20-5p0.cnf.dual.hgr,no,no,7,16,0.03,0.0285952,138.005,cut,15334,7849,no
rKaHyPar,sat14_UCG-20-5p0.cnf.dual.hgr,no,no,8,16,0.03,0.0270365,102.264,cut,14790,7776,no
rKaHyPar,sat14_UCG-20-5p0.cnf.dual.hgr,no,no,9,16,0.03,0.0289849,94.9466,cut,14604,7970,no
rKaHyPar,sat14_UCG-20-5p0.cnf.dual.hgr,no,no,0,2,0.03,0.0148235,77.9077,cut,1018,1018,no
rKaHyPar,sat14_UCG-20-5p0.cnf.dual.hgr,no,no,1,2,0.03,0.0148269,79.4845,cut,1018,1018,no
rKaHyPar,sat14_UCG-20-5p0.cnf.dual.hgr,no,no,2,2,0.03,0.0148235,120.513,cut,1018,1018,no
rKaHyPar,sat14_UCG-20-5p0.cnf.dual.hgr,no,no,3,2,0.03,0.0148269,88.0135,cut,1018,1018,no
rKaHyPar,sat14_UCG-20-5p0.cnf.dual.hgr,no,no,4,2,0.03,0.0148235,115.852,cut,1018,1018,no
rKaHyPar,sat14_UCG-20-5p0.cnf.dual.hgr,no,no,5,2,0.03,0.015361,93.629,cut,1018,1018,no
rKaHyPar,sat14_UCG-20-5p0.cnf.dual.hgr,no,no,6,2,0.03,0.0148252,86.1491,cut,1018,1018,no
rKaHyPar,sat14_UCG-20-5p0.cnf.dual.hgr,no,no,7,2,0.03,0.0148235,84.3237,cut,1018,1018,no
rKaHyPar,sat14_UCG-20-5p0.cnf.dual.hgr,no,no,8,2,0.03,0.0294018,245.589,cut,1264,1264,no
rKaHyPar,sat14_UCG-20-5p0.cnf.dual.hgr,no,no,9,2,0.03,0.015361,100.554,cut,1018,1018,no
rKaHyPar,sat14_UCG-20-5p0.cnf.dual.hgr,no,no,0,32,0.03,0.0293209,94.7298,cut,22648,9812,no
rKaHyPar,sat14_UCG-20-5p0.cnf.dual.hgr,no,no,1,32,0.03,0.0263646,133.464,cut,24118,9714,no
rKaHyPar,sat14_UCG-20-5p0.cnf.dual.hgr,no,no,2,32,0.03,0.0252358,95.9015,cut,24408,9781,no
rKaHyPar,sat14_UCG-20-5p0.cnf.dual.hgr,no,no,3,32,0.03,0.0258271,93.1399,cut,24901,9377,no
rKaHyPar,sat14_UCG-20-5p0.cnf.dual.hgr,no,no,4,32,0.03,0.0296434,93.2078,cut,22842,9717,no
rKaHyPar,sat14_UCG-20-5p0.cnf.dual.hgr,no,no,5,32,0.03,0.029939,136.103,cut,23848,9699,no
rKaHyPar,sat14_UCG-20-5p0.cnf.dual.hgr,no,no,6,32,0.03,0.0276277,133.834,cut,22802,10110,no
rKaHyPar,sat14_UCG-20-5p0.cnf.dual.hgr,no,no,7,32,0.03,0.0295896,97.9283,cut,23695,10092,no
rKaHyPar,sat14_UCG-20-5p0.cnf.dual.hgr,no,no,8,32,0.03,0.0278696,96.4015,cut,22795,9715,no
rKaHyPar,sat14_UCG-20-5p0.cnf.dual.hgr,no,no,9,32,0.03,0.0274127,133.873,cut,25814,9447,no
rKaHyPar,sat14_UCG-20-5p0.cnf.dual.hgr,no,no,0,4,0.03,0.0261398,118.252,cut,3615,2851,no
rKaHyPar,sat14_UCG-20-5p0.cnf.dual.hgr,no,no,1,4,0.03,0.0287904,81.5281,cut,3589,2897,no
rKaHyPar,sat14_UCG-20-5p0.cnf.dual.hgr,no,no,2,4,0.03,0.0251924,86.627,cut,3791,3012,no
rKaHyPar,sat14_UCG-20-5p0.cnf.dual.hgr,no,no,3,4,0.03,0.0250547,87.423,cut,3830,3024,no
rKaHyPar,sat14_UCG-20-5p0.cnf.dual.hgr,no,no,4,4,0.03,0.0292473,124.034,cut,3235,2847,no
rKaHyPar,sat14_UCG-20-5p0.cnf.dual.hgr,no,no,5,4,0.03,0.0261028,111.692,cut,3953,2934,no
rKaHyPar,sat14_UCG-20-5p0.cnf.dual.hgr,no,no,6,4,0.03,0.0296672,141.366,cut,3384,2921,no
rKaHyPar,sat14_UCG-20-5p0.cnf.dual.hgr,no,no,7,4,0.03,0.0240132,84.4208,cut,3473,2897,no
rKaHyPar,sat14_UCG-20-5p0.cnf.dual.hgr,no,no,8,4,0.03,0.0298553,76.9299,cut,3767,2886,no
rKaHyPar,sat14_UCG-20-5p0.cnf.dual.hgr,no,no,9,4,0.03,0.029778,87.5463,cut,3600,2880,no
rKaHyPar,sat14_UCG-20-5p0.cnf.dual.hgr,no,no,0,64,0.03,0.0225208,103.327,cut,37802,10650,no
rKaHyPar,sat14_UCG-20-5p0.cnf.dual.hgr,no,no,1,64,0.03,0.0296694,102.925,cut,39903,10560,no
rKaHyPar,sat14_UCG-20-5p0.cnf.dual.hgr,no,no,2,64,0.03,0.0263908,103.734,cut,36579,10790,no
rKaHyPar,sat14_UCG-20-5p0.cnf.dual.hgr,no,no,3,64,0.03,0.0275195,140.941,cut,36737,10885,no
rKaHyPar,sat14_UCG-20-5p0.cnf.dual.hgr,no,no,4,64,0.03,0.028057,139.223,cut,34225,10463,no
rKaHyPar,sat14_UCG-20-5p0.cnf.dual.hgr,no,no,5,64,0.03,0.0288632,103.375,cut,37118,10987,no
rKaHyPar,sat14_UCG-20-5p0.cnf.dual.hgr,no,no,6,64,0.03,0.0283257,102.646,cut,36960,10714,no
rKaHyPar,sat14_UCG-20-5p0.cnf.dual.hgr,no,no,7,64,0.03,0.028272,140.511,cut,38006,10748,no
rKaHyPar,sat14_UCG-20-5p0.cnf.dual.hgr,no,no,8,64,0.03,0.025692,141.115,cut,38776,10711,no
rKaHyPar,sat14_UCG-20-5p0.cnf.dual.hgr,no,no,9,64,0.03,0.0297232,141.312,cut,35099,10675,no
rKaHyPar,sat14_UCG-20-5p0.cnf.dual.hgr,no,no,0,8,0.03,0.0239997,77.9765,cut,7533,4995,no
rKaHyPar,sat14_UCG-20-5p0.cnf.dual.hgr,no,no,1,8,0.03,0.0297914,95.8408,cut,6930,5070,no
rKaHyPar,sat14_UCG-20-5p0.cnf.dual.hgr,no,no,2,8,0.03,0.0298384,176.534,cut,7544,4894,no
rKaHyPar,sat14_UCG-20-5p0.cnf.dual.hgr,no,no,3,8,0.03,0.0269963,161.361,cut,7040,5043,no
rKaHyPar,sat14_UCG-20-5p0.cnf.dual.hgr,no,no,4,8,0.03,0.0278899,204.802,cut,8033,5166,no
rKaHyPar,sat14_UCG-20-5p0.cnf.dual.hgr,no,no,5,8,0.03,0.0272382,114.031,cut,7212,5022,no
rKaHyPar,sat14_UCG-20-5p0.cnf.dual.hgr,no,no,6,8,0.03,0.0299594,147.161,cut,6619,4819,no
rKaHyPar,sat14_UCG-20-5p0.cnf.dual.hgr,no,no,7,8,0.03,0.02961,186.924,cut,7506,5053,no
rKaHyPar,sat14_UCG-20-5p0.cnf.dual.hgr,no,no,8,8,0.03,0.0217691,183.423,cut,7202,5148,no
rKaHyPar,sat14_UCG-20-5p0.cnf.dual.hgr,no,no,9,8,0.03,0.0294487,161.204,cut,7932,5362,no
rKaHyPar,sat14_UCG-20-5p0.cnf.hgr,no,no,0,128,0.03,0.0299145,107.297,cut,79510,75499,no
rKaHyPar,sat14_UCG-20-5p0.cnf.hgr,no,no,1,128,0.03,0.0299145,106.367,cut,77388,73991,no
rKaHyPar,sat14_UCG-20-5p0.cnf.hgr,no,no,2,128,0.03,0.0299145,81.357,cut,79964,76058,no
rKaHyPar,sat14_UCG-20-5p0.cnf.hgr,no,no,3,128,0.03,0.0299145,83.1855,cut,78785,75026,no
rKaHyPar,sat14_UCG-20-5p0.cnf.hgr,no,no,4,128,0.03,0.0299145,106.568,cut,78127,74596,no
rKaHyPar,sat14_UCG-20-5p0.cnf.hgr,no,no,5,128,0.03,0.0299145,79.1225,cut,77963,74485,no
rKaHyPar,sat14_UCG-20-5p0.cnf.hgr,no,no,6,128,0.03,0.0299145,80.9589,cut,78878,75131,no
rKaHyPar,sat14_UCG-20-5p0.cnf.hgr,no,no,7,128,0.03,0.0299145,81.8003,cut,79973,76266,no
rKaHyPar,sat14_UCG-20-5p0.cnf.hgr,no,no,8,128,0.03,0.0299145,78.7492,cut,78089,74360,no
rKaHyPar,sat14_UCG-20-5p0.cnf.hgr,no,no,9,128,0.03,0.0299145,81.039,cut,78233,74021,no
rKaHyPar,sat14_UCG-20-5p0.cnf.hgr,no,no,0,16,0.03,0.0299922,49.7617,cut,28502,28301,no
rKaHyPar,sat14_UCG-20-5p0.cnf.hgr,no,no,1,16,0.03,0.0218351,78.7183,cut,28453,28236,no
rKaHyPar,sat14_UCG-20-5p0.cnf.hgr,no,no,2,16,0.03,0.0299922,61.1191,cut,27748,27581,no
rKaHyPar,sat14_UCG-20-5p0.cnf.hgr,no,no,3,16,0.03,0.0288523,51.3601,cut,27476,27223,no
rKaHyPar,sat14_UCG-20-5p0.cnf.hgr,no,no,4,16,0.03,0.0298853,49.0075,cut,27440,27112,no
rKaHyPar,sat14_UCG-20-5p0.cnf.hgr,no,no,5,16,0.03,0.0299922,86.0501,cut,27645,27229,no
rKaHyPar,sat14_UCG-20-5p0.cnf.hgr,no,no,6,16,0.03,0.0251834,49.7571,cut,27501,27211,no
rKaHyPar,sat14_UCG-20-5p0.cnf.hgr,no,no,7,16,0.03,0.0295647,67.6265,cut,27861,27682,no
rKaHyPar,sat14_UCG-20-5p0.cnf.hgr,no,no,8,16,0.03,0.0299922,51.4643,cut,26874,26593,no
rKaHyPar,sat14_UCG-20-5p0.cnf.hgr,no,no,9,16,0.03,0.0285317,53.4602,cut,27025,26764,no
rKaHyPar,sat14_UCG-20-5p0.cnf.hgr,no,no,0,2,0.03,0.0227395,107.844,cut,7412,7412,no
rKaHyPar,sat14_UCG-20-5p0.cnf.hgr,no,no,1,2,0.03,0.0283721,64.3907,cut,7684,7684,no
rKaHyPar,sat14_UCG-20-5p0.cnf.hgr,no,no,2,2,0.03,0.0276463,95.3499,cut,7532,7532,no
rKaHyPar,sat14_UCG-20-5p0.cnf.hgr,no,no,3,2,0.03,0.0270675,31.8091,cut,7646,7646,no
rKaHyPar,sat14_UCG-20-5p0.cnf.hgr,no,no,4,2,0.03,0.024997,125.263,cut,7807,7807,no
rKaHyPar,sat14_UCG-20-5p0.cnf.hgr,no,no,5,2,0.03,0.0256159,147.85,cut,7028,7028,no
rKaHyPar,sat14_UCG-20-5p0.cnf.hgr,no,no,6,2,0.03,0.0279758,146.92,cut,7758,7758,no
rKaHyPar,sat14_UCG-20-5p0.cnf.hgr,no,no,7,2,0.03,0.0275751,92.2634,cut,8248,8248,no
rKaHyPar,sat14_UCG-20-5p0.cnf.hgr,no,no,8,2,0.03,0.0290444,32.2797,cut,8110,8110,no
rKaHyPar,sat14_UCG-20-5p0.cnf.hgr,no,no,9,2,0.03,0.0262526,22.9534,cut,8204,8204,no
rKaHyPar,sat14_UCG-20-5p0.cnf.hgr,no,no,0,32,0.03,0.0299922,57.5078,cut,36156,35484,no
rKaHyPar,sat14_UCG-20-5p0.cnf.hgr,no,no,1,32,0.03,0.0299922,79.8234,cut,35499,34868,no
rKaHyPar,sat14_UCG-20-5p0.cnf.hgr,no,no,2,32,0.03,0.0299922,56.767,cut,36385,35632,no
rKaHyPar,sat14_UCG-20-5p0.cnf.hgr,no,no,3,32,0.03,0.0299922,60.7924,cut,35537,34891,no
rKaHyPar,sat14_UCG-20-5p0.cnf.hgr,no,no,4,32,0.03,0.0299922,58.2898,cut,35094,34546,no
rKaHyPar,sat14_UCG-20-5p0.cnf.hgr,no,no,5,32,0.03,0.0299922,79.5217,cut,35772,35128,no
rKaHyPar,sat14_UCG-20-5p0.cnf.hgr,no,no,6,32,0.03,0.0299922,77.3515,cut,35329,34591,no
rKaHyPar,sat14_UCG-20-5p0.cnf.hgr,no,no,7,32,0.03,0.0299922,61.3755,cut,36251,35674,no
rKaHyPar,sat14_UCG-20-5p0.cnf.hgr,no,no,8,32,0.03,0.0299922,58.2943,cut,34722,34025,no
rKaHyPar,sat14_UCG-20-5p0.cnf.hgr,no,no,9,32,0.03,0.0299922,80.4738,cut,35148,34444,no
rKaHyPar,sat14_UCG-20-5p0.cnf.hgr,no,no,0,4,0.03,0.0299749,149.159,cut,15996,15996,no
rKaHyPar,sat14_UCG-20-5p0.cnf.hgr,no,no,1,4,0.03,0.0296632,96.3423,cut,16044,16044,no
rKaHyPar,sat14_UCG-20-5p0.cnf.hgr,no,no,2,4,0.03,0.0292269,37.6722,cut,15946,15936,no
rKaHyPar,sat14_UCG-20-5p0.cnf.hgr,no,no,3,4,0.03,0.02245,31.6497,cut,16928,16902,no
rKaHyPar,sat14_UCG-20-5p0.cnf.hgr,no,no,4,4,0.03,0.0275616,43.7891,cut,16322,16256,no
rKaHyPar,sat14_UCG-20-5p0.cnf.hgr,no,no,5,4,0.03,0.0253264,45.1461,cut,16372,16314,no
rKaHyPar,sat14_UCG-20-5p0.cnf.hgr,no,no,6,4,0.03,0.0174364,36.9798,cut,16476,16430,no
rKaHyPar,sat14_UCG-20-5p0.cnf.hgr,no,no,7,4,0.03,0.0296632,221.161,cut,16230,16226,no
rKaHyPar,sat14_UCG-20-5p0.cnf.hgr,no,no,8,4,0.03,0.0281671,31.356,cut,16552,16492,no
rKaHyPar,sat14_UCG-20-5p0.cnf.hgr,no,no,9,4,0.03,0.0255045,33.2469,cut,16976,16920,no
rKaHyPar,sat14_UCG-20-5p0.cnf.hgr,no,no,0,64,0.03,0.0299188,65.2751,cut,51822,50065,no
rKaHyPar,sat14_UCG-20-5p0.cnf.hgr,no,no,1,64,0.03,0.0299188,69.7162,cut,50302,48988,no
rKaHyPar,sat14_UCG-20-5p0.cnf.hgr,no,no,2,64,0.03,0.0299188,69.9945,cut,50760,49143,no
rKaHyPar,sat14_UCG-20-5p0.cnf.hgr,no,no,3,64,0.03,0.0299188,89.9756,cut,49937,48545,no
rKaHyPar,sat14_UCG-20-5p0.cnf.hgr,no,no,4,64,0.03,0.0299188,87.6659,cut,50705,48421,no
rKaHyPar,sat14_UCG-20-5p0.cnf.hgr,no,no,5,64,0.03,0.0299188,68.3793,cut,51448,49948,no
rKaHyPar,sat14_UCG-20-5p0.cnf.hgr,no,no,6,64,0.03,0.0299188,69.4729,cut,50600,48987,no
rKaHyPar,sat14_UCG-20-5p0.cnf.hgr,no,no,7,64,0.03,0.0299188,68.2061,cut,50169,48739,no
rKaHyPar,sat14_UCG-20-5p0.cnf.hgr,no,no,8,64,0.03,0.0299188,67.7211,cut,49434,47816,no
rKaHyPar,sat14_UCG-20-5p0.cnf.hgr,no,no,9,64,0.03,0.0299188,92.4239,cut,50666,48907,no
rKaHyPar,sat14_UCG-20-5p0.cnf.hgr,no,no,0,8,0.03,0.0299927,42.9879,cut,22339,22253,no
rKaHyPar,sat14_UCG-20-5p0.cnf.hgr,no,no,1,8,0.03,0.0299749,43.5894,cut,23027,22926,no
rKaHyPar,sat14_UCG-20-5p0.cnf.hgr,no,no,2,8,0.03,0.0200723,57.2903,cut,22046,21990,no
rKaHyPar,sat14_UCG-20-5p0.cnf.hgr,no,no,3,8,0.03,0.0262703,55.3727,cut,21892,21755,no
rKaHyPar,sat14_UCG-20-5p0.cnf.hgr,no,no,4,8,0.03,0.025077,73.6685,cut,22123,22011,no
rKaHyPar,sat14_UCG-20-5p0.cnf.hgr,no,no,5,8,0.03,0.0206957,63.7238,cut,22381,22243,no
rKaHyPar,sat14_UCG-20-5p0.cnf.hgr,no,no,6,8,0.03,0.0299927,45.8588,cut,21668,21549,no
rKaHyPar,sat14_UCG-20-5p0.cnf.hgr,no,no,7,8,0.03,0.0224767,60.0903,cut,22072,21966,no
rKaHyPar,sat14_UCG-20-5p0.cnf.hgr,no,no,8,8,0.03,0.0203751,54.6967,cut,21727,21629,no
rKaHyPar,sat14_UCG-20-5p0.cnf.hgr,no,no,9,8,0.03,0.0286035,43.3974,cut,22404,22206,no
rKaHyPar,sat14_UCG-20-5p0.cnf.primal.hgr,no,no,0,128,0.03,0.0296296,78.7451,cut,102226,99544,no
rKaHyPar,sat14_UCG-20-5p0.cnf.primal.hgr,no,no,1,128,0.03,0.0296296,77.4731,cut,100223,97599,no
rKaHyPar,sat14_UCG-20-5p0.cnf.primal.hgr,no,no,2,128,0.03,0.0296296,58.9887,cut,101021,98298,no
rKaHyPar,sat14_UCG-20-5p0.cnf.primal.hgr,no,no,3,128,0.03,0.0296296,58.5648,cut,101416,98574,no
rKaHyPar,sat14_UCG-20-5p0.cnf.primal.hgr,no,no,4,128,0.03,0.0296296,79.6853,cut,101695,98923,no
rKaHyPar,sat14_UCG-20-5p0.cnf.primal.hgr,no,no,5,128,0.03,0.0296296,59.9816,cut,101442,98770,no
rKaHyPar,sat14_UCG-20-5p0.cnf.primal.hgr,no,no,6,128,0.03,0.0296296,59.3801,cut,101662,98983,no
rKaHyPar,sat14_UCG-20-5p0.cnf.primal.hgr,no,no,7,128,0.03,0.0296296,60.043,cut,101607,98824,no
rKaHyPar,sat14_UCG-20-5p0.cnf.primal.hgr,no,no,8,128,0.03,0.0296296,79.2604,cut,101619,99140,no
rKaHyPar,sat14_UCG-20-5p0.cnf.primal.hgr,no,no,9,128,0.03,0.0296296,59.0397,cut,102818,100189,no
rKaHyPar,sat14_UCG-20-5p0.cnf.primal.hgr,no,no,0,16,0.03,0.0260739,36.4817,cut,31144,30936,no
rKaHyPar,sat14_UCG-20-5p0.cnf.primal.hgr,no,no,1,16,0.03,0.0243642,47.9772,cut,30956,30714,no
rKaHyPar,sat14_UCG-20-5p0.cnf.primal.hgr,no,no,2,16,0.03,0.0298497,36.4204,cut,30232,30010,no
rKaHyPar,sat14_UCG-20-5p0.cnf.primal.hgr,no,no,3,16,0.03,0.0249341,37.5247,cut,31364,31014,no
rKaHyPar,sat14_UCG-20-5p0.cnf.primal.hgr,no,no,4,16,0.03,0.0299209,37.1911,cut,31004,30687,no
rKaHyPar,sat14_UCG-20-5p0.cnf.primal.hgr,no,no,5,16,0.03,0.0297072,50.1864,cut,30696,30428,no
rKaHyPar,sat14_UCG-20-5p0.cnf.primal.hgr,no,no,6,16,0.03,0.0299922,40.2806,cut,31266,31090,no
rKaHyPar,sat14_UCG-20-5p0.cnf.primal.hgr,no,no,7,16,0.03,0.0294935,56.4783,cut,30408,30160,no
rKaHyPar,sat14_UCG-20-5p0.cnf.primal.hgr,no,no,8,16,0.03,0.0245779,37.4437,cut,31086,30772,no
rKaHyPar,sat14_UCG-20-5p0.cnf.primal.hgr,no,no,9,16,0.03,0.0299922,37.1871,cut,30573,30351,no
rKaHyPar,sat14_UCG-20-5p0.cnf.primal.hgr,no,no,0,2,0.03,0.0262792,58.1142,cut,7810,7810,no
rKaHyPar,sat14_UCG-20-5p0.cnf.primal.hgr,no,no,1,2,0.03,0.0292536,37.5423,cut,7990,7990,no
rKaHyPar,sat14_UCG-20-5p0.cnf.primal.hgr,no,no,2,2,0.03,0.0208649,79.0487,cut,7912,7912,no
rKaHyPar,sat14_UCG-20-5p0.cnf.primal.hgr,no,no,3,2,0.03,0.0248099,74.4202,cut,7324,7324,no
rKaHyPar,sat14_UCG-20-5p0.cnf.primal.hgr,no,no,4,2,0.03,0.0287371,72.4184,cut,7672,7672,no
rKaHyPar,sat14_UCG-20-5p0.cnf.primal.hgr,no,no,5,2,0.03,0.0286658,45.3961,cut,7980,7980,no
rKaHyPar,sat14_UCG-20-5p0.cnf.primal.hgr,no,no,6,2,0.03,0.0292179,39.457,cut,7570,7570,no
rKaHyPar,sat14_UCG-20-5p0.cnf.primal.hgr,no,no,7,2,0.03,0.0267957,16.6769,cut,8560,8560,no
rKaHyPar,sat14_UCG-20-5p0.cnf.primal.hgr,no,no,8,2,0.03,0.0287282,77.5396,cut,7396,7396,no
rKaHyPar,sat14_UCG-20-5p0.cnf.primal.hgr,no,no,9,2,0.03,0.0262614,58.4048,cut,7498,7498,no
rKaHyPar,sat14_UCG-20-5p0.cnf.primal.hgr,no,no,0,32,0.03,0.0299188,44.1856,cut,42437,41776,no
rKaHyPar,sat14_UCG-20-5p0.cnf.primal.hgr,no,no,1,32,0.03,0.0299188,57.8024,cut,41913,41423,no
rKaHyPar,sat14_UCG-20-5p0.cnf.primal.hgr,no,no,2,32,0.03,0.0299188,42.6515,cut,41940,41461,no
rKaHyPar,sat14_UCG-20-5p0.cnf.primal.hgr,no,no,3,32,0.03,0.0299188,44.1792,cut,42767,42112,no
rKaHyPar,sat14_UCG-20-5p0.cnf.primal.hgr,no,no,4,32,0.03,0.0299188,42.5829,cut,41450,41059,no
rKaHyPar,sat14_UCG-20-5p0.cnf.primal.hgr,no,no,5,32,0.03,0.0299188,59.6719,cut,42507,41895,no
rKaHyPar,sat14_UCG-20-5p0.cnf.primal.hgr,no,no,6,32,0.03,0.0299188,62.063,cut,42853,42446,no
rKaHyPar,sat14_UCG-20-5p0.cnf.primal.hgr,no,no,7,32,0.03,0.0299188,42.0884,cut,40947,40508,no
rKaHyPar,sat14_UCG-20-5p0.cnf.primal.hgr,no,no,8,32,0.03,0.0299188,45.724,cut,42729,42246,no
rKaHyPar,sat14_UCG-20-5p0.cnf.primal.hgr,no,no,9,32,0.03,0.0299188,57.1735,cut,41359,40808,no
rKaHyPar,sat14_UCG-20-5p0.cnf.primal.hgr,no,no,0,4,0.03,0.0233494,43.4226,cut,17202,17202,no
rKaHyPar,sat14_UCG-20-5p0.cnf.primal.hgr,no,no,1,4,0.03,0.0293871,31.2175,cut,17282,17264,no
rKaHyPar,sat14_UCG-20-5p0.cnf.primal.hgr,no,no,2,4,0.03,0.0273389,39.2819,cut,16760,16744,no
rKaHyPar,sat14_UCG-20-5p0.cnf.primal.hgr,no,no,3,4,0.03,0.0182378,44.4865,cut,17130,17130,no
rKaHyPar,sat14_UCG-20-5p0.cnf.primal.hgr,no,no,4,4,0.03,0.0287638,34.1807,cut,16914,16914,no
rKaHyPar,sat14_UCG-20-5p0.cnf.primal.hgr,no,no,5,4,0.03,0.0213012,42.1921,cut,16856,16856,no
rKaHyPar,sat14_UCG-20-5p0.cnf.primal.hgr,no,no,6,4,0.03,0.0154238,32.1445,cut,16890,16890,no
rKaHyPar,sat14_UCG-20-5p0.cnf.primal.hgr,no,no,7,4,0.03,0.0224411,50.5677,cut,17122,17122,no
rKaHyPar,sat14_UCG-20-5p0.cnf.primal.hgr,no,no,8,4,0.03,0.0230288,54.7626,cut,16899,16899,no
rKaHyPar,sat14_UCG-20-5p0.cnf.primal.hgr,no,no,9,4,0.03,0.0283363,40.8238,cut,16742,16742,no
rKaHyPar,sat14_UCG-20-5p0.cnf.primal.hgr,no,no,0,64,0.03,0.0299145,49.7141,cut,62912,61846,no
rKaHyPar,sat14_UCG-20-5p0.cnf.primal.hgr,no,no,1,64,0.03,0.0299145,49.5857,cut,61616,60505,no
rKaHyPar,sat14_UCG-20-5p0.cnf.primal.hgr,no,no,2,64,0.03,0.0299145,48.4287,cut,61904,60780,no
rKaHyPar,sat14_UCG-20-5p0.cnf.primal.hgr,no,no,3,64,0.03,0.0299145,68.7386,cut,62508,61297,no
rKaHyPar,sat14_UCG-20-5p0.cnf.primal.hgr,no,no,4,64,0.03,0.0299145,67.6887,cut,62189,61139,no
rKaHyPar,sat14_UCG-20-5p0.cnf.primal.hgr,no,no,5,64,0.03,0.0299145,49.6055,cut,63691,62524,no
rKaHyPar,sat14_UCG-20-5p0.cnf.primal.hgr,no,no,6,64,0.03,0.0299145,48.4835,cut,62666,61094,no
rKaHyPar,sat14_UCG-20-5p0.cnf.primal.hgr,no,no,7,64,0.03,0.0299145,68.5358,cut,62562,61706,no
rKaHyPar,sat14_UCG-20-5p0.cnf.primal.hgr,no,no,8,64,0.03,0.0299145,67.0279,cut,63106,62011,no
rKaHyPar,sat14_UCG-20-5p0.cnf.primal.hgr,no,no,9,64,0.03,0.0299145,64.6468,cut,61969,60684,no
rKaHyPar,sat14_UCG-20-5p0.cnf.primal.hgr,no,no,0,8,0.03,0.020161,29.9059,cut,23798,23718,no
rKaHyPar,sat14_UCG-20-5p0.cnf.primal.hgr,no,no,1,8,0.03,0.0294935,32.8189,cut,23751,23655,no
rKaHyPar,sat14_UCG-20-5p0.cnf.primal.hgr,no,no,2,8,0.03,0.0235449,42.1943,cut,23194,23094,no
rKaHyPar,sat14_UCG-20-5p0.cnf.primal.hgr,no,no,3,8,0.03,0.0291017,41.4195,cut,23620,23534,no
rKaHyPar,sat14_UCG-20-5p0.cnf.primal.hgr,no,no,4,8,0.03,0.0299565,47.4518,cut,23938,23814,no
rKaHyPar,sat14_UCG-20-5p0.cnf.primal.hgr,no,no,5,8,0.03,0.0150317,34.8941,cut,23396,23317,no
rKaHyPar,sat14_UCG-20-5p0.cnf.primal.hgr,no,no,6,8,0.03,0.022975,39.9447,cut,23632,23568,no
rKaHyPar,sat14_UCG-20-5p0.cnf.primal.hgr,no,no,7,8,0.03,0.0269288,45.1803,cut,23926,23859,no
rKaHyPar,sat14_UCG-20-5p0.cnf.primal.hgr,no,no,8,8,0.03,0.0192705,44.0787,cut,23794,23660,no
rKaHyPar,sat14_UCG-20-5p0.cnf.primal.hgr,no,no,9,8,0.03,0.0299922,29.1332,cut,23677,23587,no
rKaHyPar,sat14_UR-15-10p1.cnf.dual.hgr,no,no,0,128,0.03,0.0292603,114.604,cut,66298,8448,no
rKaHyPar,sat14_UR-15-10p1.cnf.dual.hgr,no,no,1,128,0.03,0.0292603,83.6424,cut,72460,8420,no
rKaHyPar,sat14_UR-15-10p1.cnf.dual.hgr,no,no,2,128,0.03,0.0298882,83.9626,cut,65365,8394,no
rKaHyPar,sat14_UR-15-10p1.cnf.dual.hgr,no,no,3,128,0.03,0.0292603,84.0016,cut,61964,8417,no
rKaHyPar,sat14_UR-15-10p1.cnf.dual.hgr,no,no,4,128,0.03,0.0293859,83.6217,cut,63223,8353,no
rKaHyPar,sat14_UR-15-10p1.cnf.dual.hgr,no,no,5,128,0.03,0.0292603,83.26,cut,67552,8398,no
rKaHyPar,sat14_UR-15-10p1.cnf.dual.hgr,no,no,6,128,0.03,0.0295115,83.6814,cut,68773,8418,no
rKaHyPar,sat14_UR-15-10p1.cnf.dual.hgr,no,no,7,128,0.03,0.0297627,84.0881,cut,63817,8501,no
rKaHyPar,sat14_UR-15-10p1.cnf.dual.hgr,no,no,8,128,0.03,0.0292603,83.0904,cut,62355,8317,no
rKaHyPar,sat14_UR-15-10p1.cnf.dual.hgr,no,no,9,128,0.03,0.0296371,83.6274,cut,65997,8486,no
rKaHyPar,sat14_UR-15-10p1.cnf.dual.hgr,no,no,0,16,0.03,0.0272057,63.047,cut,25174,6441,no
rKaHyPar,sat14_UR-15-10p1.cnf.dual.hgr,no,no,1,16,0.03,0.0285557,86.4442,cut,21785,6519,no
rKaHyPar,sat14_UR-15-10p1.cnf.dual.hgr,no,no,2,16,0.03,0.0286499,63.0396,cut,19608,6455,no
rKaHyPar,sat14_UR-15-10p1.cnf.dual.hgr,no,no,3,16,0.03,0.0294819,65.4849,cut,19537,6655,no
rKaHyPar,sat14_UR-15-10p1.cnf.dual.hgr,no,no,4,16,0.03,0.0282575,65.2143,cut,20441,6601,no
rKaHyPar,sat14_UR-15-10p1.cnf.dual.hgr,no,no,5,16,0.03,0.0292465,88.6214,cut,23034,6427,no
rKaHyPar,sat14_UR-15-10p1.cnf.dual.hgr,no,no,6,16,0.03,0.0299372,64.6842,cut,21105,6411,no
rKaHyPar,sat14_UR-15-10p1.cnf.dual.hgr,no,no,7,16,0.03,0.027865,88.1954,cut,19793,6469,no
rKaHyPar,sat14_UR-15-10p1.cnf.dual.hgr,no,no,8,16,0.03,0.0280534,64.7264,cut,21110,6555,no
rKaHyPar,sat14_UR-15-10p1.cnf.dual.hgr,no,no,9,16,0.03,0.026405,63.9254,cut,20723,6493,no
rKaHyPar,sat14_UR-15-10p1.cnf.dual.hgr,no,no,0,2,0.03,0.00107143,27.402,cut,2772,2772,no
rKaHyPar,sat14_UR-15-10p1.cnf.dual.hgr,no,no,1,2,0.03,0.0148921,27.6594,cut,2787,2787,no
rKaHyPar,sat14_UR-15-10p1.cnf.dual.hgr,no,no,2,2,0.03,0.00812402,38.306,cut,2769,2769,no
rKaHyPar,sat14_UR-15-10p1.cnf.dual.hgr,no,no,3,2,0.03,0.00317896,27.0548,cut,2753,2753,no
rKaHyPar,sat14_UR-15-10p1.cnf.dual.hgr,no,no,4,2,0.03,0,28.1056,cut,2782,2782,no
rKaHyPar,sat14_UR-15-10p1.cnf.dual.hgr,no,no,5,2,0.03,0.000830063,27.8378,cut,2770,2770,no
rKaHyPar,sat14_UR-15-10p1.cnf.dual.hgr,no,no,6,2,0.03,0.00419349,28.7812,cut,2785,2785,no
rKaHyPar,sat14_UR-15-10p1.cnf.dual.hgr,no,no,7,2,0.03,0.0141719,27.8326,cut,2816,2816,no
rKaHyPar,sat14_UR-15-10p1.cnf.dual.hgr,no,no,8,2,0.03,0.0126805,38.9897,cut,2763,2763,no
rKaHyPar,sat14_UR-15-10p1.cnf.dual.hgr,no,no,9,2,0.03,0.014688,27.7006,cut,2767,2767,no
rKaHyPar,sat14_UR-15-10p1.cnf.dual.hgr,no,no,0,32,0.03,0.024113,69.9042,cut,29866,7085,no
rKaHyPar,sat14_UR-15-10p1.cnf.dual.hgr,no,no,1,32,0.03,0.0276295,96.4323,cut,29780,7033,no
rKaHyPar,sat14_UR-15-10p1.cnf.dual.hgr,no,no,2,32,0.03,0.0263736,69.831,cut,31105,7071,no
rKaHyPar,sat14_UR-15-10p1.cnf.dual.hgr,no,no,3,32,0.03,0.0234223,70.3345,cut,29789,7039,no
rKaHyPar,sat14_UR-15-10p1.cnf.dual.hgr,no,no,4,32,0.03,0.0245526,69.7728,cut,30388,7017,no
rKaHyPar,sat14_UR-15-10p1.cnf.dual.hgr,no,no,5,32,0.03,0.0159498,96.5358,cut,33330,7084,no
rKaHyPar,sat14_UR-15-10p1.cnf.dual.hgr,no,no,6,32,0.03,0.0293878,70.5791,cut,30671,7150,no
rKaHyPar,sat14_UR-15-10p1.cnf.dual.hgr,no,no,7,32,0.03,0.0280377,70.4945,cut,33708,7078,no
rKaHyPar,sat14_UR-15-10p1.cnf.dual.hgr,no,no,8,32,0.03,0.024113,69.6563,cut,34586,7162,no
rKaHyPar,sat14_UR-15-10p1.cnf.dual.hgr,no,no,9,32,0.03,0.0299843,69.9233,cut,34905,7139,no
rKaHyPar,sat14_UR-15-10p1.cnf.dual.hgr,no,no,0,4,0.03,0.0284929,60.6781,cut,7104,4257,no
rKaHyPar,sat14_UR-15-10p1.cnf.dual.hgr,no,no,1,4,0.03,0.0222724,44.0217,cut,7073,4265,no
rKaHyPar,sat14_UR-15-10p1.cnf.dual.hgr,no,no,2,4,0.03,0,43.6428,cut,6816,4306,no
rKaHyPar,sat14_UR-15-10p1.cnf.dual.hgr,no,no,3,4,0.03,0.0131554,43.7223,cut,7458,4238,no
rKaHyPar,sat14_UR-15-10p1.cnf.dual.hgr,no,no,4,4,0.03,0.00623234,43.4147,cut,6334,4207,no
rKaHyPar,sat14_UR-15-10p1.cnf.dual.hgr,no,no,5,4,0.03,0.0290385,44.7626,cut,6876,4328,no
rKaHyPar,sat14_UR-15-10p1.cnf.dual.hgr,no,no,6,4,0.03,0.0253375,45.3666,cut,7421,4297,no
rKaHyPar,sat14_UR-15-10p1.cnf.dual.hgr,no,no,7,4,0.03,0.00625589,61.4505,cut,6330,4252,no
rKaHyPar,sat14_UR-15-10p1.cnf.dual.hgr,no,no,8,4,0.03,0.0253454,45.6517,cut,6748,4362,no
rKaHyPar,sat14_UR-15-10p1.cnf.dual.hgr,no,no,9,4,0.03,0.0221782,61.6426,cut,6825,4216,no
rKaHyPar,sat14_UR-15-10p1.cnf.dual.hgr,no,no,0,64,0.03,0.0298273,76.1614,cut,47323,7728,no
rKaHyPar,sat14_UR-15-10p1.cnf.dual.hgr,no,no,1,64,0.03,0.0293878,76.7777,cut,43722,7633,no
rKaHyPar,sat14_UR-15-10p1.cnf.dual.hgr,no,no,2,64,0.03,0.0254945,75.9046,cut,49375,7650,no
rKaHyPar,sat14_UR-15-10p1.cnf.dual.hgr,no,no,3,64,0.03,0.0292622,105.171,cut,44511,7758,no
rKaHyPar,sat14_UR-15-10p1.cnf.dual.hgr,no,no,4,64,0.03,0.0297017,104.803,cut,50967,7655,no
rKaHyPar,sat14_UR-15-10p1.cnf.dual.hgr,no,no,5,64,0.03,0.029325,76.3942,cut,45535,7747,no
rKaHyPar,sat14_UR-15-10p1.cnf.dual.hgr,no,no,6,64,0.03,0.0246154,77.2972,cut,50287,7784,no
rKaHyPar,sat14_UR-15-10p1.cnf.dual.hgr,no,no,7,64,0.03,0.0295761,76.8301,cut,48678,7767,no
rKaHyPar,sat14_UR-15-10p1.cnf.dual.hgr,no,no,8,64,0.03,0.0297645,76.8438,cut,45132,7757,no
rKaHyPar,sat14_UR-15-10p1.cnf.dual.hgr,no,no,9,64,0.03,0.0278807,105.22,cut,49471,7759,no
rKaHyPar,sat14_UR-15-10p1.cnf.dual.hgr,no,no,0,8,0.03,0.0283281,55.4777,cut,14692,5638,no
rKaHyPar,sat14_UR-15-10p1.cnf.dual.hgr,no,no,1,8,0.03,0.0259812,54.9747,cut,12975,5602,no
rKaHyPar,sat14_UR-15-10p1.cnf.dual.hgr,no,no,2,8,0.03,0.0200392,77.2743,cut,11533,5524,no
rKaHyPar,sat14_UR-15-10p1.cnf.dual.hgr,no,no,3,8,0.03,0.0211852,76.039,cut,12788,5682,no
rKaHyPar,sat14_UR-15-10p1.cnf.dual.hgr,no,no,4,8,0.03,0.0287049,77.1817,cut,11967,5534,no
rKaHyPar,sat14_UR-15-10p1.cnf.dual.hgr,no,no,5,8,0.03,0.0252826,55.4673,cut,13457,5654,no
rKaHyPar,sat14_UR-15-10p1.cnf.dual.hgr,no,no,6,8,0.03,0.0266013,55.6527,cut,12172,5523,no
rKaHyPar,sat14_UR-15-10p1.cnf.dual.hgr,no,no,7,8,0.03,0.0278179,76.7358,cut,14643,5720,no
rKaHyPar,sat14_UR-15-10p1.cnf.dual.hgr,no,no,8,8,0.03,0.0256907,54.9273,cut,14050,5687,no
rKaHyPar,sat14_UR-15-10p1.cnf.dual.hgr,no,no,9,8,0.03,0.0224097,57.8221,cut,13766,5633,no
rKaHyPar,sat14_UR-15-10p1.cnf.hgr,no,no,0,128,0.03,0.02976,89.9822,cut,77459,70671,no
rKaHyPar,sat14_UR-15-10p1.cnf.hgr,no,no,1,128,0.03,0.02976,66.7451,cut,78299,71063,no
rKaHyPar,sat14_UR-15-10p1.cnf.hgr,no,no,2,128,0.03,0.02976,67.7215,cut,77758,71168,no
rKaHyPar,sat14_UR-15-10p1.cnf.hgr,no,no,3,128,0.03,0.02976,65.7897,cut,79372,71946,no
rKaHyPar,sat14_UR-15-10p1.cnf.hgr,no,no,4,128,0.03,0.02976,68.4284,cut,78960,71446,no
rKaHyPar,sat14_UR-15-10p1.cnf.hgr,no,no,5,128,0.03,0.02976,69.0271,cut,78700,71571,no
rKaHyPar,sat14_UR-15-10p1.cnf.hgr,no,no,6,128,0.03,0.02976,66.8324,cut,78577,71706,no
rKaHyPar,sat14_UR-15-10p1.cnf.hgr,no,no,7,128,0.03,0.02976,67.6696,cut,77755,70436,no
rKaHyPar,sat14_UR-15-10p1.cnf.hgr,no,no,8,128,0.03,0.02976,91.7415,cut,78159,71499,no
rKaHyPar,sat14_UR-15-10p1.cnf.hgr,no,no,9,128,0.03,0.02976,66.4261,cut,78201,71642,no
rKaHyPar,sat14_UR-15-10p1.cnf.hgr,no,no,0,16,0.03,0.02488,42.0104,cut,29278,24842,no
rKaHyPar,sat14_UR-15-10p1.cnf.hgr,no,no,1,16,0.03,0.02376,55.0713,cut,28595,24327,no
rKaHyPar,sat14_UR-15-10p1.cnf.hgr,no,no,2,16,0.03,0.0276,43.483,cut,29298,24696,no
rKaHyPar,sat14_UR-15-10p1.cnf.hgr,no,no,3,16,0.03,0.02776,42.4095,cut,28965,24400,no
rKaHyPar,sat14_UR-15-10p1.cnf.hgr,no,no,4,16,0.03,0.02704,43.369,cut,28577,23852,no
rKaHyPar,sat14_UR-15-10p1.cnf.hgr,no,no,5,16,0.03,0.02744,60.25,cut,28719,24163,no
rKaHyPar,sat14_UR-15-10p1.cnf.hgr,no,no,6,16,0.03,0.02732,41.1021,cut,28087,23343,no
rKaHyPar,sat14_UR-15-10p1.cnf.hgr,no,no,7,16,0.03,0.02632,63.5776,cut,28688,24098,no
rKaHyPar,sat14_UR-15-10p1.cnf.hgr,no,no,8,16,0.03,0.02576,41.0538,cut,29302,25256,no
rKaHyPar,sat14_UR-15-10p1.cnf.hgr,no,no,9,16,0.03,0.02752,40.5566,cut,28209,23737,no
rKaHyPar,sat14_UR-15-10p1.cnf.hgr,no,no,0,2,0.03,0.0286156,18.4867,cut,9256,9256,no
rKaHyPar,sat14_UR-15-10p1.cnf.hgr,no,no,1,2,0.03,0.00353507,20.9048,cut,8928,8928,no
rKaHyPar,sat14_UR-15-10p1.cnf.hgr,no,no,2,2,0.03,0.0229405,27.0986,cut,9130,9130,no
rKaHyPar,sat14_UR-15-10p1.cnf.hgr,no,no,3,2,0.03,0.0256655,18.9692,cut,9092,9092,no
rKaHyPar,sat14_UR-15-10p1.cnf.hgr,no,no,4,2,0.03,0.0102202,23.7353,cut,9458,9458,no
rKaHyPar,sat14_UR-15-10p1.cnf.hgr,no,no,5,2,0.03,0.0121452,18.2208,cut,9032,9032,no
rKaHyPar,sat14_UR-15-10p1.cnf.hgr,no,no,6,2,0.03,0.00424008,19.1984,cut,8690,8690,no
rKaHyPar,sat14_UR-15-10p1.cnf.hgr,no,no,7,2,0.03,0.00770015,17.6144,cut,10392,10392,no
rKaHyPar,sat14_UR-15-10p1.cnf.hgr,no,no,8,2,0.03,0.0241055,21.9352,cut,8920,8920,no
rKaHyPar,sat14_UR-15-10p1.cnf.hgr,no,no,9,2,0.03,0.0283956,23.7517,cut,8464,8464,no
rKaHyPar,sat14_UR-15-10p1.cnf.hgr,no,no,0,32,0.03,0.02992,49.5552,cut,36583,31423,no
rKaHyPar,sat14_UR-15-10p1.cnf.hgr,no,no,1,32,0.03,0.03,69.4159,cut,37269,32141,no
rKaHyPar,sat14_UR-15-10p1.cnf.hgr,no,no,2,32,0.03,0.03,51.8082,cut,36965,31766,no
rKaHyPar,sat14_UR-15-10p1.cnf.hgr,no,no,3,32,0.03,0.02992,68.9026,cut,36830,31782,no
rKaHyPar,sat14_UR-15-10p1.cnf.hgr,no,no,4,32,0.03,0.03,50.0045,cut,36599,31349,no
rKaHyPar,sat14_UR-15-10p1.cnf.hgr,no,no,5,32,0.03,0.03,71.4968,cut,37493,32458,no
rKaHyPar,sat14_UR-15-10p1.cnf.hgr,no,no,6,32,0.03,0.02968,50.4221,cut,36229,31040,no
rKaHyPar,sat14_UR-15-10p1.cnf.hgr,no,no,7,32,0.03,0.03,50.8084,cut,35822,30645,no
rKaHyPar,sat14_UR-15-10p1.cnf.hgr,no,no,8,32,0.03,0.03,48.6163,cut,36709,31681,no
rKaHyPar,sat14_UR-15-10p1.cnf.hgr,no,no,9,32,0.03,0.02992,52.125,cut,35822,30639,no
rKaHyPar,sat14_UR-15-10p1.cnf.hgr,no,no,0,4,0.03,0.00275006,34.0426,cut,17680,16254,no
rKaHyPar,sat14_UR-15-10p1.cnf.hgr,no,no,1,4,0.03,0.0223504,25.8388,cut,18115,16471,no
rKaHyPar,sat14_UR-15-10p1.cnf.hgr,no,no,2,4,0.03,0.0222604,30.7395,cut,18340,16540,no
rKaHyPar,sat14_UR-15-10p1.cnf.hgr,no,no,3,4,0.03,0.0130703,26.8456,cut,17230,16274,no
rKaHyPar,sat14_UR-15-10p1.cnf.hgr,no,no,4,4,0.03,0.0112102,28.5782,cut,17740,16562,no
rKaHyPar,sat14_UR-15-10p1.cnf.hgr,no,no,5,4,0.03,0.00796016,37.1224,cut,17801,16323,no
rKaHyPar,sat14_UR-15-10p1.cnf.hgr,no,no,6,4,0.03,0.0268405,26.4707,cut,17550,16059,no
rKaHyPar,sat14_UR-15-10p1.cnf.hgr,no,no,7,4,0.03,0.0139503,35.4985,cut,17881,16109,no
rKaHyPar,sat14_UR-15-10p1.cnf.hgr,no,no,8,4,0.03,0.0190504,25.7622,cut,17918,16309,no
rKaHyPar,sat14_UR-15-10p1.cnf.hgr,no,no,9,4,0.03,0.0142103,35.3239,cut,17912,16334,no
rKaHyPar,sat14_UR-15-10p1.cnf.hgr,no,no,0,64,0.03,0.02992,55.684,cut,50569,44763,no
rKaHyPar,sat14_UR-15-10p1.cnf.hgr,no,no,1,64,0.03,0.02992,57.624,cut,49452,43723,no
rKaHyPar,sat14_UR-15-10p1.cnf.hgr,no,no,2,64,0.03,0.02992,59.6055,cut,50927,44904,no
rKaHyPar,sat14_UR-15-10p1.cnf.hgr,no,no,3,64,0.03,0.02992,76.1862,cut,49727,44151,no
rKaHyPar,sat14_UR-15-10p1.cnf.hgr,no,no,4,64,0.03,0.02992,76.7547,cut,50479,44467,no
rKaHyPar,sat14_UR-15-10p1.cnf.hgr,no,no,5,64,0.03,0.02992,59.2337,cut,50211,44325,no
rKaHyPar,sat14_UR-15-10p1.cnf.hgr,no,no,6,64,0.03,0.02992,54.5319,cut,49829,44298,no
rKaHyPar,sat14_UR-15-10p1.cnf.hgr,no,no,7,64,0.03,0.02992,77.6631,cut,49542,44090,no
rKaHyPar,sat14_UR-15-10p1.cnf.hgr,no,no,8,64,0.03,0.02992,76.4394,cut,50703,45114,no
rKaHyPar,sat14_UR-15-10p1.cnf.hgr,no,no,9,64,0.03,0.02992,74.6109,cut,50297,44688,no
rKaHyPar,sat14_UR-15-10p1.cnf.hgr,no,no,0,8,0.03,0.0244805,35.5457,cut,23546,20278,no
rKaHyPar,sat14_UR-15-10p1.cnf.hgr,no,no,1,8,0.03,0.0211204,34.6255,cut,23601,20121,no
rKaHyPar,sat14_UR-15-10p1.cnf.hgr,no,no,2,8,0.03,0.0209204,53.9212,cut,23600,20239,no
rKaHyPar,sat14_UR-15-10p1.cnf.hgr,no,no,3,8,0.03,0.0261405,47.9666,cut,23923,19858,no
rKaHyPar,sat14_UR-15-10p1.cnf.hgr,no,no,4,8,0.03,0.0233805,48.4959,cut,23963,20234,no
rKaHyPar,sat14_UR-15-10p1.cnf.hgr,no,no,5,8,0.03,0.0200204,35.6616,cut,23256,20133,no
rKaHyPar,sat14_UR-15-10p1.cnf.hgr,no,no,6,8,0.03,0.0283806,45.5198,cut,23466,19997,no
rKaHyPar,sat14_UR-15-10p1.cnf.hgr,no,no,7,8,0.03,0.0297806,51.0028,cut,23309,19478,no
rKaHyPar,sat14_UR-15-10p1.cnf.hgr,no,no,8,8,0.03,0.0295006,35.1264,cut,23487,19890,no
rKaHyPar,sat14_UR-15-10p1.cnf.hgr,no,no,9,8,0.03,0.0279606,35.69,cut,23003,19600,no
rKaHyPar,sat14_UR-15-10p1.cnf.primal.hgr,no,no,0,128,0.03,0.0294306,50.6399,cut,105468,99904,no
rKaHyPar,sat14_UR-15-10p1.cnf.primal.hgr,no,no,1,128,0.03,0.0294306,50.4471,cut,106932,101189,no
rKaHyPar,sat14_UR-15-10p1.cnf.primal.hgr,no,no,2,128,0.03,0.0294306,50.3042,cut,106011,100479,no
rKaHyPar,sat14_UR-15-10p1.cnf.primal.hgr,no,no,3,128,0.03,0.0294306,51.4247,cut,107243,101461,no
rKaHyPar,sat14_UR-15-10p1.cnf.primal.hgr,no,no,4,128,0.03,0.0294306,50.2235,cut,104883,99247,no
rKaHyPar,sat14_UR-15-10p1.cnf.primal.hgr,no,no,5,128,0.03,0.0294306,51.3512,cut,104536,98998,no
rKaHyPar,sat14_UR-15-10p1.cnf.primal.hgr,no,no,6,128,0.03,0.0294306,68.0676,cut,105101,99485,no
rKaHyPar,sat14_UR-15-10p1.cnf.primal.hgr,no,no,7,128,0.03,0.0294306,50.2154,cut,104950,99386,no
rKaHyPar,sat14_UR-15-10p1.cnf.primal.hgr,no,no,8,128,0.03,0.0294306,52.6274,cut,106239,100551,no
rKaHyPar,sat14_UR-15-10p1.cnf.primal.hgr,no,no,9,128,0.03,0.0294306,50.3807,cut,105336,99698,no
rKaHyPar,sat14_UR-15-10p1.cnf.primal.hgr,no,no,0,16,0.03,0.02976,29.5555,cut,31602,27344,no
rKaHyPar,sat14_UR-15-10p1.cnf.primal.hgr,no,no,1,16,0.03,0.03,40.475,cut,31389,26892,no
rKaHyPar,sat14_UR-15-10p1.cnf.primal.hgr,no,no,2,16,0.03,0.02968,30.7335,cut,32000,27514,no
rKaHyPar,sat14_UR-15-10p1.cnf.primal.hgr,no,no,3,16,0.03,0.02968,32.2829,cut,32055,27828,no
rKaHyPar,sat14_UR-15-10p1.cnf.primal.hgr,no,no,4,16,0.03,0.02984,32.267,cut,31800,27144,no
rKaHyPar,sat14_UR-15-10p1.cnf.primal.hgr,no,no,5,16,0.03,0.024,45.3501,cut,32419,28147,no
rKaHyPar,sat14_UR-15-10p1.cnf.primal.hgr,no,no,6,16,0.03,0.02968,30.3653,cut,32069,27576,no
rKaHyPar,sat14_UR-15-10p1.cnf.primal.hgr,no,no,7,16,0.03,0.02656,40.8948,cut,32405,27986,no
rKaHyPar,sat14_UR-15-10p1.cnf.primal.hgr,no,no,8,16,0.03,0.02968,31.3978,cut,30934,26524,no
rKaHyPar,sat14_UR-15-10p1.cnf.primal.hgr,no,no,9,16,0.03,0.02976,30.6261,cut,31902,27227,no
rKaHyPar,sat14_UR-15-10p1.cnf.primal.hgr,no,no,0,2,0.03,0.0241005,16.3083,cut,9710,9710,no
rKaHyPar,sat14_UR-15-10p1.cnf.primal.hgr,no,no,1,2,0.03,0.0229905,14.4895,cut,9728,9728,no
rKaHyPar,sat14_UR-15-10p1.cnf.primal.hgr,no,no,2,2,0.03,0.0275406,20.4968,cut,10096,10096,no
rKaHyPar,sat14_UR-15-10p1.cnf.primal.hgr,no,no,3,2,0.03,0.0246905,18.8806,cut,9560,9560,no
rKaHyPar,sat14_UR-15-10p1.cnf.primal.hgr,no,no,4,2,0.03,0.00693014,12.2365,cut,9848,9848,no
rKaHyPar,sat14_UR-15-10p1.cnf.primal.hgr,no,no,5,2,0.03,0.0261005,18.1637,cut,9386,9386,no
rKaHyPar,sat14_UR-15-10p1.cnf.primal.hgr,no,no,6,2,0.03,0.0287006,12.3583,cut,9008,9008,no
rKaHyPar,sat14_UR-15-10p1.cnf.primal.hgr,no,no,7,2,0.03,0.0267105,13.4938,cut,9464,9464,no
rKaHyPar,sat14_UR-15-10p1.cnf.primal.hgr,no,no,8,2,0.03,0.0283806,19.0604,cut,9860,9860,no
rKaHyPar,sat14_UR-15-10p1.cnf.primal.hgr,no,no,9,2,0.03,0.0296106,10.8585,cut,11106,11106,no
rKaHyPar,sat14_UR-15-10p1.cnf.primal.hgr,no,no,0,32,0.03,0.02992,37.0876,cut,43466,38575,no
rKaHyPar,sat14_UR-15-10p1.cnf.primal.hgr,no,no,1,32,0.03,0.02992,50.1854,cut,44331,39406,no
rKaHyPar,sat14_UR-15-10p1.cnf.primal.hgr,no,no,2,32,0.03,0.02992,37.7766,cut,43115,38204,no
rKaHyPar,sat14_UR-15-10p1.cnf.primal.hgr,no,no,3,32,0.03,0.02992,37.5452,cut,43467,38582,no
rKaHyPar,sat14_UR-15-10p1.cnf.primal.hgr,no,no,4,32,0.03,0.02992,37.1292,cut,43322,38331,no
rKaHyPar,sat14_UR-15-10p1.cnf.primal.hgr,no,no,5,32,0.03,0.02992,50.6729,cut,42724,37721,no
rKaHyPar,sat14_UR-15-10p1.cnf.primal.hgr,no,no,6,32,0.03,0.02992,36.2231,cut,43881,38979,no
rKaHyPar,sat14_UR-15-10p1.cnf.primal.hgr,no,no,7,32,0.03,0.02992,35.8503,cut,43320,38428,no
rKaHyPar,sat14_UR-15-10p1.cnf.primal.hgr,no,no,8,32,0.03,0.02992,37.0793,cut,42519,37466,no
rKaHyPar,sat14_UR-15-10p1.cnf.primal.hgr,no,no,9,32,0.03,0.02992,35.5786,cut,42807,37804,no
rKaHyPar,sat14_UR-15-10p1.cnf.primal.hgr,no,no,0,4,0.03,0.0282406,23.3354,cut,18740,17168,no
rKaHyPar,sat14_UR-15-10p1.cnf.primal.hgr,no,no,1,4,0.03,0.0279006,17.8452,cut,18350,16796,no
rKaHyPar,sat14_UR-15-10p1.cnf.primal.hgr,no,no,2,4,0.03,0.0259005,19.0629,cut,18840,17162,no
rKaHyPar,sat14_UR-15-10p1.cnf.primal.hgr,no,no,3,4,0.03,0.0239405,21.0223,cut,18371,17278,no
rKaHyPar,sat14_UR-15-10p1.cnf.primal.hgr,no,no,4,4,0.03,0.0277406,19.1507,cut,18580,17034,no
rKaHyPar,sat14_UR-15-10p1.cnf.primal.hgr,no,no,5,4,0.03,0.0298806,20.7343,cut,18737,16236,no
rKaHyPar,sat14_UR-15-10p1.cnf.primal.hgr,no,no,6,4,0.03,0.0236605,19.8833,cut,18231,17176,no
rKaHyPar,sat14_UR-15-10p1.cnf.primal.hgr,no,no,7,4,0.03,0.0280406,25.5915,cut,18442,17146,no
rKaHyPar,sat14_UR-15-10p1.cnf.primal.hgr,no,no,8,4,0.03,0.0209404,18.7497,cut,18414,17080,no
rKaHyPar,sat14_UR-15-10p1.cnf.primal.hgr,no,no,9,4,0.03,0.0290406,27.045,cut,18823,16162,no
rKaHyPar,sat14_UR-15-10p1.cnf.primal.hgr,no,no,0,64,0.03,0.02976,43.1228,cut,62506,57271,no
rKaHyPar,sat14_UR-15-10p1.cnf.primal.hgr,no,no,1,64,0.03,0.02976,40.7914,cut,62476,57304,no
rKaHyPar,sat14_UR-15-10p1.cnf.primal.hgr,no,no,2,64,0.03,0.02976,41.7417,cut,63902,58474,no
rKaHyPar,sat14_UR-15-10p1.cnf.primal.hgr,no,no,3,64,0.03,0.02976,55.7678,cut,62791,57514,no
rKaHyPar,sat14_UR-15-10p1.cnf.primal.hgr,no,no,4,64,0.03,0.02976,55.2014,cut,62325,57075,no
rKaHyPar,sat14_UR-15-10p1.cnf.primal.hgr,no,no,5,64,0.03,0.02976,42.3303,cut,63009,57702,no
rKaHyPar,sat14_UR-15-10p1.cnf.primal.hgr,no,no,6,64,0.03,0.02976,40.7422,cut,62597,57363,no
rKaHyPar,sat14_UR-15-10p1.cnf.primal.hgr,no,no,7,64,0.03,0.02976,55.4321,cut,62867,57714,no
rKaHyPar,sat14_UR-15-10p1.cnf.primal.hgr,no,no,8,64,0.03,0.02976,42.5961,cut,63356,58088,no
rKaHyPar,sat14_UR-15-10p1.cnf.primal.hgr,no,no,9,64,0.03,0.02976,57.4084,cut,62824,57661,no
rKaHyPar,sat14_UR-15-10p1.cnf.primal.hgr,no,no,0,8,0.03,0.028,24.6638,cut,24795,21440,no
rKaHyPar,sat14_UR-15-10p1.cnf.primal.hgr,no,no,1,8,0.03,0.02684,24.9852,cut,24273,21372,no
rKaHyPar,sat14_UR-15-10p1.cnf.primal.hgr,no,no,2,8,0.03,0.03,37.6439,cut,25884,22235,no
rKaHyPar,sat14_UR-15-10p1.cnf.primal.hgr,no,no,3,8,0.03,0.02688,34.5733,cut,25173,21918,no
rKaHyPar,sat14_UR-15-10p1.cnf.primal.hgr,no,no,4,8,0.03,0.02708,24.958,cut,25127,21448,no
rKaHyPar,sat14_UR-15-10p1.cnf.primal.hgr,no,no,5,8,0.03,0.02884,26.4516,cut,25284,21836,no
rKaHyPar,sat14_UR-15-10p1.cnf.primal.hgr,no,no,6,8,0.03,0.02156,27.0025,cut,24341,21374,no
rKaHyPar,sat14_UR-15-10p1.cnf.primal.hgr,no,no,7,8,0.03,0.02408,25.0005,cut,25290,22074,no
rKaHyPar,sat14_UR-15-10p1.cnf.primal.hgr,no,no,8,8,0.03,0.02892,25.5259,cut,24232,20344,no
rKaHyPar,sat14_UR-15-10p1.cnf.primal.hgr,no,no,9,8,0.03,0.02408,32.0241,cut,24868,21619,no
rKaHyPar,sat14_UR-20-5p0.cnf.dual.hgr,no,no,0,128,0.03,0.0299935,146.806,cut,71765,9503,no
rKaHyPar,sat14_UR-20-5p0.cnf.dual.hgr,no,no,1,128,0.03,0.029671,104.83,cut,73017,9496,no
rKaHyPar,sat14_UR-20-5p0.cnf.dual.hgr,no,no,2,128,0.03,0.0295635,106.488,cut,67706,9564,no
rKaHyPar,sat14_UR-20-5p0.cnf.dual.hgr,no,no,3,128,0.03,0.029671,105.132,cut,74372,9416,no
rKaHyPar,sat14_UR-20-5p0.cnf.dual.hgr,no,no,4,128,0.03,0.029456,104.959,cut,70682,9434,no
rKaHyPar,sat14_UR-20-5p0.cnf.dual.hgr,no,no,5,128,0.03,0.0287035,105.56,cut,69051,9463,no
rKaHyPar,sat14_UR-20-5p0.cnf.dual.hgr,no,no,6,128,0.03,0.027521,145.756,cut,71264,9511,no
rKaHyPar,sat14_UR-20-5p0.cnf.dual.hgr,no,no,7,128,0.03,0.029671,105.419,cut,77918,9554,no
rKaHyPar,sat14_UR-20-5p0.cnf.dual.hgr,no,no,8,128,0.03,0.029456,143.905,cut,73537,9538,no
rKaHyPar,sat14_UR-20-5p0.cnf.dual.hgr,no,no,9,128,0.03,0.0299935,105.16,cut,78226,9549,no
rKaHyPar,sat14_UR-20-5p0.cnf.dual.hgr,no,no,0,16,0.03,0.0252909,79.9012,cut,25008,7050,no
rKaHyPar,sat14_UR-20-5p0.cnf.dual.hgr,no,no,1,16,0.03,0.0262316,109.329,cut,24492,7228,no
rKaHyPar,sat14_UR-20-5p0.cnf.dual.hgr,no,no,2,16,0.03,0.0223748,80.154,cut,25132,7300,no
rKaHyPar,sat14_UR-20-5p0.cnf.dual.hgr,no,no,3,16,0.03,0.0273873,80.0506,cut,23951,7185,no
rKaHyPar,sat14_UR-20-5p0.cnf.dual.hgr,no,no,4,16,0.03,0.024955,81.8024,cut,27020,7249,no
rKaHyPar,sat14_UR-20-5p0.cnf.dual.hgr,no,no,5,16,0.03,0.0272126,110.453,cut,22969,7192,no
rKaHyPar,sat14_UR-20-5p0.cnf.dual.hgr,no,no,6,16,0.03,0.0297256,80.4112,cut,22516,7219,no
rKaHyPar,sat14_UR-20-5p0.cnf.dual.hgr,no,no,7,16,0.03,0.0213535,111.11,cut,23732,7163,no
rKaHyPar,sat14_UR-20-5p0.cnf.dual.hgr,no,no,8,16,0.03,0.0256807,79.1501,cut,25520,7203,no
rKaHyPar,sat14_UR-20-5p0.cnf.dual.hgr,no,no,9,16,0.03,0.0295912,80.2468,cut,22187,7088,no
rKaHyPar,sat14_UR-20-5p0.cnf.dual.hgr,no,no,0,2,0.03,0.0128336,48.1383,cut,3024,3024,no
rKaHyPar,sat14_UR-20-5p0.cnf.dual.hgr,no,no,1,2,0.03,0.0140515,33.5923,cut,2972,2972,no
rKaHyPar,sat14_UR-20-5p0.cnf.dual.hgr,no,no,2,2,0.03,0.0149317,46.6928,cut,3034,3034,no
rKaHyPar,sat14_UR-20-5p0.cnf.dual.hgr,no,no,3,2,0.03,0,33.9936,cut,2993,2993,no
rKaHyPar,sat14_UR-20-5p0.cnf.dual.hgr,no,no,4,2,0.03,0.0190338,46.4161,cut,2990,2990,no
rKaHyPar,sat14_UR-20-5p0.cnf.dual.hgr,no,no,5,2,0.03,0.0135257,34.094,cut,2937,2937,no
rKaHyPar,sat14_UR-20-5p0.cnf.dual.hgr,no,no,6,2,0.03,0.00904235,34.2142,cut,2999,2999,no
rKaHyPar,sat14_UR-20-5p0.cnf.dual.hgr,no,no,7,2,0.03,0.00613462,33.3375,cut,2974,2974,no
rKaHyPar,sat14_UR-20-5p0.cnf.dual.hgr,no,no,8,2,0.03,0.0132889,45.9117,cut,2992,2992,no
rKaHyPar,sat14_UR-20-5p0.cnf.dual.hgr,no,no,9,2,0.03,0,35.042,cut,2998,2998,no
rKaHyPar,sat14_UR-20-5p0.cnf.dual.hgr,no,no,0,32,0.03,0.0234365,87.5611,cut,41001,7916,no
rKaHyPar,sat14_UR-20-5p0.cnf.dual.hgr,no,no,1,32,0.03,0.0298868,119.483,cut,33007,7743,no
rKaHyPar,sat14_UR-20-5p0.cnf.dual.hgr,no,no,2,32,0.03,0.02986,86.8593,cut,32539,7746,no
rKaHyPar,sat14_UR-20-5p0.cnf.dual.hgr,no,no,3,32,0.03,0.0260435,120.634,cut,36789,7794,no
rKaHyPar,sat14_UR-20-5p0.cnf.dual.hgr,no,no,4,32,0.03,0.023974,88.7282,cut,33173,7826,no
rKaHyPar,sat14_UR-20-5p0.cnf.dual.hgr,no,no,5,32,0.03,0.0280861,121.692,cut,39246,7887,no
rKaHyPar,sat14_UR-20-5p0.cnf.dual.hgr,no,no,6,32,0.03,0.0273873,87.9647,cut,35601,7853,no
rKaHyPar,sat14_UR-20-5p0.cnf.dual.hgr,no,no,7,32,0.03,0.0294837,87.8443,cut,32896,7850,no
rKaHyPar,sat14_UR-20-5p0.cnf.dual.hgr,no,no,8,32,0.03,0.0264735,88.1574,cut,32651,7826,no
rKaHyPar,sat14_UR-20-5p0.cnf.dual.hgr,no,no,9,32,0.03,0.0276023,87.7431,cut,35606,7928,no
rKaHyPar,sat14_UR-20-5p0.cnf.dual.hgr,no,no,0,4,0.03,0.000134384,75.4125,cut,7550,4847,no
rKaHyPar,sat14_UR-20-5p0.cnf.dual.hgr,no,no,1,4,0.03,0.00785137,55.3119,cut,7987,4864,no
rKaHyPar,sat14_UR-20-5p0.cnf.dual.hgr,no,no,2,4,0.03,0.0106197,56.0175,cut,8147,4921,no
rKaHyPar,sat14_UR-20-5p0.cnf.dual.hgr,no,no,3,4,0.03,0.0271959,54.9833,cut,7575,4977,no
rKaHyPar,sat14_UR-20-5p0.cnf.dual.hgr,no,no,4,4,0.03,0.0131226,55.4489,cut,7770,4820,no
rKaHyPar,sat14_UR-20-5p0.cnf.dual.hgr,no,no,5,4,0.03,0.00293964,76.3813,cut,7648,4862,no
rKaHyPar,sat14_UR-20-5p0.cnf.dual.hgr,no,no,6,4,0.03,0.0254355,55.8692,cut,8325,4903,no
rKaHyPar,sat14_UR-20-5p0.cnf.dual.hgr,no,no,7,4,0.03,0.0204028,78.9498,cut,7688,4799,no
rKaHyPar,sat14_UR-20-5p0.cnf.dual.hgr,no,no,8,4,0.03,0.0294502,55.5085,cut,7563,4819,no
rKaHyPar,sat14_UR-20-5p0.cnf.dual.hgr,no,no,9,4,0.03,0.00300684,77.6122,cut,7764,4998,no
rKaHyPar,sat14_UR-20-5p0.cnf.dual.hgr,no,no,0,64,0.03,0.0296173,95.8844,cut,53860,8557,no
rKaHyPar,sat14_UR-20-5p0.cnf.dual.hgr,no,no,1,64,0.03,0.029886,96.1746,cut,50470,8571,no
rKaHyPar,sat14_UR-20-5p0.cnf.dual.hgr,no,no,2,64,0.03,0.029671,95.9392,cut,48771,8509,no
rKaHyPar,sat14_UR-20-5p0.cnf.dual.hgr,no,no,3,64,0.03,0.0297248,131.817,cut,53986,8560,no
rKaHyPar,sat14_UR-20-5p0.cnf.dual.hgr,no,no,4,64,0.03,0.0286498,133.112,cut,48227,8589,no
rKaHyPar,sat14_UR-20-5p0.cnf.dual.hgr,no,no,5,64,0.03,0.0295635,96.0169,cut,51288,8437,no
rKaHyPar,sat14_UR-20-5p0.cnf.dual.hgr,no,no,6,64,0.03,0.0299398,97.2002,cut,55144,8619,no
rKaHyPar,sat14_UR-20-5p0.cnf.dual.hgr,no,no,7,64,0.03,0.029671,133.203,cut,50449,8492,no
rKaHyPar,sat14_UR-20-5p0.cnf.dual.hgr,no,no,8,64,0.03,0.0294023,132.207,cut,54917,8480,no
rKaHyPar,sat14_UR-20-5p0.cnf.dual.hgr,no,no,9,64,0.03,0.029456,132.043,cut,48510,8764,no
rKaHyPar,sat14_UR-20-5p0.cnf.dual.hgr,no,no,0,8,0.03,0.0242831,69.5562,cut,14231,6291,no
rKaHyPar,sat14_UR-20-5p0.cnf.dual.hgr,no,no,1,8,0.03,0.0299742,78.4014,cut,15443,6384,no
rKaHyPar,sat14_UR-20-5p0.cnf.dual.hgr,no,no,2,8,0.03,0.0285497,98.6276,cut,13621,6151,no
rKaHyPar,sat14_UR-20-5p0.cnf.dual.hgr,no,no,3,8,0.03,0.0297726,94.9305,cut,15061,6322,no
rKaHyPar,sat14_UR-20-5p0.cnf.dual.hgr,no,no,4,8,0.03,0.0299406,72.552,cut,14765,6513,no
rKaHyPar,sat14_UR-20-5p0.cnf.dual.hgr,no,no,5,8,0.03,0.02603,69.7234,cut,15642,6316,no
rKaHyPar,sat14_UR-20-5p0.cnf.dual.hgr,no,no,6,8,0.03,0.0299137,106.288,cut,14945,6400,no
rKaHyPar,sat14_UR-20-5p0.cnf.dual.hgr,no,no,7,8,0.03,0.0298197,70.7677,cut,14743,6148,no
rKaHyPar,sat14_UR-20-5p0.cnf.dual.hgr,no,no,8,8,0.03,0.02005,71.4952,cut,14705,6355,no
rKaHyPar,sat14_UR-20-5p0.cnf.dual.hgr,no,no,9,8,0.03,0.027011,71.1557,cut,14932,6228,no
rKaHyPar,sat14_UR-20-5p0.cnf.hgr,no,no,0,128,0.03,0.0299231,80.9392,cut,82652,75401,no
rKaHyPar,sat14_UR-20-5p0.cnf.hgr,no,no,1,128,0.03,0.0299231,81.4461,cut,83310,76103,no
rKaHyPar,sat14_UR-20-5p0.cnf.hgr,no,no,2,128,0.03,0.0299231,80.0104,cut,82744,75457,no
rKaHyPar,sat14_UR-20-5p0.cnf.hgr,no,no,3,128,0.03,0.0299231,76.933,cut,81116,73796,no
rKaHyPar,sat14_UR-20-5p0.cnf.hgr,no,no,4,128,0.03,0.0299231,78.836,cut,81920,74179,no
rKaHyPar,sat14_UR-20-5p0.cnf.hgr,no,no,5,128,0.03,0.0299231,79.8493,cut,82606,75228,no
rKaHyPar,sat14_UR-20-5p0.cnf.hgr,no,no,6,128,0.03,0.0299231,109.269,cut,81729,74344,no
rKaHyPar,sat14_UR-20-5p0.cnf.hgr,no,no,7,128,0.03,0.0299231,78.0583,cut,82819,74771,no
rKaHyPar,sat14_UR-20-5p0.cnf.hgr,no,no,8,128,0.03,0.0299231,110.317,cut,83268,76059,no
rKaHyPar,sat14_UR-20-5p0.cnf.hgr,no,no,9,128,0.03,0.0299231,79.3202,cut,81810,74465,no
rKaHyPar,sat14_UR-20-5p0.cnf.hgr,no,no,0,16,0.03,0.0299587,51.0074,cut,31456,26003,no
rKaHyPar,sat14_UR-20-5p0.cnf.hgr,no,no,1,16,0.03,0.0249003,65.5687,cut,30813,25355,no
rKaHyPar,sat14_UR-20-5p0.cnf.hgr,no,no,2,16,0.03,0.0297449,54.1442,cut,31871,26466,no
rKaHyPar,sat14_UR-20-5p0.cnf.hgr,no,no,3,16,0.03,0.0247578,50.6309,cut,33180,28030,no
rKaHyPar,sat14_UR-20-5p0.cnf.hgr,no,no,4,16,0.03,0.0299943,49.918,cut,30738,25278,no
rKaHyPar,sat14_UR-20-5p0.cnf.hgr,no,no,5,16,0.03,0.0299231,53.6692,cut,30868,25388,no
rKaHyPar,sat14_UR-20-5p0.cnf.hgr,no,no,6,16,0.03,0.0281775,50.8824,cut,31395,25955,no
rKaHyPar,sat14_UR-20-5p0.cnf.hgr,no,no,7,16,0.03,0.0247221,70.1783,cut,32912,27771,no
rKaHyPar,sat14_UR-20-5p0.cnf.hgr,no,no,8,16,0.03,0.0298874,57.8138,cut,32257,27240,no
rKaHyPar,sat14_UR-20-5p0.cnf.hgr,no,no,9,16,0.03,0.0287475,54.2335,cut,32927,27969,no
rKaHyPar,sat14_UR-20-5p0.cnf.hgr,no,no,0,2,0.03,0.0249856,22.8831,cut,11702,11702,no
rKaHyPar,sat14_UR-20-5p0.cnf.hgr,no,no,1,2,0.03,0.0205772,17.8677,cut,11658,11658,no
rKaHyPar,sat14_UR-20-5p0.cnf.hgr,no,no,2,2,0.03,0.0217394,25.6157,cut,10985,10985,no
rKaHyPar,sat14_UR-20-5p0.cnf.hgr,no,no,3,2,0.03,0,24.0455,cut,10652,10652,no
rKaHyPar,sat14_UR-20-5p0.cnf.hgr,no,no,4,2,0.03,0.0245314,17.8147,cut,11702,11702,no
rKaHyPar,sat14_UR-20-5p0.cnf.hgr,no,no,5,2,0.03,0.0258094,17.5709,cut,11896,11896,no
rKaHyPar,sat14_UR-20-5p0.cnf.hgr,no,no,6,2,0.03,0.0185778,17.5725,cut,10924,10924,no
rKaHyPar,sat14_UR-20-5p0.cnf.hgr,no,no,7,2,0.03,0.0215168,17.0375,cut,11776,11776,no
rKaHyPar,sat14_UR-20-5p0.cnf.hgr,no,no,8,2,0.03,0.00858533,22.5022,cut,11754,11754,no
rKaHyPar,sat14_UR-20-5p0.cnf.hgr,no,no,9,2,0.03,0.00274749,19.4235,cut,11774,11774,no
rKaHyPar,sat14_UR-20-5p0.cnf.hgr,no,no,0,32,0.03,0.0299943,62.4131,cut,39878,34206,no
rKaHyPar,sat14_UR-20-5p0.cnf.hgr,no,no,1,32,0.03,0.0299943,77.2389,cut,38845,33100,no
rKaHyPar,sat14_UR-20-5p0.cnf.hgr,no,no,2,32,0.03,0.0299943,61.1717,cut,40165,34538,no
rKaHyPar,sat14_UR-20-5p0.cnf.hgr,no,no,3,32,0.03,0.0299943,57.6304,cut,40841,35300,no
rKaHyPar,sat14_UR-20-5p0.cnf.hgr,no,no,4,32,0.03,0.0299943,59.6195,cut,39648,33949,no
rKaHyPar,sat14_UR-20-5p0.cnf.hgr,no,no,5,32,0.03,0.0299943,79.4344,cut,38643,32999,no
rKaHyPar,sat14_UR-20-5p0.cnf.hgr,no,no,6,32,0.03,0.0299943,59.4495,cut,38746,33002,no
rKaHyPar,sat14_UR-20-5p0.cnf.hgr,no,no,7,32,0.03,0.0299943,58.3987,cut,39597,33979,no
rKaHyPar,sat14_UR-20-5p0.cnf.hgr,no,no,8,32,0.03,0.0299943,58.73,cut,38612,32858,no
rKaHyPar,sat14_UR-20-5p0.cnf.hgr,no,no,9,32,0.03,0.0299943,61.5794,cut,40531,35005,no
rKaHyPar,sat14_UR-20-5p0.cnf.hgr,no,no,0,4,0.03,0.0261923,40.3794,cut,20032,17094,no
rKaHyPar,sat14_UR-20-5p0.cnf.hgr,no,no,1,4,0.03,0.0230129,31.3063,cut,20223,18625,no
rKaHyPar,sat14_UR-20-5p0.cnf.hgr,no,no,2,4,0.03,0.026317,31.2287,cut,20424,18794,no
rKaHyPar,sat14_UR-20-5p0.cnf.hgr,no,no,3,4,0.03,0.0281783,30.5904,cut,20432,17536,no
rKaHyPar,sat14_UR-20-5p0.cnf.hgr,no,no,4,4,0.03,0.0290689,30.3492,cut,20506,17354,no
rKaHyPar,sat14_UR-20-5p0.cnf.hgr,no,no,5,4,0.03,0.0030191,31.5668,cut,20686,17656,no
rKaHyPar,sat14_UR-20-5p0.cnf.hgr,no,no,6,4,0.03,0.0254086,30.7407,cut,19908,18570,no
rKaHyPar,sat14_UR-20-5p0.cnf.hgr,no,no,7,4,0.03,0.0221401,39.6456,cut,19358,18316,no
rKaHyPar,sat14_UR-20-5p0.cnf.hgr,no,no,8,4,0.03,0.0210803,30.4565,cut,20190,18848,no
rKaHyPar,sat14_UR-20-5p0.cnf.hgr,no,no,9,4,0.03,0.0187113,41.8091,cut,20081,17117,no
rKaHyPar,sat14_UR-20-5p0.cnf.hgr,no,no,0,64,0.03,0.0299231,68.1902,cut,55026,48330,no
rKaHyPar,sat14_UR-20-5p0.cnf.hgr,no,no,1,64,0.03,0.0299231,69.9226,cut,54070,47933,no
rKaHyPar,sat14_UR-20-5p0.cnf.hgr,no,no,2,64,0.03,0.0299231,68.3585,cut,53838,47748,no
rKaHyPar,sat14_UR-20-5p0.cnf.hgr,no,no,3,64,0.03,0.0299231,88.6635,cut,54760,48227,no
rKaHyPar,sat14_UR-20-5p0.cnf.hgr,no,no,4,64,0.03,0.0299231,92.2211,cut,54759,48201,no
rKaHyPar,sat14_UR-20-5p0.cnf.hgr,no,no,5,64,0.03,0.0299231,71.9569,cut,53645,47571,no
rKaHyPar,sat14_UR-20-5p0.cnf.hgr,no,no,6,64,0.03,0.0299231,66.7047,cut,53208,47102,no
rKaHyPar,sat14_UR-20-5p0.cnf.hgr,no,no,7,64,0.03,0.0299231,89.1983,cut,54064,47911,no
rKaHyPar,sat14_UR-20-5p0.cnf.hgr,no,no,8,64,0.03,0.0299231,65.5122,cut,55219,49050,no
rKaHyPar,sat14_UR-20-5p0.cnf.hgr,no,no,9,64,0.03,0.0299231,91.5619,cut,54089,47898,no
rKaHyPar,sat14_UR-20-5p0.cnf.hgr,no,no,0,8,0.03,0.0195216,49.4619,cut,25640,21086,no
rKaHyPar,sat14_UR-20-5p0.cnf.hgr,no,no,1,8,0.03,0.0299948,40.4531,cut,26049,22586,no
rKaHyPar,sat14_UR-20-5p0.cnf.hgr,no,no,2,8,0.03,0.0250966,57.3347,cut,26521,21715,no
rKaHyPar,sat14_UR-20-5p0.cnf.hgr,no,no,3,8,0.03,0.0250966,55.2385,cut,27167,23633,no
rKaHyPar,sat14_UR-20-5p0.cnf.hgr,no,no,4,8,0.03,0.026949,42.2577,cut,26046,21278,no
rKaHyPar,sat14_UR-20-5p0.cnf.hgr,no,no,5,8,0.03,0.0209643,43.3853,cut,26247,21129,no
rKaHyPar,sat14_UR-20-5p0.cnf.hgr,no,no,6,8,0.03,0.0291755,43.963,cut,25716,20950,no
rKaHyPar,sat14_UR-20-5p0.cnf.hgr,no,no,7,8,0.03,0.0299592,42.289,cut,26564,22809,no
rKaHyPar,sat14_UR-20-5p0.cnf.hgr,no,no,8,8,0.03,0.0223714,44.1528,cut,26086,22722,no
rKaHyPar,sat14_UR-20-5p0.cnf.hgr,no,no,9,8,0.03,0.0173129,44.2284,cut,25581,20979,no
rKaHyPar,sat14_UR-20-5p0.cnf.primal.hgr,no,no,0,128,0.03,0.0296296,81.9353,cut,103585,97335,no
rKaHyPar,sat14_UR-20-5p0.cnf.primal.hgr,no,no,1,128,0.03,0.0296296,59.2761,cut,103677,97350,no
rKaHyPar,sat14_UR-20-5p0.cnf.primal.hgr,no,no,2,128,0.03,0.0296296,59.0403,cut,103012,96854,no
rKaHyPar,sat14_UR-20-5p0.cnf.primal.hgr,no,no,3,128,0.03,0.0296296,61.6841,cut,104634,98391,no
rKaHyPar,sat14_UR-20-5p0.cnf.primal.hgr,no,no,4,128,0.03,0.0296296,58.6955,cut,103438,97156,no
rKaHyPar,sat14_UR-20-5p0.cnf.primal.hgr,no,no,5,128,0.03,0.0296296,59.3797,cut,103961,97814,no
rKaHyPar,sat14_UR-20-5p0.cnf.primal.hgr,no,no,6,128,0.03,0.0296296,80.9327,cut,104590,98415,no
rKaHyPar,sat14_UR-20-5p0.cnf.primal.hgr,no,no,7,128,0.03,0.0296296,59.3446,cut,104834,98538,no
rKaHyPar,sat14_UR-20-5p0.cnf.primal.hgr,no,no,8,128,0.03,0.0296296,80.9349,cut,104612,98403,no
rKaHyPar,sat14_UR-20-5p0.cnf.primal.hgr,no,no,9,128,0.03,0.0296296,59.0468,cut,103390,97209,no
rKaHyPar,sat14_UR-20-5p0.cnf.primal.hgr,no,no,0,16,0.03,0.0299943,38.3919,cut,33418,28052,no
rKaHyPar,sat14_UR-20-5p0.cnf.primal.hgr,no,no,1,16,0.03,0.0299943,51.4928,cut,33627,28419,no
rKaHyPar,sat14_UR-20-5p0.cnf.primal.hgr,no,no,2,16,0.03,0.0297806,36.8284,cut,33908,28614,no
rKaHyPar,sat14_UR-20-5p0.cnf.primal.hgr,no,no,3,16,0.03,0.0299943,38.3749,cut,33696,28497,no
rKaHyPar,sat14_UR-20-5p0.cnf.primal.hgr,no,no,4,16,0.03,0.0299943,36.6968,cut,33512,28091,no
rKaHyPar,sat14_UR-20-5p0.cnf.primal.hgr,no,no,5,16,0.03,0.0299943,39.6169,cut,33429,28031,no
rKaHyPar,sat14_UR-20-5p0.cnf.primal.hgr,no,no,6,16,0.03,0.0299943,37.3453,cut,33339,27938,no
rKaHyPar,sat14_UR-20-5p0.cnf.primal.hgr,no,no,7,16,0.03,0.0297806,49.4591,cut,33224,27962,no
rKaHyPar,sat14_UR-20-5p0.cnf.primal.hgr,no,no,8,16,0.03,0.0299943,38.2709,cut,33627,28139,no
rKaHyPar,sat14_UR-20-5p0.cnf.primal.hgr,no,no,9,16,0.03,0.0218011,37.0005,cut,33532,27974,no
rKaHyPar,sat14_UR-20-5p0.cnf.primal.hgr,no,no,0,2,0.03,0.0294429,18.4524,cut,11872,11872,no
rKaHyPar,sat14_UR-20-5p0.cnf.primal.hgr,no,no,1,2,0.03,0.0223895,12.5318,cut,11934,11934,no
rKaHyPar,sat14_UR-20-5p0.cnf.primal.hgr,no,no,2,2,0.03,0.0261923,19.7887,cut,12060,12060,no
rKaHyPar,sat14_UR-20-5p0.cnf.primal.hgr,no,no,3,2,0.03,0.011836,14.4038,cut,12070,12070,no
rKaHyPar,sat14_UR-20-5p0.cnf.primal.hgr,no,no,4,2,0.03,0.0185955,15.895,cut,11908,11908,no
rKaHyPar,sat14_UR-20-5p0.cnf.primal.hgr,no,no,5,2,0.03,0.013252,12.8447,cut,11924,11924,no
rKaHyPar,sat14_UR-20-5p0.cnf.primal.hgr,no,no,6,2,0.03,0.0145255,16.7764,cut,12090,12090,no
rKaHyPar,sat14_UR-20-5p0.cnf.primal.hgr,no,no,7,2,0.03,0.0240994,12.5107,cut,11888,11888,no
rKaHyPar,sat14_UR-20-5p0.cnf.primal.hgr,no,no,8,2,0.03,0.0117202,20.441,cut,11964,11964,no
rKaHyPar,sat14_UR-20-5p0.cnf.primal.hgr,no,no,9,2,0.03,0.0240994,12.6459,cut,11888,11888,no
rKaHyPar,sat14_UR-20-5p0.cnf.primal.hgr,no,no,0,32,0.03,0.0299231,43.8411,cut,44288,38652,no
rKaHyPar,sat14_UR-20-5p0.cnf.primal.hgr,no,no,1,32,0.03,0.0299231,57.3998,cut,44498,38866,no
rKaHyPar,sat14_UR-20-5p0.cnf.primal.hgr,no,no,2,32,0.03,0.0299231,43.2571,cut,44627,38935,no
rKaHyPar,sat14_UR-20-5p0.cnf.primal.hgr,no,no,3,32,0.03,0.0299231,58.3918,cut,44545,38923,no
rKaHyPar,sat14_UR-20-5p0.cnf.primal.hgr,no,no,4,32,0.03,0.0299231,44.6508,cut,44552,38905,no
rKaHyPar,sat14_UR-20-5p0.cnf.primal.hgr,no,no,5,32,0.03,0.0299231,60.1541,cut,45635,40066,no
rKaHyPar,sat14_UR-20-5p0.cnf.primal.hgr,no,no,6,32,0.03,0.0299231,44.0006,cut,45433,39863,no
rKaHyPar,sat14_UR-20-5p0.cnf.primal.hgr,no,no,7,32,0.03,0.0299231,44.0977,cut,44820,39234,no
rKaHyPar,sat14_UR-20-5p0.cnf.primal.hgr,no,no,8,32,0.03,0.0299231,44.0445,cut,45196,39470,no
rKaHyPar,sat14_UR-20-5p0.cnf.primal.hgr,no,no,9,32,0.03,0.0299231,42.3411,cut,44876,39238,no
rKaHyPar,sat14_UR-20-5p0.cnf.primal.hgr,no,no,0,4,0.03,0.0236183,33.6413,cut,20622,17864,no
rKaHyPar,sat14_UR-20-5p0.cnf.primal.hgr,no,no,1,4,0.03,0.0291577,22.9089,cut,20460,17784,no
rKaHyPar,sat14_UR-20-5p0.cnf.primal.hgr,no,no,2,4,0.03,0.0291577,23.4403,cut,20456,17678,no
rKaHyPar,sat14_UR-20-5p0.cnf.primal.hgr,no,no,3,4,0.03,0.0264325,24.1743,cut,20708,17902,no
rKaHyPar,sat14_UR-20-5p0.cnf.primal.hgr,no,no,4,4,0.03,0.0298523,22.3681,cut,20576,17752,no
rKaHyPar,sat14_UR-20-5p0.cnf.primal.hgr,no,no,5,4,0.03,0.028659,30.5886,cut,20760,17972,no
rKaHyPar,sat14_UR-20-5p0.cnf.primal.hgr,no,no,6,4,0.03,0.0269847,25.0379,cut,20875,18026,no
rKaHyPar,sat14_UR-20-5p0.cnf.primal.hgr,no,no,7,4,0.03,0.0298523,29.9273,cut,20674,17698,no
rKaHyPar,sat14_UR-20-5p0.cnf.primal.hgr,no,no,8,4,0.03,0.0298523,22.1225,cut,20994,17866,no
rKaHyPar,sat14_UR-20-5p0.cnf.primal.hgr,no,no,9,4,0.03,0.0298523,30.956,cut,20570,17854,no
rKaHyPar,sat14_UR-20-5p0.cnf.primal.hgr,no,no,0,64,0.03,0.0299231,50.3308,cut,65039,59203,no
rKaHyPar,sat14_UR-20-5p0.cnf.primal.hgr,no,no,1,64,0.03,0.0299231,49.9634,cut,65362,59496,no
rKaHyPar,sat14_UR-20-5p0.cnf.primal.hgr,no,no,2,64,0.03,0.0299231,49.5172,cut,64963,59044,no
rKaHyPar,sat14_UR-20-5p0.cnf.primal.hgr,no,no,3,64,0.03,0.0299231,72.4373,cut,65580,59740,no
rKaHyPar,sat14_UR-20-5p0.cnf.primal.hgr,no,no,4,64,0.03,0.0299231,66.4046,cut,65853,59962,no
rKaHyPar,sat14_UR-20-5p0.cnf.primal.hgr,no,no,5,64,0.03,0.0299231,49.9897,cut,65703,59841,no
rKaHyPar,sat14_UR-20-5p0.cnf.primal.hgr,no,no,6,64,0.03,0.0299231,50.0318,cut,65819,59975,no
rKaHyPar,sat14_UR-20-5p0.cnf.primal.hgr,no,no,7,64,0.03,0.0299231,70.2024,cut,65842,59903,no
rKaHyPar,sat14_UR-20-5p0.cnf.primal.hgr,no,no,8,64,0.03,0.0299231,68.2561,cut,65528,59620,no
rKaHyPar,sat14_UR-20-5p0.cnf.primal.hgr,no,no,9,64,0.03,0.0299231,67.3368,cut,64913,59083,no
rKaHyPar,sat14_UR-20-5p0.cnf.primal.hgr,no,no,0,8,0.03,0.0261471,32.8979,cut,27044,22490,no
rKaHyPar,sat14_UR-20-5p0.cnf.primal.hgr,no,no,1,8,0.03,0.0253634,30.0716,cut,27066,22382,no
rKaHyPar,sat14_UR-20-5p0.cnf.primal.hgr,no,no,2,8,0.03,0.0298874,43.7815,cut,27467,22773,no
rKaHyPar,sat14_UR-20-5p0.cnf.primal.hgr,no,no,3,8,0.03,0.0171701,46.0695,cut,26745,22448,no
rKaHyPar,sat14_UR-20-5p0.cnf.primal.hgr,no,no,4,8,0.03,0.0287475,34.1863,cut,26659,22238,no
rKaHyPar,sat14_UR-20-5p0.cnf.primal.hgr,no,no,5,8,0.03,0.0227985,37.6377,cut,26804,22224,no
rKaHyPar,sat14_UR-20-5p0.cnf.primal.hgr,no,no,6,8,0.03,0.0299943,47.2588,cut,27267,22627,no
rKaHyPar,sat14_UR-20-5p0.cnf.primal.hgr,no,no,7,8,0.03,0.0228341,31.1814,cut,26920,22272,no
rKaHyPar,sat14_UR-20-5p0.cnf.primal.hgr,no,no,8,8,0.03,0.0227273,30.3249,cut,27033,22744,no
rKaHyPar,sat14_UR-20-5p0.cnf.primal.hgr,no,no,9,8,0.03,0.0270732,35.3685,cut,27090,22540,no
rKaHyPar,sat14_UTI-20-10p1.cnf.dual.hgr,no,no,0,128,0.03,0.0295308,139.406,cut,32172,13083,no
rKaHyPar,sat14_UTI-20-10p1.cnf.dual.hgr,no,no,1,128,0.03,0.0293468,194.196,cut,31907,13270,no
rKaHyPar,sat14_UTI-20-10p1.cnf.dual.hgr,no,no,2,128,0.03,0.0297148,139.495,cut,32558,13043,no
rKaHyPar,sat14_UTI-20-10p1.cnf.dual.hgr,no,no,3,128,0.03,0.0288868,139.959,cut,32697,13192,no
rKaHyPar,sat14_UTI-20-10p1.cnf.dual.hgr,no,no,4,128,0.03,0.0294388,140.542,cut,32409,13055,no
rKaHyPar,sat14_UTI-20-10p1.cnf.dual.hgr,no,no,5,128,0.03,0.0295308,139.099,cut,31036,13198,no
rKaHyPar,sat14_UTI-20-10p1.cnf.dual.hgr,no,no,6,128,0.03,0.0299908,195.799,cut,31992,13012,no
rKaHyPar,sat14_UTI-20-10p1.cnf.dual.hgr,no,no,7,128,0.03,0.0283349,139.79,cut,31613,13158,no
rKaHyPar,sat14_UTI-20-10p1.cnf.dual.hgr,no,no,8,128,0.03,0.0296228,195.69,cut,31954,13187,no
rKaHyPar,sat14_UTI-20-10p1.cnf.dual.hgr,no,no,9,128,0.03,0.0298988,139.856,cut,32356,12783,no
rKaHyPar,sat14_UTI-20-10p1.cnf.dual.hgr,no,no,0,16,0.03,0.0136509,97.2804,cut,3166,2235,no
rKaHyPar,sat14_UTI-20-10p1.cnf.dual.hgr,no,no,1,16,0.03,0.0120293,132.659,cut,2848,2235,no
rKaHyPar,sat14_UTI-20-10p1.cnf.dual.hgr,no,no,2,16,0.03,0.0126159,97.1306,cut,3137,2235,no
rKaHyPar,sat14_UTI-20-10p1.cnf.dual.hgr,no,no,3,16,0.03,0.0138924,97.0205,cut,3003,2235,no
rKaHyPar,sat14_UTI-20-10p1.cnf.dual.hgr,no,no,4,16,0.03,0.0123629,98.0732,cut,3078,2235,no
rKaHyPar,sat14_UTI-20-10p1.cnf.dual.hgr,no,no,5,16,0.03,0.0127654,97.8618,cut,2889,2235,no
rKaHyPar,sat14_UTI-20-10p1.cnf.dual.hgr,no,no,6,16,0.03,0.0133634,98.0815,cut,2778,2235,no
rKaHyPar,sat14_UTI-20-10p1.cnf.dual.hgr,no,no,7,16,0.03,0.0138119,134.551,cut,2691,2235,no
rKaHyPar,sat14_UTI-20-10p1.cnf.dual.hgr,no,no,8,16,0.03,0.0142719,97.993,cut,2827,2235,no
rKaHyPar,sat14_UTI-20-10p1.cnf.dual.hgr,no,no,9,16,0.03,0.0124664,98.3188,cut,3252,2235,no
rKaHyPar,sat14_UTI-20-10p1.cnf.dual.hgr,no,no,0,2,0.03,0.00219801,54.4795,cut,149,149,no
rKaHyPar,sat14_UTI-20-10p1.cnf.dual.hgr,no,no,1,2,0.03,0.00219801,56.02,cut,149,149,no
rKaHyPar,sat14_UTI-20-10p1.cnf.dual.hgr,no,no,2,2,0.03,0.00219801,58.1705,cut,149,149,no
rKaHyPar,sat14_UTI-20-10p1.cnf.dual.hgr,no,no,3,2,0.03,0.00219801,43.9806,cut,149,149,no
rKaHyPar,sat14_UTI-20-10p1.cnf.dual.hgr,no,no,4,2,0.03,0.00219801,40.7957,cut,149,149,no
rKaHyPar,sat14_UTI-20-10p1.cnf.dual.hgr,no,no,5,2,0.03,0.00219801,39.7378,cut,149,149,no
rKaHyPar,sat14_UTI-20-10p1.cnf.dual.hgr,no,no,6,2,0.03,0.00219801,43.1494,cut,149,149,no
rKaHyPar,sat14_UTI-20-10p1.cnf.dual.hgr,no,no,7,2,0.03,0.00219801,41.1018,cut,149,149,no
rKaHyPar,sat14_UTI-20-10p1.cnf.dual.hgr,no,no,8,2,0.03,0.00219801,59.726,cut,149,149,no
rKaHyPar,sat14_UTI-20-10p1.cnf.dual.hgr,no,no,9,2,0.03,0.00219801,40.4429,cut,149,149,no
rKaHyPar,sat14_UTI-20-10p1.cnf.dual.hgr,no,no,0,32,0.03,0.0299699,112.226,cut,6444,4825,no
rKaHyPar,sat14_UTI-20-10p1.cnf.dual.hgr,no,no,1,32,0.03,0.0285438,153.191,cut,6741,4829,no
rKaHyPar,sat14_UTI-20-10p1.cnf.dual.hgr,no,no,2,32,0.03,0.0297859,111.223,cut,6585,4822,no
rKaHyPar,sat14_UTI-20-10p1.cnf.dual.hgr,no,no,3,32,0.03,0.0299239,112.038,cut,6672,4808,no
rKaHyPar,sat14_UTI-20-10p1.cnf.dual.hgr,no,no,4,32,0.03,0.0299469,111.237,cut,6454,4826,no
rKaHyPar,sat14_UTI-20-10p1.cnf.dual.hgr,no,no,5,32,0.03,0.0299929,154.434,cut,6305,4814,no
rKaHyPar,sat14_UTI-20-10p1.cnf.dual.hgr,no,no,6,32,0.03,0.0296709,111.852,cut,6511,4823,no
rKaHyPar,sat14_UTI-20-10p1.cnf.dual.hgr,no,no,7,32,0.03,0.0287738,112.097,cut,6470,4820,no
rKaHyPar,sat14_UTI-20-10p1.cnf.dual.hgr,no,no,8,32,0.03,0.0278768,112.272,cut,6488,4833,no
rKaHyPar,sat14_UTI-20-10p1.cnf.dual.hgr,no,no,9,32,0.03,0.0299929,154.671,cut,6344,4833,no
rKaHyPar,sat14_UTI-20-10p1.cnf.dual.hgr,no,no,0,4,0.03,0.00266521,64.9491,cut,447,447,no
rKaHyPar,sat14_UTI-20-10p1.cnf.dual.hgr,no,no,1,4,0.03,0.00219657,66.1661,cut,588,447,no
rKaHyPar,sat14_UTI-20-10p1.cnf.dual.hgr,no,no,2,4,0.03,0.00219657,66.0453,cut,588,447,no
rKaHyPar,sat14_UTI-20-10p1.cnf.dual.hgr,no,no,3,4,0.03,0.00266521,67.7872,cut,447,447,no
rKaHyPar,sat14_UTI-20-10p1.cnf.dual.hgr,no,no,4,4,0.03,0.00288659,66.2818,cut,447,447,no
rKaHyPar,sat14_UTI-20-10p1.cnf.dual.hgr,no,no,5,4,0.03,0.00266521,64.536,cut,447,447,no
rKaHyPar,sat14_UTI-20-10p1.cnf.dual.hgr,no,no,6,4,0.03,0.00219657,66.5101,cut,588,447,no
rKaHyPar,sat14_UTI-20-10p1.cnf.dual.hgr,no,no,7,4,0.03,0.00219657,90.2932,cut,588,447,no
rKaHyPar,sat14_UTI-20-10p1.cnf.dual.hgr,no,no,8,4,0.03,0.00219657,67.4362,cut,588,447,no
rKaHyPar,sat14_UTI-20-10p1.cnf.dual.hgr,no,no,9,4,0.03,0.00219657,66.0771,cut,588,447,no
rKaHyPar,sat14_UTI-20-10p1.cnf.dual.hgr,no,no,0,64,0.03,0.0298542,129.467,cut,16480,11495,no
rKaHyPar,sat14_UTI-20-10p1.cnf.dual.hgr,no,no,1,64,0.03,0.0283822,128.901,cut,16676,11423,no
rKaHyPar,sat14_UTI-20-10p1.cnf.dual.hgr,no,no,2,64,0.03,0.0284282,128.475,cut,16300,11496,no
rKaHyPar,sat14_UTI-20-10p1.cnf.dual.hgr,no,no,3,64,0.03,0.0299922,180.617,cut,16433,11431,no
rKaHyPar,sat14_UTI-20-10p1.cnf.dual.hgr,no,no,4,64,0.03,0.0292102,178.994,cut,17648,11417,no
rKaHyPar,sat14_UTI-20-10p1.cnf.dual.hgr,no,no,5,64,0.03,0.0284282,129.96,cut,16999,11411,no
rKaHyPar,sat14_UTI-20-10p1.cnf.dual.hgr,no,no,6,64,0.03,0.0286582,130.172,cut,16812,11416,no
rKaHyPar,sat14_UTI-20-10p1.cnf.dual.hgr,no,no,7,64,0.03,0.0297162,179.152,cut,16876,11303,no
rKaHyPar,sat14_UTI-20-10p1.cnf.dual.hgr,no,no,8,64,0.03,0.0299462,129.487,cut,16091,11472,no
rKaHyPar,sat14_UTI-20-10p1.cnf.dual.hgr,no,no,9,64,0.03,0.0286582,178.032,cut,16790,11474,no
rKaHyPar,sat14_UTI-20-10p1.cnf.dual.hgr,no,no,0,8,0.03,0.0125986,83.6806,cut,1393,1043,no
rKaHyPar,sat14_UTI-20-10p1.cnf.dual.hgr,no,no,1,8,0.03,0.0120351,83.4916,cut,1401,1043,no
rKaHyPar,sat14_UTI-20-10p1.cnf.dual.hgr,no,no,2,8,0.03,0.0125986,114.422,cut,1390,1043,no
rKaHyPar,sat14_UTI-20-10p1.cnf.dual.hgr,no,no,3,8,0.03,0.0120351,114.916,cut,1466,1043,no
rKaHyPar,sat14_UTI-20-10p1.cnf.dual.hgr,no,no,4,8,0.03,0.0125986,85.0423,cut,1324,1043,no
rKaHyPar,sat14_UTI-20-10p1.cnf.dual.hgr,no,no,5,8,0.03,0.0126101,82.767,cut,1225,1043,no
rKaHyPar,sat14_UTI-20-10p1.cnf.dual.hgr,no,no,6,8,0.03,0.0122421,82.9074,cut,1333,1043,no
rKaHyPar,sat14_UTI-20-10p1.cnf.dual.hgr,no,no,7,8,0.03,0.0120236,83.4831,cut,1184,1043,no
rKaHyPar,sat14_UTI-20-10p1.cnf.dual.hgr,no,no,8,8,0.03,0.0125986,83.4903,cut,1464,1043,no
rKaHyPar,sat14_UTI-20-10p1.cnf.dual.hgr,no,no,9,8,0.03,0.0120523,83.6716,cut,1396,1043,no
rKaHyPar,sat14_UTI-20-10p1.cnf.hgr,no,no,0,128,0.03,0.0299902,133.983,cut,84179,82858,no
rKaHyPar,sat14_UTI-20-10p1.cnf.hgr,no,no,1,128,0.03,0.0299902,132.325,cut,83962,82623,no
rKaHyPar,sat14_UTI-20-10p1.cnf.hgr,no,no,2,128,0.03,0.0299902,95.3115,cut,83917,82550,no
rKaHyPar,sat14_UTI-20-10p1.cnf.hgr,no,no,3,128,0.03,0.0299902,94.2915,cut,83604,82146,no
rKaHyPar,sat14_UTI-20-10p1.cnf.hgr,no,no,4,128,0.03,0.0299902,97.924,cut,84262,83071,no
rKaHyPar,sat14_UTI-20-10p1.cnf.hgr,no,no,5,128,0.03,0.0299902,98.1784,cut,83831,82653,no
rKaHyPar,sat14_UTI-20-10p1.cnf.hgr,no,no,6,128,0.03,0.0299902,127.46,cut,83959,82616,no
rKaHyPar,sat14_UTI-20-10p1.cnf.hgr,no,no,7,128,0.03,0.0299902,97.489,cut,84011,82855,no
rKaHyPar,sat14_UTI-20-10p1.cnf.hgr,no,no,8,128,0.03,0.0299902,131.016,cut,84228,82609,no
rKaHyPar,sat14_UTI-20-10p1.cnf.hgr,no,no,9,128,0.03,0.0299902,98.0728,cut,84149,82626,no
rKaHyPar,sat14_UTI-20-10p1.cnf.hgr,no,no,0,16,0.03,0.0163476,70.381,cut,9591,9591,no
rKaHyPar,sat14_UTI-20-10p1.cnf.hgr,no,no,1,16,0.03,0.0163476,92.6612,cut,9591,9591,no
rKaHyPar,sat14_UTI-20-10p1.cnf.hgr,no,no,2,16,0.03,0.0163476,72.296,cut,9591,9591,no
rKaHyPar,sat14_UTI-20-10p1.cnf.hgr,no,no,3,16,0.03,0.0163476,69.4656,cut,9591,9591,no
rKaHyPar,sat14_UTI-20-10p1.cnf.hgr,no,no,4,16,0.03,0.0163476,69.8633,cut,9591,9591,no
rKaHyPar,sat14_UTI-20-10p1.cnf.hgr,no,no,5,16,0.03,0.0163476,72.3571,cut,9591,9591,no
rKaHyPar,sat14_UTI-20-10p1.cnf.hgr,no,no,6,16,0.03,0.0163476,67.9717,cut,9592,9591,no
rKaHyPar,sat14_UTI-20-10p1.cnf.hgr,no,no,7,16,0.03,0.0163476,95.7015,cut,9591,9591,no
rKaHyPar,sat14_UTI-20-10p1.cnf.hgr,no,no,8,16,0.03,0.0163476,68.3906,cut,9591,9591,no
rKaHyPar,sat14_UTI-20-10p1.cnf.hgr,no,no,9,16,0.03,0.0163476,68.8542,cut,9592,9591,no
rKaHyPar,sat14_UTI-20-10p1.cnf.hgr,no,no,0,2,0.03,0.001813,56.6524,cut,638,638,no
rKaHyPar,sat14_UTI-20-10p1.cnf.hgr,no,no,1,2,0.03,0.001813,90.1234,cut,638,638,no
rKaHyPar,sat14_UTI-20-10p1.cnf.hgr,no,no,2,2,0.03,0.001813,63.3643,cut,638,638,no
rKaHyPar,sat14_UTI-20-10p1.cnf.hgr,no,no,3,2,0.03,0.00227393,70.7294,cut,638,638,no
rKaHyPar,sat14_UTI-20-10p1.cnf.hgr,no,no,4,2,0.03,0.00227393,61.9851,cut,638,638,no
rKaHyPar,sat14_UTI-20-10p1.cnf.hgr,no,no,5,2,0.03,0.001813,56.7772,cut,638,638,no
rKaHyPar,sat14_UTI-20-10p1.cnf.hgr,no,no,6,2,0.03,0.00227393,59.679,cut,638,638,no
rKaHyPar,sat14_UTI-20-10p1.cnf.hgr,no,no,7,2,0.03,0.00227393,59.8406,cut,638,638,no
rKaHyPar,sat14_UTI-20-10p1.cnf.hgr,no,no,8,2,0.03,0.00227393,86.5824,cut,638,638,no
rKaHyPar,sat14_UTI-20-10p1.cnf.hgr,no,no,9,2,0.03,0.001813,59.786,cut,638,638,no
rKaHyPar,sat14_UTI-20-10p1.cnf.hgr,no,no,0,32,0.03,0.0299902,78.0845,cut,21291,21289,no
rKaHyPar,sat14_UTI-20-10p1.cnf.hgr,no,no,1,32,0.03,0.0299902,97.7825,cut,21204,21166,no
rKaHyPar,sat14_UTI-20-10p1.cnf.hgr,no,no,2,32,0.03,0.0299902,76.6454,cut,21430,21418,no
rKaHyPar,sat14_UTI-20-10p1.cnf.hgr,no,no,3,32,0.03,0.0299902,100.862,cut,21247,21231,no
rKaHyPar,sat14_UTI-20-10p1.cnf.hgr,no,no,4,32,0.03,0.0299902,75.7807,cut,21776,21754,no
rKaHyPar,sat14_UTI-20-10p1.cnf.hgr,no,no,5,32,0.03,0.0299902,106.45,cut,21222,21186,no
rKaHyPar,sat14_UTI-20-10p1.cnf.hgr,no,no,6,32,0.03,0.0299902,73.5424,cut,21175,21148,no
rKaHyPar,sat14_UTI-20-10p1.cnf.hgr,no,no,7,32,0.03,0.0299902,78.2618,cut,21587,21583,no
rKaHyPar,sat14_UTI-20-10p1.cnf.hgr,no,no,8,32,0.03,0.0299902,75.7468,cut,21296,21270,no
rKaHyPar,sat14_UTI-20-10p1.cnf.hgr,no,no,9,32,0.03,0.0299902,103.164,cut,21249,21229,no
rKaHyPar,sat14_UTI-20-10p1.cnf.hgr,no,no,0,4,0.03,0.0121609,67.5315,cut,1914,1914,no
rKaHyPar,sat14_UTI-20-10p1.cnf.hgr,no,no,1,4,0.03,0.0127064,65.9409,cut,1914,1914,no
rKaHyPar,sat14_UTI-20-10p1.cnf.hgr,no,no,2,4,0.03,0.0121609,72.6766,cut,1914,1914,no
rKaHyPar,sat14_UTI-20-10p1.cnf.hgr,no,no,3,4,0.03,0.0127064,64.5191,cut,1914,1914,no
rKaHyPar,sat14_UTI-20-10p1.cnf.hgr,no,no,4,4,0.03,0.0127064,65.971,cut,1914,1914,no
rKaHyPar,sat14_UTI-20-10p1.cnf.hgr,no,no,5,4,0.03,0.0121609,97.1276,cut,1914,1914,no
rKaHyPar,sat14_UTI-20-10p1.cnf.hgr,no,no,6,4,0.03,0.0127064,75.5089,cut,1914,1914,no
rKaHyPar,sat14_UTI-20-10p1.cnf.hgr,no,no,7,4,0.03,0.0121609,90.3285,cut,1914,1914,no
rKaHyPar,sat14_UTI-20-10p1.cnf.hgr,no,no,8,4,0.03,0.0127064,75.5189,cut,1914,1914,no
rKaHyPar,sat14_UTI-20-10p1.cnf.hgr,no,no,9,4,0.03,0.0121609,68.5525,cut,1914,1914,no
rKaHyPar,sat14_UTI-20-10p1.cnf.hgr,no,no,0,64,0.03,0.0299902,83.203,cut,44725,44538,no
rKaHyPar,sat14_UTI-20-10p1.cnf.hgr,no,no,1,64,0.03,0.0299902,84.3057,cut,44333,44054,no
rKaHyPar,sat14_UTI-20-10p1.cnf.hgr,no,no,2,64,0.03,0.0299902,84.0398,cut,44676,44396,no
rKaHyPar,sat14_UTI-20-10p1.cnf.hgr,no,no,3,64,0.03,0.0299902,113.145,cut,44865,44619,no
rKaHyPar,sat14_UTI-20-10p1.cnf.hgr,no,no,4,64,0.03,0.0299902,113.493,cut,45850,45546,no
rKaHyPar,sat14_UTI-20-10p1.cnf.hgr,no,no,5,64,0.03,0.0299902,89.2087,cut,44704,44405,no
rKaHyPar,sat14_UTI-20-10p1.cnf.hgr,no,no,6,64,0.03,0.0299902,82.7002,cut,44716,44552,no
rKaHyPar,sat14_UTI-20-10p1.cnf.hgr,no,no,7,64,0.03,0.0299902,113.073,cut,46300,45603,no
rKaHyPar,sat14_UTI-20-10p1.cnf.hgr,no,no,8,64,0.03,0.0299902,82.8284,cut,45534,45245,no
rKaHyPar,sat14_UTI-20-10p1.cnf.hgr,no,no,9,64,0.03,0.0299902,110.764,cut,45108,44897,no
rKaHyPar,sat14_UTI-20-10p1.cnf.hgr,no,no,0,8,0.03,0.0134898,70.8231,cut,4467,4467,no
rKaHyPar,sat14_UTI-20-10p1.cnf.hgr,no,no,1,8,0.03,0.013751,66.0297,cut,4467,4467,no
rKaHyPar,sat14_UTI-20-10p1.cnf.hgr,no,no,2,8,0.03,0.0134898,89.7483,cut,4467,4467,no
rKaHyPar,sat14_UTI-20-10p1.cnf.hgr,no,no,3,8,0.03,0.0134898,92.3996,cut,4467,4467,no
rKaHyPar,sat14_UTI-20-10p1.cnf.hgr,no,no,4,8,0.03,0.0134898,68.1043,cut,4467,4467,no
rKaHyPar,sat14_UTI-20-10p1.cnf.hgr,no,no,5,8,0.03,0.0134898,71.5,cut,4467,4467,no
rKaHyPar,sat14_UTI-20-10p1.cnf.hgr,no,no,6,8,0.03,0.0134898,90.4272,cut,4467,4467,no
rKaHyPar,sat14_UTI-20-10p1.cnf.hgr,no,no,7,8,0.03,0.0134898,66.153,cut,4467,4467,no
rKaHyPar,sat14_UTI-20-10p1.cnf.hgr,no,no,8,8,0.03,0.0134898,67.0155,cut,4467,4467,no
rKaHyPar,sat14_UTI-20-10p1.cnf.hgr,no,no,9,8,0.03,0.0134898,69.1551,cut,4467,4467,no
rKaHyPar,sat14_UTI-20-10p1.cnf.primal.hgr,no,no,0,128,0.03,0.0299902,67.6131,cut,111249,111099,no
rKaHyPar,sat14_UTI-20-10p1.cnf.primal.hgr,no,no,1,128,0.03,0.0299902,90.4403,cut,110752,110622,no
rKaHyPar,sat14_UTI-20-10p1.cnf.primal.hgr,no,no,2,128,0.03,0.0299902,70.6225,cut,110996,110804,no
rKaHyPar,sat14_UTI-20-10p1.cnf.primal.hgr,no,no,3,128,0.03,0.0299902,69.7124,cut,110512,110325,no
rKaHyPar,sat14_UTI-20-10p1.cnf.primal.hgr,no,no,4,128,0.03,0.0299902,67.8515,cut,111068,110907,no
rKaHyPar,sat14_UTI-20-10p1.cnf.primal.hgr,no,no,5,128,0.03,0.0299902,67.8774,cut,110646,110446,no
rKaHyPar,sat14_UTI-20-10p1.cnf.primal.hgr,no,no,6,128,0.03,0.0299902,68.6713,cut,110523,110323,no
rKaHyPar,sat14_UTI-20-10p1.cnf.primal.hgr,no,no,7,128,0.03,0.0299902,68.2608,cut,110954,110784,no
rKaHyPar,sat14_UTI-20-10p1.cnf.primal.hgr,no,no,8,128,0.03,0.0299902,92.1274,cut,111623,111434,no
rKaHyPar,sat14_UTI-20-10p1.cnf.primal.hgr,no,no,9,128,0.03,0.0299902,66.9096,cut,111197,110986,no
rKaHyPar,sat14_UTI-20-10p1.cnf.primal.hgr,no,no,0,16,0.03,0.0140118,48.2735,cut,12405,12405,no
rKaHyPar,sat14_UTI-20-10p1.cnf.primal.hgr,no,no,1,16,0.03,0.0140118,63.6024,cut,12405,12405,no
rKaHyPar,sat14_UTI-20-10p1.cnf.primal.hgr,no,no,2,16,0.03,0.0138274,48.1541,cut,12405,12405,no
rKaHyPar,sat14_UTI-20-10p1.cnf.primal.hgr,no,no,3,16,0.03,0.0140118,65.6436,cut,12405,12405,no
rKaHyPar,sat14_UTI-20-10p1.cnf.primal.hgr,no,no,4,16,0.03,0.0140118,48.2463,cut,12405,12405,no
rKaHyPar,sat14_UTI-20-10p1.cnf.primal.hgr,no,no,5,16,0.03,0.0299902,47.49,cut,13205,13205,no
rKaHyPar,sat14_UTI-20-10p1.cnf.primal.hgr,no,no,6,16,0.03,0.0140118,48.119,cut,13171,13171,no
rKaHyPar,sat14_UTI-20-10p1.cnf.primal.hgr,no,no,7,16,0.03,0.0138274,63.7037,cut,12405,12405,no
rKaHyPar,sat14_UTI-20-10p1.cnf.primal.hgr,no,no,8,16,0.03,0.0138274,48.3768,cut,13232,13232,no
rKaHyPar,sat14_UTI-20-10p1.cnf.primal.hgr,no,no,9,16,0.03,0.0140118,48.4628,cut,14059,14059,no
rKaHyPar,sat14_UTI-20-10p1.cnf.primal.hgr,no,no,0,2,0.03,0.00245062,45.122,cut,827,827,no
rKaHyPar,sat14_UTI-20-10p1.cnf.primal.hgr,no,no,1,2,0.03,0.00245062,44.0635,cut,827,827,no
rKaHyPar,sat14_UTI-20-10p1.cnf.primal.hgr,no,no,2,2,0.03,0.00245062,46.9248,cut,827,827,no
rKaHyPar,sat14_UTI-20-10p1.cnf.primal.hgr,no,no,3,2,0.03,0.00245062,84.141,cut,827,827,no
rKaHyPar,sat14_UTI-20-10p1.cnf.primal.hgr,no,no,4,2,0.03,0.00245062,32.6396,cut,827,827,no
rKaHyPar,sat14_UTI-20-10p1.cnf.primal.hgr,no,no,5,2,0.03,0.00245062,34.3728,cut,827,827,no
rKaHyPar,sat14_UTI-20-10p1.cnf.primal.hgr,no,no,6,2,0.03,0.00245062,33.5486,cut,827,827,no
rKaHyPar,sat14_UTI-20-10p1.cnf.primal.hgr,no,no,7,2,0.03,0.00245062,33.6898,cut,827,827,no
rKaHyPar,sat14_UTI-20-10p1.cnf.primal.hgr,no,no,8,2,0.03,0.00245062,55.5747,cut,827,827,no
rKaHyPar,sat14_UTI-20-10p1.cnf.primal.hgr,no,no,9,2,0.03,0.00245062,46.8323,cut,827,827,no
rKaHyPar,sat14_UTI-20-10p1.cnf.primal.hgr,no,no,0,32,0.03,0.0299902,52.949,cut,27510,27504,no
rKaHyPar,sat14_UTI-20-10p1.cnf.primal.hgr,no,no,1,32,0.03,0.0299902,68.9487,cut,28112,28112,no
rKaHyPar,sat14_UTI-20-10p1.cnf.primal.hgr,no,no,2,32,0.03,0.0299902,54.1408,cut,27465,27460,no
rKaHyPar,sat14_UTI-20-10p1.cnf.primal.hgr,no,no,3,32,0.03,0.0299902,53.7596,cut,28258,28256,no
rKaHyPar,sat14_UTI-20-10p1.cnf.primal.hgr,no,no,4,32,0.03,0.0299902,51.9687,cut,27465,27465,no
rKaHyPar,sat14_UTI-20-10p1.cnf.primal.hgr,no,no,5,32,0.03,0.0299902,53.0127,cut,27454,27450,no
rKaHyPar,sat14_UTI-20-10p1.cnf.primal.hgr,no,no,6,32,0.03,0.0299902,54.2292,cut,28140,28132,no
rKaHyPar,sat14_UTI-20-10p1.cnf.primal.hgr,no,no,7,32,0.03,0.0299902,51.4725,cut,27613,27613,no
rKaHyPar,sat14_UTI-20-10p1.cnf.primal.hgr,no,no,8,32,0.03,0.0299902,51.8346,cut,28193,28191,no
rKaHyPar,sat14_UTI-20-10p1.cnf.primal.hgr,no,no,9,32,0.03,0.0299902,70.2659,cut,28291,28289,no
rKaHyPar,sat14_UTI-20-10p1.cnf.primal.hgr,no,no,0,4,0.03,0.00256584,44.5155,cut,2481,2481,no
rKaHyPar,sat14_UTI-20-10p1.cnf.primal.hgr,no,no,1,4,0.03,0.00256584,39.9013,cut,2481,2481,no
rKaHyPar,sat14_UTI-20-10p1.cnf.primal.hgr,no,no,2,4,0.03,0.00256584,46.2339,cut,2481,2481,no
rKaHyPar,sat14_UTI-20-10p1.cnf.primal.hgr,no,no,3,4,0.03,0.00256584,41.7223,cut,2481,2481,no
rKaHyPar,sat14_UTI-20-10p1.cnf.primal.hgr,no,no,4,4,0.03,0.00256584,42.9347,cut,2481,2481,no
rKaHyPar,sat14_UTI-20-10p1.cnf.primal.hgr,no,no,5,4,0.03,0.00256584,48.7159,cut,2481,2481,no
rKaHyPar,sat14_UTI-20-10p1.cnf.primal.hgr,no,no,6,4,0.03,0.00256584,44.4819,cut,2481,2481,no
rKaHyPar,sat14_UTI-20-10p1.cnf.primal.hgr,no,no,7,4,0.03,0.00256584,56.227,cut,2481,2481,no
rKaHyPar,sat14_UTI-20-10p1.cnf.primal.hgr,no,no,8,4,0.03,0.00256584,46.0533,cut,2481,2481,no
rKaHyPar,sat14_UTI-20-10p1.cnf.primal.hgr,no,no,9,4,0.03,0.00256584,47.9225,cut,2481,2481,no
rKaHyPar,sat14_UTI-20-10p1.cnf.primal.hgr,no,no,0,64,0.03,0.0299902,60.4921,cut,57952,57927,no
rKaHyPar,sat14_UTI-20-10p1.cnf.primal.hgr,no,no,1,64,0.03,0.0299902,80.0325,cut,56844,56822,no
rKaHyPar,sat14_UTI-20-10p1.cnf.primal.hgr,no,no,2,64,0.03,0.0299902,62.0355,cut,57693,57654,no
rKaHyPar,sat14_UTI-20-10p1.cnf.primal.hgr,no,no,3,64,0.03,0.0299902,80.6418,cut,57039,57015,no
rKaHyPar,sat14_UTI-20-10p1.cnf.primal.hgr,no,no,4,64,0.03,0.0299902,62.8107,cut,56907,56870,no
rKaHyPar,sat14_UTI-20-10p1.cnf.primal.hgr,no,no,5,64,0.03,0.0299902,58.3395,cut,57108,57079,no
rKaHyPar,sat14_UTI-20-10p1.cnf.primal.hgr,no,no,6,64,0.03,0.0299902,58.7462,cut,57021,56999,no
rKaHyPar,sat14_UTI-20-10p1.cnf.primal.hgr,no,no,7,64,0.03,0.0299902,61.4392,cut,57127,57102,no
rKaHyPar,sat14_UTI-20-10p1.cnf.primal.hgr,no,no,8,64,0.03,0.0299902,62.9399,cut,57270,57225,no
rKaHyPar,sat14_UTI-20-10p1.cnf.primal.hgr,no,no,9,64,0.03,0.0299902,81.1241,cut,58465,58419,no
rKaHyPar,sat14_UTI-20-10p1.cnf.primal.hgr,no,no,0,8,0.03,0.0134284,44.3316,cut,5789,5789,no
rKaHyPar,sat14_UTI-20-10p1.cnf.primal.hgr,no,no,1,8,0.03,0.0133977,40.6778,cut,6616,6616,no
rKaHyPar,sat14_UTI-20-10p1.cnf.primal.hgr,no,no,2,8,0.03,0.0134898,62.8083,cut,5789,5789,no
rKaHyPar,sat14_UTI-20-10p1.cnf.primal.hgr,no,no,3,8,0.03,0.0134898,66.1233,cut,5789,5789,no
rKaHyPar,sat14_UTI-20-10p1.cnf.primal.hgr,no,no,4,8,0.03,0.0134284,42.2215,cut,5789,5789,no
rKaHyPar,sat14_UTI-20-10p1.cnf.primal.hgr,no,no,5,8,0.03,0.0134284,51.2947,cut,5789,5789,no
rKaHyPar,sat14_UTI-20-10p1.cnf.primal.hgr,no,no,6,8,0.03,0.0134898,47.0046,cut,6616,6616,no
rKaHyPar,sat14_UTI-20-10p1.cnf.primal.hgr,no,no,7,8,0.03,0.0133977,45.1839,cut,5789,5789,no
rKaHyPar,sat14_UTI-20-10p1.cnf.primal.hgr,no,no,8,8,0.03,0.0133977,43.9465,cut,5789,5789,no
rKaHyPar,sat14_UTI-20-10p1.cnf.primal.hgr,no,no,9,8,0.03,0.0134898,41.8143,cut,5789,5789,no
rKaHyPar,sat14_velev-vliw-uns-2.0-uq5.cnf.dual.hgr,no,no,0,128,0.03,0.252388,28753.8,cut,1160256,93873,no
rKaHyPar,sat14_velev-vliw-uns-2.0-uq5.cnf.dual.hgr,no,no,1,128,0.03,0.311202,28601.1,cut,328448,45659,no
rKaHyPar,sat14_velev-vliw-uns-2.0-uq5.cnf.dual.hgr,no,no,2,128,0.03,0.0299522,23181.2,cut,96637,19960,no
rKaHyPar,sat14_velev-vliw-uns-2.0-uq5.cnf.dual.hgr,no,no,3,128,0.03,0.0296408,23211.9,cut,96303,19479,no
rKaHyPar,sat14_velev-vliw-uns-2.0-uq5.cnf.dual.hgr,no,no,4,128,0.03,0.0299522,23957.2,cut,94225,19412,no
rKaHyPar,sat14_velev-vliw-uns-2.0-uq5.cnf.dual.hgr,no,no,5,128,0.03,0.0299522,23202.7,cut,92772,18914,no
rKaHyPar,sat14_velev-vliw-uns-2.0-uq5.cnf.dual.hgr,no,no,6,128,0.03,0.0299522,23203.8,cut,93474,19163,no
rKaHyPar,sat14_velev-vliw-uns-2.0-uq5.cnf.dual.hgr,no,no,7,128,0.03,0.0298484,23284.6,cut,96624,19025,no
rKaHyPar,sat14_velev-vliw-uns-2.0-uq5.cnf.dual.hgr,no,no,8,128,0.03,0.385694,28666.5,cut,459848,60993,no
rKaHyPar,sat14_velev-vliw-uns-2.0-uq5.cnf.dual.hgr,no,no,9,128,0.03,0.0299003,21906.5,cut,92912,19029,no
rKaHyPar,sat14_velev-vliw-uns-2.0-uq5.cnf.dual.hgr,no,no,0,16,0.03,0.0299788,22811.1,cut,14732,4331,no
rKaHyPar,sat14_velev-vliw-uns-2.0-uq5.cnf.dual.hgr,no,no,1,16,0.03,0.0299918,28041,cut,15144,3902,no
rKaHyPar,sat14_velev-vliw-uns-2.0-uq5.cnf.dual.hgr,no,no,2,16,0.03,0.0299788,22674.9,cut,15742,4260,no
rKaHyPar,sat14_velev-vliw-uns-2.0-uq5.cnf.dual.hgr,no,no,3,16,0.03,0.0299788,28067.8,cut,15401,3400,no
rKaHyPar,sat14_velev-vliw-uns-2.0-uq5.cnf.dual.hgr,no,no,4,16,0.03,0.0299982,23612.6,cut,14810,3879,no
rKaHyPar,sat14_velev-vliw-uns-2.0-uq5.cnf.dual.hgr,no,no,5,16,0.03,0.0299918,22872.4,cut,15400,3683,no
rKaHyPar,sat14_velev-vliw-uns-2.0-uq5.cnf.dual.hgr,no,no,6,16,0.03,0.0299853,24028.7,cut,15812,4032,no
rKaHyPar,sat14_velev-vliw-uns-2.0-uq5.cnf.dual.hgr,no,no,8,16,0.03,0.0299593,23192.7,cut,15511,3799,no
rKaHyPar,sat14_velev-vliw-uns-2.0-uq5.cnf.dual.hgr,no,no,9,16,0.03,0.0299982,21671.7,cut,14718,4234,no
rKaHyPar,sat14_velev-vliw-uns-2.0-uq5.cnf.dual.hgr,no,no,1,2,0.03,0.00479533,25368.8,cut,1146,1146,no
rKaHyPar,sat14_velev-vliw-uns-2.0-uq5.cnf.dual.hgr,no,no,2,2,0.03,0.0272536,25871.6,cut,1127,1127,no
rKaHyPar,sat14_velev-vliw-uns-2.0-uq5.cnf.dual.hgr,no,no,3,2,0.03,0.0218077,26721.4,cut,1192,1192,no
rKaHyPar,sat14_velev-vliw-uns-2.0-uq5.cnf.dual.hgr,no,no,4,2,0.03,0.0224372,26752.5,cut,1281,1281,no
rKaHyPar,sat14_velev-vliw-uns-2.0-uq5.cnf.dual.hgr,no,no,6,2,0.03,0.00439139,25595.7,cut,1256,1256,no
rKaHyPar,sat14_velev-vliw-uns-2.0-uq5.cnf.dual.hgr,no,no,7,2,0.03,0.0286925,20324,cut,1102,1102,no
rKaHyPar,sat14_velev-vliw-uns-2.0-uq5.cnf.dual.hgr,no,no,8,2,0.03,0.00651247,26073.8,cut,1180,1180,no
rKaHyPar,sat14_velev-vliw-uns-2.0-uq5.cnf.dual.hgr,no,no,9,2,0.03,0.000459904,20232.1,cut,1121,1121,no
rKaHyPar,sat14_velev-vliw-uns-2.0-uq5.cnf.dual.hgr,no,no,0,32,0.03,0.0299267,22761.2,cut,30206,8209,no
rKaHyPar,sat14_velev-vliw-uns-2.0-uq5.cnf.dual.hgr,no,no,1,32,0.03,0.0299007,28498.3,cut,30614,8938,no
rKaHyPar,sat14_velev-vliw-uns-2.0-uq5.cnf.dual.hgr,no,no,3,32,0.03,0.165103,28526.6,cut,51354,29269,no
rKaHyPar,sat14_velev-vliw-uns-2.0-uq5.cnf.dual.hgr,no,no,4,32,0.03,0.0299526,22040,cut,29532,8769,no
rKaHyPar,sat14_velev-vliw-uns-2.0-uq5.cnf.dual.hgr,no,no,5,32,0.03,0.0299916,23282.8,cut,28558,9002,no
rKaHyPar,sat14_velev-vliw-uns-2.0-uq5.cnf.dual.hgr,no,no,9,32,0.03,0.215184,28562.4,cut,59389,35349,no
rKaHyPar,sat14_velev-vliw-uns-2.0-uq5.cnf.dual.hgr,no,no,0,4,0.03,0.0262316,22604.5,cut,3816,1695,no
rKaHyPar,sat14_velev-vliw-uns-2.0-uq5.cnf.dual.hgr,no,no,1,4,0.03,0.0298345,22835.3,cut,3710,1687,no
rKaHyPar,sat14_velev-vliw-uns-2.0-uq5.cnf.dual.hgr,no,no,2,4,0.03,0.029914,21668.6,cut,3352,1590,no
rKaHyPar,sat14_velev-vliw-uns-2.0-uq5.cnf.dual.hgr,no,no,3,4,0.03,0.0286049,21789,cut,3735,1560,no
rKaHyPar,sat14_velev-vliw-uns-2.0-uq5.cnf.dual.hgr,no,no,4,4,0.03,0.0160326,21178.6,cut,3345,1407,no
rKaHyPar,sat14_velev-vliw-uns-2.0-uq5.cnf.dual.hgr,no,no,5,4,0.03,0.0291208,27614.6,cut,3227,1466,no
rKaHyPar,sat14_velev-vliw-uns-2.0-uq5.cnf.dual.hgr,no,no,7,4,0.03,0.0292733,26851.2,cut,2976,1543,no
rKaHyPar,sat14_velev-vliw-uns-2.0-uq5.cnf.dual.hgr,no,no,8,4,0.03,0.0156935,21412.1,cut,3371,1407,no
rKaHyPar,sat14_velev-vliw-uns-2.0-uq5.cnf.dual.hgr,no,no,9,4,0.03,0.0280825,20693.7,cut,3225,1485,no
rKaHyPar,sat14_velev-vliw-uns-2.0-uq5.cnf.dual.hgr,no,no,0,64,0.03,0.0298744,22669.9,cut,54430,12701,no
rKaHyPar,sat14_velev-vliw-uns-2.0-uq5.cnf.dual.hgr,no,no,1,64,0.03,0.270686,28945.1,cut,896757,136353,no
rKaHyPar,sat14_velev-vliw-uns-2.0-uq5.cnf.dual.hgr,no,no,2,64,0.03,0.0299782,22143.4,cut,53962,13037,no
rKaHyPar,sat14_velev-vliw-uns-2.0-uq5.cnf.dual.hgr,no,no,3,64,0.03,0.375623,28579.5,cut,196731,43516,no
rKaHyPar,sat14_velev-vliw-uns-2.0-uq5.cnf.dual.hgr,no,no,4,64,0.03,0.0299782,23260.9,cut,54342,13521,no
rKaHyPar,sat14_velev-vliw-uns-2.0-uq5.cnf.dual.hgr,no,no,5,64,0.03,0.0299782,23476.9,cut,53509,13265,no
rKaHyPar,sat14_velev-vliw-uns-2.0-uq5.cnf.dual.hgr,no,no,6,64,0.03,0.0299522,22549.7,cut,53667,12681,no
rKaHyPar,sat14_velev-vliw-uns-2.0-uq5.cnf.dual.hgr,no,no,7,64,0.03,0.0299782,28392.1,cut,56171,13290,no
rKaHyPar,sat14_velev-vliw-uns-2.0-uq5.cnf.dual.hgr,no,no,8,64,0.03,0.0299522,23073.8,cut,51754,13257,no
rKaHyPar,sat14_velev-vliw-uns-2.0-uq5.cnf.dual.hgr,no,no,9,64,0.03,0.0299263,28020,cut,54076,12864,no
rKaHyPar,sat14_velev-vliw-uns-2.0-uq5.cnf.dual.hgr,no,no,0,8,0.03,0.0299724,23047,cut,8440,2182,no
rKaHyPar,sat14_velev-vliw-uns-2.0-uq5.cnf.dual.hgr,no,no,1,8,0.03,0.029888,21985.4,cut,7862,2492,no
rKaHyPar,sat14_velev-vliw-uns-2.0-uq5.cnf.dual.hgr,no,no,2,8,0.03,0.0298718,28099.6,cut,7495,2245,no
rKaHyPar,sat14_velev-vliw-uns-2.0-uq5.cnf.dual.hgr,no,no,3,8,0.03,0.0299886,28037.2,cut,7329,2098,no
rKaHyPar,sat14_velev-vliw-uns-2.0-uq5.cnf.dual.hgr,no,no,4,8,0.03,0.0298913,23193.1,cut,8126,2692,no
rKaHyPar,sat14_velev-vliw-uns-2.0-uq5.cnf.dual.hgr,no,no,5,8,0.03,0.0299983,22044,cut,6271,2256,no
rKaHyPar,sat14_velev-vliw-uns-2.0-uq5.cnf.dual.hgr,no,no,6,8,0.03,0.0299983,27391.9,cut,7735,2291,no
rKaHyPar,sat14_velev-vliw-uns-2.0-uq5.cnf.dual.hgr,no,no,7,8,0.03,0.0297745,22133.9,cut,6373,2304,no
rKaHyPar,sat14_velev-vliw-uns-2.0-uq5.cnf.dual.hgr,no,no,8,8,0.03,0.0299854,22230,cut,8441,2833,no
rKaHyPar,sat14_velev-vliw-uns-2.0-uq5.cnf.dual.hgr,no,no,9,8,0.03,0.0299821,21101,cut,7502,2149,no
rKaHyPar,sat14_velev-vliw-uns-2.0-uq5.cnf.hgr,no,no,0,128,0.03,0.0299578,1056.95,cut,1176915,851331,no
rKaHyPar,sat14_velev-vliw-uns-2.0-uq5.cnf.hgr,no,no,1,128,0.03,0.0299578,1640.84,cut,1183924,847119,no
rKaHyPar,sat14_velev-vliw-uns-2.0-uq5.cnf.hgr,no,no,2,128,0.03,0.0299578,859.941,cut,1199789,851857,no
rKaHyPar,sat14_velev-vliw-uns-2.0-uq5.cnf.hgr,no,no,3,128,0.03,0.0299578,714.36,cut,1198612,853123,no
rKaHyPar,sat14_velev-vliw-uns-2.0-uq5.cnf.hgr,no,no,4,128,0.03,0.0299578,835.456,cut,1195777,844049,no
rKaHyPar,sat14_velev-vliw-uns-2.0-uq5.cnf.hgr,no,no,5,128,0.03,0.0299578,734.134,cut,1210454,844781,no
rKaHyPar,sat14_velev-vliw-uns-2.0-uq5.cnf.hgr,no,no,6,128,0.03,0.0299578,1160.95,cut,1188386,849322,no
rKaHyPar,sat14_velev-vliw-uns-2.0-uq5.cnf.hgr,no,no,7,128,0.03,0.0299578,671.927,cut,1184333,850391,no
rKaHyPar,sat14_velev-vliw-uns-2.0-uq5.cnf.hgr,no,no,8,128,0.03,0.0299578,1452.16,cut,1173320,848554,no
rKaHyPar,sat14_velev-vliw-uns-2.0-uq5.cnf.hgr,no,no,9,128,0.03,0.0299578,690.226,cut,1196971,851703,no
rKaHyPar,sat14_velev-vliw-uns-2.0-uq5.cnf.hgr,no,no,0,16,0.03,0.0299594,1059.86,cut,560820,423173,no
rKaHyPar,sat14_velev-vliw-uns-2.0-uq5.cnf.hgr,no,no,1,16,0.03,0.0299594,1898.11,cut,547904,431929,no
rKaHyPar,sat14_velev-vliw-uns-2.0-uq5.cnf.hgr,no,no,2,16,0.03,0.0299594,573.907,cut,548801,422949,no
rKaHyPar,sat14_velev-vliw-uns-2.0-uq5.cnf.hgr,no,no,3,16,0.03,0.0299594,995.73,cut,561137,426518,no
rKaHyPar,sat14_velev-vliw-uns-2.0-uq5.cnf.hgr,no,no,4,16,0.03,0.0299594,1159.27,cut,626463,430494,no
rKaHyPar,sat14_velev-vliw-uns-2.0-uq5.cnf.hgr,no,no,5,16,0.03,0.0299594,1221.23,cut,563223,423429,no
rKaHyPar,sat14_velev-vliw-uns-2.0-uq5.cnf.hgr,no,no,6,16,0.03,0.0299594,1342.26,cut,561960,430465,no
rKaHyPar,sat14_velev-vliw-uns-2.0-uq5.cnf.hgr,no,no,8,16,0.03,0.0299594,1403.64,cut,610012,419680,no
rKaHyPar,sat14_velev-vliw-uns-2.0-uq5.cnf.hgr,no,no,9,16,0.03,0.0299594,661.861,cut,552150,416529,no
rKaHyPar,sat14_velev-vliw-uns-2.0-uq5.cnf.hgr,no,no,0,2,0.03,0.00959985,5023.77,cut,70310,70310,no
rKaHyPar,sat14_velev-vliw-uns-2.0-uq5.cnf.hgr,no,no,1,2,0.03,0.0119734,11273.6,cut,69849,69849,no
rKaHyPar,sat14_velev-vliw-uns-2.0-uq5.cnf.hgr,no,no,2,2,0.03,0.0101141,12320.5,cut,70355,70355,no
rKaHyPar,sat14_velev-vliw-uns-2.0-uq5.cnf.hgr,no,no,3,2,0.03,0.0123954,8659.94,cut,78410,78410,no
rKaHyPar,sat14_velev-vliw-uns-2.0-uq5.cnf.hgr,no,no,4,2,0.03,0.000415378,7171.4,cut,72518,72518,no
rKaHyPar,sat14_velev-vliw-uns-2.0-uq5.cnf.hgr,no,no,6,2,0.03,0.010279,4742.18,cut,71385,71385,no
rKaHyPar,sat14_velev-vliw-uns-2.0-uq5.cnf.hgr,no,no,7,2,0.03,0.0117493,5936.66,cut,69859,69859,no
rKaHyPar,sat14_velev-vliw-uns-2.0-uq5.cnf.hgr,no,no,8,2,0.03,0.0299995,1299.69,cut,105520,105520,no
rKaHyPar,sat14_velev-vliw-uns-2.0-uq5.cnf.hgr,no,no,9,2,0.03,0.0144921,4859.25,cut,69403,69403,no
rKaHyPar,sat14_velev-vliw-uns-2.0-uq5.cnf.hgr,no,no,0,32,0.03,0.0299578,776.657,cut,749846,538694,no
rKaHyPar,sat14_velev-vliw-uns-2.0-uq5.cnf.hgr,no,no,1,32,0.03,0.0299578,1098.47,cut,738139,554545,no
rKaHyPar,sat14_velev-vliw-uns-2.0-uq5.cnf.hgr,no,no,3,32,0.03,0.0299578,1365.36,cut,743141,545777,no
rKaHyPar,sat14_velev-vliw-uns-2.0-uq5.cnf.hgr,no,no,4,32,0.03,0.0299578,3886.2,cut,744240,544535,no
rKaHyPar,sat14_velev-vliw-uns-2.0-uq5.cnf.hgr,no,no,5,32,0.03,0.0299578,761.821,cut,750912,551116,no
rKaHyPar,sat14_velev-vliw-uns-2.0-uq5.cnf.hgr,no,no,7,32,0.03,0.0299578,795.451,cut,750560,547309,no
rKaHyPar,sat14_velev-vliw-uns-2.0-uq5.cnf.hgr,no,no,9,32,0.03,0.0299578,956.204,cut,745976,544455,no
rKaHyPar,sat14_velev-vliw-uns-2.0-uq5.cnf.hgr,no,no,0,4,0.03,0.0298938,3338.86,cut,190012,177545,no
rKaHyPar,sat14_velev-vliw-uns-2.0-uq5.cnf.hgr,no,no,1,4,0.03,0.0220347,6886.05,cut,203746,187636,no
rKaHyPar,sat14_velev-vliw-uns-2.0-uq5.cnf.hgr,no,no,2,4,0.03,0.0299993,1231.33,cut,192749,172248,no
rKaHyPar,sat14_velev-vliw-uns-2.0-uq5.cnf.hgr,no,no,3,4,0.03,0.0299334,1544.83,cut,196324,172746,no
rKaHyPar,sat14_velev-vliw-uns-2.0-uq5.cnf.hgr,no,no,4,4,0.03,0.0299993,1583.21,cut,193439,172515,no
rKaHyPar,sat14_velev-vliw-uns-2.0-uq5.cnf.hgr,no,no,5,4,0.03,0.0299993,1155.47,cut,188000,167207,no
rKaHyPar,sat14_velev-vliw-uns-2.0-uq5.cnf.hgr,no,no,7,4,0.03,0.029973,1720.19,cut,199287,174797,no
rKaHyPar,sat14_velev-vliw-uns-2.0-uq5.cnf.hgr,no,yes,8,4,0.03,1,28800,cut,2147483647,2147483647,no
rKaHyPar,sat14_velev-vliw-uns-2.0-uq5.cnf.hgr,no,no,9,4,0.03,0.0299993,1295.98,cut,194444,172955,no
rKaHyPar,sat14_velev-vliw-uns-2.0-uq5.cnf.hgr,no,no,0,64,0.03,0.0299578,837.03,cut,940994,664745,no
rKaHyPar,sat14_velev-vliw-uns-2.0-uq5.cnf.hgr,no,no,1,64,0.03,0.0299578,1445.91,cut,889336,654368,no
rKaHyPar,sat14_velev-vliw-uns-2.0-uq5.cnf.hgr,no,no,2,64,0.03,0.0299578,691.357,cut,933140,664213,no
rKaHyPar,sat14_velev-vliw-uns-2.0-uq5.cnf.hgr,no,no,3,64,0.03,0.0299578,937.271,cut,919408,659265,no
rKaHyPar,sat14_velev-vliw-uns-2.0-uq5.cnf.hgr,no,no,4,64,0.03,0.0299578,1198.78,cut,893070,668136,no
rKaHyPar,sat14_velev-vliw-uns-2.0-uq5.cnf.hgr,no,no,5,64,0.03,0.0299578,889.4,cut,935198,663434,no
rKaHyPar,sat14_velev-vliw-uns-2.0-uq5.cnf.hgr,no,no,6,64,0.03,0.0299578,1005.09,cut,914743,663582,no
rKaHyPar,sat14_velev-vliw-uns-2.0-uq5.cnf.hgr,no,no,7,64,0.03,0.0299578,678.584,cut,929114,662633,no
rKaHyPar,sat14_velev-vliw-uns-2.0-uq5.cnf.hgr,no,no,8,64,0.03,0.0299578,1184.98,cut,917572,656697,no
rKaHyPar,sat14_velev-vliw-uns-2.0-uq5.cnf.hgr,no,no,9,64,0.03,0.0299578,672.393,cut,917904,656615,no
rKaHyPar,sat14_velev-vliw-uns-2.0-uq5.cnf.hgr,no,no,0,8,0.03,0.0298803,2502.57,cut,382673,294459,no
rKaHyPar,sat14_velev-vliw-uns-2.0-uq5.cnf.hgr,no,no,1,8,0.03,0.0299858,1519.28,cut,355583,296640,no
rKaHyPar,sat14_velev-vliw-uns-2.0-uq5.cnf.hgr,no,no,2,8,0.03,0.0288517,1419.53,cut,372034,296618,no
rKaHyPar,sat14_velev-vliw-uns-2.0-uq5.cnf.hgr,no,no,3,8,0.03,0.00986339,3250.22,cut,385351,298310,no
rKaHyPar,sat14_velev-vliw-uns-2.0-uq5.cnf.hgr,no,no,4,8,0.03,0.0299858,1220.69,cut,361328,302903,no
rKaHyPar,sat14_velev-vliw-uns-2.0-uq5.cnf.hgr,no,no,5,8,0.03,0.0199905,860.916,cut,371678,291824,no
rKaHyPar,sat14_velev-vliw-uns-2.0-uq5.cnf.hgr,no,no,6,8,0.03,0.0299858,2177.42,cut,352432,293924,no
rKaHyPar,sat14_velev-vliw-uns-2.0-uq5.cnf.hgr,no,no,7,8,0.03,0.0299858,820.364,cut,375800,298810,no
rKaHyPar,sat14_velev-vliw-uns-2.0-uq5.cnf.hgr,no,no,8,8,0.03,0.0299858,1668.89,cut,347058,287507,no
rKaHyPar,sat14_velev-vliw-uns-2.0-uq5.cnf.hgr,no,no,9,8,0.03,0.0294319,1376.06,cut,378297,300443,no
rKaHyPar,sat14_velev-vliw-uns-2.0-uq5.cnf.primal.hgr,no,no,0,128,0.03,0.0295359,778.153,cut,1404719,1116965,no
rKaHyPar,sat14_velev-vliw-uns-2.0-uq5.cnf.primal.hgr,no,no,1,128,0.03,0.0295359,602.51,cut,1401923,1124278,no
rKaHyPar,sat14_velev-vliw-uns-2.0-uq5.cnf.primal.hgr,no,no,2,128,0.03,0.0295359,667.498,cut,1408636,1115879,no
rKaHyPar,sat14_velev-vliw-uns-2.0-uq5.cnf.primal.hgr,no,no,4,128,0.03,0.0295359,471.466,cut,1401452,1120210,no
rKaHyPar,sat14_velev-vliw-uns-2.0-uq5.cnf.primal.hgr,no,no,5,128,0.03,0.0295359,470.475,cut,1411891,1120771,no
rKaHyPar,sat14_velev-vliw-uns-2.0-uq5.cnf.primal.hgr,no,no,6,128,0.03,0.0295359,523.376,cut,1419956,1119169,no
rKaHyPar,sat14_velev-vliw-uns-2.0-uq5.cnf.primal.hgr,no,no,7,128,0.03,0.0295359,479.371,cut,1419365,1120686,no
rKaHyPar,sat14_velev-vliw-uns-2.0-uq5.cnf.primal.hgr,no,no,8,128,0.03,0.0295359,625.788,cut,1400708,1112506,no
rKaHyPar,sat14_velev-vliw-uns-2.0-uq5.cnf.primal.hgr,no,no,9,128,0.03,0.0295359,511.973,cut,1418657,1126090,no
rKaHyPar,sat14_velev-vliw-uns-2.0-uq5.cnf.primal.hgr,no,no,0,16,0.03,0.0299578,429.385,cut,658903,556982,no
rKaHyPar,sat14_velev-vliw-uns-2.0-uq5.cnf.primal.hgr,no,no,1,16,0.03,0.0299578,584.745,cut,645778,549296,no
rKaHyPar,sat14_velev-vliw-uns-2.0-uq5.cnf.primal.hgr,no,no,2,16,0.03,0.0299578,530.385,cut,649725,545423,no
rKaHyPar,sat14_velev-vliw-uns-2.0-uq5.cnf.primal.hgr,no,no,3,16,0.03,0.0299578,718.179,cut,679995,574539,no
rKaHyPar,sat14_velev-vliw-uns-2.0-uq5.cnf.primal.hgr,no,no,4,16,0.03,0.0299578,655.793,cut,674013,567065,no
rKaHyPar,sat14_velev-vliw-uns-2.0-uq5.cnf.primal.hgr,no,no,5,16,0.03,0.0299578,1050.7,cut,672972,563309,no
rKaHyPar,sat14_velev-vliw-uns-2.0-uq5.cnf.primal.hgr,no,no,6,16,0.03,0.0299578,593.56,cut,663958,558785,no
rKaHyPar,sat14_velev-vliw-uns-2.0-uq5.cnf.primal.hgr,no,no,8,16,0.03,0.0299578,803.781,cut,658605,549752,no
rKaHyPar,sat14_velev-vliw-uns-2.0-uq5.cnf.primal.hgr,no,no,9,16,0.03,0.0299578,500.655,cut,676207,569875,no
rKaHyPar,sat14_velev-vliw-uns-2.0-uq5.cnf.primal.hgr,no,no,0,2,0.03,0.0299993,423.035,cut,114385,114385,no
rKaHyPar,sat14_velev-vliw-uns-2.0-uq5.cnf.primal.hgr,no,no,1,2,0.03,0.0299862,971.396,cut,125128,125128,no
rKaHyPar,sat14_velev-vliw-uns-2.0-uq5.cnf.primal.hgr,no,no,2,2,0.03,0.0299993,524.913,cut,113747,113747,no
rKaHyPar,sat14_velev-vliw-uns-2.0-uq5.cnf.primal.hgr,no,no,3,2,0.03,0.0299862,1224.79,cut,129518,129518,no
rKaHyPar,sat14_velev-vliw-uns-2.0-uq5.cnf.primal.hgr,no,no,4,2,0.03,0.0299993,1207.26,cut,130372,130372,no
rKaHyPar,sat14_velev-vliw-uns-2.0-uq5.cnf.primal.hgr,no,no,6,2,0.03,0.0299862,886.229,cut,116820,116820,no
rKaHyPar,sat14_velev-vliw-uns-2.0-uq5.cnf.primal.hgr,no,no,7,2,0.03,0.029973,376.051,cut,113456,113456,no
rKaHyPar,sat14_velev-vliw-uns-2.0-uq5.cnf.primal.hgr,no,no,8,2,0.03,0.0299993,529.136,cut,113573,113573,no
rKaHyPar,sat14_velev-vliw-uns-2.0-uq5.cnf.primal.hgr,no,no,9,2,0.03,0.0299993,1335.9,cut,138518,138518,no
rKaHyPar,sat14_velev-vliw-uns-2.0-uq5.cnf.primal.hgr,no,no,0,32,0.03,0.0299578,494.414,cut,844366,691188,no
rKaHyPar,sat14_velev-vliw-uns-2.0-uq5.cnf.primal.hgr,no,no,1,32,0.03,0.0299578,820.25,cut,834214,689623,no
rKaHyPar,sat14_velev-vliw-uns-2.0-uq5.cnf.primal.hgr,no,no,3,32,0.03,0.0299578,789.959,cut,867048,700118,no
rKaHyPar,sat14_velev-vliw-uns-2.0-uq5.cnf.primal.hgr,no,no,4,32,0.03,0.0299578,788.466,cut,829823,671653,no
rKaHyPar,sat14_velev-vliw-uns-2.0-uq5.cnf.primal.hgr,no,no,5,32,0.03,0.0299578,607.846,cut,847471,697549,no
rKaHyPar,sat14_velev-vliw-uns-2.0-uq5.cnf.primal.hgr,no,no,7,32,0.03,0.0299578,591.18,cut,836621,685845,no
rKaHyPar,sat14_velev-vliw-uns-2.0-uq5.cnf.primal.hgr,no,no,9,32,0.03,0.0299578,716.926,cut,838682,682333,no
rKaHyPar,sat14_velev-vliw-uns-2.0-uq5.cnf.primal.hgr,no,no,0,4,0.03,0.0299858,631.058,cut,335202,314106,no
rKaHyPar,sat14_velev-vliw-uns-2.0-uq5.cnf.primal.hgr,no,no,1,4,0.03,0.0299858,629.703,cut,288408,269892,no
rKaHyPar,sat14_velev-vliw-uns-2.0-uq5.cnf.primal.hgr,no,no,2,4,0.03,0.0299858,364.884,cut,281416,264100,no
rKaHyPar,sat14_velev-vliw-uns-2.0-uq5.cnf.primal.hgr,no,no,3,4,0.03,0.0148742,796.371,cut,312975,293071,no
rKaHyPar,sat14_velev-vliw-uns-2.0-uq5.cnf.primal.hgr,no,no,4,4,0.03,0.0299858,620.159,cut,306147,286210,no
rKaHyPar,sat14_velev-vliw-uns-2.0-uq5.cnf.primal.hgr,no,no,5,4,0.03,0.0297484,838.999,cut,305519,285796,no
rKaHyPar,sat14_velev-vliw-uns-2.0-uq5.cnf.primal.hgr,no,no,7,4,0.03,0.0299858,635.654,cut,282796,264760,no
rKaHyPar,sat14_velev-vliw-uns-2.0-uq5.cnf.primal.hgr,no,no,8,4,0.03,0.0299858,490.274,cut,280401,262612,no
rKaHyPar,sat14_velev-vliw-uns-2.0-uq5.cnf.primal.hgr,no,no,9,4,0.03,0.0299858,595.125,cut,302268,282757,no
rKaHyPar,sat14_velev-vliw-uns-2.0-uq5.cnf.primal.hgr,no,no,0,64,0.03,0.0299578,514.461,cut,1087652,867649,no
rKaHyPar,sat14_velev-vliw-uns-2.0-uq5.cnf.primal.hgr,no,no,1,64,0.03,0.0299578,735.374,cut,1080053,869610,no
rKaHyPar,sat14_velev-vliw-uns-2.0-uq5.cnf.primal.hgr,no,no,2,64,0.03,0.0299578,535.434,cut,1077467,866380,no
rKaHyPar,sat14_velev-vliw-uns-2.0-uq5.cnf.primal.hgr,no,no,3,64,0.03,0.0299578,1183.73,cut,1089316,873641,no
rKaHyPar,sat14_velev-vliw-uns-2.0-uq5.cnf.primal.hgr,no,no,4,64,0.03,0.0299578,454.743,cut,1097616,887088,no
rKaHyPar,sat14_velev-vliw-uns-2.0-uq5.cnf.primal.hgr,no,no,5,64,0.03,0.0299578,557.434,cut,1076480,868356,no
rKaHyPar,sat14_velev-vliw-uns-2.0-uq5.cnf.primal.hgr,no,no,6,64,0.03,0.0299578,572.49,cut,1080570,877104,no
rKaHyPar,sat14_velev-vliw-uns-2.0-uq5.cnf.primal.hgr,no,no,7,64,0.03,0.0299578,664.166,cut,1080397,882602,no
rKaHyPar,sat14_velev-vliw-uns-2.0-uq5.cnf.primal.hgr,no,no,8,64,0.03,0.0299578,545.104,cut,1082815,869608,no
rKaHyPar,sat14_velev-vliw-uns-2.0-uq5.cnf.primal.hgr,no,no,9,64,0.03,0.0299578,477.69,cut,1084806,873096,no
rKaHyPar,sat14_velev-vliw-uns-2.0-uq5.cnf.primal.hgr,no,no,0,8,0.03,0.0299594,699.54,cut,495133,436096,no
rKaHyPar,sat14_velev-vliw-uns-2.0-uq5.cnf.primal.hgr,no,no,1,8,0.03,0.0299594,885.88,cut,549229,483595,no
rKaHyPar,sat14_velev-vliw-uns-2.0-uq5.cnf.primal.hgr,no,no,2,8,0.03,0.0299594,732.827,cut,486420,430083,no
rKaHyPar,sat14_velev-vliw-uns-2.0-uq5.cnf.primal.hgr,no,no,3,8,0.03,0.0299594,511.433,cut,494196,439506,no
rKaHyPar,sat14_velev-vliw-uns-2.0-uq5.cnf.primal.hgr,no,no,4,8,0.03,0.0299594,476.415,cut,503559,445476,no
rKaHyPar,sat14_velev-vliw-uns-2.0-uq5.cnf.primal.hgr,no,no,5,8,0.03,0.0299594,703.475,cut,506347,444998,no
rKaHyPar,sat14_velev-vliw-uns-2.0-uq5.cnf.primal.hgr,no,no,6,8,0.03,0.0299594,643.616,cut,505061,442287,no
rKaHyPar,sat14_velev-vliw-uns-2.0-uq5.cnf.primal.hgr,no,no,7,8,0.03,0.0299594,443.144,cut,455883,405097,no
rKaHyPar,sat14_velev-vliw-uns-2.0-uq5.cnf.primal.hgr,no,no,8,8,0.03,0.0299594,1073.64,cut,491139,437095,no
rKaHyPar,sat14_velev-vliw-uns-2.0-uq5.cnf.primal.hgr,no,no,9,8,0.03,0.0299594,686.882,cut,490685,436335,no
rKaHyPar,sat14_velev-vliw-uns-4.0-9.cnf.dual.hgr,no,no,0,128,0.03,0.0299845,12671.9,cut,131697,18722,no
rKaHyPar,sat14_velev-vliw-uns-4.0-9.cnf.dual.hgr,no,no,1,128,0.03,0.0299845,12847.3,cut,136695,18754,no
rKaHyPar,sat14_velev-vliw-uns-4.0-9.cnf.dual.hgr,no,no,2,128,0.03,0.0299845,16875.4,cut,130214,18654,no
rKaHyPar,sat14_velev-vliw-uns-4.0-9.cnf.dual.hgr,no,no,4,128,0.03,0.0299845,14801.2,cut,131689,18840,no
rKaHyPar,sat14_velev-vliw-uns-4.0-9.cnf.dual.hgr,no,no,5,128,0.03,0.0299845,12877.6,cut,133499,18536,no
rKaHyPar,sat14_velev-vliw-uns-4.0-9.cnf.dual.hgr,no,no,6,128,0.03,0.0299845,12872.9,cut,141543,18553,no
rKaHyPar,sat14_velev-vliw-uns-4.0-9.cnf.dual.hgr,no,no,7,128,0.03,0.0299845,13314.8,cut,130032,18674,no
rKaHyPar,sat14_velev-vliw-uns-4.0-9.cnf.dual.hgr,no,no,8,128,0.03,0.0299845,18094.4,cut,134487,18697,no
rKaHyPar,sat14_velev-vliw-uns-4.0-9.cnf.dual.hgr,no,no,9,128,0.03,0.0299845,12877.7,cut,141422,18816,no
rKaHyPar,sat14_velev-vliw-uns-4.0-9.cnf.dual.hgr,no,no,0,16,0.03,0.0297212,13023.9,cut,23839,6779,no
rKaHyPar,sat14_velev-vliw-uns-4.0-9.cnf.dual.hgr,no,no,1,16,0.03,0.0293596,12500.4,cut,21926,6857,no
rKaHyPar,sat14_velev-vliw-uns-4.0-9.cnf.dual.hgr,no,no,2,16,0.03,0.0288834,12476.8,cut,23780,6814,no
rKaHyPar,sat14_velev-vliw-uns-4.0-9.cnf.dual.hgr,no,no,3,16,0.03,0.0295448,16653.6,cut,24535,7107,no
rKaHyPar,sat14_velev-vliw-uns-4.0-9.cnf.dual.hgr,no,no,4,16,0.03,0.0289716,12731.3,cut,23053,6840,no
rKaHyPar,sat14_velev-vliw-uns-4.0-9.cnf.dual.hgr,no,no,5,16,0.03,0.0299593,17664.5,cut,23276,7119,no
rKaHyPar,sat14_velev-vliw-uns-4.0-9.cnf.dual.hgr,no,no,6,16,0.03,0.0295096,13040.8,cut,23742,7400,no
rKaHyPar,sat14_velev-vliw-uns-4.0-9.cnf.dual.hgr,no,no,7,16,0.03,0.0291215,17694.7,cut,23545,7037,no
rKaHyPar,sat14_velev-vliw-uns-4.0-9.cnf.dual.hgr,no,no,8,16,0.03,0.0180709,17872.2,cut,26972,7018,no
rKaHyPar,sat14_velev-vliw-uns-4.0-9.cnf.dual.hgr,no,no,9,16,0.03,0.0299593,12775.5,cut,23391,6591,no
rKaHyPar,sat14_velev-vliw-uns-4.0-9.cnf.dual.hgr,no,no,1,2,0.03,0.0109305,15006.6,cut,529,529,no
rKaHyPar,sat14_velev-vliw-uns-4.0-9.cnf.dual.hgr,no,no,2,2,0.03,0.0104983,14832,cut,527,527,no
rKaHyPar,sat14_velev-vliw-uns-4.0-9.cnf.dual.hgr,no,no,3,2,0.03,0.0112105,14977.6,cut,528,528,no
rKaHyPar,sat14_velev-vliw-uns-4.0-9.cnf.dual.hgr,no,no,4,2,0.03,0.0106262,11019.4,cut,527,527,no
rKaHyPar,sat14_velev-vliw-uns-4.0-9.cnf.dual.hgr,no,no,6,2,0.03,0.0109625,11253.5,cut,528,528,no
rKaHyPar,sat14_velev-vliw-uns-4.0-9.cnf.dual.hgr,no,no,7,2,0.03,0.0111157,11332.9,cut,529,529,no
rKaHyPar,sat14_velev-vliw-uns-4.0-9.cnf.dual.hgr,no,no,8,2,0.03,0.0108864,15422.7,cut,529,529,no
rKaHyPar,sat14_velev-vliw-uns-4.0-9.cnf.dual.hgr,no,no,9,2,0.03,0.0109007,11289.7,cut,531,531,no
rKaHyPar,sat14_velev-vliw-uns-4.0-9.cnf.dual.hgr,no,no,0,32,0.03,0.0299855,13270,cut,47889,9063,no
rKaHyPar,sat14_velev-vliw-uns-4.0-9.cnf.dual.hgr,no,no,1,32,0.03,0.0280629,17601.2,cut,46036,8877,no
rKaHyPar,sat14_velev-vliw-uns-4.0-9.cnf.dual.hgr,no,no,3,32,0.03,0.0299503,12064,cut,46160,9134,no
rKaHyPar,sat14_velev-vliw-uns-4.0-9.cnf.dual.hgr,no,no,4,32,0.03,0.0298444,17251.5,cut,45443,9654,no
rKaHyPar,sat14_velev-vliw-uns-4.0-9.cnf.dual.hgr,no,no,5,32,0.03,0.0298268,12815.5,cut,44957,8816,no
rKaHyPar,sat14_velev-vliw-uns-4.0-9.cnf.dual.hgr,no,no,6,32,0.03,0.0297915,17308.8,cut,44697,9046,no
rKaHyPar,sat14_velev-vliw-uns-4.0-9.cnf.dual.hgr,no,no,9,32,0.03,0.029915,12774.6,cut,47691,9140,no
rKaHyPar,sat14_velev-vliw-uns-4.0-9.cnf.dual.hgr,no,no,0,4,0.03,0.0299902,17705.1,cut,3862,3296,no
rKaHyPar,sat14_velev-vliw-uns-4.0-9.cnf.dual.hgr,no,no,1,4,0.03,0.029977,17454.5,cut,3841,3286,no
rKaHyPar,sat14_velev-vliw-uns-4.0-9.cnf.dual.hgr,no,no,2,4,0.03,0.0224894,12794.4,cut,3831,3282,no
rKaHyPar,sat14_velev-vliw-uns-4.0-9.cnf.dual.hgr,no,no,3,4,0.03,0.0219933,12693.2,cut,3883,3319,no
rKaHyPar,sat14_velev-vliw-uns-4.0-9.cnf.dual.hgr,no,no,4,4,0.03,0.0130196,12041,cut,4185,3485,no
rKaHyPar,sat14_velev-vliw-uns-4.0-9.cnf.dual.hgr,no,no,5,4,0.03,0.0103958,13120.5,cut,3813,3413,no
rKaHyPar,sat14_velev-vliw-uns-4.0-9.cnf.dual.hgr,no,no,6,4,0.03,0.029977,12855,cut,3837,3284,no
rKaHyPar,sat14_velev-vliw-uns-4.0-9.cnf.dual.hgr,no,no,7,4,0.03,0.0299968,12961.6,cut,3718,3167,no
rKaHyPar,sat14_velev-vliw-uns-4.0-9.cnf.dual.hgr,no,no,8,4,0.03,0.0297675,13375.4,cut,3595,3195,no
rKaHyPar,sat14_velev-vliw-uns-4.0-9.cnf.dual.hgr,no,no,9,4,0.03,0.012561,17623.1,cut,3982,3432,no
rKaHyPar,sat14_velev-vliw-uns-4.0-9.cnf.dual.hgr,no,no,0,64,0.03,0.0299855,13254,cut,74694,11785,no
rKaHyPar,sat14_velev-vliw-uns-4.0-9.cnf.dual.hgr,no,no,1,64,0.03,0.0299503,17564.4,cut,77761,11202,no
rKaHyPar,sat14_velev-vliw-uns-4.0-9.cnf.dual.hgr,no,no,2,64,0.03,0.0299855,16901,cut,82163,11246,no
rKaHyPar,sat14_velev-vliw-uns-4.0-9.cnf.dual.hgr,no,no,3,64,0.03,0.0299855,16788.8,cut,80101,11468,no
rKaHyPar,sat14_velev-vliw-uns-4.0-9.cnf.dual.hgr,no,no,4,64,0.03,0.0297739,12398.4,cut,81012,10923,no
rKaHyPar,sat14_velev-vliw-uns-4.0-9.cnf.dual.hgr,no,no,5,64,0.03,0.0299855,12939.1,cut,77978,11143,no
rKaHyPar,sat14_velev-vliw-uns-4.0-9.cnf.dual.hgr,no,no,6,64,0.03,0.0299503,13045.5,cut,81284,11103,no
rKaHyPar,sat14_velev-vliw-uns-4.0-9.cnf.dual.hgr,no,no,7,64,0.03,0.0299855,13229.7,cut,79537,11428,no
rKaHyPar,sat14_velev-vliw-uns-4.0-9.cnf.dual.hgr,no,no,8,64,0.03,0.0299503,17589.1,cut,78969,11174,no
rKaHyPar,sat14_velev-vliw-uns-4.0-9.cnf.dual.hgr,no,no,9,64,0.03,0.0299855,12797.5,cut,81880,11342,no
rKaHyPar,sat14_velev-vliw-uns-4.0-9.cnf.dual.hgr,no,no,0,8,0.03,0.0299902,12835.8,cut,14318,5676,no
rKaHyPar,sat14_velev-vliw-uns-4.0-9.cnf.dual.hgr,no,no,1,8,0.03,0.0297874,12775.7,cut,11368,4810,no
rKaHyPar,sat14_velev-vliw-uns-4.0-9.cnf.dual.hgr,no,no,2,8,0.03,0.0256202,12926.3,cut,11656,5113,no
rKaHyPar,sat14_velev-vliw-uns-4.0-9.cnf.dual.hgr,no,no,3,8,0.03,0.029633,12397,cut,11083,4790,no
rKaHyPar,sat14_velev-vliw-uns-4.0-9.cnf.dual.hgr,no,no,4,8,0.03,0.0285174,12236.8,cut,11943,5052,no
rKaHyPar,sat14_velev-vliw-uns-4.0-9.cnf.dual.hgr,no,no,5,8,0.03,0.0299285,13037.6,cut,11536,4771,no
rKaHyPar,sat14_velev-vliw-uns-4.0-9.cnf.dual.hgr,no,no,6,8,0.03,0.0197598,13126,cut,10989,4799,no
rKaHyPar,sat14_velev-vliw-uns-4.0-9.cnf.dual.hgr,no,no,7,8,0.03,0.0241783,12900.5,cut,11351,4826,no
rKaHyPar,sat14_velev-vliw-uns-4.0-9.cnf.dual.hgr,no,no,8,8,0.03,0.0299946,17290.5,cut,11150,4876,no
rKaHyPar,sat14_velev-vliw-uns-4.0-9.cnf.dual.hgr,no,no,9,8,0.03,0.0299417,16932.8,cut,11680,4907,no
rKaHyPar,sat14_velev-vliw-uns-4.0-9.cnf.hgr,no,no,0,128,0.03,0.0299401,756.173,cut,1572964,990719,no
rKaHyPar,sat14_velev-vliw-uns-4.0-9.cnf.hgr,no,no,1,128,0.03,0.0299401,832.161,cut,1590576,986468,no
rKaHyPar,sat14_velev-vliw-uns-4.0-9.cnf.hgr,no,no,2,128,0.03,0.0299401,688.603,cut,1558189,991443,no
rKaHyPar,sat14_velev-vliw-uns-4.0-9.cnf.hgr,no,no,4,128,0.03,0.0299401,531.92,cut,1646079,997823,no
rKaHyPar,sat14_velev-vliw-uns-4.0-9.cnf.hgr,no,no,5,128,0.03,0.0299401,493.854,cut,1602949,995287,no
rKaHyPar,sat14_velev-vliw-uns-4.0-9.cnf.hgr,no,no,6,128,0.03,0.0299401,664.742,cut,1604546,988579,no
rKaHyPar,sat14_velev-vliw-uns-4.0-9.cnf.hgr,no,no,7,128,0.03,0.0299401,534.777,cut,1586011,1004094,no
rKaHyPar,sat14_velev-vliw-uns-4.0-9.cnf.hgr,no,no,8,128,0.03,0.0299401,685.577,cut,1593584,993336,no
rKaHyPar,sat14_velev-vliw-uns-4.0-9.cnf.hgr,no,no,9,128,0.03,0.0299401,730.905,cut,1612263,985427,no
rKaHyPar,sat14_velev-vliw-uns-4.0-9.cnf.hgr,no,no,0,16,0.03,0.0299426,725.414,cut,591562,396893,no
rKaHyPar,sat14_velev-vliw-uns-4.0-9.cnf.hgr,no,no,1,16,0.03,0.0299426,595.096,cut,598904,398198,no
rKaHyPar,sat14_velev-vliw-uns-4.0-9.cnf.hgr,no,no,2,16,0.03,0.0299426,882.623,cut,612035,400695,no
rKaHyPar,sat14_velev-vliw-uns-4.0-9.cnf.hgr,no,no,3,16,0.03,0.0299426,920.894,cut,591759,390501,no
rKaHyPar,sat14_velev-vliw-uns-4.0-9.cnf.hgr,no,no,4,16,0.03,0.0297763,760.525,cut,596908,401706,no
rKaHyPar,sat14_velev-vliw-uns-4.0-9.cnf.hgr,no,no,5,16,0.03,0.0299426,1413.31,cut,619239,422617,no
rKaHyPar,sat14_velev-vliw-uns-4.0-9.cnf.hgr,no,no,6,16,0.03,0.0299426,839.12,cut,602370,401106,no
rKaHyPar,sat14_velev-vliw-uns-4.0-9.cnf.hgr,no,no,7,16,0.03,0.0299426,967.88,cut,611437,401906,no
rKaHyPar,sat14_velev-vliw-uns-4.0-9.cnf.hgr,no,no,8,16,0.03,0.0298594,955.027,cut,603308,390966,no
rKaHyPar,sat14_velev-vliw-uns-4.0-9.cnf.hgr,no,no,9,16,0.03,0.0299426,1107.24,cut,586020,395649,no
rKaHyPar,sat14_velev-vliw-uns-4.0-9.cnf.hgr,no,no,1,2,0.03,0.0299968,1120.47,cut,68927,68927,no
rKaHyPar,sat14_velev-vliw-uns-4.0-9.cnf.hgr,no,no,2,2,0.03,0,236.977,cut,73938,73938,no
rKaHyPar,sat14_velev-vliw-uns-4.0-9.cnf.hgr,no,no,3,2,0.03,0.00942013,185.684,cut,72615,72615,no
rKaHyPar,sat14_velev-vliw-uns-4.0-9.cnf.hgr,no,no,4,2,0.03,0.0299968,788.932,cut,70327,70327,no
rKaHyPar,sat14_velev-vliw-uns-4.0-9.cnf.hgr,no,no,6,2,0.03,0.0299864,1846.58,cut,69861,69861,no
rKaHyPar,sat14_velev-vliw-uns-4.0-9.cnf.hgr,no,no,7,2,0.03,0.0299968,324.753,cut,71199,71199,no
rKaHyPar,sat14_velev-vliw-uns-4.0-9.cnf.hgr,no,no,8,2,0.03,0,194.642,cut,73278,73278,no
rKaHyPar,sat14_velev-vliw-uns-4.0-9.cnf.hgr,no,no,9,2,0.03,0.0299968,672.853,cut,70076,70076,no
rKaHyPar,sat14_velev-vliw-uns-4.0-9.cnf.hgr,no,no,0,32,0.03,0.0299401,986.609,cut,857031,534426,no
rKaHyPar,sat14_velev-vliw-uns-4.0-9.cnf.hgr,no,no,1,32,0.03,0.0299401,1224.61,cut,848677,528776,no
rKaHyPar,sat14_velev-vliw-uns-4.0-9.cnf.hgr,no,no,3,32,0.03,0.0299401,1143.95,cut,873874,543834,no
rKaHyPar,sat14_velev-vliw-uns-4.0-9.cnf.hgr,no,no,4,32,0.03,0.0299401,991.968,cut,846126,538381,no
rKaHyPar,sat14_velev-vliw-uns-4.0-9.cnf.hgr,no,no,5,32,0.03,0.0299401,567.027,cut,844824,534061,no
rKaHyPar,sat14_velev-vliw-uns-4.0-9.cnf.hgr,no,no,6,32,0.03,0.0299401,1231.36,cut,862122,538225,no
rKaHyPar,sat14_velev-vliw-uns-4.0-9.cnf.hgr,no,no,9,32,0.03,0.0299401,837.275,cut,834258,535111,no
rKaHyPar,sat14_velev-vliw-uns-4.0-9.cnf.hgr,no,no,0,4,0.03,0.0297365,2101.91,cut,163305,135574,no
rKaHyPar,sat14_velev-vliw-uns-4.0-9.cnf.hgr,no,no,1,4,0.03,0.0299861,6550.04,cut,178149,152340,no
rKaHyPar,sat14_velev-vliw-uns-4.0-9.cnf.hgr,no,no,2,4,0.03,0.0299861,2016.87,cut,169509,140387,no
rKaHyPar,sat14_velev-vliw-uns-4.0-9.cnf.hgr,no,no,3,4,0.03,0.0299861,3588.34,cut,168774,145313,no
rKaHyPar,sat14_velev-vliw-uns-4.0-9.cnf.hgr,no,no,4,4,0.03,0.0299861,2873.17,cut,170151,138840,no
rKaHyPar,sat14_velev-vliw-uns-4.0-9.cnf.hgr,no,no,5,4,0.03,0.0299861,4638.96,cut,175028,148468,no
rKaHyPar,sat14_velev-vliw-uns-4.0-9.cnf.hgr,no,no,6,4,0.03,0.0299861,3643.13,cut,167264,141111,no
rKaHyPar,sat14_velev-vliw-uns-4.0-9.cnf.hgr,no,no,7,4,0.03,0.0299861,4498.72,cut,178007,144778,no
rKaHyPar,sat14_velev-vliw-uns-4.0-9.cnf.hgr,no,no,8,4,0.03,0.0299861,1066.13,cut,168032,139001,no
rKaHyPar,sat14_velev-vliw-uns-4.0-9.cnf.hgr,no,no,9,4,0.03,0.0299861,4483.93,cut,171755,141446,no
rKaHyPar,sat14_velev-vliw-uns-4.0-9.cnf.hgr,no,no,0,64,0.03,0.0299401,754.424,cut,1209767,759120,no
rKaHyPar,sat14_velev-vliw-uns-4.0-9.cnf.hgr,no,no,1,64,0.03,0.0299401,1050.46,cut,1181644,753754,no
rKaHyPar,sat14_velev-vliw-uns-4.0-9.cnf.hgr,no,no,2,64,0.03,0.0299401,1095.41,cut,1182541,762348,no
rKaHyPar,sat14_velev-vliw-uns-4.0-9.cnf.hgr,no,no,3,64,0.03,0.0299401,853.997,cut,1219790,772094,no
rKaHyPar,sat14_velev-vliw-uns-4.0-9.cnf.hgr,no,no,4,64,0.03,0.0299401,695.444,cut,1223573,766765,no
rKaHyPar,sat14_velev-vliw-uns-4.0-9.cnf.hgr,no,no,5,64,0.03,0.0299401,566.565,cut,1242174,772469,no
rKaHyPar,sat14_velev-vliw-uns-4.0-9.cnf.hgr,no,no,6,64,0.03,0.0299401,695.139,cut,1252060,769953,no
rKaHyPar,sat14_velev-vliw-uns-4.0-9.cnf.hgr,no,no,7,64,0.03,0.0299401,884.193,cut,1214602,766851,no
rKaHyPar,sat14_velev-vliw-uns-4.0-9.cnf.hgr,no,no,8,64,0.03,0.0299401,1212.79,cut,1199078,771420,no
rKaHyPar,sat14_velev-vliw-uns-4.0-9.cnf.hgr,no,no,9,64,0.03,0.0299401,982.269,cut,1219150,767910,no
rKaHyPar,sat14_velev-vliw-uns-4.0-9.cnf.hgr,no,no,0,8,0.03,0.0299854,1685.15,cut,394206,300343,no
rKaHyPar,sat14_velev-vliw-uns-4.0-9.cnf.hgr,no,no,1,8,0.03,0.0299854,1557.11,cut,400192,297864,no
rKaHyPar,sat14_velev-vliw-uns-4.0-9.cnf.hgr,no,no,2,8,0.03,0.0299854,968.289,cut,384114,296904,no
rKaHyPar,sat14_velev-vliw-uns-4.0-9.cnf.hgr,no,no,3,8,0.03,0.0299854,1703,cut,393780,296630,no
rKaHyPar,sat14_velev-vliw-uns-4.0-9.cnf.hgr,no,no,4,8,0.03,0.0299854,2163.87,cut,410050,303563,no
rKaHyPar,sat14_velev-vliw-uns-4.0-9.cnf.hgr,no,no,5,8,0.03,0.0299854,1127.06,cut,392739,299635,no
rKaHyPar,sat14_velev-vliw-uns-4.0-9.cnf.hgr,no,no,6,8,0.03,0.0299854,1712.03,cut,404417,311007,no
rKaHyPar,sat14_velev-vliw-uns-4.0-9.cnf.hgr,no,no,7,8,0.03,0.0299854,1577.29,cut,409215,306135,no
rKaHyPar,sat14_velev-vliw-uns-4.0-9.cnf.hgr,no,no,8,8,0.03,0.0299854,1803.29,cut,394108,296118,no
rKaHyPar,sat14_velev-vliw-uns-4.0-9.cnf.hgr,no,no,9,8,0.03,0.0299854,1820.88,cut,397446,302336,no
rKaHyPar,sat14_velev-vliw-uns-4.0-9.cnf.primal.hgr,no,no,0,128,0.03,0.0292553,674.109,cut,1484541,1119871,no
rKaHyPar,sat14_velev-vliw-uns-4.0-9.cnf.primal.hgr,no,no,1,128,0.03,0.0292553,495.305,cut,1532937,1114157,no
rKaHyPar,sat14_velev-vliw-uns-4.0-9.cnf.primal.hgr,no,no,2,128,0.03,0.0292553,686.605,cut,1533191,1122588,no
rKaHyPar,sat14_velev-vliw-uns-4.0-9.cnf.primal.hgr,no,no,3,128,0.03,0.0292553,792.6,cut,1530902,1114847,no
rKaHyPar,sat14_velev-vliw-uns-4.0-9.cnf.primal.hgr,no,no,4,128,0.03,0.0292553,522.876,cut,1496595,1110677,no
rKaHyPar,sat14_velev-vliw-uns-4.0-9.cnf.primal.hgr,no,no,5,128,0.03,0.0292553,589.894,cut,1537218,1122561,no
rKaHyPar,sat14_velev-vliw-uns-4.0-9.cnf.primal.hgr,no,no,6,128,0.03,0.0292553,409.931,cut,1516159,1105819,no
rKaHyPar,sat14_velev-vliw-uns-4.0-9.cnf.primal.hgr,no,no,7,128,0.03,0.0292553,654.503,cut,1491742,1100973,no
rKaHyPar,sat14_velev-vliw-uns-4.0-9.cnf.primal.hgr,no,no,8,128,0.03,0.0292553,879.799,cut,1528020,1127073,no
rKaHyPar,sat14_velev-vliw-uns-4.0-9.cnf.primal.hgr,no,no,9,128,0.03,0.0292553,706.277,cut,1521415,1115815,no
rKaHyPar,sat14_velev-vliw-uns-4.0-9.cnf.primal.hgr,no,no,0,16,0.03,0.0299401,523.883,cut,629952,503149,no
rKaHyPar,sat14_velev-vliw-uns-4.0-9.cnf.primal.hgr,no,no,1,16,0.03,0.0299401,1168.35,cut,640849,516581,no
rKaHyPar,sat14_velev-vliw-uns-4.0-9.cnf.primal.hgr,no,no,2,16,0.03,0.0299401,486.388,cut,623342,495593,no
rKaHyPar,sat14_velev-vliw-uns-4.0-9.cnf.primal.hgr,no,no,3,16,0.03,0.0299401,1314.44,cut,672837,552990,no
rKaHyPar,sat14_velev-vliw-uns-4.0-9.cnf.primal.hgr,no,no,4,16,0.03,0.0299401,605.809,cut,602394,481957,no
rKaHyPar,sat14_velev-vliw-uns-4.0-9.cnf.primal.hgr,no,no,5,16,0.03,0.0299401,2625.06,cut,655515,513892,no
rKaHyPar,sat14_velev-vliw-uns-4.0-9.cnf.primal.hgr,no,no,6,16,0.03,0.0299401,689.232,cut,596481,480272,no
rKaHyPar,sat14_velev-vliw-uns-4.0-9.cnf.primal.hgr,no,no,7,16,0.03,0.0299401,938.264,cut,586034,489223,no
rKaHyPar,sat14_velev-vliw-uns-4.0-9.cnf.primal.hgr,no,no,8,16,0.03,0.0299401,1048.78,cut,639206,516092,no
rKaHyPar,sat14_velev-vliw-uns-4.0-9.cnf.primal.hgr,no,no,9,16,0.03,0.0299401,1946.97,cut,653911,515968,no
rKaHyPar,sat14_velev-vliw-uns-4.0-9.cnf.primal.hgr,no,no,0,2,0.03,0.015804,200.316,cut,75368,75368,no
rKaHyPar,sat14_velev-vliw-uns-4.0-9.cnf.primal.hgr,no,no,1,2,0.03,0.0299861,521.175,cut,77955,77955,no
rKaHyPar,sat14_velev-vliw-uns-4.0-9.cnf.primal.hgr,no,no,2,2,0.03,0.0299861,3633.05,cut,88382,88382,no
rKaHyPar,sat14_velev-vliw-uns-4.0-9.cnf.primal.hgr,no,no,3,2,0.03,0.0157416,312.711,cut,75370,75370,no
rKaHyPar,sat14_velev-vliw-uns-4.0-9.cnf.primal.hgr,no,no,4,2,0.03,0.015804,198.338,cut,75368,75368,no
rKaHyPar,sat14_velev-vliw-uns-4.0-9.cnf.primal.hgr,no,no,6,2,0.03,0.0299861,565.141,cut,77441,77441,no
rKaHyPar,sat14_velev-vliw-uns-4.0-9.cnf.primal.hgr,no,no,7,2,0.03,0.0299861,422.628,cut,83041,83041,no
rKaHyPar,sat14_velev-vliw-uns-4.0-9.cnf.primal.hgr,no,no,8,2,0.03,0.0299861,653.125,cut,81177,81177,no
rKaHyPar,sat14_velev-vliw-uns-4.0-9.cnf.primal.hgr,no,no,9,2,0.03,0.0299861,249.922,cut,76443,76443,no
rKaHyPar,sat14_velev-vliw-uns-4.0-9.cnf.primal.hgr,no,no,0,32,0.03,0.0299401,1263.23,cut,814138,627696,no
rKaHyPar,sat14_velev-vliw-uns-4.0-9.cnf.primal.hgr,no,no,2,32,0.03,0.0299401,857.756,cut,816251,646962,no
rKaHyPar,sat14_velev-vliw-uns-4.0-9.cnf.primal.hgr,no,no,3,32,0.03,0.0299401,565.509,cut,800977,622849,no
rKaHyPar,sat14_velev-vliw-uns-4.0-9.cnf.primal.hgr,no,no,4,32,0.03,0.0299401,1511.21,cut,831680,642190,no
rKaHyPar,sat14_velev-vliw-uns-4.0-9.cnf.primal.hgr,no,no,5,32,0.03,0.0299401,1061.92,cut,814767,622284,no
rKaHyPar,sat14_velev-vliw-uns-4.0-9.cnf.primal.hgr,no,no,6,32,0.03,0.0299401,1047.21,cut,795952,619512,no
rKaHyPar,sat14_velev-vliw-uns-4.0-9.cnf.primal.hgr,no,no,8,32,0.03,0.0299401,676.477,cut,811595,632357,no
rKaHyPar,sat14_velev-vliw-uns-4.0-9.cnf.primal.hgr,no,no,9,32,0.03,0.0299401,644.874,cut,827460,658228,no
rKaHyPar,sat14_velev-vliw-uns-4.0-9.cnf.primal.hgr,no,no,0,4,0.03,0.0299854,1732.83,cut,293256,277221,no
rKaHyPar,sat14_velev-vliw-uns-4.0-9.cnf.primal.hgr,no,no,1,4,0.03,0.0299854,5922.7,cut,309364,288636,no
rKaHyPar,sat14_velev-vliw-uns-4.0-9.cnf.primal.hgr,no,no,2,4,0.03,0.0299854,5147,cut,321204,304916,no
rKaHyPar,sat14_velev-vliw-uns-4.0-9.cnf.primal.hgr,no,no,3,4,0.03,0.0299854,1224.23,cut,316786,300951,no
rKaHyPar,sat14_velev-vliw-uns-4.0-9.cnf.primal.hgr,no,no,4,4,0.03,0.0298191,2318.65,cut,305514,289075,no
rKaHyPar,sat14_velev-vliw-uns-4.0-9.cnf.primal.hgr,no,no,5,4,0.03,0.0299854,3364.83,cut,326927,306284,no
rKaHyPar,sat14_velev-vliw-uns-4.0-9.cnf.primal.hgr,no,no,6,4,0.03,0.0299854,851.437,cut,306293,288178,no
rKaHyPar,sat14_velev-vliw-uns-4.0-9.cnf.primal.hgr,no,no,7,4,0.03,0.0299854,3496.82,cut,311907,294174,no
rKaHyPar,sat14_velev-vliw-uns-4.0-9.cnf.primal.hgr,no,no,8,4,0.03,0.0299854,3449.86,cut,319000,296687,no
rKaHyPar,sat14_velev-vliw-uns-4.0-9.cnf.primal.hgr,no,no,9,4,0.03,0.0299854,6787.24,cut,304743,285586,no
rKaHyPar,sat14_velev-vliw-uns-4.0-9.cnf.primal.hgr,no,no,0,64,0.03,0.0299401,608.333,cut,1156691,891878,no
rKaHyPar,sat14_velev-vliw-uns-4.0-9.cnf.primal.hgr,no,no,1,64,0.03,0.0299401,490.444,cut,1152148,884366,no
rKaHyPar,sat14_velev-vliw-uns-4.0-9.cnf.primal.hgr,no,no,2,64,0.03,0.0299401,926.581,cut,1173738,904651,no
rKaHyPar,sat14_velev-vliw-uns-4.0-9.cnf.primal.hgr,no,no,3,64,0.03,0.0299401,1441.85,cut,1160479,890795,no
rKaHyPar,sat14_velev-vliw-uns-4.0-9.cnf.primal.hgr,no,no,4,64,0.03,0.0299401,873.819,cut,1158299,894314,no
rKaHyPar,sat14_velev-vliw-uns-4.0-9.cnf.primal.hgr,no,no,5,64,0.03,0.0299401,515.951,cut,1142542,880731,no
rKaHyPar,sat14_velev-vliw-uns-4.0-9.cnf.primal.hgr,no,no,6,64,0.03,0.0299401,827.898,cut,1167020,892940,no
rKaHyPar,sat14_velev-vliw-uns-4.0-9.cnf.primal.hgr,no,no,7,64,0.03,0.0299401,908.899,cut,1149530,881402,no
rKaHyPar,sat14_velev-vliw-uns-4.0-9.cnf.primal.hgr,no,no,8,64,0.03,0.0299401,1873.73,cut,1145664,892779,no
rKaHyPar,sat14_velev-vliw-uns-4.0-9.cnf.primal.hgr,no,no,9,64,0.03,0.0299401,633.609,cut,1190570,901984,no
rKaHyPar,sat14_velev-vliw-uns-4.0-9.cnf.primal.hgr,no,no,0,8,0.03,0.0299426,402.355,cut,462828,395106,no
rKaHyPar,sat14_velev-vliw-uns-4.0-9.cnf.primal.hgr,no,no,1,8,0.03,0.0299426,1069.09,cut,486691,424998,no
rKaHyPar,sat14_velev-vliw-uns-4.0-9.cnf.primal.hgr,no,no,2,8,0.03,0.0299426,1796.89,cut,498441,442786,no
rKaHyPar,sat14_velev-vliw-uns-4.0-9.cnf.primal.hgr,no,no,3,8,0.03,0.0299426,1224.25,cut,501705,447652,no
rKaHyPar,sat14_velev-vliw-uns-4.0-9.cnf.primal.hgr,no,no,4,8,0.03,0.0299426,1324.11,cut,492169,420619,no
rKaHyPar,sat14_velev-vliw-uns-4.0-9.cnf.primal.hgr,no,no,5,8,0.03,0.0299426,1174.78,cut,496076,419581,no
rKaHyPar,sat14_velev-vliw-uns-4.0-9.cnf.primal.hgr,no,no,6,8,0.03,0.0299426,1055.99,cut,473316,416130,no
rKaHyPar,sat14_velev-vliw-uns-4.0-9.cnf.primal.hgr,no,no,7,8,0.03,0.0299426,4745.58,cut,508604,434860,no
rKaHyPar,sat14_velev-vliw-uns-4.0-9.cnf.primal.hgr,no,no,8,8,0.03,0.0299426,1759.74,cut,518236,468933,no
rKaHyPar,sat14_velev-vliw-uns-4.0-9.cnf.primal.hgr,no,no,9,8,0.03,0.0299426,2306.92,cut,490605,419271,no
rKaHyPar,scfxm1-2r.mtx.hgr,no,no,0,128,0.03,0.0251938,7.67071,cut,2418,2094,no
rKaHyPar,scfxm1-2r.mtx.hgr,no,no,1,128,0.03,0.0213178,5.62142,cut,2405,2092,no
rKaHyPar,scfxm1-2r.mtx.hgr,no,no,2,128,0.03,0.0213178,7.6797,cut,2411,2098,no
rKaHyPar,scfxm1-2r.mtx.hgr,no,no,3,128,0.03,0.0213178,5.57482,cut,2419,2097,no
rKaHyPar,scfxm1-2r.mtx.hgr,no,no,4,128,0.03,0.0290698,5.56094,cut,2408,2096,no
rKaHyPar,scfxm1-2r.mtx.hgr,no,no,5,128,0.03,0.0232558,5.60966,cut,2422,2096,no
rKaHyPar,scfxm1-2r.mtx.hgr,no,no,6,128,0.03,0.0290698,5.70199,cut,2428,2094,no
rKaHyPar,scfxm1-2r.mtx.hgr,no,no,7,128,0.03,0.0290698,5.56441,cut,2402,2096,no
rKaHyPar,scfxm1-2r.mtx.hgr,no,no,8,128,0.03,0.0213178,7.77951,cut,2409,2092,no
rKaHyPar,scfxm1-2r.mtx.hgr,no,no,9,128,0.03,0.0251938,5.66763,cut,2422,2095,no
rKaHyPar,scfxm1-2r.mtx.hgr,no,no,0,16,0.03,0.0298399,2.1978,cut,2137,1940,no
rKaHyPar,scfxm1-2r.mtx.hgr,no,no,1,16,0.03,0.0266861,2.19049,cut,2142,1941,no
rKaHyPar,scfxm1-2r.mtx.hgr,no,no,2,16,0.03,0.0298399,2.19088,cut,2140,1940,no
rKaHyPar,scfxm1-2r.mtx.hgr,no,no,3,16,0.03,0.0266861,3.04155,cut,2137,1941,no
rKaHyPar,scfxm1-2r.mtx.hgr,no,no,4,16,0.03,0.0259583,2.23627,cut,2149,1941,no
rKaHyPar,scfxm1-2r.mtx.hgr,no,no,5,16,0.03,0.0298399,3.04555,cut,2130,1940,no
rKaHyPar,scfxm1-2r.mtx.hgr,no,no,6,16,0.03,0.0291121,3.01255,cut,2118,1942,no
rKaHyPar,scfxm1-2r.mtx.hgr,no,no,7,16,0.03,0.0288695,3.03738,cut,2132,1942,no
rKaHyPar,scfxm1-2r.mtx.hgr,no,no,8,16,0.03,0.0298399,3.1419,cut,2142,1940,no
rKaHyPar,scfxm1-2r.mtx.hgr,no,no,9,16,0.03,0.0298399,2.17067,cut,2138,1941,no
rKaHyPar,scfxm1-2r.mtx.hgr,no,no,0,2,0.03,0.0253548,0.78746,cut,1006,1006,no
rKaHyPar,scfxm1-2r.mtx.hgr,no,no,1,2,0.03,0.0253548,1.09948,cut,1006,1006,no
rKaHyPar,scfxm1-2r.mtx.hgr,no,no,2,2,0.03,0.0296615,1.4667,cut,1005,1005,no
rKaHyPar,scfxm1-2r.mtx.hgr,no,no,3,2,0.03,0.0253548,1.16918,cut,1006,1006,no
rKaHyPar,scfxm1-2r.mtx.hgr,no,no,4,2,0.03,0.0253548,1.08616,cut,1006,1006,no
rKaHyPar,scfxm1-2r.mtx.hgr,no,no,6,2,0.03,0.0253548,1.12792,cut,1006,1006,no
rKaHyPar,scfxm1-2r.mtx.hgr,no,no,7,2,0.03,0.0252335,0.818326,cut,1006,1006,no
rKaHyPar,scfxm1-2r.mtx.hgr,no,no,8,2,0.03,0.0253548,1.15971,cut,1006,1006,no
rKaHyPar,scfxm1-2r.mtx.hgr,no,no,9,2,0.03,0.0252335,0.838587,cut,1006,1006,no
rKaHyPar,scfxm1-2r.mtx.hgr,no,no,0,32,0.03,0.0291121,3.10181,cut,2262,2020,no
rKaHyPar,scfxm1-2r.mtx.hgr,no,no,2,32,0.03,0.0291121,4.03606,cut,2261,2020,no
rKaHyPar,scfxm1-2r.mtx.hgr,no,no,3,32,0.03,0.0295973,2.95207,cut,2255,2017,no
rKaHyPar,scfxm1-2r.mtx.hgr,no,no,4,32,0.03,0.0281417,4.09359,cut,2257,2018,no
rKaHyPar,scfxm1-2r.mtx.hgr,no,no,5,32,0.03,0.0266861,3.01955,cut,2256,2018,no
rKaHyPar,scfxm1-2r.mtx.hgr,no,no,6,32,0.03,0.0281417,4.10181,cut,2250,2018,no
rKaHyPar,scfxm1-2r.mtx.hgr,no,no,8,32,0.03,0.0291121,3.18868,cut,2272,2021,no
rKaHyPar,scfxm1-2r.mtx.hgr,no,no,9,32,0.03,0.0291121,2.9366,cut,2260,2019,no
rKaHyPar,scfxm1-2r.mtx.hgr,no,no,0,4,0.03,0.0259008,1.84278,cut,1603,1537,no
rKaHyPar,scfxm1-2r.mtx.hgr,no,no,1,4,0.03,0.0259008,1.84257,cut,1603,1537,no
rKaHyPar,scfxm1-2r.mtx.hgr,no,no,2,4,0.03,0.0259008,1.83523,cut,1603,1537,no
rKaHyPar,scfxm1-2r.mtx.hgr,no,no,3,4,0.03,0.0259008,1.30539,cut,1603,1537,no
rKaHyPar,scfxm1-2r.mtx.hgr,no,no,4,4,0.03,0.0259008,1.37117,cut,1603,1537,no
rKaHyPar,scfxm1-2r.mtx.hgr,no,no,5,4,0.03,0.0259008,1.86867,cut,1603,1537,no
rKaHyPar,scfxm1-2r.mtx.hgr,no,no,6,4,0.03,0.0252335,1.32043,cut,1603,1537,no
rKaHyPar,scfxm1-2r.mtx.hgr,no,no,7,4,0.03,0.0252335,1.3152,cut,1603,1537,no
rKaHyPar,scfxm1-2r.mtx.hgr,no,no,8,4,0.03,0.0259008,1.36541,cut,1603,1537,no
rKaHyPar,scfxm1-2r.mtx.hgr,no,no,9,4,0.03,0.0259008,1.88684,cut,1603,1537,no
rKaHyPar,scfxm1-2r.mtx.hgr,no,no,0,64,0.03,0.0223084,4.00098,cut,2326,2058,no
rKaHyPar,scfxm1-2r.mtx.hgr,no,no,1,64,0.03,0.0203686,4.0115,cut,2339,2059,no
rKaHyPar,scfxm1-2r.mtx.hgr,no,no,2,64,0.03,0.0203686,5.61808,cut,2322,2059,no
rKaHyPar,scfxm1-2r.mtx.hgr,no,no,3,64,0.03,0.0203686,5.48812,cut,2340,2062,no
rKaHyPar,scfxm1-2r.mtx.hgr,no,no,4,64,0.03,0.0203686,5.63196,cut,2332,2059,no
rKaHyPar,scfxm1-2r.mtx.hgr,no,no,5,64,0.03,0.0242483,4.15509,cut,2334,2059,no
rKaHyPar,scfxm1-2r.mtx.hgr,no,no,6,64,0.03,0.0203686,3.99306,cut,2328,2061,no
rKaHyPar,scfxm1-2r.mtx.hgr,no,no,7,64,0.03,0.0203686,5.64206,cut,2332,2061,no
rKaHyPar,scfxm1-2r.mtx.hgr,no,no,8,64,0.03,0.0203686,5.61418,cut,2354,2063,no
rKaHyPar,scfxm1-2r.mtx.hgr,no,no,9,64,0.03,0.0223084,4.16045,cut,2340,2060,no
rKaHyPar,scfxm1-2r.mtx.hgr,no,no,0,8,0.03,0.0281451,1.68835,cut,1931,1805,no
rKaHyPar,scfxm1-2r.mtx.hgr,no,no,1,8,0.03,0.0281451,2.34886,cut,1930,1805,no
rKaHyPar,scfxm1-2r.mtx.hgr,no,no,2,8,0.03,0.0281451,1.73505,cut,1936,1805,no
rKaHyPar,scfxm1-2r.mtx.hgr,no,no,3,8,0.03,0.0281451,1.74242,cut,1931,1805,no
rKaHyPar,scfxm1-2r.mtx.hgr,no,no,4,8,0.03,0.0283877,1.76245,cut,1942,1805,no
rKaHyPar,scfxm1-2r.mtx.hgr,no,no,5,8,0.03,0.0281451,1.713,cut,1942,1805,no
rKaHyPar,scfxm1-2r.mtx.hgr,no,no,6,8,0.03,0.0281451,1.70559,cut,1929,1805,no
rKaHyPar,scfxm1-2r.mtx.hgr,no,no,7,8,0.03,0.0283877,2.48765,cut,1935,1805,no
rKaHyPar,scfxm1-2r.mtx.hgr,no,no,8,8,0.03,0.0283877,2.47911,cut,1936,1805,no
rKaHyPar,scfxm1-2r.mtx.hgr,no,no,9,8,0.03,0.0281451,2.42053,cut,1937,1805,no
rKaHyPar,scircuit.mtx.hgr,no,no,0,128,0.03,0.0299401,23.431,cut,9389,7971,no
rKaHyPar,scircuit.mtx.hgr,no,no,1,128,0.03,0.0299401,23.7177,cut,9267,7854,no
rKaHyPar,scircuit.mtx.hgr,no,no,2,128,0.03,0.0299401,24.027,cut,9254,7830,no
rKaHyPar,scircuit.mtx.hgr,no,no,3,128,0.03,0.0299401,23.429,cut,9318,7966,no
rKaHyPar,scircuit.mtx.hgr,no,no,4,128,0.03,0.0299401,23.4863,cut,9284,7938,no
rKaHyPar,scircuit.mtx.hgr,no,no,5,128,0.03,0.0299401,24.2695,cut,9371,8014,no
rKaHyPar,scircuit.mtx.hgr,no,no,6,128,0.03,0.0299401,23.2785,cut,9227,7827,no
rKaHyPar,scircuit.mtx.hgr,no,no,7,128,0.03,0.0299401,23.9061,cut,9224,7816,no
rKaHyPar,scircuit.mtx.hgr,no,no,8,128,0.03,0.0299401,23.9144,cut,9425,7956,no
rKaHyPar,scircuit.mtx.hgr,no,no,9,128,0.03,0.0299401,23.7156,cut,9387,7908,no
rKaHyPar,scircuit.mtx.hgr,no,no,0,16,0.03,0.0299401,12.5327,cut,1601,1497,no
rKaHyPar,scircuit.mtx.hgr,no,no,1,16,0.03,0.0196482,12.1581,cut,1565,1467,no
rKaHyPar,scircuit.mtx.hgr,no,no,2,16,0.03,0.0275075,12.1544,cut,1503,1405,no
rKaHyPar,scircuit.mtx.hgr,no,no,3,16,0.03,0.0247006,16.7255,cut,1451,1358,no
rKaHyPar,scircuit.mtx.hgr,no,no,4,16,0.03,0.0254491,12.2147,cut,1559,1439,no
rKaHyPar,scircuit.mtx.hgr,no,no,5,16,0.03,0.0258234,12.5824,cut,1521,1431,no
rKaHyPar,scircuit.mtx.hgr,no,no,6,16,0.03,0.0249813,16.1481,cut,1482,1416,no
rKaHyPar,scircuit.mtx.hgr,no,no,7,16,0.03,0.0291916,16.6447,cut,1568,1484,no
rKaHyPar,scircuit.mtx.hgr,no,no,8,16,0.03,0.0295659,16.1732,cut,1556,1466,no
rKaHyPar,scircuit.mtx.hgr,no,no,9,16,0.03,0.0236714,12.2483,cut,1491,1409,no
rKaHyPar,scircuit.mtx.hgr,no,no,0,2,0.03,0.0232634,3.69688,cut,42,42,no
rKaHyPar,scircuit.mtx.hgr,no,no,1,2,0.03,0.0227254,4.91894,cut,42,42,no
rKaHyPar,scircuit.mtx.hgr,no,no,2,2,0.03,0.0227254,5.33036,cut,42,42,no
rKaHyPar,scircuit.mtx.hgr,no,no,3,2,0.03,0.0227254,4.96095,cut,42,42,no
rKaHyPar,scircuit.mtx.hgr,no,no,4,2,0.03,0.0227254,3.73025,cut,42,42,no
rKaHyPar,scircuit.mtx.hgr,no,no,5,2,0.03,0.0227254,4.14611,cut,42,42,no
rKaHyPar,scircuit.mtx.hgr,no,no,6,2,0.03,0.0227254,3.76983,cut,42,42,no
rKaHyPar,scircuit.mtx.hgr,no,no,7,2,0.03,0.0227254,3.74276,cut,42,42,no
rKaHyPar,scircuit.mtx.hgr,no,no,8,2,0.03,0.0227254,3.91069,cut,42,42,no
rKaHyPar,scircuit.mtx.hgr,no,no,9,2,0.03,0.0227254,3.77967,cut,42,42,no
rKaHyPar,scircuit.mtx.hgr,no,no,0,32,0.03,0.0299401,14.7874,cut,2978,2705,no
rKaHyPar,scircuit.mtx.hgr,no,no,1,32,0.03,0.0269461,14.6819,cut,2939,2653,no
rKaHyPar,scircuit.mtx.hgr,no,no,2,32,0.03,0.0295659,20.2342,cut,2907,2644,no
rKaHyPar,scircuit.mtx.hgr,no,no,3,32,0.03,0.029753,14.7523,cut,2949,2676,no
rKaHyPar,scircuit.mtx.hgr,no,no,4,32,0.03,0.0284431,20.0701,cut,3019,2717,no
rKaHyPar,scircuit.mtx.hgr,no,no,5,32,0.03,0.029753,15.1006,cut,2920,2645,no
rKaHyPar,scircuit.mtx.hgr,no,no,6,32,0.03,0.0291916,19.903,cut,3018,2722,no
rKaHyPar,scircuit.mtx.hgr,no,no,7,32,0.03,0.0299401,14.9833,cut,2988,2736,no
rKaHyPar,scircuit.mtx.hgr,no,no,8,32,0.03,0.0299401,15.371,cut,2936,2655,no
rKaHyPar,scircuit.mtx.hgr,no,no,9,32,0.03,0.0299401,14.7428,cut,2982,2695,no
rKaHyPar,scircuit.mtx.hgr,no,no,0,4,0.03,0.0147368,10.2983,cut,279,277,no
rKaHyPar,scircuit.mtx.hgr,no,no,1,4,0.03,0.0207485,6.77981,cut,249,243,no
rKaHyPar,scircuit.mtx.hgr,no,no,2,4,0.03,0.0284444,9.47863,cut,241,235,no
rKaHyPar,scircuit.mtx.hgr,no,no,3,4,0.03,0.0232515,7.09232,cut,249,243,no
rKaHyPar,scircuit.mtx.hgr,no,no,4,4,0.03,0.0223626,7.16694,cut,269,263,no
rKaHyPar,scircuit.mtx.hgr,no,no,5,4,0.03,0.0234152,7.76178,cut,279,273,no
rKaHyPar,scircuit.mtx.hgr,no,no,6,4,0.03,0.0283743,7.66956,cut,281,276,no
rKaHyPar,scircuit.mtx.hgr,no,no,7,4,0.03,0.0292865,7.33634,cut,279,273,no
rKaHyPar,scircuit.mtx.hgr,no,no,8,4,0.03,0.0210292,7.44476,cut,269,263,no
rKaHyPar,scircuit.mtx.hgr,no,no,9,4,0.03,0.0261754,9.78992,cut,265,264,no
rKaHyPar,scircuit.mtx.hgr,no,no,0,64,0.03,0.0295659,24.9408,cut,5045,4427,no
rKaHyPar,scircuit.mtx.hgr,no,no,1,64,0.03,0.0284431,18.0753,cut,5220,4542,no
rKaHyPar,scircuit.mtx.hgr,no,no,2,64,0.03,0.0295659,25.6061,cut,5221,4535,no
rKaHyPar,scircuit.mtx.hgr,no,no,3,64,0.03,0.0288174,18.2176,cut,5124,4485,no
rKaHyPar,scircuit.mtx.hgr,no,no,4,64,0.03,0.0299401,25.7387,cut,5246,4498,no
rKaHyPar,scircuit.mtx.hgr,no,no,5,64,0.03,0.0299401,18.7398,cut,5102,4464,no
rKaHyPar,scircuit.mtx.hgr,no,no,6,64,0.03,0.0299401,25.431,cut,5159,4445,no
rKaHyPar,scircuit.mtx.hgr,no,no,7,64,0.03,0.0299401,18.4341,cut,5257,4520,no
rKaHyPar,scircuit.mtx.hgr,no,no,8,64,0.03,0.0299401,25.1308,cut,5107,4420,no
rKaHyPar,scircuit.mtx.hgr,no,no,9,64,0.03,0.0299401,18.3488,cut,5254,4527,no
rKaHyPar,scircuit.mtx.hgr,no,no,0,8,0.03,0.0184327,9.68994,cut,731,718,no
rKaHyPar,scircuit.mtx.hgr,no,no,1,8,0.03,0.0200702,13.2239,cut,786,770,no
rKaHyPar,scircuit.mtx.hgr,no,no,2,8,0.03,0.0257778,9.62066,cut,805,786,no
rKaHyPar,scircuit.mtx.hgr,no,no,3,8,0.03,0.0170292,12.8101,cut,732,722,no
rKaHyPar,scircuit.mtx.hgr,no,no,4,8,0.03,0.0237661,9.67175,cut,774,755,no
rKaHyPar,scircuit.mtx.hgr,no,no,5,8,0.03,0.0295673,10.0295,cut,715,704,no
rKaHyPar,scircuit.mtx.hgr,no,no,6,8,0.03,0.0261988,9.76584,cut,721,712,no
rKaHyPar,scircuit.mtx.hgr,no,no,7,8,0.03,0.0284912,13.558,cut,701,688,no
rKaHyPar,scircuit.mtx.hgr,no,no,8,8,0.03,0.0284912,12.7881,cut,694,683,no
rKaHyPar,scircuit.mtx.hgr,no,no,9,8,0.03,0.0174035,9.68607,cut,712,695,no
rKaHyPar,shallow_water2.mtx.hgr,no,no,0,128,0.03,0.0296875,18.0622,cut,9500,9081,no
rKaHyPar,shallow_water2.mtx.hgr,no,no,1,128,0.03,0.0296875,13.3753,cut,9495,9085,no
rKaHyPar,shallow_water2.mtx.hgr,no,no,2,128,0.03,0.025,13.6004,cut,9509,9069,no
rKaHyPar,shallow_water2.mtx.hgr,no,no,3,128,0.03,0.0296875,13.3209,cut,9483,9060,no
rKaHyPar,shallow_water2.mtx.hgr,no,no,4,128,0.03,0.0296875,13.4931,cut,9510,9115,no
rKaHyPar,shallow_water2.mtx.hgr,no,no,5,128,0.03,0.0296875,13.3457,cut,9548,9106,no
rKaHyPar,shallow_water2.mtx.hgr,no,no,6,128,0.03,0.028125,13.3571,cut,9490,9060,no
rKaHyPar,shallow_water2.mtx.hgr,no,no,7,128,0.03,0.0265625,13.54,cut,9527,9055,no
rKaHyPar,shallow_water2.mtx.hgr,no,no,8,128,0.03,0.028125,13.2941,cut,9498,9078,no
rKaHyPar,shallow_water2.mtx.hgr,no,no,9,128,0.03,0.0296875,13.4193,cut,9501,9058,no
rKaHyPar,shallow_water2.mtx.hgr,no,no,0,16,0.03,0.0232422,6.87748,cut,3165,3128,no
rKaHyPar,shallow_water2.mtx.hgr,no,no,1,16,0.03,0.028125,7.03205,cut,3181,3137,no
rKaHyPar,shallow_water2.mtx.hgr,no,no,2,16,0.03,0.0273438,6.88223,cut,3192,3141,no
rKaHyPar,shallow_water2.mtx.hgr,no,no,3,16,0.03,0.0232422,9.01584,cut,3188,3139,no
rKaHyPar,shallow_water2.mtx.hgr,no,no,4,16,0.03,0.0283203,6.91236,cut,3172,3132,no
rKaHyPar,shallow_water2.mtx.hgr,no,no,5,16,0.03,0.0244141,7.0028,cut,3158,3114,no
rKaHyPar,shallow_water2.mtx.hgr,no,no,6,16,0.03,0.0296875,9.15632,cut,3177,3140,no
rKaHyPar,shallow_water2.mtx.hgr,no,no,7,16,0.03,0.0277344,9.49807,cut,3171,3124,no
rKaHyPar,shallow_water2.mtx.hgr,no,no,8,16,0.03,0.0292969,9.45501,cut,3192,3144,no
rKaHyPar,shallow_water2.mtx.hgr,no,no,9,16,0.03,0.0246094,6.86533,cut,3176,3132,no
rKaHyPar,shallow_water2.mtx.hgr,no,no,0,2,0.03,0,3.24021,cut,640,640,no
rKaHyPar,shallow_water2.mtx.hgr,no,no,1,2,0.03,0,4.24152,cut,640,640,no
rKaHyPar,shallow_water2.mtx.hgr,no,no,2,2,0.03,0,4.17514,cut,640,640,no
rKaHyPar,shallow_water2.mtx.hgr,no,no,3,2,0.03,0,3.97036,cut,640,640,no
rKaHyPar,shallow_water2.mtx.hgr,no,no,4,2,0.03,0,4.5946,cut,640,640,no
rKaHyPar,shallow_water2.mtx.hgr,no,no,5,2,0.03,0,3.18504,cut,640,640,no
rKaHyPar,shallow_water2.mtx.hgr,no,no,6,2,0.03,0,4.3957,cut,640,640,no
rKaHyPar,shallow_water2.mtx.hgr,no,no,7,2,0.03,0,3.5314,cut,640,640,no
rKaHyPar,shallow_water2.mtx.hgr,no,no,8,2,0.03,0,2.98526,cut,640,640,no
rKaHyPar,shallow_water2.mtx.hgr,no,no,9,2,0.03,0,3.21735,cut,640,640,no
rKaHyPar,shallow_water2.mtx.hgr,no,no,0,32,0.03,0.0292969,7.99763,cut,4647,4558,no
rKaHyPar,shallow_water2.mtx.hgr,no,no,1,32,0.03,0.0296875,7.94586,cut,4611,4513,no
rKaHyPar,shallow_water2.mtx.hgr,no,no,2,32,0.03,0.028125,10.7933,cut,4635,4537,no
rKaHyPar,shallow_water2.mtx.hgr,no,no,3,32,0.03,0.0296875,7.90912,cut,4637,4537,no
rKaHyPar,shallow_water2.mtx.hgr,no,no,4,32,0.03,0.0296875,10.8641,cut,4623,4523,no
rKaHyPar,shallow_water2.mtx.hgr,no,no,5,32,0.03,0.0238281,8.30964,cut,4618,4515,no
rKaHyPar,shallow_water2.mtx.hgr,no,no,6,32,0.03,0.0296875,10.8355,cut,4634,4525,no
rKaHyPar,shallow_water2.mtx.hgr,no,no,7,32,0.03,0.0269531,7.97163,cut,4618,4509,no
rKaHyPar,shallow_water2.mtx.hgr,no,no,8,32,0.03,0.0296875,7.9934,cut,4642,4544,no
rKaHyPar,shallow_water2.mtx.hgr,no,no,9,32,0.03,0.025,8.04836,cut,4637,4529,no
rKaHyPar,shallow_water2.mtx.hgr,no,no,0,4,0.03,0.0252441,7.15263,cut,1349,1345,no
rKaHyPar,shallow_water2.mtx.hgr,no,no,1,4,0.03,0.0251953,5.65183,cut,1348,1344,no
rKaHyPar,shallow_water2.mtx.hgr,no,no,2,4,0.03,0.0260254,7.40987,cut,1348,1344,no
rKaHyPar,shallow_water2.mtx.hgr,no,no,3,4,0.03,0.0289062,5.33771,cut,1347,1343,no
rKaHyPar,shallow_water2.mtx.hgr,no,no,4,4,0.03,0.0251465,6.37129,cut,1348,1344,no
rKaHyPar,shallow_water2.mtx.hgr,no,no,5,4,0.03,0.0249512,7.60897,cut,1348,1344,no
rKaHyPar,shallow_water2.mtx.hgr,no,no,6,4,0.03,0.0257813,6.0333,cut,1348,1344,no
rKaHyPar,shallow_water2.mtx.hgr,no,no,7,4,0.03,0.025293,5.28641,cut,1348,1344,no
rKaHyPar,shallow_water2.mtx.hgr,no,no,8,4,0.03,0.0258301,5.543,cut,1349,1345,no
rKaHyPar,shallow_water2.mtx.hgr,no,no,9,4,0.03,0.0250977,7.33027,cut,1349,1345,no
rKaHyPar,shallow_water2.mtx.hgr,no,no,0,64,0.03,0.0296875,13.5078,cut,6681,6470,no
rKaHyPar,shallow_water2.mtx.hgr,no,no,1,64,0.03,0.0296875,10.2265,cut,6687,6484,no
rKaHyPar,shallow_water2.mtx.hgr,no,no,2,64,0.03,0.0226563,13.4349,cut,6681,6460,no
rKaHyPar,shallow_water2.mtx.hgr,no,no,3,64,0.03,0.0296875,9.84224,cut,6706,6508,no
rKaHyPar,shallow_water2.mtx.hgr,no,no,4,64,0.03,0.0296875,13.9825,cut,6731,6507,no
rKaHyPar,shallow_water2.mtx.hgr,no,no,5,64,0.03,0.0289062,10.0062,cut,6675,6486,no
rKaHyPar,shallow_water2.mtx.hgr,no,no,6,64,0.03,0.0265625,13.3675,cut,6710,6499,no
rKaHyPar,shallow_water2.mtx.hgr,no,no,7,64,0.03,0.0273438,13.9589,cut,6702,6480,no
rKaHyPar,shallow_water2.mtx.hgr,no,no,8,64,0.03,0.0289062,13.2148,cut,6662,6455,no
rKaHyPar,shallow_water2.mtx.hgr,no,no,9,64,0.03,0.0265625,10.2623,cut,6696,6492,no
rKaHyPar,shallow_water2.mtx.hgr,no,no,0,8,0.03,0.0116211,5.56836,cut,2127,2106,no
rKaHyPar,shallow_water2.mtx.hgr,no,no,1,8,0.03,0.0236328,7.42678,cut,2118,2103,no
rKaHyPar,shallow_water2.mtx.hgr,no,no,2,8,0.03,0.0260742,5.55106,cut,2121,2101,no
rKaHyPar,shallow_water2.mtx.hgr,no,no,3,8,0.03,0.0179688,7.43673,cut,2114,2099,no
rKaHyPar,shallow_water2.mtx.hgr,no,no,4,8,0.03,0.0244141,5.88847,cut,2112,2097,no
rKaHyPar,shallow_water2.mtx.hgr,no,no,5,8,0.03,0.0171875,5.52395,cut,2120,2103,no
rKaHyPar,shallow_water2.mtx.hgr,no,no,6,8,0.03,0.0272461,5.75738,cut,2117,2095,no
rKaHyPar,shallow_water2.mtx.hgr,no,no,7,8,0.03,0.0291992,7.5619,cut,2121,2102,no
rKaHyPar,shallow_water2.mtx.hgr,no,no,8,8,0.03,0.0157227,7.39227,cut,2122,2102,no
rKaHyPar,shallow_water2.mtx.hgr,no,no,9,8,0.03,0.0256836,5.67182,cut,2115,2094,no
rKaHyPar,shermanACb.mtx.hgr,no,no,0,128,0.03,0.0275862,18.8056,cut,59319,14012,no
rKaHyPar,shermanACb.mtx.hgr,no,no,1,128,0.03,0.0275862,29.4535,cut,61094,13999,no
rKaHyPar,shermanACb.mtx.hgr,no,no,2,128,0.03,0.0275862,16.3353,cut,59263,13920,no
rKaHyPar,shermanACb.mtx.hgr,no,no,3,128,0.03,0.0275862,15.0323,cut,59712,13938,no
rKaHyPar,shermanACb.mtx.hgr,no,no,4,128,0.03,0.0275862,16.0459,cut,59598,13939,no
rKaHyPar,shermanACb.mtx.hgr,no,no,5,128,0.03,0.0275862,15.7069,cut,60909,14039,no
rKaHyPar,shermanACb.mtx.hgr,no,no,6,128,0.03,0.0275862,14.1192,cut,65608,13932,no
rKaHyPar,shermanACb.mtx.hgr,no,no,7,128,0.03,0.0275862,16.7935,cut,60502,14004,no
rKaHyPar,shermanACb.mtx.hgr,no,no,8,128,0.03,0.0275862,14.0298,cut,60735,13913,no
rKaHyPar,shermanACb.mtx.hgr,no,no,9,128,0.03,0.0275862,15.3589,cut,62380,13931,no
rKaHyPar,shermanACb.mtx.hgr,no,no,0,16,0.03,0.028522,15.97,cut,30987,12748,no
rKaHyPar,shermanACb.mtx.hgr,no,no,1,16,0.03,0.0293863,14.8356,cut,33103,12771,no
rKaHyPar,shermanACb.mtx.hgr,no,no,2,16,0.03,0.0293863,13.8799,cut,32681,12666,no
rKaHyPar,shermanACb.mtx.hgr,no,no,3,16,0.03,0.0293863,20.5363,cut,29000,12739,no
rKaHyPar,shermanACb.mtx.hgr,no,no,4,16,0.03,0.0293863,24.503,cut,35286,12895,no
rKaHyPar,shermanACb.mtx.hgr,no,no,5,16,0.03,0.028522,16.6542,cut,31967,12700,no
rKaHyPar,shermanACb.mtx.hgr,no,no,6,16,0.03,0.0293863,21.6285,cut,34691,12815,no
rKaHyPar,shermanACb.mtx.hgr,no,no,7,16,0.03,0.0293863,19.3934,cut,32912,12852,no
rKaHyPar,shermanACb.mtx.hgr,no,no,8,16,0.03,0.028522,23.7424,cut,30732,12729,no
rKaHyPar,shermanACb.mtx.hgr,no,no,9,16,0.03,0.0276577,13.5702,cut,34029,12708,no
rKaHyPar,shermanACb.mtx.hgr,no,no,0,2,0.03,0.0299298,11.8088,cut,5591,5591,no
rKaHyPar,shermanACb.mtx.hgr,no,no,1,2,0.03,0.0299298,13.4029,cut,5532,5532,no
rKaHyPar,shermanACb.mtx.hgr,no,no,2,2,0.03,0.0299298,18.1429,cut,5820,5820,no
rKaHyPar,shermanACb.mtx.hgr,no,no,3,2,0.03,0.0297137,22.3913,cut,5545,5545,no
rKaHyPar,shermanACb.mtx.hgr,no,no,4,2,0.03,0.0299298,14.8205,cut,5563,5563,no
rKaHyPar,shermanACb.mtx.hgr,no,no,5,2,0.03,0.0299298,13.1597,cut,5624,5624,no
rKaHyPar,shermanACb.mtx.hgr,no,no,6,2,0.03,0.0299298,13.4641,cut,5569,5569,no
rKaHyPar,shermanACb.mtx.hgr,no,no,7,2,0.03,0.0299298,12.1229,cut,5612,5612,no
rKaHyPar,shermanACb.mtx.hgr,no,no,8,2,0.03,0.0299298,11.3512,cut,5591,5591,no
rKaHyPar,shermanACb.mtx.hgr,no,no,9,2,0.03,0.0299298,13.0685,cut,5508,5508,no
rKaHyPar,shermanACb.mtx.hgr,no,no,0,32,0.03,0.029361,17.4957,cut,45387,13472,no
rKaHyPar,shermanACb.mtx.hgr,no,no,1,32,0.03,0.029361,15.2219,cut,43611,13469,no
rKaHyPar,shermanACb.mtx.hgr,no,no,2,32,0.03,0.029361,21.9194,cut,42729,13347,no
rKaHyPar,shermanACb.mtx.hgr,no,no,3,32,0.03,0.029361,15.2402,cut,41530,13354,no
rKaHyPar,shermanACb.mtx.hgr,no,no,4,32,0.03,0.029361,24.2197,cut,43095,13493,no
rKaHyPar,shermanACb.mtx.hgr,no,no,5,32,0.03,0.029361,15.7193,cut,42832,13481,no
rKaHyPar,shermanACb.mtx.hgr,no,no,6,32,0.03,0.0276339,16.4774,cut,45018,13382,no
rKaHyPar,shermanACb.mtx.hgr,no,no,7,32,0.03,0.029361,15.5458,cut,41758,13383,no
rKaHyPar,shermanACb.mtx.hgr,no,no,8,32,0.03,0.029361,13.914,cut,40544,13295,no
rKaHyPar,shermanACb.mtx.hgr,no,no,9,32,0.03,0.0276339,17.3602,cut,43481,13366,no
rKaHyPar,shermanACb.mtx.hgr,no,no,0,4,0.03,0.0298185,24.7003,cut,12950,9421,no
rKaHyPar,shermanACb.mtx.hgr,no,no,1,4,0.03,0.0298185,12.8324,cut,14411,9625,no
rKaHyPar,shermanACb.mtx.hgr,no,no,2,4,0.03,0.0298185,19.2849,cut,12961,9502,no
rKaHyPar,shermanACb.mtx.hgr,no,no,3,4,0.03,0.0298185,22.82,cut,14424,9218,no
rKaHyPar,shermanACb.mtx.hgr,no,no,4,4,0.03,0.0298185,13.0559,cut,14407,9577,no
rKaHyPar,shermanACb.mtx.hgr,no,no,5,4,0.03,0.0298185,12.6951,cut,13864,9231,no
rKaHyPar,shermanACb.mtx.hgr,no,no,6,4,0.03,0.0298185,14.8116,cut,14113,9250,no
rKaHyPar,shermanACb.mtx.hgr,no,no,7,4,0.03,0.0298185,16.8886,cut,14326,9557,no
rKaHyPar,shermanACb.mtx.hgr,no,no,8,4,0.03,0.0298185,12.2043,cut,14492,9562,no
rKaHyPar,shermanACb.mtx.hgr,no,no,9,4,0.03,0.0298185,14.6068,cut,14428,9380,no
rKaHyPar,shermanACb.mtx.hgr,no,no,0,64,0.03,0.0241379,24.9894,cut,53350,13787,no
rKaHyPar,shermanACb.mtx.hgr,no,no,1,64,0.03,0.0275862,18.5523,cut,52992,13797,no
rKaHyPar,shermanACb.mtx.hgr,no,no,2,64,0.03,0.0275862,13.2327,cut,52721,13710,no
rKaHyPar,shermanACb.mtx.hgr,no,no,3,64,0.03,0.0275862,15.4177,cut,50177,13646,no
rKaHyPar,shermanACb.mtx.hgr,no,no,4,64,0.03,0.0206897,27.5817,cut,52774,13781,no
rKaHyPar,shermanACb.mtx.hgr,no,no,5,64,0.03,0.0275862,24.6054,cut,55022,13798,no
rKaHyPar,shermanACb.mtx.hgr,no,no,6,64,0.03,0.0275862,21.8583,cut,58646,13596,no
rKaHyPar,shermanACb.mtx.hgr,no,no,7,64,0.03,0.0275862,15.7503,cut,54170,13812,no
rKaHyPar,shermanACb.mtx.hgr,no,no,8,64,0.03,0.0241379,13.675,cut,52180,13669,no
rKaHyPar,shermanACb.mtx.hgr,no,no,9,64,0.03,0.0275862,15.2121,cut,53881,13812,no
rKaHyPar,shermanACb.mtx.hgr,no,no,0,8,0.03,0.0293863,13.6569,cut,24003,11785,no
rKaHyPar,shermanACb.mtx.hgr,no,no,1,8,0.03,0.0298185,29.8793,cut,22368,11700,no
rKaHyPar,shermanACb.mtx.hgr,no,no,2,8,0.03,0.0293863,12.8576,cut,21396,11589,no
rKaHyPar,shermanACb.mtx.hgr,no,no,3,8,0.03,0.0289542,20.2652,cut,23072,11527,no
rKaHyPar,shermanACb.mtx.hgr,no,no,4,8,0.03,0.0298185,17.0287,cut,23701,11748,no
rKaHyPar,shermanACb.mtx.hgr,no,no,5,8,0.03,0.0298185,15.0817,cut,23345,11706,no
rKaHyPar,shermanACb.mtx.hgr,no,no,6,8,0.03,0.0289542,14.919,cut,24239,11608,no
rKaHyPar,shermanACb.mtx.hgr,no,no,7,8,0.03,0.0293863,29.0388,cut,23576,11763,no
rKaHyPar,shermanACb.mtx.hgr,no,no,8,8,0.03,0.0298185,20.6233,cut,21712,11535,no
rKaHyPar,shermanACb.mtx.hgr,no,no,9,8,0.03,0.0298185,14.2456,cut,23677,11628,no
rKaHyPar,ship_001.mtx.hgr,no,no,0,128,0.03,0.021978,6.61166,cut,128095,30349,no
rKaHyPar,ship_001.mtx.hgr,no,no,1,128,0.03,0.025641,6.50666,cut,129025,30283,no
rKaHyPar,ship_001.mtx.hgr,no,no,2,128,0.03,0.025641,4.53992,cut,126190,30289,no
rKaHyPar,ship_001.mtx.hgr,no,no,3,128,0.03,0.021978,4.36345,cut,126077,30325,no
rKaHyPar,ship_001.mtx.hgr,no,no,4,128,0.03,0.025641,4.46136,cut,126478,30316,no
rKaHyPar,ship_001.mtx.hgr,no,no,5,128,0.03,0.025641,4.49189,cut,127103,30443,no
rKaHyPar,ship_001.mtx.hgr,no,no,6,128,0.03,0.010989,4.33967,cut,126490,30256,no
rKaHyPar,ship_001.mtx.hgr,no,no,7,128,0.03,0.018315,4.50809,cut,127782,30255,no
rKaHyPar,ship_001.mtx.hgr,no,no,8,128,0.03,0.021978,4.35001,cut,126213,30207,no
rKaHyPar,ship_001.mtx.hgr,no,no,9,128,0.03,0.025641,4.34459,cut,129272,30416,no
rKaHyPar,ship_001.mtx.hgr,no,no,0,16,0.03,0.0251947,2.5693,cut,24453,14415,no
rKaHyPar,ship_001.mtx.hgr,no,no,1,16,0.03,0.0288594,2.61,cut,23535,14268,no
rKaHyPar,ship_001.mtx.hgr,no,no,2,16,0.03,0.0288594,2.48615,cut,22689,14028,no
rKaHyPar,ship_001.mtx.hgr,no,no,3,16,0.03,0.0242785,3.66195,cut,23292,14121,no
rKaHyPar,ship_001.mtx.hgr,no,no,4,16,0.03,0.0242785,3.69324,cut,23895,14070,no
rKaHyPar,ship_001.mtx.hgr,no,no,5,16,0.03,0.0288594,2.71647,cut,23238,14316,no
rKaHyPar,ship_001.mtx.hgr,no,no,6,16,0.03,0.0288594,3.54007,cut,24492,14304,no
rKaHyPar,ship_001.mtx.hgr,no,no,7,16,0.03,0.0279432,2.49988,cut,21702,14130,no
rKaHyPar,ship_001.mtx.hgr,no,no,8,16,0.03,0.0288594,3.67926,cut,23857,14494,no
rKaHyPar,ship_001.mtx.hgr,no,no,9,16,0.03,0.0251947,2.60959,cut,24106,14158,no
rKaHyPar,ship_001.mtx.hgr,no,no,0,2,0.03,0.00194731,0.611261,cut,912,912,no
rKaHyPar,ship_001.mtx.hgr,no,no,1,2,0.03,0.00194731,0.62788,cut,912,912,no
rKaHyPar,ship_001.mtx.hgr,no,no,2,2,0.03,0.00194731,0.842303,cut,912,912,no
rKaHyPar,ship_001.mtx.hgr,no,no,3,2,0.03,0.00194731,0.836881,cut,912,912,no
rKaHyPar,ship_001.mtx.hgr,no,no,4,2,0.03,0.00194731,0.915828,cut,912,912,no
rKaHyPar,ship_001.mtx.hgr,no,no,5,2,0.03,0.00194731,0.587853,cut,912,912,no
rKaHyPar,ship_001.mtx.hgr,no,no,6,2,0.03,0.00194731,0.845516,cut,912,912,no
rKaHyPar,ship_001.mtx.hgr,no,no,7,2,0.03,0.00194731,0.602946,cut,912,912,no
rKaHyPar,ship_001.mtx.hgr,no,no,8,2,0.03,0.00194731,0.578887,cut,912,912,no
rKaHyPar,ship_001.mtx.hgr,no,no,9,2,0.03,0.00194731,0.614412,cut,912,912,no
rKaHyPar,ship_001.mtx.hgr,no,no,0,32,0.03,0.0274725,3.32171,cut,46530,19749,no
rKaHyPar,ship_001.mtx.hgr,no,no,1,32,0.03,0.0238095,3.22542,cut,43374,19812,no
rKaHyPar,ship_001.mtx.hgr,no,no,2,32,0.03,0.021978,4.83976,cut,47562,19788,no
rKaHyPar,ship_001.mtx.hgr,no,no,3,32,0.03,0.0274725,3.3206,cut,44628,19695,no
rKaHyPar,ship_001.mtx.hgr,no,no,4,32,0.03,0.029304,4.75866,cut,45572,19843,no
rKaHyPar,ship_001.mtx.hgr,no,no,5,32,0.03,0.021978,3.28203,cut,45510,19899,no
rKaHyPar,ship_001.mtx.hgr,no,no,6,32,0.03,0.0274725,3.24536,cut,44279,19711,no
rKaHyPar,ship_001.mtx.hgr,no,no,7,32,0.03,0.0274725,3.25244,cut,46983,19953,no
rKaHyPar,ship_001.mtx.hgr,no,no,8,32,0.03,0.021978,3.22137,cut,46470,19710,no
rKaHyPar,ship_001.mtx.hgr,no,no,9,32,0.03,0.0274725,3.42448,cut,46815,19692,no
rKaHyPar,ship_001.mtx.hgr,no,no,0,4,0.03,0.0213058,1.83686,cut,3309,3309,no
rKaHyPar,ship_001.mtx.hgr,no,no,1,4,0.03,0.0290951,1.17318,cut,3300,3300,no
rKaHyPar,ship_001.mtx.hgr,no,no,2,4,0.03,0.024055,1.74416,cut,3303,3303,no
rKaHyPar,ship_001.mtx.hgr,no,no,3,4,0.03,0.024055,1.74252,cut,3303,3303,no
rKaHyPar,ship_001.mtx.hgr,no,no,4,4,0.03,0.0213058,1.19151,cut,3309,3309,no
rKaHyPar,ship_001.mtx.hgr,no,no,5,4,0.03,0.0213058,1.74469,cut,3309,3309,no
rKaHyPar,ship_001.mtx.hgr,no,no,6,4,0.03,0.024055,1.24213,cut,3303,3303,no
rKaHyPar,ship_001.mtx.hgr,no,no,7,4,0.03,0.0270332,1.21115,cut,3282,3282,no
rKaHyPar,ship_001.mtx.hgr,no,no,8,4,0.03,0.0270332,1.17782,cut,3282,3282,no
rKaHyPar,ship_001.mtx.hgr,no,no,9,4,0.03,0.0277205,1.30448,cut,3330,3282,no
rKaHyPar,ship_001.mtx.hgr,no,no,0,64,0.03,0.0274725,5.70518,cut,73545,25239,no
rKaHyPar,ship_001.mtx.hgr,no,no,1,64,0.03,0.021978,4.03665,cut,73539,25491,no
rKaHyPar,ship_001.mtx.hgr,no,no,2,64,0.03,0.021978,4.02976,cut,76347,25437,no
rKaHyPar,ship_001.mtx.hgr,no,no,3,64,0.03,0.021978,3.94737,cut,75983,25592,no
rKaHyPar,ship_001.mtx.hgr,no,no,4,64,0.03,0.021978,5.76912,cut,72969,25170,no
rKaHyPar,ship_001.mtx.hgr,no,no,5,64,0.03,0.021978,5.64828,cut,75507,25323,no
rKaHyPar,ship_001.mtx.hgr,no,no,6,64,0.03,0.021978,5.72789,cut,78009,25567,no
rKaHyPar,ship_001.mtx.hgr,no,no,7,64,0.03,0.0274725,5.76097,cut,78169,25549,no
rKaHyPar,ship_001.mtx.hgr,no,no,8,64,0.03,0.025641,5.78384,cut,74397,25572,no
rKaHyPar,ship_001.mtx.hgr,no,no,9,64,0.03,0.021978,4.01464,cut,73977,25263,no
rKaHyPar,ship_001.mtx.hgr,no,no,0,8,0.03,0.0268041,1.78639,cut,10332,7554,no
rKaHyPar,ship_001.mtx.hgr,no,no,1,8,0.03,0.0185567,2.6839,cut,9897,7398,no
rKaHyPar,ship_001.mtx.hgr,no,no,2,8,0.03,0.0103093,1.92265,cut,10614,7518,no
rKaHyPar,ship_001.mtx.hgr,no,no,3,8,0.03,0.0277205,2.57548,cut,9654,7446,no
rKaHyPar,ship_001.mtx.hgr,no,no,4,8,0.03,0.0254296,1.88673,cut,10164,7458,no
rKaHyPar,ship_001.mtx.hgr,no,no,5,8,0.03,0.0272623,1.87725,cut,10158,7692,no
rKaHyPar,ship_001.mtx.hgr,no,no,6,8,0.03,0.0281787,1.83658,cut,10023,7593,no
rKaHyPar,ship_001.mtx.hgr,no,no,7,8,0.03,0.0272623,2.5885,cut,10686,7614,no
rKaHyPar,ship_001.mtx.hgr,no,no,8,8,0.03,0.0295533,2.6662,cut,8640,7536,no
rKaHyPar,ship_001.mtx.hgr,no,no,9,8,0.03,0.0281787,1.91342,cut,10644,7530,no
rKaHyPar,shock-9.mtx.hgr,no,no,0,128,0.03,0.0280702,7.99624,cut,5146,4686,no
rKaHyPar,shock-9.mtx.hgr,no,no,1,128,0.03,0.0280702,10.7511,cut,5163,4707,no
rKaHyPar,shock-9.mtx.hgr,no,no,2,128,0.03,0.0280702,8.13279,cut,5129,4664,no
rKaHyPar,shock-9.mtx.hgr,no,no,3,128,0.03,0.0280702,7.91441,cut,5078,4639,no
rKaHyPar,shock-9.mtx.hgr,no,no,4,128,0.03,0.0280702,7.88755,cut,5171,4674,no
rKaHyPar,shock-9.mtx.hgr,no,no,5,128,0.03,0.0280702,7.86241,cut,5105,4638,no
rKaHyPar,shock-9.mtx.hgr,no,no,6,128,0.03,0.0280702,10.7542,cut,5110,4621,no
rKaHyPar,shock-9.mtx.hgr,no,no,7,128,0.03,0.0280702,7.86004,cut,5115,4633,no
rKaHyPar,shock-9.mtx.hgr,no,no,8,128,0.03,0.0280702,7.94609,cut,5155,4668,no
rKaHyPar,shock-9.mtx.hgr,no,no,9,128,0.03,0.0280702,7.95401,cut,5177,4701,no
rKaHyPar,shock-9.mtx.hgr,no,no,0,16,0.03,0.0298246,2.98075,cut,1629,1596,no
rKaHyPar,shock-9.mtx.hgr,no,no,1,16,0.03,0.0258772,2.70442,cut,1632,1599,no
rKaHyPar,shock-9.mtx.hgr,no,no,2,16,0.03,0.0144737,3.12884,cut,1588,1552,no
rKaHyPar,shock-9.mtx.hgr,no,no,3,16,0.03,0.0184211,3.02204,cut,1651,1618,no
rKaHyPar,shock-9.mtx.hgr,no,no,4,16,0.03,0.0263158,3.76286,cut,1637,1601,no
rKaHyPar,shock-9.mtx.hgr,no,no,5,16,0.03,0.0254386,2.85927,cut,1601,1564,no
rKaHyPar,shock-9.mtx.hgr,no,no,6,16,0.03,0.029386,3.79175,cut,1625,1586,no
rKaHyPar,shock-9.mtx.hgr,no,no,7,16,0.03,0.0241228,2.78984,cut,1654,1618,no
rKaHyPar,shock-9.mtx.hgr,no,no,8,16,0.03,0.0285088,3.74917,cut,1640,1605,no
rKaHyPar,shock-9.mtx.hgr,no,no,9,16,0.03,0.0298246,3.69849,cut,1615,1580,no
rKaHyPar,shock-9.mtx.hgr,no,no,0,2,0.03,0.0299923,1.43434,cut,209,209,no
rKaHyPar,shock-9.mtx.hgr,no,no,1,2,0.03,0.0299923,1.57535,cut,209,209,no
rKaHyPar,shock-9.mtx.hgr,no,no,2,2,0.03,0.0299923,2.33,cut,209,209,no
rKaHyPar,shock-9.mtx.hgr,no,no,3,2,0.03,0.0299923,2.03655,cut,209,209,no
rKaHyPar,shock-9.mtx.hgr,no,no,4,2,0.03,0.0299923,1.43512,cut,209,209,no
rKaHyPar,shock-9.mtx.hgr,no,no,5,2,0.03,0.0299923,1.41089,cut,209,209,no
rKaHyPar,shock-9.mtx.hgr,no,no,6,2,0.03,0.0299923,1.27029,cut,209,209,no
rKaHyPar,shock-9.mtx.hgr,no,no,7,2,0.03,0.0286764,1.56455,cut,209,209,no
rKaHyPar,shock-9.mtx.hgr,no,no,8,2,0.03,0.0299923,1.20097,cut,209,209,no
rKaHyPar,shock-9.mtx.hgr,no,no,9,2,0.03,0.0299923,1.52281,cut,209,209,no
rKaHyPar,shock-9.mtx.hgr,no,no,0,32,0.03,0.0289474,3.94572,cut,2455,2361,no
rKaHyPar,shock-9.mtx.hgr,no,no,1,32,0.03,0.0289474,3.75337,cut,2458,2357,no
rKaHyPar,shock-9.mtx.hgr,no,no,2,32,0.03,0.0298246,3.95909,cut,2404,2324,no
rKaHyPar,shock-9.mtx.hgr,no,no,3,32,0.03,0.0298246,3.70153,cut,2427,2330,no
rKaHyPar,shock-9.mtx.hgr,no,no,4,32,0.03,0.0289474,5.11707,cut,2517,2409,no
rKaHyPar,shock-9.mtx.hgr,no,no,5,32,0.03,0.027193,5.06405,cut,2442,2334,no
rKaHyPar,shock-9.mtx.hgr,no,no,6,32,0.03,0.027193,3.70809,cut,2497,2392,no
rKaHyPar,shock-9.mtx.hgr,no,no,7,32,0.03,0.0280702,3.72534,cut,2484,2385,no
rKaHyPar,shock-9.mtx.hgr,no,no,8,32,0.03,0.0263158,3.79418,cut,2485,2390,no
rKaHyPar,shock-9.mtx.hgr,no,no,9,32,0.03,0.0280702,3.6862,cut,2485,2379,no
rKaHyPar,shock-9.mtx.hgr,no,no,0,4,0.03,0.0226999,2.49285,cut,523,523,no
rKaHyPar,shock-9.mtx.hgr,no,no,1,4,0.03,0.0226999,1.85344,cut,523,523,no
rKaHyPar,shock-9.mtx.hgr,no,no,2,4,0.03,0.0226999,2.10319,cut,520,518,no
rKaHyPar,shock-9.mtx.hgr,no,no,3,4,0.03,0.026209,2.20544,cut,518,515,no
rKaHyPar,shock-9.mtx.hgr,no,no,4,4,0.03,0.0273056,1.78701,cut,519,517,no
rKaHyPar,shock-9.mtx.hgr,no,no,5,4,0.03,0.0226999,1.76229,cut,523,523,no
rKaHyPar,shock-9.mtx.hgr,no,no,6,4,0.03,0.0243448,1.6919,cut,523,522,no
rKaHyPar,shock-9.mtx.hgr,no,no,7,4,0.03,0.0226999,1.77425,cut,523,523,no
rKaHyPar,shock-9.mtx.hgr,no,no,8,4,0.03,0.0286216,1.7121,cut,523,523,no
rKaHyPar,shock-9.mtx.hgr,no,no,9,4,0.03,0.0284022,1.80098,cut,525,523,no
rKaHyPar,shock-9.mtx.hgr,no,no,0,64,0.03,0.0298246,7.40765,cut,3617,3388,no
rKaHyPar,shock-9.mtx.hgr,no,no,1,64,0.03,0.0298246,5.4452,cut,3653,3416,no
rKaHyPar,shock-9.mtx.hgr,no,no,2,64,0.03,0.0298246,5.6384,cut,3613,3383,no
rKaHyPar,shock-9.mtx.hgr,no,no,3,64,0.03,0.0298246,5.46413,cut,3661,3407,no
rKaHyPar,shock-9.mtx.hgr,no,no,5,64,0.03,0.0298246,7.27932,cut,3566,3329,no
rKaHyPar,shock-9.mtx.hgr,no,no,6,64,0.03,0.0298246,7.26407,cut,3639,3413,no
rKaHyPar,shock-9.mtx.hgr,no,no,7,64,0.03,0.0298246,5.33828,cut,3544,3326,no
rKaHyPar,shock-9.mtx.hgr,no,no,8,64,0.03,0.0298246,5.30908,cut,3634,3372,no
rKaHyPar,shock-9.mtx.hgr,no,no,9,64,0.03,0.0298246,5.35075,cut,3623,3393,no
rKaHyPar,shock-9.mtx.hgr,no,no,0,8,0.03,0.0291667,2.31945,cut,981,971,no
rKaHyPar,shock-9.mtx.hgr,no,no,1,8,0.03,0.0263158,2.9325,cut,958,948,no
rKaHyPar,shock-9.mtx.hgr,no,no,2,8,0.03,0.0291667,2.49105,cut,961,950,no
rKaHyPar,shock-9.mtx.hgr,no,no,3,8,0.03,0.0269737,2.91974,cut,980,967,no
rKaHyPar,shock-9.mtx.hgr,no,no,4,8,0.03,0.0258772,3.0497,cut,970,960,no
rKaHyPar,shock-9.mtx.hgr,no,no,5,8,0.03,0.0214912,2.0855,cut,981,972,no
rKaHyPar,shock-9.mtx.hgr,no,no,6,8,0.03,0.0296053,2.29229,cut,976,967,no
rKaHyPar,shock-9.mtx.hgr,no,no,7,8,0.03,0.0276316,2.96869,cut,982,970,no
rKaHyPar,shock-9.mtx.hgr,no,no,8,8,0.03,0.0276316,3.0918,cut,979,971,no
rKaHyPar,shock-9.mtx.hgr,no,no,9,8,0.03,0.0298246,2.09115,cut,962,951,no
rKaHyPar,shyy161.mtx.hgr,no,no,0,128,0.03,0.0234114,18.3428,cut,8502,8028,no
rKaHyPar,shyy161.mtx.hgr,no,no,1,128,0.03,0.0217391,18.3932,cut,8480,8007,no
rKaHyPar,shyy161.mtx.hgr,no,no,2,128,0.03,0.0284281,13.3991,cut,8465,7997,no
rKaHyPar,shyy161.mtx.hgr,no,no,3,128,0.03,0.0284281,13.3445,cut,8484,8026,no
rKaHyPar,shyy161.mtx.hgr,no,no,4,128,0.03,0.0284281,13.3894,cut,8501,8037,no
rKaHyPar,shyy161.mtx.hgr,no,no,5,128,0.03,0.0250836,13.2679,cut,8488,8010,no
rKaHyPar,shyy161.mtx.hgr,no,no,6,128,0.03,0.0284281,18.6581,cut,8435,7972,no
rKaHyPar,shyy161.mtx.hgr,no,no,7,128,0.03,0.0284281,13.3233,cut,8458,7997,no
rKaHyPar,shyy161.mtx.hgr,no,no,8,128,0.03,0.0267559,13.2659,cut,8457,7998,no
rKaHyPar,shyy161.mtx.hgr,no,no,9,128,0.03,0.0234114,13.4153,cut,8464,7991,no
rKaHyPar,shyy161.mtx.hgr,no,no,0,16,0.03,0.00209205,6.64222,cut,2401,2367,no
rKaHyPar,shyy161.mtx.hgr,no,no,1,16,0.03,0.00209205,6.32861,cut,2401,2365,no
rKaHyPar,shyy161.mtx.hgr,no,no,2,16,0.03,0.00209205,6.31101,cut,2400,2365,no
rKaHyPar,shyy161.mtx.hgr,no,no,3,16,0.03,0.00209205,6.29787,cut,2401,2367,no
rKaHyPar,shyy161.mtx.hgr,no,no,4,16,0.03,0.00209205,8.82577,cut,2395,2365,no
rKaHyPar,shyy161.mtx.hgr,no,no,5,16,0.03,0.0278243,6.57704,cut,2420,2380,no
rKaHyPar,shyy161.mtx.hgr,no,no,6,16,0.03,0.00209205,9.13591,cut,2396,2365,no
rKaHyPar,shyy161.mtx.hgr,no,no,7,16,0.03,0.00230126,6.57761,cut,2400,2363,no
rKaHyPar,shyy161.mtx.hgr,no,no,8,16,0.03,0.00209205,8.95955,cut,2398,2365,no
rKaHyPar,shyy161.mtx.hgr,no,no,9,16,0.03,0.00209205,9.06188,cut,2396,2367,no
rKaHyPar,shyy161.mtx.hgr,no,no,0,2,0.03,0,2.4247,cut,160,160,no
rKaHyPar,shyy161.mtx.hgr,no,no,1,2,0.03,0,2.35681,cut,160,160,no
rKaHyPar,shyy161.mtx.hgr,no,no,2,2,0.03,0,3.29169,cut,160,160,no
rKaHyPar,shyy161.mtx.hgr,no,no,3,2,0.03,0,3.22692,cut,160,160,no
rKaHyPar,shyy161.mtx.hgr,no,no,4,2,0.03,0,3.31711,cut,160,160,no
rKaHyPar,shyy161.mtx.hgr,no,no,5,2,0.03,0,2.3989,cut,160,160,no
rKaHyPar,shyy161.mtx.hgr,no,no,6,2,0.03,0,3.4131,cut,160,160,no
rKaHyPar,shyy161.mtx.hgr,no,no,7,2,0.03,0,2.41784,cut,160,160,no
rKaHyPar,shyy161.mtx.hgr,no,no,8,2,0.03,0,2.37963,cut,160,160,no
rKaHyPar,shyy161.mtx.hgr,no,no,9,2,0.03,0,2.36167,cut,160,160,no
rKaHyPar,shyy161.mtx.hgr,no,no,0,32,0.03,0.0259414,7.74109,cut,3702,3614,no
rKaHyPar,shyy161.mtx.hgr,no,no,1,32,0.03,0.0129707,7.77739,cut,3696,3615,no
rKaHyPar,shyy161.mtx.hgr,no,no,2,32,0.03,0.0221757,7.72464,cut,3695,3614,no
rKaHyPar,shyy161.mtx.hgr,no,no,3,32,0.03,0.0121339,7.51327,cut,3710,3619,no
rKaHyPar,shyy161.mtx.hgr,no,no,4,32,0.03,0.00209205,10.638,cut,3704,3616,no
rKaHyPar,shyy161.mtx.hgr,no,no,5,32,0.03,0.0292887,10.7756,cut,3712,3618,no
rKaHyPar,shyy161.mtx.hgr,no,no,6,32,0.03,0.0205021,7.74703,cut,3703,3616,no
rKaHyPar,shyy161.mtx.hgr,no,no,7,32,0.03,0.0117155,7.76523,cut,3713,3616,no
rKaHyPar,shyy161.mtx.hgr,no,no,8,32,0.03,0.0251046,7.75657,cut,3713,3616,no
rKaHyPar,shyy161.mtx.hgr,no,no,9,32,0.03,0.023431,7.74031,cut,3711,3616,no
rKaHyPar,shyy161.mtx.hgr,no,no,0,4,0.03,0.00209205,8.82771,cut,638,637,no
rKaHyPar,shyy161.mtx.hgr,no,no,1,4,0.03,0.00209205,6.97925,cut,638,637,no
rKaHyPar,shyy161.mtx.hgr,no,no,2,4,0.03,0.00209205,6.89667,cut,638,637,no
rKaHyPar,shyy161.mtx.hgr,no,no,3,4,0.03,0.00203975,9.52229,cut,639,637,no
rKaHyPar,shyy161.mtx.hgr,no,no,4,4,0.03,0.00203975,6.85978,cut,639,637,no
rKaHyPar,shyy161.mtx.hgr,no,no,5,4,0.03,0.00203975,8.68358,cut,639,637,no
rKaHyPar,shyy161.mtx.hgr,no,no,6,4,0.03,0.00209205,6.89474,cut,638,637,no
rKaHyPar,shyy161.mtx.hgr,no,no,7,4,0.03,0.00203975,7.18399,cut,639,637,no
rKaHyPar,shyy161.mtx.hgr,no,no,8,4,0.03,0.00209205,7.20746,cut,638,637,no
rKaHyPar,shyy161.mtx.hgr,no,no,9,4,0.03,0.00209205,7.67932,cut,638,637,no
rKaHyPar,shyy161.mtx.hgr,no,no,0,64,0.03,0.0276151,13.5156,cut,5629,5410,no
rKaHyPar,shyy161.mtx.hgr,no,no,1,64,0.03,0.0284519,9.76803,cut,5660,5437,no
rKaHyPar,shyy161.mtx.hgr,no,no,2,64,0.03,0.0192469,9.92093,cut,5696,5449,no
rKaHyPar,shyy161.mtx.hgr,no,no,3,64,0.03,0.0276151,9.84771,cut,5635,5425,no
rKaHyPar,shyy161.mtx.hgr,no,no,5,64,0.03,0.0284519,13.7627,cut,5656,5429,no
rKaHyPar,shyy161.mtx.hgr,no,no,6,64,0.03,0.0292887,13.6952,cut,5659,5454,no
rKaHyPar,shyy161.mtx.hgr,no,no,7,64,0.03,0.0292887,13.5482,cut,5650,5438,no
rKaHyPar,shyy161.mtx.hgr,no,no,8,64,0.03,0.0284519,13.5392,cut,5639,5422,no
rKaHyPar,shyy161.mtx.hgr,no,no,9,64,0.03,0.0259414,9.89588,cut,5644,5426,no
rKaHyPar,shyy161.mtx.hgr,no,no,0,8,0.03,0.00209205,5.7209,cut,1278,1274,no
rKaHyPar,shyy161.mtx.hgr,no,no,1,8,0.03,0.00209205,7.67722,cut,1280,1274,no
rKaHyPar,shyy161.mtx.hgr,no,no,2,8,0.03,0.00209205,5.69512,cut,1279,1274,no
rKaHyPar,shyy161.mtx.hgr,no,no,3,8,0.03,0.00209205,7.92119,cut,1276,1274,no
rKaHyPar,shyy161.mtx.hgr,no,no,4,8,0.03,0.00209205,7.85155,cut,1277,1274,no
rKaHyPar,shyy161.mtx.hgr,no,no,5,8,0.03,0.00209205,5.67591,cut,1278,1274,no
rKaHyPar,shyy161.mtx.hgr,no,no,6,8,0.03,0.00209205,5.80519,cut,1276,1274,no
rKaHyPar,shyy161.mtx.hgr,no,no,7,8,0.03,0.00209205,8.09397,cut,1277,1274,no
rKaHyPar,shyy161.mtx.hgr,no,no,8,8,0.03,0.00209205,8.02913,cut,1280,1274,no
rKaHyPar,shyy161.mtx.hgr,no,no,9,8,0.03,0.00209205,5.77448,cut,1276,1274,no
rKaHyPar,skirt.mtx.hgr,no,no,0,128,0.03,0.020202,6.74224,cut,7662,5292,no
rKaHyPar,skirt.mtx.hgr,no,no,1,128,0.03,0.020202,9.63809,cut,7393,5235,no
rKaHyPar,skirt.mtx.hgr,no,no,2,128,0.03,0.020202,6.98563,cut,7452,5223,no
rKaHyPar,skirt.mtx.hgr,no,no,3,128,0.03,0.020202,6.73198,cut,7508,5289,no
rKaHyPar,skirt.mtx.hgr,no,no,4,128,0.03,0.020202,6.73459,cut,7668,5227,no
rKaHyPar,skirt.mtx.hgr,no,no,5,128,0.03,0.020202,6.64585,cut,7526,5234,no
rKaHyPar,skirt.mtx.hgr,no,no,6,128,0.03,0.020202,9.95466,cut,7745,5334,no
rKaHyPar,skirt.mtx.hgr,no,no,7,128,0.03,0.020202,6.85365,cut,7589,5275,no
rKaHyPar,skirt.mtx.hgr,no,no,8,128,0.03,0.020202,6.71005,cut,7816,5332,no
rKaHyPar,skirt.mtx.hgr,no,no,9,128,0.03,0.020202,6.69563,cut,7574,5303,no
rKaHyPar,skirt.mtx.hgr,no,no,0,16,0.03,0.0279188,2.22842,cut,1127,1111,no
rKaHyPar,skirt.mtx.hgr,no,no,1,16,0.03,0.0253807,2.30326,cut,1120,1104,no
rKaHyPar,skirt.mtx.hgr,no,no,2,16,0.03,0.0279188,2.30572,cut,1147,1143,no
rKaHyPar,skirt.mtx.hgr,no,no,3,16,0.03,0.0253807,2.21882,cut,1122,1106,no
rKaHyPar,skirt.mtx.hgr,no,no,4,16,0.03,0.0279188,3.10962,cut,1129,1109,no
rKaHyPar,skirt.mtx.hgr,no,no,5,16,0.03,0.0228426,2.28709,cut,1136,1108,no
rKaHyPar,skirt.mtx.hgr,no,no,6,16,0.03,0.0279188,3.11209,cut,1134,1132,no
rKaHyPar,skirt.mtx.hgr,no,no,7,16,0.03,0.0279188,2.3295,cut,1114,1090,no
rKaHyPar,skirt.mtx.hgr,no,no,8,16,0.03,0.0279188,3.19598,cut,1115,1103,no
rKaHyPar,skirt.mtx.hgr,no,no,9,16,0.03,0.0291878,3.05412,cut,1111,1091,no
rKaHyPar,skirt.mtx.hgr,no,no,0,2,0.03,0.0127004,0.298655,cut,12,12,no
rKaHyPar,skirt.mtx.hgr,no,no,1,2,0.03,0.0125417,0.315537,cut,12,12,no
rKaHyPar,skirt.mtx.hgr,no,no,2,2,0.03,0.0127004,0.424416,cut,12,12,no
rKaHyPar,skirt.mtx.hgr,no,no,3,2,0.03,0.0127004,0.448554,cut,12,12,no
rKaHyPar,skirt.mtx.hgr,no,no,4,2,0.03,0.0128592,0.307868,cut,12,12,no
rKaHyPar,skirt.mtx.hgr,no,no,5,2,0.03,0.0125417,0.312488,cut,12,12,no
rKaHyPar,skirt.mtx.hgr,no,no,6,2,0.03,0.0158755,0.311799,cut,12,12,no
rKaHyPar,skirt.mtx.hgr,no,no,7,2,0.03,0.0127004,0.308144,cut,12,12,no
rKaHyPar,skirt.mtx.hgr,no,no,8,2,0.03,0.0128592,0.302908,cut,12,12,no
rKaHyPar,skirt.mtx.hgr,no,no,9,2,0.03,0.0128592,0.302846,cut,12,12,no
rKaHyPar,skirt.mtx.hgr,no,no,0,32,0.03,0.0279188,3.32885,cut,2361,2149,no
rKaHyPar,skirt.mtx.hgr,no,no,1,32,0.03,0.0279188,3.30315,cut,2272,2107,no
rKaHyPar,skirt.mtx.hgr,no,no,2,32,0.03,0.0253807,3.41707,cut,2261,2143,no
rKaHyPar,skirt.mtx.hgr,no,no,3,32,0.03,0.0279188,3.33694,cut,2295,2130,no
rKaHyPar,skirt.mtx.hgr,no,no,4,32,0.03,0.0279188,4.71072,cut,2309,2156,no
rKaHyPar,skirt.mtx.hgr,no,no,5,32,0.03,0.0279188,4.94284,cut,2335,2169,no
rKaHyPar,skirt.mtx.hgr,no,no,6,32,0.03,0.0253807,3.42689,cut,2299,2137,no
rKaHyPar,skirt.mtx.hgr,no,no,7,32,0.03,0.0228426,3.31997,cut,2328,2154,no
rKaHyPar,skirt.mtx.hgr,no,no,8,32,0.03,0.0253807,3.38354,cut,2264,2118,no
rKaHyPar,skirt.mtx.hgr,no,no,9,32,0.03,0.0279188,3.4733,cut,2368,2159,no
rKaHyPar,skirt.mtx.hgr,no,no,0,4,0.03,0.0292063,1.04837,cut,95,95,no
rKaHyPar,skirt.mtx.hgr,no,no,1,4,0.03,0.0212698,0.72763,cut,97,97,no
rKaHyPar,skirt.mtx.hgr,no,no,2,4,0.03,0.0295238,0.729869,cut,93,93,no
rKaHyPar,skirt.mtx.hgr,no,no,3,4,0.03,0.0298413,1.08377,cut,93,93,no
rKaHyPar,skirt.mtx.hgr,no,no,4,4,0.03,0.0212698,0.806449,cut,97,97,no
rKaHyPar,skirt.mtx.hgr,no,no,5,4,0.03,0.0212698,0.732079,cut,97,97,no
rKaHyPar,skirt.mtx.hgr,no,no,6,4,0.03,0.0215873,0.766556,cut,107,105,no
rKaHyPar,skirt.mtx.hgr,no,no,7,4,0.03,0.0285714,0.767832,cut,95,95,no
rKaHyPar,skirt.mtx.hgr,no,no,8,4,0.03,0.0212698,0.725129,cut,97,97,no
rKaHyPar,skirt.mtx.hgr,no,no,9,4,0.03,0.0215873,0.742794,cut,97,97,no
rKaHyPar,skirt.mtx.hgr,no,no,0,64,0.03,0.0253807,7.0887,cut,4307,3572,no
rKaHyPar,skirt.mtx.hgr,no,no,1,64,0.03,0.0253807,4.95545,cut,4244,3553,no
rKaHyPar,skirt.mtx.hgr,no,no,2,64,0.03,0.0253807,4.97389,cut,4330,3644,no
rKaHyPar,skirt.mtx.hgr,no,no,3,64,0.03,0.0253807,4.9622,cut,4291,3576,no
rKaHyPar,skirt.mtx.hgr,no,no,5,64,0.03,0.0253807,7.28102,cut,4497,3638,no
rKaHyPar,skirt.mtx.hgr,no,no,6,64,0.03,0.0253807,7.04326,cut,4218,3517,no
rKaHyPar,skirt.mtx.hgr,no,no,7,64,0.03,0.0253807,4.97673,cut,4520,3635,no
rKaHyPar,skirt.mtx.hgr,no,no,8,64,0.03,0.0253807,4.92338,cut,4405,3621,no
rKaHyPar,skirt.mtx.hgr,no,no,9,64,0.03,0.0253807,4.96847,cut,4480,3628,no
rKaHyPar,skirt.mtx.hgr,no,no,0,8,0.03,0.0266667,1.45106,cut,436,436,no
rKaHyPar,skirt.mtx.hgr,no,no,1,8,0.03,0.0273016,2.01143,cut,436,436,no
rKaHyPar,skirt.mtx.hgr,no,no,2,8,0.03,0.0273016,1.35156,cut,444,444,no
rKaHyPar,skirt.mtx.hgr,no,no,3,8,0.03,0.0266667,1.96187,cut,436,436,no
rKaHyPar,skirt.mtx.hgr,no,no,4,8,0.03,0.0196825,2.17955,cut,430,428,no
rKaHyPar,skirt.mtx.hgr,no,no,5,8,0.03,0.0273016,1.42387,cut,432,431,no
rKaHyPar,skirt.mtx.hgr,no,no,6,8,0.03,0.0273016,1.46731,cut,436,436,no
rKaHyPar,skirt.mtx.hgr,no,no,7,8,0.03,0.0190476,2.07832,cut,430,428,no
rKaHyPar,skirt.mtx.hgr,no,no,8,8,0.03,0.0266667,2.01243,cut,444,444,no
rKaHyPar,skirt.mtx.hgr,no,no,9,8,0.03,0.0190476,1.43908,cut,438,436,no
rKaHyPar,sls.mtx.hgr,no,no,0,128,0.03,0.0285132,1462.37,cut,4201767,1673718,no
rKaHyPar,sls.mtx.hgr,no,no,1,128,0.03,0.0285132,1474.35,cut,4374241,1673243,no
rKaHyPar,sls.mtx.hgr,no,no,2,128,0.03,0.0285132,1047.32,cut,4388993,1673394,no
rKaHyPar,sls.mtx.hgr,no,no,3,128,0.03,0.0285132,1149.38,cut,4406175,1673104,no
rKaHyPar,sls.mtx.hgr,no,no,4,128,0.03,0.0285132,1045.92,cut,4248750,1673438,no
rKaHyPar,sls.mtx.hgr,no,no,5,128,0.03,0.0285132,1047.27,cut,4259692,1673146,no
rKaHyPar,sls.mtx.hgr,no,no,6,128,0.03,0.0285132,1561.38,cut,4384657,1672948,no
rKaHyPar,sls.mtx.hgr,no,no,7,128,0.03,0.0285132,1139.01,cut,4377009,1673165,no
rKaHyPar,sls.mtx.hgr,no,no,8,128,0.03,0.0285132,1107.73,cut,4020411,1674810,no
rKaHyPar,sls.mtx.hgr,no,no,9,128,0.03,0.0285132,1036.78,cut,4419702,1672593,no
rKaHyPar,sls.mtx.hgr,no,no,0,16,0.03,0.0298393,1384.62,cut,2522764,1605547,no
rKaHyPar,sls.mtx.hgr,no,no,1,16,0.03,0.0298393,1395.63,cut,2425829,1600726,no
rKaHyPar,sls.mtx.hgr,no,no,2,16,0.03,0.0298393,1417.96,cut,2337231,1600678,no
rKaHyPar,sls.mtx.hgr,no,no,3,16,0.03,0.0298393,1443.35,cut,2370676,1598005,no
rKaHyPar,sls.mtx.hgr,no,no,4,16,0.03,0.0298393,1991.59,cut,2525679,1602469,no
rKaHyPar,sls.mtx.hgr,no,no,5,16,0.03,0.0298393,1388.61,cut,2443019,1598826,no
rKaHyPar,sls.mtx.hgr,no,no,6,16,0.03,0.0298393,2058.16,cut,2425752,1597192,no
rKaHyPar,sls.mtx.hgr,no,no,7,16,0.03,0.0298393,1501.02,cut,2390330,1599487,no
rKaHyPar,sls.mtx.hgr,no,no,8,16,0.03,0.0298393,2051.52,cut,2424681,1599355,no
rKaHyPar,sls.mtx.hgr,no,no,9,16,0.03,0.0298393,1947.91,cut,2326786,1599705,no
rKaHyPar,sls.mtx.hgr,no,no,0,2,0.03,0.0299697,3756.76,cut,778218,778218,no
rKaHyPar,sls.mtx.hgr,no,no,1,2,0.03,0.0299697,3772.9,cut,784383,784383,no
rKaHyPar,sls.mtx.hgr,no,no,2,2,0.03,0.0299697,5566.53,cut,785571,785571,no
rKaHyPar,sls.mtx.hgr,no,no,3,2,0.03,0.0299697,5962.11,cut,801314,801314,no
rKaHyPar,sls.mtx.hgr,no,no,4,2,0.03,0.0299697,5305.03,cut,785012,785012,no
rKaHyPar,sls.mtx.hgr,no,no,6,2,0.03,0.0299697,6054.31,cut,806011,806011,no
rKaHyPar,sls.mtx.hgr,no,no,7,2,0.03,0.0299697,4093.26,cut,815065,815065,no
rKaHyPar,sls.mtx.hgr,no,no,8,2,0.03,0.0299697,4034.53,cut,778770,778770,no
rKaHyPar,sls.mtx.hgr,no,no,9,2,0.03,0.0299697,3804.93,cut,778936,778936,no
rKaHyPar,sls.mtx.hgr,no,no,0,32,0.03,0.0295767,1215.91,cut,3047473,1645939,no
rKaHyPar,sls.mtx.hgr,no,no,1,32,0.03,0.0295767,1213.85,cut,3115960,1648253,no
rKaHyPar,sls.mtx.hgr,no,no,2,32,0.03,0.0295767,1235.36,cut,2969409,1646495,no
rKaHyPar,sls.mtx.hgr,no,no,3,32,0.03,0.0295767,1270.95,cut,2842721,1644957,no
rKaHyPar,sls.mtx.hgr,no,no,4,32,0.03,0.0295767,1723.77,cut,3134741,1644973,no
rKaHyPar,sls.mtx.hgr,no,no,5,32,0.03,0.0295767,1720.71,cut,3002241,1645654,no
rKaHyPar,sls.mtx.hgr,no,no,6,32,0.03,0.0295767,1279.53,cut,3174331,1645632,no
rKaHyPar,sls.mtx.hgr,no,no,8,32,0.03,0.0295767,1262.36,cut,2863698,1644831,no
rKaHyPar,sls.mtx.hgr,no,no,9,32,0.03,0.0295767,1220.09,cut,3288761,1646427,no
rKaHyPar,sls.mtx.hgr,no,no,0,4,0.03,0.0299688,3280.53,cut,1433675,1264596,no
rKaHyPar,sls.mtx.hgr,no,no,1,4,0.03,0.0299688,2354.59,cut,1428195,1255304,no
rKaHyPar,sls.mtx.hgr,no,no,2,4,0.03,0.0299688,2364.37,cut,1451400,1264109,no
rKaHyPar,sls.mtx.hgr,no,no,3,4,0.03,0.0299688,3545.62,cut,1434785,1261214,no
rKaHyPar,sls.mtx.hgr,no,no,4,4,0.03,0.0299688,2326.62,cut,1453848,1263490,no
rKaHyPar,sls.mtx.hgr,no,no,5,4,0.03,0.0299688,3309.96,cut,1446413,1259921,no
rKaHyPar,sls.mtx.hgr,no,no,6,4,0.03,0.0299688,2500.86,cut,1450079,1262847,no
rKaHyPar,sls.mtx.hgr,no,no,7,4,0.03,0.0299688,2532.52,cut,1431216,1265892,no
rKaHyPar,sls.mtx.hgr,no,no,8,4,0.03,0.0299688,2490.53,cut,1422269,1259370,no
rKaHyPar,sls.mtx.hgr,no,no,9,4,0.03,0.0299688,2314.05,cut,1433931,1266442,no
rKaHyPar,sls.mtx.hgr,no,no,0,64,0.03,0.0295617,1563.62,cut,3893015,1664263,no
rKaHyPar,sls.mtx.hgr,no,no,1,64,0.03,0.0295617,1141.86,cut,3792767,1664283,no
rKaHyPar,sls.mtx.hgr,no,no,2,64,0.03,0.0295617,1141.77,cut,3792542,1665080,no
rKaHyPar,sls.mtx.hgr,no,no,3,64,0.03,0.0295617,1185.65,cut,3999587,1664573,no
rKaHyPar,sls.mtx.hgr,no,no,5,64,0.03,0.0295617,1552.43,cut,3777520,1664651,no
rKaHyPar,sls.mtx.hgr,no,no,6,64,0.03,0.0295617,1632.45,cut,3873775,1664419,no
rKaHyPar,sls.mtx.hgr,no,no,7,64,0.03,0.0295617,1707.81,cut,3780053,1664440,no
rKaHyPar,sls.mtx.hgr,no,no,8,64,0.03,0.0295617,1658.76,cut,3880022,1665279,no
rKaHyPar,sls.mtx.hgr,no,no,9,64,0.03,0.0295617,1145.53,cut,4046832,1665020,no
rKaHyPar,sls.mtx.hgr,no,no,0,8,0.03,0.0299668,1698.23,cut,1898616,1493528,no
rKaHyPar,sls.mtx.hgr,no,no,1,8,0.03,0.0299668,2418.01,cut,1907960,1492351,no
rKaHyPar,sls.mtx.hgr,no,no,2,8,0.03,0.0299668,1716.64,cut,2133132,1499878,no
rKaHyPar,sls.mtx.hgr,no,no,3,8,0.03,0.0299668,2611.64,cut,1970424,1497423,no
rKaHyPar,sls.mtx.hgr,no,no,4,8,0.03,0.0299668,2489.08,cut,1947341,1495688,no
rKaHyPar,sls.mtx.hgr,no,no,5,8,0.03,0.0299668,1719.6,cut,1918710,1490756,no
rKaHyPar,sls.mtx.hgr,no,no,6,8,0.03,0.0299668,1856.67,cut,1973014,1489475,no
rKaHyPar,sls.mtx.hgr,no,no,7,8,0.03,0.0299668,2672.94,cut,1906797,1495076,no
rKaHyPar,sls.mtx.hgr,no,no,8,8,0.03,0.0299668,2602.37,cut,1917947,1496844,no
rKaHyPar,sls.mtx.hgr,no,no,9,8,0.03,0.0299668,1735.86,cut,1943151,1491459,no
rKaHyPar,sme3Db.mtx.hgr,no,no,0,128,0.03,0.0263158,7.20977,cut,99200,22803,no
rKaHyPar,sme3Db.mtx.hgr,no,no,1,128,0.03,0.0263158,10.3353,cut,103725,22869,no
rKaHyPar,sme3Db.mtx.hgr,no,no,2,128,0.03,0.0263158,7.14907,cut,100780,22902,no
rKaHyPar,sme3Db.mtx.hgr,no,no,3,128,0.03,0.0263158,7.19685,cut,99073,22749,no
rKaHyPar,sme3Db.mtx.hgr,no,no,4,128,0.03,0.0263158,10.235,cut,99791,22959,no
rKaHyPar,sme3Db.mtx.hgr,no,no,5,128,0.03,0.0263158,7.06411,cut,100130,22788,no
rKaHyPar,sme3Db.mtx.hgr,no,no,6,128,0.03,0.0263158,10.2221,cut,99717,22623,no
rKaHyPar,sme3Db.mtx.hgr,no,no,7,128,0.03,0.0263158,10.428,cut,100983,22767,no
rKaHyPar,sme3Db.mtx.hgr,no,no,8,128,0.03,0.0263158,7.04696,cut,100275,22821,no
rKaHyPar,sme3Db.mtx.hgr,no,no,9,128,0.03,0.0263158,7.18036,cut,98870,22668,no
rKaHyPar,sme3Db.mtx.hgr,no,no,0,16,0.03,0.0269675,4.09484,cut,21543,10278,no
rKaHyPar,sme3Db.mtx.hgr,no,no,1,16,0.03,0.0297193,4.02052,cut,20340,10290,no
rKaHyPar,sme3Db.mtx.hgr,no,no,2,16,0.03,0.0286186,4.17231,cut,19767,10248,no
rKaHyPar,sme3Db.mtx.hgr,no,no,3,16,0.03,0.0253165,4.13842,cut,19574,10251,no
rKaHyPar,sme3Db.mtx.hgr,no,no,4,16,0.03,0.0187122,4.08848,cut,19515,9969,no
rKaHyPar,sme3Db.mtx.hgr,no,no,5,16,0.03,0.0220143,4.04151,cut,20822,10332,no
rKaHyPar,sme3Db.mtx.hgr,no,no,6,16,0.03,0.029169,5.76414,cut,20940,10107,no
rKaHyPar,sme3Db.mtx.hgr,no,no,7,16,0.03,0.0170611,5.9871,cut,19926,9933,no
rKaHyPar,sme3Db.mtx.hgr,no,no,8,16,0.03,0.0236654,5.79302,cut,22170,10236,no
rKaHyPar,sme3Db.mtx.hgr,no,no,9,16,0.03,0.0137589,5.85141,cut,20277,10038,no
rKaHyPar,sme3Db.mtx.hgr,no,no,0,2,0.03,0.0281409,0.942072,cut,570,570,no
rKaHyPar,sme3Db.mtx.hgr,no,no,1,2,0.03,0.019678,1.00328,cut,591,591,no
rKaHyPar,sme3Db.mtx.hgr,no,no,2,2,0.03,0.019678,1.31311,cut,591,591,no
rKaHyPar,sme3Db.mtx.hgr,no,no,3,2,0.03,0.019678,1.35792,cut,591,591,no
rKaHyPar,sme3Db.mtx.hgr,no,no,4,2,0.03,0.019678,0.932747,cut,591,591,no
rKaHyPar,sme3Db.mtx.hgr,no,no,6,2,0.03,0.0198844,0.984383,cut,591,591,no
rKaHyPar,sme3Db.mtx.hgr,no,no,7,2,0.03,0.0198844,1.42408,cut,591,591,no
rKaHyPar,sme3Db.mtx.hgr,no,no,8,2,0.03,0.019678,0.931992,cut,591,591,no
rKaHyPar,sme3Db.mtx.hgr,no,no,9,2,0.03,0.019678,0.916569,cut,591,591,no
rKaHyPar,sme3Db.mtx.hgr,no,no,0,32,0.03,0.0264026,7.23162,cut,35009,14268,no
rKaHyPar,sme3Db.mtx.hgr,no,no,1,32,0.03,0.029703,5.34355,cut,34296,14388,no
rKaHyPar,sme3Db.mtx.hgr,no,no,2,32,0.03,0.029703,5.07254,cut,35933,14427,no
rKaHyPar,sme3Db.mtx.hgr,no,no,3,32,0.03,0.029703,5.10696,cut,34737,14679,no
rKaHyPar,sme3Db.mtx.hgr,no,no,4,32,0.03,0.029703,7.50818,cut,37065,14601,no
rKaHyPar,sme3Db.mtx.hgr,no,no,5,32,0.03,0.029703,7.14739,cut,35583,14280,no
rKaHyPar,sme3Db.mtx.hgr,no,no,6,32,0.03,0.029703,5.33167,cut,34293,14397,no
rKaHyPar,sme3Db.mtx.hgr,no,no,8,32,0.03,0.0264026,5.43893,cut,35295,14391,no
rKaHyPar,sme3Db.mtx.hgr,no,no,9,32,0.03,0.0264026,5.21211,cut,34706,14463,no
rKaHyPar,sme3Db.mtx.hgr,no,no,0,4,0.03,0.0250447,3.67656,cut,3588,3588,no
rKaHyPar,sme3Db.mtx.hgr,no,no,1,4,0.03,0.0271088,2.48092,cut,3555,3555,no
rKaHyPar,sme3Db.mtx.hgr,no,no,2,4,0.03,0.017201,2.4654,cut,3588,3531,no
rKaHyPar,sme3Db.mtx.hgr,no,no,3,4,0.03,0.0121095,3.76173,cut,4212,3606,no
rKaHyPar,sme3Db.mtx.hgr,no,no,4,4,0.03,0.0254575,2.37395,cut,3528,3528,no
rKaHyPar,sme3Db.mtx.hgr,no,no,5,4,0.03,0.017201,2.89937,cut,3540,3540,no
rKaHyPar,sme3Db.mtx.hgr,no,no,6,4,0.03,0.0238062,3.64951,cut,4263,3657,no
rKaHyPar,sme3Db.mtx.hgr,no,no,7,4,0.03,0.0299986,2.57845,cut,4173,3576,no
rKaHyPar,sme3Db.mtx.hgr,no,no,8,4,0.03,0.0246319,2.4409,cut,3531,3531,no
rKaHyPar,sme3Db.mtx.hgr,no,no,9,4,0.03,0.0225678,3.6433,cut,4206,3600,no
rKaHyPar,sme3Db.mtx.hgr,no,no,0,64,0.03,0.0285714,8.88829,cut,60913,18849,no
rKaHyPar,sme3Db.mtx.hgr,no,no,1,64,0.03,0.0285714,6.1851,cut,61746,18465,no
rKaHyPar,sme3Db.mtx.hgr,no,no,2,64,0.03,0.0285714,9.08852,cut,62348,18615,no
rKaHyPar,sme3Db.mtx.hgr,no,no,3,64,0.03,0.0285714,6.11558,cut,59454,18831,no
rKaHyPar,sme3Db.mtx.hgr,no,no,5,64,0.03,0.0285714,8.74936,cut,61939,18921,no
rKaHyPar,sme3Db.mtx.hgr,no,no,6,64,0.03,0.0285714,8.9,cut,60365,18561,no
rKaHyPar,sme3Db.mtx.hgr,no,no,7,64,0.03,0.0285714,6.32866,cut,59362,18663,no
rKaHyPar,sme3Db.mtx.hgr,no,no,8,64,0.03,0.0285714,6.33435,cut,59916,18798,no
rKaHyPar,sme3Db.mtx.hgr,no,no,9,64,0.03,0.0285714,6.30124,cut,59449,18654,no
rKaHyPar,sme3Db.mtx.hgr,no,no,0,8,0.03,0.0178866,3.26961,cut,9729,6483,no
rKaHyPar,sme3Db.mtx.hgr,no,no,1,8,0.03,0.0170611,4.48067,cut,9950,6441,no
rKaHyPar,sme3Db.mtx.hgr,no,no,2,8,0.03,0.0277931,3.26418,cut,10167,6591,no
rKaHyPar,sme3Db.mtx.hgr,no,no,3,8,0.03,0.0280682,4.61499,cut,8465,6489,no
rKaHyPar,sme3Db.mtx.hgr,no,no,4,8,0.03,0.0192625,4.56836,cut,8480,6438,no
rKaHyPar,sme3Db.mtx.hgr,no,no,5,8,0.03,0.0244909,4.64135,cut,9639,6477,no
rKaHyPar,sme3Db.mtx.hgr,no,no,6,8,0.03,0.0269675,2.97556,cut,9429,6372,no
rKaHyPar,sme3Db.mtx.hgr,no,no,7,8,0.03,0.0269675,4.33524,cut,9855,6534,no
rKaHyPar,sme3Db.mtx.hgr,no,no,8,8,0.03,0.0294441,4.55288,cut,9363,6423,no
rKaHyPar,sme3Db.mtx.hgr,no,no,9,8,0.03,0.0277931,3.23092,cut,9681,6507,no
rKaHyPar,soc-sign-epinions.mtx.hgr,no,no,0,128,0.03,0.0252427,239.64,cut,235037,25524,no
rKaHyPar,soc-sign-epinions.mtx.hgr,no,no,1,128,0.03,0.0291262,233.994,cut,235116,25593,no
rKaHyPar,soc-sign-epinions.mtx.hgr,no,no,2,128,0.03,0.0271845,176.243,cut,237572,25537,no
rKaHyPar,soc-sign-epinions.mtx.hgr,no,no,3,128,0.03,0.0262136,155.13,cut,237259,25524,no
rKaHyPar,soc-sign-epinions.mtx.hgr,no,no,4,128,0.03,0.0281553,216.022,cut,236367,25516,no
rKaHyPar,soc-sign-epinions.mtx.hgr,no,no,5,128,0.03,0.0291262,159.988,cut,236697,25501,no
rKaHyPar,soc-sign-epinions.mtx.hgr,no,no,6,128,0.03,0.0252427,219.491,cut,239744,25524,no
rKaHyPar,soc-sign-epinions.mtx.hgr,no,no,7,128,0.03,0.023301,230.901,cut,238960,25542,no
rKaHyPar,soc-sign-epinions.mtx.hgr,no,no,8,128,0.03,0.0242718,148.697,cut,239875,25549,no
rKaHyPar,soc-sign-epinions.mtx.hgr,no,no,9,128,0.03,0.0252427,151.978,cut,236537,25538,no
rKaHyPar,soc-sign-epinions.mtx.hgr,no,no,0,16,0.03,0.0299757,157.769,cut,66362,21861,no
rKaHyPar,soc-sign-epinions.mtx.hgr,no,no,1,16,0.03,0.0299757,169.646,cut,67065,21773,no
rKaHyPar,soc-sign-epinions.mtx.hgr,no,no,2,16,0.03,0.0299757,164.178,cut,67215,22247,no
rKaHyPar,soc-sign-epinions.mtx.hgr,no,no,3,16,0.03,0.0299757,150.071,cut,66853,21840,no
rKaHyPar,soc-sign-epinions.mtx.hgr,no,no,4,16,0.03,0.0299757,151.596,cut,65985,21723,no
rKaHyPar,soc-sign-epinions.mtx.hgr,no,no,5,16,0.03,0.0299757,152.801,cut,66987,21777,no
rKaHyPar,soc-sign-epinions.mtx.hgr,no,no,6,16,0.03,0.0296117,224.822,cut,66876,21741,no
rKaHyPar,soc-sign-epinions.mtx.hgr,no,no,7,16,0.03,0.029733,224.69,cut,67036,21896,no
rKaHyPar,soc-sign-epinions.mtx.hgr,no,no,8,16,0.03,0.0299757,199.081,cut,66167,21711,no
rKaHyPar,soc-sign-epinions.mtx.hgr,no,no,9,16,0.03,0.0299757,229.454,cut,66806,21632,no
rKaHyPar,soc-sign-epinions.mtx.hgr,no,no,0,2,0.03,0.0298419,61.204,cut,100,100,no
rKaHyPar,soc-sign-epinions.mtx.hgr,no,no,1,2,0.03,0.0299785,53.3015,cut,598,598,no
rKaHyPar,soc-sign-epinions.mtx.hgr,no,no,2,2,0.03,0.0298419,78.7423,cut,289,289,no
rKaHyPar,soc-sign-epinions.mtx.hgr,no,no,3,2,0.03,0.0299785,77.0673,cut,632,632,no
rKaHyPar,soc-sign-epinions.mtx.hgr,no,no,4,2,0.03,0.0299785,73.0015,cut,634,634,no
rKaHyPar,soc-sign-epinions.mtx.hgr,no,no,6,2,0.03,0.0299633,75.4438,cut,691,691,no
rKaHyPar,soc-sign-epinions.mtx.hgr,no,no,7,2,0.03,0.0299936,85.8834,cut,221,221,no
rKaHyPar,soc-sign-epinions.mtx.hgr,no,no,8,2,0.03,0.0299785,53.7702,cut,637,637,no
rKaHyPar,soc-sign-epinions.mtx.hgr,no,no,9,2,0.03,0.0299785,55.2838,cut,645,645,no
rKaHyPar,soc-sign-epinions.mtx.hgr,no,no,0,32,0.03,0.0296117,222.307,cut,112417,23708,no
rKaHyPar,soc-sign-epinions.mtx.hgr,no,no,1,32,0.03,0.0296117,156.728,cut,113132,23757,no
rKaHyPar,soc-sign-epinions.mtx.hgr,no,no,2,32,0.03,0.0298544,152.411,cut,113335,23823,no
rKaHyPar,soc-sign-epinions.mtx.hgr,no,no,3,32,0.03,0.0293689,158.446,cut,111395,23828,no
rKaHyPar,soc-sign-epinions.mtx.hgr,no,no,4,32,0.03,0.0293689,220.08,cut,112130,23846,no
rKaHyPar,soc-sign-epinions.mtx.hgr,no,no,5,32,0.03,0.0296117,220.827,cut,113724,23852,no
rKaHyPar,soc-sign-epinions.mtx.hgr,no,no,6,32,0.03,0.0298544,158.114,cut,112181,23659,no
rKaHyPar,soc-sign-epinions.mtx.hgr,no,no,8,32,0.03,0.0293689,155.789,cut,111988,23808,no
rKaHyPar,soc-sign-epinions.mtx.hgr,no,no,9,32,0.03,0.0296117,153.666,cut,111053,24075,no
rKaHyPar,soc-sign-epinions.mtx.hgr,no,no,0,4,0.03,0.0299481,203.886,cut,9046,8314,no
rKaHyPar,soc-sign-epinions.mtx.hgr,no,no,1,4,0.03,0.0299785,147.204,cut,8997,8295,no
rKaHyPar,soc-sign-epinions.mtx.hgr,no,no,2,4,0.03,0.0299481,145.854,cut,8976,8234,no
rKaHyPar,soc-sign-epinions.mtx.hgr,no,no,3,4,0.03,0.0299785,185.078,cut,8898,8176,no
rKaHyPar,soc-sign-epinions.mtx.hgr,no,no,4,4,0.03,0.0299481,136.466,cut,8909,8247,no
rKaHyPar,soc-sign-epinions.mtx.hgr,no,no,5,4,0.03,0.0299785,198.05,cut,9077,8261,no
rKaHyPar,soc-sign-epinions.mtx.hgr,no,no,6,4,0.03,0.0299481,204.736,cut,9040,8302,no
rKaHyPar,soc-sign-epinions.mtx.hgr,no,no,7,4,0.03,0.0299785,143.312,cut,8896,8194,no
rKaHyPar,soc-sign-epinions.mtx.hgr,no,no,8,4,0.03,0.0299785,153.196,cut,8849,8140,no
rKaHyPar,soc-sign-epinions.mtx.hgr,no,no,9,4,0.03,0.0299785,214.94,cut,9055,8303,no
rKaHyPar,soc-sign-epinions.mtx.hgr,no,no,0,64,0.03,0.0296117,220.851,cut,168905,24857,no
rKaHyPar,soc-sign-epinions.mtx.hgr,no,no,1,64,0.03,0.0199029,161.552,cut,170375,25013,no
rKaHyPar,soc-sign-epinions.mtx.hgr,no,no,2,64,0.03,0.0218447,218.467,cut,169205,24732,no
rKaHyPar,soc-sign-epinions.mtx.hgr,no,no,3,64,0.03,0.0291262,156.455,cut,170755,24994,no
rKaHyPar,soc-sign-epinions.mtx.hgr,no,no,5,64,0.03,0.0291262,224.919,cut,169912,24873,no
rKaHyPar,soc-sign-epinions.mtx.hgr,no,no,6,64,0.03,0.0286408,234.508,cut,171779,24962,no
rKaHyPar,soc-sign-epinions.mtx.hgr,no,no,7,64,0.03,0.0257282,216.101,cut,166527,24732,no
rKaHyPar,soc-sign-epinions.mtx.hgr,no,no,8,64,0.03,0.0291262,205.308,cut,170766,24962,no
rKaHyPar,soc-sign-epinions.mtx.hgr,no,no,9,64,0.03,0.0208738,155.048,cut,170264,25015,no
rKaHyPar,soc-sign-epinions.mtx.hgr,no,no,0,8,0.03,0.0299775,156.006,cut,31710,17400,no
rKaHyPar,soc-sign-epinions.mtx.hgr,no,no,1,8,0.03,0.0299169,212.815,cut,31667,17514,no
rKaHyPar,soc-sign-epinions.mtx.hgr,no,no,2,8,0.03,0.0298562,159.92,cut,31771,17471,no
rKaHyPar,soc-sign-epinions.mtx.hgr,no,no,3,8,0.03,0.0299775,196.335,cut,31623,17513,no
rKaHyPar,soc-sign-epinions.mtx.hgr,no,no,4,8,0.03,0.0299169,209.138,cut,31803,17539,no
rKaHyPar,soc-sign-epinions.mtx.hgr,no,no,5,8,0.03,0.0299775,217.67,cut,31746,17538,no
rKaHyPar,soc-sign-epinions.mtx.hgr,no,no,6,8,0.03,0.0299775,152.951,cut,31898,17609,no
rKaHyPar,soc-sign-epinions.mtx.hgr,no,no,7,8,0.03,0.0299775,215.621,cut,31457,17419,no
rKaHyPar,soc-sign-epinions.mtx.hgr,no,no,8,8,0.03,0.0299775,219.268,cut,31476,17394,no
rKaHyPar,soc-sign-epinions.mtx.hgr,no,no,9,8,0.03,0.0298562,160.934,cut,31857,17541,no
rKaHyPar,sparsine.mtx.hgr,no,no,0,128,0.03,0.0255754,80.2565,cut,497218,48155,no
rKaHyPar,sparsine.mtx.hgr,no,no,1,128,0.03,0.028133,84.4187,cut,496440,48094,no
rKaHyPar,sparsine.mtx.hgr,no,no,2,128,0.03,0.028133,63.1882,cut,496463,48121,no
rKaHyPar,sparsine.mtx.hgr,no,no,3,128,0.03,0.028133,60.3028,cut,485268,48068,no
rKaHyPar,sparsine.mtx.hgr,no,no,4,128,0.03,0.028133,81.6651,cut,495459,48175,no
rKaHyPar,sparsine.mtx.hgr,no,no,5,128,0.03,0.0255754,63.0114,cut,496223,48204,no
rKaHyPar,sparsine.mtx.hgr,no,no,6,128,0.03,0.028133,59.9773,cut,494905,48041,no
rKaHyPar,sparsine.mtx.hgr,no,no,7,128,0.03,0.028133,81.1757,cut,486827,48171,no
rKaHyPar,sparsine.mtx.hgr,no,no,8,128,0.03,0.028133,60.7599,cut,492712,48205,no
rKaHyPar,sparsine.mtx.hgr,no,no,9,128,0.03,0.0255754,86.5197,cut,493350,48112,no
rKaHyPar,sparsine.mtx.hgr,no,no,0,16,0.03,0.02944,52.2633,cut,132100,41138,no
rKaHyPar,sparsine.mtx.hgr,no,no,1,16,0.03,0.02976,55.0223,cut,144064,41815,no
rKaHyPar,sparsine.mtx.hgr,no,no,2,16,0.03,0.02944,55.7809,cut,134661,41245,no
rKaHyPar,sparsine.mtx.hgr,no,no,3,16,0.03,0.02976,72.5501,cut,132948,41214,no
rKaHyPar,sparsine.mtx.hgr,no,no,4,16,0.03,0.02944,58.1262,cut,130734,41236,no
rKaHyPar,sparsine.mtx.hgr,no,no,5,16,0.03,0.0288,56.5521,cut,152672,41464,no
rKaHyPar,sparsine.mtx.hgr,no,no,6,16,0.03,0.02944,70.1893,cut,141764,41728,no
rKaHyPar,sparsine.mtx.hgr,no,no,7,16,0.03,0.02976,79.087,cut,134314,41384,no
rKaHyPar,sparsine.mtx.hgr,no,no,8,16,0.03,0.02912,75.4476,cut,136223,41356,no
rKaHyPar,sparsine.mtx.hgr,no,no,9,16,0.03,0.02944,57.0843,cut,132244,41557,no
rKaHyPar,sparsine.mtx.hgr,no,no,0,2,0.03,0.02992,40.0815,cut,19368,19368,no
rKaHyPar,sparsine.mtx.hgr,no,no,1,2,0.03,0.02992,31.4694,cut,19521,19521,no
rKaHyPar,sparsine.mtx.hgr,no,no,2,2,0.03,0.01188,43.1263,cut,17257,17257,no
rKaHyPar,sparsine.mtx.hgr,no,no,3,2,0.03,0.0296,29.695,cut,19058,19058,no
rKaHyPar,sparsine.mtx.hgr,no,no,4,2,0.03,0.02256,31.8393,cut,17254,17254,no
rKaHyPar,sparsine.mtx.hgr,no,no,6,2,0.03,0.03,31.1823,cut,19507,19507,no
rKaHyPar,sparsine.mtx.hgr,no,no,7,2,0.03,0.02432,48.5267,cut,17342,17342,no
rKaHyPar,sparsine.mtx.hgr,no,no,8,2,0.03,0.02968,32.5993,cut,17252,17252,no
rKaHyPar,sparsine.mtx.hgr,no,no,9,2,0.03,0.02984,31.1036,cut,19062,19062,no
rKaHyPar,sparsine.mtx.hgr,no,no,0,32,0.03,0.0294306,74.101,cut,213728,44749,no
rKaHyPar,sparsine.mtx.hgr,no,no,1,32,0.03,0.0294306,57.3175,cut,220558,45006,no
rKaHyPar,sparsine.mtx.hgr,no,no,2,32,0.03,0.0294306,56.3947,cut,215718,44888,no
rKaHyPar,sparsine.mtx.hgr,no,no,3,32,0.03,0.0294306,55.8806,cut,212551,44872,no
rKaHyPar,sparsine.mtx.hgr,no,no,4,32,0.03,0.0294306,78.8003,cut,225019,45004,no
rKaHyPar,sparsine.mtx.hgr,no,no,5,32,0.03,0.0294306,77.981,cut,223072,44893,no
rKaHyPar,sparsine.mtx.hgr,no,no,6,32,0.03,0.0287908,58.5448,cut,220991,45044,no
rKaHyPar,sparsine.mtx.hgr,no,no,8,32,0.03,0.0294306,75.7097,cut,208002,44818,no
rKaHyPar,sparsine.mtx.hgr,no,no,9,32,0.03,0.0294306,59.8536,cut,213172,44913,no
rKaHyPar,sparsine.mtx.hgr,no,no,0,4,0.03,0.01488,56.4776,cut,44527,26098,no
rKaHyPar,sparsine.mtx.hgr,no,no,1,4,0.03,0.02752,42.4867,cut,41740,26409,no
rKaHyPar,sparsine.mtx.hgr,no,no,2,4,0.03,0.03,42.5246,cut,41375,26433,no
rKaHyPar,sparsine.mtx.hgr,no,no,3,4,0.03,0.02984,64.2975,cut,46355,26234,no
rKaHyPar,sparsine.mtx.hgr,no,no,4,4,0.03,0.02992,53.6334,cut,44352,27208,no
rKaHyPar,sparsine.mtx.hgr,no,no,5,4,0.03,0.02984,44.8308,cut,41617,26411,no
rKaHyPar,sparsine.mtx.hgr,no,no,6,4,0.03,0.02928,56.4571,cut,42925,26219,no
rKaHyPar,sparsine.mtx.hgr,no,no,7,4,0.03,0.01488,46.9443,cut,44035,27470,no
rKaHyPar,sparsine.mtx.hgr,no,no,8,4,0.03,0.02992,68.9685,cut,44607,27358,no
rKaHyPar,sparsine.mtx.hgr,no,no,9,4,0.03,0.02992,61.9672,cut,42645,26415,no
rKaHyPar,sparsine.mtx.hgr,no,no,0,64,0.03,0.028133,76.9205,cut,320716,46766,no
rKaHyPar,sparsine.mtx.hgr,no,no,1,64,0.03,0.028133,60.3788,cut,348544,46906,no
rKaHyPar,sparsine.mtx.hgr,no,no,2,64,0.03,0.0294118,81.3558,cut,347856,46915,no
rKaHyPar,sparsine.mtx.hgr,no,no,3,64,0.03,0.0294118,58.0174,cut,333150,46836,no
rKaHyPar,sparsine.mtx.hgr,no,no,5,64,0.03,0.028133,80.9405,cut,339338,46824,no
rKaHyPar,sparsine.mtx.hgr,no,no,6,64,0.03,0.0294118,78.7288,cut,344934,46872,no
rKaHyPar,sparsine.mtx.hgr,no,no,7,64,0.03,0.0294118,58.9991,cut,339911,46970,no
rKaHyPar,sparsine.mtx.hgr,no,no,8,64,0.03,0.028133,57.2954,cut,319617,46937,no
rKaHyPar,sparsine.mtx.hgr,no,no,9,64,0.03,0.0294118,62.323,cut,331526,46925,no
rKaHyPar,sparsine.mtx.hgr,no,no,0,8,0.03,0.02992,67.4027,cut,75194,32801,no
rKaHyPar,sparsine.mtx.hgr,no,no,1,8,0.03,0.02992,67.2958,cut,82332,32879,no
rKaHyPar,sparsine.mtx.hgr,no,no,2,8,0.03,0.02992,68.6144,cut,74431,32415,no
rKaHyPar,sparsine.mtx.hgr,no,no,3,8,0.03,0.0296,82.6111,cut,73422,32424,no
rKaHyPar,sparsine.mtx.hgr,no,no,4,8,0.03,0.02976,76.7634,cut,75794,32641,no
rKaHyPar,sparsine.mtx.hgr,no,no,5,8,0.03,0.02992,93.7159,cut,79920,32865,no
rKaHyPar,sparsine.mtx.hgr,no,no,6,8,0.03,0.02896,63.3953,cut,75497,32466,no
rKaHyPar,sparsine.mtx.hgr,no,no,7,8,0.03,0.02992,48.5183,cut,67643,33261,no
rKaHyPar,sparsine.mtx.hgr,no,no,8,8,0.03,0.02976,69.6887,cut,78999,32847,no
rKaHyPar,sparsine.mtx.hgr,no,no,9,8,0.03,0.02976,65.7877,cut,74660,32471,no
rKaHyPar,spmsrtls.mtx.hgr,no,no,0,128,0.03,0.00425532,5.77673,cut,762,762,no
rKaHyPar,spmsrtls.mtx.hgr,no,no,1,128,0.03,0.00425532,5.92308,cut,762,762,no
rKaHyPar,spmsrtls.mtx.hgr,no,no,2,128,0.03,0.00425532,4.19657,cut,762,762,no
rKaHyPar,spmsrtls.mtx.hgr,no,no,3,128,0.03,0.00425532,4.04856,cut,762,762,no
rKaHyPar,spmsrtls.mtx.hgr,no,no,4,128,0.03,0.00425532,5.72615,cut,762,762,no
rKaHyPar,spmsrtls.mtx.hgr,no,no,5,128,0.03,0.00425532,4.12322,cut,762,762,no
rKaHyPar,spmsrtls.mtx.hgr,no,no,6,128,0.03,0.00425532,4.02704,cut,762,762,no
rKaHyPar,spmsrtls.mtx.hgr,no,no,7,128,0.03,0.00425532,5.83025,cut,762,762,no
rKaHyPar,spmsrtls.mtx.hgr,no,no,8,128,0.03,0.00425532,4.04909,cut,762,762,no
rKaHyPar,spmsrtls.mtx.hgr,no,no,9,128,0.03,0.00425532,5.76424,cut,762,762,no
rKaHyPar,spmsrtls.mtx.hgr,no,no,0,16,0.03,0,1.14086,cut,90,90,no
rKaHyPar,spmsrtls.mtx.hgr,no,no,1,16,0.03,0,1.19885,cut,90,90,no
rKaHyPar,spmsrtls.mtx.hgr,no,no,2,16,0.03,0,1.12306,cut,90,90,no
rKaHyPar,spmsrtls.mtx.hgr,no,no,3,16,0.03,0,1.65115,cut,90,90,no
rKaHyPar,spmsrtls.mtx.hgr,no,no,4,16,0.03,0,1.19492,cut,90,90,no
rKaHyPar,spmsrtls.mtx.hgr,no,no,5,16,0.03,0,1.21658,cut,90,90,no
rKaHyPar,spmsrtls.mtx.hgr,no,no,6,16,0.03,0,1.73305,cut,90,90,no
rKaHyPar,spmsrtls.mtx.hgr,no,no,7,16,0.03,0,1.70573,cut,90,90,no
rKaHyPar,spmsrtls.mtx.hgr,no,no,8,16,0.03,0,1.70966,cut,90,90,no
rKaHyPar,spmsrtls.mtx.hgr,no,no,9,16,0.03,0,1.13908,cut,90,90,no
rKaHyPar,spmsrtls.mtx.hgr,no,no,0,2,0.03,0,0.38918,cut,6,6,no
rKaHyPar,spmsrtls.mtx.hgr,no,no,1,2,0.03,0,0.288005,cut,6,6,no
rKaHyPar,spmsrtls.mtx.hgr,no,no,2,2,0.03,0,0.372198,cut,6,6,no
rKaHyPar,spmsrtls.mtx.hgr,no,no,3,2,0.03,0,0.28083,cut,6,6,no
rKaHyPar,spmsrtls.mtx.hgr,no,no,4,2,0.03,0,0.387643,cut,6,6,no
rKaHyPar,spmsrtls.mtx.hgr,no,no,6,2,0.03,0,0.377608,cut,6,6,no
rKaHyPar,spmsrtls.mtx.hgr,no,no,7,2,0.03,0,0.380581,cut,6,6,no
rKaHyPar,spmsrtls.mtx.hgr,no,no,8,2,0.03,0,0.266165,cut,6,6,no
rKaHyPar,spmsrtls.mtx.hgr,no,no,9,2,0.03,0,0.263487,cut,6,6,no
rKaHyPar,spmsrtls.mtx.hgr,no,no,0,32,0.03,0,2.58648,cut,186,186,no
rKaHyPar,spmsrtls.mtx.hgr,no,no,1,32,0.03,0,1.8174,cut,186,186,no
rKaHyPar,spmsrtls.mtx.hgr,no,no,2,32,0.03,0,1.82084,cut,186,186,no
rKaHyPar,spmsrtls.mtx.hgr,no,no,3,32,0.03,0,1.7762,cut,186,186,no
rKaHyPar,spmsrtls.mtx.hgr,no,no,4,32,0.03,0,2.59712,cut,186,186,no
rKaHyPar,spmsrtls.mtx.hgr,no,no,5,32,0.03,0,2.63868,cut,186,186,no
rKaHyPar,spmsrtls.mtx.hgr,no,no,6,32,0.03,0,1.7597,cut,186,186,no
rKaHyPar,spmsrtls.mtx.hgr,no,no,8,32,0.03,0,2.51486,cut,186,186,no
rKaHyPar,spmsrtls.mtx.hgr,no,no,9,32,0.03,0,1.77381,cut,186,186,no
rKaHyPar,spmsrtls.mtx.hgr,no,no,0,4,0.03,0.000133351,0.741354,cut,18,18,no
rKaHyPar,spmsrtls.mtx.hgr,no,no,1,4,0.03,0.000133351,0.54145,cut,18,18,no
rKaHyPar,spmsrtls.mtx.hgr,no,no,2,4,0.03,0.000133351,0.496661,cut,18,18,no
rKaHyPar,spmsrtls.mtx.hgr,no,no,3,4,0.03,0.000133351,0.760646,cut,18,18,no
rKaHyPar,spmsrtls.mtx.hgr,no,no,4,4,0.03,0.000133351,0.509408,cut,18,18,no
rKaHyPar,spmsrtls.mtx.hgr,no,no,5,4,0.03,0.000133351,0.771723,cut,18,18,no
rKaHyPar,spmsrtls.mtx.hgr,no,no,6,4,0.03,0.000133351,0.763065,cut,18,18,no
rKaHyPar,spmsrtls.mtx.hgr,no,no,7,4,0.03,0.000133351,0.514017,cut,18,18,no
rKaHyPar,spmsrtls.mtx.hgr,no,no,8,4,0.03,0.000133351,0.736729,cut,18,18,no
rKaHyPar,spmsrtls.mtx.hgr,no,no,9,4,0.03,0.000133351,0.736439,cut,18,18,no
rKaHyPar,spmsrtls.mtx.hgr,no,no,0,64,0.03,0.0021322,3.78094,cut,378,378,no
rKaHyPar,spmsrtls.mtx.hgr,no,no,1,64,0.03,0.0021322,2.70295,cut,378,378,no
rKaHyPar,spmsrtls.mtx.hgr,no,no,2,64,0.03,0.0021322,3.96735,cut,378,378,no
rKaHyPar,spmsrtls.mtx.hgr,no,no,3,64,0.03,0.0021322,2.79186,cut,378,378,no
rKaHyPar,spmsrtls.mtx.hgr,no,no,5,64,0.03,0.0021322,3.94047,cut,378,378,no
rKaHyPar,spmsrtls.mtx.hgr,no,no,6,64,0.03,0.0021322,3.92851,cut,378,378,no
rKaHyPar,spmsrtls.mtx.hgr,no,no,7,64,0.03,0.0021322,3.84063,cut,378,378,no
rKaHyPar,spmsrtls.mtx.hgr,no,no,8,64,0.03,0.0021322,3.85595,cut,378,378,no
rKaHyPar,spmsrtls.mtx.hgr,no,no,9,64,0.03,0.0021322,2.68267,cut,378,378,no
rKaHyPar,spmsrtls.mtx.hgr,no,no,0,8,0.03,0,0.793594,cut,42,42,no
rKaHyPar,spmsrtls.mtx.hgr,no,no,1,8,0.03,0,0.808223,cut,42,42,no
rKaHyPar,spmsrtls.mtx.hgr,no,no,2,8,0.03,0,0.807481,cut,42,42,no
rKaHyPar,spmsrtls.mtx.hgr,no,no,3,8,0.03,0,1.1921,cut,42,42,no
rKaHyPar,spmsrtls.mtx.hgr,no,no,4,8,0.03,0,1.1749,cut,42,42,no
rKaHyPar,spmsrtls.mtx.hgr,no,no,5,8,0.03,0,1.18726,cut,42,42,no
rKaHyPar,spmsrtls.mtx.hgr,no,no,6,8,0.03,0,0.802027,cut,42,42,no
rKaHyPar,spmsrtls.mtx.hgr,no,no,7,8,0.03,0,0.816406,cut,42,42,no
rKaHyPar,spmsrtls.mtx.hgr,no,no,8,8,0.03,0,1.14332,cut,42,42,no
rKaHyPar,spmsrtls.mtx.hgr,no,no,9,8,0.03,0,0.775993,cut,42,42,no
rKaHyPar,Stanford.mtx.hgr,no,no,0,128,0.03,0.0299591,944.858,cut,13380,5427,no
rKaHyPar,Stanford.mtx.hgr,no,no,1,128,0.03,0.0299591,995.845,cut,13418,5382,no
rKaHyPar,Stanford.mtx.hgr,no,no,2,128,0.03,0.0299591,664.344,cut,13900,5549,no
rKaHyPar,Stanford.mtx.hgr,no,no,3,128,0.03,0.0299591,689.625,cut,13655,5492,no
rKaHyPar,Stanford.mtx.hgr,no,no,4,128,0.03,0.0299591,970.637,cut,13748,5391,no
rKaHyPar,Stanford.mtx.hgr,no,no,5,128,0.03,0.0299591,1091.63,cut,13510,5446,no
rKaHyPar,Stanford.mtx.hgr,no,no,6,128,0.03,0.0299591,685.32,cut,13765,5522,no
rKaHyPar,Stanford.mtx.hgr,no,no,7,128,0.03,0.0299591,1113.42,cut,14064,5424,no
rKaHyPar,Stanford.mtx.hgr,no,no,8,128,0.03,0.0299591,674.43,cut,13626,5473,no
rKaHyPar,Stanford.mtx.hgr,no,no,9,128,0.03,0.0299591,955.849,cut,13456,5511,no
rKaHyPar,Stanford.mtx.hgr,no,no,0,16,0.03,0.0279244,621.834,cut,2849,1512,no
rKaHyPar,Stanford.mtx.hgr,no,no,1,16,0.03,0.0266757,593.538,cut,2900,1558,no
rKaHyPar,Stanford.mtx.hgr,no,no,2,16,0.03,0.0299676,646.06,cut,2745,1576,no
rKaHyPar,Stanford.mtx.hgr,no,no,3,16,0.03,0.0237811,884.297,cut,2885,1515,no
rKaHyPar,Stanford.mtx.hgr,no,no,4,16,0.03,0.0275271,726.274,cut,2928,1575,no
rKaHyPar,Stanford.mtx.hgr,no,no,5,16,0.03,0.0297974,852.701,cut,2884,1574,no
rKaHyPar,Stanford.mtx.hgr,no,no,6,16,0.03,0.0278676,882.768,cut,2865,1503,no
rKaHyPar,Stanford.mtx.hgr,no,no,7,16,0.03,0.0286622,915.163,cut,2813,1509,no
rKaHyPar,Stanford.mtx.hgr,no,no,8,16,0.03,0.0299676,665.861,cut,3028,1601,no
rKaHyPar,Stanford.mtx.hgr,no,no,9,16,0.03,0.0297974,624.17,cut,2727,1476,no
rKaHyPar,Stanford.mtx.hgr,no,no,0,2,0.03,0.0299889,532.901,cut,127,127,no
rKaHyPar,Stanford.mtx.hgr,no,no,1,2,0.03,0.0208014,400.179,cut,100,100,no
rKaHyPar,Stanford.mtx.hgr,no,no,2,2,0.03,0.0286126,403.678,cut,133,133,no
rKaHyPar,Stanford.mtx.hgr,no,no,3,2,0.03,0.029996,400.452,cut,178,178,no
rKaHyPar,Stanford.mtx.hgr,no,no,4,2,0.03,0.0253136,397.93,cut,29,29,no
rKaHyPar,Stanford.mtx.hgr,no,no,5,2,0.03,0.0224474,393.27,cut,29,29,no
rKaHyPar,Stanford.mtx.hgr,no,no,6,2,0.03,0.0299393,398.127,cut,74,74,no
rKaHyPar,Stanford.mtx.hgr,no,no,7,2,0.03,0,540.24,cut,31,31,no
rKaHyPar,Stanford.mtx.hgr,no,no,8,2,0.03,0.028421,547.083,cut,29,29,no
rKaHyPar,Stanford.mtx.hgr,no,no,9,2,0.03,0.0299606,402.094,cut,47,47,no
rKaHyPar,Stanford.mtx.hgr,no,no,0,32,0.03,0.0256527,774.504,cut,4594,1956,no
rKaHyPar,Stanford.mtx.hgr,no,no,1,32,0.03,0.0175936,602.235,cut,4818,1946,no
rKaHyPar,Stanford.mtx.hgr,no,no,2,32,0.03,0.0248581,653.309,cut,4797,2026,no
rKaHyPar,Stanford.mtx.hgr,no,no,3,32,0.03,0.0270148,640.707,cut,4853,1970,no
rKaHyPar,Stanford.mtx.hgr,no,no,4,32,0.03,0.0271283,755.983,cut,4814,2143,no
rKaHyPar,Stanford.mtx.hgr,no,no,5,32,0.03,0.0249716,965.497,cut,4736,1912,no
rKaHyPar,Stanford.mtx.hgr,no,no,6,32,0.03,0.0297389,636.447,cut,4750,2014,no
rKaHyPar,Stanford.mtx.hgr,no,no,7,32,0.03,0.0258797,951.22,cut,4707,2008,no
rKaHyPar,Stanford.mtx.hgr,no,no,9,32,0.03,0.0273553,647.32,cut,4805,2010,no
rKaHyPar,Stanford.mtx.hgr,no,no,0,4,0.03,0.0299818,702.497,cut,524,415,no
rKaHyPar,Stanford.mtx.hgr,no,no,1,4,0.03,0.029996,498.012,cut,514,418,no
rKaHyPar,Stanford.mtx.hgr,no,no,2,4,0.03,0.0280237,503.36,cut,505,403,no
rKaHyPar,Stanford.mtx.hgr,no,no,3,4,0.03,0.0147284,684.297,cut,732,663,no
rKaHyPar,Stanford.mtx.hgr,no,no,4,4,0.03,0.029996,503.198,cut,475,437,no
rKaHyPar,Stanford.mtx.hgr,no,no,5,4,0.03,0.0259521,508.396,cut,506,464,no
rKaHyPar,Stanford.mtx.hgr,no,no,6,4,0.03,0.0299535,669.781,cut,427,400,no
rKaHyPar,Stanford.mtx.hgr,no,no,7,4,0.03,0.0298967,679.414,cut,401,376,no
rKaHyPar,Stanford.mtx.hgr,no,no,8,4,0.03,0.028194,682.094,cut,492,465,no
rKaHyPar,Stanford.mtx.hgr,no,no,9,4,0.03,0.0282933,673.637,cut,501,447,no
rKaHyPar,Stanford.mtx.hgr,no,no,0,64,0.03,0.0297389,663.741,cut,8348,3606,no
rKaHyPar,Stanford.mtx.hgr,no,no,1,64,0.03,0.0299659,669.007,cut,8324,3739,no
rKaHyPar,Stanford.mtx.hgr,no,no,2,64,0.03,0.0299659,977.857,cut,8506,3756,no
rKaHyPar,Stanford.mtx.hgr,no,no,3,64,0.03,0.0290579,682.829,cut,8498,3676,no
rKaHyPar,Stanford.mtx.hgr,no,no,5,64,0.03,0.0295119,1103.27,cut,8516,3660,no
rKaHyPar,Stanford.mtx.hgr,no,no,6,64,0.03,0.0299659,652.57,cut,8162,3633,no
rKaHyPar,Stanford.mtx.hgr,no,no,7,64,0.03,0.0292849,656.781,cut,8629,3657,no
rKaHyPar,Stanford.mtx.hgr,no,no,8,64,0.03,0.0288309,685.339,cut,8541,3696,no
rKaHyPar,Stanford.mtx.hgr,no,no,9,64,0.03,0.0299659,939.27,cut,8477,3649,no
rKaHyPar,Stanford.mtx.hgr,no,no,0,8,0.03,0.0290879,808.089,cut,1330,961,no
rKaHyPar,Stanford.mtx.hgr,no,no,1,8,0.03,0.0292298,583.444,cut,1368,1015,no
rKaHyPar,Stanford.mtx.hgr,no,no,2,8,0.03,0.0299676,562.729,cut,1339,868,no
rKaHyPar,Stanford.mtx.hgr,no,no,3,8,0.03,0.0299676,800.008,cut,1360,979,no
rKaHyPar,Stanford.mtx.hgr,no,no,4,8,0.03,0.0284068,818.243,cut,1379,1010,no
rKaHyPar,Stanford.mtx.hgr,no,no,5,8,0.03,0.028719,904.714,cut,1370,1048,no
rKaHyPar,Stanford.mtx.hgr,no,no,6,8,0.03,0.0290595,575.773,cut,1386,998,no
rKaHyPar,Stanford.mtx.hgr,no,no,7,8,0.03,0.0275271,574.842,cut,1396,1091,no
rKaHyPar,Stanford.mtx.hgr,no,no,8,8,0.03,0.0297974,813.197,cut,1354,991,no
rKaHyPar,Stanford.mtx.hgr,no,no,9,8,0.03,0.0274703,565.144,cut,1308,953,no
rKaHyPar,std1_Jac3.mtx.hgr,no,no,0,128,0.03,0.0290698,76.4029,cut,99501,10352,no
rKaHyPar,std1_Jac3.mtx.hgr,no,no,1,128,0.03,0.0290698,75.6154,cut,99355,10262,no
rKaHyPar,std1_Jac3.mtx.hgr,no,no,2,128,0.03,0.0290698,43.512,cut,97945,10239,no
rKaHyPar,std1_Jac3.mtx.hgr,no,no,3,128,0.03,0.0290698,41.9212,cut,103034,10143,no
rKaHyPar,std1_Jac3.mtx.hgr,no,no,4,128,0.03,0.0232558,76.3505,cut,102208,10564,no
rKaHyPar,std1_Jac3.mtx.hgr,no,no,5,128,0.03,0.0290698,74.908,cut,100977,10619,no
rKaHyPar,std1_Jac3.mtx.hgr,no,no,6,128,0.03,0.0290698,42.8916,cut,99452,10522,no
rKaHyPar,std1_Jac3.mtx.hgr,no,no,7,128,0.03,0.0290698,76.5328,cut,101586,10418,no
rKaHyPar,std1_Jac3.mtx.hgr,no,no,8,128,0.03,0.0290698,78.8568,cut,97030,10848,no
rKaHyPar,std1_Jac3.mtx.hgr,no,no,9,128,0.03,0.0290698,74.1253,cut,99935,10183,no
rKaHyPar,std1_Jac3.mtx.hgr,no,no,0,16,0.03,0.0283843,42.038,cut,16559,8877,no
rKaHyPar,std1_Jac3.mtx.hgr,no,no,1,16,0.03,0.0269287,42.0908,cut,16015,8704,no
rKaHyPar,std1_Jac3.mtx.hgr,no,no,2,16,0.03,0.0269287,42.6601,cut,16404,8788,no
rKaHyPar,std1_Jac3.mtx.hgr,no,no,3,16,0.03,0.0276565,74.3977,cut,16368,9169,no
rKaHyPar,std1_Jac3.mtx.hgr,no,no,4,16,0.03,0.0298399,43.1852,cut,16621,8779,no
rKaHyPar,std1_Jac3.mtx.hgr,no,no,5,16,0.03,0.0276565,74.5586,cut,16806,8971,no
rKaHyPar,std1_Jac3.mtx.hgr,no,no,6,16,0.03,0.0298399,75.9771,cut,16030,8984,no
rKaHyPar,std1_Jac3.mtx.hgr,no,no,7,16,0.03,0.0298399,74.2903,cut,16876,8778,no
rKaHyPar,std1_Jac3.mtx.hgr,no,no,8,16,0.03,0.0283843,42.4319,cut,16061,8684,no
rKaHyPar,std1_Jac3.mtx.hgr,no,no,9,16,0.03,0.0298399,42.6307,cut,15163,9150,no
rKaHyPar,std1_Jac3.mtx.hgr,no,no,0,2,0.03,0.0290237,24.6511,cut,1557,1557,no
rKaHyPar,std1_Jac3.mtx.hgr,no,no,1,2,0.03,0.0299336,14.1078,cut,1553,1553,no
rKaHyPar,std1_Jac3.mtx.hgr,no,no,2,2,0.03,0.0292057,13.8153,cut,1561,1561,no
rKaHyPar,std1_Jac3.mtx.hgr,no,no,3,2,0.03,0.0299336,14.0336,cut,1534,1534,no
rKaHyPar,std1_Jac3.mtx.hgr,no,no,4,2,0.03,0.0237467,25.1401,cut,1644,1644,no
rKaHyPar,std1_Jac3.mtx.hgr,no,no,5,2,0.03,0.0288418,14.0577,cut,1537,1537,no
rKaHyPar,std1_Jac3.mtx.hgr,no,no,6,2,0.03,0.0292967,25.7873,cut,1609,1609,no
rKaHyPar,std1_Jac3.mtx.hgr,no,no,7,2,0.03,0.0299336,25.6659,cut,1541,1541,no
rKaHyPar,std1_Jac3.mtx.hgr,no,no,8,2,0.03,0.0298426,25.2191,cut,1541,1541,no
rKaHyPar,std1_Jac3.mtx.hgr,no,no,9,2,0.03,0.0289328,14.0656,cut,1535,1535,no
rKaHyPar,std1_Jac3.mtx.hgr,no,no,0,32,0.03,0.0276565,74.7772,cut,30716,9465,no
rKaHyPar,std1_Jac3.mtx.hgr,no,no,1,32,0.03,0.0291121,41.1728,cut,31146,9387,no
rKaHyPar,std1_Jac3.mtx.hgr,no,no,2,32,0.03,0.0291121,42.2086,cut,31264,9629,no
rKaHyPar,std1_Jac3.mtx.hgr,no,no,3,32,0.03,0.0291121,41.1301,cut,32205,9497,no
rKaHyPar,std1_Jac3.mtx.hgr,no,no,4,32,0.03,0.0276565,41.4894,cut,31161,9481,no
rKaHyPar,std1_Jac3.mtx.hgr,no,no,5,32,0.03,0.0291121,72.418,cut,32914,9279,no
rKaHyPar,std1_Jac3.mtx.hgr,no,no,6,32,0.03,0.0291121,43.4001,cut,30882,9822,no
rKaHyPar,std1_Jac3.mtx.hgr,no,no,7,32,0.03,0.0291121,76.3425,cut,29861,9720,no
rKaHyPar,std1_Jac3.mtx.hgr,no,no,9,32,0.03,0.0276565,42.6456,cut,30306,9627,no
rKaHyPar,std1_Jac3.mtx.hgr,no,no,0,4,0.03,0.0298399,52.1574,cut,3725,3719,no
rKaHyPar,std1_Jac3.mtx.hgr,no,no,1,4,0.03,0.0298399,30.3933,cut,4595,3723,no
rKaHyPar,std1_Jac3.mtx.hgr,no,no,2,4,0.03,0.0298399,28.8297,cut,3677,3583,no
rKaHyPar,std1_Jac3.mtx.hgr,no,no,3,4,0.03,0.0298399,50.6286,cut,3793,3742,no
rKaHyPar,std1_Jac3.mtx.hgr,no,no,4,4,0.03,0.0298399,28.0645,cut,4398,3751,no
rKaHyPar,std1_Jac3.mtx.hgr,no,no,5,4,0.03,0.0296579,50.226,cut,3646,3611,no
rKaHyPar,std1_Jac3.mtx.hgr,no,no,6,4,0.03,0.025837,50.9788,cut,3883,3815,no
rKaHyPar,std1_Jac3.mtx.hgr,no,no,7,4,0.03,0.0298399,53.4262,cut,3743,3715,no
rKaHyPar,std1_Jac3.mtx.hgr,no,no,8,4,0.03,0.0298399,51.0674,cut,3752,3727,no
rKaHyPar,std1_Jac3.mtx.hgr,no,no,9,4,0.03,0.0298399,50.2171,cut,3655,3574,no
rKaHyPar,std1_Jac3.mtx.hgr,no,no,0,64,0.03,0.0290698,43.3359,cut,55515,10487,no
rKaHyPar,std1_Jac3.mtx.hgr,no,no,1,64,0.03,0.0290698,43.2235,cut,55529,10202,no
rKaHyPar,std1_Jac3.mtx.hgr,no,no,2,64,0.03,0.0290698,75.7756,cut,56477,10529,no
rKaHyPar,std1_Jac3.mtx.hgr,no,no,3,64,0.03,0.0290698,41.9107,cut,54906,10007,no
rKaHyPar,std1_Jac3.mtx.hgr,no,no,5,64,0.03,0.0290698,74.2885,cut,56494,10007,no
rKaHyPar,std1_Jac3.mtx.hgr,no,no,6,64,0.03,0.0232558,42.7133,cut,55944,9975,no
rKaHyPar,std1_Jac3.mtx.hgr,no,no,7,64,0.03,0.0290698,75.0615,cut,54455,10167,no
rKaHyPar,std1_Jac3.mtx.hgr,no,no,8,64,0.03,0.0290698,76.2088,cut,58031,10436,no
rKaHyPar,std1_Jac3.mtx.hgr,no,no,9,64,0.03,0.0290698,75.1663,cut,56817,10173,no
rKaHyPar,std1_Jac3.mtx.hgr,no,no,0,8,0.03,0.0298399,67.4786,cut,8458,7058,no
rKaHyPar,std1_Jac3.mtx.hgr,no,no,1,8,0.03,0.0298399,38.0993,cut,8778,6972,no
rKaHyPar,std1_Jac3.mtx.hgr,no,no,2,8,0.03,0.0298399,39.2801,cut,8144,7197,no
rKaHyPar,std1_Jac3.mtx.hgr,no,no,3,8,0.03,0.0298399,65.9883,cut,8942,7069,no
rKaHyPar,std1_Jac3.mtx.hgr,no,no,4,8,0.03,0.0298399,70.0109,cut,8450,7158,no
rKaHyPar,std1_Jac3.mtx.hgr,no,no,5,8,0.03,0.029476,67.2733,cut,8288,6869,no
rKaHyPar,std1_Jac3.mtx.hgr,no,no,6,8,0.03,0.0298399,40.1996,cut,8505,7333,no
rKaHyPar,std1_Jac3.mtx.hgr,no,no,7,8,0.03,0.0298399,38.2756,cut,8511,6976,no
rKaHyPar,std1_Jac3.mtx.hgr,no,no,8,8,0.03,0.0298399,68.1955,cut,8275,7270,no
rKaHyPar,std1_Jac3.mtx.hgr,no,no,9,8,0.03,0.0298399,39.9517,cut,8692,7261,no
rKaHyPar,StocF-1465.mtx.hgr,no,no,0,128,0.03,0.0299642,1229.44,cut,321440,268900,no
rKaHyPar,StocF-1465.mtx.hgr,no,no,1,128,0.03,0.0299642,892.046,cut,324890,271689,no
rKaHyPar,StocF-1465.mtx.hgr,no,no,2,128,0.03,0.0299642,950.426,cut,321543,269643,no
rKaHyPar,StocF-1465.mtx.hgr,no,no,3,128,0.03,0.0299642,932.338,cut,321983,270695,no
rKaHyPar,StocF-1465.mtx.hgr,no,no,4,128,0.03,0.0299642,1159.89,cut,324290,272058,no
rKaHyPar,StocF-1465.mtx.hgr,no,no,5,128,0.03,0.0299642,1081.85,cut,322943,272102,no
rKaHyPar,StocF-1465.mtx.hgr,no,no,6,128,0.03,0.0299642,938.506,cut,325239,273003,no
rKaHyPar,StocF-1465.mtx.hgr,no,no,7,128,0.03,0.0299642,956.374,cut,321296,269827,no
rKaHyPar,StocF-1465.mtx.hgr,no,no,8,128,0.03,0.0299642,944.069,cut,322886,272721,no
rKaHyPar,StocF-1465.mtx.hgr,no,no,9,128,0.03,0.0299642,1163.28,cut,321813,271380,no
rKaHyPar,StocF-1465.mtx.hgr,no,no,0,16,0.03,0.0298563,3682.99,cut,92735,88487,no
rKaHyPar,StocF-1465.mtx.hgr,no,no,1,16,0.03,0.0299983,3566.23,cut,91731,87785,no
rKaHyPar,StocF-1465.mtx.hgr,no,no,2,16,0.03,0.0299983,4688.26,cut,94027,89847,no
rKaHyPar,StocF-1465.mtx.hgr,no,no,3,16,0.03,0.0299873,3023.2,cut,92185,88513,no
rKaHyPar,StocF-1465.mtx.hgr,no,no,4,16,0.03,0.0299983,2791.83,cut,92165,87959,no
rKaHyPar,StocF-1465.mtx.hgr,no,no,5,16,0.03,0.0299983,4615.04,cut,93384,89676,no
rKaHyPar,StocF-1465.mtx.hgr,no,no,6,16,0.03,0.0299983,3330.69,cut,92890,89322,no
rKaHyPar,StocF-1465.mtx.hgr,no,no,7,16,0.03,0.0299983,1675.12,cut,92306,88632,no
rKaHyPar,StocF-1465.mtx.hgr,no,no,8,16,0.03,0.0299983,2982.68,cut,92114,87822,no
rKaHyPar,StocF-1465.mtx.hgr,no,no,9,16,0.03,0.0299983,2850.83,cut,93802,89177,no
rKaHyPar,StocF-1465.mtx.hgr,no,no,0,2,0.03,0.0090285,189.008,cut,4595,4595,no
rKaHyPar,StocF-1465.mtx.hgr,no,no,1,2,0.03,0.00454838,141.276,cut,4595,4595,no
rKaHyPar,StocF-1465.mtx.hgr,no,no,2,2,0.03,0.00983935,138.558,cut,4595,4595,no
rKaHyPar,StocF-1465.mtx.hgr,no,no,3,2,0.03,0.00614686,138.97,cut,4595,4595,no
rKaHyPar,StocF-1465.mtx.hgr,no,no,4,2,0.03,0.0141393,137.3,cut,4595,4595,no
rKaHyPar,StocF-1465.mtx.hgr,no,no,5,2,0.03,0.00423987,141.128,cut,4595,4595,no
rKaHyPar,StocF-1465.mtx.hgr,no,no,6,2,0.03,0.00967554,143.611,cut,4595,4595,no
rKaHyPar,StocF-1465.mtx.hgr,no,no,7,2,0.03,0.00058015,197.414,cut,4595,4595,no
rKaHyPar,StocF-1465.mtx.hgr,no,no,8,2,0.03,0.00257177,187.166,cut,4595,4595,no
rKaHyPar,StocF-1465.mtx.hgr,no,no,9,2,0.03,0.00969465,137.699,cut,4595,4595,no
rKaHyPar,StocF-1465.mtx.hgr,no,no,0,32,0.03,0.0298563,1363.49,cut,152977,139850,no
rKaHyPar,StocF-1465.mtx.hgr,no,no,1,32,0.03,0.0299873,1858.59,cut,153434,140643,no
rKaHyPar,StocF-1465.mtx.hgr,no,no,2,32,0.03,0.0299873,1382.54,cut,153422,139452,no
rKaHyPar,StocF-1465.mtx.hgr,no,no,3,32,0.03,0.0299655,1571.45,cut,151026,138784,no
rKaHyPar,StocF-1465.mtx.hgr,no,no,4,32,0.03,0.0299,1900.59,cut,153294,140227,no
rKaHyPar,StocF-1465.mtx.hgr,no,no,5,32,0.03,0.0299873,2359.24,cut,150307,138658,no
rKaHyPar,StocF-1465.mtx.hgr,no,no,6,32,0.03,0.0299873,2305.58,cut,152719,139700,no
rKaHyPar,StocF-1465.mtx.hgr,no,no,9,32,0.03,0.0299873,2020.45,cut,151911,139131,no
rKaHyPar,StocF-1465.mtx.hgr,no,no,0,4,0.03,0.0283714,348.967,cut,9955,9615,no
rKaHyPar,StocF-1465.mtx.hgr,no,no,1,4,0.03,0.00776718,258.344,cut,9961,9615,no
rKaHyPar,StocF-1465.mtx.hgr,no,no,2,4,0.03,0.0172325,271.633,cut,9955,9615,no
rKaHyPar,StocF-1465.mtx.hgr,no,no,3,4,0.03,0.0289283,334.652,cut,9955,9615,no
rKaHyPar,StocF-1465.mtx.hgr,no,no,4,4,0.03,0.0280082,264.671,cut,9955,9615,no
rKaHyPar,StocF-1465.mtx.hgr,no,no,5,4,0.03,0.0155589,263.508,cut,9963,9615,no
rKaHyPar,StocF-1465.mtx.hgr,no,no,6,4,0.03,0.0299767,287.71,cut,9990,9639,no
rKaHyPar,StocF-1465.mtx.hgr,no,no,7,4,0.03,0.0176065,354.593,cut,9955,9615,no
rKaHyPar,StocF-1465.mtx.hgr,no,no,8,4,0.03,0.0107594,343.967,cut,9961,9615,no
rKaHyPar,StocF-1465.mtx.hgr,no,no,9,4,0.03,0.0289884,342.238,cut,9955,9615,no
rKaHyPar,StocF-1465.mtx.hgr,no,no,0,64,0.03,0.0299655,1025.67,cut,221890,195526,no
rKaHyPar,StocF-1465.mtx.hgr,no,no,1,64,0.03,0.0299655,990.877,cut,221524,195430,no
rKaHyPar,StocF-1465.mtx.hgr,no,no,2,64,0.03,0.0299655,1039.55,cut,223421,195440,no
rKaHyPar,StocF-1465.mtx.hgr,no,no,3,64,0.03,0.0299655,1100.02,cut,221956,194381,no
rKaHyPar,StocF-1465.mtx.hgr,no,no,5,64,0.03,0.0299655,1185.95,cut,225042,197313,no
rKaHyPar,StocF-1465.mtx.hgr,no,no,6,64,0.03,0.0299655,1100.66,cut,222716,195655,no
rKaHyPar,StocF-1465.mtx.hgr,no,no,7,64,0.03,0.0299655,1164.59,cut,220951,194817,no
rKaHyPar,StocF-1465.mtx.hgr,no,no,8,64,0.03,0.0299655,1007.91,cut,223435,195181,no
rKaHyPar,StocF-1465.mtx.hgr,no,no,9,64,0.03,0.0299655,1351.62,cut,223655,196148,no
rKaHyPar,StocF-1465.mtx.hgr,no,no,0,8,0.03,0.029982,8626.14,cut,44168,43814,no
rKaHyPar,StocF-1465.mtx.hgr,no,no,1,8,0.03,0.0299984,1795.58,cut,44416,44064,no
rKaHyPar,StocF-1465.mtx.hgr,no,no,2,8,0.03,0.0299984,1677.03,cut,44771,44223,no
rKaHyPar,StocF-1465.mtx.hgr,no,no,3,8,0.03,0.0299711,3041.4,cut,44339,43997,no
rKaHyPar,StocF-1465.mtx.hgr,no,no,4,8,0.03,0.0299984,2300.11,cut,44497,44158,no
rKaHyPar,StocF-1465.mtx.hgr,no,no,5,8,0.03,0.029993,2204.01,cut,44904,44406,no
rKaHyPar,StocF-1465.mtx.hgr,no,no,6,8,0.03,0.0299602,1846.94,cut,44078,43739,no
rKaHyPar,StocF-1465.mtx.hgr,no,no,7,8,0.03,0.0299984,1765.87,cut,44259,43921,no
rKaHyPar,StocF-1465.mtx.hgr,no,no,8,8,0.03,0.029993,1818.88,cut,44228,43885,no
rKaHyPar,StocF-1465.mtx.hgr,no,no,9,8,0.03,0.0299984,1921.67,cut,44284,43944,no
rKaHyPar,stokes128.mtx.hgr,no,no,0,128,0.03,0.0257069,23.5912,cut,23574,13322,no
rKaHyPar,stokes128.mtx.hgr,no,no,1,128,0.03,0.0282776,17.0606,cut,23513,13314,no
rKaHyPar,stokes128.mtx.hgr,no,no,2,128,0.03,0.0282776,16.8197,cut,23812,13325,no
rKaHyPar,stokes128.mtx.hgr,no,no,3,128,0.03,0.0282776,16.9333,cut,23024,13337,no
rKaHyPar,stokes128.mtx.hgr,no,no,4,128,0.03,0.0282776,23.3344,cut,23437,13327,no
rKaHyPar,stokes128.mtx.hgr,no,no,5,128,0.03,0.0282776,23.2194,cut,23481,13341,no
rKaHyPar,stokes128.mtx.hgr,no,no,6,128,0.03,0.0282776,16.9792,cut,24072,13325,no
rKaHyPar,stokes128.mtx.hgr,no,no,7,128,0.03,0.0282776,17.0453,cut,23368,13297,no
rKaHyPar,stokes128.mtx.hgr,no,no,8,128,0.03,0.0282776,23.466,cut,23202,13308,no
rKaHyPar,stokes128.mtx.hgr,no,no,9,128,0.03,0.0282776,23.584,cut,23365,13341,no
rKaHyPar,stokes128.mtx.hgr,no,no,0,16,0.03,0.0190016,6.05533,cut,5734,3788,no
rKaHyPar,stokes128.mtx.hgr,no,no,1,16,0.03,0.0196457,8.16672,cut,5864,3788,no
rKaHyPar,stokes128.mtx.hgr,no,no,2,16,0.03,0.0119163,6.15537,cut,5887,3791,no
rKaHyPar,stokes128.mtx.hgr,no,no,3,16,0.03,0.010628,8.18669,cut,5726,3786,no
rKaHyPar,stokes128.mtx.hgr,no,no,4,16,0.03,0.0109501,6.16298,cut,6142,3788,no
rKaHyPar,stokes128.mtx.hgr,no,no,5,16,0.03,0.0112721,8.57017,cut,5732,3788,no
rKaHyPar,stokes128.mtx.hgr,no,no,6,16,0.03,0.010628,8.41598,cut,5574,3786,no
rKaHyPar,stokes128.mtx.hgr,no,no,7,16,0.03,0.0206119,6.04989,cut,6007,3793,no
rKaHyPar,stokes128.mtx.hgr,no,no,8,16,0.03,0.0112721,6.12443,cut,6250,3788,no
rKaHyPar,stokes128.mtx.hgr,no,no,9,16,0.03,0.0164251,5.97389,cut,5466,3788,no
rKaHyPar,stokes128.mtx.hgr,no,no,0,2,0.03,0.0051947,4.05402,cut,644,644,no
rKaHyPar,stokes128.mtx.hgr,no,no,1,2,0.03,0.0051947,2.62564,cut,644,644,no
rKaHyPar,stokes128.mtx.hgr,no,no,2,2,0.03,0.0051947,2.67474,cut,644,644,no
rKaHyPar,stokes128.mtx.hgr,no,no,3,2,0.03,0.0051947,2.50292,cut,644,644,no
rKaHyPar,stokes128.mtx.hgr,no,no,4,2,0.03,0.0051947,3.91212,cut,644,644,no
rKaHyPar,stokes128.mtx.hgr,no,no,5,2,0.03,0.0051947,3.07444,cut,644,644,no
rKaHyPar,stokes128.mtx.hgr,no,no,6,2,0.03,0.0051947,3.36492,cut,644,644,no
rKaHyPar,stokes128.mtx.hgr,no,no,7,2,0.03,0.0051947,4.07602,cut,644,644,no
rKaHyPar,stokes128.mtx.hgr,no,no,8,2,0.03,0.0051947,5.10039,cut,644,644,no
rKaHyPar,stokes128.mtx.hgr,no,no,9,2,0.03,0.0051947,2.66961,cut,644,644,no
rKaHyPar,stokes128.mtx.hgr,no,no,0,32,0.03,0.0231809,8.55432,cut,10071,6262,no
rKaHyPar,stokes128.mtx.hgr,no,no,1,32,0.03,0.0296201,8.52612,cut,9913,6226,no
rKaHyPar,stokes128.mtx.hgr,no,no,2,32,0.03,0.0276883,8.53549,cut,9152,6247,no
rKaHyPar,stokes128.mtx.hgr,no,no,3,32,0.03,0.0289762,8.49619,cut,9834,6239,no
rKaHyPar,stokes128.mtx.hgr,no,no,4,32,0.03,0.0283323,8.54699,cut,9975,6250,no
rKaHyPar,stokes128.mtx.hgr,no,no,5,32,0.03,0.0244688,11.9346,cut,10011,6242,no
rKaHyPar,stokes128.mtx.hgr,no,no,6,32,0.03,0.0238249,11.8664,cut,10137,6269,no
rKaHyPar,stokes128.mtx.hgr,no,no,9,32,0.03,0.0199614,11.8533,cut,9501,6233,no
rKaHyPar,stokes128.mtx.hgr,no,no,0,4,0.03,0.010389,5.91608,cut,1553,1279,no
rKaHyPar,stokes128.mtx.hgr,no,no,1,4,0.03,0.010389,3.89617,cut,1553,1279,no
rKaHyPar,stokes128.mtx.hgr,no,no,2,4,0.03,0.010389,3.96577,cut,1553,1279,no
rKaHyPar,stokes128.mtx.hgr,no,no,3,4,0.03,0.010389,5.29776,cut,1553,1279,no
rKaHyPar,stokes128.mtx.hgr,no,no,4,4,0.03,0.010389,3.83096,cut,1553,1279,no
rKaHyPar,stokes128.mtx.hgr,no,no,5,4,0.03,0.010389,5.06311,cut,1553,1279,no
rKaHyPar,stokes128.mtx.hgr,no,no,6,4,0.03,0.010389,3.9336,cut,1553,1279,no
rKaHyPar,stokes128.mtx.hgr,no,no,7,4,0.03,0.010389,5.14983,cut,1553,1279,no
rKaHyPar,stokes128.mtx.hgr,no,no,8,4,0.03,0.010389,5.52197,cut,1553,1279,no
rKaHyPar,stokes128.mtx.hgr,no,no,9,4,0.03,0.010389,5.1127,cut,1553,1279,no
rKaHyPar,stokes128.mtx.hgr,no,no,0,64,0.03,0.029601,12.1614,cut,15211,8643,no
rKaHyPar,stokes128.mtx.hgr,no,no,1,64,0.03,0.029601,12.0753,cut,14714,8628,no
rKaHyPar,stokes128.mtx.hgr,no,no,2,64,0.03,0.029601,12.0688,cut,14173,8653,no
rKaHyPar,stokes128.mtx.hgr,no,no,3,64,0.03,0.024453,12.1942,cut,15020,8618,no
rKaHyPar,stokes128.mtx.hgr,no,no,5,64,0.03,0.029601,12.2347,cut,15082,8648,no
rKaHyPar,stokes128.mtx.hgr,no,no,6,64,0.03,0.029601,12.2711,cut,14808,8630,no
rKaHyPar,stokes128.mtx.hgr,no,no,7,64,0.03,0.028314,16.9514,cut,14948,8638,no
rKaHyPar,stokes128.mtx.hgr,no,no,8,64,0.03,0.024453,16.7608,cut,14317,8643,no
rKaHyPar,stokes128.mtx.hgr,no,no,9,64,0.03,0.02574,16.8736,cut,15189,8627,no
rKaHyPar,stokes128.mtx.hgr,no,no,0,8,0.03,0.0207763,6.92645,cut,3130,2544,no
rKaHyPar,stokes128.mtx.hgr,no,no,1,8,0.03,0.0207763,4.89858,cut,3110,2544,no
rKaHyPar,stokes128.mtx.hgr,no,no,2,8,0.03,0.0207763,5.15601,cut,3255,2549,no
rKaHyPar,stokes128.mtx.hgr,no,no,3,8,0.03,0.0207763,6.40493,cut,3244,2554,no
rKaHyPar,stokes128.mtx.hgr,no,no,4,8,0.03,0.0207763,6.55527,cut,3284,2554,no
rKaHyPar,stokes128.mtx.hgr,no,no,5,8,0.03,0.0207763,5.02932,cut,3358,2544,no
rKaHyPar,stokes128.mtx.hgr,no,no,6,8,0.03,0.0207763,5.11748,cut,3658,2544,no
rKaHyPar,stokes128.mtx.hgr,no,no,7,8,0.03,0.0207763,5.02087,cut,3487,2549,no
rKaHyPar,stokes128.mtx.hgr,no,no,8,8,0.03,0.0207763,4.94817,cut,3122,2544,no
rKaHyPar,stokes128.mtx.hgr,no,no,9,8,0.03,0.0207763,4.60987,cut,3248,2554,no
rKaHyPar,ted_A.mtx.hgr,no,no,0,128,0.03,0.0120482,1.33882,cut,21093,5269,no
rKaHyPar,ted_A.mtx.hgr,no,no,1,128,0.03,0.0120482,1.31494,cut,20955,5269,no
rKaHyPar,ted_A.mtx.hgr,no,no,2,128,0.03,0.0120482,1.2467,cut,21627,5277,no
rKaHyPar,ted_A.mtx.hgr,no,no,3,128,0.03,0.0120482,1.23857,cut,20863,5251,no
rKaHyPar,ted_A.mtx.hgr,no,no,4,128,0.03,0.0120482,1.9939,cut,20773,5235,no
rKaHyPar,ted_A.mtx.hgr,no,no,5,128,0.03,0.0120482,1.85093,cut,20813,5253,no
rKaHyPar,ted_A.mtx.hgr,no,no,6,128,0.03,0.0120482,1.27127,cut,21311,5265,no
rKaHyPar,ted_A.mtx.hgr,no,no,7,128,0.03,0.0120482,1.24296,cut,20823,5251,no
rKaHyPar,ted_A.mtx.hgr,no,no,8,128,0.03,0.0120482,1.30733,cut,21075,5277,no
rKaHyPar,ted_A.mtx.hgr,no,no,9,128,0.03,0.0120482,1.25009,cut,20976,5235,no
rKaHyPar,ted_A.mtx.hgr,no,no,0,16,0.03,0.00452489,0.717674,cut,2400,1260,no
rKaHyPar,ted_A.mtx.hgr,no,no,1,16,0.03,0.00603318,1.15223,cut,1912,1260,no
rKaHyPar,ted_A.mtx.hgr,no,no,2,16,0.03,0.00452489,0.762534,cut,2256,1260,no
rKaHyPar,ted_A.mtx.hgr,no,no,3,16,0.03,0.00452489,0.725643,cut,2192,1260,no
rKaHyPar,ted_A.mtx.hgr,no,no,4,16,0.03,0.00452489,0.71902,cut,2340,1260,no
rKaHyPar,ted_A.mtx.hgr,no,no,5,16,0.03,0.00452489,1.06122,cut,2208,1260,no
rKaHyPar,ted_A.mtx.hgr,no,no,6,16,0.03,0.0120664,0.750947,cut,2413,1293,no
rKaHyPar,ted_A.mtx.hgr,no,no,7,16,0.03,0.0105581,0.724873,cut,2104,1260,no
rKaHyPar,ted_A.mtx.hgr,no,no,8,16,0.03,0.00452489,0.725708,cut,2308,1260,no
rKaHyPar,ted_A.mtx.hgr,no,no,9,16,0.03,0.00452489,0.722003,cut,2200,1260,no
rKaHyPar,ted_A.mtx.hgr,no,no,0,2,0.03,0,0.214525,cut,84,84,no
rKaHyPar,ted_A.mtx.hgr,no,no,1,2,0.03,0,0.143897,cut,84,84,no
rKaHyPar,ted_A.mtx.hgr,no,no,2,2,0.03,0,0.139095,cut,84,84,no
rKaHyPar,ted_A.mtx.hgr,no,no,3,2,0.03,0.000188573,0.204911,cut,84,84,no
rKaHyPar,ted_A.mtx.hgr,no,no,4,2,0.03,0,0.139948,cut,84,84,no
rKaHyPar,ted_A.mtx.hgr,no,no,5,2,0.03,0,0.138819,cut,84,84,no
rKaHyPar,ted_A.mtx.hgr,no,no,6,2,0.03,0.000377145,0.145624,cut,84,84,no
rKaHyPar,ted_A.mtx.hgr,no,no,7,2,0.03,0,0.20277,cut,84,84,no
rKaHyPar,ted_A.mtx.hgr,no,no,8,2,0.03,0,0.204451,cut,84,84,no
rKaHyPar,ted_A.mtx.hgr,no,no,9,2,0.03,0.000377145,0.137948,cut,84,84,no
rKaHyPar,ted_A.mtx.hgr,no,no,0,32,0.03,0.00301205,0.950348,cut,5144,2664,no
rKaHyPar,ted_A.mtx.hgr,no,no,1,32,0.03,0.00301205,0.950868,cut,5200,2664,no
rKaHyPar,ted_A.mtx.hgr,no,no,2,32,0.03,0.00301205,1.50909,cut,5108,2664,no
rKaHyPar,ted_A.mtx.hgr,no,no,3,32,0.03,0.00301205,0.971589,cut,5594,2694,no
rKaHyPar,ted_A.mtx.hgr,no,no,4,32,0.03,0.00301205,0.999624,cut,5252,2676,no
rKaHyPar,ted_A.mtx.hgr,no,no,5,32,0.03,0.00301205,0.964529,cut,5296,2664,no
rKaHyPar,ted_A.mtx.hgr,no,no,6,32,0.03,0.00301205,1.40899,cut,5046,2664,no
rKaHyPar,ted_A.mtx.hgr,no,no,8,32,0.03,0.00301205,1.46432,cut,4988,2664,no
rKaHyPar,ted_A.mtx.hgr,no,no,9,32,0.03,0.00301205,1.48057,cut,5276,2664,no
rKaHyPar,ted_A.mtx.hgr,no,no,0,4,0.03,0.00301659,0.434449,cut,336,252,no
rKaHyPar,ted_A.mtx.hgr,no,no,1,4,0.03,0.00301659,0.291808,cut,336,252,no
rKaHyPar,ted_A.mtx.hgr,no,no,2,4,0.03,0.00377074,0.424668,cut,352,252,no
rKaHyPar,ted_A.mtx.hgr,no,no,3,4,0.03,0.00301659,0.40764,cut,324,252,no
rKaHyPar,ted_A.mtx.hgr,no,no,4,4,0.03,0.00377074,0.301781,cut,420,252,no
rKaHyPar,ted_A.mtx.hgr,no,no,5,4,0.03,0.00301659,0.296861,cut,336,252,no
rKaHyPar,ted_A.mtx.hgr,no,no,6,4,0.03,0.00301659,0.292988,cut,280,252,no
rKaHyPar,ted_A.mtx.hgr,no,no,7,4,0.03,0.00527903,0.417022,cut,300,252,no
rKaHyPar,ted_A.mtx.hgr,no,no,8,4,0.03,0.00301659,0.405085,cut,420,252,no
rKaHyPar,ted_A.mtx.hgr,no,no,9,4,0.03,0.00301659,0.414436,cut,280,252,no
rKaHyPar,ted_A.mtx.hgr,no,no,0,64,0.03,0.0060241,1.13988,cut,10735,4109,no
rKaHyPar,ted_A.mtx.hgr,no,no,1,64,0.03,0.0120482,1.82062,cut,10425,4054,no
rKaHyPar,ted_A.mtx.hgr,no,no,2,64,0.03,0.0060241,1.20792,cut,10433,4061,no
rKaHyPar,ted_A.mtx.hgr,no,no,3,64,0.03,0.0060241,1.12839,cut,10500,4061,no
rKaHyPar,ted_A.mtx.hgr,no,no,5,64,0.03,0.0060241,1.13249,cut,10486,4067,no
rKaHyPar,ted_A.mtx.hgr,no,no,6,64,0.03,0.0060241,1.17811,cut,10272,4097,no
rKaHyPar,ted_A.mtx.hgr,no,no,7,64,0.03,0.0120482,1.12972,cut,10397,4065,no
rKaHyPar,ted_A.mtx.hgr,no,no,8,64,0.03,0.0120482,1.12321,cut,10939,4067,no
rKaHyPar,ted_A.mtx.hgr,no,no,9,64,0.03,0.0060241,1.77463,cut,10344,4061,no
rKaHyPar,ted_A.mtx.hgr,no,no,0,8,0.03,0.00527903,0.737486,cut,984,588,no
rKaHyPar,ted_A.mtx.hgr,no,no,1,8,0.03,0.00527903,0.743706,cut,928,588,no
rKaHyPar,ted_A.mtx.hgr,no,no,2,8,0.03,0.0241327,0.48028,cut,993,609,no
rKaHyPar,ted_A.mtx.hgr,no,no,3,8,0.03,0.0143288,0.724612,cut,964,588,no
rKaHyPar,ted_A.mtx.hgr,no,no,4,8,0.03,0.00377074,0.484793,cut,756,588,no
rKaHyPar,ted_A.mtx.hgr,no,no,5,8,0.03,0.00678733,0.494045,cut,964,588,no
rKaHyPar,ted_A.mtx.hgr,no,no,6,8,0.03,0.0241327,0.513415,cut,813,609,no
rKaHyPar,ted_A.mtx.hgr,no,no,7,8,0.03,0.00377074,0.735227,cut,1052,588,no
rKaHyPar,ted_A.mtx.hgr,no,no,8,8,0.03,0.00377074,0.508186,cut,932,588,no
rKaHyPar,ted_A.mtx.hgr,no,no,9,8,0.03,0.020362,0.519358,cut,816,600,no
rKaHyPar,TF16.mtx.hgr,no,no,0,128,0.03,0.0264901,9.61908,cut,107863,13234,no
rKaHyPar,TF16.mtx.hgr,no,no,1,128,0.03,0.0264901,9.43467,cut,116267,13607,no
rKaHyPar,TF16.mtx.hgr,no,no,2,128,0.03,0.0198675,9.57271,cut,117250,13765,no
rKaHyPar,TF16.mtx.hgr,no,no,3,128,0.03,0.0264901,9.46208,cut,112268,13505,no
rKaHyPar,TF16.mtx.hgr,no,no,4,128,0.03,0.0264901,12.9054,cut,110191,13389,no
rKaHyPar,TF16.mtx.hgr,no,no,5,128,0.03,0.0264901,13.3264,cut,111672,13464,no
rKaHyPar,TF16.mtx.hgr,no,no,6,128,0.03,0.0264901,9.92633,cut,111316,13440,no
rKaHyPar,TF16.mtx.hgr,no,no,7,128,0.03,0.0264901,9.334,cut,116410,13665,no
rKaHyPar,TF16.mtx.hgr,no,no,8,128,0.03,0.0264901,13.4602,cut,112150,13462,no
rKaHyPar,TF16.mtx.hgr,no,no,9,128,0.03,0.0264901,9.3612,cut,108964,13303,no
rKaHyPar,TF16.mtx.hgr,no,no,0,16,0.03,0.0273179,7.35095,cut,45875,12027,no
rKaHyPar,TF16.mtx.hgr,no,no,1,16,0.03,0.0298013,10.2627,cut,45458,11853,no
rKaHyPar,TF16.mtx.hgr,no,no,2,16,0.03,0.0298013,7.48235,cut,47757,12059,no
rKaHyPar,TF16.mtx.hgr,no,no,3,16,0.03,0.0289735,7.53896,cut,46798,11965,no
rKaHyPar,TF16.mtx.hgr,no,no,4,16,0.03,0.0298013,7.39781,cut,45098,11912,no
rKaHyPar,TF16.mtx.hgr,no,no,5,16,0.03,0.0298013,10.4949,cut,45612,11582,no
rKaHyPar,TF16.mtx.hgr,no,no,6,16,0.03,0.0298013,7.68424,cut,44286,11621,no
rKaHyPar,TF16.mtx.hgr,no,no,7,16,0.03,0.0289735,7.3507,cut,47048,11949,no
rKaHyPar,TF16.mtx.hgr,no,no,8,16,0.03,0.0264901,7.53589,cut,45640,12105,no
rKaHyPar,TF16.mtx.hgr,no,no,9,16,0.03,0.0273179,10.2318,cut,45683,11888,no
rKaHyPar,TF16.mtx.hgr,no,no,0,2,0.03,0.0204948,6.77371,cut,4651,4651,no
rKaHyPar,TF16.mtx.hgr,no,no,1,2,0.03,0.0289825,4.09418,cut,4714,4714,no
rKaHyPar,TF16.mtx.hgr,no,no,2,2,0.03,0.0287755,4.16494,cut,4712,4712,no
rKaHyPar,TF16.mtx.hgr,no,no,3,2,0.03,0.0299141,5.60217,cut,4705,4705,no
rKaHyPar,TF16.mtx.hgr,no,no,4,2,0.03,0.0287755,5.36715,cut,4703,4703,no
rKaHyPar,TF16.mtx.hgr,no,no,5,2,0.03,0.0299141,4.08152,cut,4702,4702,no
rKaHyPar,TF16.mtx.hgr,no,no,6,2,0.03,0.0299141,5.6968,cut,4731,4731,no
rKaHyPar,TF16.mtx.hgr,no,no,7,2,0.03,0.0299141,6.13973,cut,4709,4709,no
rKaHyPar,TF16.mtx.hgr,no,no,8,2,0.03,0.0299141,5.77249,cut,4717,4717,no
rKaHyPar,TF16.mtx.hgr,no,no,9,2,0.03,0.017286,3.93466,cut,4703,4703,no
rKaHyPar,TF16.mtx.hgr,no,no,0,32,0.03,0.0281457,8.04672,cut,66803,12233,no
rKaHyPar,TF16.mtx.hgr,no,no,1,32,0.03,0.0281457,7.82775,cut,68519,12728,no
rKaHyPar,TF16.mtx.hgr,no,no,2,32,0.03,0.0264901,10.9868,cut,65994,12324,no
rKaHyPar,TF16.mtx.hgr,no,no,3,32,0.03,0.0298013,7.8441,cut,66787,12517,no
rKaHyPar,TF16.mtx.hgr,no,no,4,32,0.03,0.0231788,7.61959,cut,65793,12389,no
rKaHyPar,TF16.mtx.hgr,no,no,5,32,0.03,0.0281457,7.72591,cut,67839,12608,no
rKaHyPar,TF16.mtx.hgr,no,no,6,32,0.03,0.0298013,11.1188,cut,69410,12881,no
rKaHyPar,TF16.mtx.hgr,no,no,8,32,0.03,0.0298013,11.0466,cut,67127,12458,no
rKaHyPar,TF16.mtx.hgr,no,no,9,32,0.03,0.0298013,10.8428,cut,66884,12442,no
rKaHyPar,TF16.mtx.hgr,no,no,0,4,0.03,0.0298075,8.37651,cut,13417,8611,no
rKaHyPar,TF16.mtx.hgr,no,no,1,4,0.03,0.0296005,7.09748,cut,13778,8767,no
rKaHyPar,TF16.mtx.hgr,no,no,2,4,0.03,0.0298075,10.7856,cut,14023,9152,no
rKaHyPar,TF16.mtx.hgr,no,no,3,4,0.03,0.0298075,10.1322,cut,14146,8822,no
rKaHyPar,TF16.mtx.hgr,no,no,4,4,0.03,0.0296005,7.48954,cut,13966,8924,no
rKaHyPar,TF16.mtx.hgr,no,no,5,4,0.03,0.0269095,9.3279,cut,13369,8671,no
rKaHyPar,TF16.mtx.hgr,no,no,6,4,0.03,0.0289795,7.53802,cut,13218,8622,no
rKaHyPar,TF16.mtx.hgr,no,no,7,4,0.03,0.0202857,8.88547,cut,13013,8581,no
rKaHyPar,TF16.mtx.hgr,no,no,8,4,0.03,0.0298075,9.74106,cut,13752,8812,no
rKaHyPar,TF16.mtx.hgr,no,no,9,4,0.03,0.0291865,8.59989,cut,14131,8956,no
rKaHyPar,TF16.mtx.hgr,no,no,0,64,0.03,0.0298013,8.48665,cut,90047,12904,no
rKaHyPar,TF16.mtx.hgr,no,no,1,64,0.03,0.0298013,11.8772,cut,88210,13031,no
rKaHyPar,TF16.mtx.hgr,no,no,2,64,0.03,0.0298013,8.66367,cut,85609,12877,no
rKaHyPar,TF16.mtx.hgr,no,no,3,64,0.03,0.0298013,8.71795,cut,93104,13381,no
rKaHyPar,TF16.mtx.hgr,no,no,5,64,0.03,0.0264901,8.9676,cut,88989,13006,no
rKaHyPar,TF16.mtx.hgr,no,no,6,64,0.03,0.0298013,8.76246,cut,92254,13073,no
rKaHyPar,TF16.mtx.hgr,no,no,7,64,0.03,0.0264901,11.8404,cut,89092,13117,no
rKaHyPar,TF16.mtx.hgr,no,no,8,64,0.03,0.0298013,11.5814,cut,90272,13109,no
rKaHyPar,TF16.mtx.hgr,no,no,9,64,0.03,0.0298013,11.9059,cut,89966,12975,no
rKaHyPar,TF16.mtx.hgr,no,no,0,8,0.03,0.0298013,9.56406,cut,26627,10262,no
rKaHyPar,TF16.mtx.hgr,no,no,1,8,0.03,0.0298013,9.76554,cut,27303,10644,no
rKaHyPar,TF16.mtx.hgr,no,no,2,8,0.03,0.0298013,7.23537,cut,27286,10738,no
rKaHyPar,TF16.mtx.hgr,no,no,3,8,0.03,0.0298013,9.64268,cut,28127,10941,no
rKaHyPar,TF16.mtx.hgr,no,no,4,8,0.03,0.0298013,7.12236,cut,27161,10964,no
rKaHyPar,TF16.mtx.hgr,no,no,5,8,0.03,0.0298013,7.26405,cut,27077,10711,no
rKaHyPar,TF16.mtx.hgr,no,no,6,8,0.03,0.0285596,7.10715,cut,28639,10915,no
rKaHyPar,TF16.mtx.hgr,no,no,7,8,0.03,0.0289735,9.44127,cut,27756,10920,no
rKaHyPar,TF16.mtx.hgr,no,no,8,8,0.03,0.0289735,7.00894,cut,28047,10923,no
rKaHyPar,TF16.mtx.hgr,no,no,9,8,0.03,0.0293874,6.62464,cut,26630,10585,no
rKaHyPar,thermal1.mtx.hgr,no,no,0,128,0.03,0.0294118,15.2871,cut,11455,10717,no
rKaHyPar,thermal1.mtx.hgr,no,no,1,128,0.03,0.0294118,15.2601,cut,11456,10726,no
rKaHyPar,thermal1.mtx.hgr,no,no,2,128,0.03,0.0278638,15.1553,cut,11461,10704,no
rKaHyPar,thermal1.mtx.hgr,no,no,3,128,0.03,0.0294118,15.4625,cut,11418,10669,no
rKaHyPar,thermal1.mtx.hgr,no,no,4,128,0.03,0.0294118,20.8033,cut,11414,10665,no
rKaHyPar,thermal1.mtx.hgr,no,no,5,128,0.03,0.0294118,15.293,cut,11426,10691,no
rKaHyPar,thermal1.mtx.hgr,no,no,6,128,0.03,0.0278638,15.2227,cut,11401,10702,no
rKaHyPar,thermal1.mtx.hgr,no,no,7,128,0.03,0.0294118,15.4183,cut,11408,10633,no
rKaHyPar,thermal1.mtx.hgr,no,no,8,128,0.03,0.0294118,15.2293,cut,11390,10651,no
rKaHyPar,thermal1.mtx.hgr,no,no,9,128,0.03,0.0263158,15.1887,cut,11416,10706,no
rKaHyPar,thermal1.mtx.hgr,no,no,0,16,0.03,0.0282617,6.87528,cut,2893,2844,no
rKaHyPar,thermal1.mtx.hgr,no,no,1,16,0.03,0.0288424,9.48962,cut,2886,2837,no
rKaHyPar,thermal1.mtx.hgr,no,no,2,16,0.03,0.0274874,9.22676,cut,2885,2837,no
rKaHyPar,thermal1.mtx.hgr,no,no,3,16,0.03,0.0274874,6.41408,cut,2878,2830,no
rKaHyPar,thermal1.mtx.hgr,no,no,4,16,0.03,0.0274874,6.8434,cut,2883,2839,no
rKaHyPar,thermal1.mtx.hgr,no,no,5,16,0.03,0.0282617,6.73424,cut,2876,2828,no
rKaHyPar,thermal1.mtx.hgr,no,no,6,16,0.03,0.0274874,6.76124,cut,2881,2832,no
rKaHyPar,thermal1.mtx.hgr,no,no,7,16,0.03,0.0282617,6.70241,cut,2887,2839,no
rKaHyPar,thermal1.mtx.hgr,no,no,8,16,0.03,0.0284553,6.82276,cut,2890,2841,no
rKaHyPar,thermal1.mtx.hgr,no,no,9,16,0.03,0.0288424,6.98017,cut,2888,2838,no
rKaHyPar,thermal1.mtx.hgr,no,no,0,2,0.03,0.00111307,5.30502,cut,239,239,no
rKaHyPar,thermal1.mtx.hgr,no,no,1,2,0.03,0.00111307,4.02456,cut,239,239,no
rKaHyPar,thermal1.mtx.hgr,no,no,2,2,0.03,0.00711399,4.35189,cut,239,239,no
rKaHyPar,thermal1.mtx.hgr,no,no,3,2,0.03,0.00111307,5.13443,cut,239,239,no
rKaHyPar,thermal1.mtx.hgr,no,no,4,2,0.03,0.00711399,3.95359,cut,239,239,no
rKaHyPar,thermal1.mtx.hgr,no,no,5,2,0.03,0.00711399,4.29773,cut,239,239,no
rKaHyPar,thermal1.mtx.hgr,no,no,6,2,0.03,0.00111307,4.73479,cut,239,239,no
rKaHyPar,thermal1.mtx.hgr,no,no,7,2,0.03,0.00111307,5.86538,cut,239,239,no
rKaHyPar,thermal1.mtx.hgr,no,no,8,2,0.03,0.00111307,5.85586,cut,239,239,no
rKaHyPar,thermal1.mtx.hgr,no,no,9,2,0.03,0.00711399,4.04289,cut,239,239,no
rKaHyPar,thermal1.mtx.hgr,no,no,0,32,0.03,0.0298103,8.15169,cut,4851,4734,no
rKaHyPar,thermal1.mtx.hgr,no,no,1,32,0.03,0.0282617,11.3899,cut,4871,4761,no
rKaHyPar,thermal1.mtx.hgr,no,no,2,32,0.03,0.0267131,10.8323,cut,4863,4760,no
rKaHyPar,thermal1.mtx.hgr,no,no,3,32,0.03,0.0228417,8.24772,cut,4836,4725,no
rKaHyPar,thermal1.mtx.hgr,no,no,4,32,0.03,0.0259388,10.8263,cut,4857,4754,no
rKaHyPar,thermal1.mtx.hgr,no,no,5,32,0.03,0.0294232,8.14888,cut,4875,4766,no
rKaHyPar,thermal1.mtx.hgr,no,no,6,32,0.03,0.0282617,11.1889,cut,4843,4733,no
rKaHyPar,thermal1.mtx.hgr,no,no,7,32,0.03,0.0267131,8.20451,cut,4842,4719,no
rKaHyPar,thermal1.mtx.hgr,no,no,8,32,0.03,0.029036,11.1696,cut,4835,4711,no
rKaHyPar,thermal1.mtx.hgr,no,no,9,32,0.03,0.0294232,11.5815,cut,4846,4736,no
rKaHyPar,thermal1.mtx.hgr,no,no,0,4,0.03,0.02018,7.67327,cut,720,720,no
rKaHyPar,thermal1.mtx.hgr,no,no,1,4,0.03,0.0250194,7.11632,cut,721,721,no
rKaHyPar,thermal1.mtx.hgr,no,no,2,4,0.03,0.0250678,7.29167,cut,721,721,no
rKaHyPar,thermal1.mtx.hgr,no,no,3,4,0.03,0.0250194,7.17498,cut,721,721,no
rKaHyPar,thermal1.mtx.hgr,no,no,4,4,0.03,0.0105497,5.03354,cut,722,722,no
rKaHyPar,thermal1.mtx.hgr,no,no,5,4,0.03,0.0250678,5.05863,cut,721,721,no
rKaHyPar,thermal1.mtx.hgr,no,no,6,4,0.03,0.0259388,5.74898,cut,722,722,no
rKaHyPar,thermal1.mtx.hgr,no,no,7,4,0.03,0.0250194,5.3948,cut,721,721,no
rKaHyPar,thermal1.mtx.hgr,no,no,8,4,0.03,0.0250194,7.56491,cut,721,721,no
rKaHyPar,thermal1.mtx.hgr,no,no,9,4,0.03,0.0250194,7.24288,cut,721,721,no
rKaHyPar,thermal1.mtx.hgr,no,no,0,64,0.03,0.0263158,14.5137,cut,7331,7021,no
rKaHyPar,thermal1.mtx.hgr,no,no,1,64,0.03,0.0286378,14.6506,cut,7385,7060,no
rKaHyPar,thermal1.mtx.hgr,no,no,2,64,0.03,0.0286378,10.5322,cut,7364,7046,no
rKaHyPar,thermal1.mtx.hgr,no,no,3,64,0.03,0.0286378,14.3119,cut,7386,7062,no
rKaHyPar,thermal1.mtx.hgr,no,no,5,64,0.03,0.0278638,10.5704,cut,7397,7079,no
rKaHyPar,thermal1.mtx.hgr,no,no,6,64,0.03,0.0286378,10.7119,cut,7402,7073,no
rKaHyPar,thermal1.mtx.hgr,no,no,7,64,0.03,0.0286378,10.7282,cut,7379,7060,no
rKaHyPar,thermal1.mtx.hgr,no,no,8,64,0.03,0.0263158,10.6751,cut,7365,7045,no
rKaHyPar,thermal1.mtx.hgr,no,no,9,64,0.03,0.0294118,14.6013,cut,7404,7075,no
rKaHyPar,thermal1.mtx.hgr,no,no,0,8,0.03,0.0129694,7.8543,cut,1694,1694,no
rKaHyPar,thermal1.mtx.hgr,no,no,1,8,0.03,0.0212931,8.08193,cut,1697,1692,no
rKaHyPar,thermal1.mtx.hgr,no,no,2,8,0.03,0.0256485,5.92613,cut,1695,1690,no
rKaHyPar,thermal1.mtx.hgr,no,no,3,8,0.03,0.0256485,7.78823,cut,1690,1690,no
rKaHyPar,thermal1.mtx.hgr,no,no,4,8,0.03,0.0199381,5.80325,cut,1689,1689,no
rKaHyPar,thermal1.mtx.hgr,no,no,5,8,0.03,0.0229384,6.22227,cut,1695,1695,no
rKaHyPar,thermal1.mtx.hgr,no,no,6,8,0.03,0.014518,8.00155,cut,1701,1696,no
rKaHyPar,thermal1.mtx.hgr,no,no,7,8,0.03,0.0278746,7.97981,cut,1694,1689,no
rKaHyPar,thermal1.mtx.hgr,no,no,8,8,0.03,0.0256485,5.96521,cut,1690,1690,no
rKaHyPar,thermal1.mtx.hgr,no,no,9,8,0.03,0.0139373,6.08346,cut,1690,1690,no
rKaHyPar,thermomech_TC.mtx.hgr,no,no,0,128,0.03,0.028786,18.1036,cut,12532,11759,no
rKaHyPar,thermomech_TC.mtx.hgr,no,no,1,128,0.03,0.028786,18.1908,cut,12588,11824,no
rKaHyPar,thermomech_TC.mtx.hgr,no,no,2,128,0.03,0.028786,18.169,cut,12541,11819,no
rKaHyPar,thermomech_TC.mtx.hgr,no,no,3,128,0.03,0.028786,18.2237,cut,12561,11742,no
rKaHyPar,thermomech_TC.mtx.hgr,no,no,4,128,0.03,0.028786,24.6573,cut,12505,11728,no
rKaHyPar,thermomech_TC.mtx.hgr,no,no,5,128,0.03,0.028786,18.3005,cut,12522,11750,no
rKaHyPar,thermomech_TC.mtx.hgr,no,no,6,128,0.03,0.028786,18.0433,cut,12449,11692,no
rKaHyPar,thermomech_TC.mtx.hgr,no,no,7,128,0.03,0.028786,18.3557,cut,12461,11698,no
rKaHyPar,thermomech_TC.mtx.hgr,no,no,8,128,0.03,0.028786,24.8232,cut,12537,11800,no
rKaHyPar,thermomech_TC.mtx.hgr,no,no,9,128,0.03,0.028786,18.0786,cut,12496,11746,no
rKaHyPar,thermomech_TC.mtx.hgr,no,no,0,16,0.03,0.0299139,10.5063,cut,3221,3180,no
rKaHyPar,thermomech_TC.mtx.hgr,no,no,1,16,0.03,0.0297572,13.5168,cut,3228,3187,no
rKaHyPar,thermomech_TC.mtx.hgr,no,no,2,16,0.03,0.0270948,13.7827,cut,3193,3152,no
rKaHyPar,thermomech_TC.mtx.hgr,no,no,3,16,0.03,0.0277212,10.3369,cut,3233,3192,no
rKaHyPar,thermomech_TC.mtx.hgr,no,no,4,16,0.03,0.0299139,10.238,cut,3194,3153,no
rKaHyPar,thermomech_TC.mtx.hgr,no,no,5,16,0.03,0.0289742,9.61231,cut,3254,3213,no
rKaHyPar,thermomech_TC.mtx.hgr,no,no,6,16,0.03,0.0280345,10.082,cut,3185,3144,no
rKaHyPar,thermomech_TC.mtx.hgr,no,no,7,16,0.03,0.0285043,10.3999,cut,3186,3150,no
rKaHyPar,thermomech_TC.mtx.hgr,no,no,8,16,0.03,0.0272514,9.98411,cut,3183,3137,no
rKaHyPar,thermomech_TC.mtx.hgr,no,no,9,16,0.03,0.027408,13.8974,cut,3187,3145,no
rKaHyPar,thermomech_TC.mtx.hgr,no,no,0,2,0.03,0.0279763,7.70672,cut,265,265,no
rKaHyPar,thermomech_TC.mtx.hgr,no,no,1,2,0.03,0.0279763,5.93069,cut,265,265,no
rKaHyPar,thermomech_TC.mtx.hgr,no,no,2,2,0.03,0.0279763,6.12224,cut,265,265,no
rKaHyPar,thermomech_TC.mtx.hgr,no,no,3,2,0.03,0.0279763,8.12892,cut,265,265,no
rKaHyPar,thermomech_TC.mtx.hgr,no,no,4,2,0.03,0.0279763,8.00781,cut,265,265,no
rKaHyPar,thermomech_TC.mtx.hgr,no,no,5,2,0.03,0.0279763,6.20052,cut,265,265,no
rKaHyPar,thermomech_TC.mtx.hgr,no,no,6,2,0.03,0.0279763,5.58728,cut,265,265,no
rKaHyPar,thermomech_TC.mtx.hgr,no,no,7,2,0.03,0.0279763,7.90343,cut,265,265,no
rKaHyPar,thermomech_TC.mtx.hgr,no,no,8,2,0.03,0.0279763,7.43853,cut,265,265,no
rKaHyPar,thermomech_TC.mtx.hgr,no,no,9,2,0.03,0.0279763,5.84916,cut,265,265,no
rKaHyPar,thermomech_TC.mtx.hgr,no,no,0,32,0.03,0.0291262,10.8978,cut,5332,5185,no
rKaHyPar,thermomech_TC.mtx.hgr,no,no,1,32,0.03,0.0291262,14.6187,cut,5330,5192,no
rKaHyPar,thermomech_TC.mtx.hgr,no,no,2,32,0.03,0.0294394,14.6546,cut,5247,5130,no
rKaHyPar,thermomech_TC.mtx.hgr,no,no,3,32,0.03,0.0284998,11.3001,cut,5285,5165,no
rKaHyPar,thermomech_TC.mtx.hgr,no,no,4,32,0.03,0.0284998,15.6134,cut,5300,5180,no
rKaHyPar,thermomech_TC.mtx.hgr,no,no,5,32,0.03,0.0272471,11.2025,cut,5266,5147,no
rKaHyPar,thermomech_TC.mtx.hgr,no,no,6,32,0.03,0.0297526,15.9754,cut,5325,5186,no
rKaHyPar,thermomech_TC.mtx.hgr,no,no,7,32,0.03,0.0294394,10.8355,cut,5261,5118,no
rKaHyPar,thermomech_TC.mtx.hgr,no,no,8,32,0.03,0.0294394,15.4086,cut,5322,5183,no
rKaHyPar,thermomech_TC.mtx.hgr,no,no,9,32,0.03,0.0294394,14.8737,cut,5313,5166,no
rKaHyPar,thermomech_TC.mtx.hgr,no,no,0,4,0.03,0.0198121,14.4126,cut,840,840,no
rKaHyPar,thermomech_TC.mtx.hgr,no,no,1,4,0.03,0.0292091,14.0304,cut,831,831,no
rKaHyPar,thermomech_TC.mtx.hgr,no,no,2,4,0.03,0.0294049,14.9768,cut,832,832,no
rKaHyPar,thermomech_TC.mtx.hgr,no,no,3,4,0.03,0.00567737,13.5119,cut,846,846,no
rKaHyPar,thermomech_TC.mtx.hgr,no,no,4,4,0.03,0.0284652,10.3987,cut,834,834,no
rKaHyPar,thermomech_TC.mtx.hgr,no,no,5,4,0.03,0.0297964,13.7033,cut,832,832,no
rKaHyPar,thermomech_TC.mtx.hgr,no,no,6,4,0.03,0.0198121,11.1558,cut,840,840,no
rKaHyPar,thermomech_TC.mtx.hgr,no,no,7,4,0.03,0.0245889,9.2383,cut,835,835,no
rKaHyPar,thermomech_TC.mtx.hgr,no,no,8,4,0.03,0.0292091,13.9505,cut,831,831,no
rKaHyPar,thermomech_TC.mtx.hgr,no,no,9,4,0.03,0.027408,13.3481,cut,833,833,no
rKaHyPar,thermomech_TC.mtx.hgr,no,no,0,64,0.03,0.0275517,18.2806,cut,8201,7872,no
rKaHyPar,thermomech_TC.mtx.hgr,no,no,1,64,0.03,0.0281778,18.2936,cut,8236,7887,no
rKaHyPar,thermomech_TC.mtx.hgr,no,no,2,64,0.03,0.0275517,13.4932,cut,8250,7922,no
rKaHyPar,thermomech_TC.mtx.hgr,no,no,3,64,0.03,0.0294302,18.0104,cut,8249,7944,no
rKaHyPar,thermomech_TC.mtx.hgr,no,no,5,64,0.03,0.0294302,13.5372,cut,8274,7932,no
rKaHyPar,thermomech_TC.mtx.hgr,no,no,6,64,0.03,0.0294302,13.5935,cut,8235,7927,no
rKaHyPar,thermomech_TC.mtx.hgr,no,no,7,64,0.03,0.0269255,18.1412,cut,8167,7868,no
rKaHyPar,thermomech_TC.mtx.hgr,no,no,8,64,0.03,0.0294302,18.3283,cut,8194,7906,no
rKaHyPar,thermomech_TC.mtx.hgr,no,no,9,64,0.03,0.0281778,18.7962,cut,8268,7915,no
rKaHyPar,thermomech_TC.mtx.hgr,no,no,0,8,0.03,0.0292874,11.9938,cut,1824,1815,no
rKaHyPar,thermomech_TC.mtx.hgr,no,no,1,8,0.03,0.0296789,10.9752,cut,1830,1816,no
rKaHyPar,thermomech_TC.mtx.hgr,no,no,2,8,0.03,0.0299922,8.92481,cut,1836,1822,no
rKaHyPar,thermomech_TC.mtx.hgr,no,no,3,8,0.03,0.0280345,11.6289,cut,1834,1825,no
rKaHyPar,thermomech_TC.mtx.hgr,no,no,4,8,0.03,0.0297572,8.60495,cut,1831,1822,no
rKaHyPar,thermomech_TC.mtx.hgr,no,no,5,8,0.03,0.0295223,8.83118,cut,1833,1825,no
rKaHyPar,thermomech_TC.mtx.hgr,no,no,6,8,0.03,0.0296006,11.0073,cut,1824,1810,no
rKaHyPar,thermomech_TC.mtx.hgr,no,no,7,8,0.03,0.0297572,11.9643,cut,1826,1823,no
rKaHyPar,thermomech_TC.mtx.hgr,no,no,8,8,0.03,0.0296006,8.51568,cut,1831,1817,no
rKaHyPar,thermomech_TC.mtx.hgr,no,no,9,8,0.03,0.0297572,8.96242,cut,1825,1816,no
rKaHyPar,tmt_unsym.mtx.hgr,no,no,0,128,0.03,0.0276112,192.315,cut,29466,29022,no
rKaHyPar,tmt_unsym.mtx.hgr,no,no,1,128,0.03,0.0276112,192.628,cut,29459,29015,no
rKaHyPar,tmt_unsym.mtx.hgr,no,no,2,128,0.03,0.0276112,194.866,cut,29442,28998,no
rKaHyPar,tmt_unsym.mtx.hgr,no,no,3,128,0.03,0.0220332,197.332,cut,29436,28992,no
rKaHyPar,tmt_unsym.mtx.hgr,no,no,4,128,0.03,0.02538,196.985,cut,29446,29002,no
rKaHyPar,tmt_unsym.mtx.hgr,no,no,5,128,0.03,0.0294241,194.951,cut,29446,29004,no
rKaHyPar,tmt_unsym.mtx.hgr,no,no,6,128,0.03,0.02538,196.142,cut,29469,29027,no
rKaHyPar,tmt_unsym.mtx.hgr,no,no,7,128,0.03,0.0276112,196.177,cut,29448,29006,no
rKaHyPar,tmt_unsym.mtx.hgr,no,no,8,128,0.03,0.02538,193.092,cut,29444,29000,no
rKaHyPar,tmt_unsym.mtx.hgr,no,no,9,128,0.03,0.0223121,197.003,cut,29440,28996,no
rKaHyPar,tmt_unsym.mtx.hgr,no,no,0,16,0.03,0.0274732,196.622,cut,8725,8689,no
rKaHyPar,tmt_unsym.mtx.hgr,no,no,1,16,0.03,0.0274732,257.051,cut,8727,8691,no
rKaHyPar,tmt_unsym.mtx.hgr,no,no,2,16,0.03,0.0274732,252.664,cut,8726,8690,no
rKaHyPar,tmt_unsym.mtx.hgr,no,no,3,16,0.03,0.0274732,192.808,cut,8725,8689,no
rKaHyPar,tmt_unsym.mtx.hgr,no,no,4,16,0.03,0.0274732,191.199,cut,8726,8690,no
rKaHyPar,tmt_unsym.mtx.hgr,no,no,5,16,0.03,0.0274732,195.404,cut,8726,8690,no
rKaHyPar,tmt_unsym.mtx.hgr,no,no,6,16,0.03,0.0274732,190.575,cut,8725,8689,no
rKaHyPar,tmt_unsym.mtx.hgr,no,no,7,16,0.03,0.0274732,267.312,cut,8725,8689,no
rKaHyPar,tmt_unsym.mtx.hgr,no,no,8,16,0.03,0.0274732,189.535,cut,8726,8690,no
rKaHyPar,tmt_unsym.mtx.hgr,no,no,9,16,0.03,0.0274732,190.423,cut,8727,8691,no
rKaHyPar,tmt_unsym.mtx.hgr,no,no,0,2,0.03,0.000832402,217.824,cut,1529,1529,no
rKaHyPar,tmt_unsym.mtx.hgr,no,no,1,2,0.03,0.000832402,150.396,cut,1529,1529,no
rKaHyPar,tmt_unsym.mtx.hgr,no,no,2,2,0.03,0.000832402,145.397,cut,1529,1529,no
rKaHyPar,tmt_unsym.mtx.hgr,no,no,3,2,0.03,0.000832402,220.828,cut,1529,1529,no
rKaHyPar,tmt_unsym.mtx.hgr,no,no,4,2,0.03,0.000832402,141.403,cut,1529,1529,no
rKaHyPar,tmt_unsym.mtx.hgr,no,no,5,2,0.03,0.000832402,179.64,cut,1529,1529,no
rKaHyPar,tmt_unsym.mtx.hgr,no,no,6,2,0.03,0.000832402,162.655,cut,1529,1529,no
rKaHyPar,tmt_unsym.mtx.hgr,no,no,7,2,0.03,0.000832402,202.123,cut,1529,1529,no
rKaHyPar,tmt_unsym.mtx.hgr,no,no,8,2,0.03,0.000832402,204.313,cut,1529,1529,no
rKaHyPar,tmt_unsym.mtx.hgr,no,no,9,2,0.03,0.000832402,159.486,cut,1529,1529,no
rKaHyPar,tmt_unsym.mtx.hgr,no,no,0,32,0.03,0.0175365,282.488,cut,13610,13518,no
rKaHyPar,tmt_unsym.mtx.hgr,no,no,1,32,0.03,0.0277516,282.472,cut,13630,13538,no
rKaHyPar,tmt_unsym.mtx.hgr,no,no,2,32,0.03,0.0175365,279.824,cut,13611,13519,no
rKaHyPar,tmt_unsym.mtx.hgr,no,no,3,32,0.03,0.0277516,207.079,cut,13629,13537,no
rKaHyPar,tmt_unsym.mtx.hgr,no,no,4,32,0.03,0.0277516,283.391,cut,13630,13538,no
rKaHyPar,tmt_unsym.mtx.hgr,no,no,5,32,0.03,0.0175365,207.704,cut,13611,13519,no
rKaHyPar,tmt_unsym.mtx.hgr,no,no,6,32,0.03,0.0175365,211.851,cut,13610,13518,no
rKaHyPar,tmt_unsym.mtx.hgr,no,no,7,32,0.03,0.0277516,211.477,cut,13650,13558,no
rKaHyPar,tmt_unsym.mtx.hgr,no,no,8,32,0.03,0.0175365,284.099,cut,13610,13518,no
rKaHyPar,tmt_unsym.mtx.hgr,no,no,9,32,0.03,0.0175365,209.096,cut,13609,13517,no
rKaHyPar,tmt_unsym.mtx.hgr,no,no,0,4,0.03,0.0016648,220.863,cut,3060,3056,no
rKaHyPar,tmt_unsym.mtx.hgr,no,no,1,4,0.03,0.0016648,229.087,cut,3060,3056,no
rKaHyPar,tmt_unsym.mtx.hgr,no,no,2,4,0.03,0.0016648,231.64,cut,3060,3056,no
rKaHyPar,tmt_unsym.mtx.hgr,no,no,3,4,0.03,0.0016648,222.014,cut,3060,3056,no
rKaHyPar,tmt_unsym.mtx.hgr,no,no,4,4,0.03,0.0016648,170.934,cut,3060,3056,no
rKaHyPar,tmt_unsym.mtx.hgr,no,no,5,4,0.03,0.0016648,180.472,cut,3060,3056,no
rKaHyPar,tmt_unsym.mtx.hgr,no,no,6,4,0.03,0.0016648,237.192,cut,3060,3056,no
rKaHyPar,tmt_unsym.mtx.hgr,no,no,7,4,0.03,0.0016648,166.612,cut,3060,3056,no
rKaHyPar,tmt_unsym.mtx.hgr,no,no,8,4,0.03,0.0016648,236.135,cut,3060,3056,no
rKaHyPar,tmt_unsym.mtx.hgr,no,no,9,4,0.03,0.0016648,163.308,cut,3060,3056,no
rKaHyPar,tmt_unsym.mtx.hgr,no,no,0,64,0.03,0.0290057,266.717,cut,19929,19733,no
rKaHyPar,tmt_unsym.mtx.hgr,no,no,1,64,0.03,0.0290057,265.302,cut,19931,19735,no
rKaHyPar,tmt_unsym.mtx.hgr,no,no,2,64,0.03,0.0290754,264.709,cut,19930,19734,no
rKaHyPar,tmt_unsym.mtx.hgr,no,no,3,64,0.03,0.0290057,268.556,cut,19929,19733,no
rKaHyPar,tmt_unsym.mtx.hgr,no,no,5,64,0.03,0.0290057,197.29,cut,19931,19735,no
rKaHyPar,tmt_unsym.mtx.hgr,no,no,6,64,0.03,0.0283085,199.668,cut,19929,19733,no
rKaHyPar,tmt_unsym.mtx.hgr,no,no,7,64,0.03,0.0299819,197.208,cut,19927,19731,no
rKaHyPar,tmt_unsym.mtx.hgr,no,no,8,64,0.03,0.0290754,197.552,cut,19930,19734,no
rKaHyPar,tmt_unsym.mtx.hgr,no,no,9,64,0.03,0.0290057,262.976,cut,19937,19741,no
rKaHyPar,tmt_unsym.mtx.hgr,no,no,0,8,0.03,0.028807,259.881,cut,5844,5832,no
rKaHyPar,tmt_unsym.mtx.hgr,no,no,1,8,0.03,0.028807,268.121,cut,5844,5832,no
rKaHyPar,tmt_unsym.mtx.hgr,no,no,2,8,0.03,0.028807,265.295,cut,5844,5832,no
rKaHyPar,tmt_unsym.mtx.hgr,no,no,3,8,0.03,0.028807,263.741,cut,5844,5832,no
rKaHyPar,tmt_unsym.mtx.hgr,no,no,4,8,0.03,0.028807,197.467,cut,5844,5832,no
rKaHyPar,tmt_unsym.mtx.hgr,no,no,5,8,0.03,0.028807,265.132,cut,5844,5832,no
rKaHyPar,tmt_unsym.mtx.hgr,no,no,6,8,0.03,0.028807,262.79,cut,5844,5832,no
rKaHyPar,tmt_unsym.mtx.hgr,no,no,7,8,0.03,0.028807,270.503,cut,5844,5832,no
rKaHyPar,tmt_unsym.mtx.hgr,no,no,8,8,0.03,0.028807,258.679,cut,5844,5832,no
rKaHyPar,tmt_unsym.mtx.hgr,no,no,9,8,0.03,0.0285019,193.869,cut,5845,5833,no
rKaHyPar,tomographic1.mtx.hgr,no,no,0,128,0.03,0.027957,16.8968,cut,26654,13425,no
rKaHyPar,tomographic1.mtx.hgr,no,no,1,128,0.03,0.027957,17.3131,cut,26317,13441,no
rKaHyPar,tomographic1.mtx.hgr,no,no,2,128,0.03,0.027957,17.1561,cut,26399,13392,no
rKaHyPar,tomographic1.mtx.hgr,no,no,3,128,0.03,0.027957,17.1095,cut,26467,13377,no
rKaHyPar,tomographic1.mtx.hgr,no,no,4,128,0.03,0.027957,16.9345,cut,26102,13371,no
rKaHyPar,tomographic1.mtx.hgr,no,no,5,128,0.03,0.027957,16.9117,cut,27284,13323,no
rKaHyPar,tomographic1.mtx.hgr,no,no,6,128,0.03,0.027957,17.0187,cut,26003,13312,no
rKaHyPar,tomographic1.mtx.hgr,no,no,7,128,0.03,0.027957,16.9855,cut,27376,13448,no
rKaHyPar,tomographic1.mtx.hgr,no,no,8,128,0.03,0.027957,24.1195,cut,25935,13474,no
rKaHyPar,tomographic1.mtx.hgr,no,no,9,128,0.03,0.027957,17.1979,cut,25853,13388,no
rKaHyPar,tomographic1.mtx.hgr,no,no,0,16,0.03,0.0255445,9.52209,cut,11665,8573,no
rKaHyPar,tomographic1.mtx.hgr,no,no,1,16,0.03,0.0285023,13.6795,cut,11796,8486,no
rKaHyPar,tomographic1.mtx.hgr,no,no,2,16,0.03,0.0266201,13.7207,cut,11655,8489,no
rKaHyPar,tomographic1.mtx.hgr,no,no,3,16,0.03,0.0285023,9.67692,cut,11742,8455,no
rKaHyPar,tomographic1.mtx.hgr,no,no,4,16,0.03,0.0298467,9.34415,cut,11769,8434,no
rKaHyPar,tomographic1.mtx.hgr,no,no,5,16,0.03,0.0295778,9.68022,cut,11361,8396,no
rKaHyPar,tomographic1.mtx.hgr,no,no,6,16,0.03,0.0298467,9.57442,cut,11411,8274,no
rKaHyPar,tomographic1.mtx.hgr,no,no,7,16,0.03,0.0276956,12.894,cut,11423,8385,no
rKaHyPar,tomographic1.mtx.hgr,no,no,8,16,0.03,0.0233934,9.50522,cut,11410,8410,no
rKaHyPar,tomographic1.mtx.hgr,no,no,9,16,0.03,0.0298467,13.2851,cut,11591,8534,no
rKaHyPar,tomographic1.mtx.hgr,no,no,0,2,0.03,0.0134122,4.58422,cut,1836,1836,no
rKaHyPar,tomographic1.mtx.hgr,no,no,1,2,0.03,0.0231604,3.37344,cut,1837,1837,no
rKaHyPar,tomographic1.mtx.hgr,no,no,2,2,0.03,0.0235974,3.32376,cut,1840,1840,no
rKaHyPar,tomographic1.mtx.hgr,no,no,3,2,0.03,0.0299506,4.49612,cut,1829,1829,no
rKaHyPar,tomographic1.mtx.hgr,no,no,4,2,0.03,0.0134122,3.35369,cut,1836,1836,no
rKaHyPar,tomographic1.mtx.hgr,no,no,5,2,0.03,0.0271942,3.22533,cut,1837,1837,no
rKaHyPar,tomographic1.mtx.hgr,no,no,6,2,0.03,0.0134122,3.45376,cut,1836,1836,no
rKaHyPar,tomographic1.mtx.hgr,no,no,7,2,0.03,0.0264547,4.31904,cut,1848,1848,no
rKaHyPar,tomographic1.mtx.hgr,no,no,8,2,0.03,0.0191267,4.58552,cut,1835,1835,no
rKaHyPar,tomographic1.mtx.hgr,no,no,9,2,0.03,0.0134122,3.3666,cut,1836,1836,no
rKaHyPar,tomographic1.mtx.hgr,no,no,0,32,0.03,0.0295699,15.9519,cut,15925,10268,no
rKaHyPar,tomographic1.mtx.hgr,no,no,1,32,0.03,0.0295699,16.169,cut,15726,10215,no
rKaHyPar,tomographic1.mtx.hgr,no,no,2,32,0.03,0.0295699,16.1881,cut,15230,10094,no
rKaHyPar,tomographic1.mtx.hgr,no,no,3,32,0.03,0.0295699,11.4742,cut,15247,10091,no
rKaHyPar,tomographic1.mtx.hgr,no,no,4,32,0.03,0.0284946,15.8695,cut,15525,10235,no
rKaHyPar,tomographic1.mtx.hgr,no,no,5,32,0.03,0.0290323,11.583,cut,16246,10218,no
rKaHyPar,tomographic1.mtx.hgr,no,no,6,32,0.03,0.0284946,11.7479,cut,15028,10129,no
rKaHyPar,tomographic1.mtx.hgr,no,no,7,32,0.03,0.0295699,11.3913,cut,15607,10071,no
rKaHyPar,tomographic1.mtx.hgr,no,no,8,32,0.03,0.0295699,16.3229,cut,15849,10027,no
rKaHyPar,tomographic1.mtx.hgr,no,no,9,32,0.03,0.0290323,11.6026,cut,15701,10147,no
rKaHyPar,tomographic1.mtx.hgr,no,no,0,4,0.03,0.0138487,9.32714,cut,4617,4213,no
rKaHyPar,tomographic1.mtx.hgr,no,no,1,4,0.03,0.0260168,8.2661,cut,4743,4276,no
rKaHyPar,tomographic1.mtx.hgr,no,no,2,4,0.03,0.0299832,9.82146,cut,4464,4166,no
rKaHyPar,tomographic1.mtx.hgr,no,no,3,4,0.03,0.029916,9.26915,cut,4435,4167,no
rKaHyPar,tomographic1.mtx.hgr,no,no,4,4,0.03,0.0274958,7.16707,cut,4427,4153,no
rKaHyPar,tomographic1.mtx.hgr,no,no,5,4,0.03,0.0291092,10.3909,cut,4540,4211,no
rKaHyPar,tomographic1.mtx.hgr,no,no,6,4,0.03,0.0299832,10.3117,cut,4504,4222,no
rKaHyPar,tomographic1.mtx.hgr,no,no,7,4,0.03,0.0297815,7.54862,cut,4548,4237,no
rKaHyPar,tomographic1.mtx.hgr,no,no,8,4,0.03,0.0283025,9.40873,cut,4343,4170,no
rKaHyPar,tomographic1.mtx.hgr,no,no,9,4,0.03,0.0299832,6.51559,cut,4395,4168,no
rKaHyPar,tomographic1.mtx.hgr,no,no,0,64,0.03,0.0290323,19.4312,cut,20458,11723,no
rKaHyPar,tomographic1.mtx.hgr,no,no,1,64,0.03,0.0290323,19.4737,cut,19895,11550,no
rKaHyPar,tomographic1.mtx.hgr,no,no,2,64,0.03,0.027957,19.5137,cut,20356,11754,no
rKaHyPar,tomographic1.mtx.hgr,no,no,3,64,0.03,0.0290323,19.0517,cut,20709,11741,no
rKaHyPar,tomographic1.mtx.hgr,no,no,5,64,0.03,0.0290323,13.9631,cut,20480,11762,no
rKaHyPar,tomographic1.mtx.hgr,no,no,6,64,0.03,0.0290323,13.9199,cut,20505,11765,no
rKaHyPar,tomographic1.mtx.hgr,no,no,7,64,0.03,0.0290323,19.0286,cut,20951,11708,no
rKaHyPar,tomographic1.mtx.hgr,no,no,8,64,0.03,0.0290323,19.3144,cut,20510,11609,no
rKaHyPar,tomographic1.mtx.hgr,no,no,9,64,0.03,0.0290323,19.314,cut,20751,11766,no
rKaHyPar,tomographic1.mtx.hgr,no,no,0,8,0.03,0.0289056,10.5457,cut,7791,6385,no
rKaHyPar,tomographic1.mtx.hgr,no,no,1,8,0.03,0.029309,10.9291,cut,7956,6464,no
rKaHyPar,tomographic1.mtx.hgr,no,no,2,8,0.03,0.0268889,10.3789,cut,7616,6451,no
rKaHyPar,tomographic1.mtx.hgr,no,no,3,8,0.03,0.0178812,10.7108,cut,7773,6508,no
rKaHyPar,tomographic1.mtx.hgr,no,no,4,8,0.03,0.0197634,10.5067,cut,7784,6464,no
rKaHyPar,tomographic1.mtx.hgr,no,no,5,8,0.03,0.0271578,10.3207,cut,7944,6497,no
rKaHyPar,tomographic1.mtx.hgr,no,no,6,8,0.03,0.0290401,10.6974,cut,7905,6510,no
rKaHyPar,tomographic1.mtx.hgr,no,no,7,8,0.03,0.0251412,13.1889,cut,7889,6569,no
rKaHyPar,tomographic1.mtx.hgr,no,no,8,8,0.03,0.0271578,10.7174,cut,7818,6563,no
rKaHyPar,tomographic1.mtx.hgr,no,no,9,8,0.03,0.0289056,9.1795,cut,7593,6383,no
rKaHyPar,torso3.mtx.hgr,no,no,0,128,0.03,0.0296296,149.882,cut,95703,77266,no
rKaHyPar,torso3.mtx.hgr,no,no,1,128,0.03,0.0296296,104.986,cut,97522,77928,no
rKaHyPar,torso3.mtx.hgr,no,no,2,128,0.03,0.0296296,105.322,cut,96413,77241,no
rKaHyPar,torso3.mtx.hgr,no,no,3,128,0.03,0.0296296,106.638,cut,96229,77376,no
rKaHyPar,torso3.mtx.hgr,no,no,4,128,0.03,0.0296296,106.616,cut,96350,77495,no
rKaHyPar,torso3.mtx.hgr,no,no,5,128,0.03,0.0296296,107.221,cut,95905,77181,no
rKaHyPar,torso3.mtx.hgr,no,no,6,128,0.03,0.0296296,105.282,cut,95863,76986,no
rKaHyPar,torso3.mtx.hgr,no,no,7,128,0.03,0.0296296,108.895,cut,96741,77544,no
rKaHyPar,torso3.mtx.hgr,no,no,8,128,0.03,0.0296296,105.016,cut,97194,77828,no
rKaHyPar,torso3.mtx.hgr,no,no,9,128,0.03,0.0296296,103.073,cut,95852,76854,no
rKaHyPar,torso3.mtx.hgr,no,no,0,16,0.03,0.0267317,76.6777,cut,27973,26502,no
rKaHyPar,torso3.mtx.hgr,no,no,1,16,0.03,0.0281516,109.774,cut,28409,27139,no
rKaHyPar,torso3.mtx.hgr,no,no,2,16,0.03,0.0273491,92.6003,cut,27003,25839,no
rKaHyPar,torso3.mtx.hgr,no,no,3,16,0.03,0.0294481,82.0655,cut,28435,27059,no
rKaHyPar,torso3.mtx.hgr,no,no,4,16,0.03,0.029942,77.1111,cut,28562,27258,no
rKaHyPar,torso3.mtx.hgr,no,no,5,16,0.03,0.0216076,73.0273,cut,28972,27614,no
rKaHyPar,torso3.mtx.hgr,no,no,6,16,0.03,0.0195086,71.7133,cut,26944,25804,no
rKaHyPar,torso3.mtx.hgr,no,no,7,16,0.03,0.0238301,111.234,cut,27955,26733,no
rKaHyPar,torso3.mtx.hgr,no,no,8,16,0.03,0.027596,80.5412,cut,28537,26985,no
rKaHyPar,torso3.mtx.hgr,no,no,9,16,0.03,0.0280282,81.9047,cut,29172,27497,no
rKaHyPar,torso3.mtx.hgr,no,no,0,2,0.03,0.00199108,54.5213,cut,5760,5760,no
rKaHyPar,torso3.mtx.hgr,no,no,1,2,0.03,0.00147402,42.343,cut,5760,5760,no
rKaHyPar,torso3.mtx.hgr,no,no,2,2,0.03,0.0014663,36.9414,cut,5762,5762,no
rKaHyPar,torso3.mtx.hgr,no,no,3,2,0.03,0.00250814,47.3961,cut,5760,5760,no
rKaHyPar,torso3.mtx.hgr,no,no,4,2,0.03,0.000439889,44.2164,cut,5760,5760,no
rKaHyPar,torso3.mtx.hgr,no,no,5,2,0.03,0.00249271,41.3293,cut,5762,5762,no
rKaHyPar,torso3.mtx.hgr,no,no,6,2,0.03,0.00250814,37.3824,cut,5760,5760,no
rKaHyPar,torso3.mtx.hgr,no,no,7,2,0.03,0.000972387,50.9757,cut,5628,5628,no
rKaHyPar,torso3.mtx.hgr,no,no,8,2,0.03,0.00250814,54.6101,cut,5760,5760,no
rKaHyPar,torso3.mtx.hgr,no,no,9,2,0.03,0.000439889,58.8289,cut,5760,5760,no
rKaHyPar,torso3.mtx.hgr,no,no,0,32,0.03,0.0298802,114.534,cut,42577,39287,no
rKaHyPar,torso3.mtx.hgr,no,no,1,32,0.03,0.0281516,111.349,cut,43348,40004,no
rKaHyPar,torso3.mtx.hgr,no,no,2,32,0.03,0.0280282,124.428,cut,42497,39206,no
rKaHyPar,torso3.mtx.hgr,no,no,3,32,0.03,0.0298802,79.2988,cut,43213,39364,no
rKaHyPar,torso3.mtx.hgr,no,no,4,32,0.03,0.0293863,112.808,cut,43332,39296,no
rKaHyPar,torso3.mtx.hgr,no,no,5,32,0.03,0.0244475,86.1677,cut,44267,40613,no
rKaHyPar,torso3.mtx.hgr,no,no,6,32,0.03,0.0258057,83.1685,cut,43254,39616,no
rKaHyPar,torso3.mtx.hgr,no,no,7,32,0.03,0.0286455,80.4197,cut,43139,39354,no
rKaHyPar,torso3.mtx.hgr,no,no,8,32,0.03,0.0281516,119.307,cut,43796,40116,no
rKaHyPar,torso3.mtx.hgr,no,no,9,32,0.03,0.0298802,96.7789,cut,43903,40175,no
rKaHyPar,torso3.mtx.hgr,no,no,0,4,0.03,0.0296655,78.31,cut,10867,10823,no
rKaHyPar,torso3.mtx.hgr,no,no,1,4,0.03,0.0266866,110.821,cut,11488,11446,no
rKaHyPar,torso3.mtx.hgr,no,no,2,4,0.03,0.00296347,68.1681,cut,10446,10182,no
rKaHyPar,torso3.mtx.hgr,no,no,3,4,0.03,0.000987822,76.7881,cut,10050,10050,no
rKaHyPar,torso3.mtx.hgr,no,no,4,4,0.03,0.00605041,51.7409,cut,10050,10050,no
rKaHyPar,torso3.mtx.hgr,no,no,5,4,0.03,0.00291716,60.6061,cut,10050,10050,no
rKaHyPar,torso3.mtx.hgr,no,no,6,4,0.03,0.00401303,186.917,cut,11520,11520,no
rKaHyPar,torso3.mtx.hgr,no,no,7,4,0.03,0.000910648,52.0763,cut,10050,10050,no
rKaHyPar,torso3.mtx.hgr,no,no,8,4,0.03,0.000910648,74.769,cut,10050,10050,no
rKaHyPar,torso3.mtx.hgr,no,no,9,4,0.03,0.0281992,80.1015,cut,11048,11006,no
rKaHyPar,torso3.mtx.hgr,no,no,0,64,0.03,0.0298765,144.711,cut,65481,57215,no
rKaHyPar,torso3.mtx.hgr,no,no,1,64,0.03,0.0298765,101.166,cut,65980,57784,no
rKaHyPar,torso3.mtx.hgr,no,no,2,64,0.03,0.0298765,133.845,cut,65924,57450,no
rKaHyPar,torso3.mtx.hgr,no,no,3,64,0.03,0.0298765,133.831,cut,65602,56902,no
rKaHyPar,torso3.mtx.hgr,no,no,5,64,0.03,0.0296296,95.9442,cut,65430,56749,no
rKaHyPar,torso3.mtx.hgr,no,no,6,64,0.03,0.028642,95.5372,cut,65233,56832,no
rKaHyPar,torso3.mtx.hgr,no,no,7,64,0.03,0.0298765,100.302,cut,65462,56830,no
rKaHyPar,torso3.mtx.hgr,no,no,8,64,0.03,0.0296296,96.8681,cut,65595,57185,no
rKaHyPar,torso3.mtx.hgr,no,no,9,64,0.03,0.0298765,134.203,cut,66057,57055,no
rKaHyPar,torso3.mtx.hgr,no,no,0,8,0.03,0.0298194,97.0425,cut,17960,17342,no
rKaHyPar,torso3.mtx.hgr,no,no,1,8,0.03,0.0208365,87.927,cut,17564,17068,no
rKaHyPar,torso3.mtx.hgr,no,no,2,8,0.03,0.0187992,82.3546,cut,17029,16700,no
rKaHyPar,torso3.mtx.hgr,no,no,3,8,0.03,0.0256521,85.0448,cut,17150,16820,no
rKaHyPar,torso3.mtx.hgr,no,no,4,8,0.03,0.0208983,61.9754,cut,17563,17068,no
rKaHyPar,torso3.mtx.hgr,no,no,5,8,0.03,0.0167001,88.9366,cut,17564,17068,no
rKaHyPar,torso3.mtx.hgr,no,no,6,8,0.03,0.0189227,91.3216,cut,17564,17068,no
rKaHyPar,torso3.mtx.hgr,no,no,7,8,0.03,0.0272882,90.7591,cut,17655,17158,no
rKaHyPar,torso3.mtx.hgr,no,no,8,8,0.03,0.0294181,90.6031,cut,18065,17578,no
rKaHyPar,torso3.mtx.hgr,no,no,9,8,0.03,0.027319,77.456,cut,18312,17940,no
rKaHyPar,trans4.mtx.hgr,no,yes,0,128,0.03,1,28800,cut,2147483647,2147483647,no
rKaHyPar,trans4.mtx.hgr,no,yes,1,128,0.03,1,28800,cut,2147483647,2147483647,no
rKaHyPar,trans4.mtx.hgr,no,yes,2,128,0.03,1,28800,cut,2147483647,2147483647,no
rKaHyPar,trans4.mtx.hgr,no,yes,3,128,0.03,1,28800,cut,2147483647,2147483647,no
rKaHyPar,trans4.mtx.hgr,no,yes,4,128,0.03,1,28800,cut,2147483647,2147483647,no
rKaHyPar,trans4.mtx.hgr,no,yes,5,128,0.03,1,28800,cut,2147483647,2147483647,no
rKaHyPar,trans4.mtx.hgr,no,yes,6,128,0.03,1,28800,cut,2147483647,2147483647,no
rKaHyPar,trans4.mtx.hgr,no,yes,7,128,0.03,1,28800,cut,2147483647,2147483647,no
rKaHyPar,trans4.mtx.hgr,no,yes,8,128,0.03,1,28800,cut,2147483647,2147483647,no
rKaHyPar,trans4.mtx.hgr,no,yes,9,128,0.03,1,28800,cut,2147483647,2147483647,no
rKaHyPar,trans4.mtx.hgr,no,yes,0,16,0.03,1,28800,cut,2147483647,2147483647,no
rKaHyPar,trans4.mtx.hgr,no,yes,1,16,0.03,1,28800,cut,2147483647,2147483647,no
rKaHyPar,trans4.mtx.hgr,no,yes,2,16,0.03,1,28800,cut,2147483647,2147483647,no
rKaHyPar,trans4.mtx.hgr,no,yes,3,16,0.03,1,28800,cut,2147483647,2147483647,no
rKaHyPar,trans4.mtx.hgr,no,yes,4,16,0.03,1,28800,cut,2147483647,2147483647,no
rKaHyPar,trans4.mtx.hgr,no,yes,5,16,0.03,1,28800,cut,2147483647,2147483647,no
rKaHyPar,trans4.mtx.hgr,no,yes,6,16,0.03,1,28800,cut,2147483647,2147483647,no
rKaHyPar,trans4.mtx.hgr,no,yes,8,16,0.03,1,28800,cut,2147483647,2147483647,no
rKaHyPar,trans4.mtx.hgr,no,yes,9,16,0.03,1,28800,cut,2147483647,2147483647,no
rKaHyPar,trans4.mtx.hgr,no,yes,1,2,0.03,1,28800,cut,2147483647,2147483647,no
rKaHyPar,trans4.mtx.hgr,no,yes,2,2,0.03,1,28800,cut,2147483647,2147483647,no
rKaHyPar,trans4.mtx.hgr,no,yes,3,2,0.03,1,28800,cut,2147483647,2147483647,no
rKaHyPar,trans4.mtx.hgr,no,yes,4,2,0.03,1,28800,cut,2147483647,2147483647,no
rKaHyPar,trans4.mtx.hgr,no,yes,6,2,0.03,1,28800,cut,2147483647,2147483647,no
rKaHyPar,trans4.mtx.hgr,no,yes,7,2,0.03,1,28800,cut,2147483647,2147483647,no
rKaHyPar,trans4.mtx.hgr,no,yes,8,2,0.03,1,28800,cut,2147483647,2147483647,no
rKaHyPar,trans4.mtx.hgr,no,yes,9,2,0.03,1,28800,cut,2147483647,2147483647,no
rKaHyPar,trans4.mtx.hgr,no,yes,0,32,0.03,1,28800,cut,2147483647,2147483647,no
rKaHyPar,trans4.mtx.hgr,no,yes,1,32,0.03,1,28800,cut,2147483647,2147483647,no
rKaHyPar,trans4.mtx.hgr,no,yes,3,32,0.03,1,28800,cut,2147483647,2147483647,no
rKaHyPar,trans4.mtx.hgr,no,yes,4,32,0.03,1,28800,cut,2147483647,2147483647,no
rKaHyPar,trans4.mtx.hgr,no,yes,5,32,0.03,1,28800,cut,2147483647,2147483647,no
rKaHyPar,trans4.mtx.hgr,no,yes,6,32,0.03,1,28800,cut,2147483647,2147483647,no
rKaHyPar,trans4.mtx.hgr,no,yes,9,32,0.03,1,28800,cut,2147483647,2147483647,no
rKaHyPar,trans4.mtx.hgr,no,yes,0,4,0.03,1,28800,cut,2147483647,2147483647,no
rKaHyPar,trans4.mtx.hgr,no,yes,1,4,0.03,1,28800,cut,2147483647,2147483647,no
rKaHyPar,trans4.mtx.hgr,no,yes,2,4,0.03,1,28800,cut,2147483647,2147483647,no
rKaHyPar,trans4.mtx.hgr,no,yes,3,4,0.03,1,28800,cut,2147483647,2147483647,no
rKaHyPar,trans4.mtx.hgr,no,yes,5,4,0.03,1,28800,cut,2147483647,2147483647,no
rKaHyPar,trans4.mtx.hgr,no,yes,6,4,0.03,1,28800,cut,2147483647,2147483647,no
rKaHyPar,trans4.mtx.hgr,no,yes,7,4,0.03,1,28800,cut,2147483647,2147483647,no
rKaHyPar,trans4.mtx.hgr,no,yes,8,4,0.03,1,28800,cut,2147483647,2147483647,no
rKaHyPar,trans4.mtx.hgr,no,yes,9,4,0.03,1,28800,cut,2147483647,2147483647,no
rKaHyPar,trans4.mtx.hgr,no,yes,0,64,0.03,1,28800,cut,2147483647,2147483647,no
rKaHyPar,trans4.mtx.hgr,no,yes,3,64,0.03,1,28800,cut,2147483647,2147483647,no
rKaHyPar,trans4.mtx.hgr,no,yes,5,64,0.03,1,28800,cut,2147483647,2147483647,no
rKaHyPar,trans4.mtx.hgr,no,yes,6,64,0.03,1,28800,cut,2147483647,2147483647,no
rKaHyPar,trans4.mtx.hgr,no,yes,7,64,0.03,1,28800,cut,2147483647,2147483647,no
rKaHyPar,trans4.mtx.hgr,no,yes,8,64,0.03,1,28800,cut,2147483647,2147483647,no
rKaHyPar,trans4.mtx.hgr,no,yes,9,64,0.03,1,28800,cut,2147483647,2147483647,no
rKaHyPar,trans4.mtx.hgr,no,yes,2,8,0.03,1,28800,cut,2147483647,2147483647,no
rKaHyPar,trans4.mtx.hgr,no,yes,3,8,0.03,1,28800,cut,2147483647,2147483647,no
rKaHyPar,trans4.mtx.hgr,no,yes,4,8,0.03,1,28800,cut,2147483647,2147483647,no
rKaHyPar,trans4.mtx.hgr,no,yes,5,8,0.03,1,28800,cut,2147483647,2147483647,no
rKaHyPar,trans4.mtx.hgr,no,yes,6,8,0.03,1,28800,cut,2147483647,2147483647,no
rKaHyPar,trans4.mtx.hgr,no,yes,7,8,0.03,1,28800,cut,2147483647,2147483647,no
rKaHyPar,trans4.mtx.hgr,no,yes,8,8,0.03,1,28800,cut,2147483647,2147483647,no
rKaHyPar,trans4.mtx.hgr,no,yes,9,8,0.03,1,28800,cut,2147483647,2147483647,no
rKaHyPar,Trec14.mtx.hgr,no,no,0,128,0.03,0,167.466,cut,313624,3153,no
rKaHyPar,Trec14.mtx.hgr,no,no,1,128,0.03,0,100.798,cut,316678,3153,no
rKaHyPar,Trec14.mtx.hgr,no,no,2,128,0.03,0,101.552,cut,317778,3154,no
rKaHyPar,Trec14.mtx.hgr,no,no,3,128,0.03,0,100.622,cut,321604,3154,no
rKaHyPar,Trec14.mtx.hgr,no,no,4,128,0.03,0,102.733,cut,311003,3154,no
rKaHyPar,Trec14.mtx.hgr,no,no,5,128,0.03,0,103.194,cut,319884,3153,no
rKaHyPar,Trec14.mtx.hgr,no,no,6,128,0.03,0,99.0394,cut,317357,3153,no
rKaHyPar,Trec14.mtx.hgr,no,no,7,128,0.03,0.008,104.269,cut,318784,3153,no
rKaHyPar,Trec14.mtx.hgr,no,no,8,128,0.03,0,166.434,cut,318957,3153,no
rKaHyPar,Trec14.mtx.hgr,no,no,9,128,0.03,0,102.495,cut,318504,3153,no
rKaHyPar,Trec14.mtx.hgr,no,no,0,16,0.03,0.00904523,102.835,cut,38882,3116,no
rKaHyPar,Trec14.mtx.hgr,no,no,1,16,0.03,0.00703518,166.683,cut,39399,3116,no
rKaHyPar,Trec14.mtx.hgr,no,no,2,16,0.03,0.0150754,171.649,cut,38391,3116,no
rKaHyPar,Trec14.mtx.hgr,no,no,3,16,0.03,0.0170854,101.928,cut,39951,3115,no
rKaHyPar,Trec14.mtx.hgr,no,no,4,16,0.03,0.0160804,103.32,cut,38361,3118,no
rKaHyPar,Trec14.mtx.hgr,no,no,5,16,0.03,0.0251256,102.394,cut,39482,3116,no
rKaHyPar,Trec14.mtx.hgr,no,no,6,16,0.03,0.0040201,98.3906,cut,39662,3116,no
rKaHyPar,Trec14.mtx.hgr,no,no,8,16,0.03,0.00603015,168.57,cut,39189,3117,no
rKaHyPar,Trec14.mtx.hgr,no,no,9,16,0.03,0.00904523,99.402,cut,39972,3116,no
rKaHyPar,Trec14.mtx.hgr,no,no,1,2,0.03,0,86.1413,cut,2410,2410,no
rKaHyPar,Trec14.mtx.hgr,no,no,2,2,0.03,0,145.837,cut,2308,2308,no
rKaHyPar,Trec14.mtx.hgr,no,no,3,2,0.03,0,142.586,cut,2318,2318,no
rKaHyPar,Trec14.mtx.hgr,no,no,4,2,0.03,0,87.9461,cut,2317,2317,no
rKaHyPar,Trec14.mtx.hgr,no,no,5,2,0.03,0.0275368,86.9031,cut,2480,2480,no
rKaHyPar,Trec14.mtx.hgr,no,no,6,2,0.03,0,85.7977,cut,2331,2331,no
rKaHyPar,Trec14.mtx.hgr,no,no,7,2,0.03,0,147.678,cut,2305,2305,no
rKaHyPar,Trec14.mtx.hgr,no,no,8,2,0.03,0,144.094,cut,2299,2299,no
rKaHyPar,Trec14.mtx.hgr,no,no,9,2,0.03,0.0252735,145.739,cut,2518,2518,no
rKaHyPar,Trec14.mtx.hgr,no,no,0,32,0.03,0.0060241,169.855,cut,79474,3137,no
rKaHyPar,Trec14.mtx.hgr,no,no,1,32,0.03,0.0120482,170.141,cut,81251,3138,no
rKaHyPar,Trec14.mtx.hgr,no,no,3,32,0.03,0.00401606,101.744,cut,82452,3137,no
rKaHyPar,Trec14.mtx.hgr,no,no,4,32,0.03,0.00401606,102.611,cut,79383,3137,no
rKaHyPar,Trec14.mtx.hgr,no,no,5,32,0.03,0,102.83,cut,80793,3136,no
rKaHyPar,Trec14.mtx.hgr,no,no,6,32,0.03,0.00803213,98.2002,cut,81139,3136,no
rKaHyPar,Trec14.mtx.hgr,no,no,7,32,0.03,0.00200803,174.596,cut,80998,3137,no
rKaHyPar,Trec14.mtx.hgr,no,no,9,32,0.03,0.00401606,100.119,cut,80810,3137,no
rKaHyPar,Trec14.mtx.hgr,no,no,0,4,0.03,0.023133,165.665,cut,7873,2938,no
rKaHyPar,Trec14.mtx.hgr,no,no,1,4,0.03,0.025396,165.02,cut,7885,2945,no
rKaHyPar,Trec14.mtx.hgr,no,no,2,4,0.03,0.0226301,169.439,cut,7923,2990,no
rKaHyPar,Trec14.mtx.hgr,no,no,3,4,0.03,0.0284134,169.144,cut,7890,2977,no
rKaHyPar,Trec14.mtx.hgr,no,no,4,4,0.03,0.0248931,101.408,cut,7925,3012,no
rKaHyPar,Trec14.mtx.hgr,no,no,5,4,0.03,0.00553181,102.142,cut,7891,2951,no
rKaHyPar,Trec14.mtx.hgr,no,no,6,4,0.03,0.0284134,164.922,cut,7912,3005,no
rKaHyPar,Trec14.mtx.hgr,no,no,7,4,0.03,0.0221272,102.361,cut,7918,2953,no
rKaHyPar,Trec14.mtx.hgr,no,no,8,4,0.03,0.0264018,171.316,cut,7953,3001,no
rKaHyPar,Trec14.mtx.hgr,no,no,9,4,0.03,0.0294192,99.4457,cut,7918,2975,no
rKaHyPar,Trec14.mtx.hgr,no,no,0,64,0.03,0,167.037,cut,160014,3147,no
rKaHyPar,Trec14.mtx.hgr,no,no,3,64,0.03,0,102.914,cut,163929,3147,no
rKaHyPar,Trec14.mtx.hgr,no,no,5,64,0.03,0,102.55,cut,164106,3147,no
rKaHyPar,Trec14.mtx.hgr,no,no,6,64,0.03,0,175.437,cut,163326,3147,no
rKaHyPar,Trec14.mtx.hgr,no,no,7,64,0.03,0.00401606,105.803,cut,160867,3147,no
rKaHyPar,Trec14.mtx.hgr,no,no,8,64,0.03,0,99.4664,cut,161058,3148,no
rKaHyPar,Trec14.mtx.hgr,no,no,9,64,0.03,0,168.039,cut,161425,3147,no
rKaHyPar,Trec14.mtx.hgr,no,no,0,8,0.03,0.0175968,167.44,cut,17624,3067,no
rKaHyPar,Trec14.mtx.hgr,no,no,2,8,0.03,0.0276521,168.501,cut,17621,3080,no
rKaHyPar,Trec14.mtx.hgr,no,no,3,8,0.03,0.0135747,102.247,cut,18841,3092,no
rKaHyPar,Trec14.mtx.hgr,no,no,4,8,0.03,0.0186023,102.948,cut,17787,3080,no
rKaHyPar,Trec14.mtx.hgr,no,no,5,8,0.03,0.00804424,174.338,cut,18279,3087,no
rKaHyPar,Trec14.mtx.hgr,no,no,6,8,0.03,0.0180995,162.905,cut,18333,3079,no
rKaHyPar,Trec14.mtx.hgr,no,no,7,8,0.03,0.0175968,173.331,cut,18932,3078,no
rKaHyPar,Trec14.mtx.hgr,no,no,8,8,0.03,0.0145802,167.212,cut,18401,3080,no
rKaHyPar,Trec14.mtx.hgr,no,no,9,8,0.03,0.0165913,169.851,cut,18842,3082,no
rKaHyPar,Trefethen_20000.mtx.hgr,no,no,0,128,0.03,0.0254777,22.3069,cut,364566,19896,no
rKaHyPar,Trefethen_20000.mtx.hgr,no,no,1,128,0.03,0.0191083,15.8935,cut,367168,19887,no
rKaHyPar,Trefethen_20000.mtx.hgr,no,no,2,128,0.03,0.0254777,16.8264,cut,356622,19879,no
rKaHyPar,Trefethen_20000.mtx.hgr,no,no,3,128,0.03,0.0254777,16.7909,cut,368701,19905,no
rKaHyPar,Trefethen_20000.mtx.hgr,no,no,4,128,0.03,0.0254777,17.0612,cut,349059,19884,no
rKaHyPar,Trefethen_20000.mtx.hgr,no,no,5,128,0.03,0.0191083,16.3116,cut,358574,19869,no
rKaHyPar,Trefethen_20000.mtx.hgr,no,no,6,128,0.03,0.0127389,15.3938,cut,362768,19894,no
rKaHyPar,Trefethen_20000.mtx.hgr,no,no,7,128,0.03,0.0254777,17.176,cut,364241,19896,no
rKaHyPar,Trefethen_20000.mtx.hgr,no,no,8,128,0.03,0.00636943,23.162,cut,361865,19885,no
rKaHyPar,Trefethen_20000.mtx.hgr,no,no,9,128,0.03,0.0127389,16.384,cut,360923,19889,no
rKaHyPar,Trefethen_20000.mtx.hgr,no,no,0,16,0.03,0.0288,14.1309,cut,121184,19322,no
rKaHyPar,Trefethen_20000.mtx.hgr,no,no,1,16,0.03,0.0296,20.339,cut,122056,19350,no
rKaHyPar,Trefethen_20000.mtx.hgr,no,no,2,16,0.03,0.024,20.7959,cut,124986,19397,no
rKaHyPar,Trefethen_20000.mtx.hgr,no,no,3,16,0.03,0.0216,14.8799,cut,126137,19440,no
rKaHyPar,Trefethen_20000.mtx.hgr,no,no,4,16,0.03,0.0296,15.358,cut,121188,19301,no
rKaHyPar,Trefethen_20000.mtx.hgr,no,no,5,16,0.03,0.0264,14.354,cut,117003,19366,no
rKaHyPar,Trefethen_20000.mtx.hgr,no,no,6,16,0.03,0.028,13.573,cut,117002,19412,no
rKaHyPar,Trefethen_20000.mtx.hgr,no,no,8,16,0.03,0.0248,20.2022,cut,121319,19334,no
rKaHyPar,Trefethen_20000.mtx.hgr,no,no,9,16,0.03,0.024,19.8781,cut,119891,19306,no
rKaHyPar,Trefethen_20000.mtx.hgr,no,no,1,2,0.03,0,10.398,cut,13417,13417,no
rKaHyPar,Trefethen_20000.mtx.hgr,no,no,2,2,0.03,0.0107,15.8325,cut,13221,13221,no
rKaHyPar,Trefethen_20000.mtx.hgr,no,no,3,2,0.03,0,15.8836,cut,13662,13662,no
rKaHyPar,Trefethen_20000.mtx.hgr,no,no,4,2,0.03,0.0018,11.6497,cut,13494,13494,no
rKaHyPar,Trefethen_20000.mtx.hgr,no,no,5,2,0.03,0.0001,10.4239,cut,13482,13482,no
rKaHyPar,Trefethen_20000.mtx.hgr,no,no,6,2,0.03,0.0278,10.193,cut,13641,13641,no
rKaHyPar,Trefethen_20000.mtx.hgr,no,no,7,2,0.03,0.0045,16.4798,cut,13488,13488,no
rKaHyPar,Trefethen_20000.mtx.hgr,no,no,8,2,0.03,0.0009,15.4679,cut,13196,13196,no
rKaHyPar,Trefethen_20000.mtx.hgr,no,no,9,2,0.03,0.0089,15.1731,cut,13344,13344,no
rKaHyPar,Trefethen_20000.mtx.hgr,no,no,0,32,0.03,0.0224,21.2063,cut,192064,19625,no
rKaHyPar,Trefethen_20000.mtx.hgr,no,no,1,32,0.03,0.024,20.6629,cut,189383,19608,no
rKaHyPar,Trefethen_20000.mtx.hgr,no,no,3,32,0.03,0.0272,15.9348,cut,195905,19617,no
rKaHyPar,Trefethen_20000.mtx.hgr,no,no,4,32,0.03,0.0272,15.5596,cut,194696,19594,no
rKaHyPar,Trefethen_20000.mtx.hgr,no,no,5,32,0.03,0.0256,14.9932,cut,198210,19610,no
rKaHyPar,Trefethen_20000.mtx.hgr,no,no,6,32,0.03,0.0288,14.2886,cut,186439,19598,no
rKaHyPar,Trefethen_20000.mtx.hgr,no,no,7,32,0.03,0.0288,22.4836,cut,204176,19642,no
rKaHyPar,Trefethen_20000.mtx.hgr,no,no,9,32,0.03,0.0288,15.6319,cut,186683,19644,no
rKaHyPar,Trefethen_20000.mtx.hgr,no,no,0,4,0.03,0.0222,19.0048,cut,38748,17883,no
rKaHyPar,Trefethen_20000.mtx.hgr,no,no,1,4,0.03,0.0128,18.9938,cut,36957,17725,no
rKaHyPar,Trefethen_20000.mtx.hgr,no,no,2,4,0.03,0.0298,19.2889,cut,37392,17599,no
rKaHyPar,Trefethen_20000.mtx.hgr,no,no,3,4,0.03,0.0294,19.2499,cut,38270,17717,no
rKaHyPar,Trefethen_20000.mtx.hgr,no,no,4,4,0.03,0.0284,14.1032,cut,37885,17657,no
rKaHyPar,Trefethen_20000.mtx.hgr,no,no,5,4,0.03,0.03,19.1768,cut,37657,17746,no
rKaHyPar,Trefethen_20000.mtx.hgr,no,no,6,4,0.03,0.0282,18.3559,cut,37551,17531,no
rKaHyPar,Trefethen_20000.mtx.hgr,no,no,7,4,0.03,0.0294,14.8781,cut,36634,17510,no
rKaHyPar,Trefethen_20000.mtx.hgr,no,no,8,4,0.03,0.0294,19.9895,cut,36882,17585,no
rKaHyPar,Trefethen_20000.mtx.hgr,no,no,9,4,0.03,0.0296,13.5476,cut,36681,17456,no
rKaHyPar,Trefethen_20000.mtx.hgr,no,no,0,64,0.03,0.0255591,21.2073,cut,277632,19764,no
rKaHyPar,Trefethen_20000.mtx.hgr,no,no,3,64,0.03,0.0223642,16.218,cut,274830,19774,no
rKaHyPar,Trefethen_20000.mtx.hgr,no,no,5,64,0.03,0.0127796,15.5366,cut,285305,19796,no
rKaHyPar,Trefethen_20000.mtx.hgr,no,no,6,64,0.03,0.0191693,21.3528,cut,273505,19749,no
rKaHyPar,Trefethen_20000.mtx.hgr,no,no,7,64,0.03,0.0223642,23.0944,cut,273769,19766,no
rKaHyPar,Trefethen_20000.mtx.hgr,no,no,8,64,0.03,0.0159744,21.5732,cut,262465,19750,no
rKaHyPar,Trefethen_20000.mtx.hgr,no,no,9,64,0.03,0.00958466,21.732,cut,286133,19801,no
rKaHyPar,Trefethen_20000.mtx.hgr,no,no,0,8,0.03,0.03,18.7058,cut,72213,18852,no
rKaHyPar,Trefethen_20000.mtx.hgr,no,no,2,8,0.03,0.0272,19.7682,cut,72888,18845,no
rKaHyPar,Trefethen_20000.mtx.hgr,no,no,3,8,0.03,0.0276,14.3399,cut,72155,18878,no
rKaHyPar,Trefethen_20000.mtx.hgr,no,no,4,8,0.03,0.03,14.7787,cut,71321,18785,no
rKaHyPar,Trefethen_20000.mtx.hgr,no,no,5,8,0.03,0.0284,19.6449,cut,72863,18836,no
rKaHyPar,Trefethen_20000.mtx.hgr,no,no,6,8,0.03,0.0292,18.4201,cut,71959,18895,no
rKaHyPar,Trefethen_20000.mtx.hgr,no,no,7,8,0.03,0.0296,20.9847,cut,70007,18647,no
rKaHyPar,Trefethen_20000.mtx.hgr,no,no,8,8,0.03,0.03,19.6625,cut,71440,18780,no
rKaHyPar,Trefethen_20000.mtx.hgr,no,no,9,8,0.03,0.0296,19.3119,cut,71368,18812,no
rKaHyPar,TSOPF_FS_b162_c3.mtx.hgr,no,no,0,128,0.03,0.0290456,243.694,cut,417984,15635,no
rKaHyPar,TSOPF_FS_b162_c3.mtx.hgr,no,no,1,128,0.03,0.0290456,264.426,cut,410576,15674,no
rKaHyPar,TSOPF_FS_b162_c3.mtx.hgr,no,no,2,128,0.03,0.0290456,145.49,cut,418906,15656,no
rKaHyPar,TSOPF_FS_b162_c3.mtx.hgr,no,no,3,128,0.03,0.0290456,147.697,cut,432035,15545,no
rKaHyPar,TSOPF_FS_b162_c3.mtx.hgr,no,no,4,128,0.03,0.0290456,262.796,cut,434808,15625,no
rKaHyPar,TSOPF_FS_b162_c3.mtx.hgr,no,no,5,128,0.03,0.0290456,139.929,cut,421505,15635,no
rKaHyPar,TSOPF_FS_b162_c3.mtx.hgr,no,no,6,128,0.03,0.0290456,153.742,cut,405877,15604,no
rKaHyPar,TSOPF_FS_b162_c3.mtx.hgr,no,no,7,128,0.03,0.0290456,271.479,cut,382616,15685,no
rKaHyPar,TSOPF_FS_b162_c3.mtx.hgr,no,no,8,128,0.03,0.0290456,248.127,cut,415055,15546,no
rKaHyPar,TSOPF_FS_b162_c3.mtx.hgr,no,no,9,128,0.03,0.0290456,149.716,cut,413992,15579,no
rKaHyPar,TSOPF_FS_b162_c3.mtx.hgr,no,no,0,16,0.03,0.012987,139.755,cut,96169,14476,no
rKaHyPar,TSOPF_FS_b162_c3.mtx.hgr,no,no,1,16,0.03,0.0192208,146.103,cut,86872,14523,no
rKaHyPar,TSOPF_FS_b162_c3.mtx.hgr,no,no,2,16,0.03,0.0228571,243.724,cut,99751,14654,no
rKaHyPar,TSOPF_FS_b162_c3.mtx.hgr,no,no,3,16,0.03,0.0119481,142.195,cut,94502,14702,no
rKaHyPar,TSOPF_FS_b162_c3.mtx.hgr,no,no,4,16,0.03,0.0181818,146.835,cut,100668,14677,no
rKaHyPar,TSOPF_FS_b162_c3.mtx.hgr,no,no,5,16,0.03,0.0114286,138.322,cut,85548,14675,no
rKaHyPar,TSOPF_FS_b162_c3.mtx.hgr,no,no,6,16,0.03,0.0124675,147.322,cut,92301,14705,no
rKaHyPar,TSOPF_FS_b162_c3.mtx.hgr,no,no,7,16,0.03,0.025974,149.215,cut,82670,14673,no
rKaHyPar,TSOPF_FS_b162_c3.mtx.hgr,no,no,8,16,0.03,0.0145455,249.718,cut,98220,14728,no
rKaHyPar,TSOPF_FS_b162_c3.mtx.hgr,no,no,9,16,0.03,0.0171429,147.096,cut,94536,14521,no
rKaHyPar,TSOPF_FS_b162_c3.mtx.hgr,no,no,1,2,0.03,0.0259108,141.478,cut,7575,7575,no
rKaHyPar,TSOPF_FS_b162_c3.mtx.hgr,no,no,2,2,0.03,0.0259108,231.955,cut,7575,7575,no
rKaHyPar,TSOPF_FS_b162_c3.mtx.hgr,no,no,3,2,0.03,0.0259108,237.808,cut,7575,7575,no
rKaHyPar,TSOPF_FS_b162_c3.mtx.hgr,no,no,4,2,0.03,0.0259108,142.672,cut,7575,7575,no
rKaHyPar,TSOPF_FS_b162_c3.mtx.hgr,no,no,5,2,0.03,0.0259108,134.153,cut,7575,7575,no
rKaHyPar,TSOPF_FS_b162_c3.mtx.hgr,no,no,6,2,0.03,0.0259108,146.779,cut,7575,7575,no
rKaHyPar,TSOPF_FS_b162_c3.mtx.hgr,no,no,7,2,0.03,0.0258458,142.472,cut,7575,7575,no
rKaHyPar,TSOPF_FS_b162_c3.mtx.hgr,no,no,8,2,0.03,0.0291577,240.126,cut,7675,7675,no
rKaHyPar,TSOPF_FS_b162_c3.mtx.hgr,no,no,9,2,0.03,0.0259108,248.613,cut,7575,7575,no
rKaHyPar,TSOPF_FS_b162_c3.mtx.hgr,no,no,0,32,0.03,0.0176532,240.879,cut,156022,15073,no
rKaHyPar,TSOPF_FS_b162_c3.mtx.hgr,no,no,1,32,0.03,0.0134995,253.865,cut,178094,15021,no
rKaHyPar,TSOPF_FS_b162_c3.mtx.hgr,no,no,3,32,0.03,0.0259605,244.727,cut,181536,15003,no
rKaHyPar,TSOPF_FS_b162_c3.mtx.hgr,no,no,4,32,0.03,0.0290758,150.852,cut,174463,14979,no
rKaHyPar,TSOPF_FS_b162_c3.mtx.hgr,no,no,5,32,0.03,0.0228453,142.948,cut,170878,14983,no
rKaHyPar,TSOPF_FS_b162_c3.mtx.hgr,no,no,6,32,0.03,0.0228453,147.786,cut,171917,14983,no
rKaHyPar,TSOPF_FS_b162_c3.mtx.hgr,no,no,7,32,0.03,0.0280374,262.802,cut,174743,14979,no
rKaHyPar,TSOPF_FS_b162_c3.mtx.hgr,no,no,9,32,0.03,0.0155763,149.321,cut,148764,14982,no
rKaHyPar,TSOPF_FS_b162_c3.mtx.hgr,no,no,0,4,0.03,0.0297403,138.956,cut,23002,11483,no
rKaHyPar,TSOPF_FS_b162_c3.mtx.hgr,no,no,1,4,0.03,0.0222078,250.386,cut,20194,11446,no
rKaHyPar,TSOPF_FS_b162_c3.mtx.hgr,no,no,2,4,0.03,0.0261039,234.99,cut,17947,11422,no
rKaHyPar,TSOPF_FS_b162_c3.mtx.hgr,no,no,3,4,0.03,0.0196104,245.209,cut,22691,11448,no
rKaHyPar,TSOPF_FS_b162_c3.mtx.hgr,no,no,4,4,0.03,0.025974,150.626,cut,20295,11445,no
rKaHyPar,TSOPF_FS_b162_c3.mtx.hgr,no,no,5,4,0.03,0.0261039,136.188,cut,22736,11420,no
rKaHyPar,TSOPF_FS_b162_c3.mtx.hgr,no,no,6,4,0.03,0.0216883,255.916,cut,22760,11566,no
rKaHyPar,TSOPF_FS_b162_c3.mtx.hgr,no,no,7,4,0.03,0.0261039,153.838,cut,22740,11420,no
rKaHyPar,TSOPF_FS_b162_c3.mtx.hgr,no,no,8,4,0.03,0.0294805,258.262,cut,20364,11514,no
rKaHyPar,TSOPF_FS_b162_c3.mtx.hgr,no,no,9,4,0.03,0.0206494,248.825,cut,22592,11447,no
rKaHyPar,TSOPF_FS_b162_c3.mtx.hgr,no,no,0,64,0.03,0.0248963,240.127,cut,275707,15348,no
rKaHyPar,TSOPF_FS_b162_c3.mtx.hgr,no,no,2,64,0.03,0.0248963,133.742,cut,252760,15373,no
rKaHyPar,TSOPF_FS_b162_c3.mtx.hgr,no,no,3,64,0.03,0.026971,141.434,cut,304948,15401,no
rKaHyPar,TSOPF_FS_b162_c3.mtx.hgr,no,no,5,64,0.03,0.026971,139.847,cut,281573,15342,no
rKaHyPar,TSOPF_FS_b162_c3.mtx.hgr,no,no,6,64,0.03,0.0290456,263.832,cut,280124,15358,no
rKaHyPar,TSOPF_FS_b162_c3.mtx.hgr,no,no,7,64,0.03,0.0290456,150.005,cut,279831,15381,no
rKaHyPar,TSOPF_FS_b162_c3.mtx.hgr,no,no,8,64,0.03,0.0290456,143.804,cut,283923,15350,no
rKaHyPar,TSOPF_FS_b162_c3.mtx.hgr,no,no,9,64,0.03,0.0290456,262.807,cut,274082,15338,no
rKaHyPar,TSOPF_FS_b162_c3.mtx.hgr,no,no,0,8,0.03,0.0298701,241.623,cut,47024,13507,no
rKaHyPar,TSOPF_FS_b162_c3.mtx.hgr,no,no,2,8,0.03,0.0187013,137.201,cut,45571,13704,no
rKaHyPar,TSOPF_FS_b162_c3.mtx.hgr,no,no,3,8,0.03,0.0194805,143.994,cut,44470,13432,no
rKaHyPar,TSOPF_FS_b162_c3.mtx.hgr,no,no,4,8,0.03,0.0241558,147.503,cut,46300,13761,no
rKaHyPar,TSOPF_FS_b162_c3.mtx.hgr,no,no,5,8,0.03,0.025974,140.072,cut,44813,13494,no
rKaHyPar,TSOPF_FS_b162_c3.mtx.hgr,no,no,6,8,0.03,0.0223377,249.091,cut,47581,13470,no
rKaHyPar,TSOPF_FS_b162_c3.mtx.hgr,no,no,7,8,0.03,0.0184416,257.738,cut,47904,13669,no
rKaHyPar,TSOPF_FS_b162_c3.mtx.hgr,no,no,8,8,0.03,0.025974,141.143,cut,42786,13498,no
rKaHyPar,TSOPF_FS_b162_c3.mtx.hgr,no,no,9,8,0.03,0.0262338,254.664,cut,46809,13498,no
rKaHyPar,us04.mtx.hgr,no,no,0,128,0.03,0,14.7292,cut,11038,136,no
rKaHyPar,us04.mtx.hgr,no,no,1,128,0.03,0,14.7525,cut,10978,138,no
rKaHyPar,us04.mtx.hgr,no,no,2,128,0.03,0,9.96805,cut,11060,138,no
rKaHyPar,us04.mtx.hgr,no,no,3,128,0.03,0.00456621,8.86734,cut,10939,138,no
rKaHyPar,us04.mtx.hgr,no,no,4,128,0.03,0,14.4507,cut,10997,137,no
rKaHyPar,us04.mtx.hgr,no,no,5,128,0.03,0,9.16905,cut,10878,140,no
rKaHyPar,us04.mtx.hgr,no,no,6,128,0.03,0.00456621,7.3103,cut,10605,136,no
rKaHyPar,us04.mtx.hgr,no,no,7,128,0.03,0.00456621,12.6039,cut,11073,137,no
rKaHyPar,us04.mtx.hgr,no,no,8,128,0.03,0.00456621,12.9204,cut,11133,137,no
rKaHyPar,us04.mtx.hgr,no,no,9,128,0.03,0.00456621,8.91924,cut,10928,138,no
rKaHyPar,us04.mtx.hgr,no,no,0,16,0.03,0.00342661,8.89457,cut,1340,122,no
rKaHyPar,us04.mtx.hgr,no,no,1,16,0.03,0,9.26997,cut,1339,123,no
rKaHyPar,us04.mtx.hgr,no,no,2,16,0.03,0,15.5879,cut,1338,121,no
rKaHyPar,us04.mtx.hgr,no,no,3,16,0.03,0.00171331,8.64522,cut,1316,122,no
rKaHyPar,us04.mtx.hgr,no,no,4,16,0.03,0.00742433,8.82563,cut,1316,121,no
rKaHyPar,us04.mtx.hgr,no,no,5,16,0.03,0,8.85472,cut,1353,121,no
rKaHyPar,us04.mtx.hgr,no,no,6,16,0.03,0,7.19112,cut,1323,120,no
rKaHyPar,us04.mtx.hgr,no,no,7,16,0.03,0.0102798,7.5899,cut,1338,121,no
rKaHyPar,us04.mtx.hgr,no,no,8,16,0.03,0.0011422,12.7257,cut,1335,122,no
rKaHyPar,us04.mtx.hgr,no,no,9,16,0.03,0.00285551,13.4478,cut,1331,122,no
rKaHyPar,us04.mtx.hgr,no,no,0,2,0.03,0,13.4657,cut,75,75,no
rKaHyPar,us04.mtx.hgr,no,no,1,2,0.03,0.00499714,8.30849,cut,69,69,no
rKaHyPar,us04.mtx.hgr,no,no,2,2,0.03,0.0172045,14.2474,cut,70,70,no
rKaHyPar,us04.mtx.hgr,no,no,3,2,0.03,0,12.5958,cut,71,71,no
rKaHyPar,us04.mtx.hgr,no,no,4,2,0.03,0.0052827,8.24965,cut,68,68,no
rKaHyPar,us04.mtx.hgr,no,no,5,2,0.03,0.00378355,8.05386,cut,70,70,no
rKaHyPar,us04.mtx.hgr,no,no,6,2,0.03,0.0139206,6.45364,cut,70,70,no
rKaHyPar,us04.mtx.hgr,no,no,7,2,0.03,0.0118504,6.92256,cut,70,70,no
rKaHyPar,us04.mtx.hgr,no,no,8,2,0.03,0.0261279,12.0913,cut,71,71,no
rKaHyPar,us04.mtx.hgr,no,no,9,2,0.03,0.0216305,12.5183,cut,68,68,no
rKaHyPar,us04.mtx.hgr,no,no,0,32,0.03,0,14.9936,cut,2812,128,no
rKaHyPar,us04.mtx.hgr,no,no,1,32,0.03,0,14.2489,cut,2788,127,no
rKaHyPar,us04.mtx.hgr,no,no,3,32,0.03,0,13.8049,cut,2753,129,no
rKaHyPar,us04.mtx.hgr,no,no,4,32,0.03,0,8.8334,cut,2779,128,no
rKaHyPar,us04.mtx.hgr,no,no,5,32,0.03,0,8.84327,cut,2815,125,no
rKaHyPar,us04.mtx.hgr,no,no,6,32,0.03,0,7.2796,cut,2765,127,no
rKaHyPar,us04.mtx.hgr,no,no,7,32,0.03,0.00684932,12.3487,cut,2785,127,no
rKaHyPar,us04.mtx.hgr,no,no,9,32,0.03,0,8.50481,cut,2827,127,no
rKaHyPar,us04.mtx.hgr,no,no,0,4,0.03,0.0102798,13.8869,cut,241,95,no
rKaHyPar,us04.mtx.hgr,no,no,1,4,0.03,0.0129926,14.2064,cut,237,97,no
rKaHyPar,us04.mtx.hgr,no,no,2,4,0.03,0.0167047,15.1645,cut,242,94,no
rKaHyPar,us04.mtx.hgr,no,no,3,4,0.03,0.00299829,13.1747,cut,240,94,no
rKaHyPar,us04.mtx.hgr,no,no,4,4,0.03,0.0124215,8.40016,cut,243,93,no
rKaHyPar,us04.mtx.hgr,no,no,5,4,0.03,0.0149914,13.8125,cut,240,96,no
rKaHyPar,us04.mtx.hgr,no,no,6,4,0.03,0.0247002,11.1853,cut,235,95,no
rKaHyPar,us04.mtx.hgr,no,no,7,4,0.03,0.011422,7.44199,cut,243,97,no
rKaHyPar,us04.mtx.hgr,no,no,8,4,0.03,0.0167047,12.0609,cut,247,95,no
rKaHyPar,us04.mtx.hgr,no,no,9,4,0.03,0.00885208,13.3796,cut,237,97,no
rKaHyPar,us04.mtx.hgr,no,no,0,64,0.03,0.00228311,14.704,cut,5613,133,no
rKaHyPar,us04.mtx.hgr,no,no,2,64,0.03,0,9.96673,cut,5510,132,no
rKaHyPar,us04.mtx.hgr,no,no,3,64,0.03,0,8.60181,cut,5735,133,no
rKaHyPar,us04.mtx.hgr,no,no,5,64,0.03,0.0228311,8.95281,cut,5555,132,no
rKaHyPar,us04.mtx.hgr,no,no,6,64,0.03,0,11.678,cut,5561,132,no
rKaHyPar,us04.mtx.hgr,no,no,7,64,0.03,0.00228311,12.4961,cut,5627,132,no
rKaHyPar,us04.mtx.hgr,no,no,8,64,0.03,0,13.0284,cut,5630,134,no
rKaHyPar,us04.mtx.hgr,no,no,9,64,0.03,0.00228311,13.763,cut,5596,134,no
rKaHyPar,us04.mtx.hgr,no,no,0,8,0.03,0.00256996,14.034,cut,607,113,no
rKaHyPar,us04.mtx.hgr,no,no,2,8,0.03,0.00285551,9.57559,cut,595,112,no
rKaHyPar,us04.mtx.hgr,no,no,3,8,0.03,0.00599657,8.94277,cut,596,114,no
rKaHyPar,us04.mtx.hgr,no,no,4,8,0.03,0.00342661,8.83404,cut,593,111,no
rKaHyPar,us04.mtx.hgr,no,no,5,8,0.03,0.027984,8.61598,cut,608,112,no
rKaHyPar,us04.mtx.hgr,no,no,6,8,0.03,0.0239863,11.4611,cut,598,112,no
rKaHyPar,us04.mtx.hgr,no,no,7,8,0.03,0.00970874,12.2307,cut,608,112,no
rKaHyPar,us04.mtx.hgr,no,no,8,8,0.03,0.00456882,7.59049,cut,617,111,no
rKaHyPar,us04.mtx.hgr,no,no,9,8,0.03,0.00713878,13.3939,cut,603,114,no
rKaHyPar,usroads.mtx.hgr,no,no,0,128,0.03,0.0287129,17.8269,cut,3995,3752,no
rKaHyPar,usroads.mtx.hgr,no,no,1,128,0.03,0.0287129,17.8129,cut,4019,3753,no
rKaHyPar,usroads.mtx.hgr,no,no,2,128,0.03,0.029703,13.0777,cut,3955,3705,no
rKaHyPar,usroads.mtx.hgr,no,no,3,128,0.03,0.029703,18.0743,cut,3936,3665,no
rKaHyPar,usroads.mtx.hgr,no,no,4,128,0.03,0.029703,18.0348,cut,4032,3755,no
rKaHyPar,usroads.mtx.hgr,no,no,5,128,0.03,0.029703,13.4034,cut,3959,3717,no
rKaHyPar,usroads.mtx.hgr,no,no,6,128,0.03,0.029703,13.8708,cut,4004,3765,no
rKaHyPar,usroads.mtx.hgr,no,no,7,128,0.03,0.029703,18.3186,cut,3925,3676,no
rKaHyPar,usroads.mtx.hgr,no,no,8,128,0.03,0.029703,17.9287,cut,4005,3753,no
rKaHyPar,usroads.mtx.hgr,no,no,9,128,0.03,0.029703,13.2404,cut,4025,3763,no
rKaHyPar,usroads.mtx.hgr,no,no,0,16,0.03,0.025641,9.22824,cut,921,879,no
rKaHyPar,usroads.mtx.hgr,no,no,1,16,0.03,0.0291094,6.88035,cut,908,882,no
rKaHyPar,usroads.mtx.hgr,no,no,2,16,0.03,0.0277468,9.4529,cut,907,881,no
rKaHyPar,usroads.mtx.hgr,no,no,3,16,0.03,0.0289855,9.01532,cut,913,886,no
rKaHyPar,usroads.mtx.hgr,no,no,4,16,0.03,0.0286139,6.69486,cut,881,852,no
rKaHyPar,usroads.mtx.hgr,no,no,5,16,0.03,0.0293571,6.90451,cut,910,887,no
rKaHyPar,usroads.mtx.hgr,no,no,6,16,0.03,0.0267559,7.07636,cut,896,867,no
rKaHyPar,usroads.mtx.hgr,no,no,7,16,0.03,0.0292332,6.9231,cut,879,855,no
rKaHyPar,usroads.mtx.hgr,no,no,8,16,0.03,0.0255172,9.07419,cut,868,844,no
rKaHyPar,usroads.mtx.hgr,no,no,9,16,0.03,0.0283662,9.76162,cut,916,894,no
rKaHyPar,usroads.mtx.hgr,no,no,0,2,0.03,0,3.2845,cut,79,79,no
rKaHyPar,usroads.mtx.hgr,no,no,1,2,0.03,0.00048001,2.35565,cut,79,79,no
rKaHyPar,usroads.mtx.hgr,no,no,2,2,0.03,0.0176055,3.1843,cut,79,79,no
rKaHyPar,usroads.mtx.hgr,no,no,3,2,0.03,0.00600787,3.16746,cut,79,79,no
rKaHyPar,usroads.mtx.hgr,no,no,4,2,0.03,0.0153448,2.44791,cut,79,79,no
rKaHyPar,usroads.mtx.hgr,no,no,5,2,0.03,0.0085163,2.55608,cut,79,79,no
rKaHyPar,usroads.mtx.hgr,no,no,6,2,0.03,0.0085163,3.07913,cut,79,79,no
rKaHyPar,usroads.mtx.hgr,no,no,7,2,0.03,0.00252392,2.5887,cut,79,79,no
rKaHyPar,usroads.mtx.hgr,no,no,8,2,0.03,0.0023536,3.30197,cut,79,79,no
rKaHyPar,usroads.mtx.hgr,no,no,9,2,0.03,0.009306,2.61848,cut,79,79,no
rKaHyPar,usroads.mtx.hgr,no,no,0,32,0.03,0.0230369,10.9994,cut,1448,1393,no
rKaHyPar,usroads.mtx.hgr,no,no,1,32,0.03,0.0287342,11.1328,cut,1486,1413,no
rKaHyPar,usroads.mtx.hgr,no,no,2,32,0.03,0.0282388,11.2544,cut,1449,1389,no
rKaHyPar,usroads.mtx.hgr,no,no,3,32,0.03,0.0242755,11.0679,cut,1488,1419,no
rKaHyPar,usroads.mtx.hgr,no,no,4,32,0.03,0.0294773,8.0506,cut,1490,1426,no
rKaHyPar,usroads.mtx.hgr,no,no,5,32,0.03,0.0279911,8.22252,cut,1482,1416,no
rKaHyPar,usroads.mtx.hgr,no,no,6,32,0.03,0.029725,8.8966,cut,1486,1443,no
rKaHyPar,usroads.mtx.hgr,no,no,7,32,0.03,0.0299728,11.0887,cut,1486,1423,no
rKaHyPar,usroads.mtx.hgr,no,no,8,32,0.03,0.0284865,8.34228,cut,1459,1417,no
rKaHyPar,usroads.mtx.hgr,no,no,9,32,0.03,0.0299728,8.47479,cut,1456,1403,no
rKaHyPar,usroads.mtx.hgr,no,no,0,4,0.03,0.0277167,4.81209,cut,271,267,no
rKaHyPar,usroads.mtx.hgr,no,no,1,4,0.03,0.00777306,6.41249,cut,264,263,no
rKaHyPar,usroads.mtx.hgr,no,no,2,4,0.03,0.0199436,4.72486,cut,269,263,no
rKaHyPar,usroads.mtx.hgr,no,no,3,4,0.03,0.0290174,6.56577,cut,263,262,no
rKaHyPar,usroads.mtx.hgr,no,no,4,4,0.03,0.0204701,4.38721,cut,269,262,no
rKaHyPar,usroads.mtx.hgr,no,no,5,4,0.03,0.0290174,5.05637,cut,264,261,no
rKaHyPar,usroads.mtx.hgr,no,no,6,4,0.03,0.0290174,7.03756,cut,265,261,no
rKaHyPar,usroads.mtx.hgr,no,no,7,4,0.03,0.0199436,4.91589,cut,269,263,no
rKaHyPar,usroads.mtx.hgr,no,no,8,4,0.03,0.0154223,6.80841,cut,267,264,no
rKaHyPar,usroads.mtx.hgr,no,no,9,4,0.03,0.0190146,6.31524,cut,266,266,no
rKaHyPar,usroads.mtx.hgr,no,no,0,64,0.03,0.0277365,13.8805,cut,2409,2298,no
rKaHyPar,usroads.mtx.hgr,no,no,1,64,0.03,0.0297177,13.4939,cut,2435,2309,no
rKaHyPar,usroads.mtx.hgr,no,no,2,64,0.03,0.0272412,10.3776,cut,2413,2289,no
rKaHyPar,usroads.mtx.hgr,no,no,3,64,0.03,0.0297177,10.4241,cut,2406,2292,no
rKaHyPar,usroads.mtx.hgr,no,no,5,64,0.03,0.0277365,10.5079,cut,2397,2278,no
rKaHyPar,usroads.mtx.hgr,no,no,6,64,0.03,0.0297177,14.3109,cut,2405,2281,no
rKaHyPar,usroads.mtx.hgr,no,no,7,64,0.03,0.0277365,10.3037,cut,2407,2300,no
rKaHyPar,usroads.mtx.hgr,no,no,8,64,0.03,0.0267459,10.3235,cut,2442,2312,no
rKaHyPar,usroads.mtx.hgr,no,no,9,64,0.03,0.0292224,13.9286,cut,2420,2279,no
rKaHyPar,usroads.mtx.hgr,no,no,0,8,0.03,0.0165985,7.48082,cut,510,500,no
rKaHyPar,usroads.mtx.hgr,no,no,1,8,0.03,0.0287997,7.65545,cut,518,513,no
rKaHyPar,usroads.mtx.hgr,no,no,2,8,0.03,0.0156076,5.26048,cut,523,514,no
rKaHyPar,usroads.mtx.hgr,no,no,3,8,0.03,0.0277468,5.75217,cut,520,508,no
rKaHyPar,usroads.mtx.hgr,no,no,4,8,0.03,0.0277468,7.46484,cut,499,494,no
rKaHyPar,usroads.mtx.hgr,no,no,5,8,0.03,0.0274371,5.81754,cut,517,512,no
rKaHyPar,usroads.mtx.hgr,no,no,6,8,0.03,0.0277468,8.04274,cut,522,513,no
rKaHyPar,usroads.mtx.hgr,no,no,7,8,0.03,0.018085,5.58749,cut,524,514,no
rKaHyPar,usroads.mtx.hgr,no,no,8,8,0.03,0.0162269,5.69146,cut,525,517,no
rKaHyPar,usroads.mtx.hgr,no,no,9,8,0.03,0.0277468,7.74973,cut,507,500,no
rKaHyPar,venkat01.mtx.hgr,no,no,0,128,0.03,0.0245902,8.81509,cut,19260,16584,no
rKaHyPar,venkat01.mtx.hgr,no,no,1,128,0.03,0.0245902,8.76432,cut,19260,16620,no
rKaHyPar,venkat01.mtx.hgr,no,no,2,128,0.03,0.0245902,6.16934,cut,19268,16480,no
rKaHyPar,venkat01.mtx.hgr,no,no,3,128,0.03,0.0245902,8.49697,cut,19344,16644,no
rKaHyPar,venkat01.mtx.hgr,no,no,4,128,0.03,0.0245902,8.80564,cut,19172,16580,no
rKaHyPar,venkat01.mtx.hgr,no,no,5,128,0.03,0.0245902,6.19192,cut,19272,16640,no
rKaHyPar,venkat01.mtx.hgr,no,no,6,128,0.03,0.0245902,6.23321,cut,19256,16684,no
rKaHyPar,venkat01.mtx.hgr,no,no,7,128,0.03,0.0245902,8.79657,cut,19292,16756,no
rKaHyPar,venkat01.mtx.hgr,no,no,8,128,0.03,0.0245902,8.653,cut,19216,16576,no
rKaHyPar,venkat01.mtx.hgr,no,no,9,128,0.03,0.0245902,6.29924,cut,19252,16596,no
rKaHyPar,venkat01.mtx.hgr,no,no,0,16,0.03,0.0281907,2.59732,cut,4212,3952,no
rKaHyPar,venkat01.mtx.hgr,no,no,1,16,0.03,0.0292158,1.85662,cut,4184,3944,no
rKaHyPar,venkat01.mtx.hgr,no,no,2,16,0.03,0.0271656,2.60791,cut,4264,3968,no
rKaHyPar,venkat01.mtx.hgr,no,no,3,16,0.03,0.0281907,2.63718,cut,4224,3988,no
rKaHyPar,venkat01.mtx.hgr,no,no,4,16,0.03,0.0271656,1.92847,cut,4236,3940,no
rKaHyPar,venkat01.mtx.hgr,no,no,5,16,0.03,0.0292158,1.82836,cut,4116,3880,no
rKaHyPar,venkat01.mtx.hgr,no,no,6,16,0.03,0.0230651,1.86287,cut,4208,3952,no
rKaHyPar,venkat01.mtx.hgr,no,no,7,16,0.03,0.0292158,1.83562,cut,4308,4064,no
rKaHyPar,venkat01.mtx.hgr,no,no,8,16,0.03,0.0230651,2.58274,cut,4204,3976,no
rKaHyPar,venkat01.mtx.hgr,no,no,9,16,0.03,0.0261404,2.52295,cut,4236,3960,no
rKaHyPar,venkat01.mtx.hgr,no,no,0,2,0.03,0.0256312,0.638162,cut,552,552,no
rKaHyPar,venkat01.mtx.hgr,no,no,1,2,0.03,0.0256312,0.48822,cut,552,552,no
rKaHyPar,venkat01.mtx.hgr,no,no,2,2,0.03,0.0256312,0.681358,cut,552,552,no
rKaHyPar,venkat01.mtx.hgr,no,no,3,2,0.03,0.0256312,0.648106,cut,552,552,no
rKaHyPar,venkat01.mtx.hgr,no,no,4,2,0.03,0.0256312,0.490772,cut,552,552,no
rKaHyPar,venkat01.mtx.hgr,no,no,5,2,0.03,0.0256312,0.471441,cut,552,552,no
rKaHyPar,venkat01.mtx.hgr,no,no,6,2,0.03,0.0256312,0.474897,cut,552,552,no
rKaHyPar,venkat01.mtx.hgr,no,no,7,2,0.03,0.0256312,0.498603,cut,552,552,no
rKaHyPar,venkat01.mtx.hgr,no,no,8,2,0.03,0.0256312,0.700771,cut,552,552,no
rKaHyPar,venkat01.mtx.hgr,no,no,9,2,0.03,0.0256312,0.456322,cut,552,552,no
rKaHyPar,venkat01.mtx.hgr,no,no,0,32,0.03,0.0271656,4.09034,cut,7152,6580,no
rKaHyPar,venkat01.mtx.hgr,no,no,1,32,0.03,0.0292158,4.148,cut,7056,6484,no
rKaHyPar,venkat01.mtx.hgr,no,no,2,32,0.03,0.0271656,3.96685,cut,7004,6484,no
rKaHyPar,venkat01.mtx.hgr,no,no,3,32,0.03,0.0292158,4.08162,cut,7012,6452,no
rKaHyPar,venkat01.mtx.hgr,no,no,4,32,0.03,0.0271656,2.9469,cut,6976,6480,no
rKaHyPar,venkat01.mtx.hgr,no,no,5,32,0.03,0.0292158,2.86647,cut,7068,6500,no
rKaHyPar,venkat01.mtx.hgr,no,no,6,32,0.03,0.0292158,2.91,cut,7048,6496,no
rKaHyPar,venkat01.mtx.hgr,no,no,7,32,0.03,0.0292158,4.02083,cut,7100,6588,no
rKaHyPar,venkat01.mtx.hgr,no,no,8,32,0.03,0.0271656,3.04826,cut,7164,6620,no
rKaHyPar,venkat01.mtx.hgr,no,no,9,32,0.03,0.0271656,2.93538,cut,6960,6436,no
rKaHyPar,venkat01.mtx.hgr,no,no,0,4,0.03,0.0247341,1.05755,cut,1356,1320,no
rKaHyPar,venkat01.mtx.hgr,no,no,1,4,0.03,0.0275535,0.96559,cut,1356,1320,no
rKaHyPar,venkat01.mtx.hgr,no,no,2,4,0.03,0.0247341,0.76949,cut,1356,1320,no
rKaHyPar,venkat01.mtx.hgr,no,no,3,4,0.03,0.0275535,0.990261,cut,1356,1320,no
rKaHyPar,venkat01.mtx.hgr,no,no,4,4,0.03,0.0108932,0.714231,cut,1356,1332,no
rKaHyPar,venkat01.mtx.hgr,no,no,5,4,0.03,0.0108932,0.999529,cut,1356,1332,no
rKaHyPar,venkat01.mtx.hgr,no,no,6,4,0.03,0.0275535,1.05732,cut,1356,1320,no
rKaHyPar,venkat01.mtx.hgr,no,no,7,4,0.03,0.0247341,0.761239,cut,1356,1320,no
rKaHyPar,venkat01.mtx.hgr,no,no,8,4,0.03,0.0275535,1.09457,cut,1356,1320,no
rKaHyPar,venkat01.mtx.hgr,no,no,9,4,0.03,0.0108932,1.02053,cut,1356,1332,no
rKaHyPar,venkat01.mtx.hgr,no,no,0,64,0.03,0.0245902,6.01688,cut,11648,10576,no
rKaHyPar,venkat01.mtx.hgr,no,no,1,64,0.03,0.0286885,5.99475,cut,11560,10516,no
rKaHyPar,venkat01.mtx.hgr,no,no,2,64,0.03,0.0245902,4.43321,cut,11836,10748,no
rKaHyPar,venkat01.mtx.hgr,no,no,3,64,0.03,0.0286885,4.51105,cut,11724,10572,no
rKaHyPar,venkat01.mtx.hgr,no,no,5,64,0.03,0.0286885,4.3974,cut,11788,10616,no
rKaHyPar,venkat01.mtx.hgr,no,no,6,64,0.03,0.0286885,6.08502,cut,11896,10688,no
rKaHyPar,venkat01.mtx.hgr,no,no,7,64,0.03,0.0286885,6.04179,cut,11920,10664,no
rKaHyPar,venkat01.mtx.hgr,no,no,8,64,0.03,0.0286885,6.05307,cut,11832,10672,no
rKaHyPar,venkat01.mtx.hgr,no,no,9,64,0.03,0.0286885,5.999,cut,11784,10656,no
rKaHyPar,venkat01.mtx.hgr,no,no,0,8,0.03,0.0293477,1.61138,cut,2248,2156,no
rKaHyPar,venkat01.mtx.hgr,no,no,1,8,0.03,0.0293477,1.64051,cut,2248,2156,no
rKaHyPar,venkat01.mtx.hgr,no,no,2,8,0.03,0.0252467,1.15462,cut,2444,2344,no
rKaHyPar,venkat01.mtx.hgr,no,no,3,8,0.03,0.0211457,1.12215,cut,2252,2140,no
rKaHyPar,venkat01.mtx.hgr,no,no,4,8,0.03,0.0272972,1.61665,cut,2284,2192,no
rKaHyPar,venkat01.mtx.hgr,no,no,5,8,0.03,0.0293477,1.18114,cut,2248,2156,no
rKaHyPar,venkat01.mtx.hgr,no,no,6,8,0.03,0.0293477,1.59113,cut,2248,2156,no
rKaHyPar,venkat01.mtx.hgr,no,no,7,8,0.03,0.0293477,1.17884,cut,2248,2156,no
rKaHyPar,venkat01.mtx.hgr,no,no,8,8,0.03,0.0293477,1.20067,cut,2248,2156,no
rKaHyPar,venkat01.mtx.hgr,no,no,9,8,0.03,0.0293477,1.53704,cut,2256,2164,no
rKaHyPar,vibrobox.mtx.hgr,no,no,0,128,0.03,0.0206186,11.573,cut,58112,8734,no
rKaHyPar,vibrobox.mtx.hgr,no,no,1,128,0.03,0.0206186,11.3428,cut,54296,8776,no
rKaHyPar,vibrobox.mtx.hgr,no,no,2,128,0.03,0.0206186,7.93131,cut,55686,8742,no
rKaHyPar,vibrobox.mtx.hgr,no,no,3,128,0.03,0.0206186,11.8253,cut,59102,8732,no
rKaHyPar,vibrobox.mtx.hgr,no,no,4,128,0.03,0.0206186,11.752,cut,51412,8653,no
rKaHyPar,vibrobox.mtx.hgr,no,no,5,128,0.03,0.0206186,8.21104,cut,55500,8775,no
rKaHyPar,vibrobox.mtx.hgr,no,no,6,128,0.03,0.0206186,8.06152,cut,54671,8740,no
rKaHyPar,vibrobox.mtx.hgr,no,no,7,128,0.03,0.0206186,11.6019,cut,55474,8768,no
rKaHyPar,vibrobox.mtx.hgr,no,no,8,128,0.03,0.0206186,11.626,cut,54371,8700,no
rKaHyPar,vibrobox.mtx.hgr,no,no,9,128,0.03,0.0206186,8.35454,cut,52128,8660,no
rKaHyPar,vibrobox.mtx.hgr,no,no,0,16,0.03,0.0298314,6.38776,cut,21354,5619,no
rKaHyPar,vibrobox.mtx.hgr,no,no,1,16,0.03,0.0298314,4.55511,cut,23568,6022,no
rKaHyPar,vibrobox.mtx.hgr,no,no,2,16,0.03,0.0298314,4.44503,cut,21764,5686,no
rKaHyPar,vibrobox.mtx.hgr,no,no,3,16,0.03,0.0285344,6.44434,cut,21615,5767,no
rKaHyPar,vibrobox.mtx.hgr,no,no,4,16,0.03,0.0298314,4.6103,cut,20741,5874,no
rKaHyPar,vibrobox.mtx.hgr,no,no,5,16,0.03,0.0298314,6.19658,cut,20527,5837,no
rKaHyPar,vibrobox.mtx.hgr,no,no,6,16,0.03,0.0298314,4.65953,cut,21487,6082,no
rKaHyPar,vibrobox.mtx.hgr,no,no,7,16,0.03,0.0298314,4.50768,cut,21788,5439,no
rKaHyPar,vibrobox.mtx.hgr,no,no,8,16,0.03,0.0298314,6.36933,cut,22558,5692,no
rKaHyPar,vibrobox.mtx.hgr,no,no,9,16,0.03,0.0298314,6.34201,cut,20249,5982,no
rKaHyPar,vibrobox.mtx.hgr,no,no,0,2,0.03,0,3.00375,cut,2248,2248,no
rKaHyPar,vibrobox.mtx.hgr,no,no,1,2,0.03,0,1.86229,cut,2248,2248,no
rKaHyPar,vibrobox.mtx.hgr,no,no,2,2,0.03,0,1.75546,cut,2248,2248,no
rKaHyPar,vibrobox.mtx.hgr,no,no,3,2,0.03,0,2.86356,cut,2248,2248,no
rKaHyPar,vibrobox.mtx.hgr,no,no,4,2,0.03,0,1.93113,cut,2248,2248,no
rKaHyPar,vibrobox.mtx.hgr,no,no,5,2,0.03,0,1.85543,cut,2248,2248,no
rKaHyPar,vibrobox.mtx.hgr,no,no,6,2,0.03,0,2.1983,cut,2248,2248,no
rKaHyPar,vibrobox.mtx.hgr,no,no,7,2,0.03,0,1.89164,cut,2248,2248,no
rKaHyPar,vibrobox.mtx.hgr,no,no,8,2,0.03,0,2.75281,cut,2248,2248,no
rKaHyPar,vibrobox.mtx.hgr,no,no,9,2,0.03,0,2.02908,cut,2248,2248,no
rKaHyPar,vibrobox.mtx.hgr,no,no,0,32,0.03,0.0259067,7.97516,cut,29622,6936,no
rKaHyPar,vibrobox.mtx.hgr,no,no,1,32,0.03,0.0284974,5.61111,cut,31374,6955,no
rKaHyPar,vibrobox.mtx.hgr,no,no,2,32,0.03,0.0284974,8.1431,cut,28923,7035,no
rKaHyPar,vibrobox.mtx.hgr,no,no,3,32,0.03,0.0284974,7.70601,cut,30107,7014,no
rKaHyPar,vibrobox.mtx.hgr,no,no,4,32,0.03,0.0284974,5.50751,cut,28935,6804,no
rKaHyPar,vibrobox.mtx.hgr,no,no,5,32,0.03,0.0284974,5.56446,cut,30431,6960,no
rKaHyPar,vibrobox.mtx.hgr,no,no,6,32,0.03,0.0284974,5.557,cut,34561,6943,no
rKaHyPar,vibrobox.mtx.hgr,no,no,7,32,0.03,0.0284974,7.78676,cut,30376,7002,no
rKaHyPar,vibrobox.mtx.hgr,no,no,8,32,0.03,0.0284974,5.69823,cut,31796,6977,no
rKaHyPar,vibrobox.mtx.hgr,no,no,9,32,0.03,0.0284974,5.39011,cut,28635,6857,no
rKaHyPar,vibrobox.mtx.hgr,no,no,0,4,0.03,0.0285529,4.09596,cut,4788,3852,no
rKaHyPar,vibrobox.mtx.hgr,no,no,1,4,0.03,0.0292018,4.29618,cut,6112,4060,no
rKaHyPar,vibrobox.mtx.hgr,no,no,2,4,0.03,0.0266061,2.93465,cut,5889,4063,no
rKaHyPar,vibrobox.mtx.hgr,no,no,3,4,0.03,0.027904,4.76295,cut,5929,3842,no
rKaHyPar,vibrobox.mtx.hgr,no,no,4,4,0.03,0.027904,4.92782,cut,5322,3826,no
rKaHyPar,vibrobox.mtx.hgr,no,no,5,4,0.03,0.0288774,3.44212,cut,5913,3837,no
rKaHyPar,vibrobox.mtx.hgr,no,no,6,4,0.03,0.00973394,4.33152,cut,6433,4354,no
rKaHyPar,vibrobox.mtx.hgr,no,no,7,4,0.03,0.0292018,4.68061,cut,5262,3796,no
rKaHyPar,vibrobox.mtx.hgr,no,no,8,4,0.03,0.0298507,4.32192,cut,6746,4237,no
rKaHyPar,vibrobox.mtx.hgr,no,no,9,4,0.03,0.0175211,4.27383,cut,6017,4139,no
rKaHyPar,vibrobox.mtx.hgr,no,no,0,64,0.03,0.0259067,6.8979,cut,41701,7684,no
rKaHyPar,vibrobox.mtx.hgr,no,no,1,64,0.03,0.0259067,9.59653,cut,44020,7590,no
rKaHyPar,vibrobox.mtx.hgr,no,no,2,64,0.03,0.0259067,6.88606,cut,42401,7724,no
rKaHyPar,vibrobox.mtx.hgr,no,no,3,64,0.03,0.0259067,6.84487,cut,41956,7808,no
rKaHyPar,vibrobox.mtx.hgr,no,no,5,64,0.03,0.0259067,6.81417,cut,41214,7683,no
rKaHyPar,vibrobox.mtx.hgr,no,no,6,64,0.03,0.0259067,9.81917,cut,41763,7551,no
rKaHyPar,vibrobox.mtx.hgr,no,no,7,64,0.03,0.0259067,6.91879,cut,42201,7721,no
rKaHyPar,vibrobox.mtx.hgr,no,no,8,64,0.03,0.0259067,6.72111,cut,44210,7732,no
rKaHyPar,vibrobox.mtx.hgr,no,no,9,64,0.03,0.0259067,6.8189,cut,39740,7650,no
rKaHyPar,vibrobox.mtx.hgr,no,no,0,8,0.03,0.0298507,5.18103,cut,12568,4957,no
rKaHyPar,vibrobox.mtx.hgr,no,no,1,8,0.03,0.0136275,5.23885,cut,13937,5374,no
rKaHyPar,vibrobox.mtx.hgr,no,no,2,8,0.03,0.0233615,3.62822,cut,12184,5177,no
rKaHyPar,vibrobox.mtx.hgr,no,no,3,8,0.03,0.0188189,5.44378,cut,11768,5385,no
rKaHyPar,vibrobox.mtx.hgr,no,no,4,8,0.03,0.0292018,5.26483,cut,13223,5269,no
rKaHyPar,vibrobox.mtx.hgr,no,no,5,8,0.03,0.0298507,3.58904,cut,12332,5226,no
rKaHyPar,vibrobox.mtx.hgr,no,no,6,8,0.03,0.0259572,5.45485,cut,12882,5461,no
rKaHyPar,vibrobox.mtx.hgr,no,no,7,8,0.03,0.0298507,3.58245,cut,13462,4894,no
rKaHyPar,vibrobox.mtx.hgr,no,no,8,8,0.03,0.0298507,3.47749,cut,13902,4943,no
rKaHyPar,vibrobox.mtx.hgr,no,no,9,8,0.03,0.0298507,3.72235,cut,14429,5298,no
rKaHyPar,viscoplastic2.mtx.hgr,no,no,0,128,0.03,0.0272374,15.6943,cut,45815,21311,no
rKaHyPar,viscoplastic2.mtx.hgr,no,no,1,128,0.03,0.0272374,15.9031,cut,45895,21386,no
rKaHyPar,viscoplastic2.mtx.hgr,no,no,2,128,0.03,0.0272374,11.4465,cut,45926,21535,no
rKaHyPar,viscoplastic2.mtx.hgr,no,no,3,128,0.03,0.0272374,15.6098,cut,45407,21508,no
rKaHyPar,viscoplastic2.mtx.hgr,no,no,4,128,0.03,0.0272374,15.8196,cut,45583,21621,no
rKaHyPar,viscoplastic2.mtx.hgr,no,no,5,128,0.03,0.0272374,11.2403,cut,46103,21460,no
rKaHyPar,viscoplastic2.mtx.hgr,no,no,6,128,0.03,0.0272374,11.2406,cut,46784,21363,no
rKaHyPar,viscoplastic2.mtx.hgr,no,no,7,128,0.03,0.0272374,15.9117,cut,46774,21455,no
rKaHyPar,viscoplastic2.mtx.hgr,no,no,8,128,0.03,0.0272374,15.9141,cut,45744,21535,no
rKaHyPar,viscoplastic2.mtx.hgr,no,no,9,128,0.03,0.0272374,11.3765,cut,46486,21495,no
rKaHyPar,viscoplastic2.mtx.hgr,no,no,0,16,0.03,0.0200098,8.89177,cut,9904,8482,no
rKaHyPar,viscoplastic2.mtx.hgr,no,no,1,16,0.03,0.0175695,6.09459,cut,9752,8458,no
rKaHyPar,viscoplastic2.mtx.hgr,no,no,2,16,0.03,0.0297706,6.67804,cut,11010,9028,no
rKaHyPar,viscoplastic2.mtx.hgr,no,no,3,16,0.03,0.0297706,9.22864,cut,10800,9071,no
rKaHyPar,viscoplastic2.mtx.hgr,no,no,4,16,0.03,0.0292826,6.25173,cut,10521,8560,no
rKaHyPar,viscoplastic2.mtx.hgr,no,no,5,16,0.03,0.0253782,8.65814,cut,9964,8461,no
rKaHyPar,viscoplastic2.mtx.hgr,no,no,6,16,0.03,0.0283065,6.27839,cut,9768,8475,no
rKaHyPar,viscoplastic2.mtx.hgr,no,no,7,16,0.03,0.0292826,6.17093,cut,9699,8421,no
rKaHyPar,viscoplastic2.mtx.hgr,no,no,8,16,0.03,0.0107369,8.79722,cut,10021,8443,no
rKaHyPar,viscoplastic2.mtx.hgr,no,no,9,16,0.03,0.0297706,8.89458,cut,10404,8500,no
rKaHyPar,viscoplastic2.mtx.hgr,no,no,0,2,0.03,0.0284406,2.83643,cut,1507,1507,no
rKaHyPar,viscoplastic2.mtx.hgr,no,no,1,2,0.03,0.0284406,2.13814,cut,1507,1507,no
rKaHyPar,viscoplastic2.mtx.hgr,no,no,2,2,0.03,0.0284406,2.47783,cut,1507,1507,no
rKaHyPar,viscoplastic2.mtx.hgr,no,no,3,2,0.03,0.0284406,3.27436,cut,1507,1507,no
rKaHyPar,viscoplastic2.mtx.hgr,no,no,4,2,0.03,0.0284406,2.02768,cut,1507,1507,no
rKaHyPar,viscoplastic2.mtx.hgr,no,no,5,2,0.03,0.0284406,2.13886,cut,1507,1507,no
rKaHyPar,viscoplastic2.mtx.hgr,no,no,6,2,0.03,0.0284406,2.00296,cut,1507,1507,no
rKaHyPar,viscoplastic2.mtx.hgr,no,no,7,2,0.03,0.0284406,2.25664,cut,1507,1507,no
rKaHyPar,viscoplastic2.mtx.hgr,no,no,8,2,0.03,0.0284406,3.02097,cut,1507,1507,no
rKaHyPar,viscoplastic2.mtx.hgr,no,no,9,2,0.03,0.0284406,2.21362,cut,1507,1507,no
rKaHyPar,viscoplastic2.mtx.hgr,no,no,0,32,0.03,0.0282927,11.0306,cut,16707,13044,no
rKaHyPar,viscoplastic2.mtx.hgr,no,no,1,32,0.03,0.0282927,8.18583,cut,17138,13087,no
rKaHyPar,viscoplastic2.mtx.hgr,no,no,2,32,0.03,0.0273171,11.4991,cut,16476,13089,no
rKaHyPar,viscoplastic2.mtx.hgr,no,no,3,32,0.03,0.0282927,11.1237,cut,17195,13000,no
rKaHyPar,viscoplastic2.mtx.hgr,no,no,4,32,0.03,0.0282927,8.06063,cut,17191,13061,no
rKaHyPar,viscoplastic2.mtx.hgr,no,no,5,32,0.03,0.0243902,8.22957,cut,16949,13092,no
rKaHyPar,viscoplastic2.mtx.hgr,no,no,6,32,0.03,0.0292683,7.95339,cut,17028,12860,no
rKaHyPar,viscoplastic2.mtx.hgr,no,no,7,32,0.03,0.0292683,11.487,cut,17281,13236,no
rKaHyPar,viscoplastic2.mtx.hgr,no,no,8,32,0.03,0.0273171,8.03412,cut,17461,12841,no
rKaHyPar,viscoplastic2.mtx.hgr,no,no,9,32,0.03,0.0185366,7.99713,cut,16863,13121,no
rKaHyPar,viscoplastic2.mtx.hgr,no,no,0,4,0.03,0.00134261,4.97865,cut,3085,2980,no
rKaHyPar,viscoplastic2.mtx.hgr,no,no,1,4,0.03,0.00964238,5.47939,cut,3118,2985,no
rKaHyPar,viscoplastic2.mtx.hgr,no,no,2,4,0.03,0.00720127,3.75279,cut,3160,2947,no
rKaHyPar,viscoplastic2.mtx.hgr,no,no,3,4,0.03,0.0156231,6.56074,cut,3705,3625,no
rKaHyPar,viscoplastic2.mtx.hgr,no,no,4,4,0.03,0.0169657,5.00828,cut,3088,2980,no
rKaHyPar,viscoplastic2.mtx.hgr,no,no,5,4,0.03,0.0169657,5.23683,cut,3064,2980,no
rKaHyPar,viscoplastic2.mtx.hgr,no,no,6,4,0.03,0.0236788,4.86364,cut,3027,2947,no
rKaHyPar,viscoplastic2.mtx.hgr,no,no,7,4,0.03,0.0157451,4.74382,cut,3117,2996,no
rKaHyPar,viscoplastic2.mtx.hgr,no,no,8,4,0.03,0.0194068,4.94674,cut,3064,2980,no
rKaHyPar,viscoplastic2.mtx.hgr,no,no,9,4,0.03,0.00292933,4.98054,cut,3048,2947,no
rKaHyPar,viscoplastic2.mtx.hgr,no,no,0,64,0.03,0.0292398,9.78952,cut,29760,17470,no
rKaHyPar,viscoplastic2.mtx.hgr,no,no,1,64,0.03,0.0292398,13.95,cut,28566,17480,no
rKaHyPar,viscoplastic2.mtx.hgr,no,no,2,64,0.03,0.0292398,9.75304,cut,29158,17537,no
rKaHyPar,viscoplastic2.mtx.hgr,no,no,3,64,0.03,0.0292398,9.51579,cut,28782,17464,no
rKaHyPar,viscoplastic2.mtx.hgr,no,no,5,64,0.03,0.0292398,9.5843,cut,29075,17456,no
rKaHyPar,viscoplastic2.mtx.hgr,no,no,6,64,0.03,0.0292398,13.5625,cut,28959,17255,no
rKaHyPar,viscoplastic2.mtx.hgr,no,no,7,64,0.03,0.0292398,13.8519,cut,28695,17437,no
rKaHyPar,viscoplastic2.mtx.hgr,no,no,8,64,0.03,0.0292398,13.6594,cut,28970,17092,no
rKaHyPar,viscoplastic2.mtx.hgr,no,no,9,64,0.03,0.0292398,9.95259,cut,28933,17395,no
rKaHyPar,viscoplastic2.mtx.hgr,no,no,0,8,0.03,0.024164,6.78771,cut,6338,5856,no
rKaHyPar,viscoplastic2.mtx.hgr,no,no,1,8,0.03,0.00951916,6.82077,cut,6201,5694,no
rKaHyPar,viscoplastic2.mtx.hgr,no,no,2,8,0.03,0.0280693,5.20719,cut,6059,5755,no
rKaHyPar,viscoplastic2.mtx.hgr,no,no,3,8,0.03,0.0295338,7.27198,cut,6207,5747,no
rKaHyPar,viscoplastic2.mtx.hgr,no,no,4,8,0.03,0.0297779,6.68001,cut,6024,5681,no
rKaHyPar,viscoplastic2.mtx.hgr,no,no,5,8,0.03,0.0278252,4.99066,cut,6094,5722,no
rKaHyPar,viscoplastic2.mtx.hgr,no,no,6,8,0.03,0.01196,6.842,cut,6567,5712,no
rKaHyPar,viscoplastic2.mtx.hgr,no,no,7,8,0.03,0.0297779,4.83374,cut,6178,5819,no
rKaHyPar,viscoplastic2.mtx.hgr,no,no,8,8,0.03,0.0224555,4.76677,cut,6305,5891,no
rKaHyPar,viscoplastic2.mtx.hgr,no,no,9,8,0.03,0.0268489,5.14546,cut,6348,5713,no
rKaHyPar,viscorocks.mtx.hgr,no,no,0,128,0.03,0.0135135,20.1047,cut,36476,14700,no
rKaHyPar,viscorocks.mtx.hgr,no,no,1,128,0.03,0.0202703,20.1826,cut,35652,14720,no
rKaHyPar,viscorocks.mtx.hgr,no,no,2,128,0.03,0.027027,14.0616,cut,37196,14670,no
rKaHyPar,viscorocks.mtx.hgr,no,no,3,128,0.03,0.0168919,20.4983,cut,34492,14590,no
rKaHyPar,viscorocks.mtx.hgr,no,no,4,128,0.03,0.027027,20.3958,cut,34700,14640,no
rKaHyPar,viscorocks.mtx.hgr,no,no,5,128,0.03,0.027027,14.1386,cut,36616,14666,no
rKaHyPar,viscorocks.mtx.hgr,no,no,6,128,0.03,0.0135135,13.9846,cut,38734,14624,no
rKaHyPar,viscorocks.mtx.hgr,no,no,7,128,0.03,0.0135135,20.4189,cut,36220,14646,no
rKaHyPar,viscorocks.mtx.hgr,no,no,8,128,0.03,0.027027,20.2624,cut,36948,14656,no
rKaHyPar,viscorocks.mtx.hgr,no,no,9,128,0.03,0.027027,13.951,cut,36986,14630,no
rKaHyPar,viscorocks.mtx.hgr,no,no,0,16,0.03,0.0228717,8.86986,cut,6246,4106,no
rKaHyPar,viscorocks.mtx.hgr,no,no,1,16,0.03,0.0122829,6.04926,cut,6130,4106,no
rKaHyPar,viscorocks.mtx.hgr,no,no,2,16,0.03,0.0148242,6.04072,cut,6492,4106,no
rKaHyPar,viscorocks.mtx.hgr,no,no,3,16,0.03,0.0199068,8.89967,cut,5840,4106,no
rKaHyPar,viscorocks.mtx.hgr,no,no,4,16,0.03,0.0173655,6.118,cut,6062,4106,no
rKaHyPar,viscorocks.mtx.hgr,no,no,5,16,0.03,0.0114358,9.16301,cut,6432,4106,no
rKaHyPar,viscorocks.mtx.hgr,no,no,6,16,0.03,0.0177891,6.01708,cut,5892,4102,no
rKaHyPar,viscorocks.mtx.hgr,no,no,7,16,0.03,0.0228717,6.0763,cut,5802,4106,no
rKaHyPar,viscorocks.mtx.hgr,no,no,8,16,0.03,0.016942,8.88601,cut,6020,4106,no
rKaHyPar,viscorocks.mtx.hgr,no,no,9,16,0.03,0.0279543,8.90142,cut,6948,4106,no
rKaHyPar,viscorocks.mtx.hgr,no,no,0,2,0.03,0.00344261,2.96343,cut,326,326,no
rKaHyPar,viscorocks.mtx.hgr,no,no,1,2,0.03,0.00344261,2.22598,cut,326,326,no
rKaHyPar,viscorocks.mtx.hgr,no,no,2,2,0.03,0.00344261,1.95751,cut,326,326,no
rKaHyPar,viscorocks.mtx.hgr,no,no,3,2,0.03,0.00344261,2.97558,cut,326,326,no
rKaHyPar,viscorocks.mtx.hgr,no,no,4,2,0.03,0.00344261,2.15329,cut,326,326,no
rKaHyPar,viscorocks.mtx.hgr,no,no,5,2,0.03,0.00344261,2.20961,cut,326,326,no
rKaHyPar,viscorocks.mtx.hgr,no,no,6,2,0.03,0.00344261,2.13498,cut,326,326,no
rKaHyPar,viscorocks.mtx.hgr,no,no,7,2,0.03,0.00344261,1.97114,cut,326,326,no
rKaHyPar,viscorocks.mtx.hgr,no,no,8,2,0.03,0.00344261,2.95126,cut,326,326,no
rKaHyPar,viscorocks.mtx.hgr,no,no,9,2,0.03,0.00344261,1.98841,cut,326,326,no
rKaHyPar,viscorocks.mtx.hgr,no,no,0,32,0.03,0.0135478,11.6855,cut,11878,6596,no
rKaHyPar,viscorocks.mtx.hgr,no,no,1,32,0.03,0.0135478,7.88449,cut,10978,6586,no
rKaHyPar,viscorocks.mtx.hgr,no,no,2,32,0.03,0.0127011,11.6195,cut,11782,6586,no
rKaHyPar,viscorocks.mtx.hgr,no,no,3,32,0.03,0.0127011,8.0792,cut,11670,6596,no
rKaHyPar,viscorocks.mtx.hgr,no,no,4,32,0.03,0.0254022,8.01006,cut,11540,6616,no
rKaHyPar,viscorocks.mtx.hgr,no,no,5,32,0.03,0.0160881,8.06348,cut,12168,6592,no
rKaHyPar,viscorocks.mtx.hgr,no,no,6,32,0.03,0.0262489,7.94547,cut,11484,6582,no
rKaHyPar,viscorocks.mtx.hgr,no,no,7,32,0.03,0.0160881,11.8218,cut,11808,6612,no
rKaHyPar,viscorocks.mtx.hgr,no,no,8,32,0.03,0.0177815,8.0152,cut,11500,6586,no
rKaHyPar,viscorocks.mtx.hgr,no,no,9,32,0.03,0.0143946,7.96407,cut,11498,6586,no
rKaHyPar,viscorocks.mtx.hgr,no,no,0,4,0.03,0.0102743,3.34852,cut,1304,978,no
rKaHyPar,viscorocks.mtx.hgr,no,no,1,4,0.03,0.0102743,4.74908,cut,1304,978,no
rKaHyPar,viscorocks.mtx.hgr,no,no,2,4,0.03,0.0102743,3.25138,cut,1304,978,no
rKaHyPar,viscorocks.mtx.hgr,no,no,3,4,0.03,0.0102743,4.9853,cut,1304,978,no
rKaHyPar,viscorocks.mtx.hgr,no,no,4,4,0.03,0.0102743,4.81879,cut,1304,978,no
rKaHyPar,viscorocks.mtx.hgr,no,no,5,4,0.03,0.0102743,3.53206,cut,1304,978,no
rKaHyPar,viscorocks.mtx.hgr,no,no,6,4,0.03,0.0102743,3.26994,cut,1304,978,no
rKaHyPar,viscorocks.mtx.hgr,no,no,7,4,0.03,0.0102743,4.78834,cut,978,978,no
rKaHyPar,viscorocks.mtx.hgr,no,no,8,4,0.03,0.0102743,4.84871,cut,1304,978,no
rKaHyPar,viscorocks.mtx.hgr,no,no,9,4,0.03,0.0102743,3.38237,cut,1304,978,no
rKaHyPar,viscorocks.mtx.hgr,no,no,0,64,0.03,0.0287648,10.5821,cut,21210,9996,no
rKaHyPar,viscorocks.mtx.hgr,no,no,1,64,0.03,0.0270728,15.3751,cut,21240,10026,no
rKaHyPar,viscorocks.mtx.hgr,no,no,2,64,0.03,0.0287648,10.6172,cut,20438,10034,no
rKaHyPar,viscorocks.mtx.hgr,no,no,3,64,0.03,0.0270728,10.7898,cut,21548,9980,no
rKaHyPar,viscorocks.mtx.hgr,no,no,5,64,0.03,0.0270728,15.3947,cut,21122,9990,no
rKaHyPar,viscorocks.mtx.hgr,no,no,6,64,0.03,0.0287648,15.4084,cut,20522,10008,no
rKaHyPar,viscorocks.mtx.hgr,no,no,7,64,0.03,0.0270728,10.6943,cut,19910,10010,no
rKaHyPar,viscorocks.mtx.hgr,no,no,8,64,0.03,0.0270728,10.5312,cut,20768,10032,no
rKaHyPar,viscorocks.mtx.hgr,no,no,9,64,0.03,0.0287648,10.7441,cut,20724,9998,no
rKaHyPar,viscorocks.mtx.hgr,no,no,0,8,0.03,0.0239356,6.54229,cut,2934,2282,no
rKaHyPar,viscorocks.mtx.hgr,no,no,1,8,0.03,0.0239356,6.66901,cut,3078,2282,no
rKaHyPar,viscorocks.mtx.hgr,no,no,2,8,0.03,0.0239356,4.68814,cut,2934,2282,no
rKaHyPar,viscorocks.mtx.hgr,no,no,3,8,0.03,0.0239356,6.76272,cut,3260,2282,no
rKaHyPar,viscorocks.mtx.hgr,no,no,4,8,0.03,0.0239356,6.65358,cut,3016,2282,no
rKaHyPar,viscorocks.mtx.hgr,no,no,5,8,0.03,0.0239356,4.64392,cut,3056,2282,no
rKaHyPar,viscorocks.mtx.hgr,no,no,6,8,0.03,0.0239356,6.65299,cut,2990,2282,no
rKaHyPar,viscorocks.mtx.hgr,no,no,7,8,0.03,0.0239356,4.58517,cut,2608,2282,no
rKaHyPar,viscorocks.mtx.hgr,no,no,8,8,0.03,0.0239356,6.60255,cut,2804,2282,no
rKaHyPar,viscorocks.mtx.hgr,no,no,9,8,0.03,0.0239356,4.53577,cut,2610,2282,no
rKaHyPar,wang4.mtx.hgr,no,no,0,128,0.03,0.0294118,14.9698,cut,19786,13169,no
rKaHyPar,wang4.mtx.hgr,no,no,1,128,0.03,0.0294118,14.7534,cut,19667,13221,no
rKaHyPar,wang4.mtx.hgr,no,no,2,128,0.03,0.0294118,10.9732,cut,19933,13297,no
rKaHyPar,wang4.mtx.hgr,no,no,3,128,0.03,0.0294118,14.8452,cut,20081,13374,no
rKaHyPar,wang4.mtx.hgr,no,no,4,128,0.03,0.0294118,15.0248,cut,19381,13058,no
rKaHyPar,wang4.mtx.hgr,no,no,5,128,0.03,0.0294118,11.1081,cut,19846,13246,no
rKaHyPar,wang4.mtx.hgr,no,no,6,128,0.03,0.0294118,10.9609,cut,19364,13077,no
rKaHyPar,wang4.mtx.hgr,no,no,7,128,0.03,0.0294118,15.0368,cut,19519,13137,no
rKaHyPar,wang4.mtx.hgr,no,no,8,128,0.03,0.0294118,15.0094,cut,19459,13097,no
rKaHyPar,wang4.mtx.hgr,no,no,9,128,0.03,0.0294118,11.1261,cut,19292,13055,no
rKaHyPar,wang4.mtx.hgr,no,no,0,16,0.03,0.0269939,7.7513,cut,7564,6486,no
rKaHyPar,wang4.mtx.hgr,no,no,1,16,0.03,0.0294479,5.45518,cut,7703,6588,no
rKaHyPar,wang4.mtx.hgr,no,no,2,16,0.03,0.0294479,5.75591,cut,7631,6556,no
rKaHyPar,wang4.mtx.hgr,no,no,3,16,0.03,0.0294479,7.37208,cut,7707,6658,no
rKaHyPar,wang4.mtx.hgr,no,no,4,16,0.03,0.0282209,5.64658,cut,7436,6422,no
rKaHyPar,wang4.mtx.hgr,no,no,5,16,0.03,0.0239264,7.64377,cut,7738,6651,no
rKaHyPar,wang4.mtx.hgr,no,no,6,16,0.03,0.0282209,5.82229,cut,7488,6482,no
rKaHyPar,wang4.mtx.hgr,no,no,7,16,0.03,0.0251534,5.90063,cut,7462,6446,no
rKaHyPar,wang4.mtx.hgr,no,no,8,16,0.03,0.0276074,7.74915,cut,7734,6597,no
rKaHyPar,wang4.mtx.hgr,no,no,9,16,0.03,0.0263804,7.44933,cut,7662,6556,no
rKaHyPar,wang4.mtx.hgr,no,no,0,2,0.03,0,2.43249,cut,1740,1740,no
rKaHyPar,wang4.mtx.hgr,no,no,1,2,0.03,0,1.71742,cut,1740,1740,no
rKaHyPar,wang4.mtx.hgr,no,no,2,2,0.03,0,1.74766,cut,1740,1740,no
rKaHyPar,wang4.mtx.hgr,no,no,3,2,0.03,0,2.35727,cut,1740,1740,no
rKaHyPar,wang4.mtx.hgr,no,no,4,2,0.03,0,1.81607,cut,1740,1740,no
rKaHyPar,wang4.mtx.hgr,no,no,5,2,0.03,0,1.85793,cut,1740,1740,no
rKaHyPar,wang4.mtx.hgr,no,no,6,2,0.03,0,1.83067,cut,1740,1740,no
rKaHyPar,wang4.mtx.hgr,no,no,7,2,0.03,0,1.81762,cut,1740,1740,no
rKaHyPar,wang4.mtx.hgr,no,no,8,2,0.03,0,2.30229,cut,1740,1740,no
rKaHyPar,wang4.mtx.hgr,no,no,9,2,0.03,0,1.81325,cut,1740,1740,no
rKaHyPar,wang4.mtx.hgr,no,no,0,32,0.03,0.0282209,9.44697,cut,11205,8952,no
rKaHyPar,wang4.mtx.hgr,no,no,1,32,0.03,0.0294479,6.92974,cut,10566,8479,no
rKaHyPar,wang4.mtx.hgr,no,no,2,32,0.03,0.0294479,9.5107,cut,10480,8346,no
rKaHyPar,wang4.mtx.hgr,no,no,3,32,0.03,0.0294479,7.08288,cut,10491,8395,no
rKaHyPar,wang4.mtx.hgr,no,no,4,32,0.03,0.0282209,6.99259,cut,10222,8200,no
rKaHyPar,wang4.mtx.hgr,no,no,5,32,0.03,0.0294479,6.97268,cut,10868,8710,no
rKaHyPar,wang4.mtx.hgr,no,no,6,32,0.03,0.0294479,6.99141,cut,10088,8146,no
rKaHyPar,wang4.mtx.hgr,no,no,7,32,0.03,0.0282209,9.54077,cut,10073,8160,no
rKaHyPar,wang4.mtx.hgr,no,no,8,32,0.03,0.0294479,6.9684,cut,10584,8489,no
rKaHyPar,wang4.mtx.hgr,no,no,9,32,0.03,0.0294479,6.98748,cut,10577,8544,no
rKaHyPar,wang4.mtx.hgr,no,no,0,4,0.03,0.0150376,4.43345,cut,3347,3194,no
rKaHyPar,wang4.mtx.hgr,no,no,1,4,0.03,0.0190272,4.58202,cut,3346,3204,no
rKaHyPar,wang4.mtx.hgr,no,no,2,4,0.03,0.0270063,3.16963,cut,3383,3226,no
rKaHyPar,wang4.mtx.hgr,no,no,3,4,0.03,0.00736535,4.57969,cut,3355,3203,no
rKaHyPar,wang4.mtx.hgr,no,no,4,4,0.03,0.0219426,4.51145,cut,3353,3200,no
rKaHyPar,wang4.mtx.hgr,no,no,5,4,0.03,0,3.7851,cut,3432,3275,no
rKaHyPar,wang4.mtx.hgr,no,no,6,4,0.03,0.0113549,3.82355,cut,3273,3126,no
rKaHyPar,wang4.mtx.hgr,no,no,7,4,0.03,0.00260856,4.32502,cut,3320,3162,no
rKaHyPar,wang4.mtx.hgr,no,no,8,4,0.03,0.00552401,4.38043,cut,3307,3163,no
rKaHyPar,wang4.mtx.hgr,no,no,9,4,0.03,0.0257787,3.51263,cut,3380,3227,no
rKaHyPar,wang4.mtx.hgr,no,no,0,64,0.03,0.0294118,8.62713,cut,14379,10641,no
rKaHyPar,wang4.mtx.hgr,no,no,1,64,0.03,0.0294118,11.7913,cut,14777,10928,no
rKaHyPar,wang4.mtx.hgr,no,no,2,64,0.03,0.0269608,8.53452,cut,14701,10836,no
rKaHyPar,wang4.mtx.hgr,no,no,3,64,0.03,0.0294118,8.65153,cut,14379,10653,no
rKaHyPar,wang4.mtx.hgr,no,no,5,64,0.03,0.0294118,11.8693,cut,14692,10787,no
rKaHyPar,wang4.mtx.hgr,no,no,6,64,0.03,0.0269608,11.9525,cut,13898,10445,no
rKaHyPar,wang4.mtx.hgr,no,no,7,64,0.03,0.0294118,12.0886,cut,14340,10606,no
rKaHyPar,wang4.mtx.hgr,no,no,8,64,0.03,0.0269608,11.7128,cut,14506,10744,no
rKaHyPar,wang4.mtx.hgr,no,no,9,64,0.03,0.0294118,8.65716,cut,14642,10805,no
rKaHyPar,wang4.mtx.hgr,no,no,0,8,0.03,0.0205585,5.60533,cut,5149,4650,no
rKaHyPar,wang4.mtx.hgr,no,no,1,8,0.03,0.0282295,5.42422,cut,5152,4676,no
rKaHyPar,wang4.mtx.hgr,no,no,2,8,0.03,0.0288432,4.15425,cut,5101,4636,no
rKaHyPar,wang4.mtx.hgr,no,no,3,8,0.03,0,5.29224,cut,5107,4658,no
rKaHyPar,wang4.mtx.hgr,no,no,4,8,0.03,0.0248542,5.58368,cut,5067,4588,no
rKaHyPar,wang4.mtx.hgr,no,no,5,8,0.03,0.02915,4.25056,cut,5089,4629,no
rKaHyPar,wang4.mtx.hgr,no,no,6,8,0.03,0.02915,5.99439,cut,4911,4470,no
rKaHyPar,wang4.mtx.hgr,no,no,7,8,0.03,0.0266953,4.71149,cut,5104,4637,no
rKaHyPar,wang4.mtx.hgr,no,no,8,8,0.03,0.0288432,6.25198,cut,5025,4583,no
rKaHyPar,wang4.mtx.hgr,no,no,9,8,0.03,0.0270021,4.07251,cut,5047,4599,no
rKaHyPar,water_tank.mtx.hgr,no,no,0,128,0.03,0.0294737,25.5837,cut,46269,29376,no
rKaHyPar,water_tank.mtx.hgr,no,no,1,128,0.03,0.0294737,38.2152,cut,47718,30026,no
rKaHyPar,water_tank.mtx.hgr,no,no,2,128,0.03,0.0294737,25.5606,cut,47092,29406,no
rKaHyPar,water_tank.mtx.hgr,no,no,3,128,0.03,0.0294737,25.4722,cut,47064,29595,no
rKaHyPar,water_tank.mtx.hgr,no,no,4,128,0.03,0.0294737,38.6984,cut,46097,29784,no
rKaHyPar,water_tank.mtx.hgr,no,no,5,128,0.03,0.0294737,26.5469,cut,49122,30439,no
rKaHyPar,water_tank.mtx.hgr,no,no,6,128,0.03,0.0294737,25.342,cut,47644,29672,no
rKaHyPar,water_tank.mtx.hgr,no,no,7,128,0.03,0.0294737,37.3645,cut,47221,29506,no
rKaHyPar,water_tank.mtx.hgr,no,no,8,128,0.03,0.0294737,36.4854,cut,48288,29568,no
rKaHyPar,water_tank.mtx.hgr,no,no,9,128,0.03,0.0294737,25.2446,cut,46261,29252,no
rKaHyPar,water_tank.mtx.hgr,no,no,0,16,0.03,0.0271267,22.5262,cut,16645,13699,no
rKaHyPar,water_tank.mtx.hgr,no,no,1,16,0.03,0.0284435,16.303,cut,16215,13447,no
rKaHyPar,water_tank.mtx.hgr,no,no,2,16,0.03,0.0231762,15.6638,cut,15918,13161,no
rKaHyPar,water_tank.mtx.hgr,no,no,3,16,0.03,0.029497,22.5115,cut,15823,13122,no
rKaHyPar,water_tank.mtx.hgr,no,no,4,16,0.03,0.0297603,15.6391,cut,15952,13246,no
rKaHyPar,water_tank.mtx.hgr,no,no,5,16,0.03,0.0297603,25.5309,cut,15655,13070,no
rKaHyPar,water_tank.mtx.hgr,no,no,6,16,0.03,0.0292336,15.8951,cut,15893,13335,no
rKaHyPar,water_tank.mtx.hgr,no,no,7,16,0.03,0.0292336,15.1175,cut,16029,13388,no
rKaHyPar,water_tank.mtx.hgr,no,no,8,16,0.03,0.029497,22.9236,cut,17427,13771,no
rKaHyPar,water_tank.mtx.hgr,no,no,9,16,0.03,0.0205425,22.0345,cut,16118,13346,no
rKaHyPar,water_tank.mtx.hgr,no,no,0,2,0.03,0.0299309,39.5996,cut,4507,4507,no
rKaHyPar,water_tank.mtx.hgr,no,no,1,2,0.03,0.0299967,24.1787,cut,4556,4556,no
rKaHyPar,water_tank.mtx.hgr,no,no,2,2,0.03,0.0299309,36.2957,cut,4572,4572,no
rKaHyPar,water_tank.mtx.hgr,no,no,3,2,0.03,0.0299967,38.4901,cut,4436,4436,no
rKaHyPar,water_tank.mtx.hgr,no,no,4,2,0.03,0.029865,25.3365,cut,4541,4541,no
rKaHyPar,water_tank.mtx.hgr,no,no,5,2,0.03,0.0299967,17.4672,cut,4587,4587,no
rKaHyPar,water_tank.mtx.hgr,no,no,6,2,0.03,0.0298321,35.9532,cut,4549,4549,no
rKaHyPar,water_tank.mtx.hgr,no,no,7,2,0.03,0.0298321,28.4801,cut,4557,4557,no
rKaHyPar,water_tank.mtx.hgr,no,no,8,2,0.03,0.0299309,46.9562,cut,4473,4473,no
rKaHyPar,water_tank.mtx.hgr,no,no,9,2,0.03,0.0298321,21.6751,cut,4568,4568,no
rKaHyPar,water_tank.mtx.hgr,no,no,0,32,0.03,0.0294892,26.7787,cut,23428,18479,no
rKaHyPar,water_tank.mtx.hgr,no,no,1,32,0.03,0.0289626,18.7583,cut,24441,18502,no
rKaHyPar,water_tank.mtx.hgr,no,no,2,32,0.03,0.0294892,26.4792,cut,23116,18187,no
rKaHyPar,water_tank.mtx.hgr,no,no,3,32,0.03,0.0294892,18.3067,cut,24840,18349,no
rKaHyPar,water_tank.mtx.hgr,no,no,4,32,0.03,0.0294892,19.2573,cut,22316,17950,no
rKaHyPar,water_tank.mtx.hgr,no,no,5,32,0.03,0.0294892,21.718,cut,22874,18022,no
rKaHyPar,water_tank.mtx.hgr,no,no,6,32,0.03,0.028436,18.4051,cut,23774,18281,no
rKaHyPar,water_tank.mtx.hgr,no,no,7,32,0.03,0.0294892,27.1455,cut,23592,18574,no
rKaHyPar,water_tank.mtx.hgr,no,no,8,32,0.03,0.0294892,18.7675,cut,23324,18358,no
rKaHyPar,water_tank.mtx.hgr,no,no,9,32,0.03,0.028436,18.8983,cut,24182,18764,no
rKaHyPar,water_tank.mtx.hgr,no,no,0,4,0.03,0.014949,13.5823,cut,7764,7226,no
rKaHyPar,water_tank.mtx.hgr,no,no,1,4,0.03,0.0189661,17.6403,cut,7806,7292,no
rKaHyPar,water_tank.mtx.hgr,no,no,2,4,0.03,0.0287784,13.2506,cut,7743,7353,no
rKaHyPar,water_tank.mtx.hgr,no,no,3,4,0.03,0.0268028,19.4213,cut,7854,7313,no
rKaHyPar,water_tank.mtx.hgr,no,no,4,4,0.03,0.0283174,18.685,cut,7688,7290,no
rKaHyPar,water_tank.mtx.hgr,no,no,5,4,0.03,0.0214686,15.4604,cut,6282,6061,no
rKaHyPar,water_tank.mtx.hgr,no,no,6,4,0.03,0.0282516,12.3161,cut,7752,7369,no
rKaHyPar,water_tank.mtx.hgr,no,no,7,4,0.03,0.0264735,19.2661,cut,7679,7260,no
rKaHyPar,water_tank.mtx.hgr,no,no,8,4,0.03,0.0287784,20.9759,cut,7875,7383,no
rKaHyPar,water_tank.mtx.hgr,no,no,9,4,0.03,0.0277906,14.962,cut,7648,7263,no
rKaHyPar,water_tank.mtx.hgr,no,no,0,64,0.03,0.0294737,21.6648,cut,33692,23686,no
rKaHyPar,water_tank.mtx.hgr,no,no,1,64,0.03,0.0294737,31.7437,cut,33969,23692,no
rKaHyPar,water_tank.mtx.hgr,no,no,2,64,0.03,0.0294737,21.4166,cut,33650,23522,no
rKaHyPar,water_tank.mtx.hgr,no,no,3,64,0.03,0.0294737,21.7456,cut,33912,23817,no
rKaHyPar,water_tank.mtx.hgr,no,no,5,64,0.03,0.0294737,34.0514,cut,31801,23242,no
rKaHyPar,water_tank.mtx.hgr,no,no,6,64,0.03,0.0294737,32.296,cut,33470,23508,no
rKaHyPar,water_tank.mtx.hgr,no,no,7,64,0.03,0.0294737,21.9096,cut,32962,23627,no
rKaHyPar,water_tank.mtx.hgr,no,no,8,64,0.03,0.0294737,21.9924,cut,33053,23637,no
rKaHyPar,water_tank.mtx.hgr,no,no,9,64,0.03,0.0294737,21.7171,cut,33142,23763,no
rKaHyPar,water_tank.mtx.hgr,no,no,0,8,0.03,0.029896,18.7502,cut,11707,10183,no
rKaHyPar,water_tank.mtx.hgr,no,no,1,8,0.03,0.023706,18.9104,cut,11647,10131,no
rKaHyPar,water_tank.mtx.hgr,no,no,2,8,0.03,0.0254181,13.7646,cut,11638,9995,no
rKaHyPar,water_tank.mtx.hgr,no,no,3,8,0.03,0.0284473,21.0322,cut,11877,10270,no
rKaHyPar,water_tank.mtx.hgr,no,no,4,8,0.03,0.0276571,19.994,cut,11408,10190,no
rKaHyPar,water_tank.mtx.hgr,no,no,5,8,0.03,0.0196233,17.2424,cut,10211,9113,no
rKaHyPar,water_tank.mtx.hgr,no,no,6,8,0.03,0.0247596,18.8399,cut,11156,10107,no
rKaHyPar,water_tank.mtx.hgr,no,no,7,8,0.03,0.0296326,13.7618,cut,11264,10122,no
rKaHyPar,water_tank.mtx.hgr,no,no,8,8,0.03,0.0130383,19.2137,cut,11546,10314,no
rKaHyPar,water_tank.mtx.hgr,no,no,9,8,0.03,0.0212037,12.8953,cut,11093,10101,no
rKaHyPar,wathen120.mtx.hgr,no,no,0,128,0.03,0.0280702,13.8083,cut,21985,11069,no
rKaHyPar,wathen120.mtx.hgr,no,no,1,128,0.03,0.0280702,19.4167,cut,23363,11069,no
rKaHyPar,wathen120.mtx.hgr,no,no,2,128,0.03,0.0280702,13.7781,cut,22550,11025,no
rKaHyPar,wathen120.mtx.hgr,no,no,3,128,0.03,0.0280702,13.6978,cut,22159,11046,no
rKaHyPar,wathen120.mtx.hgr,no,no,4,128,0.03,0.0280702,19.3421,cut,22563,11017,no
rKaHyPar,wathen120.mtx.hgr,no,no,5,128,0.03,0.0280702,13.7769,cut,23421,11052,no
rKaHyPar,wathen120.mtx.hgr,no,no,6,128,0.03,0.0280702,13.7884,cut,22659,11034,no
rKaHyPar,wathen120.mtx.hgr,no,no,7,128,0.03,0.0280702,19.5828,cut,23364,11054,no
rKaHyPar,wathen120.mtx.hgr,no,no,8,128,0.03,0.0280702,19.6134,cut,23205,11037,no
rKaHyPar,wathen120.mtx.hgr,no,no,9,128,0.03,0.0280702,13.7296,cut,23206,11043,no
rKaHyPar,wathen120.mtx.hgr,no,no,0,16,0.03,0.0136084,6.99195,cut,5089,3251,no
rKaHyPar,wathen120.mtx.hgr,no,no,1,16,0.03,0.0254609,4.93088,cut,5018,3251,no
rKaHyPar,wathen120.mtx.hgr,no,no,2,16,0.03,0.0140474,4.78415,cut,4815,3251,no
rKaHyPar,wathen120.mtx.hgr,no,no,3,16,0.03,0.023266,6.66785,cut,5106,3251,no
rKaHyPar,wathen120.mtx.hgr,no,no,4,16,0.03,0.0127305,4.87958,cut,5218,3251,no
rKaHyPar,wathen120.mtx.hgr,no,no,5,16,0.03,0.0136084,6.85211,cut,5279,3256,no
rKaHyPar,wathen120.mtx.hgr,no,no,6,16,0.03,0.0223881,4.79571,cut,4844,3251,no
rKaHyPar,wathen120.mtx.hgr,no,no,7,16,0.03,0.023705,4.84578,cut,5358,3251,no
rKaHyPar,wathen120.mtx.hgr,no,no,8,16,0.03,0.0250219,7.11773,cut,5323,3256,no
rKaHyPar,wathen120.mtx.hgr,no,no,9,16,0.03,0.0122915,7.05764,cut,5837,3251,no
rKaHyPar,wathen120.mtx.hgr,no,no,0,2,0.03,0.00548817,3.58204,cut,503,503,no
rKaHyPar,wathen120.mtx.hgr,no,no,1,2,0.03,0.00548817,2.2621,cut,503,503,no
rKaHyPar,wathen120.mtx.hgr,no,no,2,2,0.03,0.00548817,2.41416,cut,503,503,no
rKaHyPar,wathen120.mtx.hgr,no,no,3,2,0.03,0.00548817,2.25822,cut,503,503,no
rKaHyPar,wathen120.mtx.hgr,no,no,4,2,0.03,0.00548817,2.19059,cut,503,503,no
rKaHyPar,wathen120.mtx.hgr,no,no,5,2,0.03,0.00548817,2.3107,cut,503,503,no
rKaHyPar,wathen120.mtx.hgr,no,no,6,2,0.03,0.00548817,2.17889,cut,503,503,no
rKaHyPar,wathen120.mtx.hgr,no,no,7,2,0.03,0.00548817,2.01365,cut,503,503,no
rKaHyPar,wathen120.mtx.hgr,no,no,8,2,0.03,0.00548817,3.75836,cut,503,503,no
rKaHyPar,wathen120.mtx.hgr,no,no,9,2,0.03,0.00548817,2.19515,cut,503,503,no
rKaHyPar,wathen120.mtx.hgr,no,no,0,32,0.03,0.0298507,9.54859,cut,8624,5167,no
rKaHyPar,wathen120.mtx.hgr,no,no,1,32,0.03,0.023705,6.90742,cut,8884,5172,no
rKaHyPar,wathen120.mtx.hgr,no,no,2,32,0.03,0.0219491,9.70534,cut,9312,5172,no
rKaHyPar,wathen120.mtx.hgr,no,no,3,32,0.03,0.0254609,6.72341,cut,8608,5172,no
rKaHyPar,wathen120.mtx.hgr,no,no,4,32,0.03,0.0219491,6.84591,cut,9206,5177,no
rKaHyPar,wathen120.mtx.hgr,no,no,5,32,0.03,0.0184372,6.9193,cut,10048,5170,no
rKaHyPar,wathen120.mtx.hgr,no,no,6,32,0.03,0.0289728,6.83721,cut,8681,5177,no
rKaHyPar,wathen120.mtx.hgr,no,no,7,32,0.03,0.0210711,9.64566,cut,9359,5172,no
rKaHyPar,wathen120.mtx.hgr,no,no,8,32,0.03,0.024583,6.85458,cut,9100,5182,no
rKaHyPar,wathen120.mtx.hgr,no,no,9,32,0.03,0.0254609,6.79838,cut,8483,5172,no
rKaHyPar,wathen120.mtx.hgr,no,no,0,4,0.03,0.0120733,4.30523,cut,1364,1098,no
rKaHyPar,wathen120.mtx.hgr,no,no,1,4,0.03,0.0120733,4.39058,cut,1364,1098,no
rKaHyPar,wathen120.mtx.hgr,no,no,2,4,0.03,0.0120733,2.88416,cut,1377,1098,no
rKaHyPar,wathen120.mtx.hgr,no,no,3,4,0.03,0.0120733,4.22156,cut,1364,1098,no
rKaHyPar,wathen120.mtx.hgr,no,no,4,4,0.03,0.0120733,4.10075,cut,1377,1098,no
rKaHyPar,wathen120.mtx.hgr,no,no,5,4,0.03,0.0120733,4.28672,cut,1364,1098,no
rKaHyPar,wathen120.mtx.hgr,no,no,6,4,0.03,0.0120733,2.86806,cut,1364,1098,no
rKaHyPar,wathen120.mtx.hgr,no,no,7,4,0.03,0.0120733,4.18213,cut,1364,1098,no
rKaHyPar,wathen120.mtx.hgr,no,no,8,4,0.03,0.0120733,4.60684,cut,1364,1098,no
rKaHyPar,wathen120.mtx.hgr,no,no,9,4,0.03,0.0120733,2.91621,cut,1364,1098,no
rKaHyPar,wathen120.mtx.hgr,no,no,0,64,0.03,0.022807,9.83912,cut,14140,7424,no
rKaHyPar,wathen120.mtx.hgr,no,no,1,64,0.03,0.022807,14.0769,cut,14732,7402,no
rKaHyPar,wathen120.mtx.hgr,no,no,2,64,0.03,0.0245614,9.64454,cut,14033,7385,no
rKaHyPar,wathen120.mtx.hgr,no,no,3,64,0.03,0.0175439,9.71478,cut,14474,7396,no
rKaHyPar,wathen120.mtx.hgr,no,no,5,64,0.03,0.0263158,13.543,cut,13824,7391,no
rKaHyPar,wathen120.mtx.hgr,no,no,6,64,0.03,0.0245614,14.0848,cut,14793,7431,no
rKaHyPar,wathen120.mtx.hgr,no,no,7,64,0.03,0.0245614,13.8391,cut,15050,7393,no
rKaHyPar,wathen120.mtx.hgr,no,no,8,64,0.03,0.0280702,13.7953,cut,14218,7394,no
rKaHyPar,wathen120.mtx.hgr,no,no,9,64,0.03,0.0263158,9.94508,cut,14317,7398,no
rKaHyPar,wathen120.mtx.hgr,no,no,0,8,0.03,0.0230465,5.23447,cut,3422,2088,no
rKaHyPar,wathen120.mtx.hgr,no,no,1,8,0.03,0.0230465,5.43709,cut,2684,2088,no
rKaHyPar,wathen120.mtx.hgr,no,no,2,8,0.03,0.0230465,3.73175,cut,3327,2088,no
rKaHyPar,wathen120.mtx.hgr,no,no,3,8,0.03,0.0230465,5.22125,cut,2691,2088,no
rKaHyPar,wathen120.mtx.hgr,no,no,4,8,0.03,0.0230465,5.23696,cut,2931,2088,no
rKaHyPar,wathen120.mtx.hgr,no,no,5,8,0.03,0.0230465,3.66266,cut,2686,2088,no
rKaHyPar,wathen120.mtx.hgr,no,no,6,8,0.03,0.0230465,5.22248,cut,2936,2088,no
rKaHyPar,wathen120.mtx.hgr,no,no,7,8,0.03,0.0230465,3.73422,cut,3076,2088,no
rKaHyPar,wathen120.mtx.hgr,no,no,8,8,0.03,0.0230465,5.36774,cut,3262,2088,no
rKaHyPar,wathen120.mtx.hgr,no,no,9,8,0.03,0.0230465,3.90784,cut,2936,2088,no
rKaHyPar,waveguide3D.mtx.hgr,no,no,0,128,0.03,0.0242424,11.4949,cut,30330,12454,no
rKaHyPar,waveguide3D.mtx.hgr,no,no,1,128,0.03,0.0242424,15.9481,cut,29647,12408,no
rKaHyPar,waveguide3D.mtx.hgr,no,no,2,128,0.03,0.0242424,11.5381,cut,29646,12359,no
rKaHyPar,waveguide3D.mtx.hgr,no,no,3,128,0.03,0.0242424,11.3583,cut,29694,12412,no
rKaHyPar,waveguide3D.mtx.hgr,no,no,4,128,0.03,0.0242424,15.7653,cut,30297,12431,no
rKaHyPar,waveguide3D.mtx.hgr,no,no,5,128,0.03,0.0242424,11.4358,cut,30052,12304,no
rKaHyPar,waveguide3D.mtx.hgr,no,no,6,128,0.03,0.0242424,11.5541,cut,30413,12372,no
rKaHyPar,waveguide3D.mtx.hgr,no,no,7,128,0.03,0.0242424,15.9851,cut,30243,12399,no
rKaHyPar,waveguide3D.mtx.hgr,no,no,8,128,0.03,0.0242424,11.365,cut,30405,12406,no
rKaHyPar,waveguide3D.mtx.hgr,no,no,9,128,0.03,0.0242424,11.3591,cut,30344,12354,no
rKaHyPar,waveguide3D.mtx.hgr,no,no,0,16,0.03,0.0273764,8.34175,cut,6858,4800,no
rKaHyPar,waveguide3D.mtx.hgr,no,no,1,16,0.03,0.0296578,5.85133,cut,6799,4811,no
rKaHyPar,waveguide3D.mtx.hgr,no,no,2,16,0.03,0.0243346,5.77418,cut,6949,4806,no
rKaHyPar,waveguide3D.mtx.hgr,no,no,3,16,0.03,0.0273764,8.31961,cut,6885,4781,no
rKaHyPar,waveguide3D.mtx.hgr,no,no,4,16,0.03,0.026616,6.12713,cut,7138,4780,no
rKaHyPar,waveguide3D.mtx.hgr,no,no,5,16,0.03,0.0296578,8.1611,cut,7056,4790,no
rKaHyPar,waveguide3D.mtx.hgr,no,no,6,16,0.03,0.0235741,5.88548,cut,7096,4822,no
rKaHyPar,waveguide3D.mtx.hgr,no,no,7,16,0.03,0.0288973,5.71527,cut,6493,4804,no
rKaHyPar,waveguide3D.mtx.hgr,no,no,8,16,0.03,0.0288973,8.2841,cut,6882,4801,no
rKaHyPar,waveguide3D.mtx.hgr,no,no,9,16,0.03,0.0296578,8.36155,cut,7063,4779,no
rKaHyPar,waveguide3D.mtx.hgr,no,no,0,2,0.03,0.0272866,1.91453,cut,277,277,no
rKaHyPar,waveguide3D.mtx.hgr,no,no,1,2,0.03,0.0272866,1.47374,cut,277,277,no
rKaHyPar,waveguide3D.mtx.hgr,no,no,2,2,0.03,0.0272866,1.28094,cut,277,277,no
rKaHyPar,waveguide3D.mtx.hgr,no,no,3,2,0.03,0.0272866,1.45633,cut,277,277,no
rKaHyPar,waveguide3D.mtx.hgr,no,no,4,2,0.03,0.0272866,1.27773,cut,277,277,no
rKaHyPar,waveguide3D.mtx.hgr,no,no,5,2,0.03,0.0272866,1.46897,cut,277,277,no
rKaHyPar,waveguide3D.mtx.hgr,no,no,6,2,0.03,0.0272866,1.52277,cut,277,277,no
rKaHyPar,waveguide3D.mtx.hgr,no,no,7,2,0.03,0.0272866,1.44106,cut,277,277,no
rKaHyPar,waveguide3D.mtx.hgr,no,no,8,2,0.03,0.0272866,1.96489,cut,277,277,no
rKaHyPar,waveguide3D.mtx.hgr,no,no,9,2,0.03,0.0272866,1.43369,cut,277,277,no
rKaHyPar,waveguide3D.mtx.hgr,no,no,0,32,0.03,0.0288754,9.84981,cut,12300,7228,no
rKaHyPar,waveguide3D.mtx.hgr,no,no,1,32,0.03,0.0288754,7.22461,cut,12341,7222,no
rKaHyPar,waveguide3D.mtx.hgr,no,no,2,32,0.03,0.0273556,10.1462,cut,12235,7233,no
rKaHyPar,waveguide3D.mtx.hgr,no,no,3,32,0.03,0.0288754,7.21678,cut,12677,7275,no
rKaHyPar,waveguide3D.mtx.hgr,no,no,4,32,0.03,0.0273556,7.22706,cut,12532,7247,no
rKaHyPar,waveguide3D.mtx.hgr,no,no,5,32,0.03,0.0273556,7.32065,cut,12494,7324,no
rKaHyPar,waveguide3D.mtx.hgr,no,no,6,32,0.03,0.0288754,7.38012,cut,12664,7225,no
rKaHyPar,waveguide3D.mtx.hgr,no,no,7,32,0.03,0.0258359,10.0523,cut,12400,7278,no
rKaHyPar,waveguide3D.mtx.hgr,no,no,8,32,0.03,0.0273556,7.12077,cut,12535,7202,no
rKaHyPar,waveguide3D.mtx.hgr,no,no,9,32,0.03,0.0288754,7.14628,cut,12249,7238,no
rKaHyPar,waveguide3D.mtx.hgr,no,no,0,4,0.03,0.0296634,3.62276,cut,1256,1256,no
rKaHyPar,waveguide3D.mtx.hgr,no,no,1,4,0.03,0.0283324,4.64226,cut,1273,1273,no
rKaHyPar,waveguide3D.mtx.hgr,no,no,2,4,0.03,0.0247195,3.71025,cut,1374,1270,no
rKaHyPar,waveguide3D.mtx.hgr,no,no,3,4,0.03,0.0289028,4.64982,cut,1241,1241,no
rKaHyPar,waveguide3D.mtx.hgr,no,no,4,4,0.03,0.0294733,4.78649,cut,1275,1275,no
rKaHyPar,waveguide3D.mtx.hgr,no,no,5,4,0.03,0.0275718,4.86285,cut,1383,1278,no
rKaHyPar,waveguide3D.mtx.hgr,no,no,6,4,0.03,0.0298536,3.17416,cut,1245,1245,no
rKaHyPar,waveguide3D.mtx.hgr,no,no,7,4,0.03,0.0289028,5.37242,cut,1269,1269,no
rKaHyPar,waveguide3D.mtx.hgr,no,no,8,4,0.03,0.0283324,4.985,cut,1292,1276,no
rKaHyPar,waveguide3D.mtx.hgr,no,no,9,4,0.03,0.0296634,3.66507,cut,1267,1267,no
rKaHyPar,waveguide3D.mtx.hgr,no,no,0,64,0.03,0.0243161,8.84583,cut,19882,9776,no
rKaHyPar,waveguide3D.mtx.hgr,no,no,1,64,0.03,0.0273556,12.4589,cut,20535,9764,no
rKaHyPar,waveguide3D.mtx.hgr,no,no,2,64,0.03,0.0243161,8.80895,cut,19436,9716,no
rKaHyPar,waveguide3D.mtx.hgr,no,no,3,64,0.03,0.0273556,8.92514,cut,19168,9723,no
rKaHyPar,waveguide3D.mtx.hgr,no,no,5,64,0.03,0.0273556,12.3596,cut,19910,9697,no
rKaHyPar,waveguide3D.mtx.hgr,no,no,6,64,0.03,0.0273556,12.4491,cut,20755,9680,no
rKaHyPar,waveguide3D.mtx.hgr,no,no,7,64,0.03,0.0273556,8.85446,cut,19542,9775,no
rKaHyPar,waveguide3D.mtx.hgr,no,no,8,64,0.03,0.0273556,8.95975,cut,19425,9734,no
rKaHyPar,waveguide3D.mtx.hgr,no,no,9,64,0.03,0.0273556,8.96097,cut,19686,9779,no
rKaHyPar,waveguide3D.mtx.hgr,no,no,0,8,0.03,0.0296578,8.07118,cut,3221,2742,no
rKaHyPar,waveguide3D.mtx.hgr,no,no,1,8,0.03,0.0288973,7.77738,cut,3555,2742,no
rKaHyPar,waveguide3D.mtx.hgr,no,no,2,8,0.03,0.0292776,4.4075,cut,3334,2742,no
rKaHyPar,waveguide3D.mtx.hgr,no,no,3,8,0.03,0.0292776,6.98154,cut,3428,2758,no
rKaHyPar,waveguide3D.mtx.hgr,no,no,4,8,0.03,0.0258555,7.44279,cut,3521,2762,no
rKaHyPar,waveguide3D.mtx.hgr,no,no,5,8,0.03,0.0285171,5.59834,cut,3567,2699,no
rKaHyPar,waveguide3D.mtx.hgr,no,no,6,8,0.03,0.0269962,7.89002,cut,3448,2784,no
rKaHyPar,waveguide3D.mtx.hgr,no,no,7,8,0.03,0.0262357,5.70406,cut,3702,2766,no
rKaHyPar,waveguide3D.mtx.hgr,no,no,8,8,0.03,0.0231939,8.4391,cut,3415,2748,no
rKaHyPar,waveguide3D.mtx.hgr,no,no,9,8,0.03,0.026616,5.57189,cut,3517,2739,no
rKaHyPar,wb-edu.mtx.hgr,no,no,0,128,0.03,0.0297582,2873.2,cut,311989,113149,no
rKaHyPar,wb-edu.mtx.hgr,no,no,1,128,0.03,0.0299012,4316.55,cut,307394,112732,no
rKaHyPar,wb-edu.mtx.hgr,no,no,2,128,0.03,0.0298752,2922.41,cut,315482,112974,no
rKaHyPar,wb-edu.mtx.hgr,no,no,3,128,0.03,0.0295762,2850.41,cut,297154,112152,no
rKaHyPar,wb-edu.mtx.hgr,no,no,4,128,0.03,0.0299922,3990.45,cut,296769,113101,no
rKaHyPar,wb-edu.mtx.hgr,no,no,5,128,0.03,0.0295762,2879.84,cut,308996,113747,no
rKaHyPar,wb-edu.mtx.hgr,no,no,6,128,0.03,0.0299792,2895.82,cut,292832,114179,no
rKaHyPar,wb-edu.mtx.hgr,no,no,7,128,0.03,0.0299792,4064.31,cut,287426,113516,no
rKaHyPar,wb-edu.mtx.hgr,no,no,8,128,0.03,0.0299922,2929.53,cut,298856,113696,no
rKaHyPar,wb-edu.mtx.hgr,no,no,9,128,0.03,0.0295892,2922.41,cut,313646,112537,no
rKaHyPar,wb-edu.mtx.hgr,no,no,0,16,0.03,0.0297762,3283.17,cut,168555,93572,no
rKaHyPar,wb-edu.mtx.hgr,no,no,1,16,0.03,0.029963,2345.76,cut,168017,93896,no
rKaHyPar,wb-edu.mtx.hgr,no,no,2,16,0.03,0.0299939,2386.06,cut,154339,92507,no
rKaHyPar,wb-edu.mtx.hgr,no,no,3,16,0.03,0.0285362,3256.32,cut,171537,93759,no
rKaHyPar,wb-edu.mtx.hgr,no,no,4,16,0.03,0.0292561,2421.09,cut,164585,93736,no
rKaHyPar,wb-edu.mtx.hgr,no,no,5,16,0.03,0.0299809,3280.64,cut,159779,93232,no
rKaHyPar,wb-edu.mtx.hgr,no,no,6,16,0.03,0.0299598,2346.38,cut,161312,93481,no
rKaHyPar,wb-edu.mtx.hgr,no,no,7,16,0.03,0.0299988,2401.96,cut,167738,93255,no
rKaHyPar,wb-edu.mtx.hgr,no,no,8,16,0.03,0.0297209,3227.69,cut,159992,94587,no
rKaHyPar,wb-edu.mtx.hgr,no,no,9,16,0.03,0.0299874,3236.22,cut,159408,92788,no
rKaHyPar,wb-edu.mtx.hgr,no,no,0,2,0.03,0.0299998,2636.63,cut,9142,9142,no
rKaHyPar,wb-edu.mtx.hgr,no,no,1,2,0.03,0.0299998,2110.59,cut,9197,9197,no
rKaHyPar,wb-edu.mtx.hgr,no,no,2,2,0.03,0.0299998,2010.93,cut,9198,9198,no
rKaHyPar,wb-edu.mtx.hgr,no,no,3,2,0.03,0.029949,2477.44,cut,9369,9369,no
rKaHyPar,wb-edu.mtx.hgr,no,no,4,2,0.03,0.0299998,2109.85,cut,9632,9632,no
rKaHyPar,wb-edu.mtx.hgr,no,no,5,2,0.03,0.0299998,1942.14,cut,9289,9289,no
rKaHyPar,wb-edu.mtx.hgr,no,no,6,2,0.03,0.0299996,2098.65,cut,9104,9104,no
rKaHyPar,wb-edu.mtx.hgr,no,no,7,2,0.03,0.0299996,2194.13,cut,9115,9115,no
rKaHyPar,wb-edu.mtx.hgr,no,no,8,2,0.03,0.0299996,2792.76,cut,9331,9331,no
rKaHyPar,wb-edu.mtx.hgr,no,no,9,2,0.03,0.0299994,2003.5,cut,9326,9326,no
rKaHyPar,wb-edu.mtx.hgr,no,no,0,32,0.03,0.0296738,3490.98,cut,224633,103239,no
rKaHyPar,wb-edu.mtx.hgr,no,no,1,32,0.03,0.029599,2508.58,cut,213227,102549,no
rKaHyPar,wb-edu.mtx.hgr,no,no,2,32,0.03,0.0286792,3547.9,cut,220096,102568,no
rKaHyPar,wb-edu.mtx.hgr,no,no,3,32,0.03,0.0299533,2452.12,cut,220502,102673,no
rKaHyPar,wb-edu.mtx.hgr,no,no,4,32,0.03,0.0299435,2532.73,cut,215631,102565,no
rKaHyPar,wb-edu.mtx.hgr,no,no,5,32,0.03,0.0291473,2464.88,cut,222308,102302,no
rKaHyPar,wb-edu.mtx.hgr,no,no,6,32,0.03,0.0297843,2529.09,cut,221694,102306,no
rKaHyPar,wb-edu.mtx.hgr,no,no,7,32,0.03,0.0292155,3404.29,cut,215171,102289,no
rKaHyPar,wb-edu.mtx.hgr,no,no,8,32,0.03,0.0281267,2551.39,cut,217219,103915,no
rKaHyPar,wb-edu.mtx.hgr,no,no,9,32,0.03,0.0287117,2573.45,cut,214851,102935,no
rKaHyPar,wb-edu.mtx.hgr,no,no,0,4,0.03,0.029985,3840.35,cut,58263,55464,no
rKaHyPar,wb-edu.mtx.hgr,no,no,1,4,0.03,0.0235737,3371.2,cut,57819,54985,no
rKaHyPar,wb-edu.mtx.hgr,no,no,2,4,0.03,0.0162089,2476.62,cut,57661,55032,no
rKaHyPar,wb-edu.mtx.hgr,no,no,3,4,0.03,0.0249785,3372.1,cut,57698,54903,no
rKaHyPar,wb-edu.mtx.hgr,no,no,4,4,0.03,0.0241034,2564.95,cut,58013,55207,no
rKaHyPar,wb-edu.mtx.hgr,no,no,5,4,0.03,0.0222911,3410.99,cut,61426,54862,no
rKaHyPar,wb-edu.mtx.hgr,no,no,6,4,0.03,0.0233844,2590.84,cut,57437,54800,no
rKaHyPar,wb-edu.mtx.hgr,no,no,7,4,0.03,0.0245889,3482.3,cut,58116,55236,no
rKaHyPar,wb-edu.mtx.hgr,no,no,8,4,0.03,0.0242172,3422.37,cut,57950,55052,no
rKaHyPar,wb-edu.mtx.hgr,no,no,9,4,0.03,0.021375,2540.71,cut,57897,55177,no
rKaHyPar,wb-edu.mtx.hgr,no,no,0,64,0.03,0.0297517,2723.58,cut,269562,108041,no
rKaHyPar,wb-edu.mtx.hgr,no,no,1,64,0.03,0.0299012,3730.38,cut,268313,108231,no
rKaHyPar,wb-edu.mtx.hgr,no,no,2,64,0.03,0.0297322,2684.68,cut,278580,107700,no
rKaHyPar,wb-edu.mtx.hgr,no,no,3,64,0.03,0.0297712,2718.72,cut,266993,108006,no
rKaHyPar,wb-edu.mtx.hgr,no,no,5,64,0.03,0.0298947,3758.8,cut,260676,108686,no
rKaHyPar,wb-edu.mtx.hgr,no,no,6,64,0.03,0.0299857,3751.41,cut,257273,108363,no
rKaHyPar,wb-edu.mtx.hgr,no,no,7,64,0.03,0.0299922,3745.84,cut,252156,107717,no
rKaHyPar,wb-edu.mtx.hgr,no,no,8,64,0.03,0.0292837,3799.52,cut,265017,107571,no
rKaHyPar,wb-edu.mtx.hgr,no,no,9,64,0.03,0.0294462,2678.92,cut,268015,107069,no
rKaHyPar,wb-edu.mtx.hgr,no,no,0,8,0.03,0.0299996,3223.86,cut,106989,78257,no
rKaHyPar,wb-edu.mtx.hgr,no,no,1,8,0.03,0.0299184,3196.72,cut,108163,78885,no
rKaHyPar,wb-edu.mtx.hgr,no,no,2,8,0.03,0.0299923,2322.51,cut,111197,79618,no
rKaHyPar,wb-edu.mtx.hgr,no,no,3,8,0.03,0.0299882,3130.31,cut,111093,79021,no
rKaHyPar,wb-edu.mtx.hgr,no,no,4,8,0.03,0.0299825,3050,cut,108957,78356,no
rKaHyPar,wb-edu.mtx.hgr,no,no,5,8,0.03,0.0299444,2310.99,cut,109811,77966,no
rKaHyPar,wb-edu.mtx.hgr,no,no,6,8,0.03,0.029972,3239.18,cut,109304,77635,no
rKaHyPar,wb-edu.mtx.hgr,no,no,7,8,0.03,0.0299557,2366.86,cut,110386,78096,no
rKaHyPar,wb-edu.mtx.hgr,no,no,8,8,0.03,0.0299135,3182.54,cut,109430,78114,no
rKaHyPar,wb-edu.mtx.hgr,no,no,9,8,0.03,0.0299687,2323.98,cut,110846,78155,no
rKaHyPar,webbase-1M.mtx.hgr,no,no,0,128,0.03,0.0299501,2169.78,cut,58307,42549,no
rKaHyPar,webbase-1M.mtx.hgr,no,no,1,128,0.03,0.0299501,2893.89,cut,57686,42255,no
rKaHyPar,webbase-1M.mtx.hgr,no,no,2,128,0.03,0.0299501,2154.76,cut,57206,42293,no
rKaHyPar,webbase-1M.mtx.hgr,no,no,3,128,0.03,0.0299501,2038.33,cut,59029,42819,no
rKaHyPar,webbase-1M.mtx.hgr,no,no,4,128,0.03,0.0299501,2817.25,cut,57160,42317,no
rKaHyPar,webbase-1M.mtx.hgr,no,no,5,128,0.03,0.0299501,2124.39,cut,58133,42638,no
rKaHyPar,webbase-1M.mtx.hgr,no,no,6,128,0.03,0.0299501,2055.99,cut,58148,43004,no
rKaHyPar,webbase-1M.mtx.hgr,no,no,7,128,0.03,0.0299501,2783.3,cut,57835,42458,no
rKaHyPar,webbase-1M.mtx.hgr,no,no,8,128,0.03,0.0299501,2198.42,cut,57186,42371,no
rKaHyPar,webbase-1M.mtx.hgr,no,no,9,128,0.03,0.0299501,2166.48,cut,57992,42621,no
rKaHyPar,webbase-1M.mtx.hgr,no,no,0,16,0.03,0.0298075,2402.07,cut,8420,4705,no
rKaHyPar,webbase-1M.mtx.hgr,no,no,1,16,0.03,0.0298235,1890.7,cut,8548,4765,no
rKaHyPar,webbase-1M.mtx.hgr,no,no,2,16,0.03,0.0294875,1934.09,cut,8520,4553,no
rKaHyPar,webbase-1M.mtx.hgr,no,no,3,16,0.03,0.0283035,2415.34,cut,8324,4665,no
rKaHyPar,webbase-1M.mtx.hgr,no,no,4,16,0.03,0.0278876,2468.11,cut,8716,4625,no
rKaHyPar,webbase-1M.mtx.hgr,no,no,5,16,0.03,0.0265756,2420.13,cut,8799,4586,no
rKaHyPar,webbase-1M.mtx.hgr,no,no,6,16,0.03,0.0294235,1884.68,cut,8131,4379,no
rKaHyPar,webbase-1M.mtx.hgr,no,no,7,16,0.03,0.0264316,1800.75,cut,8636,4822,no
rKaHyPar,webbase-1M.mtx.hgr,no,no,8,16,0.03,0.0282235,2444.48,cut,8902,4693,no
rKaHyPar,webbase-1M.mtx.hgr,no,no,9,16,0.03,0.0295675,2397.78,cut,8578,5001,no
rKaHyPar,webbase-1M.mtx.hgr,no,no,0,2,0.03,0.0299898,1209.96,cut,548,548,no
rKaHyPar,webbase-1M.mtx.hgr,no,no,1,2,0.03,0.0299878,1026.22,cut,646,646,no
rKaHyPar,webbase-1M.mtx.hgr,no,no,2,2,0.03,0.0299998,1006.11,cut,725,725,no
rKaHyPar,webbase-1M.mtx.hgr,no,no,3,2,0.03,0.0299978,1011.54,cut,763,763,no
rKaHyPar,webbase-1M.mtx.hgr,no,no,4,2,0.03,0.0299998,1216.47,cut,677,677,no
rKaHyPar,webbase-1M.mtx.hgr,no,no,5,2,0.03,0.0252938,1033.61,cut,847,847,no
rKaHyPar,webbase-1M.mtx.hgr,no,no,6,2,0.03,0.0288458,1007.46,cut,846,846,no
rKaHyPar,webbase-1M.mtx.hgr,no,no,7,2,0.03,0.0299818,1214.36,cut,719,719,no
rKaHyPar,webbase-1M.mtx.hgr,no,no,8,2,0.03,0.0298698,1208.11,cut,465,465,no
rKaHyPar,webbase-1M.mtx.hgr,no,no,9,2,0.03,0.0299998,986.128,cut,725,725,no
rKaHyPar,webbase-1M.mtx.hgr,no,no,0,32,0.03,0.029983,1980.75,cut,13624,7778,no
rKaHyPar,webbase-1M.mtx.hgr,no,no,1,32,0.03,0.029951,1977.07,cut,13631,7574,no
rKaHyPar,webbase-1M.mtx.hgr,no,no,3,32,0.03,0.029951,1999.79,cut,13576,7702,no
rKaHyPar,webbase-1M.mtx.hgr,no,no,4,32,0.03,0.029983,1891.5,cut,13275,7397,no
rKaHyPar,webbase-1M.mtx.hgr,no,no,5,32,0.03,0.029983,1964.86,cut,13257,7428,no
rKaHyPar,webbase-1M.mtx.hgr,no,no,6,32,0.03,0.029983,2579.04,cut,13459,7476,no
rKaHyPar,webbase-1M.mtx.hgr,no,no,7,32,0.03,0.029951,2544.31,cut,13279,7386,no
rKaHyPar,webbase-1M.mtx.hgr,no,no,8,32,0.03,0.029887,1966.87,cut,13347,7207,no
rKaHyPar,webbase-1M.mtx.hgr,no,no,9,32,0.03,0.029983,1973.56,cut,13316,7401,no
rKaHyPar,webbase-1M.mtx.hgr,no,no,0,4,0.03,0.0299718,1463.16,cut,2748,2337,no
rKaHyPar,webbase-1M.mtx.hgr,no,no,1,4,0.03,0.0299998,1816.09,cut,2892,2473,no
rKaHyPar,webbase-1M.mtx.hgr,no,no,2,4,0.03,0.0292238,1449.4,cut,2923,2604,no
rKaHyPar,webbase-1M.mtx.hgr,no,no,3,4,0.03,0.0298878,1445.54,cut,2789,2419,no
rKaHyPar,webbase-1M.mtx.hgr,no,no,4,4,0.03,0.0148879,1794.7,cut,2923,2513,no
rKaHyPar,webbase-1M.mtx.hgr,no,no,5,4,0.03,0.0216238,1799.25,cut,3220,2655,no
rKaHyPar,webbase-1M.mtx.hgr,no,no,6,4,0.03,0.0295038,1796.08,cut,2775,2298,no
rKaHyPar,webbase-1M.mtx.hgr,no,no,7,4,0.03,0.0295758,1785.69,cut,2914,2434,no
rKaHyPar,webbase-1M.mtx.hgr,no,no,8,4,0.03,0.0299878,1817.57,cut,2878,2399,no
rKaHyPar,webbase-1M.mtx.hgr,no,no,9,4,0.03,0.0202158,1733.59,cut,3094,2674,no
rKaHyPar,webbase-1M.mtx.hgr,no,no,0,64,0.03,0.0299501,2077.36,cut,33916,24646,no
rKaHyPar,webbase-1M.mtx.hgr,no,no,1,64,0.03,0.0299501,2756.21,cut,34313,24656,no
rKaHyPar,webbase-1M.mtx.hgr,no,no,2,64,0.03,0.0299501,2088.84,cut,33886,24868,no
rKaHyPar,webbase-1M.mtx.hgr,no,no,3,64,0.03,0.0299501,2062.97,cut,33860,24643,no
rKaHyPar,webbase-1M.mtx.hgr,no,no,5,64,0.03,0.0299501,2067.88,cut,33452,24542,no
rKaHyPar,webbase-1M.mtx.hgr,no,no,6,64,0.03,0.0299501,2842.63,cut,33167,24359,no
rKaHyPar,webbase-1M.mtx.hgr,no,no,7,64,0.03,0.0299501,1983.53,cut,34980,24456,no
rKaHyPar,webbase-1M.mtx.hgr,no,no,8,64,0.03,0.0299501,1632.93,cut,33240,24591,no
rKaHyPar,webbase-1M.mtx.hgr,no,no,9,64,0.03,0.0299501,2107.39,cut,33508,24603,no
rKaHyPar,webbase-1M.mtx.hgr,no,no,0,8,0.03,0.0261358,2273.61,cut,5736,3835,no
rKaHyPar,webbase-1M.mtx.hgr,no,no,1,8,0.03,0.0282478,2133.75,cut,5568,3591,no
rKaHyPar,webbase-1M.mtx.hgr,no,no,2,8,0.03,0.0266558,1690.02,cut,5569,3725,no
rKaHyPar,webbase-1M.mtx.hgr,no,no,3,8,0.03,0.0299998,2166.67,cut,5868,3913,no
rKaHyPar,webbase-1M.mtx.hgr,no,no,4,8,0.03,0.0299918,2320.74,cut,5125,3584,no
rKaHyPar,webbase-1M.mtx.hgr,no,no,5,8,0.03,0.0299758,2337,cut,6169,3929,no
rKaHyPar,webbase-1M.mtx.hgr,no,no,6,8,0.03,0.0193438,2413.83,cut,6006,3648,no
rKaHyPar,webbase-1M.mtx.hgr,no,no,7,8,0.03,0.0258318,1793.16,cut,5892,3863,no
rKaHyPar,webbase-1M.mtx.hgr,no,no,8,8,0.03,0.0293198,1818.43,cut,5940,3985,no
rKaHyPar,webbase-1M.mtx.hgr,no,no,9,8,0.03,0.0259438,1775.36,cut,5619,3697,no
rKaHyPar,xenon2.mtx.hgr,no,no,0,128,0.03,0.0284322,39.0514,cut,119170,59412,no
rKaHyPar,xenon2.mtx.hgr,no,no,1,128,0.03,0.0292445,54.0048,cut,111366,59235,no
rKaHyPar,xenon2.mtx.hgr,no,no,2,128,0.03,0.0292445,38.7687,cut,118050,59070,no
rKaHyPar,xenon2.mtx.hgr,no,no,3,128,0.03,0.0292445,38.8781,cut,105316,58955,no
rKaHyPar,xenon2.mtx.hgr,no,no,4,128,0.03,0.0292445,53.2812,cut,114532,58703,no
rKaHyPar,xenon2.mtx.hgr,no,no,5,128,0.03,0.0292445,38.8576,cut,118366,59537,no
rKaHyPar,xenon2.mtx.hgr,no,no,6,128,0.03,0.0292445,39.6899,cut,113858,59425,no
rKaHyPar,xenon2.mtx.hgr,no,no,7,128,0.03,0.0292445,54.3746,cut,110897,59237,no
rKaHyPar,xenon2.mtx.hgr,no,no,8,128,0.03,0.0292445,38.6552,cut,114516,59547,no
rKaHyPar,xenon2.mtx.hgr,no,no,9,128,0.03,0.0292445,39.2438,cut,110152,59309,no
rKaHyPar,xenon2.mtx.hgr,no,no,0,16,0.03,0.0299736,35.151,cut,30928,21961,no
rKaHyPar,xenon2.mtx.hgr,no,no,1,16,0.03,0.0254013,25.067,cut,31069,22309,no
rKaHyPar,xenon2.mtx.hgr,no,no,2,16,0.03,0.0295672,25.5048,cut,31291,22240,no
rKaHyPar,xenon2.mtx.hgr,no,no,3,16,0.03,0.0156472,34.6176,cut,27767,22068,no
rKaHyPar,xenon2.mtx.hgr,no,no,4,16,0.03,0.0254013,35.1505,cut,31381,22282,no
rKaHyPar,xenon2.mtx.hgr,no,no,5,16,0.03,0.0247917,36.425,cut,31501,22329,no
rKaHyPar,xenon2.mtx.hgr,no,no,6,16,0.03,0.0278399,25.8902,cut,30172,22221,no
rKaHyPar,xenon2.mtx.hgr,no,no,7,16,0.03,0.0294656,25.3309,cut,29109,22022,no
rKaHyPar,xenon2.mtx.hgr,no,no,8,16,0.03,0.0290591,36.3798,cut,29365,22245,no
rKaHyPar,xenon2.mtx.hgr,no,no,9,16,0.03,0.0299736,34.7612,cut,29725,22085,no
rKaHyPar,xenon2.mtx.hgr,no,no,0,2,0.03,0,15.9359,cut,2862,2862,no
rKaHyPar,xenon2.mtx.hgr,no,no,1,2,0.03,0,12.7546,cut,2862,2862,no
rKaHyPar,xenon2.mtx.hgr,no,no,2,2,0.03,0,12.5227,cut,2862,2862,no
rKaHyPar,xenon2.mtx.hgr,no,no,3,2,0.03,0,12.1032,cut,2862,2862,no
rKaHyPar,xenon2.mtx.hgr,no,no,4,2,0.03,0,16.1,cut,2862,2862,no
rKaHyPar,xenon2.mtx.hgr,no,no,5,2,0.03,0,11.8677,cut,2862,2862,no
rKaHyPar,xenon2.mtx.hgr,no,no,6,2,0.03,0,12.246,cut,2862,2862,no
rKaHyPar,xenon2.mtx.hgr,no,no,7,2,0.03,0,17.4266,cut,2862,2862,no
rKaHyPar,xenon2.mtx.hgr,no,no,8,2,0.03,0,16.8159,cut,2862,2862,no
rKaHyPar,xenon2.mtx.hgr,no,no,9,2,0.03,0,11.2795,cut,2862,2862,no
rKaHyPar,xenon2.mtx.hgr,no,no,0,32,0.03,0.029872,28.3003,cut,51916,33345,no
rKaHyPar,xenon2.mtx.hgr,no,no,1,32,0.03,0.029872,28.2536,cut,51690,33351,no
rKaHyPar,xenon2.mtx.hgr,no,no,3,32,0.03,0.0290591,27.8844,cut,52782,33468,no
rKaHyPar,xenon2.mtx.hgr,no,no,4,32,0.03,0.0296688,28.2193,cut,52084,33664,no
rKaHyPar,xenon2.mtx.hgr,no,no,5,32,0.03,0.0292623,28.1187,cut,55592,33214,no
rKaHyPar,xenon2.mtx.hgr,no,no,6,32,0.03,0.0282463,38.8444,cut,54060,32882,no
rKaHyPar,xenon2.mtx.hgr,no,no,7,32,0.03,0.0296688,38.6248,cut,55800,33063,no
rKaHyPar,xenon2.mtx.hgr,no,no,8,32,0.03,0.0280431,27.7628,cut,52692,33131,no
rKaHyPar,xenon2.mtx.hgr,no,no,9,32,0.03,0.0286527,28.2963,cut,48592,33092,no
rKaHyPar,xenon2.mtx.hgr,no,no,0,4,0.03,0,24.4962,cut,8349,7563,no
rKaHyPar,xenon2.mtx.hgr,no,no,1,4,0.03,0.0105929,25.6094,cut,8340,7581,no
rKaHyPar,xenon2.mtx.hgr,no,no,2,4,0.03,0,18.438,cut,8202,7557,no
rKaHyPar,xenon2.mtx.hgr,no,no,3,4,0.03,0,17.8829,cut,8166,7575,no
rKaHyPar,xenon2.mtx.hgr,no,no,4,4,0.03,0,18.6126,cut,8175,7563,no
rKaHyPar,xenon2.mtx.hgr,no,no,5,4,0.03,0.000381039,25.3514,cut,8076,7563,no
rKaHyPar,xenon2.mtx.hgr,no,no,6,4,0.03,0,24.2649,cut,8100,7557,no
rKaHyPar,xenon2.mtx.hgr,no,no,7,4,0.03,0.000254026,25.1747,cut,8145,7569,no
rKaHyPar,xenon2.mtx.hgr,no,no,8,4,0.03,0,25.3362,cut,8223,7557,no
rKaHyPar,xenon2.mtx.hgr,no,no,9,4,0.03,0,24.5443,cut,8079,7569,no
rKaHyPar,xenon2.mtx.hgr,no,no,0,64,0.03,0.0288501,33.1048,cut,81460,44838,no
rKaHyPar,xenon2.mtx.hgr,no,no,1,64,0.03,0.0292564,45.9155,cut,77214,44620,no
rKaHyPar,xenon2.mtx.hgr,no,no,2,64,0.03,0.0292564,33.1174,cut,80906,44297,no
rKaHyPar,xenon2.mtx.hgr,no,no,3,64,0.03,0.0296627,32.5696,cut,79934,44203,no
rKaHyPar,xenon2.mtx.hgr,no,no,5,64,0.03,0.0292564,33.5877,cut,78530,44571,no
rKaHyPar,xenon2.mtx.hgr,no,no,6,64,0.03,0.0292564,47.3936,cut,82647,44763,no
rKaHyPar,xenon2.mtx.hgr,no,no,7,64,0.03,0.0296627,45.6646,cut,81006,44265,no
rKaHyPar,xenon2.mtx.hgr,no,no,8,64,0.03,0.0296627,33.277,cut,71034,44245,no
rKaHyPar,xenon2.mtx.hgr,no,no,9,64,0.03,0.0296627,33.4513,cut,71918,44213,no
rKaHyPar,xenon2.mtx.hgr,no,no,0,8,0.03,0.0223543,31.8561,cut,16952,13484,no
rKaHyPar,xenon2.mtx.hgr,no,no,1,8,0.03,0.0290606,30.0307,cut,17404,13300,no
rKaHyPar,xenon2.mtx.hgr,no,no,2,8,0.03,0.0155464,22.6149,cut,17059,13332,no
rKaHyPar,xenon2.mtx.hgr,no,no,3,8,0.03,0.0286542,30.4638,cut,17841,13413,no
rKaHyPar,xenon2.mtx.hgr,no,no,4,8,0.03,0.0299751,31.8043,cut,16991,13413,no
rKaHyPar,xenon2.mtx.hgr,no,no,5,8,0.03,0.0127013,29.0306,cut,17276,13246,no
rKaHyPar,xenon2.mtx.hgr,no,no,6,8,0.03,0.0202205,31.6201,cut,17374,13472,no
rKaHyPar,xenon2.mtx.hgr,no,no,7,8,0.03,0.0295687,23.5635,cut,16348,13519,no
rKaHyPar,xenon2.mtx.hgr,no,no,8,8,0.03,0.0160037,22.863,cut,17035,13486,no
rKaHyPar,xenon2.mtx.hgr,no,no,9,8,0.03,0.0132602,22.044,cut,17535,13455,no
rKaHyPar,Zhao2.mtx.hgr,no,no,0,128,0.03,0.0264151,10.8425,cut,19373,13627,no
rKaHyPar,Zhao2.mtx.hgr,no,no,1,128,0.03,0.0264151,14.8651,cut,19196,13591,no
rKaHyPar,Zhao2.mtx.hgr,no,no,2,128,0.03,0.0264151,10.7051,cut,19268,13588,no
rKaHyPar,Zhao2.mtx.hgr,no,no,3,128,0.03,0.0226415,14.5915,cut,19432,13651,no
rKaHyPar,Zhao2.mtx.hgr,no,no,4,128,0.03,0.0264151,14.4818,cut,19262,13601,no
rKaHyPar,Zhao2.mtx.hgr,no,no,5,128,0.03,0.0264151,11.0565,cut,19420,13700,no
rKaHyPar,Zhao2.mtx.hgr,no,no,6,128,0.03,0.0264151,14.4949,cut,19296,13586,no
rKaHyPar,Zhao2.mtx.hgr,no,no,7,128,0.03,0.0226415,14.9491,cut,19308,13634,no
rKaHyPar,Zhao2.mtx.hgr,no,no,8,128,0.03,0.0264151,10.7273,cut,19355,13603,no
rKaHyPar,Zhao2.mtx.hgr,no,no,9,128,0.03,0.0264151,10.691,cut,19275,13576,no
rKaHyPar,Zhao2.mtx.hgr,no,no,0,16,0.03,0.0292867,4.3272,cut,5478,5002,no
rKaHyPar,Zhao2.mtx.hgr,no,no,1,16,0.03,0.0170052,4.77122,cut,5533,4971,no
rKaHyPar,Zhao2.mtx.hgr,no,no,2,16,0.03,0.0198394,4.49455,cut,5570,5009,no
rKaHyPar,Zhao2.mtx.hgr,no,no,3,16,0.03,0.0165328,4.44041,cut,5580,4985,no
rKaHyPar,Zhao2.mtx.hgr,no,no,4,16,0.03,0.0297591,6.04479,cut,5426,4983,no
rKaHyPar,Zhao2.mtx.hgr,no,no,5,16,0.03,0.0165328,6.48618,cut,5519,4975,no
rKaHyPar,Zhao2.mtx.hgr,no,no,6,16,0.03,0.023146,4.60806,cut,5529,4974,no
rKaHyPar,Zhao2.mtx.hgr,no,no,7,16,0.03,0.0170052,4.68192,cut,5468,4982,no
rKaHyPar,Zhao2.mtx.hgr,no,no,8,16,0.03,0.0278696,6.43844,cut,5407,4990,no
rKaHyPar,Zhao2.mtx.hgr,no,no,9,16,0.03,0.0297591,6.48766,cut,5385,4969,no
rKaHyPar,Zhao2.mtx.hgr,no,no,0,2,0.03,0.0133483,1.71239,cut,614,614,no
rKaHyPar,Zhao2.mtx.hgr,no,no,1,2,0.03,0.0133483,1.32505,cut,614,614,no
rKaHyPar,Zhao2.mtx.hgr,no,no,2,2,0.03,0.0133483,1.36032,cut,614,614,no
rKaHyPar,Zhao2.mtx.hgr,no,no,3,2,0.03,0.0133483,1.49425,cut,614,614,no
rKaHyPar,Zhao2.mtx.hgr,no,no,4,2,0.03,0.0133483,1.58734,cut,614,614,no
rKaHyPar,Zhao2.mtx.hgr,no,no,5,2,0.03,0.0133483,1.34131,cut,614,614,no
rKaHyPar,Zhao2.mtx.hgr,no,no,6,2,0.03,0.0133483,1.29888,cut,614,614,no
rKaHyPar,Zhao2.mtx.hgr,no,no,7,2,0.03,0.0133483,1.99629,cut,614,614,no
rKaHyPar,Zhao2.mtx.hgr,no,no,8,2,0.03,0.0133483,1.91502,cut,614,614,no
rKaHyPar,Zhao2.mtx.hgr,no,no,9,2,0.03,0.0133483,1.62212,cut,614,614,no
rKaHyPar,Zhao2.mtx.hgr,no,no,0,32,0.03,0.0292729,5.87622,cut,8510,7294,no
rKaHyPar,Zhao2.mtx.hgr,no,no,1,32,0.03,0.0273843,5.96125,cut,8645,7286,no
rKaHyPar,Zhao2.mtx.hgr,no,no,2,32,0.03,0.0292729,8.10304,cut,8671,7288,no
rKaHyPar,Zhao2.mtx.hgr,no,no,3,32,0.03,0.0236072,5.97413,cut,8558,7304,no
rKaHyPar,Zhao2.mtx.hgr,no,no,4,32,0.03,0.0273843,5.9933,cut,8613,7294,no
rKaHyPar,Zhao2.mtx.hgr,no,no,5,32,0.03,0.0283286,8.17817,cut,8639,7289,no
rKaHyPar,Zhao2.mtx.hgr,no,no,6,32,0.03,0.0273843,7.86234,cut,8689,7292,no
rKaHyPar,Zhao2.mtx.hgr,no,no,7,32,0.03,0.0292729,8.26197,cut,8605,7309,no
rKaHyPar,Zhao2.mtx.hgr,no,no,8,32,0.03,0.0292729,5.96256,cut,8531,7298,no
rKaHyPar,Zhao2.mtx.hgr,no,no,9,32,0.03,0.0292729,5.9438,cut,8652,7273,no
rKaHyPar,Zhao2.mtx.hgr,no,no,0,4,0.03,0.0264588,1.88285,cut,1610,1594,no
rKaHyPar,Zhao2.mtx.hgr,no,no,1,4,0.03,0.0133475,2.81961,cut,1614,1594,no
rKaHyPar,Zhao2.mtx.hgr,no,no,2,4,0.03,0.0238601,2.73002,cut,1613,1593,no
rKaHyPar,Zhao2.mtx.hgr,no,no,3,4,0.03,0.0137019,1.84477,cut,1614,1594,no
rKaHyPar,Zhao2.mtx.hgr,no,no,4,4,0.03,0.0298842,2.50725,cut,1612,1592,no
rKaHyPar,Zhao2.mtx.hgr,no,no,5,4,0.03,0.0133475,2.14195,cut,1614,1594,no
rKaHyPar,Zhao2.mtx.hgr,no,no,6,4,0.03,0.0291755,2.64489,cut,1614,1594,no
rKaHyPar,Zhao2.mtx.hgr,no,no,7,4,0.03,0.0134656,2.78494,cut,1614,1594,no
rKaHyPar,Zhao2.mtx.hgr,no,no,8,4,0.03,0.0295299,1.914,cut,1607,1590,no
rKaHyPar,Zhao2.mtx.hgr,no,no,9,4,0.03,0.0298842,2.55176,cut,1612,1593,no
rKaHyPar,Zhao2.mtx.hgr,no,no,0,64,0.03,0.0226415,7.94899,cut,12601,9881,no
rKaHyPar,Zhao2.mtx.hgr,no,no,1,64,0.03,0.0283019,8.13517,cut,12836,9920,no
rKaHyPar,Zhao2.mtx.hgr,no,no,2,64,0.03,0.0283019,8.15111,cut,12646,9877,no
rKaHyPar,Zhao2.mtx.hgr,no,no,3,64,0.03,0.0283019,7.90241,cut,12757,9901,no
rKaHyPar,Zhao2.mtx.hgr,no,no,5,64,0.03,0.0264151,8.13214,cut,12750,9900,no
rKaHyPar,Zhao2.mtx.hgr,no,no,6,64,0.03,0.0283019,10.8259,cut,12571,9914,no
rKaHyPar,Zhao2.mtx.hgr,no,no,7,64,0.03,0.0264151,8.19579,cut,12754,9900,no
rKaHyPar,Zhao2.mtx.hgr,no,no,8,64,0.03,0.0283019,7.88649,cut,12866,9904,no
rKaHyPar,Zhao2.mtx.hgr,no,no,9,64,0.03,0.0283019,8.06162,cut,12915,9922,no
rKaHyPar,Zhao2.mtx.hgr,no,no,0,8,0.03,0.0236239,4.27795,cut,3019,2807,no
rKaHyPar,Zhao2.mtx.hgr,no,no,1,8,0.03,0.0177179,3.1432,cut,2977,2794,no
rKaHyPar,Zhao2.mtx.hgr,no,no,2,8,0.03,0.0170092,3.21317,cut,2977,2793,no
rKaHyPar,Zhao2.mtx.hgr,no,no,3,8,0.03,0.0172455,3.91924,cut,2933,2794,no
rKaHyPar,Zhao2.mtx.hgr,no,no,4,8,0.03,0.0174817,4.25071,cut,3007,2793,no
rKaHyPar,Zhao2.mtx.hgr,no,no,5,8,0.03,0.0172455,4.33849,cut,2965,2794,no
rKaHyPar,Zhao2.mtx.hgr,no,no,6,8,0.03,0.0153555,4.10523,cut,3032,2794,no
rKaHyPar,Zhao2.mtx.hgr,no,no,7,8,0.03,0.0172455,4.1801,cut,2905,2794,no
rKaHyPar,Zhao2.mtx.hgr,no,no,8,8,0.03,0.0222065,2.93908,cut,2968,2792,no
rKaHyPar,Zhao2.mtx.hgr,no,no,9,8,0.03,0.0179542,2.91057,cut,2934,2793,no
rKaHyPar,192bit.mtx.hgr,no,no,4,128,0.03,0.00934579,11.7601,cut,100275,13676,no
rKaHyPar,2cubes_sphere.mtx.hgr,no,no,4,128,0.03,0.0290038,55.2225,cut,126802,52429,no
rKaHyPar,2D_54019_highK.mtx.hgr,no,no,4,128,0.03,0.0283688,15.6173,cut,17129,14363,no
rKaHyPar,3Dspectralwave2.mtx.hgr,no,no,4,128,0.03,0.0297984,350.797,cut,342414,146768,no
rKaHyPar,ABACUS_shell_hd.mtx.hgr,no,no,4,128,0.03,0.0273224,11.2556,cut,7079,6152,no
rKaHyPar,af23560.mtx.hgr,no,no,4,128,0.03,0.027027,12.5236,cut,26936,16027,no
rKaHyPar,af_4_k101.mtx.hgr,no,no,4,128,0.03,0.0266836,24.0573,cut,69535,65315,no
rKaHyPar,af_shell1.mtx.hgr,no,no,4,128,0.03,0.0291508,24.482,cut,66390,62350,no
rKaHyPar,airfoil_2d.mtx.hgr,no,no,4,128,0.03,0.0267857,11.492,cut,12310,7874,no
rKaHyPar,Andrews.mtx.hgr,no,no,4,128,0.03,0.0298507,46.1393,cut,122995,45352,no
rKaHyPar,appu.mtx.hgr,no,no,4,128,0.03,0,75.5251,cut,1112069,13993,no
rKaHyPar,Baumann.mtx.hgr,no,no,7,64,0.03,0.0290764,44.4252,cut,26600,23994,no
rKaHyPar,bayer04.mtx.hgr,no,no,7,64,0.03,0.0279503,5.7054,cut,2669,2409,no
rKaHyPar,Chebyshev4.mtx.hgr,no,no,2,128,0.03,0.0262664,1208.35,cut,50827,21252,no
rKaHyPar,Chem97Zt.mtx.hgr,no,no,2,128,0.03,0.0205761,7.35819,cut,111,56,no
rKaHyPar,circuit_3.mtx.hgr,no,no,2,128,0.03,0.0210526,7.29861,cut,9606,6116,no
rKaHyPar,ckt11752_dc_1.mtx.hgr,no,no,2,128,0.03,0.0282776,19.9584,cut,26360,14433,no
rKaHyPar,cnr-2000.mtx.hgr,no,no,2,128,0.03,0.0298742,173.296,cut,74728,51561,no
rKaHyPar,nlpkkt120.mtx.hgr,no,no,2,64,0.03,0.0265221,5675.63,cut,560907,505874,no
rKaHyPar,nopoly.mtx.hgr,no,no,2,64,0.03,0.0295858,4.77182,cut,1889,1734,no
rKaHyPar,sat14_10pipe_q0_k.cnf.hgr,no,no,2,64,0.03,0.0296663,523.689,cut,1041882,869876,no
rKaHyPar,sat14_10pipe_q0_k.cnf.hgr,no,no,8,64,0.03,0.0296663,545.953,cut,1079430,870845,no
rKaHyPar,sat14_10pipe_q0_k.cnf.primal.hgr,no,no,2,64,0.03,0.029654,318.238,cut,1131304,1034761,no
rKaHyPar,sat14_9vliw_m_9stages_iq3_C1_bug7.cnf.primal.hgr,no,yes,7,8,0.03,1,28800,cut,2147483647,2147483647,no
rKaHyPar,sat14_9vliw_m_9stages_iq3_C1_bug8.cnf.hgr,no,yes,7,32,0.03,1,28800,cut,2147483647,2147483647,no
rKaHyPar,sat14_9vliw_m_9stages_iq3_C1_bug8.cnf.hgr,no,no,8,32,0.03,0.0299932,23839.3,cut,4922619,3355863,no
rKaHyPar,sat14_9vliw_m_9stages_iq3_C1_bug8.cnf.dual.hgr,no,yes,4,2,0.03,1,28800,cut,2147483647,2147483647,no
rKaHyPar,sat14_9vliw_m_9stages_iq3_C1_bug8.cnf.hgr,no,no,7,16,0.03,0.0299932,26903.8,cut,3407550,2398002,no
rKaHyPar,sat14_9vliw_m_9stages_iq3_C1_bug8.cnf.dual.hgr,no,yes,5,2,0.03,1,28800,cut,2147483647,2147483647,no
rKaHyPar,sat14_11pipe_k.cnf.primal.hgr,no,no,4,8,0.03,0.0299149,5152.73,cut,2152453,2104644,no
rKaHyPar,sat14_11pipe_k.cnf.primal.hgr,no,no,6,8,0.03,0.0299149,4484.55,cut,2152942,2101895,no
rKaHyPar,sat14_11pipe_k.cnf.primal.hgr,no,no,2,64,0.03,0.0293696,3178.02,cut,4361259,4073799,no
rKaHyPar,sat14_11pipe_k.cnf.primal.hgr,no,no,8,64,0.03,0.0293696,3143.61,cut,4398247,4077107,no
rKaHyPar,sat14_11pipe_q0_k.cnf.hgr,no,no,1,64,0.03,0.0297729,570.242,cut,1495734,1215879,no
rKaHyPar,sat14_11pipe_q0_k.cnf.hgr,no,no,2,64,0.03,0.0297729,584.577,cut,1446813,1205777,no
rKaHyPar,sat14_11pipe_q0_k.cnf.hgr,no,no,7,64,0.03,0.0297729,688.552,cut,1457143,1220010,no
rKaHyPar,sat14_11pipe_q0_k.cnf.hgr,no,no,8,64,0.03,0.0297729,525.933,cut,1519705,1205999,no
rKaHyPar,sat14_11pipe_q0_k.cnf.primal.hgr,no,no,2,32,0.03,0.0297729,788.517,cut,1337660,1241296,no
rKaHyPar,sat14_11pipe_q0_k.cnf.primal.hgr,no,no,3,32,0.03,0.0297729,380.134,cut,1320256,1223965,no
rKaHyPar,sat14_11pipe_q0_k.cnf.primal.hgr,no,no,1,64,0.03,0.0294659,381.273,cut,1599693,1463766,no
rKaHyPar,sat14_11pipe_q0_k.cnf.primal.hgr,no,no,2,64,0.03,0.0294659,587.451,cut,1585403,1455589,no
rKaHyPar,sat14_9vliw_m_9stages_iq3_C1_bug7.cnf.dual.hgr,no,yes,3,32,0.03,1,28800,cut,2147483647,2147483647,no
rKaHyPar,sat14_9vliw_m_9stages_iq3_C1_bug7.cnf.dual.hgr,no,yes,1,128,0.03,1,28800,cut,2147483647,2147483647,no
rKaHyPar,sat14_9vliw_m_9stages_iq3_C1_bug7.cnf.hgr,no,no,0,2,0.03,0.0166805,8060.55,cut,329277,329277,no
rKaHyPar,sat14_9vliw_m_9stages_iq3_C1_bug7.cnf.dual.hgr,no,yes,2,64,0.03,1,28800,cut,2147483647,2147483647,no
rKaHyPar,sat14_9vliw_m_9stages_iq3_C1_bug7.cnf.hgr,no,yes,0,4,0.03,1,28800,cut,2147483647,2147483647,no
rKaHyPar,sat14_11pipe_q0_k.cnf.primal.hgr,no,no,7,64,0.03,0.0294659,344.837,cut,1576626,1453842,no
rKaHyPar,sat14_11pipe_q0_k.cnf.primal.hgr,no,no,8,64,0.03,0.0294659,747.486,cut,1578902,1455077,no
rKaHyPar,sat14_11pipe_q0_k.cnf.primal.hgr,no,no,4,128,0.03,0.0294479,365.041,cut,2093543,1897281,no
rKaHyPar,sat14_6s10.cnf.dual.hgr,no,no,5,4,0.03,0.0293596,3.0349,cut,800,664,no
rKaHyPar,sat14_9vliw_m_9stages_iq3_C1_bug7.cnf.dual.hgr,no,yes,5,4,0.03,1,28800,cut,2147483647,2147483647,no
rKaHyPar,sat14_9vliw_m_9stages_iq3_C1_bug7.cnf.hgr,no,no,2,64,0.03,0.0299644,28019.5,cut,7800296,5075585,no
rKaHyPar,sat14_9vliw_m_9stages_iq3_C1_bug7.cnf.dual.hgr,no,yes,6,4,0.03,1,28800,cut,2147483647,2147483647,no
rKaHyPar,sat14_9vliw_m_9stages_iq3_C1_bug7.cnf.hgr,no,yes,7,64,0.03,1,28800,cut,2147483647,2147483647,no
rKaHyPar,sat14_9vliw_m_9stages_iq3_C1_bug7.cnf.hgr,no,no,2,32,0.03,0.0299951,24973.7,cut,4790451,3337221,no
rKaHyPar,sat14_9vliw_m_9stages_iq3_C1_bug7.cnf.primal.hgr,no,no,7,16,0.03,0.471141,28921.3,cut,4645186,3873940,no
rKaHyPar,sat14_9vliw_m_9stages_iq3_C1_bug7.cnf.hgr,no,no,3,32,0.03,0.0299951,23680.7,cut,4976586,3350910,no
rKaHyPar,sat14_11pipe_q0_k.cnf.hgr,no,no,2,8,0.03,0.0299298,1122.32,cut,355887,285230,no
rKaHyPar,sat14_11pipe_q0_k.cnf.hgr,no,no,4,8,0.03,0.0299682,1723.29,cut,348098,295107,no
rKaHyPar,sat14_11pipe_q0_k.cnf.hgr,no,no,2,32,0.03,0.0299263,930.785,cut,1122153,964331,no
rKaHyPar,sat14_11pipe_q0_k.cnf.hgr,no,no,3,32,0.03,0.0299263,931.696,cut,1132746,959272,no
rKaHyPar,sat14_6s10.cnf.dual.hgr,no,no,4,8,0.03,0.0258106,5.23556,cut,1618,1016,no
rKaHyPar,sat14_6s10.cnf.dual.hgr,no,no,2,32,0.03,0.03,7.34482,cut,4202,1637,no
rKaHyPar,sat14_6s10.cnf.dual.hgr,no,no,1,64,0.03,0.0283871,9.15923,cut,5972,2010,no
rKaHyPar,sat14_6s10.cnf.dual.hgr,no,no,7,64,0.03,0.0277419,9.2557,cut,5905,1998,no
rKaHyPar,sat14_6s10.cnf.hgr,no,no,5,4,0.03,0.0297935,8.02516,cut,4536,4419,no
rKaHyPar,sat14_6s10.cnf.hgr,no,no,4,8,0.03,0.0147493,9.30087,cut,7652,6854,no
rKaHyPar,sat14_6s10.cnf.hgr,no,no,2,32,0.03,0.029731,15.3171,cut,15177,13295,no
rKaHyPar,sat14_6s10.cnf.hgr,no,no,1,64,0.03,0.0292453,18.6903,cut,21060,17882,no
rKaHyPar,sat14_6s10.cnf.hgr,no,no,7,64,0.03,0.0292453,18.0995,cut,20189,17651,no
rKaHyPar,sat14_9dlx_vliw_at_b_iq3.cnf.dual.hgr,no,no,0,4,0.03,0.0182589,2946.52,cut,1909,886,no
rKaHyPar,sat14_9dlx_vliw_at_b_iq3.cnf.dual.hgr,no,no,2,64,0.03,0.0298744,3370.36,cut,28951,7517,no
rKaHyPar,sat14_9vliw_m_9stages_iq3_C1_bug7.cnf.primal.hgr,no,yes,7,32,0.03,1,28800,cut,2147483647,2147483647,no
rKaHyPar,sat14_9vliw_m_9stages_iq3_C1_bug8.cnf.dual.hgr,no,yes,1,8,0.03,1,28800,cut,2147483647,2147483647,no
rKaHyPar,sat14_9vliw_m_9stages_iq3_C1_bug7.cnf.primal.hgr,no,yes,8,32,0.03,1,28800,cut,2147483647,2147483647,no
rKaHyPar,sat14_11pipe_q0_k.cnf.hgr,no,no,4,128,0.03,0.0294659,512.427,cut,1757946,1441952,no
rKaHyPar,sat14_11pipe_q0_k.cnf.primal.hgr,no,no,5,4,0.03,0.0299682,415.1,cut,293801,288120,no
rKaHyPar,sat14_11pipe_q0_k.cnf.primal.hgr,no,no,2,8,0.03,0.0299286,1424.15,cut,698883,662484,no
rKaHyPar,sat14_11pipe_q0_k.cnf.primal.hgr,no,no,4,8,0.03,0.0299286,337.368,cut,652036,621106,no
rKaHyPar,sat14_9dlx_vliw_at_b_iq3.cnf.hgr,no,no,0,4,0.03,0.0299756,151.505,cut,95625,82104,no
rKaHyPar,sat14_9dlx_vliw_at_b_iq3.cnf.hgr,no,no,2,64,0.03,0.0298028,188.107,cut,392609,268901,no
rKaHyPar,sat14_9dlx_vliw_at_b_iq3.cnf.primal.hgr,no,no,0,4,0.03,0.0187987,100.14,cut,133580,124351,no
rKaHyPar,sat14_9dlx_vliw_at_b_iq3.cnf.primal.hgr,no,no,2,64,0.03,0.0293309,114.603,cut,451174,361827,no
rKaHyPar,sat14_9vliw_m_9stages_iq3_C1_bug7.cnf.dual.hgr,no,yes,0,2,0.03,1,28800,cut,2147483647,2147483647,no
rKaHyPar,sat14_9vliw_m_9stages_iq3_C1_bug8.cnf.primal.hgr,no,no,5,2,0.03,0.0297556,18755,cut,337186,337186,no
rKaHyPar,sat14_9vliw_m_9stages_iq3_C1_bug7.cnf.dual.hgr,no,yes,5,2,0.03,1,28800,cut,2147483647,2147483647,no
rKaHyPar,sat14_9vliw_m_9stages_iq3_C1_bug8.cnf.primal.hgr,no,yes,0,4,0.03,1,28800,cut,2147483647,2147483647,no
rKaHyPar,sat14_9vliw_m_9stages_iq3_C1_bug7.cnf.primal.hgr,no,no,5,2,0.03,0.0299992,22754.1,cut,358396,358396,no
rKaHyPar,sat14_9vliw_m_9stages_iq3_C1_bug7.cnf.hgr,no,yes,5,4,0.03,1,28800,cut,2147483647,2147483647,no
rKaHyPar,sat14_9vliw_m_9stages_iq3_C1_bug7.cnf.primal.hgr,no,no,6,2,0.03,0.0299992,18937.1,cut,360141,360141,no
rKaHyPar,sat14_9vliw_m_9stages_iq3_C1_bug7.cnf.hgr,no,yes,6,4,0.03,1,28800,cut,2147483647,2147483647,no
rKaHyPar,sat14_9vliw_m_9stages_iq3_C1_bug7.cnf.hgr,no,yes,2,8,0.03,1,28800,cut,2147483647,2147483647,no
rKaHyPar,sat14_9vliw_m_9stages_iq3_C1_bug7.cnf.primal.hgr,no,yes,2,4,0.03,1,28800,cut,2147483647,2147483647,no
rKaHyPar,sat14_9vliw_m_9stages_iq3_C1_bug7.cnf.hgr,no,yes,6,8,0.03,1,28800,cut,2147483647,2147483647,no
rKaHyPar,sat14_9vliw_m_9stages_iq3_C1_bug7.cnf.primal.hgr,no,yes,5,4,0.03,1,28800,cut,2147483647,2147483647,no
rKaHyPar,sat14_11pipe_k.cnf.hgr,no,no,7,64,0.03,0.0297278,2881.31,cut,4018800,3682078,no
rKaHyPar,sat14_11pipe_k.cnf.hgr,no,no,8,64,0.03,0.0297278,2691,cut,4009670,3702250,no
rKaHyPar,sat14_11pipe_k.cnf.primal.hgr,no,no,0,4,0.03,0.029961,4766.02,cut,910481,897924,no
rKaHyPar,sat14_11pipe_k.cnf.primal.hgr,no,no,6,4,0.03,0.029961,13380.9,cut,1149168,1135825,no
rKaHyPar,sat14_11pipe_q0_k.cnf.dual.hgr,no,no,4,128,0.03,0.361957,28678.3,cut,701498,62435,no
rKaHyPar,sat14_11pipe_q0_k.cnf.hgr,no,no,0,4,0.03,0.0299873,1394.85,cut,187688,162026,no
rKaHyPar,sat14_11pipe_q0_k.cnf.hgr,no,no,5,4,0.03,0.0299873,1612.51,cut,165987,148023,no
rKaHyPar,sat14_11pipe_q0_k.cnf.hgr,no,no,6,4,0.03,0.0299682,1445.52,cut,182393,156395,no
rKaHyPar,sat14_9vliw_m_9stages_iq3_C1_bug8.cnf.hgr,no,yes,2,4,0.03,1,28800,cut,2147483647,2147483647,no
rKaHyPar,sat14_9vliw_m_9stages_iq3_C1_bug8.cnf.hgr,no,yes,5,4,0.03,1,28800,cut,2147483647,2147483647,no
rKaHyPar,sat14_9vliw_m_9stages_iq3_C1_bug8.cnf.hgr,no,no,9,128,0.03,0.0299607,24649.3,cut,10497374,6669969,no
rKaHyPar,sat14_10pipe_q0_k.cnf.primal.hgr,no,no,8,64,0.03,0.029654,230.881,cut,1141471,1041764,no
rKaHyPar,sat14_11pipe_k.cnf.hgr,no,no,6,8,0.03,0.029961,5674.99,cut,795811,693197,no
rKaHyPar,sat14_11pipe_k.cnf.hgr,no,no,2,32,0.03,0.0299122,4542.93,cut,3308868,3073518,no
rKaHyPar,sat14_11pipe_k.cnf.hgr,no,no,8,32,0.03,0.0299122,3614.75,cut,3221411,3021678,no
rKaHyPar,sat14_11pipe_k.cnf.hgr,no,no,2,64,0.03,0.0297278,7376.59,cut,4036739,3700815,no
rKaHyPar,sat14_11pipe_k.cnf.dual.hgr,no,yes,0,2,0.03,1,28800,cut,2147483647,2147483647,no
rKaHyPar,sat14_11pipe_q0_k.cnf.dual.hgr,no,no,5,2,0.03,0.0242097,21718.1,cut,1787,1787,no
rKaHyPar,sat14_11pipe_k.cnf.dual.hgr,no,yes,0,4,0.03,1,28800,cut,2147483647,2147483647,no
rKaHyPar,sat14_11pipe_q0_k.cnf.dual.hgr,no,yes,0,4,0.03,1,28800,cut,2147483647,2147483647,no
rKaHyPar,sat14_11pipe_k.cnf.dual.hgr,no,yes,5,4,0.03,1,28800,cut,2147483647,2147483647,no
rKaHyPar,sat14_11pipe_q0_k.cnf.dual.hgr,no,yes,5,4,0.03,1,28800,cut,2147483647,2147483647,no
rKaHyPar,sat14_11pipe_q0_k.cnf.dual.hgr,no,no,2,8,0.03,0.167982,28702.5,cut,57766,43538,no
rKaHyPar,sat14_9vliw_m_9stages_iq3_C1_bug8.cnf.primal.hgr,no,yes,2,16,0.03,1,28800,cut,2147483647,2147483647,no
rKaHyPar,sat14_9vliw_m_9stages_iq3_C1_bug7.cnf.primal.hgr,no,yes,4,128,0.03,1,28800,cut,2147483647,2147483647,no
rKaHyPar,sat14_9vliw_m_9stages_iq3_C1_bug8.cnf.dual.hgr,no,yes,2,16,0.03,1,28800,cut,2147483647,2147483647,no
rKaHyPar,sat14_9vliw_m_9stages_iq3_C1_bug7.cnf.primal.hgr,no,no,9,128,0.03,0.458988,28611.1,cut,12764178,8942500,no
rKaHyPar,sat14_9vliw_m_9stages_iq3_C1_bug8.cnf.dual.hgr,no,yes,3,16,0.03,1,28800,cut,2147483647,2147483647,no
rKaHyPar,sat14_9vliw_m_9stages_iq3_C1_bug8.cnf.dual.hgr,no,yes,0,2,0.03,1,28800,cut,2147483647,2147483647,no
rKaHyPar,sat14_9vliw_m_9stages_iq3_C1_bug8.cnf.dual.hgr,no,yes,7,16,0.03,1,28800,cut,2147483647,2147483647,no
rKaHyPar,sat14_9vliw_m_9stages_iq3_C1_bug7.cnf.primal.hgr,no,yes,7,64,0.03,1,28800,cut,2147483647,2147483647,no
rKaHyPar,sat14_9vliw_m_9stages_iq3_C1_bug7.cnf.primal.hgr,no,yes,8,64,0.03,1,28800,cut,2147483647,2147483647,no
rKaHyPar,sat14_9vliw_m_9stages_iq3_C1_bug8.cnf.dual.hgr,no,yes,9,128,0.03,1,28800,cut,2147483647,2147483647,no
rKaHyPar,sat14_9vliw_m_9stages_iq3_C1_bug8.cnf.hgr,no,no,0,2,0.03,0.016691,4611.65,cut,329304,329304,no
rKaHyPar,sat14_openstacks-sequencedstrips-nonadl-nonnegated-os-sequencedstrips-p30_3.025-NOTKNOWN.cnf.dual.hgr,no,no,8,64,0.03,0.02991,101.456,cut,53646,29164,no
rKaHyPar,sat14_openstacks-sequencedstrips-nonadl-nonnegated-os-sequencedstrips-p30_3.025-NOTKNOWN.cnf.hgr,no,no,8,64,0.03,0.0297297,49.8874,cut,129270,119485,no
rKaHyPar,sat14_openstacks-sequencedstrips-nonadl-nonnegated-os-sequencedstrips-p30_3.025-NOTKNOWN.cnf.primal.hgr,no,no,8,64,0.03,0.0294906,44.674,cut,185431,177728,no
rKaHyPar,sat14_q_query_3_L100_coli.sat.cnf.dual.hgr,no,no,6,8,0.03,0.0130935,5824.72,cut,5736,1764,no
rKaHyPar,sat14_q_query_3_L150_coli.sat.cnf.hgr,no,no,8,32,0.03,0.0299964,3847.97,cut,1150935,849662,no
rKaHyPar,sat14_q_query_3_L150_coli.sat.cnf.primal.hgr,no,no,5,2,0.03,0.0299964,1960.13,cut,128973,128973,no
rKaHyPar,sat14_9vliw_m_9stages_iq3_C1_bug7.cnf.primal.hgr,no,no,0,128,0.03,2.25393,28790.3,cut,12878439,9198472,no
rKaHyPar,sat14_q_query_3_L150_coli.sat.cnf.primal.hgr,no,no,4,8,0.03,0.0299964,3139.09,cut,548473,488243,no
rKaHyPar,sat14_9vliw_m_9stages_iq3_C1_bug7.cnf.primal.hgr,no,yes,1,128,0.03,1,28800,cut,2147483647,2147483647,no
rKaHyPar,sat14_q_query_3_L80_coli.sat.cnf.hgr,no,no,1,128,0.03,0.0298774,1175.26,cut,969655,667663,no
rKaHyPar,sat14_q_query_3_L80_coli.sat.cnf.primal.hgr,no,no,5,2,0.03,0.0299958,1851.3,cut,73744,73744,no
rKaHyPar,sat14_9vliw_m_9stages_iq3_C1_bug8.cnf.hgr,no,no,4,2,0.03,0,3413.12,cut,344346,344346,no
rKaHyPar,sat14_9vliw_m_9stages_iq3_C1_bug8.cnf.hgr,no,no,5,2,0.03,0.0299993,4487.07,cut,336736,336736,no
rKaHyPar,sat14_9vliw_m_9stages_iq3_C1_bug8.cnf.hgr,no,no,6,2,0.03,0.00772287,4401.52,cut,337492,337492,no
rKaHyPar,sat14_9vliw_m_9stages_iq3_C1_bug8.cnf.dual.hgr,no,yes,7,32,0.03,1,28800,cut,2147483647,2147483647,no
rKaHyPar,sat14_9vliw_m_9stages_iq3_C1_bug8.cnf.hgr,no,no,0,4,0.03,0.0299858,28525,cut,771894,652344,no
rKaHyPar,sat14_9vliw_m_9stages_iq3_C1_bug8.cnf.dual.hgr,no,yes,8,32,0.03,1,28800,cut,2147483647,2147483647,no
rKaHyPar,sat14_9vliw_m_9stages_iq3_C1_bug8.cnf.dual.hgr,no,yes,3,64,0.03,1,28800,cut,2147483647,2147483647,no
rKaHyPar,NotreDame_actors.mtx.hgr,no,no,2,64,0.03,0.0295295,104.585,cut,223814,65443,no
rKaHyPar,NotreDame_www.mtx.hgr,no,no,2,64,0.03,0.0298625,26.4925,cut,25561,11810,no
rKaHyPar,obstclae.mtx.hgr,no,no,2,64,0.03,0.024,7.02306,cut,4803,4590,no
rKaHyPar,olafu.mtx.hgr,no,no,2,64,0.03,0.0197628,4.64221,cut,14760,8842,no
rKaHyPar,sat14_10pipe_q0_k.cnf.dual.hgr,no,no,0,4,0.03,0.0299344,11758.5,cut,6485,4549,no
rKaHyPar,sat14_10pipe_q0_k.cnf.dual.hgr,no,no,2,64,0.03,0.0295709,11964,cut,77696,6565,no
rKaHyPar,sat14_10pipe_q0_k.cnf.dual.hgr,no,no,8,64,0.03,0.0299398,12420.8,cut,80624,6543,no
rKaHyPar,sat14_11pipe_q0_k.cnf.dual.hgr,no,no,2,64,0.03,0.327688,28651.2,cut,462275,63081,no
rKaHyPar,sat14_11pipe_q0_k.cnf.dual.hgr,no,no,3,64,0.03,0.0299794,27647.5,cut,102325,7938,no
rKaHyPar,sat14_9vliw_m_9stages_iq3_C1_bug8.cnf.hgr,no,no,0,128,0.03,0.0299607,25802.8,cut,10225159,6534022,no
rKaHyPar,sat14_11pipe_q0_k.cnf.dual.hgr,no,no,7,64,0.03,0.0299155,26619,cut,100993,7755,no
rKaHyPar,sat14_9vliw_m_9stages_iq3_C1_bug8.cnf.hgr,no,no,4,128,0.03,0.0299607,24740.2,cut,10182519,6644341,no
rKaHyPar,sat14_11pipe_q0_k.cnf.dual.hgr,no,no,8,64,0.03,0.0299581,27963.5,cut,97444,7842,no
rKaHyPar,sat14_9vliw_m_9stages_iq3_C1_bug8.cnf.hgr,no,yes,5,128,0.03,1,28800,cut,2147483647,2147483647,no
rKaHyPar,sat14_q_query_3_L200_coli.sat.cnf.hgr,no,no,6,2,0.03,0,7306.33,cut,131066,131066,no
rKaHyPar,sat14_9vliw_m_9stages_iq3_C1_bug8.cnf.hgr,no,no,6,128,0.03,0.0299607,23039.4,cut,10052054,6629417,no
rKaHyPar,sat14_q_query_3_L80_coli.sat.cnf.hgr,no,no,6,16,0.03,0.0299799,1479.75,cut,348192,272545,no
rKaHyPar,sat14_q_query_3_L80_coli.sat.cnf.hgr,no,no,2,32,0.03,0.029947,1126.88,cut,498182,352874,no
rKaHyPar,sat14_q_query_3_L80_coli.sat.cnf.hgr,no,no,8,32,0.03,0.029947,1214.75,cut,504550,350581,no
rKaHyPar,sat14_q_query_3_L80_coli.sat.cnf.hgr,no,no,7,64,0.03,0.0298812,1117.79,cut,739391,521709,no
rKaHyPar,sat14_velev-vliw-uns-4.0-9.cnf.hgr,no,no,5,2,0.03,0.0299968,1358.91,cut,70637,70637,no
rKaHyPar,sat14_velev-vliw-uns-4.0-9.cnf.hgr,no,no,2,32,0.03,0.0299401,962.69,cut,849585,519533,no
rKaHyPar,sat14_velev-vliw-uns-4.0-9.cnf.hgr,no,no,7,32,0.03,0.0299401,1352.94,cut,865883,541941,no
rKaHyPar,sat14_11pipe_q0_k.cnf.dual.hgr,no,no,2,32,0.03,0.0298627,27668.9,cut,64650,6916,no
rKaHyPar,sat14_11pipe_q0_k.cnf.dual.hgr,no,no,3,32,0.03,0.0298627,28089.6,cut,59986,6272,no
rKaHyPar,sat14_11pipe_q0_k.cnf.dual.hgr,no,no,7,32,0.03,0.316819,28666.7,cut,250309,61810,no
rKaHyPar,sat14_9vliw_m_9stages_iq3_C1_bug8.cnf.hgr,no,no,7,8,0.03,0.569339,28789.3,cut,4359160,4122796,no
rKaHyPar,sat14_11pipe_q0_k.cnf.dual.hgr,no,no,1,64,0.03,0.0299368,28144.7,cut,103794,7610,no
rKaHyPar,sat14_9vliw_m_9stages_iq3_C1_bug8.cnf.hgr,no,yes,2,16,0.03,1,28800,cut,2147483647,2147483647,no
rKaHyPar,sat14_9vliw_m_9stages_iq3_C1_bug8.cnf.primal.hgr,no,yes,6,8,0.03,1,28800,cut,2147483647,2147483647,no
rKaHyPar,sat14_9vliw_m_9stages_iq3_C1_bug7.cnf.hgr,no,yes,3,16,0.03,1,28800,cut,2147483647,2147483647,no
rKaHyPar,sat14_q_query_3_L80_coli.sat.cnf.hgr,no,no,5,2,0.03,0,360.554,cut,74333,74333,no
rKaHyPar,sat14_q_query_3_L80_coli.sat.cnf.hgr,no,no,6,2,0.03,0,471.548,cut,47729,47729,no
rKaHyPar,sat14_q_query_3_L80_coli.sat.cnf.hgr,no,no,2,4,0.03,0.0199148,1732.35,cut,148437,120628,no
rKaHyPar,sat14_q_query_3_L80_coli.sat.cnf.hgr,no,no,4,4,0.03,0.0299799,2266.25,cut,146663,126391,no
rKaHyPar,sat14_q_query_3_L80_coli.sat.cnf.hgr,no,no,1,8,0.03,0.0100412,1242.73,cut,240457,189725,no
rKaHyPar,sat14_q_query_3_L80_coli.sat.cnf.hgr,no,no,4,8,0.03,0.0299958,1712.51,cut,237946,191166,no
rKaHyPar,sat14_q_query_3_L80_coli.sat.cnf.hgr,no,no,6,8,0.03,0.029948,3855.01,cut,240356,200356,no
rKaHyPar,sat14_q_query_3_L80_coli.sat.cnf.hgr,no,no,7,8,0.03,0.0102966,1424.73,cut,241918,188228,no
rKaHyPar,Trec14.mtx.hgr,no,no,1,64,0.03,0.00401606,167.737,cut,162519,3147,no
rKaHyPar,Trec14.mtx.hgr,no,no,2,64,0.03,0.00401606,172.885,cut,159625,3147,no
rKaHyPar,Trec14.mtx.hgr,no,no,4,64,0.03,0.0120482,172.359,cut,159870,3147,no
rKaHyPar,Trefethen_20000.mtx.hgr,no,no,0,2,0.03,0.0001,14.5981,cut,13388,13388,no
rKaHyPar,TSOPF_FS_b162_c3.mtx.hgr,no,no,8,32,0.03,0.026999,246.583,cut,174765,14984,no
rKaHyPar,TSOPF_FS_b162_c3.mtx.hgr,no,no,1,64,0.03,0.0290456,254.912,cut,259759,15396,no
rKaHyPar,sat14_9vliw_m_9stages_iq3_C1_bug8.cnf.dual.hgr,no,yes,0,4,0.03,1,28800,cut,2147483647,2147483647,no
rKaHyPar,sat14_9vliw_m_9stages_iq3_C1_bug8.cnf.dual.hgr,no,yes,7,64,0.03,1,28800,cut,2147483647,2147483647,no
rKaHyPar,sat14_9vliw_m_9stages_iq3_C1_bug8.cnf.dual.hgr,no,yes,2,4,0.03,1,28800,cut,2147483647,2147483647,no
rKaHyPar,sat14_9vliw_m_9stages_iq3_C1_bug8.cnf.dual.hgr,no,yes,8,64,0.03,1,28800,cut,2147483647,2147483647,no
rKaHyPar,sat14_9vliw_m_9stages_iq3_C1_bug8.cnf.dual.hgr,no,yes,5,4,0.03,1,28800,cut,2147483647,2147483647,no
rKaHyPar,sat14_9vliw_m_9stages_iq3_C1_bug8.cnf.dual.hgr,no,yes,0,128,0.03,1,28800,cut,2147483647,2147483647,no
rKaHyPar,sat14_SAT_dat.k70-24_1_rule_1.cnf.dual.hgr,no,no,7,32,0.03,0.0295926,643.935,cut,13889,12585,no
rKaHyPar,sat14_SAT_dat.k70-24_1_rule_1.cnf.dual.hgr,no,no,1,128,0.03,0.0299968,814.47,cut,40696,30218,no
rKaHyPar,sat14_SAT_dat.k70-24_1_rule_1.cnf.hgr,no,no,1,128,0.03,0.0299638,826.342,cut,114803,112767,no
rKaHyPar,sat14_SAT_dat.k70-24_1_rule_1.cnf.primal.hgr,no,no,1,128,0.03,0.0299706,390.13,cut,116332,115412,no
rKaHyPar,sat14_velev-vliw-uns-4.0-9.cnf.hgr,no,no,3,128,0.03,0.0299401,704.872,cut,1587909,996209,no
rKaHyPar,sat14_velev-vliw-uns-4.0-9.cnf.primal.hgr,no,no,5,2,0.03,0.0299861,478.434,cut,78757,78757,no
rKaHyPar,sat14_9vliw_m_9stages_iq3_C1_bug8.cnf.dual.hgr,no,yes,5,128,0.03,1,28800,cut,2147483647,2147483647,no
rKaHyPar,sat14_velev-vliw-uns-4.0-9.cnf.primal.hgr,no,no,1,32,0.03,0.0299401,965.649,cut,806408,633854,no
rKaHyPar,sat14_velev-vliw-uns-4.0-9.cnf.primal.hgr,no,no,7,32,0.03,0.0299401,907.289,cut,813435,630395,no
rKaHyPar,sat14_11pipe_q0_k.cnf.dual.hgr,no,no,4,8,0.03,0.0156442,26659.6,cut,17728,5420,no
rKaHyPar,sat14_11pipe_q0_k.cnf.dual.hgr,no,no,6,8,0.03,0.0278255,26451.5,cut,17659,6095,no
rKaHyPar,sat14_9vliw_m_9stages_iq3_C1_bug8.cnf.primal.hgr,no,yes,1,8,0.03,1,28800,cut,2147483647,2147483647,no
rKaHyPar,sat14_11pipe_q0_k.cnf.dual.hgr,no,no,2,16,0.03,0.166607,28648.3,cut,128185,58678,no
rKaHyPar,sat14_9vliw_m_9stages_iq3_C1_bug8.cnf.primal.hgr,no,yes,2,8,0.03,1,28800,cut,2147483647,2147483647,no
rKaHyPar,sat14_q_query_3_L200_coli.sat.cnf.dual.hgr,no,no,6,8,0.03,0.856918,28906.8,cut,930079,514868,no
rKaHyPar,sat14_11pipe_k.cnf.dual.hgr,no,yes,2,64,0.03,1,28800,cut,2147483647,2147483647,no
rKaHyPar,sat14_11pipe_k.cnf.dual.hgr,no,yes,8,32,0.03,1,28800,cut,2147483647,2147483647,no
rKaHyPar,sat14_11pipe_k.cnf.dual.hgr,no,yes,8,64,0.03,1,28800,cut,2147483647,2147483647,no
rKaHyPar,sat14_11pipe_k.cnf.dual.hgr,no,yes,7,64,0.03,1,28800,cut,2147483647,2147483647,no
rKaHyPar,sat14_11pipe_k.cnf.hgr,no,no,0,2,0.03,0.0286514,2999,cut,51807,51807,no
rKaHyPar,sat14_11pipe_k.cnf.hgr,no,no,0,4,0.03,0.029961,1041.88,cut,283170,241566,no
rKaHyPar,sat14_11pipe_k.cnf.hgr,no,no,6,2,0.03,0.029995,4337.03,cut,51442,51442,no
rKaHyPar,sat14_11pipe_k.cnf.hgr,no,no,5,4,0.03,0.0299834,1642.33,cut,291091,249606,no
rKaHyPar,sat14_9vliw_m_9stages_iq3_C1_bug8.cnf.hgr,no,no,3,64,0.03,0.0299625,25707,cut,7211680,4893275,no
rKaHyPar,sat14_9vliw_m_9stages_iq3_C1_bug8.cnf.hgr,no,no,7,64,0.03,0.0299625,22812.9,cut,7374019,4873340,no
rKaHyPar,sat14_9vliw_m_9stages_iq3_C1_bug8.cnf.hgr,no,yes,2,8,0.03,1,28800,cut,2147483647,2147483647,no
rKaHyPar,sat14_9vliw_m_9stages_iq3_C1_bug8.cnf.hgr,no,yes,8,64,0.03,1,28800,cut,2147483647,2147483647,no
rKaHyPar,sat14_9vliw_m_9stages_iq3_C1_bug8.cnf.hgr,no,yes,3,8,0.03,1,28800,cut,2147483647,2147483647,no
rKaHyPar,sat14_9vliw_m_9stages_iq3_C1_bug8.cnf.hgr,no,yes,9,64,0.03,1,28800,cut,2147483647,2147483647,no
rKaHyPar,sat14_SAT_dat.k100-24_1_rule_1.cnf.dual.hgr,no,no,7,32,0.03,0.0299577,1398.71,cut,14999,13913,no
rKaHyPar,sat14_SAT_dat.k100-24_1_rule_1.cnf.dual.hgr,no,no,1,128,0.03,0.0290363,1757.54,cut,47321,37248,no
rKaHyPar,sat14_SAT_dat.k100-24_1_rule_1.cnf.hgr,no,no,1,128,0.03,0.0299984,1904.32,cut,146913,145271,no
rKaHyPar,sat14_SAT_dat.k100-24_1_rule_1.cnf.primal.hgr,no,no,4,8,0.03,0.00816886,561.03,cut,8148,8148,no
rKaHyPar,sat14_9vliw_m_9stages_iq3_C1_bug8.cnf.hgr,no,no,4,8,0.03,0.0299935,27361.5,cut,2211308,1734864,no
rKaHyPar,trans4.mtx.hgr,no,yes,4,64,0.03,1,28800,cut,2147483647,2147483647,no
rKaHyPar,Trec14.mtx.hgr,no,no,0,2,0.03,0.000125739,87.1083,cut,2409,2409,no
rKaHyPar,Trec14.mtx.hgr,no,no,1,8,0.03,0.0135747,99.7228,cut,18409,3073,no
rKaHyPar,trans4.mtx.hgr,no,yes,7,16,0.03,1,28800,cut,2147483647,2147483647,no
rKaHyPar,sat14_9vliw_m_9stages_iq3_C1_bug8.cnf.primal.hgr,no,no,7,32,0.03,0.587708,28657.9,cut,6817981,5463402,no
rKaHyPar,sat14_9vliw_m_9stages_iq3_C1_bug8.cnf.primal.hgr,no,yes,8,32,0.03,1,28800,cut,2147483647,2147483647,no
rKaHyPar,sat14_9vliw_m_9stages_iq3_C1_bug8.cnf.primal.hgr,no,no,9,64,0.03,0.235634,28694,cut,9104614,7272664,no
rKaHyPar,sat14_aaai10-planning-ipc5-pathways-17-step21.cnf.dual.hgr,no,no,4,2,0.03,0.028848,6.4363,cut,802,802,no
rKaHyPar,sat14_aaai10-planning-ipc5-pathways-17-step21.cnf.dual.hgr,no,no,2,8,0.03,0.0253569,15.7988,cut,2834,2266,no
rKaHyPar,sat14_UCG-15-10p0.cnf.primal.hgr,no,no,1,128,0.03,0.029525,48.4283,cut,102142,99769,no
rKaHyPar,sat14_9vliw_m_9stages_iq3_C1_bug8.cnf.primal.hgr,no,yes,4,128,0.03,1,28800,cut,2147483647,2147483647,no
rKaHyPar,sat14_aaai10-planning-ipc5-pathways-17-step21.cnf.dual.hgr,no,no,5,2,0.03,0.0297564,8.57422,cut,800,800,no
rKaHyPar,sat14_aaai10-planning-ipc5-pathways-17-step21.cnf.dual.hgr,no,no,3,8,0.03,0.0297171,21.9699,cut,3021,2312,no
rKaHyPar,sat14_velev-vliw-uns-2.0-uq5.cnf.hgr,no,no,2,32,0.03,0.0299578,1036.21,cut,749325,549774,no
rKaHyPar,sat14_velev-vliw-uns-2.0-uq5.cnf.hgr,no,no,8,32,0.03,0.0299578,1763.57,cut,733339,551314,no
rKaHyPar,sat14_velev-vliw-uns-2.0-uq5.cnf.primal.hgr,no,no,6,4,0.03,0.0299858,662.405,cut,292365,273139,no
rKaHyPar,sat14_velev-vliw-uns-2.0-uq5.cnf.dual.hgr,no,no,0,2,0.03,0.00144055,20626.4,cut,1143,1143,no
rKaHyPar,sat14_velev-vliw-uns-2.0-uq5.cnf.dual.hgr,no,no,5,2,0.03,0.0273371,21221.3,cut,1210,1210,no
rKaHyPar,sat14_velev-vliw-uns-2.0-uq5.cnf.dual.hgr,no,no,6,4,0.03,0.022747,22268,cut,3496,1728,no
rKaHyPar,sat14_9vliw_m_9stages_iq3_C1_bug8.cnf.hgr,no,no,5,32,0.03,0.0299932,27469.7,cut,5303360,3397212,no
rKaHyPar,sat14_9vliw_m_9stages_iq3_C1_bug8.cnf.dual.hgr,no,yes,6,2,0.03,1,28800,cut,2147483647,2147483647,no
rKaHyPar,sat14_9vliw_m_9stages_iq3_C1_bug7.cnf.dual.hgr,no,yes,7,64,0.03,1,28800,cut,2147483647,2147483647,no
rKaHyPar,sat14_9vliw_m_9stages_iq3_C1_bug8.cnf.primal.hgr,no,yes,3,64,0.03,1,28800,cut,2147483647,2147483647,no
rKaHyPar,sat14_9vliw_m_9stages_iq3_C1_bug8.cnf.primal.hgr,no,yes,0,64,0.03,1,28800,cut,2147483647,2147483647,no
rKaHyPar,sat14_aaai10-planning-ipc5-pathways-17-step21.cnf.dual.hgr,no,no,5,4,0.03,0.0253831,15.7166,cut,1464,1462,no
rKaHyPar,sat14_aaai10-planning-ipc5-pathways-17-step21.cnf.dual.hgr,no,no,9,8,0.03,0.0168959,21.9808,cut,2889,2249,no
rKaHyPar,sat14_9vliw_m_9stages_iq3_C1_bug8.cnf.primal.hgr,no,yes,5,128,0.03,1,28800,cut,2147483647,2147483647,no
rKaHyPar,sat14_aaai10-planning-ipc5-pathways-17-step21.cnf.dual.hgr,no,no,0,4,0.03,0.0295099,13.8344,cut,1593,1566,no
rKaHyPar,sat14_velev-vliw-uns-2.0-uq5.cnf.hgr,no,no,7,16,0.03,0.0299594,861.184,cut,564956,421728,no
rKaHyPar,sat14_velev-vliw-uns-2.0-uq5.cnf.hgr,no,no,6,32,0.03,0.0299578,1458.78,cut,754930,548188,no
rKaHyPar,sat14_velev-vliw-uns-2.0-uq5.cnf.primal.hgr,no,no,5,2,0.03,0.0299993,1219.4,cut,137252,137252,no
rKaHyPar,sat14_velev-vliw-uns-2.0-uq5.cnf.primal.hgr,no,no,7,16,0.03,0.0299578,482.651,cut,664955,554420,no
rKaHyPar,sat14_velev-vliw-uns-2.0-uq5.cnf.dual.hgr,no,no,7,32,0.03,0.32687,28578.2,cut,57768,33978,no
rKaHyPar,sat14_velev-vliw-uns-2.0-uq5.cnf.dual.hgr,no,no,8,32,0.03,0.0299137,28346.9,cut,29124,8525,no
rKaHyPar,sat14_velev-vliw-uns-2.0-uq5.cnf.hgr,no,no,5,2,0.03,0.00735154,7159.22,cut,71096,71096,no
rKaHyPar,sat14_velev-vliw-uns-2.0-uq5.cnf.hgr,no,no,6,4,0.03,0.0299993,3443.4,cut,187865,176508,no
rKaHyPar,sat14_9vliw_m_9stages_iq3_C1_bug7.cnf.hgr,no,no,8,64,0.03,0.577306,28697.3,cut,11517271,8531305,no
rKaHyPar,sat14_9vliw_m_9stages_iq3_C1_bug8.cnf.hgr,no,no,3,16,0.03,0.0299932,27509.5,cut,3373756,2441831,no
rKaHyPar,sat14_9vliw_m_9stages_iq3_C1_bug7.cnf.hgr,no,yes,1,128,0.03,1,28800,cut,2147483647,2147483647,no
rKaHyPar,sat14_9vliw_m_9stages_iq3_C1_bug8.cnf.primal.hgr,no,yes,9,8,0.03,1,28800,cut,2147483647,2147483647,no
rKaHyPar,TSOPF_FS_b162_c3.mtx.hgr,no,no,4,64,0.03,0.0290456,147.503,cut,272546,15429,no
rKaHyPar,us04.mtx.hgr,no,no,1,8,0.03,0.0111365,8.77429,cut,602,112,no
rKaHyPar,sat14_9vliw_m_9stages_iq3_C1_bug7.cnf.hgr,no,yes,7,32,0.03,1,28800,cut,2147483647,2147483647,no
rKaHyPar,sat14_9vliw_m_9stages_iq3_C1_bug7.cnf.hgr,no,no,8,32,0.03,0.0299951,27391.2,cut,5136626,3452433,no
rKaHyPar,sat14_9vliw_m_9stages_iq3_C1_bug8.cnf.primal.hgr,no,yes,8,64,0.03,1,28800,cut,2147483647,2147483647,no
rKaHyPar,sat14_9vliw_m_9stages_iq3_C1_bug8.cnf.primal.hgr,no,yes,7,64,0.03,1,28800,cut,2147483647,2147483647,no
rKaHyPar,sat14_aaai10-planning-ipc5-pathways-17-step21.cnf.dual.hgr,no,no,7,16,0.03,0.0298988,29.7067,cut,5664,3898,no
rKaHyPar,sat14_q_query_3_L200_coli.sat.cnf.hgr,no,no,1,8,0.03,0.029997,28585.7,cut,673026,536975,no
rKaHyPar,sat14_aaai10-planning-ipc5-pathways-17-step21.cnf.dual.hgr,no,no,7,4,0.03,0.0298083,13.6507,cut,1535,1527,no
rKaHyPar,sat14_aaai10-planning-ipc5-pathways-17-step21.cnf.dual.hgr,no,no,2,16,0.03,0.0299507,20.6208,cut,5572,3973,no
rKaHyPar,sat14_velev-vliw-uns-2.0-uq5.cnf.primal.hgr,no,no,2,32,0.03,0.0299578,422.471,cut,837377,678830,no
rKaHyPar,sat14_velev-vliw-uns-2.0-uq5.cnf.primal.hgr,no,no,6,32,0.03,0.0299578,567.736,cut,824470,673165,no
rKaHyPar,sat14_velev-vliw-uns-2.0-uq5.cnf.primal.hgr,no,no,8,32,0.03,0.0299578,506.25,cut,833010,682971,no
rKaHyPar,sat14_velev-vliw-uns-2.0-uq5.cnf.primal.hgr,no,no,3,128,0.03,0.0295359,588.854,cut,1392009,1120254,no
rKaHyPar,stokes128.mtx.hgr,no,no,4,64,0.03,0.029601,12.1708,cut,14217,8635,no
rKaHyPar,ted_A.mtx.hgr,no,no,7,32,0.03,0.00301205,0.958665,cut,5172,2664,no
rKaHyPar,ted_A.mtx.hgr,no,no,4,64,0.03,0.0060241,1.14287,cut,10889,4067,no
rKaHyPar,TF16.mtx.hgr,no,no,7,32,0.03,0.0231788,7.87613,cut,65708,12332,no
rKaHyPar,TF16.mtx.hgr,no,no,4,64,0.03,0.0298013,8.41701,cut,90263,13159,no
rKaHyPar,thermal1.mtx.hgr,no,no,4,64,0.03,0.0286378,11.0135,cut,7373,7050,no
rKaHyPar,thermomech_TC.mtx.hgr,no,no,4,64,0.03,0.0269255,13.6284,cut,8262,7944,no
rKaHyPar,tmt_unsym.mtx.hgr,no,no,4,64,0.03,0.0290057,195.022,cut,19930,19734,no
rKaHyPar,trans4.mtx.hgr,no,yes,7,32,0.03,1,28800,cut,2147483647,2147483647,no
rKaHyPar,sat14_q_query_3_L200_coli.sat.cnf.hgr,no,yes,2,8,0.03,1,28800,cut,2147483647,2147483647,no
rKaHyPar,trans4.mtx.hgr,no,yes,8,32,0.03,1,28800,cut,2147483647,2147483647,no
rKaHyPar,sat14_q_query_3_L200_coli.sat.cnf.hgr,no,no,4,8,0.03,0.029997,26554.2,cut,737965,607313,no
rKaHyPar,trans4.mtx.hgr,no,yes,1,64,0.03,1,28800,cut,2147483647,2147483647,no
rKaHyPar,sat14_9vliw_m_9stages_iq3_C1_bug8.cnf.dual.hgr,no,yes,2,32,0.03,1,28800,cut,2147483647,2147483647,no
rKaHyPar,trans4.mtx.hgr,no,yes,2,64,0.03,1,28800,cut,2147483647,2147483647,no
rKaHyPar,sat14_q_query_3_L200_coli.sat.cnf.hgr,no,yes,6,8,0.03,1,28800,cut,2147483647,2147483647,no
rKaHyPar,sat14_aaai10-planning-ipc5-pathways-17-step21.cnf.dual.hgr,no,no,2,32,0.03,0.0297934,27.2963,cut,12013,8925,no
rKaHyPar,sat14_aaai10-planning-ipc5-pathways-17-step21.cnf.dual.hgr,no,no,7,32,0.03,0.0298972,44.1029,cut,12000,8983,no
rKaHyPar,sat14_aaai10-planning-ipc5-pathways-17-step21.cnf.dual.hgr,no,no,3,64,0.03,0.0298941,30.9271,cut,24492,13282,no
rKaHyPar,sat14_aaai10-planning-ipc5-pathways-17-step21.cnf.dual.hgr,no,no,7,64,0.03,0.0298941,42.2776,cut,24357,13481,no
rKaHyPar,sat14_aaai10-planning-ipc5-pathways-17-step21.cnf.dual.hgr,no,no,4,128,0.03,0.0298879,32.8511,cut,44025,16749,no
rKaHyPar,sat14_aaai10-planning-ipc5-pathways-17-step21.cnf.hgr,no,no,5,4,0.03,0.0299703,10.818,cut,3862,3710,no
rKaHyPar,sat14_aaai10-planning-ipc5-pathways-17-step21.cnf.dual.hgr,no,no,5,128,0.03,0.0298879,45.9124,cut,43260,16847,no
rKaHyPar,sat14_aaai10-planning-ipc5-pathways-17-step21.cnf.hgr,no,no,8,64,0.03,0.0296736,27.0433,cut,36488,33755,no
rKaHyPar,sat14_aaai10-planning-ipc5-pathways-17-step21.cnf.hgr,no,no,1,8,0.03,0.0237389,20.8184,cut,6837,6570,no
rKaHyPar,sat14_aaai10-planning-ipc5-pathways-17-step21.cnf.hgr,no,no,4,128,0.03,0.029656,29.8198,cut,61271,56646,no
rKaHyPar,sat14_aaai10-planning-ipc5-pathways-17-step21.cnf.primal.hgr,no,no,4,2,0.03,0.0212908,4.74411,cut,2683,2683,no
rKaHyPar,sat14_aaai10-planning-ipc5-pathways-17-step21.cnf.primal.hgr,no,no,0,4,0.03,0.0212166,9.59408,cut,4393,4393,no
rKaHyPar,sat14_aaai10-planning-ipc5-pathways-17-step21.cnf.primal.hgr,no,no,8,32,0.03,0.0296736,25.3931,cut,22645,22072,no
rKaHyPar,sat14_aaai10-planning-ipc5-pathways-17-step21.cnf.primal.hgr,no,no,7,64,0.03,0.029656,32.8566,cut,57361,55903,no
rKaHyPar,sat14_aaai10-planning-ipc5-pathways-17-step21.cnf.primal.hgr,no,no,8,64,0.03,0.029656,32.6866,cut,56553,55111,no
rKaHyPar,sat14_aaai10-planning-ipc5-pathways-17-step21.cnf.primal.hgr,no,no,4,128,0.03,0.028436,34.213,cut,85454,81777,no
rKaHyPar,sat14_ACG-20-10p1.cnf.dual.hgr,no,no,7,64,0.03,0.0290809,131.948,cut,39334,11650,no
rKaHyPar,sat14_ACG-20-10p1.cnf.hgr,no,no,5,4,0.03,0.0288336,340.578,cut,7891,7885,no
rKaHyPar,sat14_ACG-20-10p1.cnf.hgr,no,no,2,32,0.03,0.0299702,196.59,cut,35090,34650,no
rKaHyPar,sat14_ACG-20-10p1.cnf.hgr,no,no,8,32,0.03,0.0298864,193.017,cut,35566,35247,no
rKaHyPar,sat14_atco_enc3_opt2_05_21.cnf.dual.hgr,no,no,4,8,0.03,0.0284044,1185.34,cut,5546,2842,no
rKaHyPar,sat14_atco_enc3_opt1_04_50.cnf.hgr,no,no,2,64,0.03,0.0293779,2582.32,cut,78539,61158,no
rKaHyPar,sat14_atco_enc3_opt2_05_21.cnf.dual.hgr,no,no,2,64,0.03,0.0296513,1664.39,cut,32633,13604,no
rKaHyPar,sat14_atco_enc3_opt2_05_21.cnf.dual.hgr,no,no,7,64,0.03,0.0297268,1618.83,cut,35745,13709,no
rKaHyPar,sat14_atco_enc3_opt1_04_50.cnf.hgr,no,no,7,64,0.03,0.0292391,2671.86,cut,80280,61803,no
rKaHyPar,sat14_atco_enc3_opt2_05_21.cnf.hgr,no,no,4,8,0.03,0.0208671,1239.49,cut,9450,8414,no
rKaHyPar,sat14_atco_enc3_opt1_04_50.cnf.hgr,no,no,8,64,0.03,0.0299929,2573.96,cut,76569,59078,no
rKaHyPar,sat14_atco_enc3_opt1_04_50.cnf.primal.hgr,no,no,0,4,0.03,0.0229735,553.027,cut,8342,5462,no
rKaHyPar,sat14_E02F22.cnf.hgr,no,no,1,64,0.03,0.0282353,234.11,cut,48731,31613,no
rKaHyPar,sat14_E02F22.cnf.hgr,no,no,2,64,0.03,0.0282353,223.187,cut,51605,29710,no
rKaHyPar,sat14_E02F22.cnf.hgr,no,no,8,64,0.03,0.0282353,237.962,cut,49146,31395,no
rKaHyPar,sat14_E02F22.cnf.primal.hgr,no,no,0,2,0.03,0,48.5498,cut,231,231,no
rKaHyPar,sat14_E02F22.cnf.primal.hgr,no,no,1,64,0.03,0.028169,296.227,cut,57768,37613,no
rKaHyPar,sat14_E02F22.cnf.primal.hgr,no,no,2,64,0.03,0.028169,286.768,cut,57656,37360,no
rKaHyPar,sat14_E02F22.cnf.primal.hgr,no,no,8,64,0.03,0.028169,282.941,cut,57702,37507,no
rKaHyPar,sat14_gss-18-s100.cnf.dual.hgr,no,no,0,2,0.03,0.0237403,1.12991,cut,88,88,no
rKaHyPar,sat14_q_query_3_L100_coli.sat.cnf.hgr,no,no,1,128,0.03,0.0298054,2150.18,cut,1289297,883016,no
rKaHyPar,sat14_q_query_3_L100_coli.sat.cnf.primal.hgr,no,no,6,8,0.03,0.029985,3590.14,cut,382659,343098,no
rKaHyPar,sat14_q_query_3_L100_coli.sat.cnf.primal.hgr,no,no,1,128,0.03,0.0296026,968.51,cut,1296767,974290,no
rKaHyPar,sat14_E02F22.cnf.dual.hgr,no,yes,4,4,0.03,1,28800,cut,2147483647,2147483647,no
rKaHyPar,sat14_q_query_3_L150_coli.sat.cnf.dual.hgr,no,no,0,2,0.03,0.0242829,20886.4,cut,335,335,no
rKaHyPar,sat14_q_query_3_L80_coli.sat.cnf.dual.hgr,no,no,4,8,0.03,0.0206078,4138,cut,4941,1469,no
rKaHyPar,sat14_q_query_3_L80_coli.sat.cnf.dual.hgr,no,no,6,8,0.03,0.0200602,3991.8,cut,5022,1453,no
rKaHyPar,sat14_q_query_3_L80_coli.sat.cnf.dual.hgr,no,no,7,8,0.03,0.0205875,3889.73,cut,4821,1530,no
rKaHyPar,sat14_q_query_3_L80_coli.sat.cnf.dual.hgr,no,no,6,16,0.03,0.0268549,3963.02,cut,10540,1650,no
rKaHyPar,sat14_transport-transport-city-sequential-25nodes-1000size-3degree-100mindistance-3trucks-10packages-2008seed.050-NOTKNOWN.cnf.hgr,no,no,1,128,0.03,0.0299466,1495.56,cut,885790,806548,no
rKaHyPar,sat14_transport-transport-city-sequential-25nodes-1000size-3degree-100mindistance-3trucks-10packages-2008seed.050-NOTKNOWN.cnf.primal.hgr,no,no,1,128,0.03,0.0299427,1333.52,cut,1052005,985992,no
rKaHyPar,sat14_UCG-15-10p0.cnf.dual.hgr,no,no,1,128,0.03,0.0287568,120.847,cut,46283,10580,no
rKaHyPar,sat14_UCG-15-10p0.cnf.hgr,no,no,1,128,0.03,0.0298555,90.57,cut,75083,71593,no
rKaHyPar,tomographic1.mtx.hgr,no,no,4,64,0.03,0.0290323,19.0057,cut,20340,11709,no
rKaHyPar,torso3.mtx.hgr,no,no,4,64,0.03,0.0298765,131.965,cut,65715,56922,no
rKaHyPar,sat14_E02F22.cnf.dual.hgr,no,yes,5,4,0.03,1,28800,cut,2147483647,2147483647,no
rKaHyPar,trans4.mtx.hgr,no,yes,0,2,0.03,1,28800,cut,2147483647,2147483647,no
rKaHyPar,sat14_E02F22.cnf.dual.hgr,no,yes,6,8,0.03,1,28800,cut,2147483647,2147483647,no
rKaHyPar,trans4.mtx.hgr,no,yes,5,2,0.03,1,28800,cut,2147483647,2147483647,no
rKaHyPar,sat14_9vliw_m_9stages_iq3_C1_bug7.cnf.primal.hgr,no,yes,2,32,0.03,1,28800,cut,2147483647,2147483647,no
rKaHyPar,sat14_11pipe_k.cnf.dual.hgr,no,yes,2,32,0.03,1,28800,cut,2147483647,2147483647,no
rKaHyPar,sat14_9vliw_m_9stages_iq3_C1_bug7.cnf.primal.hgr,no,yes,3,32,0.03,1,28800,cut,2147483647,2147483647,no
rKaHyPar,sat14_9vliw_m_9stages_iq3_C1_bug8.cnf.hgr,no,yes,0,64,0.03,1,28800,cut,2147483647,2147483647,no
rKaHyPar,sat14_9vliw_m_9stages_iq3_C1_bug8.cnf.dual.hgr,no,yes,6,8,0.03,1,28800,cut,2147483647,2147483647,no
rKaHyPar,sat14_9vliw_m_9stages_iq3_C1_bug8.cnf.hgr,no,yes,1,64,0.03,1,28800,cut,2147483647,2147483647,no
rKaHyPar,sat14_9vliw_m_9stages_iq3_C1_bug8.cnf.dual.hgr,no,yes,7,8,0.03,1,28800,cut,2147483647,2147483647,no
rKaHyPar,sat14_aaai10-planning-ipc5-pathways-17-step21.cnf.dual.hgr,no,no,8,32,0.03,0.0298972,27.9637,cut,12757,8807,no
rKaHyPar,sat14_aaai10-planning-ipc5-pathways-17-step21.cnf.dual.hgr,no,no,0,64,0.03,0.0296865,43.2648,cut,25197,13258,no
rKaHyPar,sat14_aaai10-planning-ipc5-pathways-17-step21.cnf.dual.hgr,no,no,8,64,0.03,0.0292713,29.8722,cut,23949,13436,no
rKaHyPar,sat14_aaai10-planning-ipc5-pathways-17-step21.cnf.hgr,no,no,4,2,0.03,0,5.44754,cut,2137,2137,no
rKaHyPar,sat14_aaai10-planning-ipc5-pathways-17-step21.cnf.dual.hgr,no,no,9,64,0.03,0.0294789,42.6352,cut,24104,13408,no
rKaHyPar,sat14_aaai10-planning-ipc5-pathways-17-step21.cnf.hgr,no,no,0,4,0.03,0.0298961,14.6566,cut,3790,3649,no
rKaHyPar,sat14_aaai10-planning-ipc5-pathways-17-step21.cnf.hgr,no,no,7,16,0.03,0.029822,20.0962,cut,10456,10073,no
rKaHyPar,sat14_aaai10-planning-ipc5-pathways-17-step21.cnf.hgr,no,no,2,8,0.03,0.029822,20.3467,cut,6763,6530,no
rKaHyPar,sat14_aaai10-planning-ipc5-pathways-17-step21.cnf.hgr,no,no,2,32,0.03,0.0299703,21.9975,cut,16779,15632,no
rKaHyPar,sat14_aaai10-planning-ipc5-pathways-17-step21.cnf.primal.hgr,no,no,5,4,0.03,0.0299703,14.6583,cut,4435,4434,no
rKaHyPar,sat14_aaai10-planning-ipc5-pathways-17-step21.cnf.hgr,no,no,8,32,0.03,0.0299703,21.1834,cut,15825,14275,no
rKaHyPar,sat14_aaai10-planning-ipc5-pathways-17-step21.cnf.primal.hgr,no,no,2,8,0.03,0.0299703,18.1433,cut,9293,9265,no
rKaHyPar,sat14_aaai10-planning-ipc5-pathways-17-step21.cnf.hgr,no,no,7,64,0.03,0.0296736,27.6228,cut,31859,29198,no
rKaHyPar,sat14_aaai10-planning-ipc5-pathways-17-step21.cnf.primal.hgr,no,no,7,16,0.03,0.0299703,21.9854,cut,14507,14288,no
rKaHyPar,sat14_aaai10-planning-ipc5-pathways-17-step21.cnf.primal.hgr,no,no,2,32,0.03,0.0296736,25.6101,cut,23817,23230,no
rKaHyPar,sat14_ACG-20-10p1.cnf.dual.hgr,no,no,5,4,0.03,0.0298241,123.006,cut,3387,2705,no
rKaHyPar,sat14_ACG-20-10p1.cnf.dual.hgr,no,no,1,8,0.03,0.0295815,134.521,cut,8204,5675,no
rKaHyPar,sat14_ACG-20-10p1.cnf.hgr,no,no,7,64,0.03,0.0299271,300.263,cut,49036,48245,no
rKaHyPar,sat14_ACG-20-10p1.cnf.dual.hgr,no,no,2,32,0.03,0.0292775,127.908,cut,23036,11120,no
rKaHyPar,sat14_ACG-20-10p1.cnf.dual.hgr,no,no,8,32,0.03,0.0255933,124.156,cut,24324,10953,no
rKaHyPar,sat14_atco_enc3_opt1_04_50.cnf.primal.hgr,no,no,4,8,0.03,0.0203377,1123.34,cut,19892,10308,no
rKaHyPar,sat14_atco_enc3_opt1_04_50.cnf.primal.hgr,no,no,2,64,0.03,0.0293184,724.805,cut,95849,82848,no
rKaHyPar,sat14_atco_enc3_opt1_04_50.cnf.primal.hgr,no,no,7,64,0.03,0.0299135,704.164,cut,98453,85370,no
rKaHyPar,sat14_atco_enc3_opt1_04_50.cnf.dual.hgr,no,no,2,64,0.03,0.0294328,3236.32,cut,31870,12665,no
rKaHyPar,sat14_atco_enc3_opt1_04_50.cnf.primal.hgr,no,no,8,64,0.03,0.0297151,802.381,cut,97678,84590,no
rKaHyPar,sat14_dated-10-11-u.cnf.primal.hgr,no,no,2,64,0.03,0.02977,24.9353,cut,32100,30091,no
rKaHyPar,sat14_dated-10-17-u.cnf.dual.hgr,no,no,2,64,0.03,0.0268962,71.5674,cut,19551,12338,no
rKaHyPar,sat14_dated-10-17-u.cnf.hgr,no,no,2,64,0.03,0.0299693,53.6888,cut,34990,33393,no
rKaHyPar,sat14_dated-10-17-u.cnf.primal.hgr,no,no,2,64,0.03,0.0298299,46.2262,cut,44201,41829,no
rKaHyPar,sat14_atco_enc3_opt1_04_50.cnf.hgr,no,no,0,4,0.03,0.0286159,1521.85,cut,8610,5190,no
rKaHyPar,sat14_E02F20.cnf.dual.hgr,no,no,2,64,0.03,0.00242797,1843.7,cut,16877,1088,no
rKaHyPar,sat14_E02F20.cnf.hgr,no,no,2,64,0.03,0.0276074,28.3223,cut,34143,20739,no
rKaHyPar,sat14_E02F20.cnf.primal.hgr,no,no,2,64,0.03,0.0245399,36.2425,cut,44902,29090,no
rKaHyPar,sat14_atco_enc3_opt1_04_50.cnf.hgr,no,no,4,8,0.03,0.0293883,2474.68,cut,17623,8508,no
rKaHyPar,sat14_E02F22.cnf.dual.hgr,no,no,0,2,0.03,0.0299603,28723.2,cut,320,320,no
rKaHyPar,sat14_q_query_3_L200_coli.sat.cnf.primal.hgr,no,no,0,4,0.03,0.029997,4203.22,cut,460551,392396,no
rKaHyPar,sat14_q_query_3_L200_coli.sat.cnf.primal.hgr,no,no,4,4,0.03,0.029997,3373.44,cut,418235,339539,no
rKaHyPar,sat14_q_query_3_L200_coli.sat.cnf.primal.hgr,no,no,1,8,0.03,0.029967,7924.63,cut,769574,680151,no
rKaHyPar,sat14_q_query_3_L80_coli.sat.cnf.primal.hgr,no,no,1,128,0.03,0.0296221,434.496,cut,1013437,739008,no
rKaHyPar,sat14_SAT_dat.k100-24_1_rule_1.cnf.dual.hgr,no,no,5,2,0.03,0.000804505,415.173,cut,580,580,no
rKaHyPar,sat14_SAT_dat.k100-24_1_rule_1.cnf.dual.hgr,no,no,4,4,0.03,0.00319663,604.266,cut,1746,1740,no
rKaHyPar,sat14_SAT_dat.k100-24_1_rule_1.cnf.dual.hgr,no,no,6,8,0.03,0.0288288,737.29,cut,4138,4122,no
rKaHyPar,sat14_SAT_dat.k75-24_1_rule_3.cnf.hgr,no,no,4,8,0.03,0.0123206,574.787,cut,9312,9312,no
rKaHyPar,sat14_SAT_dat.k75-24_1_rule_3.cnf.hgr,no,no,1,128,0.03,0.0299802,872.876,cut,126107,124077,no
rKaHyPar,sat14_SAT_dat.k75-24_1_rule_3.cnf.primal.hgr,no,no,1,128,0.03,0.0299578,428.425,cut,129764,128736,no
rKaHyPar,sat14_SAT_dat.k80-24_1_rule_1.cnf.dual.hgr,no,no,1,128,0.03,0.0297886,950.633,cut,44132,32160,no
rKaHyPar,soc-sign-epinions.mtx.hgr,no,no,5,2,0.03,0.0299936,53.114,cut,717,717,no
rKaHyPar,soc-sign-epinions.mtx.hgr,no,no,7,32,0.03,0.0296117,153.43,cut,112282,23696,no
rKaHyPar,soc-sign-epinions.mtx.hgr,no,no,4,64,0.03,0.0291262,160.56,cut,170105,24879,no
rKaHyPar,sparsine.mtx.hgr,no,no,5,2,0.03,0.02984,30.2531,cut,19510,19510,no
rKaHyPar,std1_Jac3.mtx.hgr,no,no,4,64,0.03,0.0290698,42.4005,cut,59687,9995,no
rKaHyPar,StocF-1465.mtx.hgr,no,no,7,32,0.03,0.0299655,1735.41,cut,151801,139097,no
rKaHyPar,StocF-1465.mtx.hgr,no,no,8,32,0.03,0.0299873,1783.17,cut,151446,138350,no
rKaHyPar,sat14_E02F22.cnf.dual.hgr,no,yes,1,32,0.03,1,28800,cut,2147483647,2147483647,no
rKaHyPar,sat14_E02F22.cnf.dual.hgr,no,yes,2,32,0.03,1,28800,cut,2147483647,2147483647,no
rKaHyPar,sat14_9vliw_m_9stages_iq3_C1_bug8.cnf.primal.hgr,no,yes,7,4,0.03,1,28800,cut,2147483647,2147483647,no
rKaHyPar,sat14_9vliw_m_9stages_iq3_C1_bug7.cnf.hgr,no,yes,1,8,0.03,1,28800,cut,2147483647,2147483647,no
rKaHyPar,sat14_9vliw_m_9stages_iq3_C1_bug7.cnf.primal.hgr,no,yes,0,4,0.03,1,28800,cut,2147483647,2147483647,no
rKaHyPar,sat14_atco_enc3_opt2_05_21.cnf.hgr,no,no,2,64,0.03,0.0299718,1643.11,cut,61761,56897,no
rKaHyPar,sat14_atco_enc3_opt2_05_21.cnf.hgr,no,no,7,64,0.03,0.0299286,2415.64,cut,64007,58560,no
rKaHyPar,sat14_atco_enc3_opt2_10_12.cnf.hgr,no,no,2,64,0.03,0.0299995,1347.52,cut,57240,54784,no
rKaHyPar,sat14_atco_enc3_opt2_10_14.cnf.dual.hgr,no,no,2,64,0.03,0.0285592,1350.12,cut,30499,12262,no
rKaHyPar,sat14_atco_enc3_opt2_10_12.cnf.hgr,no,no,8,64,0.03,0.0299995,1943.23,cut,60720,57617,no
rKaHyPar,sat14_atco_enc3_opt2_10_14.cnf.dual.hgr,no,no,7,64,0.03,0.0295418,1967.97,cut,29883,12476,no
rKaHyPar,sat14_blocks-blocks-37-1.130-NOTKNOWN.cnf.dual.hgr,no,no,7,32,0.03,0.0299872,9713.24,cut,93825,47126,no
rKaHyPar,sat14_q_query_3_L150_coli.sat.cnf.primal.hgr,no,no,6,8,0.03,0.0299964,3517.57,cut,640545,581472,no
rKaHyPar,sat14_q_query_3_L150_coli.sat.cnf.primal.hgr,no,no,2,16,0.03,0.0299964,1838.81,cut,877593,742534,no
rKaHyPar,sat14_q_query_3_L150_coli.sat.cnf.primal.hgr,no,no,7,32,0.03,0.0299625,2058.43,cut,1390537,1109755,no
rKaHyPar,sat14_blocks-blocks-37-1.130-NOTKNOWN.cnf.dual.hgr,no,no,2,64,0.03,0.0299371,16640,cut,231499,96052,no
rKaHyPar,sat14_q_query_3_L200_coli.sat.cnf.dual.hgr,no,no,0,2,0.03,0.0292947,28621.9,cut,348,348,no
rKaHyPar,sat14_SAT_dat.k100-24_1_rule_1.cnf.primal.hgr,no,no,1,128,0.03,0.0299897,639.479,cut,147983,147393,no
rKaHyPar,sat14_SAT_dat.k100-24_1_rule_2.cnf.dual.hgr,no,no,4,8,0.03,0.00469426,741.34,cut,4135,4123,no
rKaHyPar,sat14_q_query_3_L200_coli.sat.cnf.dual.hgr,no,yes,7,64,0.03,1,28800,cut,2147483647,2147483647,no
rKaHyPar,sat14_SAT_dat.k100-24_1_rule_2.cnf.dual.hgr,no,no,1,128,0.03,0.0299827,1215.71,cut,47622,37626,no
rKaHyPar,sat14_SAT_dat.k100-24_1_rule_2.cnf.hgr,no,no,4,8,0.03,0.0219235,803.291,cut,8730,8730,no
rKaHyPar,scfxm1-2r.mtx.hgr,no,no,5,2,0.03,0.0253548,0.784412,cut,1006,1006,no
rKaHyPar,scfxm1-2r.mtx.hgr,no,no,1,32,0.03,0.0291121,2.9085,cut,2270,2020,no
rKaHyPar,scfxm1-2r.mtx.hgr,no,no,7,32,0.03,0.0286269,2.95028,cut,2258,2018,no
rKaHyPar,shock-9.mtx.hgr,no,no,4,64,0.03,0.0298246,5.31991,cut,3615,3361,no
rKaHyPar,shyy161.mtx.hgr,no,no,4,64,0.03,0.0251046,9.77246,cut,5645,5422,no
rKaHyPar,skirt.mtx.hgr,no,no,4,64,0.03,0.0253807,5.05151,cut,4280,3557,no
rKaHyPar,sls.mtx.hgr,no,no,5,2,0.03,0.0299697,3842.6,cut,780914,780914,no
rKaHyPar,sls.mtx.hgr,no,no,7,32,0.03,0.0295767,1313.04,cut,3001096,1646148,no
rKaHyPar,sat14_q_query_3_L200_coli.sat.cnf.dual.hgr,no,yes,4,128,0.03,1,28800,cut,2147483647,2147483647,no
rKaHyPar,sat14_q_query_3_L200_coli.sat.cnf.hgr,no,yes,0,2,0.03,1,28800,cut,2147483647,2147483647,no
rKaHyPar,sat14_q_query_3_L200_coli.sat.cnf.hgr,no,no,5,2,0.03,0.03,28806.9,cut,165249,165249,no
rKaHyPar,sat14_9vliw_m_9stages_iq3_C1_bug8.cnf.primal.hgr,no,yes,2,32,0.03,1,28800,cut,2147483647,2147483647,no
rKaHyPar,sat14_SAT_dat.k80-24_1_rule_1.cnf.hgr,no,no,1,128,0.03,0.0299945,1390.74,cut,134447,132462,no
rKaHyPar,sat14_SAT_dat.k80-24_1_rule_1.cnf.primal.hgr,no,no,8,64,0.03,0.0299975,613.07,cut,78469,78355,no
rKaHyPar,sat14_atco_enc3_opt2_05_21.cnf.primal.hgr,no,no,2,64,0.03,0.0299711,1434.39,cut,83911,82077,no
rKaHyPar,sat14_atco_enc3_opt2_10_12.cnf.primal.hgr,no,no,0,4,0.03,0.0273208,513.27,cut,3899,3779,no
rKaHyPar,sat14_atco_enc3_opt2_05_21.cnf.primal.hgr,no,no,8,64,0.03,0.0299711,2077.71,cut,85383,84272,no
rKaHyPar,sat14_atco_enc3_opt2_10_14.cnf.hgr,no,no,2,64,0.03,0.029609,1393.45,cut,57286,53969,no
rKaHyPar,sat14_atco_enc3_opt2_10_12.cnf.primal.hgr,no,no,2,64,0.03,0.0253145,1621.98,cut,81742,81014,no
rKaHyPar,sat14_atco_enc3_opt2_10_14.cnf.hgr,no,no,7,64,0.03,0.0299959,1915.28,cut,59480,55200,no
rKaHyPar,sat14_blocks-blocks-37-1.130-NOTKNOWN.cnf.dual.hgr,no,no,7,64,0.03,0.0299746,11105.5,cut,239164,95998,no
rKaHyPar,sat14_blocks-blocks-37-1.130-NOTKNOWN.cnf.dual.hgr,no,no,8,64,0.03,0.0299997,16699.2,cut,201283,96305,no
rKaHyPar,sat14_q_query_3_L200_coli.sat.cnf.dual.hgr,no,no,5,2,0.03,0.0292947,28606.7,cut,348,348,no
rKaHyPar,sat14_q_query_3_L200_coli.sat.cnf.dual.hgr,no,yes,7,32,0.03,1,28800,cut,2147483647,2147483647,no
rKaHyPar,sat14_q_query_3_L200_coli.sat.cnf.dual.hgr,no,yes,8,32,0.03,1,28800,cut,2147483647,2147483647,no
rKaHyPar,sat14_q_query_3_L200_coli.sat.cnf.dual.hgr,no,no,2,8,0.03,1.0157,28921.2,cut,852857,507671,no
rKaHyPar,sat14_q_query_3_L200_coli.sat.cnf.dual.hgr,no,no,4,8,0.03,0.781775,28915.3,cut,1012025,577833,no
rKaHyPar,sat14_q_query_3_L200_coli.sat.cnf.dual.hgr,no,yes,3,64,0.03,1,28800,cut,2147483647,2147483647,no
rKaHyPar,sat14_q_query_3_L200_coli.sat.cnf.hgr,no,no,6,16,0.03,0.0299908,6809.68,cut,954826,725450,no
rKaHyPar,sat14_9vliw_m_9stages_iq3_C1_bug8.cnf.primal.hgr,no,no,4,2,0.03,0.0299973,16161.3,cut,361620,361620,no
rKaHyPar,sat14_q_query_3_L200_coli.sat.cnf.hgr,no,no,7,16,0.03,0.0299908,12738.6,cut,1052190,774030,no
rKaHyPar,sat14_q_query_3_L80_coli.sat.cnf.primal.hgr,no,no,4,4,0.03,0.0299958,679.439,cut,152216,131072,no
rKaHyPar,sat14_q_query_3_L80_coli.sat.cnf.primal.hgr,no,no,6,8,0.03,0.0299799,1604.02,cut,280767,246605,no
rKaHyPar,sat14_9vliw_m_9stages_iq3_C1_bug8.cnf.hgr,no,yes,7,4,0.03,1,28800,cut,2147483647,2147483647,no
rKaHyPar,sat14_9vliw_m_9stages_iq3_C1_bug8.cnf.hgr,no,yes,8,4,0.03,1,28800,cut,2147483647,2147483647,no
rKaHyPar,sat14_9vliw_m_9stages_iq3_C1_bug8.cnf.primal.hgr,no,yes,7,16,0.03,1,28800,cut,2147483647,2147483647,no
rKaHyPar,sat14_atco_enc3_opt2_10_12.cnf.dual.hgr,no,no,2,64,0.03,0.029466,1342.86,cut,29830,12484,no
rKaHyPar,sat14_atco_enc3_opt2_10_12.cnf.dual.hgr,no,no,8,64,0.03,0.0298163,1974.47,cut,29860,12467,no
rKaHyPar,sat14_atco_enc3_opt2_10_12.cnf.primal.hgr,no,no,7,64,0.03,0.027437,1205,cut,78814,78045,no
rKaHyPar,sat14_atco_enc3_opt2_10_12.cnf.primal.hgr,no,no,8,64,0.03,0.028317,1650.27,cut,81062,80307,no
rKaHyPar,sat14_atco_enc3_opt2_10_14.cnf.primal.hgr,no,no,2,64,0.03,0.0290416,1178.92,cut,81751,80895,no
rKaHyPar,sat14_blocks-blocks-37-1.130-NOTKNOWN.cnf.hgr,no,no,2,64,0.03,0.0299651,2341.47,cut,665607,641509,no
rKaHyPar,sat14_blocks-blocks-37-1.130-NOTKNOWN.cnf.dual.hgr,no,no,5,2,0.03,0,3828.71,cut,1481,1481,no
rKaHyPar,sat14_blocks-blocks-37-1.130-NOTKNOWN.cnf.hgr,no,no,7,64,0.03,0.0299651,3193.94,cut,649208,633799,no
rKaHyPar,sat14_q_query_3_L150_coli.sat.cnf.dual.hgr,no,no,7,32,0.03,0.0175062,19224.3,cut,29600,2946,no
rKaHyPar,sat14_E02F22.cnf.dual.hgr,no,yes,1,64,0.03,1,28800,cut,2147483647,2147483647,no
rKaHyPar,sat14_q_query_3_L150_coli.sat.cnf.hgr,no,no,0,2,0.03,0.0299923,9890.11,cut,124208,124208,no
rKaHyPar,sat14_q_query_3_L150_coli.sat.cnf.hgr,no,no,5,2,0.03,0.0299984,12988.3,cut,123957,123957,no
rKaHyPar,sat14_E02F22.cnf.dual.hgr,no,yes,2,64,0.03,1,28800,cut,2147483647,2147483647,no
rKaHyPar,sat14_q_query_3_L150_coli.sat.cnf.hgr,no,no,6,2,0.03,0.0299984,20423.2,cut,123715,123715,no
rKaHyPar,sat14_E02F22.cnf.dual.hgr,no,yes,8,64,0.03,1,28800,cut,2147483647,2147483647,no
rKaHyPar,sat14_E02F22.cnf.hgr,no,no,0,2,0.03,0,25.0503,cut,231,231,no
rKaHyPar,sat14_11pipe_k.cnf.dual.hgr,no,yes,6,4,0.03,1,28800,cut,2147483647,2147483647,no
rKaHyPar,sat14_q_query_3_L150_coli.sat.cnf.hgr,no,no,6,8,0.03,0.026752,10058.1,cut,515412,429274,no
rKaHyPar,sat14_q_query_3_L150_coli.sat.cnf.hgr,no,no,2,32,0.03,0.0299964,4508.03,cut,1118691,833678,no
rKaHyPar,sat14_q_query_3_L150_coli.sat.cnf.hgr,no,no,7,32,0.03,0.0299964,8281.98,cut,1126116,823859,no
rKaHyPar,sat14_11pipe_k.cnf.dual.hgr,no,yes,6,8,0.03,1,28800,cut,2147483647,2147483647,no
rKaHyPar,sat14_blocks-blocks-37-1.130-NOTKNOWN.cnf.hgr,no,no,8,64,0.03,0.0299651,2138.93,cut,648212,632211,no
rKaHyPar,sat14_blocks-blocks-37-1.130-NOTKNOWN.cnf.primal.hgr,no,no,2,64,0.03,0.0299634,3266.37,cut,827774,823201,no
rKaHyPar,sat14_blocks-blocks-37-1.130-NOTKNOWN.cnf.primal.hgr,no,no,7,64,0.03,0.0299634,2369.77,cut,1021798,1019135,no
rKaHyPar,sat14_bob12m09-opt.cnf.dual.hgr,no,no,7,64,0.03,0.0289673,11.5751,cut,7058,2869,no
rKaHyPar,sat14_dated-10-11-u.cnf.dual.hgr,no,no,2,64,0.03,0.0275519,35.8128,cut,15233,8968,no
rKaHyPar,sat14_E02F22.cnf.hgr,no,no,5,4,0.03,0.0299101,242.776,cut,14353,14123,no
rKaHyPar,sat14_E02F22.cnf.hgr,no,no,2,32,0.03,0.0294464,137.478,cut,38820,25854,no
rKaHyPar,sat14_E02F22.cnf.primal.hgr,no,no,5,4,0.03,0.0294638,62.8969,cut,13458,13458,no
rKaHyPar,sat14_E02F22.cnf.primal.hgr,no,no,2,32,0.03,0.0282353,149.379,cut,45959,31339,no
rKaHyPar,sat14_gss-18-s100.cnf.dual.hgr,no,no,5,4,0.03,0.00933469,1.46668,cut,283,231,no
rKaHyPar,sat14_gss-18-s100.cnf.dual.hgr,no,no,6,16,0.03,0.029871,3.02752,cut,1084,566,no
rKaHyPar,sat14_gss-18-s100.cnf.dual.hgr,no,no,2,32,0.03,0.029871,4.09758,cut,1440,697,no
rKaHyPar,sat14_gss-18-s100.cnf.dual.hgr,no,no,1,64,0.03,0.029871,5.48154,cut,1845,875,no
rKaHyPar,sat14_gss-18-s100.cnf.hgr,no,no,5,4,0.03,0.0180462,3.8632,cut,2072,1813,no
rKaHyPar,sat14_gss-18-s100.cnf.hgr,no,no,6,16,0.03,0.0298393,6.69121,cut,4360,3068,no
rKaHyPar,sat14_gss-18-s100.cnf.hgr,no,no,2,32,0.03,0.0295767,8.39747,cut,5637,3690,no
rKaHyPar,sat14_gss-18-s100.cnf.hgr,no,no,1,64,0.03,0.0295617,10.5084,cut,6445,4370,no
rKaHyPar,sat14_blocks-blocks-37-1.130-NOTKNOWN.cnf.primal.hgr,no,no,8,64,0.03,0.0299634,3073.1,cut,812518,807775,no
rKaHyPar,sat14_bob12m09-opt.cnf.hgr,no,no,7,64,0.03,0.0293934,34.6714,cut,45810,37787,no
rKaHyPar,sat14_dated-10-11-u.cnf.hgr,no,no,2,64,0.03,0.0288678,39.0327,cut,25357,24386,no
rKaHyPar,sat14_openstacks-p30_3.085-SAT.cnf.hgr,no,no,8,64,0.03,0.0299532,269.105,cut,203472,191185,no
rKaHyPar,sat14_openstacks-p30_3.085-SAT.cnf.primal.hgr,no,no,8,64,0.03,0.0298124,353.896,cut,331513,329300,no
rKaHyPar,sat14_q_query_3_L100_coli.sat.cnf.dual.hgr,no,no,1,128,0.03,0.0113484,7161.49,cut,78400,3350,no
rKaHyPar,sat14_q_query_3_L150_coli.sat.cnf.dual.hgr,no,no,5,2,0.03,0.0242829,17554.8,cut,335,335,no
rKaHyPar,sat14_q_query_3_L100_coli.sat.cnf.hgr,no,no,6,8,0.03,0.0299981,8040.01,cut,311571,257266,no
rKaHyPar,sat14_q_query_3_L80_coli.sat.cnf.dual.hgr,no,no,2,32,0.03,0.0198772,4039.18,cut,20557,1899,no
rKaHyPar,sat14_q_query_3_L150_coli.sat.cnf.dual.hgr,no,no,6,2,0.03,0.0242829,17047.7,cut,335,335,no
rKaHyPar,sat14_q_query_3_L80_coli.sat.cnf.dual.hgr,no,no,8,32,0.03,0.0198772,4057.88,cut,19450,1898,no
rKaHyPar,sat14_q_query_3_L80_coli.sat.cnf.dual.hgr,no,no,7,64,0.03,0.0204987,3886.48,cut,37085,2344,no
rKaHyPar,sat14_q_query_3_L80_coli.sat.cnf.dual.hgr,no,no,1,128,0.03,0.029205,3910.07,cut,71976,2984,no
rKaHyPar,sat14_q_query_3_L150_coli.sat.cnf.dual.hgr,no,no,6,8,0.03,0.0282687,16092.2,cut,7594,2441,no
rKaHyPar,sat14_velev-vliw-uns-4.0-9.cnf.dual.hgr,no,no,0,2,0.03,0.0105502,15237.1,cut,525,525,no
rKaHyPar,sat14_q_query_3_L150_coli.sat.cnf.dual.hgr,no,no,2,32,0.03,0.0265588,17678.7,cut,31406,2947,no
rKaHyPar,sat14_velev-vliw-uns-4.0-9.cnf.dual.hgr,no,no,5,2,0.03,0.0106251,15353.8,cut,527,527,no
rKaHyPar,sat14_velev-vliw-uns-4.0-9.cnf.dual.hgr,no,no,2,32,0.03,0.0299326,17011.3,cut,47727,8990,no
rKaHyPar,sat14_9vliw_m_9stages_iq3_C1_bug7.cnf.primal.hgr,no,yes,6,4,0.03,1,28800,cut,2147483647,2147483647,no
rKaHyPar,sat14_9vliw_m_9stages_iq3_C1_bug7.cnf.primal.hgr,no,yes,2,8,0.03,1,28800,cut,2147483647,2147483647,no
rKaHyPar,sat14_9vliw_m_9stages_iq3_C1_bug7.cnf.hgr,no,yes,7,8,0.03,1,28800,cut,2147483647,2147483647,no
rKaHyPar,sat14_q_query_3_L200_coli.sat.cnf.hgr,no,no,2,32,0.03,0.0299785,14825.5,cut,1676959,1277815,no
rKaHyPar,sat14_q_query_3_L200_coli.sat.cnf.hgr,no,no,8,32,0.03,0.0299785,9889.88,cut,1639969,1182993,no
rKaHyPar,sat14_q_query_3_L200_coli.sat.cnf.hgr,no,no,7,64,0.03,0.0299547,11841.4,cut,2559383,1821862,no
rKaHyPar,sat14_q_query_3_L200_coli.sat.cnf.primal.hgr,no,no,0,2,0.03,0.0220103,995.062,cut,207450,207450,no
rKaHyPar,sat14_q_query_3_L200_coli.sat.cnf.primal.hgr,no,no,6,2,0.03,0.0226155,1097.16,cut,207468,207468,no
rKaHyPar,sls.mtx.hgr,no,no,4,64,0.03,0.0295617,1576,cut,3841590,1664694,no
rKaHyPar,sme3Db.mtx.hgr,no,no,5,2,0.03,0.019678,1.23191,cut,591,591,no
rKaHyPar,sme3Db.mtx.hgr,no,no,7,32,0.03,0.0231023,7.24901,cut,32880,14373,no
rKaHyPar,sme3Db.mtx.hgr,no,no,4,64,0.03,0.0285714,8.82461,cut,60650,18819,no
rKaHyPar,Trec14.mtx.hgr,no,no,7,16,0.03,0.0180905,170.668,cut,39213,3116,no
rKaHyPar,Trec14.mtx.hgr,no,no,2,32,0.03,0.0060241,169.94,cut,78970,3136,no
rKaHyPar,sat14_q_query_3_L200_coli.sat.cnf.hgr,no,no,4,128,0.03,0.0299533,6727.98,cut,3408686,2208061,no
rKaHyPar,Trec14.mtx.hgr,no,no,8,32,0.03,0.00200803,168.789,cut,81006,3136,no
rKaHyPar,us04.mtx.hgr,no,no,2,32,0.03,0.0296804,15.7124,cut,2784,124,no
rKaHyPar,us04.mtx.hgr,no,no,8,32,0.03,0.0273973,12.497,cut,2839,125,no
rKaHyPar,us04.mtx.hgr,no,no,4,64,0.03,0,14.1383,cut,5718,132,no
rKaHyPar,venkat01.mtx.hgr,no,no,4,64,0.03,0.0286885,6.07848,cut,11744,10688,no
rKaHyPar,viscoplastic2.mtx.hgr,no,no,4,64,0.03,0.0292398,13.6445,cut,28655,17568,no
rKaHyPar,viscorocks.mtx.hgr,no,no,4,64,0.03,0.0270728,15.3036,cut,21032,10000,no
rKaHyPar,wang4.mtx.hgr,no,no,4,64,0.03,0.0245098,11.7602,cut,14066,10413,no
rKaHyPar,water_tank.mtx.hgr,no,no,4,64,0.03,0.0294737,31.3208,cut,33208,23791,no
rKaHyPar,xenon2.mtx.hgr,no,no,2,32,0.03,0.029872,39.22,cut,50483,33020,no
rKaHyPar,Zhao2.mtx.hgr,no,no,4,64,0.03,0.0283019,10.8008,cut,12780,9916,no
rKaHyPar,sat14_q_query_3_L200_coli.sat.cnf.primal.hgr,no,no,5,2,0.03,0,821.156,cut,256784,256784,no
rKaHyPar,sat14_9vliw_m_9stages_iq3_C1_bug7.cnf.primal.hgr,no,no,2,16,0.03,0.438137,28881.6,cut,13503012,11077117,no
rKaHyPar,sat14_9vliw_m_9stages_iq3_C1_bug7.cnf.primal.hgr,no,yes,3,16,0.03,1,28800,cut,2147483647,2147483647,no
rKaHyPar,sat14_9vliw_m_9stages_iq3_C1_bug8.cnf.hgr,no,yes,9,16,0.03,1,28800,cut,2147483647,2147483647,no
rKaHyPar,sat14_9vliw_m_9stages_iq3_C1_bug8.cnf.hgr,no,yes,2,32,0.03,1,28800,cut,2147483647,2147483647,no
rKaHyPar,sat14_q_query_3_L200_coli.sat.cnf.primal.hgr,no,no,2,8,0.03,0.0299908,7179.77,cut,741503,652790,no
rKaHyPar,sat14_q_query_3_L200_coli.sat.cnf.primal.hgr,no,no,4,8,0.03,0.0299908,7711.82,cut,800051,698714,no
rKaHyPar,sat14_q_query_3_L200_coli.sat.cnf.primal.hgr,no,no,6,8,0.03,0.029955,10009.6,cut,727214,640209,no
rKaHyPar,sat14_q_query_3_L200_coli.sat.cnf.primal.hgr,no,no,7,8,0.03,0.0299908,11236.7,cut,908861,833695,no
rKaHyPar,sat14_q_query_3_L200_coli.sat.cnf.primal.hgr,no,no,6,16,0.03,0.0299785,4600.44,cut,1264444,1079752,no
rKaHyPar,sat14_q_query_3_L200_coli.sat.cnf.primal.hgr,no,no,7,16,0.03,0.0299785,7640.16,cut,1291527,1114548,no
rKaHyPar,sat14_q_query_3_L200_coli.sat.cnf.primal.hgr,no,no,2,32,0.03,0.0299547,6412.71,cut,2037850,1705446,no
rKaHyPar,sat14_q_query_3_L200_coli.sat.cnf.primal.hgr,no,no,8,32,0.03,0.0299547,6882.88,cut,2079963,1624244,no
rKaHyPar,sat14_q_query_3_L200_coli.sat.cnf.primal.hgr,no,no,7,64,0.03,0.0299533,4316.63,cut,2810368,2099552,no
rKaHyPar,sat14_q_query_3_L200_coli.sat.cnf.primal.hgr,no,no,8,64,0.03,0.0299533,5274.03,cut,2762095,2066807,no
rKaHyPar,sat14_q_query_3_L200_coli.sat.cnf.primal.hgr,no,no,4,128,0.03,0.0299504,3762.26,cut,3391154,2359416,no
rKaHyPar,sat14_q_query_3_L80_coli.sat.cnf.dual.hgr,no,no,0,2,0.03,0,3784.49,cut,367,367,no
rKaHyPar,sat14_q_query_3_L80_coli.sat.cnf.dual.hgr,no,no,5,2,0.03,0,3118.94,cut,369,369,no
rKaHyPar,sat14_q_query_3_L80_coli.sat.cnf.dual.hgr,no,no,6,2,0.03,0,3879.56,cut,367,367,no
rKaHyPar,sat14_q_query_3_L80_coli.sat.cnf.dual.hgr,no,no,4,4,0.03,0.0298334,3445.19,cut,1816,1114,no
rKaHyPar,sat14_SAT_dat.k100-24_1_rule_2.cnf.hgr,no,no,1,128,0.03,0.0299984,1353.92,cut,147510,145795,no
rKaHyPar,sat14_SAT_dat.k100-24_1_rule_2.cnf.primal.hgr,no,no,7,32,0.03,0.0299921,583.466,cut,45516,45510,no
rKaHyPar,sat14_q_query_3_L80_coli.sat.cnf.dual.hgr,no,no,1,8,0.03,0.0295866,3908.24,cut,5170,1513,no
rKaHyPar,sat14_SAT_dat.k100-24_1_rule_2.cnf.primal.hgr,no,no,1,128,0.03,0.0299921,645.441,cut,147212,146648,no
rKaHyPar,sat14_SAT_dat.k70-24_1_rule_1.cnf.dual.hgr,no,no,5,2,0.03,0.00548322,264.17,cut,580,580,no
rKaHyPar,sat14_velev-vliw-uns-4.0-9.cnf.dual.hgr,no,no,7,32,0.03,0.0298797,13148.4,cut,45309,8825,no
rKaHyPar,sat14_velev-vliw-uns-4.0-9.cnf.dual.hgr,no,no,8,32,0.03,0.0296857,13262,cut,44805,9075,no
rKaHyPar,sat14_velev-vliw-uns-4.0-9.cnf.dual.hgr,no,no,3,128,0.03,0.0299845,12282.7,cut,133714,18471,no
rKaHyPar,sat14_velev-vliw-uns-4.0-9.cnf.hgr,no,no,0,2,0.03,0.0299968,362.2,cut,71942,71942,no
rKaHyPar,sat14_velev-vliw-uns-2.0-uq5.cnf.dual.hgr,no,no,7,16,0.03,0.0299982,28402.1,cut,16253,3820,no
rKaHyPar,sat14_velev-vliw-uns-2.0-uq5.cnf.dual.hgr,no,no,2,32,0.03,0.317773,28571.3,cut,57671,34672,no
rKaHyPar,sat14_velev-vliw-uns-2.0-uq5.cnf.dual.hgr,no,yes,6,32,0.03,1,28800,cut,2147483647,2147483647,no
rKaHyPar,sat14_SAT_dat.k85-24_1_rule_2.cnf.primal.hgr,no,no,1,128,0.03,0.0299368,706.923,cut,134573,133905,no
rKaHyPar,sat14_SAT_dat.k85-24_1_rule_2.cnf.hgr,no,no,1,128,0.03,0.0299613,1094.12,cut,137381,135868,no
rKaHyPar,sat14_SAT_dat.k90.debugged.cnf.dual.hgr,no,no,4,8,0.03,0.0222183,913.199,cut,4123,4081,no
rKaHyPar,sat14_SAT_dat.k85-24_1_rule_3.cnf.primal.hgr,no,no,1,128,0.03,0.0299368,542.958,cut,134806,134150,no
rKaHyPar,sat14_SAT_dat.k90.debugged.cnf.primal.hgr,no,no,6,8,0.03,0.0299947,484.976,cut,8477,8477,no
rKaHyPar,sat14_SAT_dat.k90.debugged.cnf.hgr,no,no,6,8,0.03,0.0173538,692.142,cut,8439,8439,no
rKaHyPar,sparsine.mtx.hgr,no,no,7,32,0.03,0.028151,75.4642,cut,206119,44954,no
rKaHyPar,spmsrtls.mtx.hgr,no,no,4,64,0.03,0.0021322,2.70022,cut,378,378,no
rKaHyPar,sparsine.mtx.hgr,no,no,4,64,0.03,0.0294118,79.4734,cut,346879,46981,no
rKaHyPar,spmsrtls.mtx.hgr,no,no,5,2,0.03,0,0.389835,cut,6,6,no
rKaHyPar,spmsrtls.mtx.hgr,no,no,7,32,0.03,0,2.55153,cut,186,186,no
rKaHyPar,Stanford.mtx.hgr,no,no,8,32,0.03,0.0288309,671.311,cut,4968,2022,no
rKaHyPar,Stanford.mtx.hgr,no,no,4,64,0.03,0.0292849,660.059,cut,8503,3608,no
rKaHyPar,std1_Jac3.mtx.hgr,no,no,8,32,0.03,0.0276565,41.6589,cut,31503,9494,no
rKaHyPar,Trefethen_20000.mtx.hgr,no,no,1,8,0.03,0.03,13.9595,cut,71203,18819,no
rKaHyPar,Trefethen_20000.mtx.hgr,no,no,7,16,0.03,0.0272,15.0756,cut,126029,19352,no
rKaHyPar,Trefethen_20000.mtx.hgr,no,no,2,32,0.03,0.024,15.545,cut,199022,19629,no
rKaHyPar,Trefethen_20000.mtx.hgr,no,no,8,32,0.03,0.0256,15.1885,cut,194155,19593,no
rKaHyPar,Trefethen_20000.mtx.hgr,no,no,1,64,0.03,0.0191693,15.5616,cut,275392,19753,no
rKaHyPar,Trefethen_20000.mtx.hgr,no,no,2,64,0.03,0.0223642,16.0731,cut,277647,19773,no
rKaHyPar,StocF-1465.mtx.hgr,no,no,4,64,0.03,0.0299655,1455.84,cut,223357,195781,no
rKaHyPar,Trefethen_20000.mtx.hgr,no,no,4,64,0.03,0.0191693,16.8652,cut,271047,19763,no
rKaHyPar,stokes128.mtx.hgr,no,no,7,32,0.03,0.0270444,12.0601,cut,9020,6256,no
rKaHyPar,stokes128.mtx.hgr,no,no,8,32,0.03,0.0276883,11.6597,cut,9332,6248,no
rKaHyPar,us04.mtx.hgr,no,no,1,64,0.03,0,14.5737,cut,5617,132,no
rKaHyPar,usroads.mtx.hgr,no,no,4,64,0.03,0.0292224,14.1483,cut,2450,2350,no
rKaHyPar,vibrobox.mtx.hgr,no,no,4,64,0.03,0.0259067,9.84202,cut,40136,7622,no
rKaHyPar,wathen120.mtx.hgr,no,no,4,64,0.03,0.0263158,13.5068,cut,14452,7388,no
rKaHyPar,waveguide3D.mtx.hgr,no,no,4,64,0.03,0.0243161,12.2212,cut,19725,9673,no
rKaHyPar,TSOPF_FS_b162_c3.mtx.hgr,no,no,0,2,0.03,0.0259108,135.89,cut,7575,7575,no
rKaHyPar,TSOPF_FS_b162_c3.mtx.hgr,no,no,1,8,0.03,0.0135065,147.359,cut,45435,13650,no
rKaHyPar,TSOPF_FS_b162_c3.mtx.hgr,no,no,2,32,0.03,0.026999,140.759,cut,170658,15196,no
rKaHyPar,wb-edu.mtx.hgr,no,no,4,64,0.03,0.0299662,3702.07,cut,281460,108576,no
rKaHyPar,webbase-1M.mtx.hgr,no,no,2,32,0.03,0.029983,2576.33,cut,13693,7624,no
rKaHyPar,sat14_SAT_dat.k85-24_1_rule_3.cnf.dual.hgr,no,no,1,128,0.03,0.0293238,1033.03,cut,44554,34556,no
rKaHyPar,sat14_SAT_dat.k85-24_1_rule_3.cnf.hgr,no,no,1,128,0.03,0.0299613,1509.71,cut,135345,133987,no
rKaHyPar,sat14_SAT_dat.k90.debugged.cnf.dual.hgr,no,no,6,8,0.03,0.0217396,640.31,cut,4134,4081,no
rKaHyPar,sat14_SAT_dat.k90.debugged.cnf.hgr,no,no,4,8,0.03,0.0126354,966.974,cut,9021,9021,no
rKaHyPar,sat14_SAT_dat.k95-24_1_rule_3.cnf.dual.hgr,no,no,6,8,0.03,0.00933572,929.939,cut,4103,4060,no
rKaHyPar,sat14_transport-transport-city-sequential-25nodes-1000size-3degree-100mindistance-3trucks-10packages-2008seed.030-NOTKNOWN.cnf.dual.hgr,no,no,6,8,0.03,0.029995,1477.61,cut,7927,6212,no
rKaHyPar,sat14_transport-transport-city-sequential-25nodes-1000size-3degree-100mindistance-3trucks-10packages-2008seed.050-NOTKNOWN.cnf.dual.hgr,no,no,1,128,0.03,0.0299722,4169.39,cut,352308,173196,no
rKaHyPar,sat14_q_query_3_L200_coli.sat.cnf.dual.hgr,no,yes,2,16,0.03,1,28800,cut,2147483647,2147483647,no
rKaHyPar,sat14_q_query_3_L200_coli.sat.cnf.dual.hgr,no,no,6,16,0.03,1.23487,28986.6,cut,2345340,516996,no
rKaHyPar,sat14_q_query_3_L200_coli.sat.cnf.dual.hgr,no,no,7,16,0.03,1.28914,28988.3,cut,2485173,515666,no
rKaHyPar,sat14_9vliw_m_9stages_iq3_C1_bug8.cnf.primal.hgr,no,yes,3,8,0.03,1,28800,cut,2147483647,2147483647,no
rKaHyPar,sat14_9vliw_m_9stages_iq3_C1_bug7.cnf.dual.hgr,no,yes,8,64,0.03,1,28800,cut,2147483647,2147483647,no
rKaHyPar,sat14_9vliw_m_9stages_iq3_C1_bug7.cnf.primal.hgr,no,no,2,64,0.03,0.50264,28889.4,cut,17665414,12668406,no
rKaHyPar,sat14_9vliw_m_9stages_iq3_C1_bug7.cnf.primal.hgr,no,yes,3,64,0.03,1,28800,cut,2147483647,2147483647,no
rKaHyPar,sat14_9vliw_m_9stages_iq3_C1_bug7.cnf.dual.hgr,no,yes,0,4,0.03,1,28800,cut,2147483647,2147483647,no
rKaHyPar,sat14_9vliw_m_9stages_iq3_C1_bug7.cnf.dual.hgr,no,yes,2,32,0.03,1,28800,cut,2147483647,2147483647,no
rKaHyPar,sat14_9vliw_m_9stages_iq3_C1_bug8.cnf.primal.hgr,no,no,5,4,0.03,0.0299935,28846.9,cut,1872491,1818613,no
rKaHyPar,webbase-1M.mtx.hgr,no,no,4,64,0.03,0.0299501,2126.49,cut,35036,24726,no
rKaHyPar,xenon2.mtx.hgr,no,no,4,64,0.03,0.0296627,32.6907,cut,82305,44479,no
rKaHyPar,trans4.mtx.hgr,no,yes,4,4,0.03,1,28800,cut,2147483647,2147483647,no
rKaHyPar,trans4.mtx.hgr,no,yes,0,8,0.03,1,28800,cut,2147483647,2147483647,no
rKaHyPar,trans4.mtx.hgr,no,yes,1,8,0.03,1,28800,cut,2147483647,2147483647,no
rKaHyPar,sat14_SAT_dat.k80-24_1_rule_1.cnf.primal.hgr,no,no,1,128,0.03,0.0299466,480.625,cut,135385,134666,no
rKaHyPar,sat14_SAT_dat.k85-24_1_rule_2.cnf.dual.hgr,no,no,1,128,0.03,0.0296797,1520.49,cut,44592,34243,no
rKaHyPar,sat14_q_query_3_L200_coli.sat.cnf.hgr,no,no,0,4,0.03,0.0299999,20398.4,cut,362022,283267,no
rKaHyPar,sat14_velev-vliw-uns-4.0-9.cnf.hgr,no,no,8,32,0.03,0.0299401,713.007,cut,869907,546591,no
rKaHyPar,sat14_q_query_3_L200_coli.sat.cnf.hgr,no,no,4,4,0.03,0.029997,28549.8,cut,380269,301155,no
rKaHyPar,sat14_q_query_3_L200_coli.sat.cnf.dual.hgr,no,yes,2,32,0.03,1,28800,cut,2147483647,2147483647,no
rKaHyPar,sat14_q_query_3_L200_coli.sat.cnf.dual.hgr,no,yes,1,32,0.03,1,28800,cut,2147483647,2147483647,no
rKaHyPar,sat14_q_query_3_L200_coli.sat.cnf.dual.hgr,no,yes,4,32,0.03,1,28800,cut,2147483647,2147483647,no
rKaHyPar,trans4.mtx.hgr,no,yes,2,32,0.03,1,28800,cut,2147483647,2147483647,no
